1
392.00,181.00,434.00,181.00,434.00,223.00,392.00,223.00
392.00,181.00,435.00,181.00,435.00,224.00,392.00,224.00
391.00,181.00,435.00,181.00,435.00,224.00,391.00,224.00
392.00,180.00,435.00,180.00,435.00,224.00,392.00,224.00
394.00,179.00,436.00,179.00,436.00,225.00,394.00,225.00
394.00,179.00,436.00,179.00,436.00,225.00,394.00,225.00
394.00,180.00,435.00,180.00,435.00,224.00,394.00,224.00
394.00,180.00,436.00,180.00,436.00,225.00,394.00,225.00
396.00,180.00,437.00,180.00,437.00,224.00,396.00,224.00
395.00,179.00,437.00,179.00,437.00,224.00,395.00,224.00
394.00,179.00,436.00,179.00,436.00,224.00,394.00,224.00
395.00,180.00,436.00,180.00,436.00,224.00,395.00,224.00
394.00,180.00,437.00,180.00,437.00,224.00,394.00,224.00
395.00,180.00,437.00,180.00,437.00,224.00,395.00,224.00
395.00,179.00,437.00,179.00,437.00,224.00,395.00,224.00
394.00,179.00,436.00,179.00,436.00,223.00,394.00,223.00
393.00,179.00,435.00,179.00,435.00,223.00,393.00,223.00
393.00,178.00,435.00,178.00,435.00,222.00,393.00,222.00
393.00,177.00,436.00,177.00,436.00,222.00,393.00,222.00
393.00,177.00,435.00,177.00,435.00,221.00,393.00,221.00
392.00,177.00,435.00,177.00,435.00,221.00,392.00,221.00
392.00,177.00,436.00,177.00,436.00,222.00,392.00,222.00
392.00,178.00,436.00,178.00,436.00,222.00,392.00,222.00
392.00,178.00,436.00,178.00,436.00,222.00,392.00,222.00
393.00,178.00,436.00,178.00,436.00,221.00,393.00,221.00
392.00,178.00,436.00,178.00,436.00,222.00,392.00,222.00
393.00,179.00,437.00,179.00,437.00,221.00,393.00,221.00
395.00,181.00,437.00,181.00,437.00,220.00,395.00,220.00
394.00,180.00,436.00,180.00,436.00,222.00,394.00,222.00
393.00,179.00,435.00,179.00,435.00,220.00,393.00,220.00
395.00,179.00,438.00,179.00,438.00,219.00,395.00,219.00
394.00,180.00,437.00,180.00,437.00,220.00,394.00,220.00
394.00,180.00,437.00,180.00,437.00,220.00,394.00,220.00
394.00,180.00,438.00,180.00,438.00,221.00,394.00,221.00
395.00,181.00,438.00,181.00,438.00,221.00,395.00,221.00
395.00,181.00,439.00,181.00,439.00,220.00,395.00,220.00
396.00,182.00,441.00,182.00,441.00,222.00,396.00,222.00
395.00,182.00,440.00,182.00,440.00,221.00,395.00,221.00
396.00,182.00,441.00,182.00,441.00,222.00,396.00,222.00
395.00,181.00,439.00,181.00,439.00,222.00,395.00,222.00
396.00,182.00,439.00,182.00,439.00,223.00,396.00,223.00
395.00,182.00,438.00,182.00,438.00,224.00,395.00,224.00
394.00,183.00,436.00,183.00,436.00,223.00,394.00,223.00
394.00,182.00,436.00,182.00,436.00,223.00,394.00,223.00
394.00,183.00,436.00,183.00,436.00,224.00,394.00,224.00
392.00,184.00,434.00,184.00,434.00,223.00,392.00,223.00
392.00,184.00,435.00,184.00,435.00,223.00,392.00,223.00
392.00,185.00,434.00,185.00,434.00,223.00,392.00,223.00
391.00,184.00,432.00,184.00,432.00,223.00,391.00,223.00
391.00,184.00,432.00,184.00,432.00,222.00,391.00,222.00
391.00,184.00,431.00,184.00,431.00,222.00,391.00,222.00
390.00,183.00,430.00,183.00,430.00,220.00,390.00,220.00
391.00,183.00,432.00,183.00,432.00,222.00,391.00,222.00
390.00,183.00,429.00,183.00,429.00,221.00,390.00,221.00
392.00,183.00,429.00,183.00,429.00,221.00,392.00,221.00
391.00,183.00,428.00,183.00,428.00,222.00,391.00,222.00
391.00,184.00,428.00,184.00,428.00,222.00,391.00,222.00
390.00,184.00,427.00,184.00,427.00,222.00,390.00,222.00
390.00,184.00,426.00,184.00,426.00,222.00,390.00,222.00
391.00,185.00,429.00,185.00,429.00,223.00,391.00,223.00
390.00,186.00,428.00,186.00,428.00,224.00,390.00,224.00
389.00,186.00,428.00,186.00,428.00,224.00,389.00,224.00
389.00,187.00,428.00,187.00,428.00,224.00,389.00,224.00
389.00,187.00,427.00,187.00,427.00,224.00,389.00,224.00
390.00,188.00,428.00,188.00,428.00,224.00,390.00,224.00
388.00,187.00,427.00,187.00,427.00,224.00,388.00,224.00
386.00,186.00,426.00,186.00,426.00,224.00,386.00,224.00
386.00,186.00,425.00,186.00,425.00,224.00,386.00,224.00
385.00,186.00,425.00,186.00,425.00,225.00,385.00,225.00
385.00,186.00,425.00,186.00,425.00,225.00,385.00,225.00
385.00,186.00,425.00,186.00,425.00,225.00,385.00,225.00
383.00,186.00,422.00,186.00,422.00,225.00,383.00,225.00
383.00,187.00,423.00,187.00,423.00,226.00,383.00,226.00
380.00,186.00,421.00,186.00,421.00,227.00,380.00,227.00
380.00,186.00,422.00,186.00,422.00,226.00,380.00,226.00
380.00,187.00,420.00,187.00,420.00,226.00,380.00,226.00
379.00,187.00,418.00,187.00,418.00,227.00,379.00,227.00
378.00,186.00,418.00,186.00,418.00,226.00,378.00,226.00
378.00,187.00,417.00,187.00,417.00,227.00,378.00,227.00
376.00,186.00,415.00,186.00,415.00,226.00,376.00,226.00
376.00,187.00,416.00,187.00,416.00,227.00,376.00,227.00
375.00,187.00,415.00,187.00,415.00,227.00,375.00,227.00
374.00,187.00,414.00,187.00,414.00,227.00,374.00,227.00
374.00,187.00,413.00,187.00,413.00,225.00,374.00,225.00
373.00,188.00,413.00,188.00,413.00,227.00,373.00,227.00
370.00,188.00,412.00,188.00,412.00,227.00,370.00,227.00
368.00,188.00,410.00,188.00,410.00,226.00,368.00,226.00
369.00,189.00,410.00,189.00,410.00,228.00,369.00,228.00
367.00,189.00,408.00,189.00,408.00,227.00,367.00,227.00
366.00,188.00,407.00,188.00,407.00,228.00,366.00,228.00
366.00,188.00,406.00,188.00,406.00,228.00,366.00,228.00
365.00,188.00,406.00,188.00,406.00,227.00,365.00,227.00
364.00,188.00,404.00,188.00,404.00,227.00,364.00,227.00
363.00,189.00,404.00,189.00,404.00,227.00,363.00,227.00
362.00,189.00,403.00,189.00,403.00,228.00,362.00,228.00
361.00,188.00,402.00,188.00,402.00,228.00,361.00,228.00
360.00,189.00,402.00,189.00,402.00,229.00,360.00,229.00
357.00,189.00,400.00,189.00,400.00,230.00,357.00,230.00
355.00,189.00,398.00,189.00,398.00,231.00,355.00,231.00
355.00,189.00,398.00,189.00,398.00,231.00,355.00,231.00
353.00,190.00,396.00,190.00,396.00,231.00,353.00,231.00
353.00,190.00,395.00,190.00,395.00,231.00,353.00,231.00
353.00,190.00,394.00,190.00,394.00,231.00,353.00,231.00
351.00,191.00,394.00,191.00,394.00,232.00,351.00,232.00
349.00,191.00,391.00,191.00,391.00,232.00,349.00,232.00
348.00,191.00,390.00,191.00,390.00,232.00,348.00,232.00
346.00,190.00,388.00,190.00,388.00,233.00,346.00,233.00
343.00,191.00,386.00,191.00,386.00,234.00,343.00,234.00
342.00,192.00,386.00,192.00,386.00,235.00,342.00,235.00
342.00,193.00,385.00,193.00,385.00,236.00,342.00,236.00
342.00,194.00,385.00,194.00,385.00,236.00,342.00,236.00
341.00,194.00,383.00,194.00,383.00,236.00,341.00,236.00
341.00,194.00,382.00,194.00,382.00,236.00,341.00,236.00
342.00,195.00,383.00,195.00,383.00,237.00,342.00,237.00
337.00,194.00,379.00,194.00,379.00,236.00,337.00,236.00
336.00,194.00,379.00,194.00,379.00,236.00,336.00,236.00
334.00,194.00,377.00,194.00,377.00,236.00,334.00,236.00
334.00,194.00,377.00,194.00,377.00,236.00,334.00,236.00
333.00,194.00,375.00,194.00,375.00,237.00,333.00,237.00
331.00,195.00,374.00,195.00,374.00,237.00,331.00,237.00
327.00,195.00,372.00,195.00,372.00,237.00,327.00,237.00
328.00,197.00,370.00,197.00,370.00,239.00,328.00,239.00
325.00,197.00,368.00,197.00,368.00,239.00,325.00,239.00
320.00,195.00,366.00,195.00,366.00,239.00,320.00,239.00
319.00,195.00,365.00,195.00,365.00,239.00,319.00,239.00
318.00,195.00,364.00,195.00,364.00,238.00,318.00,238.00
318.00,195.00,363.00,195.00,363.00,238.00,318.00,238.00
318.00,196.00,363.00,196.00,363.00,240.00,318.00,240.00
316.00,195.00,362.00,195.00,362.00,240.00,316.00,240.00
314.00,195.00,360.00,195.00,360.00,240.00,314.00,240.00
313.00,195.00,359.00,195.00,359.00,240.00,313.00,240.00
311.00,196.00,357.00,196.00,357.00,242.00,311.00,242.00
308.00,196.00,356.00,196.00,356.00,244.00,308.00,244.00
306.00,196.00,354.00,196.00,354.00,243.00,306.00,243.00
305.00,196.00,353.00,196.00,353.00,242.00,305.00,242.00
302.00,196.00,350.00,196.00,350.00,243.00,302.00,243.00
303.00,196.00,351.00,196.00,351.00,242.00,303.00,242.00
301.00,197.00,347.00,197.00,347.00,243.00,301.00,243.00
301.00,198.00,347.00,198.00,347.00,244.00,301.00,244.00
299.00,197.00,346.00,197.00,346.00,243.00,299.00,243.00
298.00,197.00,346.00,197.00,346.00,243.00,298.00,243.00
294.00,196.00,343.00,196.00,343.00,243.00,294.00,243.00
294.00,196.00,346.00,196.00,346.00,243.00,294.00,243.00
291.00,196.00,343.00,196.00,343.00,244.00,291.00,244.00
287.00,196.00,341.00,196.00,341.00,243.00,287.00,243.00
286.00,196.00,339.00,196.00,339.00,243.00,286.00,243.00
282.00,196.00,335.00,196.00,335.00,244.00,282.00,244.00
278.00,197.00,331.00,197.00,331.00,246.00,278.00,246.00
277.00,197.00,330.00,197.00,330.00,246.00,277.00,246.00
274.00,197.00,327.00,197.00,327.00,246.00,274.00,246.00
275.00,197.00,327.00,197.00,327.00,246.00,275.00,246.00
273.00,197.00,325.00,197.00,325.00,245.00,273.00,245.00
270.00,197.00,323.00,197.00,323.00,246.00,270.00,246.00
268.00,197.00,324.00,197.00,324.00,247.00,268.00,247.00
268.00,196.00,322.00,196.00,322.00,247.00,268.00,247.00
264.00,197.00,318.00,197.00,318.00,247.00,264.00,247.00
259.00,197.00,314.00,197.00,314.00,247.00,259.00,247.00
256.00,197.00,311.00,197.00,311.00,248.00,256.00,248.00
254.00,198.00,308.00,198.00,308.00,249.00,254.00,249.00
252.00,198.00,305.00,198.00,305.00,249.00,252.00,249.00
251.00,197.00,305.00,197.00,305.00,248.00,251.00,248.00
248.00,196.00,302.00,196.00,302.00,248.00,248.00,248.00
247.00,197.00,299.00,197.00,299.00,249.00,247.00,249.00
247.00,197.00,299.00,197.00,299.00,248.00,247.00,248.00
247.00,197.00,298.00,197.00,298.00,247.00,247.00,247.00
239.00,195.00,295.00,195.00,295.00,247.00,239.00,247.00
239.00,196.00,294.00,196.00,294.00,248.00,239.00,248.00
235.00,196.00,291.00,196.00,291.00,249.00,235.00,249.00
234.00,196.00,289.00,196.00,289.00,248.00,234.00,248.00
233.00,196.00,289.00,196.00,289.00,249.00,233.00,249.00
226.00,196.00,282.00,196.00,282.00,248.00,226.00,248.00
221.00,196.00,280.00,196.00,280.00,247.00,221.00,247.00
220.00,197.00,279.00,197.00,279.00,248.00,220.00,248.00
220.00,197.00,277.00,197.00,277.00,248.00,220.00,248.00
216.00,197.00,275.00,197.00,275.00,247.00,216.00,247.00
215.00,197.00,274.00,197.00,274.00,247.00,215.00,247.00
211.00,197.00,273.00,197.00,273.00,247.00,211.00,247.00
210.00,198.00,271.00,198.00,271.00,249.00,210.00,249.00
212.00,198.00,270.00,198.00,270.00,249.00,212.00,249.00
209.00,199.00,268.00,199.00,268.00,250.00,209.00,250.00
204.00,198.00,265.00,198.00,265.00,250.00,204.00,250.00
198.00,198.00,262.00,198.00,262.00,249.00,198.00,249.00
201.00,198.00,261.00,198.00,261.00,250.00,201.00,250.00
200.00,197.00,260.00,197.00,260.00,251.00,200.00,251.00
204.00,198.00,261.00,198.00,261.00,251.00,204.00,251.00
198.00,197.00,257.00,197.00,257.00,251.00,198.00,251.00
192.00,197.00,252.00,197.00,252.00,252.00,192.00,252.00
194.00,196.00,253.00,196.00,253.00,253.00,194.00,253.00
188.00,197.00,249.00,197.00,249.00,254.00,188.00,254.00
184.00,199.00,246.00,199.00,246.00,255.00,184.00,255.00
180.00,198.00,242.00,198.00,242.00,255.00,180.00,255.00
176.00,200.00,240.00,200.00,240.00,258.00,176.00,258.00
171.00,201.00,237.00,201.00,237.00,260.00,171.00,260.00
167.00,202.00,233.00,202.00,233.00,260.00,167.00,260.00
164.00,202.00,228.00,202.00,228.00,259.00,164.00,259.00
158.00,204.00,226.00,204.00,226.00,263.00,158.00,263.00
157.00,203.00,224.00,203.00,224.00,260.00,157.00,260.00
157.00,202.00,223.00,202.00,223.00,259.00,157.00,259.00
150.00,203.00,218.00,203.00,218.00,260.00,150.00,260.00
150.00,204.00,217.00,204.00,217.00,260.00,150.00,260.00
146.00,205.00,213.00,205.00,213.00,259.00,146.00,259.00
145.00,205.00,212.00,205.00,212.00,260.00,145.00,260.00
143.00,206.00,210.00,206.00,210.00,260.00,143.00,260.00
140.00,206.00,204.00,206.00,204.00,261.00,140.00,261.00
137.00,207.00,201.00,207.00,201.00,261.00,137.00,261.00
132.00,208.00,195.00,208.00,195.00,263.00,132.00,263.00
132.00,207.00,195.00,207.00,195.00,263.00,132.00,263.00
131.00,206.00,194.00,206.00,194.00,262.00,131.00,262.00
126.00,206.00,188.00,206.00,188.00,262.00,126.00,262.00
124.00,205.00,185.00,205.00,185.00,262.00,124.00,262.00
124.00,204.00,184.00,204.00,184.00,264.00,124.00,264.00
123.00,203.00,183.00,203.00,183.00,263.00,123.00,263.00
120.00,203.00,181.00,203.00,181.00,263.00,120.00,263.00
118.00,202.00,180.00,202.00,180.00,261.00,118.00,261.00
114.00,203.00,178.00,203.00,178.00,262.00,114.00,262.00
112.00,203.00,177.00,203.00,177.00,263.00,112.00,263.00
109.00,202.00,175.00,202.00,175.00,261.00,109.00,261.00
108.00,202.00,173.00,202.00,173.00,259.00,108.00,259.00
101.00,202.00,169.00,202.00,169.00,260.00,101.00,260.00
94.00,203.00,163.00,203.00,163.00,260.00,94.00,260.00
93.00,203.00,163.00,203.00,163.00,261.00,93.00,261.00
96.00,202.00,162.00,202.00,162.00,260.00,96.00,260.00
95.00,203.00,160.00,203.00,160.00,260.00,95.00,260.00
94.00,204.00,159.00,204.00,159.00,261.00,94.00,261.00
89.00,204.00,158.00,204.00,158.00,261.00,89.00,261.00
89.00,204.00,157.00,204.00,157.00,261.00,89.00,261.00
89.00,205.00,157.00,205.00,157.00,263.00,89.00,263.00
84.00,205.00,153.00,205.00,153.00,263.00,84.00,263.00
83.00,206.00,150.00,206.00,150.00,266.00,83.00,266.00
73.00,207.00,141.00,207.00,141.00,267.00,73.00,267.00
75.00,207.00,142.00,207.00,142.00,267.00,75.00,267.00
70.00,209.00,138.00,209.00,138.00,268.00,70.00,268.00
68.00,208.00,136.00,208.00,136.00,267.00,68.00,267.00
68.00,209.00,133.00,209.00,133.00,269.00,68.00,269.00
64.00,207.00,129.00,207.00,129.00,267.00,64.00,267.00
70.00,206.00,133.00,206.00,133.00,267.00,70.00,267.00
66.00,207.00,128.00,207.00,128.00,268.00,66.00,268.00
64.00,207.00,126.00,207.00,126.00,268.00,64.00,268.00
58.00,208.00,121.00,208.00,121.00,267.00,58.00,267.00
59.00,206.00,123.00,206.00,123.00,266.00,59.00,266.00
54.00,206.00,120.00,206.00,120.00,266.00,54.00,266.00
54.00,205.00,120.00,205.00,120.00,267.00,54.00,267.00
53.00,206.00,118.00,206.00,118.00,266.00,53.00,266.00
50.00,207.00,114.00,207.00,114.00,266.00,50.00,266.00
46.00,207.00,110.00,207.00,110.00,266.00,46.00,266.00
45.00,207.00,109.00,207.00,109.00,266.00,45.00,266.00
43.00,207.00,106.00,207.00,106.00,266.00,43.00,266.00
40.00,207.00,103.00,207.00,103.00,266.00,40.00,266.00
37.00,208.00,100.00,208.00,100.00,265.00,37.00,265.00
33.00,208.00,95.00,208.00,95.00,265.00,33.00,265.00
