1
392.00,181.00,434.00,181.00,434.00,223.00,392.00,223.00
392.00,181.00,435.00,181.00,435.00,224.00,392.00,224.00
392.00,181.00,435.00,181.00,435.00,224.00,392.00,224.00
393.00,181.00,436.00,181.00,436.00,224.00,393.00,224.00
393.00,180.00,436.00,180.00,436.00,224.00,393.00,224.00
393.00,180.00,437.00,180.00,437.00,224.00,393.00,224.00
394.00,181.00,436.00,181.00,436.00,223.00,394.00,223.00
394.00,181.00,436.00,181.00,436.00,224.00,394.00,224.00
396.00,180.00,437.00,180.00,437.00,223.00,396.00,223.00
396.00,181.00,437.00,181.00,437.00,224.00,396.00,224.00
395.00,180.00,436.00,180.00,436.00,223.00,395.00,223.00
395.00,181.00,436.00,181.00,436.00,223.00,395.00,223.00
395.00,180.00,437.00,180.00,437.00,222.00,395.00,222.00
395.00,180.00,437.00,180.00,437.00,222.00,395.00,222.00
394.00,180.00,437.00,180.00,437.00,223.00,394.00,223.00
394.00,180.00,437.00,180.00,437.00,222.00,394.00,222.00
394.00,180.00,436.00,180.00,436.00,221.00,394.00,221.00
393.00,179.00,436.00,179.00,436.00,221.00,393.00,221.00
394.00,179.00,435.00,179.00,435.00,221.00,394.00,221.00
393.00,178.00,436.00,178.00,436.00,221.00,393.00,221.00
392.00,178.00,434.00,178.00,434.00,220.00,392.00,220.00
392.00,179.00,435.00,179.00,435.00,221.00,392.00,221.00
392.00,179.00,435.00,179.00,435.00,220.00,392.00,220.00
392.00,179.00,436.00,179.00,436.00,221.00,392.00,221.00
393.00,179.00,437.00,179.00,437.00,221.00,393.00,221.00
393.00,179.00,437.00,179.00,437.00,221.00,393.00,221.00
393.00,179.00,437.00,179.00,437.00,221.00,393.00,221.00
395.00,182.00,436.00,182.00,436.00,219.00,395.00,219.00
390.00,180.00,432.00,180.00,432.00,218.00,390.00,218.00
393.00,180.00,436.00,180.00,436.00,218.00,393.00,218.00
394.00,181.00,437.00,181.00,437.00,219.00,394.00,219.00
394.00,181.00,437.00,181.00,437.00,219.00,394.00,219.00
394.00,181.00,438.00,181.00,438.00,219.00,394.00,219.00
395.00,181.00,439.00,181.00,439.00,219.00,395.00,219.00
394.00,181.00,438.00,181.00,438.00,219.00,394.00,219.00
397.00,182.00,440.00,182.00,440.00,220.00,397.00,220.00
397.00,182.00,441.00,182.00,441.00,220.00,397.00,220.00
395.00,182.00,439.00,182.00,439.00,220.00,395.00,220.00
395.00,182.00,439.00,182.00,439.00,222.00,395.00,222.00
397.00,181.00,439.00,181.00,439.00,222.00,397.00,222.00
394.00,183.00,436.00,183.00,436.00,221.00,394.00,221.00
396.00,182.00,438.00,182.00,438.00,222.00,396.00,222.00
395.00,183.00,435.00,183.00,435.00,222.00,395.00,222.00
395.00,183.00,436.00,183.00,436.00,223.00,395.00,223.00
394.00,183.00,434.00,183.00,434.00,222.00,394.00,222.00
393.00,183.00,434.00,183.00,434.00,222.00,393.00,222.00
394.00,183.00,435.00,183.00,435.00,223.00,394.00,223.00
392.00,184.00,433.00,184.00,433.00,222.00,392.00,222.00
392.00,184.00,432.00,184.00,432.00,222.00,392.00,222.00
392.00,183.00,432.00,183.00,432.00,222.00,392.00,222.00
393.00,183.00,433.00,183.00,433.00,221.00,393.00,221.00
392.00,183.00,432.00,183.00,432.00,221.00,392.00,221.00
392.00,183.00,431.00,183.00,431.00,221.00,392.00,221.00
393.00,183.00,431.00,183.00,431.00,221.00,393.00,221.00
393.00,183.00,430.00,183.00,430.00,221.00,393.00,221.00
392.00,183.00,428.00,183.00,428.00,221.00,392.00,221.00
391.00,184.00,429.00,184.00,429.00,222.00,391.00,222.00
392.00,184.00,430.00,184.00,430.00,222.00,392.00,222.00
391.00,185.00,428.00,185.00,428.00,222.00,391.00,222.00
392.00,186.00,429.00,186.00,429.00,221.00,392.00,221.00
392.00,186.00,430.00,186.00,430.00,223.00,392.00,223.00
391.00,187.00,429.00,187.00,429.00,223.00,391.00,223.00
391.00,187.00,430.00,187.00,430.00,222.00,391.00,222.00
391.00,188.00,429.00,188.00,429.00,223.00,391.00,223.00
390.00,188.00,428.00,188.00,428.00,223.00,390.00,223.00
389.00,188.00,427.00,188.00,427.00,223.00,389.00,223.00
389.00,187.00,427.00,187.00,427.00,223.00,389.00,223.00
387.00,187.00,425.00,187.00,425.00,223.00,387.00,223.00
387.00,187.00,425.00,187.00,425.00,223.00,387.00,223.00
387.00,187.00,424.00,187.00,424.00,223.00,387.00,223.00
386.00,187.00,425.00,187.00,425.00,223.00,386.00,223.00
385.00,187.00,423.00,187.00,423.00,223.00,385.00,223.00
383.00,188.00,422.00,188.00,422.00,223.00,383.00,223.00
383.00,188.00,422.00,188.00,422.00,224.00,383.00,224.00
382.00,187.00,422.00,187.00,422.00,223.00,382.00,223.00
381.00,188.00,420.00,188.00,420.00,224.00,381.00,224.00
379.00,188.00,418.00,188.00,418.00,224.00,379.00,224.00
379.00,188.00,418.00,188.00,418.00,224.00,379.00,224.00
377.00,188.00,416.00,188.00,416.00,224.00,377.00,224.00
377.00,188.00,415.00,188.00,415.00,225.00,377.00,225.00
376.00,188.00,415.00,188.00,415.00,225.00,376.00,225.00
375.00,187.00,415.00,187.00,415.00,225.00,375.00,225.00
374.00,186.00,415.00,186.00,415.00,225.00,374.00,225.00
376.00,189.00,413.00,189.00,413.00,224.00,376.00,224.00
374.00,189.00,411.00,189.00,411.00,224.00,374.00,224.00
372.00,190.00,410.00,190.00,410.00,225.00,372.00,225.00
370.00,190.00,409.00,190.00,409.00,224.00,370.00,224.00
370.00,190.00,408.00,190.00,408.00,226.00,370.00,226.00
369.00,190.00,408.00,190.00,408.00,225.00,369.00,225.00
367.00,190.00,406.00,190.00,406.00,226.00,367.00,226.00
368.00,189.00,407.00,189.00,407.00,226.00,368.00,226.00
368.00,189.00,407.00,189.00,407.00,226.00,368.00,226.00
366.00,188.00,405.00,188.00,405.00,225.00,366.00,225.00
365.00,188.00,405.00,188.00,405.00,225.00,365.00,225.00
365.00,188.00,404.00,188.00,404.00,226.00,365.00,226.00
363.00,189.00,402.00,189.00,402.00,228.00,363.00,228.00
362.00,189.00,401.00,189.00,401.00,228.00,362.00,228.00
361.00,190.00,401.00,190.00,401.00,228.00,361.00,228.00
358.00,190.00,399.00,190.00,399.00,229.00,358.00,229.00
357.00,190.00,398.00,190.00,398.00,229.00,357.00,229.00
356.00,190.00,396.00,190.00,396.00,229.00,356.00,229.00
355.00,190.00,396.00,190.00,396.00,230.00,355.00,230.00
352.00,190.00,395.00,190.00,395.00,229.00,352.00,229.00
351.00,190.00,394.00,190.00,394.00,230.00,351.00,230.00
351.00,191.00,392.00,191.00,392.00,230.00,351.00,230.00
349.00,190.00,390.00,190.00,390.00,231.00,349.00,231.00
347.00,190.00,388.00,190.00,388.00,231.00,347.00,231.00
346.00,191.00,387.00,191.00,387.00,232.00,346.00,232.00
345.00,192.00,386.00,192.00,386.00,232.00,345.00,232.00
343.00,192.00,385.00,192.00,385.00,233.00,343.00,233.00
345.00,194.00,385.00,194.00,385.00,234.00,345.00,234.00
344.00,195.00,383.00,195.00,383.00,234.00,344.00,234.00
343.00,195.00,383.00,195.00,383.00,235.00,343.00,235.00
340.00,194.00,381.00,194.00,381.00,234.00,340.00,234.00
339.00,195.00,380.00,195.00,380.00,234.00,339.00,234.00
338.00,196.00,380.00,196.00,380.00,235.00,338.00,235.00
337.00,195.00,378.00,195.00,378.00,234.00,337.00,234.00
334.00,194.00,376.00,194.00,376.00,234.00,334.00,234.00
335.00,196.00,377.00,196.00,377.00,235.00,335.00,235.00
333.00,195.00,374.00,195.00,374.00,235.00,333.00,235.00
330.00,196.00,372.00,196.00,372.00,236.00,330.00,236.00
328.00,196.00,369.00,196.00,369.00,237.00,328.00,237.00
325.00,196.00,368.00,196.00,368.00,238.00,325.00,238.00
322.00,197.00,366.00,197.00,366.00,237.00,322.00,237.00
322.00,196.00,365.00,196.00,365.00,238.00,322.00,238.00
321.00,196.00,364.00,196.00,364.00,237.00,321.00,237.00
318.00,195.00,363.00,195.00,363.00,237.00,318.00,237.00
317.00,195.00,362.00,195.00,362.00,238.00,317.00,238.00
317.00,195.00,363.00,195.00,363.00,239.00,317.00,239.00
313.00,195.00,359.00,195.00,359.00,240.00,313.00,240.00
315.00,194.00,360.00,194.00,360.00,239.00,315.00,239.00
314.00,196.00,358.00,196.00,358.00,240.00,314.00,240.00
309.00,195.00,356.00,195.00,356.00,240.00,309.00,240.00
309.00,196.00,356.00,196.00,356.00,241.00,309.00,241.00
307.00,196.00,354.00,196.00,354.00,241.00,307.00,241.00
305.00,196.00,352.00,196.00,352.00,242.00,305.00,242.00
303.00,196.00,352.00,196.00,352.00,243.00,303.00,243.00
301.00,197.00,349.00,197.00,349.00,242.00,301.00,242.00
300.00,197.00,347.00,197.00,347.00,242.00,300.00,242.00
299.00,197.00,348.00,197.00,348.00,242.00,299.00,242.00
296.00,197.00,345.00,197.00,345.00,242.00,296.00,242.00
298.00,195.00,347.00,195.00,347.00,242.00,298.00,242.00
296.00,195.00,346.00,195.00,346.00,242.00,296.00,242.00
293.00,195.00,344.00,195.00,344.00,244.00,293.00,244.00
288.00,195.00,341.00,195.00,341.00,243.00,288.00,243.00
285.00,195.00,338.00,195.00,338.00,243.00,285.00,243.00
284.00,196.00,337.00,196.00,337.00,245.00,284.00,245.00
279.00,197.00,332.00,197.00,332.00,246.00,279.00,246.00
275.00,196.00,329.00,196.00,329.00,245.00,275.00,245.00
278.00,196.00,330.00,196.00,330.00,245.00,278.00,245.00
275.00,196.00,328.00,196.00,328.00,245.00,275.00,245.00
273.00,196.00,326.00,196.00,326.00,245.00,273.00,245.00
271.00,196.00,325.00,196.00,325.00,246.00,271.00,246.00
269.00,197.00,324.00,197.00,324.00,247.00,269.00,247.00
267.00,196.00,321.00,196.00,321.00,247.00,267.00,247.00
264.00,196.00,318.00,196.00,318.00,247.00,264.00,247.00
259.00,195.00,314.00,195.00,314.00,247.00,259.00,247.00
259.00,195.00,315.00,195.00,315.00,247.00,259.00,247.00
255.00,197.00,311.00,197.00,311.00,248.00,255.00,248.00
254.00,196.00,309.00,196.00,309.00,249.00,254.00,249.00
256.00,196.00,309.00,196.00,309.00,249.00,256.00,249.00
250.00,196.00,304.00,196.00,304.00,249.00,250.00,249.00
248.00,197.00,301.00,197.00,301.00,248.00,248.00,248.00
245.00,197.00,299.00,197.00,299.00,248.00,245.00,248.00
244.00,196.00,298.00,196.00,298.00,248.00,244.00,248.00
240.00,196.00,295.00,196.00,295.00,248.00,240.00,248.00
236.00,195.00,292.00,195.00,292.00,247.00,236.00,247.00
234.00,196.00,290.00,196.00,290.00,249.00,234.00,249.00
234.00,196.00,289.00,196.00,289.00,248.00,234.00,248.00
229.00,195.00,287.00,195.00,287.00,248.00,229.00,248.00
228.00,196.00,284.00,196.00,284.00,249.00,228.00,249.00
220.00,197.00,280.00,197.00,280.00,247.00,220.00,247.00
219.00,197.00,279.00,197.00,279.00,247.00,219.00,247.00
221.00,197.00,279.00,197.00,279.00,248.00,221.00,248.00
216.00,197.00,277.00,197.00,277.00,246.00,216.00,246.00
215.00,197.00,275.00,197.00,275.00,247.00,215.00,247.00
210.00,197.00,273.00,197.00,273.00,247.00,210.00,247.00
211.00,198.00,272.00,198.00,272.00,248.00,211.00,248.00
212.00,198.00,270.00,198.00,270.00,249.00,212.00,249.00
207.00,198.00,268.00,198.00,268.00,248.00,207.00,248.00
203.00,197.00,266.00,197.00,266.00,249.00,203.00,249.00
199.00,197.00,263.00,197.00,263.00,249.00,199.00,249.00
198.00,198.00,260.00,198.00,260.00,250.00,198.00,250.00
199.00,197.00,260.00,197.00,260.00,251.00,199.00,251.00
203.00,198.00,260.00,198.00,260.00,249.00,203.00,249.00
197.00,197.00,256.00,197.00,256.00,250.00,197.00,250.00
196.00,197.00,256.00,197.00,256.00,250.00,196.00,250.00
193.00,196.00,252.00,196.00,252.00,251.00,193.00,251.00
190.00,197.00,251.00,197.00,251.00,254.00,190.00,254.00
186.00,199.00,246.00,199.00,246.00,256.00,186.00,256.00
183.00,198.00,242.00,198.00,242.00,256.00,183.00,256.00
175.00,200.00,236.00,200.00,236.00,258.00,175.00,258.00
174.00,201.00,234.00,201.00,234.00,260.00,174.00,260.00
171.00,201.00,231.00,201.00,231.00,259.00,171.00,259.00
166.00,203.00,225.00,203.00,225.00,259.00,166.00,259.00
160.00,204.00,221.00,204.00,221.00,260.00,160.00,260.00
159.00,203.00,221.00,203.00,221.00,260.00,159.00,260.00
159.00,202.00,220.00,202.00,220.00,259.00,159.00,259.00
154.00,202.00,216.00,202.00,216.00,259.00,154.00,259.00
153.00,203.00,215.00,203.00,215.00,260.00,153.00,260.00
149.00,204.00,212.00,204.00,212.00,260.00,149.00,260.00
150.00,203.00,211.00,203.00,211.00,261.00,150.00,261.00
146.00,203.00,208.00,203.00,208.00,261.00,146.00,261.00
143.00,203.00,206.00,203.00,206.00,263.00,143.00,263.00
139.00,205.00,202.00,205.00,202.00,262.00,139.00,262.00
135.00,206.00,198.00,206.00,198.00,262.00,135.00,262.00
135.00,205.00,196.00,205.00,196.00,263.00,135.00,263.00
134.00,203.00,196.00,203.00,196.00,262.00,134.00,262.00
127.00,205.00,188.00,205.00,188.00,261.00,127.00,261.00
125.00,205.00,185.00,205.00,185.00,262.00,125.00,262.00
125.00,204.00,185.00,204.00,185.00,262.00,125.00,262.00
122.00,203.00,183.00,203.00,183.00,263.00,122.00,263.00
121.00,202.00,183.00,202.00,183.00,262.00,121.00,262.00
119.00,202.00,182.00,202.00,182.00,262.00,119.00,262.00
120.00,200.00,182.00,200.00,182.00,262.00,120.00,262.00
114.00,202.00,177.00,202.00,177.00,263.00,114.00,263.00
112.00,200.00,176.00,200.00,176.00,260.00,112.00,260.00
113.00,201.00,175.00,201.00,175.00,259.00,113.00,259.00
101.00,202.00,168.00,202.00,168.00,260.00,101.00,260.00
98.00,203.00,163.00,203.00,163.00,258.00,98.00,258.00
97.00,202.00,164.00,202.00,164.00,259.00,97.00,259.00
101.00,200.00,165.00,200.00,165.00,259.00,101.00,259.00
97.00,202.00,161.00,202.00,161.00,259.00,97.00,259.00
93.00,204.00,157.00,204.00,157.00,259.00,93.00,259.00
92.00,203.00,156.00,203.00,156.00,260.00,92.00,260.00
93.00,203.00,157.00,203.00,157.00,260.00,93.00,260.00
91.00,204.00,156.00,204.00,156.00,261.00,91.00,261.00
90.00,205.00,153.00,205.00,153.00,262.00,90.00,262.00
85.00,206.00,149.00,206.00,149.00,263.00,85.00,263.00
78.00,206.00,143.00,206.00,143.00,265.00,78.00,265.00
78.00,208.00,142.00,208.00,142.00,265.00,78.00,265.00
75.00,209.00,139.00,209.00,139.00,265.00,75.00,265.00
71.00,209.00,135.00,209.00,135.00,265.00,71.00,265.00
68.00,209.00,131.00,209.00,131.00,265.00,68.00,265.00
67.00,209.00,127.00,209.00,127.00,266.00,67.00,266.00
72.00,206.00,132.00,206.00,132.00,265.00,72.00,265.00
69.00,208.00,127.00,208.00,127.00,265.00,69.00,265.00
63.00,208.00,124.00,208.00,124.00,265.00,63.00,265.00
59.00,207.00,118.00,207.00,118.00,265.00,59.00,265.00
62.00,206.00,122.00,206.00,122.00,266.00,62.00,266.00
58.00,205.00,120.00,205.00,120.00,266.00,58.00,266.00
58.00,205.00,117.00,205.00,117.00,264.00,58.00,264.00
57.00,206.00,115.00,206.00,115.00,265.00,57.00,265.00
52.00,207.00,112.00,207.00,112.00,265.00,52.00,265.00
52.00,208.00,109.00,208.00,109.00,265.00,52.00,265.00
47.00,207.00,106.00,207.00,106.00,266.00,47.00,266.00
43.00,207.00,103.00,207.00,103.00,265.00,43.00,265.00
44.00,206.00,101.00,206.00,101.00,264.00,44.00,264.00
39.00,207.00,99.00,207.00,99.00,264.00,39.00,264.00
41.00,206.00,98.00,206.00,98.00,263.00,41.00,263.00
