1
241.00,166.00,360.00,166.00,360.00,285.00,241.00,285.00
226.00,181.00,348.00,181.00,348.00,289.00,226.00,289.00
213.00,197.00,331.00,197.00,331.00,305.00,213.00,305.00
206.00,207.00,329.00,207.00,329.00,321.00,206.00,321.00
215.00,201.00,331.00,201.00,331.00,317.00,215.00,317.00
214.00,191.00,331.00,191.00,331.00,311.00,214.00,311.00
205.00,195.00,333.00,195.00,333.00,308.00,205.00,308.00
184.00,209.00,306.00,209.00,306.00,315.00,184.00,315.00
143.00,248.00,269.00,248.00,269.00,354.00,143.00,354.00
214.00,245.00,349.00,245.00,349.00,351.00,214.00,351.00
242.00,224.00,359.00,224.00,359.00,335.00,242.00,335.00
214.00,206.00,353.00,206.00,353.00,317.00,214.00,317.00
210.00,197.00,336.00,197.00,336.00,317.00,210.00,317.00
191.00,198.00,335.00,198.00,335.00,311.00,191.00,311.00
187.00,204.00,309.00,204.00,309.00,321.00,187.00,321.00
184.00,212.00,315.00,212.00,315.00,328.00,184.00,328.00
197.00,209.00,320.00,209.00,320.00,321.00,197.00,321.00
216.00,184.00,334.00,184.00,334.00,294.00,216.00,294.00
214.00,150.00,331.00,150.00,331.00,261.00,214.00,261.00
189.00,138.00,319.00,138.00,319.00,253.00,189.00,253.00
196.00,161.00,318.00,161.00,318.00,268.00,196.00,268.00
225.00,190.00,348.00,190.00,348.00,298.00,225.00,298.00
252.00,225.00,376.00,225.00,376.00,334.00,252.00,334.00
264.00,235.00,389.00,235.00,389.00,353.00,264.00,353.00
242.00,239.00,386.00,239.00,386.00,351.00,242.00,351.00
234.00,241.00,362.00,241.00,362.00,361.00,234.00,361.00
229.00,244.00,356.00,244.00,356.00,364.00,229.00,364.00
226.00,237.00,346.00,237.00,346.00,353.00,226.00,353.00
222.00,220.00,337.00,220.00,337.00,337.00,222.00,337.00
220.00,209.00,338.00,209.00,338.00,330.00,220.00,330.00
223.00,203.00,349.00,203.00,349.00,319.00,223.00,319.00
239.00,193.00,358.00,193.00,358.00,307.00,239.00,307.00
237.00,175.00,355.00,175.00,355.00,287.00,237.00,287.00
221.00,155.00,340.00,155.00,340.00,266.00,221.00,266.00
222.00,132.00,335.00,132.00,335.00,245.00,222.00,245.00
214.00,117.00,355.00,117.00,355.00,230.00,214.00,230.00
232.00,125.00,368.00,125.00,368.00,239.00,232.00,239.00
247.00,127.00,369.00,127.00,369.00,243.00,247.00,243.00
253.00,140.00,365.00,140.00,365.00,250.00,253.00,250.00
266.00,177.00,378.00,177.00,378.00,285.00,266.00,285.00
268.00,215.00,383.00,215.00,383.00,324.00,268.00,324.00
268.00,229.00,389.00,229.00,389.00,342.00,268.00,342.00
272.00,229.00,390.00,229.00,390.00,351.00,272.00,351.00
268.00,228.00,388.00,228.00,388.00,344.00,268.00,344.00
264.00,214.00,379.00,214.00,379.00,334.00,264.00,334.00
264.00,202.00,380.00,202.00,380.00,329.00,264.00,329.00
266.00,205.00,389.00,205.00,389.00,322.00,266.00,322.00
271.00,162.00,379.00,162.00,379.00,278.00,271.00,278.00
266.00,153.00,380.00,153.00,380.00,275.00,266.00,275.00
270.00,170.00,383.00,170.00,383.00,292.00,270.00,292.00
259.00,176.00,386.00,176.00,386.00,294.00,259.00,294.00
262.00,170.00,382.00,170.00,382.00,294.00,262.00,294.00
264.00,172.00,385.00,172.00,385.00,294.00,264.00,294.00
269.00,179.00,399.00,179.00,399.00,297.00,269.00,297.00
283.00,190.00,395.00,190.00,395.00,307.00,283.00,307.00
275.00,202.00,397.00,202.00,397.00,318.00,275.00,318.00
242.00,209.00,389.00,209.00,389.00,317.00,242.00,317.00
206.00,206.00,355.00,206.00,355.00,316.00,206.00,316.00
193.00,201.00,324.00,201.00,324.00,321.00,193.00,321.00
194.00,200.00,335.00,200.00,335.00,315.00,194.00,315.00
213.00,205.00,368.00,205.00,368.00,317.00,213.00,317.00
252.00,205.00,402.00,205.00,402.00,316.00,252.00,316.00
289.00,209.00,445.00,209.00,445.00,320.00,289.00,320.00
324.00,209.00,454.00,209.00,454.00,332.00,324.00,332.00
319.00,215.00,456.00,215.00,456.00,331.00,319.00,331.00
312.00,208.00,431.00,208.00,431.00,323.00,312.00,323.00
287.00,185.00,411.00,185.00,411.00,298.00,287.00,298.00
253.00,162.00,385.00,162.00,385.00,279.00,253.00,279.00
236.00,150.00,363.00,150.00,363.00,271.00,236.00,271.00
239.00,167.00,355.00,167.00,355.00,279.00,239.00,279.00
248.00,183.00,363.00,183.00,363.00,294.00,248.00,294.00
252.00,195.00,367.00,195.00,367.00,309.00,252.00,309.00
258.00,209.00,396.00,209.00,396.00,323.00,258.00,323.00
283.00,220.00,424.00,220.00,424.00,334.00,283.00,334.00
305.00,228.00,423.00,228.00,423.00,343.00,305.00,343.00
298.00,237.00,420.00,237.00,420.00,351.00,298.00,351.00
288.00,244.00,418.00,244.00,418.00,360.00,288.00,360.00
274.00,243.00,413.00,243.00,413.00,356.00,274.00,356.00
244.00,234.00,389.00,234.00,389.00,345.00,244.00,345.00
214.00,225.00,362.00,225.00,362.00,332.00,214.00,332.00
206.00,223.00,333.00,223.00,333.00,341.00,206.00,341.00
205.00,227.00,329.00,227.00,329.00,347.00,205.00,347.00
213.00,228.00,336.00,228.00,336.00,338.00,213.00,338.00
232.00,211.00,351.00,211.00,351.00,318.00,232.00,318.00
249.00,184.00,368.00,184.00,368.00,296.00,249.00,296.00
262.00,151.00,383.00,151.00,383.00,259.00,262.00,259.00
275.00,137.00,429.00,137.00,429.00,249.00,275.00,249.00
305.00,138.00,448.00,138.00,448.00,257.00,305.00,257.00
324.00,150.00,439.00,150.00,439.00,266.00,324.00,266.00
322.00,164.00,443.00,164.00,443.00,281.00,322.00,281.00
304.00,175.00,435.00,175.00,435.00,290.00,304.00,290.00
284.00,188.00,413.00,188.00,413.00,300.00,284.00,300.00
261.00,206.00,385.00,206.00,385.00,316.00,261.00,316.00
239.00,220.00,370.00,220.00,370.00,334.00,239.00,334.00
222.00,221.00,361.00,221.00,361.00,336.00,222.00,336.00
213.00,210.00,340.00,210.00,340.00,327.00,213.00,327.00
198.00,198.00,337.00,198.00,337.00,316.00,198.00,316.00
200.00,193.00,322.00,193.00,322.00,317.00,200.00,317.00
205.00,191.00,334.00,191.00,334.00,305.00,205.00,305.00
225.00,173.00,348.00,173.00,348.00,284.00,225.00,284.00
230.00,162.00,372.00,162.00,372.00,275.00,230.00,275.00
248.00,167.00,386.00,167.00,386.00,284.00,248.00,284.00
271.00,189.00,393.00,189.00,393.00,298.00,271.00,298.00
291.00,214.00,415.00,214.00,415.00,324.00,291.00,324.00
300.00,216.00,423.00,216.00,423.00,335.00,300.00,335.00
284.00,206.00,413.00,206.00,413.00,316.00,284.00,316.00
234.00,190.00,392.00,190.00,392.00,296.00,234.00,296.00
196.00,194.00,336.00,194.00,336.00,301.00,196.00,301.00
176.00,210.00,293.00,210.00,293.00,314.00,176.00,314.00
162.00,228.00,278.00,228.00,278.00,341.00,162.00,341.00
157.00,230.00,283.00,230.00,283.00,347.00,157.00,347.00
174.00,218.00,293.00,218.00,293.00,325.00,174.00,325.00
199.00,191.00,317.00,191.00,317.00,296.00,199.00,296.00
214.00,169.00,347.00,169.00,347.00,282.00,214.00,282.00
231.00,169.00,346.00,169.00,346.00,286.00,231.00,286.00
230.00,190.00,344.00,190.00,344.00,302.00,230.00,302.00
221.00,200.00,345.00,200.00,345.00,317.00,221.00,317.00
222.00,196.00,337.00,196.00,337.00,315.00,222.00,315.00
222.00,190.00,353.00,190.00,353.00,305.00,222.00,305.00
233.00,190.00,358.00,190.00,358.00,309.00,233.00,309.00
235.00,203.00,353.00,203.00,353.00,314.00,235.00,314.00
217.00,216.00,345.00,216.00,345.00,326.00,217.00,326.00
198.00,217.00,334.00,217.00,334.00,332.00,198.00,332.00
204.00,206.00,318.00,206.00,318.00,320.00,204.00,320.00
195.00,186.00,315.00,186.00,315.00,304.00,195.00,304.00
191.00,182.00,313.00,182.00,313.00,304.00,191.00,304.00
195.00,201.00,315.00,201.00,315.00,314.00,195.00,314.00
208.00,230.00,325.00,230.00,325.00,341.00,208.00,341.00
202.00,246.00,325.00,246.00,325.00,362.00,202.00,362.00
199.00,246.00,317.00,246.00,317.00,360.00,199.00,360.00
201.00,222.00,317.00,222.00,317.00,335.00,201.00,335.00
200.00,197.00,319.00,197.00,319.00,313.00,200.00,313.00
182.00,180.00,314.00,180.00,314.00,294.00,182.00,294.00
156.00,168.00,304.00,168.00,304.00,282.00,156.00,282.00
159.00,178.00,276.00,178.00,276.00,295.00,159.00,295.00
161.00,190.00,293.00,190.00,293.00,305.00,161.00,305.00
167.00,196.00,318.00,196.00,318.00,313.00,167.00,313.00
183.00,197.00,337.00,197.00,337.00,309.00,183.00,309.00
206.00,205.00,356.00,205.00,356.00,323.00,206.00,323.00
235.00,219.00,376.00,219.00,376.00,335.00,235.00,335.00
260.00,232.00,411.00,232.00,411.00,349.00,260.00,349.00
286.00,234.00,421.00,234.00,421.00,354.00,286.00,354.00
266.00,230.00,418.00,230.00,418.00,348.00,266.00,348.00
220.00,222.00,385.00,222.00,385.00,334.00,220.00,334.00
178.00,213.00,344.00,213.00,344.00,325.00,178.00,325.00
146.00,211.00,307.00,211.00,307.00,324.00,146.00,324.00
116.00,218.00,273.00,218.00,273.00,331.00,116.00,331.00
91.00,215.00,240.00,215.00,240.00,333.00,91.00,333.00
111.00,208.00,247.00,208.00,247.00,319.00,111.00,319.00
152.00,192.00,310.00,192.00,310.00,307.00,152.00,307.00
197.00,185.00,349.00,185.00,349.00,300.00,197.00,300.00
220.00,177.00,350.00,177.00,350.00,299.00,220.00,299.00
220.00,178.00,349.00,178.00,349.00,302.00,220.00,302.00
225.00,193.00,358.00,193.00,358.00,311.00,225.00,311.00
235.00,203.00,361.00,203.00,361.00,324.00,235.00,324.00
209.00,211.00,365.00,211.00,365.00,324.00,209.00,324.00
171.00,212.00,337.00,212.00,337.00,324.00,171.00,324.00
158.00,215.00,297.00,215.00,297.00,334.00,158.00,334.00
157.00,217.00,310.00,217.00,310.00,332.00,157.00,332.00
191.00,211.00,351.00,211.00,351.00,325.00,191.00,325.00
237.00,205.00,396.00,205.00,396.00,317.00,237.00,317.00
270.00,203.00,397.00,203.00,397.00,327.00,270.00,327.00
253.00,207.00,400.00,207.00,400.00,325.00,253.00,325.00
250.00,200.00,381.00,200.00,381.00,317.00,250.00,317.00
240.00,189.00,376.00,189.00,376.00,310.00,240.00,310.00
241.00,183.00,363.00,183.00,363.00,306.00,241.00,306.00
238.00,179.00,380.00,179.00,380.00,295.00,238.00,295.00
254.00,186.00,392.00,186.00,392.00,303.00,254.00,303.00
268.00,192.00,392.00,192.00,392.00,314.00,268.00,314.00
246.00,197.00,396.00,197.00,396.00,309.00,246.00,309.00
225.00,202.00,366.00,202.00,366.00,317.00,225.00,317.00
200.00,226.00,325.00,226.00,325.00,337.00,200.00,337.00
177.00,237.00,311.00,237.00,311.00,354.00,177.00,354.00
165.00,239.00,298.00,239.00,298.00,358.00,165.00,358.00
169.00,238.00,306.00,238.00,306.00,354.00,169.00,354.00
187.00,233.00,332.00,233.00,332.00,347.00,187.00,347.00
198.00,229.00,336.00,229.00,336.00,346.00,198.00,346.00
174.00,228.00,329.00,228.00,329.00,340.00,174.00,340.00
160.00,221.00,305.00,221.00,305.00,339.00,160.00,339.00
164.00,212.00,294.00,212.00,294.00,334.00,164.00,334.00
172.00,211.00,331.00,211.00,331.00,322.00,172.00,322.00
224.00,205.00,370.00,205.00,370.00,315.00,224.00,315.00
267.00,193.00,401.00,193.00,401.00,308.00,267.00,308.00
260.00,189.00,410.00,189.00,410.00,301.00,260.00,301.00
225.00,185.00,384.00,185.00,384.00,296.00,225.00,296.00
194.00,178.00,344.00,178.00,344.00,290.00,194.00,290.00
180.00,173.00,325.00,173.00,325.00,287.00,180.00,287.00
165.00,178.00,308.00,178.00,308.00,293.00,165.00,293.00
159.00,178.00,290.00,178.00,290.00,299.00,159.00,299.00
158.00,183.00,304.00,183.00,304.00,295.00,158.00,295.00
186.00,187.00,347.00,187.00,347.00,296.00,186.00,296.00
244.00,190.00,402.00,190.00,402.00,298.00,244.00,298.00
281.00,184.00,416.00,184.00,416.00,302.00,281.00,302.00
276.00,182.00,418.00,182.00,418.00,298.00,276.00,298.00
257.00,187.00,405.00,187.00,405.00,301.00,257.00,301.00
237.00,191.00,384.00,191.00,384.00,304.00,237.00,304.00
222.00,202.00,354.00,202.00,354.00,313.00,222.00,313.00
190.00,208.00,345.00,208.00,345.00,317.00,190.00,317.00
159.00,198.00,301.00,198.00,301.00,313.00,159.00,313.00
127.00,183.00,275.00,183.00,275.00,297.00,127.00,297.00
127.00,177.00,267.00,177.00,267.00,293.00,127.00,293.00
139.00,181.00,296.00,181.00,296.00,292.00,139.00,292.00
166.00,186.00,318.00,186.00,318.00,302.00,166.00,302.00
185.00,187.00,316.00,187.00,316.00,306.00,185.00,306.00
187.00,179.00,305.00,179.00,305.00,299.00,187.00,299.00
187.00,172.00,315.00,172.00,315.00,289.00,187.00,289.00
193.00,162.00,332.00,162.00,332.00,280.00,193.00,280.00
207.00,165.00,335.00,165.00,335.00,282.00,207.00,282.00
211.00,173.00,331.00,173.00,331.00,293.00,211.00,293.00
201.00,187.00,324.00,187.00,324.00,299.00,201.00,299.00
201.00,203.00,316.00,203.00,316.00,318.00,201.00,318.00
209.00,229.00,332.00,229.00,332.00,340.00,209.00,340.00
219.00,241.00,337.00,241.00,337.00,357.00,219.00,357.00
193.00,247.00,340.00,247.00,340.00,356.00,193.00,356.00
185.00,237.00,309.00,237.00,309.00,350.00,185.00,350.00
185.00,214.00,299.00,214.00,299.00,323.00,185.00,323.00
179.00,174.00,296.00,174.00,296.00,286.00,179.00,286.00
177.00,151.00,313.00,151.00,313.00,266.00,177.00,266.00
189.00,154.00,328.00,154.00,328.00,269.00,189.00,269.00
208.00,169.00,340.00,169.00,340.00,283.00,208.00,283.00
226.00,181.00,364.00,181.00,364.00,294.00,226.00,294.00
235.00,179.00,363.00,179.00,363.00,295.00,235.00,295.00
218.00,179.00,362.00,179.00,362.00,293.00,218.00,293.00
198.00,188.00,338.00,188.00,338.00,299.00,198.00,299.00
181.00,195.00,312.00,195.00,312.00,310.00,181.00,310.00
180.00,203.00,301.00,203.00,301.00,322.00,180.00,322.00
184.00,208.00,306.00,208.00,306.00,326.00,184.00,326.00
182.00,202.00,301.00,202.00,301.00,320.00,182.00,320.00
183.00,185.00,302.00,185.00,302.00,299.00,183.00,299.00
189.00,158.00,323.00,158.00,323.00,271.00,189.00,271.00
209.00,156.00,370.00,156.00,370.00,266.00,209.00,266.00
247.00,164.00,403.00,164.00,403.00,279.00,247.00,279.00
287.00,183.00,410.00,183.00,410.00,298.00,287.00,298.00
294.00,199.00,414.00,199.00,414.00,321.00,294.00,321.00
289.00,208.00,411.00,208.00,411.00,332.00,289.00,332.00
285.00,213.00,419.00,213.00,419.00,331.00,285.00,331.00
294.00,211.00,418.00,211.00,418.00,330.00,294.00,330.00
276.00,216.00,415.00,216.00,415.00,330.00,276.00,330.00
244.00,223.00,399.00,223.00,399.00,332.00,244.00,332.00
224.00,221.00,366.00,221.00,366.00,334.00,224.00,334.00
224.00,227.00,348.00,227.00,348.00,346.00,224.00,346.00
204.00,234.00,350.00,234.00,350.00,346.00,204.00,346.00
201.00,223.00,322.00,223.00,322.00,342.00,201.00,342.00
202.00,206.00,326.00,206.00,326.00,327.00,202.00,327.00
207.00,196.00,331.00,196.00,331.00,318.00,207.00,318.00
206.00,195.00,347.00,195.00,347.00,310.00,206.00,310.00
218.00,196.00,369.00,196.00,369.00,306.00,218.00,306.00
242.00,189.00,370.00,189.00,370.00,303.00,242.00,303.00
255.00,172.00,374.00,172.00,374.00,289.00,255.00,289.00
251.00,160.00,382.00,160.00,382.00,275.00,251.00,275.00
264.00,182.00,387.00,182.00,387.00,289.00,264.00,289.00
274.00,212.00,412.00,212.00,412.00,335.00,274.00,335.00
272.00,246.00,393.00,246.00,393.00,357.00,272.00,357.00
251.00,252.00,388.00,252.00,388.00,362.00,251.00,362.00
252.00,234.00,368.00,234.00,368.00,343.00,252.00,343.00
250.00,189.00,364.00,189.00,364.00,298.00,250.00,298.00
238.00,161.00,356.00,161.00,356.00,275.00,238.00,275.00
225.00,150.00,361.00,150.00,361.00,266.00,225.00,266.00
214.00,158.00,347.00,158.00,347.00,271.00,214.00,271.00
200.00,162.00,328.00,162.00,328.00,280.00,200.00,280.00
201.00,167.00,341.00,167.00,341.00,275.00,201.00,275.00
235.00,155.00,366.00,155.00,366.00,261.00,235.00,261.00
255.00,140.00,385.00,140.00,385.00,251.00,255.00,251.00
268.00,136.00,399.00,136.00,399.00,249.00,268.00,249.00
270.00,152.00,391.00,152.00,391.00,264.00,270.00,264.00
251.00,171.00,378.00,171.00,378.00,282.00,251.00,282.00
231.00,179.00,366.00,179.00,366.00,292.00,231.00,292.00
232.00,180.00,353.00,180.00,353.00,296.00,232.00,296.00
229.00,179.00,361.00,179.00,361.00,293.00,229.00,293.00
241.00,181.00,363.00,181.00,363.00,297.00,241.00,297.00
227.00,196.00,357.00,196.00,357.00,304.00,227.00,304.00
195.00,206.00,336.00,206.00,336.00,314.00,195.00,314.00
194.00,205.00,320.00,205.00,320.00,318.00,194.00,318.00
202.00,200.00,328.00,200.00,328.00,308.00,202.00,308.00
218.00,182.00,348.00,182.00,348.00,291.00,218.00,291.00
231.00,176.00,360.00,176.00,360.00,292.00,231.00,292.00
239.00,182.00,356.00,182.00,356.00,301.00,239.00,301.00
236.00,192.00,352.00,192.00,352.00,309.00,236.00,309.00
232.00,198.00,354.00,198.00,354.00,311.00,232.00,311.00
219.00,205.00,349.00,205.00,349.00,313.00,219.00,313.00
206.00,219.00,324.00,219.00,324.00,322.00,206.00,322.00
204.00,229.00,321.00,229.00,321.00,339.00,204.00,339.00
207.00,232.00,338.00,232.00,338.00,342.00,207.00,342.00
218.00,227.00,336.00,227.00,336.00,339.00,218.00,339.00
206.00,222.00,337.00,222.00,337.00,332.00,206.00,332.00
210.00,216.00,328.00,216.00,328.00,331.00,210.00,331.00
216.00,213.00,337.00,213.00,337.00,318.00,216.00,318.00
246.00,190.00,363.00,190.00,363.00,290.00,246.00,290.00
268.00,161.00,390.00,161.00,390.00,270.00,268.00,270.00
275.00,156.00,391.00,156.00,391.00,268.00,275.00,268.00
279.00,165.00,393.00,165.00,393.00,277.00,279.00,277.00
270.00,196.00,386.00,196.00,386.00,305.00,270.00,305.00
264.00,213.00,381.00,213.00,381.00,324.00,264.00,324.00
249.00,222.00,383.00,222.00,383.00,332.00,249.00,332.00
221.00,224.00,375.00,224.00,375.00,329.00,221.00,329.00
209.00,222.00,337.00,222.00,337.00,332.00,209.00,332.00
210.00,232.00,331.00,232.00,331.00,344.00,210.00,344.00
213.00,243.00,351.00,243.00,351.00,351.00,213.00,351.00
232.00,239.00,350.00,239.00,350.00,350.00,232.00,350.00
236.00,224.00,351.00,224.00,351.00,336.00,236.00,336.00
234.00,205.00,355.00,205.00,355.00,316.00,234.00,316.00
235.00,207.00,392.00,207.00,392.00,314.00,235.00,314.00
266.00,209.00,424.00,209.00,424.00,315.00,266.00,315.00
295.00,202.00,415.00,202.00,415.00,319.00,295.00,319.00
280.00,199.00,418.00,199.00,418.00,311.00,280.00,311.00
268.00,197.00,405.00,197.00,405.00,306.00,268.00,306.00
264.00,207.00,383.00,207.00,383.00,318.00,264.00,318.00
261.00,222.00,379.00,222.00,379.00,332.00,261.00,332.00
247.00,235.00,374.00,235.00,374.00,346.00,247.00,346.00
246.00,236.00,369.00,236.00,369.00,347.00,246.00,347.00
252.00,233.00,376.00,233.00,376.00,342.00,252.00,342.00
262.00,222.00,375.00,222.00,375.00,334.00,262.00,334.00
255.00,215.00,377.00,215.00,377.00,323.00,255.00,323.00
255.00,207.00,367.00,207.00,367.00,318.00,255.00,318.00
254.00,203.00,365.00,203.00,365.00,313.00,254.00,313.00
253.00,201.00,377.00,201.00,377.00,307.00,253.00,307.00
264.00,195.00,377.00,195.00,377.00,301.00,264.00,301.00
267.00,186.00,379.00,186.00,379.00,295.00,267.00,295.00
267.00,196.00,378.00,196.00,378.00,299.00,267.00,299.00
275.00,211.00,388.00,211.00,388.00,314.00,275.00,314.00
283.00,224.00,397.00,224.00,397.00,328.00,283.00,328.00
284.00,227.00,402.00,227.00,402.00,332.00,284.00,332.00
263.00,229.00,397.00,229.00,397.00,326.00,263.00,326.00
236.00,236.00,366.00,236.00,366.00,333.00,236.00,333.00
215.00,235.00,344.00,235.00,344.00,336.00,215.00,336.00
212.00,226.00,321.00,226.00,321.00,324.00,212.00,324.00
204.00,198.00,311.00,198.00,311.00,296.00,204.00,296.00
202.00,170.00,310.00,170.00,310.00,271.00,202.00,271.00
202.00,163.00,329.00,163.00,329.00,265.00,202.00,265.00
217.00,170.00,338.00,170.00,338.00,271.00,217.00,271.00
230.00,178.00,357.00,178.00,357.00,283.00,230.00,283.00
239.00,180.00,361.00,180.00,361.00,285.00,239.00,285.00
244.00,185.00,368.00,185.00,368.00,291.00,244.00,291.00
263.00,207.00,376.00,207.00,376.00,306.00,263.00,306.00
280.00,233.00,392.00,233.00,392.00,332.00,280.00,332.00
290.00,248.00,401.00,248.00,401.00,351.00,290.00,351.00
284.00,246.00,396.00,246.00,396.00,346.00,284.00,346.00
276.00,220.00,383.00,220.00,383.00,319.00,276.00,319.00
258.00,200.00,382.00,200.00,382.00,300.00,258.00,300.00
230.00,196.00,366.00,196.00,366.00,292.00,230.00,292.00
218.00,200.00,333.00,200.00,333.00,297.00,218.00,297.00
219.00,216.00,325.00,216.00,325.00,318.00,219.00,318.00
215.00,227.00,345.00,227.00,345.00,329.00,215.00,329.00
233.00,228.00,356.00,228.00,356.00,324.00,233.00,324.00
254.00,226.00,383.00,226.00,383.00,325.00,254.00,325.00
272.00,232.00,382.00,232.00,382.00,333.00,272.00,333.00
275.00,239.00,383.00,239.00,383.00,342.00,275.00,342.00
270.00,253.00,379.00,253.00,379.00,356.00,270.00,356.00
268.00,255.00,378.00,255.00,378.00,362.00,268.00,362.00
269.00,251.00,378.00,251.00,378.00,360.00,269.00,360.00
271.00,247.00,378.00,247.00,378.00,353.00,271.00,353.00
275.00,238.00,380.00,238.00,380.00,340.00,275.00,340.00
273.00,229.00,383.00,229.00,383.00,333.00,273.00,333.00
265.00,231.00,380.00,231.00,380.00,332.00,265.00,332.00
256.00,238.00,371.00,238.00,371.00,339.00,256.00,339.00
246.00,240.00,362.00,240.00,362.00,341.00,246.00,341.00
252.00,233.00,357.00,233.00,357.00,334.00,252.00,334.00
251.00,218.00,358.00,218.00,358.00,321.00,251.00,321.00
240.00,216.00,362.00,216.00,362.00,318.00,240.00,318.00
241.00,217.00,350.00,217.00,350.00,325.00,241.00,325.00
240.00,223.00,362.00,223.00,362.00,325.00,240.00,325.00
252.00,226.00,380.00,226.00,380.00,325.00,252.00,325.00
276.00,218.00,388.00,218.00,388.00,317.00,276.00,317.00
288.00,203.00,397.00,203.00,397.00,304.00,288.00,304.00
289.00,190.00,398.00,190.00,398.00,295.00,289.00,295.00
281.00,187.00,396.00,187.00,396.00,293.00,281.00,293.00
279.00,193.00,388.00,193.00,388.00,301.00,279.00,301.00
274.00,202.00,387.00,202.00,387.00,307.00,274.00,307.00
244.00,210.00,384.00,210.00,384.00,307.00,244.00,307.00
228.00,201.00,350.00,201.00,350.00,304.00,228.00,304.00
217.00,189.00,331.00,189.00,331.00,294.00,217.00,294.00
220.00,193.00,326.00,193.00,326.00,301.00,220.00,301.00
223.00,220.00,335.00,220.00,335.00,318.00,223.00,318.00
243.00,261.00,358.00,261.00,358.00,358.00,243.00,358.00
261.00,277.00,395.00,277.00,395.00,376.00,261.00,376.00
294.00,260.00,406.00,260.00,406.00,358.00,294.00,358.00
310.00,238.00,420.00,238.00,420.00,340.00,310.00,340.00
306.00,227.00,422.00,227.00,422.00,327.00,306.00,327.00
278.00,220.00,416.00,220.00,416.00,318.00,278.00,318.00
268.00,226.00,384.00,226.00,384.00,323.00,268.00,323.00
227.00,237.00,367.00,237.00,367.00,332.00,227.00,332.00
214.00,233.00,335.00,233.00,335.00,336.00,214.00,336.00
223.00,235.00,369.00,235.00,369.00,328.00,223.00,328.00
263.00,237.00,411.00,237.00,411.00,332.00,263.00,332.00
297.00,234.00,429.00,234.00,429.00,333.00,297.00,333.00
318.00,225.00,442.00,225.00,442.00,326.00,318.00,326.00
328.00,229.00,447.00,229.00,447.00,330.00,328.00,330.00
337.00,234.00,454.00,234.00,454.00,336.00,337.00,336.00
345.00,231.00,453.00,231.00,453.00,338.00,345.00,338.00
343.00,225.00,456.00,225.00,456.00,330.00,343.00,330.00
331.00,228.00,448.00,228.00,448.00,329.00,331.00,329.00
311.00,247.00,423.00,247.00,423.00,343.00,311.00,343.00
288.00,257.00,409.00,257.00,409.00,358.00,288.00,358.00
291.00,253.00,397.00,253.00,397.00,350.00,291.00,350.00
297.00,239.00,412.00,239.00,412.00,341.00,297.00,341.00
304.00,236.00,428.00,236.00,428.00,336.00,304.00,336.00
319.00,248.00,434.00,248.00,434.00,347.00,319.00,347.00
333.00,257.00,460.00,257.00,460.00,354.00,333.00,354.00
355.00,251.00,458.00,251.00,458.00,349.00,355.00,349.00
325.00,208.00,444.00,208.00,444.00,315.00,325.00,315.00
294.00,176.00,413.00,176.00,413.00,283.00,294.00,283.00
276.00,159.00,398.00,159.00,398.00,260.00,276.00,260.00
282.00,169.00,387.00,169.00,387.00,271.00,282.00,271.00
281.00,188.00,385.00,188.00,385.00,287.00,281.00,287.00
267.00,209.00,373.00,209.00,373.00,305.00,267.00,305.00
244.00,227.00,356.00,227.00,356.00,323.00,244.00,323.00
215.00,236.00,342.00,236.00,342.00,335.00,215.00,335.00
210.00,236.00,325.00,236.00,325.00,340.00,210.00,340.00
209.00,240.00,329.00,240.00,329.00,341.00,209.00,341.00
217.00,244.00,347.00,244.00,347.00,340.00,217.00,340.00
241.00,236.00,349.00,236.00,349.00,332.00,241.00,332.00
251.00,206.00,354.00,206.00,354.00,300.00,251.00,300.00
234.00,178.00,346.00,178.00,346.00,276.00,234.00,276.00
227.00,166.00,337.00,166.00,337.00,270.00,227.00,270.00
221.00,175.00,331.00,175.00,331.00,275.00,221.00,275.00
204.00,189.00,315.00,189.00,315.00,287.00,204.00,287.00
186.00,201.00,302.00,201.00,302.00,303.00,186.00,303.00
181.00,201.00,292.00,201.00,292.00,306.00,181.00,306.00
179.00,208.00,286.00,208.00,286.00,310.00,179.00,310.00
177.00,224.00,282.00,224.00,282.00,324.00,177.00,324.00
171.00,231.00,298.00,231.00,298.00,330.00,171.00,330.00
189.00,234.00,325.00,234.00,325.00,328.00,189.00,328.00
226.00,230.00,355.00,230.00,355.00,324.00,226.00,324.00
260.00,221.00,379.00,221.00,379.00,316.00,260.00,316.00
278.00,216.00,409.00,216.00,409.00,311.00,278.00,311.00
304.00,221.00,413.00,221.00,413.00,320.00,304.00,320.00
308.00,237.00,412.00,237.00,412.00,332.00,308.00,332.00
270.00,247.00,402.00,247.00,402.00,339.00,270.00,339.00
229.00,232.00,345.00,232.00,345.00,328.00,229.00,328.00
194.00,216.00,322.00,216.00,322.00,314.00,194.00,314.00
176.00,214.00,297.00,214.00,297.00,310.00,176.00,310.00
172.00,223.00,284.00,223.00,284.00,319.00,172.00,319.00
191.00,228.00,325.00,228.00,325.00,322.00,191.00,322.00
226.00,215.00,333.00,215.00,333.00,311.00,226.00,311.00
238.00,196.00,347.00,196.00,347.00,294.00,238.00,294.00
245.00,193.00,377.00,193.00,377.00,286.00,245.00,286.00
271.00,198.00,409.00,198.00,409.00,290.00,271.00,290.00
302.00,203.00,436.00,203.00,436.00,299.00,302.00,299.00
326.00,202.00,435.00,202.00,435.00,303.00,326.00,303.00
310.00,203.00,441.00,203.00,441.00,301.00,310.00,301.00
282.00,196.00,416.00,196.00,416.00,293.00,282.00,293.00
248.00,176.00,368.00,176.00,368.00,275.00,248.00,275.00
232.00,157.00,336.00,157.00,336.00,255.00,232.00,255.00
236.00,144.00,364.00,144.00,364.00,242.00,236.00,242.00
267.00,138.00,393.00,138.00,393.00,235.00,267.00,235.00
289.00,126.00,398.00,126.00,398.00,226.00,289.00,226.00
296.00,113.00,405.00,113.00,405.00,218.00,296.00,218.00
301.00,125.00,402.00,125.00,402.00,223.00,301.00,223.00
2
0
0
0
0
1
294.00,193.00,385.00,193.00,385.00,285.00,294.00,285.00
290.00,177.00,388.00,177.00,388.00,263.00,290.00,263.00
291.00,155.00,390.00,155.00,390.00,242.00,291.00,242.00
286.00,94.00,386.00,94.00,386.00,182.00,286.00,182.00
303.00,88.00,407.00,88.00,407.00,161.00,303.00,161.00
325.00,109.00,423.00,109.00,423.00,196.00,325.00,196.00
335.00,149.00,432.00,149.00,432.00,235.00,335.00,235.00
325.00,172.00,417.00,172.00,417.00,257.00,325.00,257.00
305.00,189.00,400.00,189.00,400.00,275.00,305.00,275.00
293.00,205.00,388.00,205.00,388.00,294.00,293.00,294.00
281.00,220.00,378.00,220.00,378.00,308.00,281.00,308.00
272.00,236.00,371.00,236.00,371.00,311.00,272.00,311.00
267.00,242.00,362.00,242.00,362.00,318.00,267.00,318.00
268.00,248.00,375.00,248.00,375.00,320.00,268.00,320.00
277.00,241.00,380.00,241.00,380.00,323.00,277.00,323.00
288.00,228.00,385.00,228.00,385.00,314.00,288.00,314.00
294.00,214.00,391.00,214.00,391.00,303.00,294.00,303.00
307.00,202.00,404.00,202.00,404.00,286.00,307.00,286.00
310.00,201.00,413.00,201.00,413.00,272.00,310.00,272.00
316.00,203.00,424.00,203.00,424.00,274.00,316.00,274.00
333.00,206.00,430.00,206.00,430.00,292.00,333.00,292.00
336.00,219.00,428.00,219.00,428.00,316.00,336.00,316.00
318.00,241.00,415.00,241.00,415.00,329.00,318.00,329.00
296.00,259.00,397.00,259.00,397.00,345.00,296.00,345.00
269.00,274.00,378.00,274.00,378.00,345.00,269.00,345.00
262.00,273.00,364.00,273.00,364.00,345.00,262.00,345.00
256.00,264.00,361.00,264.00,361.00,348.00,256.00,348.00
245.00,241.00,348.00,241.00,348.00,333.00,245.00,333.00
242.00,196.00,333.00,196.00,333.00,296.00,242.00,296.00
256.00,190.00,362.00,190.00,362.00,265.00,256.00,265.00
276.00,187.00,384.00,187.00,384.00,258.00,276.00,258.00
291.00,190.00,396.00,190.00,396.00,270.00,291.00,270.00
307.00,201.00,410.00,201.00,410.00,291.00,307.00,291.00
324.00,219.00,427.00,219.00,427.00,309.00,324.00,309.00
343.00,233.00,437.00,233.00,437.00,336.00,343.00,336.00
351.00,256.00,441.00,256.00,441.00,352.00,351.00,352.00
340.00,274.00,445.00,274.00,445.00,347.00,340.00,347.00
321.00,276.00,430.00,276.00,430.00,349.00,321.00,349.00
289.00,279.00,399.00,279.00,399.00,354.00,289.00,354.00
248.00,281.00,359.00,281.00,359.00,355.00,248.00,355.00
213.00,276.00,322.00,276.00,322.00,354.00,213.00,354.00
217.00,250.00,309.00,250.00,309.00,352.00,217.00,352.00
226.00,221.00,316.00,221.00,316.00,327.00,226.00,327.00
227.00,200.00,318.00,200.00,318.00,297.00,227.00,297.00
234.00,197.00,340.00,197.00,340.00,271.00,234.00,271.00
263.00,195.00,373.00,195.00,373.00,268.00,263.00,268.00
290.00,195.00,401.00,195.00,401.00,266.00,290.00,266.00
308.00,198.00,412.00,198.00,412.00,269.00,308.00,269.00
320.00,199.00,413.00,199.00,413.00,280.00,320.00,280.00
325.00,205.00,417.00,205.00,417.00,300.00,325.00,300.00
330.00,219.00,420.00,219.00,420.00,318.00,330.00,318.00
312.00,240.00,415.00,240.00,415.00,318.00,312.00,318.00
272.00,244.00,384.00,244.00,384.00,319.00,272.00,319.00
233.00,242.00,344.00,242.00,344.00,316.00,233.00,316.00
192.00,242.00,302.00,242.00,302.00,317.00,192.00,317.00
178.00,240.00,281.00,240.00,281.00,314.00,178.00,314.00
188.00,239.00,301.00,239.00,301.00,315.00,188.00,315.00
224.00,240.00,335.00,240.00,335.00,317.00,224.00,317.00
251.00,238.00,352.00,238.00,352.00,314.00,251.00,314.00
253.00,235.00,357.00,235.00,357.00,309.00,253.00,309.00
283.00,220.00,387.00,220.00,387.00,315.00,283.00,315.00
335.00,219.00,439.00,219.00,439.00,314.00,335.00,314.00
365.00,216.00,469.00,216.00,469.00,298.00,365.00,298.00
340.00,213.00,453.00,213.00,453.00,289.00,340.00,289.00
296.00,202.00,400.00,202.00,400.00,297.00,296.00,297.00
233.00,200.00,337.00,200.00,337.00,295.00,233.00,295.00
163.00,227.00,266.00,227.00,266.00,300.00,163.00,300.00
162.00,214.00,262.00,214.00,262.00,302.00,162.00,302.00
187.00,190.00,292.00,190.00,292.00,286.00,187.00,286.00
220.00,168.00,316.00,168.00,316.00,259.00,220.00,259.00
218.00,167.00,319.00,167.00,319.00,242.00,218.00,242.00
224.00,168.00,318.00,168.00,318.00,275.00,224.00,275.00
231.00,194.00,336.00,194.00,336.00,289.00,231.00,289.00
240.00,226.00,334.00,226.00,334.00,332.00,240.00,332.00
237.00,248.00,329.00,248.00,329.00,346.00,237.00,346.00
237.00,269.00,342.00,269.00,342.00,349.00,237.00,349.00
246.00,276.00,347.00,276.00,347.00,350.00,246.00,350.00
230.00,266.00,341.00,266.00,341.00,345.00,230.00,345.00
219.00,263.00,318.00,263.00,318.00,340.00,219.00,340.00
224.00,272.00,325.00,272.00,325.00,366.00,224.00,366.00
243.00,293.00,357.00,293.00,357.00,372.00,243.00,372.00
273.00,294.00,372.00,294.00,372.00,373.00,273.00,373.00
276.00,271.00,369.00,271.00,369.00,373.00,276.00,373.00
274.00,244.00,369.00,244.00,369.00,358.00,274.00,358.00
271.00,213.00,377.00,213.00,377.00,309.00,271.00,309.00
271.00,159.00,368.00,159.00,368.00,262.00,271.00,262.00
250.00,160.00,353.00,160.00,353.00,235.00,250.00,235.00
238.00,164.00,336.00,164.00,336.00,257.00,238.00,257.00
227.00,181.00,333.00,181.00,333.00,277.00,227.00,277.00
219.00,220.00,325.00,220.00,325.00,316.00,219.00,316.00
227.00,245.00,323.00,245.00,323.00,347.00,227.00,347.00
229.00,266.00,336.00,266.00,336.00,340.00,229.00,340.00
243.00,251.00,342.00,251.00,342.00,342.00,243.00,342.00
248.00,237.00,341.00,237.00,341.00,329.00,248.00,329.00
245.00,237.00,345.00,237.00,345.00,312.00,245.00,312.00
255.00,233.00,361.00,233.00,361.00,307.00,255.00,307.00
279.00,218.00,380.00,218.00,380.00,306.00,279.00,306.00
279.00,207.00,381.00,207.00,381.00,294.00,279.00,294.00
271.00,193.00,368.00,193.00,368.00,284.00,271.00,284.00
276.00,188.00,379.00,188.00,379.00,266.00,276.00,266.00
291.00,187.00,394.00,187.00,394.00,270.00,291.00,270.00
297.00,195.00,392.00,195.00,392.00,303.00,297.00,303.00
282.00,230.00,379.00,230.00,379.00,334.00,282.00,334.00
274.00,254.00,370.00,254.00,370.00,350.00,274.00,350.00
280.00,273.00,386.00,273.00,386.00,345.00,280.00,345.00
289.00,257.00,388.00,257.00,388.00,351.00,289.00,351.00
273.00,246.00,379.00,246.00,379.00,334.00,273.00,334.00
269.00,244.00,366.00,244.00,366.00,319.00,269.00,319.00
271.00,248.00,372.00,248.00,372.00,319.00,271.00,319.00
274.00,243.00,371.00,243.00,371.00,319.00,274.00,319.00
265.00,234.00,368.00,234.00,368.00,315.00,265.00,315.00
257.00,229.00,360.00,229.00,360.00,303.00,257.00,303.00
256.00,228.00,353.00,228.00,353.00,306.00,256.00,306.00
249.00,235.00,350.00,235.00,350.00,309.00,249.00,309.00
236.00,238.00,341.00,238.00,341.00,310.00,236.00,310.00
238.00,233.00,339.00,233.00,339.00,308.00,238.00,308.00
259.00,228.00,369.00,228.00,369.00,303.00,259.00,303.00
284.00,230.00,386.00,230.00,386.00,309.00,284.00,309.00
273.00,238.00,379.00,238.00,379.00,318.00,273.00,318.00
255.00,249.00,358.00,249.00,358.00,321.00,255.00,321.00
253.00,247.00,354.00,247.00,354.00,324.00,253.00,324.00
263.00,230.00,362.00,230.00,362.00,321.00,263.00,321.00
269.00,221.00,365.00,221.00,365.00,306.00,269.00,306.00
268.00,222.00,365.00,222.00,365.00,297.00,268.00,297.00
270.00,227.00,374.00,227.00,374.00,303.00,270.00,303.00
278.00,232.00,381.00,232.00,381.00,304.00,278.00,304.00
276.00,233.00,380.00,233.00,380.00,304.00,276.00,304.00
271.00,229.00,369.00,229.00,369.00,307.00,271.00,307.00
270.00,225.00,368.00,225.00,368.00,300.00,270.00,300.00
274.00,227.00,372.00,227.00,372.00,307.00,274.00,307.00
277.00,231.00,373.00,231.00,373.00,322.00,277.00,322.00
268.00,246.00,367.00,246.00,367.00,333.00,268.00,333.00
266.00,257.00,362.00,257.00,362.00,330.00,266.00,330.00
275.00,240.00,372.00,240.00,372.00,327.00,275.00,327.00
287.00,227.00,381.00,227.00,381.00,311.00,287.00,311.00
284.00,229.00,382.00,229.00,382.00,300.00,284.00,300.00
276.00,231.00,373.00,231.00,373.00,318.00,276.00,318.00
267.00,247.00,366.00,247.00,366.00,323.00,267.00,323.00
269.00,234.00,362.00,234.00,362.00,327.00,269.00,327.00
274.00,216.00,363.00,216.00,363.00,309.00,274.00,309.00
271.00,215.00,373.00,215.00,373.00,289.00,271.00,289.00
277.00,213.00,371.00,213.00,371.00,307.00,277.00,307.00
277.00,228.00,372.00,228.00,372.00,322.00,277.00,322.00
267.00,244.00,368.00,244.00,368.00,320.00,267.00,320.00
265.00,246.00,362.00,246.00,362.00,322.00,265.00,322.00
267.00,240.00,365.00,240.00,365.00,318.00,267.00,318.00
269.00,237.00,367.00,237.00,367.00,312.00,269.00,312.00
260.00,238.00,360.00,238.00,360.00,314.00,260.00,314.00
253.00,242.00,347.00,242.00,347.00,334.00,253.00,334.00
251.00,255.00,344.00,255.00,344.00,337.00,251.00,337.00
252.00,255.00,347.00,255.00,347.00,337.00,252.00,337.00
255.00,242.00,346.00,242.00,346.00,331.00,255.00,331.00
252.00,243.00,350.00,243.00,350.00,320.00,252.00,320.00
251.00,244.00,344.00,244.00,344.00,337.00,251.00,337.00
252.00,256.00,347.00,256.00,347.00,347.00,252.00,347.00
252.00,266.00,350.00,266.00,350.00,345.00,252.00,345.00
252.00,269.00,350.00,269.00,350.00,346.00,252.00,346.00
252.00,268.00,349.00,268.00,349.00,347.00,252.00,347.00
249.00,263.00,348.00,263.00,348.00,344.00,249.00,344.00
241.00,257.00,341.00,257.00,341.00,333.00,241.00,333.00
241.00,246.00,338.00,246.00,338.00,336.00,241.00,336.00
246.00,229.00,338.00,229.00,338.00,326.00,246.00,326.00
242.00,227.00,337.00,227.00,337.00,307.00,242.00,307.00
240.00,227.00,337.00,227.00,337.00,306.00,240.00,306.00
241.00,231.00,342.00,231.00,342.00,307.00,241.00,307.00
247.00,226.00,346.00,226.00,346.00,309.00,247.00,309.00
252.00,215.00,348.00,215.00,348.00,300.00,252.00,300.00
252.00,215.00,349.00,215.00,349.00,295.00,252.00,295.00
256.00,218.00,348.00,218.00,348.00,314.00,256.00,314.00
258.00,233.00,349.00,233.00,349.00,329.00,258.00,329.00
256.00,249.00,352.00,249.00,352.00,326.00,256.00,326.00
256.00,244.00,353.00,244.00,353.00,328.00,256.00,328.00
255.00,237.00,353.00,237.00,353.00,317.00,255.00,317.00
264.00,232.00,365.00,232.00,365.00,307.00,264.00,307.00
269.00,232.00,361.00,232.00,361.00,317.00,269.00,317.00
263.00,243.00,363.00,243.00,363.00,320.00,263.00,320.00
252.00,248.00,355.00,248.00,355.00,322.00,252.00,322.00
252.00,243.00,351.00,243.00,351.00,326.00,252.00,326.00
257.00,230.00,350.00,230.00,350.00,320.00,257.00,320.00
252.00,232.00,354.00,232.00,354.00,306.00,252.00,306.00
244.00,236.00,339.00,236.00,339.00,332.00,244.00,332.00
239.00,252.00,337.00,252.00,337.00,340.00,239.00,340.00
236.00,262.00,339.00,262.00,339.00,337.00,236.00,337.00
247.00,259.00,354.00,259.00,354.00,336.00,247.00,336.00
271.00,244.00,371.00,244.00,371.00,332.00,271.00,332.00
279.00,237.00,379.00,237.00,379.00,314.00,279.00,314.00
261.00,240.00,364.00,240.00,364.00,323.00,261.00,323.00
246.00,251.00,346.00,251.00,346.00,337.00,246.00,337.00
257.00,263.00,367.00,263.00,367.00,340.00,257.00,340.00
286.00,253.00,382.00,253.00,382.00,343.00,286.00,343.00
272.00,239.00,382.00,239.00,382.00,326.00,272.00,326.00
251.00,236.00,360.00,236.00,360.00,309.00,251.00,309.00
239.00,237.00,343.00,237.00,343.00,312.00,239.00,312.00
237.00,239.00,334.00,239.00,334.00,315.00,237.00,315.00
240.00,239.00,342.00,239.00,342.00,315.00,240.00,315.00
238.00,236.00,340.00,236.00,340.00,313.00,238.00,313.00
233.00,236.00,337.00,236.00,337.00,312.00,233.00,312.00
233.00,236.00,335.00,236.00,335.00,313.00,233.00,313.00
241.00,239.00,342.00,239.00,342.00,326.00,241.00,326.00
243.00,248.00,339.00,248.00,339.00,337.00,243.00,337.00
246.00,261.00,362.00,261.00,362.00,339.00,246.00,339.00
300.00,259.00,410.00,259.00,410.00,338.00,300.00,338.00
313.00,253.00,419.00,253.00,419.00,330.00,313.00,330.00
280.00,254.00,389.00,254.00,389.00,333.00,280.00,333.00
236.00,262.00,343.00,262.00,343.00,349.00,236.00,349.00
219.00,276.00,318.00,276.00,318.00,358.00,219.00,358.00
221.00,281.00,330.00,281.00,330.00,357.00,221.00,357.00
246.00,271.00,353.00,271.00,353.00,351.00,246.00,351.00
254.00,265.00,358.00,265.00,358.00,343.00,254.00,343.00
239.00,268.00,350.00,268.00,350.00,346.00,239.00,346.00
222.00,268.00,331.00,268.00,331.00,346.00,222.00,346.00
216.00,270.00,319.00,270.00,319.00,349.00,216.00,349.00
219.00,273.00,330.00,273.00,330.00,351.00,219.00,351.00
240.00,274.00,345.00,274.00,345.00,350.00,240.00,350.00
248.00,263.00,343.00,263.00,343.00,352.00,248.00,352.00
246.00,262.00,344.00,262.00,344.00,339.00,246.00,339.00
235.00,259.00,340.00,259.00,340.00,334.00,235.00,334.00
239.00,253.00,338.00,253.00,338.00,333.00,239.00,333.00
248.00,244.00,347.00,244.00,347.00,324.00,248.00,324.00
252.00,237.00,346.00,237.00,346.00,316.00,252.00,316.00
249.00,233.00,344.00,233.00,344.00,312.00,249.00,312.00
251.00,223.00,343.00,223.00,343.00,308.00,251.00,308.00
249.00,223.00,352.00,223.00,352.00,298.00,249.00,298.00
258.00,226.00,349.00,226.00,349.00,326.00,258.00,326.00
250.00,252.00,340.00,252.00,340.00,355.00,250.00,355.00
235.00,286.00,331.00,286.00,331.00,380.00,235.00,380.00
235.00,287.00,329.00,287.00,329.00,380.00,235.00,380.00
245.00,264.00,337.00,264.00,337.00,361.00,245.00,361.00
250.00,245.00,346.00,245.00,346.00,339.00,250.00,339.00
259.00,228.00,354.00,228.00,354.00,322.00,259.00,322.00
265.00,211.00,357.00,211.00,357.00,306.00,265.00,306.00
256.00,199.00,353.00,199.00,353.00,289.00,256.00,289.00
254.00,184.00,343.00,184.00,343.00,275.00,254.00,275.00
256.00,169.00,348.00,169.00,348.00,261.00,256.00,261.00
256.00,169.00,357.00,169.00,357.00,244.00,256.00,244.00
265.00,169.00,364.00,169.00,364.00,261.00,265.00,261.00
274.00,182.00,367.00,182.00,367.00,285.00,274.00,285.00
273.00,208.00,373.00,208.00,373.00,301.00,273.00,301.00
281.00,239.00,374.00,239.00,374.00,332.00,281.00,332.00
283.00,235.00,374.00,235.00,374.00,332.00,283.00,332.00
280.00,211.00,371.00,211.00,371.00,314.00,280.00,314.00
278.00,205.00,373.00,205.00,373.00,287.00,278.00,287.00
286.00,206.00,396.00,206.00,396.00,282.00,286.00,282.00
310.00,212.00,416.00,212.00,416.00,293.00,310.00,293.00
319.00,221.00,416.00,221.00,416.00,302.00,319.00,302.00
304.00,229.00,407.00,229.00,407.00,303.00,304.00,303.00
296.00,230.00,394.00,230.00,394.00,306.00,296.00,306.00
297.00,231.00,391.00,231.00,391.00,320.00,297.00,320.00
303.00,242.00,392.00,242.00,392.00,347.00,303.00,347.00
310.00,270.00,407.00,270.00,407.00,365.00,310.00,365.00
316.00,285.00,411.00,285.00,411.00,363.00,316.00,363.00
306.00,269.00,406.00,269.00,406.00,361.00,306.00,361.00
299.00,244.00,389.00,244.00,389.00,349.00,299.00,349.00
298.00,225.00,384.00,225.00,384.00,326.00,298.00,326.00
295.00,208.00,384.00,208.00,384.00,302.00,295.00,302.00
290.00,207.00,382.00,207.00,382.00,286.00,290.00,286.00
292.00,210.00,381.00,210.00,381.00,301.00,292.00,301.00
294.00,226.00,397.00,226.00,397.00,307.00,294.00,307.00
309.00,236.00,406.00,236.00,406.00,311.00,309.00,311.00
312.00,239.00,407.00,239.00,407.00,317.00,312.00,317.00
307.00,245.00,401.00,245.00,401.00,325.00,307.00,325.00
300.00,254.00,397.00,254.00,397.00,334.00,300.00,334.00
296.00,255.00,388.00,255.00,388.00,336.00,296.00,336.00
298.00,240.00,384.00,240.00,384.00,333.00,298.00,333.00
299.00,224.00,384.00,224.00,384.00,321.00,299.00,321.00
300.00,212.00,388.00,212.00,388.00,301.00,300.00,301.00
303.00,207.00,390.00,207.00,390.00,289.00,303.00,289.00
300.00,204.00,392.00,204.00,392.00,282.00,300.00,282.00
300.00,205.00,398.00,205.00,398.00,280.00,300.00,280.00
309.00,210.00,408.00,210.00,408.00,289.00,309.00,289.00
327.00,220.00,424.00,220.00,424.00,311.00,327.00,311.00
336.00,238.00,423.00,238.00,423.00,335.00,336.00,335.00
308.00,258.00,408.00,258.00,408.00,338.00,308.00,338.00
274.00,261.00,379.00,261.00,379.00,337.00,274.00,337.00
256.00,256.00,359.00,256.00,359.00,332.00,256.00,332.00
243.00,236.00,340.00,236.00,340.00,335.00,243.00,335.00
231.00,227.00,329.00,227.00,329.00,319.00,231.00,319.00
230.00,196.00,326.00,196.00,326.00,286.00,230.00,286.00
246.00,181.00,344.00,181.00,344.00,258.00,246.00,258.00
262.00,181.00,360.00,181.00,360.00,268.00,262.00,268.00
280.00,191.00,368.00,191.00,368.00,288.00,280.00,288.00
283.00,208.00,368.00,208.00,368.00,292.00,283.00,292.00
283.00,212.00,377.00,212.00,377.00,289.00,283.00,289.00
288.00,217.00,382.00,217.00,382.00,292.00,288.00,292.00
294.00,219.00,381.00,219.00,381.00,294.00,294.00,294.00
298.00,219.00,380.00,219.00,380.00,298.00,298.00,298.00
292.00,219.00,382.00,219.00,382.00,299.00,292.00,299.00
