1
243.00,166.00,359.00,166.00,359.00,285.00,243.00,285.00
230.00,182.00,351.00,182.00,351.00,289.00,230.00,289.00
217.00,197.00,332.00,197.00,332.00,305.00,217.00,305.00
206.00,206.00,330.00,206.00,330.00,321.00,206.00,321.00
216.00,202.00,331.00,202.00,331.00,318.00,216.00,318.00
215.00,192.00,331.00,192.00,331.00,310.00,215.00,310.00
205.00,196.00,335.00,196.00,335.00,306.00,205.00,306.00
180.00,211.00,310.00,211.00,310.00,318.00,180.00,318.00
144.00,246.00,267.00,246.00,267.00,353.00,144.00,353.00
211.00,250.00,357.00,250.00,357.00,356.00,211.00,356.00
243.00,224.00,360.00,224.00,360.00,338.00,243.00,338.00
213.00,203.00,354.00,203.00,354.00,319.00,213.00,319.00
210.00,197.00,335.00,197.00,335.00,316.00,210.00,316.00
194.00,200.00,334.00,200.00,334.00,309.00,194.00,309.00
189.00,205.00,308.00,205.00,308.00,318.00,189.00,318.00
185.00,212.00,313.00,212.00,313.00,328.00,185.00,328.00
198.00,210.00,321.00,210.00,321.00,321.00,198.00,321.00
217.00,183.00,334.00,183.00,334.00,295.00,217.00,295.00
212.00,150.00,330.00,150.00,330.00,263.00,212.00,263.00
189.00,140.00,319.00,140.00,319.00,251.00,189.00,251.00
199.00,161.00,318.00,161.00,318.00,267.00,199.00,267.00
223.00,190.00,344.00,190.00,344.00,297.00,223.00,297.00
248.00,226.00,373.00,226.00,373.00,335.00,248.00,335.00
264.00,236.00,387.00,236.00,387.00,351.00,264.00,351.00
242.00,240.00,386.00,240.00,386.00,350.00,242.00,350.00
235.00,243.00,360.00,243.00,360.00,358.00,235.00,358.00
230.00,244.00,356.00,244.00,356.00,363.00,230.00,363.00
227.00,237.00,346.00,237.00,346.00,353.00,227.00,353.00
224.00,221.00,339.00,221.00,339.00,337.00,224.00,337.00
223.00,211.00,338.00,211.00,338.00,329.00,223.00,329.00
225.00,206.00,349.00,206.00,349.00,317.00,225.00,317.00
241.00,194.00,355.00,194.00,355.00,305.00,241.00,305.00
238.00,175.00,354.00,175.00,354.00,287.00,238.00,287.00
223.00,155.00,341.00,155.00,341.00,269.00,223.00,269.00
222.00,132.00,333.00,132.00,333.00,246.00,222.00,246.00
216.00,117.00,354.00,117.00,354.00,230.00,216.00,230.00
233.00,123.00,367.00,123.00,367.00,238.00,233.00,238.00
246.00,127.00,370.00,127.00,370.00,244.00,246.00,244.00
254.00,138.00,368.00,138.00,368.00,253.00,254.00,253.00
267.00,172.00,379.00,172.00,379.00,282.00,267.00,282.00
267.00,213.00,381.00,213.00,381.00,325.00,267.00,325.00
266.00,227.00,390.00,227.00,390.00,346.00,266.00,346.00
274.00,228.00,388.00,228.00,388.00,349.00,274.00,349.00
267.00,226.00,388.00,226.00,388.00,346.00,267.00,346.00
263.00,209.00,376.00,209.00,376.00,333.00,263.00,333.00
265.00,200.00,376.00,200.00,376.00,326.00,265.00,326.00
267.00,191.00,379.00,191.00,379.00,312.00,267.00,312.00
269.00,159.00,379.00,159.00,379.00,283.00,269.00,283.00
266.00,148.00,379.00,148.00,379.00,274.00,266.00,274.00
272.00,168.00,383.00,168.00,383.00,294.00,272.00,294.00
261.00,172.00,384.00,172.00,384.00,294.00,261.00,294.00
263.00,169.00,379.00,169.00,379.00,292.00,263.00,292.00
265.00,169.00,383.00,169.00,383.00,295.00,265.00,295.00
269.00,173.00,393.00,173.00,393.00,298.00,269.00,298.00
284.00,189.00,394.00,189.00,394.00,306.00,284.00,306.00
275.00,203.00,395.00,203.00,395.00,315.00,275.00,315.00
241.00,209.00,390.00,209.00,390.00,319.00,241.00,319.00
207.00,205.00,356.00,205.00,356.00,314.00,207.00,314.00
193.00,199.00,321.00,199.00,321.00,320.00,193.00,320.00
195.00,200.00,332.00,200.00,332.00,313.00,195.00,313.00
215.00,203.00,365.00,203.00,365.00,314.00,215.00,314.00
248.00,206.00,400.00,206.00,400.00,314.00,248.00,314.00
291.00,207.00,443.00,207.00,443.00,319.00,291.00,319.00
328.00,208.00,452.00,208.00,452.00,330.00,328.00,330.00
319.00,212.00,453.00,212.00,453.00,331.00,319.00,331.00
307.00,206.00,429.00,206.00,429.00,324.00,307.00,324.00
284.00,184.00,410.00,184.00,410.00,304.00,284.00,304.00
253.00,157.00,381.00,157.00,381.00,276.00,253.00,276.00
236.00,150.00,360.00,150.00,360.00,269.00,236.00,269.00
238.00,168.00,354.00,168.00,354.00,279.00,238.00,279.00
247.00,184.00,363.00,184.00,363.00,297.00,247.00,297.00
253.00,196.00,368.00,196.00,368.00,310.00,253.00,310.00
260.00,207.00,396.00,207.00,396.00,323.00,260.00,323.00
284.00,217.00,421.00,217.00,421.00,334.00,284.00,334.00
305.00,228.00,423.00,228.00,423.00,345.00,305.00,345.00
302.00,238.00,422.00,238.00,422.00,351.00,302.00,351.00
289.00,244.00,417.00,244.00,417.00,358.00,289.00,358.00
275.00,242.00,410.00,242.00,410.00,355.00,275.00,355.00
245.00,231.00,388.00,231.00,388.00,345.00,245.00,345.00
214.00,224.00,363.00,224.00,363.00,333.00,214.00,333.00
208.00,224.00,329.00,224.00,329.00,336.00,208.00,336.00
206.00,226.00,328.00,226.00,328.00,346.00,206.00,346.00
214.00,227.00,336.00,227.00,336.00,338.00,214.00,338.00
236.00,206.00,352.00,206.00,352.00,316.00,236.00,316.00
250.00,182.00,367.00,182.00,367.00,297.00,250.00,297.00
264.00,153.00,382.00,153.00,382.00,261.00,264.00,261.00
275.00,139.00,430.00,139.00,430.00,247.00,275.00,247.00
307.00,138.00,443.00,138.00,443.00,254.00,307.00,254.00
326.00,152.00,443.00,152.00,443.00,269.00,326.00,269.00
324.00,166.00,441.00,166.00,441.00,282.00,324.00,282.00
304.00,177.00,435.00,177.00,435.00,287.00,304.00,287.00
286.00,189.00,413.00,189.00,413.00,298.00,286.00,298.00
263.00,206.00,384.00,206.00,384.00,315.00,263.00,315.00
240.00,222.00,369.00,222.00,369.00,334.00,240.00,334.00
223.00,220.00,360.00,220.00,360.00,339.00,223.00,339.00
214.00,211.00,340.00,211.00,340.00,330.00,214.00,330.00
200.00,198.00,335.00,198.00,335.00,318.00,200.00,318.00
200.00,193.00,321.00,193.00,321.00,316.00,200.00,316.00
209.00,193.00,332.00,193.00,332.00,304.00,209.00,304.00
226.00,176.00,346.00,176.00,346.00,285.00,226.00,285.00
234.00,163.00,372.00,163.00,372.00,275.00,234.00,275.00
250.00,167.00,382.00,167.00,382.00,284.00,250.00,284.00
275.00,190.00,393.00,190.00,393.00,298.00,275.00,298.00
292.00,216.00,415.00,216.00,415.00,327.00,292.00,327.00
301.00,216.00,421.00,216.00,421.00,334.00,301.00,334.00
283.00,205.00,412.00,205.00,412.00,319.00,283.00,319.00
234.00,189.00,390.00,189.00,390.00,295.00,234.00,295.00
197.00,194.00,341.00,194.00,341.00,299.00,197.00,299.00
175.00,209.00,292.00,209.00,292.00,315.00,175.00,315.00
164.00,227.00,279.00,227.00,279.00,342.00,164.00,342.00
159.00,233.00,281.00,233.00,281.00,346.00,159.00,346.00
179.00,218.00,293.00,218.00,293.00,324.00,179.00,324.00
201.00,191.00,316.00,191.00,316.00,296.00,201.00,296.00
216.00,171.00,348.00,171.00,348.00,278.00,216.00,278.00
231.00,170.00,346.00,170.00,346.00,286.00,231.00,286.00
232.00,191.00,344.00,191.00,344.00,303.00,232.00,303.00
221.00,201.00,342.00,201.00,342.00,315.00,221.00,315.00
222.00,200.00,334.00,200.00,334.00,314.00,222.00,314.00
225.00,191.00,351.00,191.00,351.00,303.00,225.00,303.00
234.00,189.00,356.00,189.00,356.00,310.00,234.00,310.00
234.00,205.00,350.00,205.00,350.00,314.00,234.00,314.00
218.00,218.00,344.00,218.00,344.00,327.00,218.00,327.00
200.00,216.00,332.00,216.00,332.00,332.00,200.00,332.00
205.00,206.00,317.00,206.00,317.00,320.00,205.00,320.00
197.00,186.00,316.00,186.00,316.00,305.00,197.00,305.00
194.00,181.00,311.00,181.00,311.00,302.00,194.00,302.00
197.00,202.00,314.00,202.00,314.00,316.00,197.00,316.00
208.00,228.00,322.00,228.00,322.00,340.00,208.00,340.00
203.00,248.00,323.00,248.00,323.00,361.00,203.00,361.00
201.00,246.00,315.00,246.00,315.00,361.00,201.00,361.00
202.00,223.00,315.00,223.00,315.00,334.00,202.00,334.00
200.00,199.00,315.00,199.00,315.00,312.00,200.00,312.00
185.00,180.00,312.00,180.00,312.00,295.00,185.00,295.00
160.00,169.00,301.00,169.00,301.00,282.00,160.00,282.00
163.00,179.00,276.00,179.00,276.00,293.00,163.00,293.00
165.00,191.00,292.00,191.00,292.00,304.00,165.00,304.00
172.00,196.00,313.00,196.00,313.00,310.00,172.00,310.00
188.00,200.00,335.00,200.00,335.00,308.00,188.00,308.00
214.00,206.00,353.00,206.00,353.00,319.00,214.00,319.00
241.00,220.00,372.00,220.00,372.00,333.00,241.00,333.00
264.00,233.00,403.00,233.00,403.00,348.00,264.00,348.00
289.00,237.00,417.00,237.00,417.00,352.00,289.00,352.00
272.00,233.00,414.00,233.00,414.00,348.00,272.00,348.00
229.00,223.00,380.00,223.00,380.00,330.00,229.00,330.00
186.00,215.00,337.00,215.00,337.00,320.00,186.00,320.00
154.00,215.00,301.00,215.00,301.00,319.00,154.00,319.00
123.00,224.00,267.00,224.00,267.00,325.00,123.00,325.00
98.00,218.00,235.00,218.00,235.00,329.00,98.00,329.00
115.00,214.00,242.00,214.00,242.00,315.00,115.00,315.00
151.00,200.00,302.00,200.00,302.00,303.00,151.00,303.00
202.00,191.00,346.00,191.00,346.00,295.00,202.00,295.00
223.00,179.00,346.00,179.00,346.00,298.00,223.00,298.00
223.00,181.00,345.00,181.00,345.00,301.00,223.00,301.00
228.00,195.00,353.00,195.00,353.00,309.00,228.00,309.00
239.00,206.00,357.00,206.00,357.00,322.00,239.00,322.00
212.00,213.00,364.00,213.00,364.00,321.00,212.00,321.00
173.00,216.00,331.00,216.00,331.00,324.00,173.00,324.00
162.00,218.00,293.00,218.00,293.00,331.00,162.00,331.00
160.00,222.00,307.00,222.00,307.00,330.00,160.00,330.00
194.00,216.00,348.00,216.00,348.00,321.00,194.00,321.00
241.00,208.00,396.00,208.00,396.00,317.00,241.00,317.00
271.00,204.00,396.00,204.00,396.00,327.00,271.00,327.00
258.00,207.00,394.00,207.00,394.00,325.00,258.00,325.00
252.00,201.00,375.00,201.00,375.00,316.00,252.00,316.00
243.00,188.00,373.00,188.00,373.00,309.00,243.00,309.00
244.00,184.00,362.00,184.00,362.00,304.00,244.00,304.00
241.00,181.00,377.00,181.00,377.00,295.00,241.00,295.00
259.00,186.00,389.00,186.00,389.00,300.00,259.00,300.00
272.00,195.00,390.00,195.00,390.00,311.00,272.00,311.00
249.00,199.00,394.00,199.00,394.00,308.00,249.00,308.00
228.00,209.00,361.00,209.00,361.00,311.00,228.00,311.00
206.00,228.00,323.00,228.00,323.00,334.00,206.00,334.00
177.00,240.00,305.00,240.00,305.00,350.00,177.00,350.00
167.00,240.00,296.00,240.00,296.00,358.00,167.00,358.00
171.00,241.00,304.00,241.00,304.00,353.00,171.00,353.00
189.00,235.00,330.00,235.00,330.00,346.00,189.00,346.00
200.00,228.00,333.00,228.00,333.00,346.00,200.00,346.00
177.00,228.00,323.00,228.00,323.00,338.00,177.00,338.00
164.00,220.00,300.00,220.00,300.00,339.00,164.00,339.00
166.00,214.00,289.00,214.00,289.00,332.00,166.00,332.00
176.00,214.00,329.00,214.00,329.00,320.00,176.00,320.00
224.00,211.00,370.00,211.00,370.00,317.00,224.00,317.00
268.00,196.00,402.00,196.00,402.00,307.00,268.00,307.00
262.00,189.00,408.00,189.00,408.00,302.00,262.00,302.00
225.00,185.00,381.00,185.00,381.00,295.00,225.00,295.00
195.00,176.00,343.00,176.00,343.00,291.00,195.00,291.00
181.00,174.00,326.00,174.00,326.00,287.00,181.00,287.00
166.00,177.00,308.00,177.00,308.00,290.00,166.00,290.00
160.00,178.00,289.00,178.00,289.00,298.00,160.00,298.00
157.00,182.00,303.00,182.00,303.00,297.00,157.00,297.00
186.00,184.00,349.00,184.00,349.00,294.00,186.00,294.00
239.00,191.00,401.00,191.00,401.00,298.00,239.00,298.00
282.00,185.00,416.00,185.00,416.00,303.00,282.00,303.00
277.00,181.00,419.00,181.00,419.00,299.00,277.00,299.00
257.00,186.00,406.00,186.00,406.00,299.00,257.00,299.00
237.00,193.00,385.00,193.00,385.00,305.00,237.00,305.00
221.00,202.00,355.00,202.00,355.00,316.00,221.00,316.00
188.00,208.00,344.00,208.00,344.00,316.00,188.00,316.00
159.00,193.00,301.00,193.00,301.00,312.00,159.00,312.00
129.00,179.00,273.00,179.00,273.00,298.00,129.00,298.00
129.00,176.00,266.00,176.00,266.00,293.00,129.00,293.00
142.00,181.00,292.00,181.00,292.00,292.00,142.00,292.00
171.00,183.00,318.00,183.00,318.00,302.00,171.00,302.00
186.00,185.00,314.00,185.00,314.00,306.00,186.00,306.00
189.00,178.00,305.00,178.00,305.00,302.00,189.00,302.00
189.00,174.00,312.00,174.00,312.00,289.00,189.00,289.00
196.00,163.00,329.00,163.00,329.00,279.00,196.00,279.00
208.00,165.00,333.00,165.00,333.00,282.00,208.00,282.00
212.00,174.00,329.00,174.00,329.00,293.00,212.00,293.00
202.00,188.00,322.00,188.00,322.00,300.00,202.00,300.00
201.00,201.00,315.00,201.00,315.00,321.00,201.00,321.00
209.00,228.00,330.00,228.00,330.00,344.00,209.00,344.00
220.00,242.00,336.00,242.00,336.00,358.00,220.00,358.00
194.00,244.00,338.00,244.00,338.00,359.00,194.00,359.00
187.00,236.00,308.00,236.00,308.00,351.00,187.00,351.00
184.00,212.00,297.00,212.00,297.00,326.00,184.00,326.00
182.00,170.00,296.00,170.00,296.00,291.00,182.00,291.00
179.00,152.00,312.00,152.00,312.00,265.00,179.00,265.00
192.00,153.00,328.00,153.00,328.00,270.00,192.00,270.00
211.00,167.00,339.00,167.00,339.00,283.00,211.00,283.00
228.00,179.00,361.00,179.00,361.00,296.00,228.00,296.00
236.00,179.00,361.00,179.00,361.00,297.00,236.00,297.00
222.00,181.00,359.00,181.00,359.00,291.00,222.00,291.00
201.00,191.00,335.00,191.00,335.00,296.00,201.00,296.00
184.00,198.00,309.00,198.00,309.00,308.00,184.00,308.00
182.00,206.00,298.00,206.00,298.00,321.00,182.00,321.00
186.00,209.00,303.00,209.00,303.00,325.00,186.00,325.00
186.00,204.00,300.00,204.00,300.00,317.00,186.00,317.00
186.00,185.00,297.00,185.00,297.00,297.00,186.00,297.00
190.00,164.00,317.00,164.00,317.00,269.00,190.00,269.00
212.00,159.00,363.00,159.00,363.00,267.00,212.00,267.00
254.00,164.00,397.00,164.00,397.00,277.00,254.00,277.00
293.00,184.00,406.00,184.00,406.00,296.00,293.00,296.00
299.00,201.00,411.00,201.00,411.00,321.00,299.00,321.00
292.00,212.00,408.00,212.00,408.00,331.00,292.00,331.00
286.00,217.00,416.00,217.00,416.00,331.00,286.00,331.00
295.00,212.00,415.00,212.00,415.00,330.00,295.00,330.00
278.00,219.00,413.00,219.00,413.00,328.00,278.00,328.00
247.00,226.00,394.00,226.00,394.00,329.00,247.00,329.00
228.00,224.00,359.00,224.00,359.00,333.00,228.00,333.00
228.00,231.00,343.00,231.00,343.00,343.00,228.00,343.00
207.00,235.00,343.00,235.00,343.00,345.00,207.00,345.00
207.00,229.00,319.00,229.00,319.00,342.00,207.00,342.00
210.00,210.00,322.00,210.00,322.00,322.00,210.00,322.00
211.00,199.00,327.00,199.00,327.00,315.00,211.00,315.00
212.00,199.00,341.00,199.00,341.00,307.00,212.00,307.00
223.00,199.00,361.00,199.00,361.00,303.00,223.00,303.00
248.00,191.00,365.00,191.00,365.00,300.00,248.00,300.00
257.00,175.00,370.00,175.00,370.00,290.00,257.00,290.00
255.00,161.00,378.00,161.00,378.00,274.00,255.00,274.00
273.00,182.00,385.00,182.00,385.00,291.00,273.00,291.00
287.00,217.00,395.00,217.00,395.00,327.00,287.00,327.00
278.00,244.00,389.00,244.00,389.00,354.00,278.00,354.00
253.00,252.00,383.00,252.00,383.00,361.00,253.00,361.00
257.00,235.00,366.00,235.00,366.00,346.00,257.00,346.00
249.00,194.00,359.00,194.00,359.00,304.00,249.00,304.00
241.00,163.00,353.00,163.00,353.00,275.00,241.00,275.00
229.00,152.00,357.00,152.00,357.00,265.00,229.00,265.00
215.00,162.00,341.00,162.00,341.00,269.00,215.00,269.00
202.00,166.00,324.00,166.00,324.00,278.00,202.00,278.00
205.00,169.00,337.00,169.00,337.00,271.00,205.00,271.00
240.00,158.00,365.00,158.00,365.00,259.00,240.00,259.00
260.00,144.00,382.00,144.00,382.00,249.00,260.00,249.00
272.00,137.00,395.00,137.00,395.00,247.00,272.00,247.00
276.00,155.00,389.00,155.00,389.00,265.00,276.00,265.00
256.00,173.00,375.00,173.00,375.00,279.00,256.00,279.00
235.00,183.00,360.00,183.00,360.00,290.00,235.00,290.00
232.00,181.00,350.00,181.00,350.00,296.00,232.00,296.00
232.00,180.00,358.00,180.00,358.00,292.00,232.00,292.00
244.00,182.00,360.00,182.00,360.00,295.00,244.00,295.00
230.00,198.00,357.00,198.00,357.00,305.00,230.00,305.00
199.00,207.00,332.00,207.00,332.00,311.00,199.00,311.00
195.00,205.00,317.00,205.00,317.00,318.00,195.00,318.00
207.00,201.00,325.00,201.00,325.00,308.00,207.00,308.00
221.00,184.00,343.00,184.00,343.00,290.00,221.00,290.00
232.00,177.00,357.00,177.00,357.00,293.00,232.00,293.00
239.00,184.00,352.00,184.00,352.00,302.00,239.00,302.00
238.00,191.00,348.00,191.00,348.00,311.00,238.00,311.00
233.00,196.00,352.00,196.00,352.00,311.00,233.00,311.00
222.00,205.00,348.00,205.00,348.00,313.00,222.00,313.00
208.00,217.00,325.00,217.00,325.00,326.00,208.00,326.00
205.00,227.00,320.00,227.00,320.00,342.00,205.00,342.00
208.00,232.00,336.00,232.00,336.00,344.00,208.00,344.00
219.00,224.00,331.00,224.00,331.00,341.00,219.00,341.00
205.00,219.00,333.00,219.00,333.00,335.00,205.00,335.00
209.00,216.00,325.00,216.00,325.00,331.00,209.00,331.00
217.00,212.00,338.00,212.00,338.00,322.00,217.00,322.00
250.00,184.00,364.00,184.00,364.00,291.00,250.00,291.00
272.00,160.00,387.00,160.00,387.00,268.00,272.00,268.00
277.00,154.00,389.00,154.00,389.00,268.00,277.00,268.00
282.00,165.00,390.00,165.00,390.00,279.00,282.00,279.00
274.00,192.00,384.00,192.00,384.00,306.00,274.00,306.00
268.00,211.00,378.00,211.00,378.00,325.00,268.00,325.00
251.00,223.00,382.00,223.00,382.00,333.00,251.00,333.00
224.00,223.00,369.00,223.00,369.00,329.00,224.00,329.00
212.00,223.00,335.00,223.00,335.00,331.00,212.00,331.00
212.00,232.00,326.00,232.00,326.00,345.00,212.00,345.00
217.00,242.00,348.00,242.00,348.00,352.00,217.00,352.00
234.00,240.00,346.00,240.00,346.00,349.00,234.00,349.00
240.00,224.00,346.00,224.00,346.00,336.00,240.00,336.00
237.00,207.00,351.00,207.00,351.00,316.00,237.00,316.00
239.00,206.00,385.00,206.00,385.00,314.00,239.00,314.00
270.00,208.00,418.00,208.00,418.00,314.00,270.00,314.00
298.00,204.00,412.00,204.00,412.00,319.00,298.00,319.00
285.00,200.00,413.00,200.00,413.00,310.00,285.00,310.00
271.00,199.00,400.00,199.00,400.00,305.00,271.00,305.00
269.00,206.00,379.00,206.00,379.00,316.00,269.00,316.00
264.00,222.00,376.00,222.00,376.00,333.00,264.00,333.00
250.00,234.00,370.00,234.00,370.00,344.00,250.00,344.00
247.00,236.00,366.00,236.00,366.00,347.00,247.00,347.00
255.00,231.00,375.00,231.00,375.00,343.00,255.00,343.00
264.00,220.00,375.00,220.00,375.00,336.00,264.00,336.00
255.00,212.00,374.00,212.00,374.00,326.00,255.00,326.00
257.00,205.00,367.00,205.00,367.00,320.00,257.00,320.00
255.00,200.00,365.00,200.00,365.00,314.00,255.00,314.00
252.00,200.00,375.00,200.00,375.00,308.00,252.00,308.00
266.00,192.00,376.00,192.00,376.00,303.00,266.00,303.00
266.00,185.00,378.00,185.00,378.00,296.00,266.00,296.00
267.00,193.00,379.00,193.00,379.00,307.00,267.00,307.00
274.00,207.00,389.00,207.00,389.00,319.00,274.00,319.00
281.00,221.00,397.00,221.00,397.00,333.00,281.00,333.00
284.00,225.00,401.00,225.00,401.00,333.00,284.00,333.00
260.00,227.00,398.00,227.00,398.00,330.00,260.00,330.00
235.00,234.00,371.00,234.00,371.00,335.00,235.00,335.00
213.00,232.00,342.00,232.00,342.00,340.00,213.00,340.00
210.00,221.00,321.00,221.00,321.00,330.00,210.00,330.00
201.00,194.00,309.00,194.00,309.00,304.00,201.00,304.00
202.00,169.00,311.00,169.00,311.00,279.00,202.00,279.00
202.00,160.00,329.00,160.00,329.00,266.00,202.00,266.00
215.00,166.00,339.00,166.00,339.00,279.00,215.00,279.00
232.00,176.00,356.00,176.00,356.00,286.00,232.00,286.00
239.00,178.00,359.00,178.00,359.00,286.00,239.00,286.00
245.00,183.00,368.00,183.00,368.00,294.00,245.00,294.00
265.00,205.00,376.00,205.00,376.00,312.00,265.00,312.00
282.00,230.00,392.00,230.00,392.00,335.00,282.00,335.00
291.00,245.00,399.00,245.00,399.00,353.00,291.00,353.00
283.00,243.00,394.00,243.00,394.00,351.00,283.00,351.00
277.00,216.00,384.00,216.00,384.00,325.00,277.00,325.00
256.00,196.00,382.00,196.00,382.00,305.00,256.00,305.00
233.00,192.00,370.00,192.00,370.00,293.00,233.00,293.00
219.00,197.00,335.00,197.00,335.00,300.00,219.00,300.00
217.00,214.00,325.00,214.00,325.00,325.00,217.00,325.00
213.00,224.00,345.00,224.00,345.00,332.00,213.00,332.00
229.00,227.00,359.00,227.00,359.00,328.00,229.00,328.00
253.00,222.00,383.00,222.00,383.00,327.00,253.00,327.00
270.00,228.00,384.00,228.00,384.00,340.00,270.00,340.00
274.00,235.00,384.00,235.00,384.00,348.00,274.00,348.00
272.00,247.00,380.00,247.00,380.00,358.00,272.00,358.00
267.00,252.00,376.00,252.00,376.00,363.00,267.00,363.00
269.00,249.00,376.00,249.00,376.00,361.00,269.00,361.00
272.00,244.00,378.00,244.00,378.00,355.00,272.00,355.00
275.00,235.00,380.00,235.00,380.00,344.00,275.00,344.00
273.00,227.00,381.00,227.00,381.00,336.00,273.00,336.00
266.00,230.00,379.00,230.00,379.00,333.00,266.00,333.00
257.00,237.00,371.00,237.00,371.00,339.00,257.00,339.00
248.00,235.00,363.00,235.00,363.00,343.00,248.00,343.00
253.00,228.00,357.00,228.00,357.00,337.00,253.00,337.00
250.00,216.00,357.00,216.00,357.00,325.00,250.00,325.00
241.00,214.00,361.00,214.00,361.00,317.00,241.00,317.00
241.00,214.00,349.00,214.00,349.00,325.00,241.00,325.00
241.00,220.00,361.00,220.00,361.00,326.00,241.00,326.00
252.00,225.00,377.00,225.00,377.00,326.00,252.00,326.00
275.00,216.00,385.00,216.00,385.00,316.00,275.00,316.00
290.00,202.00,396.00,202.00,396.00,306.00,290.00,306.00
291.00,189.00,399.00,189.00,399.00,297.00,291.00,297.00
282.00,187.00,393.00,187.00,393.00,292.00,282.00,292.00
282.00,192.00,386.00,192.00,386.00,301.00,282.00,301.00
275.00,204.00,385.00,204.00,385.00,307.00,275.00,307.00
248.00,208.00,382.00,208.00,382.00,305.00,248.00,305.00
231.00,200.00,348.00,200.00,348.00,306.00,231.00,306.00
219.00,188.00,330.00,188.00,330.00,292.00,219.00,292.00
222.00,195.00,324.00,195.00,324.00,301.00,222.00,301.00
228.00,218.00,330.00,218.00,330.00,318.00,228.00,318.00
243.00,246.00,358.00,246.00,358.00,360.00,243.00,360.00
265.00,277.00,393.00,277.00,393.00,376.00,265.00,376.00
299.00,262.00,403.00,262.00,403.00,359.00,299.00,359.00
316.00,240.00,417.00,240.00,417.00,340.00,316.00,340.00
309.00,229.00,419.00,229.00,419.00,330.00,309.00,330.00
285.00,220.00,412.00,220.00,412.00,317.00,285.00,317.00
269.00,229.00,381.00,229.00,381.00,325.00,269.00,325.00
232.00,237.00,366.00,237.00,366.00,332.00,232.00,332.00
217.00,232.00,333.00,232.00,333.00,336.00,217.00,336.00
227.00,235.00,364.00,235.00,364.00,330.00,227.00,330.00
269.00,236.00,406.00,236.00,406.00,330.00,269.00,330.00
301.00,235.00,424.00,235.00,424.00,330.00,301.00,330.00
322.00,226.00,440.00,226.00,440.00,325.00,322.00,325.00
332.00,226.00,446.00,226.00,446.00,330.00,332.00,330.00
340.00,232.00,452.00,232.00,452.00,337.00,340.00,337.00
348.00,231.00,450.00,231.00,450.00,336.00,348.00,336.00
347.00,225.00,454.00,225.00,454.00,328.00,347.00,328.00
334.00,230.00,446.00,230.00,446.00,327.00,334.00,327.00
313.00,246.00,419.00,246.00,419.00,343.00,313.00,343.00
288.00,258.00,406.00,258.00,406.00,358.00,288.00,358.00
294.00,253.00,396.00,253.00,396.00,352.00,294.00,352.00
300.00,241.00,409.00,241.00,409.00,339.00,300.00,339.00
306.00,236.00,426.00,236.00,426.00,335.00,306.00,335.00
321.00,247.00,432.00,247.00,432.00,349.00,321.00,349.00
335.00,257.00,459.00,257.00,459.00,352.00,335.00,352.00
358.00,246.00,456.00,246.00,456.00,348.00,358.00,348.00
330.00,214.00,441.00,214.00,441.00,324.00,330.00,324.00
301.00,174.00,412.00,174.00,412.00,284.00,301.00,284.00
278.00,161.00,392.00,161.00,392.00,261.00,278.00,261.00
283.00,166.00,383.00,166.00,383.00,272.00,283.00,272.00
283.00,186.00,381.00,186.00,381.00,289.00,283.00,289.00
270.00,207.00,371.00,207.00,371.00,306.00,270.00,306.00
244.00,226.00,356.00,226.00,356.00,325.00,244.00,325.00
217.00,235.00,340.00,235.00,340.00,335.00,217.00,335.00
211.00,236.00,323.00,236.00,323.00,340.00,211.00,340.00
211.00,238.00,328.00,238.00,328.00,344.00,211.00,344.00
217.00,242.00,343.00,242.00,343.00,342.00,217.00,342.00
244.00,232.00,349.00,232.00,349.00,334.00,244.00,334.00
252.00,202.00,353.00,202.00,353.00,303.00,252.00,303.00
234.00,177.00,342.00,177.00,342.00,281.00,234.00,281.00
228.00,164.00,336.00,164.00,336.00,271.00,228.00,271.00
223.00,176.00,329.00,176.00,329.00,275.00,223.00,275.00
206.00,190.00,313.00,190.00,313.00,289.00,206.00,289.00
187.00,201.00,300.00,201.00,300.00,303.00,187.00,303.00
181.00,199.00,292.00,199.00,292.00,307.00,181.00,307.00
181.00,206.00,285.00,206.00,285.00,313.00,181.00,313.00
177.00,219.00,280.00,219.00,280.00,327.00,177.00,327.00
170.00,228.00,294.00,228.00,294.00,333.00,170.00,333.00
191.00,232.00,326.00,232.00,326.00,329.00,191.00,329.00
225.00,228.00,354.00,228.00,354.00,323.00,225.00,323.00
257.00,219.00,379.00,219.00,379.00,315.00,257.00,315.00
280.00,212.00,410.00,212.00,410.00,311.00,280.00,311.00
304.00,219.00,414.00,219.00,414.00,323.00,304.00,323.00
309.00,235.00,412.00,235.00,412.00,334.00,309.00,334.00
268.00,246.00,400.00,246.00,400.00,340.00,268.00,340.00
230.00,227.00,342.00,227.00,342.00,329.00,230.00,329.00
197.00,213.00,321.00,213.00,321.00,314.00,197.00,314.00
176.00,214.00,296.00,214.00,296.00,310.00,176.00,310.00
171.00,222.00,283.00,222.00,283.00,325.00,171.00,325.00
190.00,230.00,324.00,230.00,324.00,325.00,190.00,325.00
228.00,213.00,333.00,213.00,333.00,313.00,228.00,313.00
239.00,197.00,347.00,197.00,347.00,298.00,239.00,298.00
247.00,191.00,378.00,191.00,378.00,288.00,247.00,288.00
272.00,196.00,407.00,196.00,407.00,293.00,272.00,293.00
305.00,201.00,435.00,201.00,435.00,300.00,305.00,300.00
325.00,202.00,436.00,202.00,436.00,305.00,325.00,305.00
312.00,200.00,439.00,200.00,439.00,301.00,312.00,301.00
283.00,195.00,415.00,195.00,415.00,294.00,283.00,294.00
251.00,176.00,365.00,176.00,365.00,279.00,251.00,279.00
234.00,154.00,333.00,154.00,333.00,254.00,234.00,254.00
235.00,146.00,362.00,146.00,362.00,242.00,235.00,242.00
267.00,140.00,393.00,140.00,393.00,235.00,267.00,235.00
290.00,125.00,395.00,125.00,395.00,227.00,290.00,227.00
296.00,114.00,405.00,114.00,405.00,219.00,296.00,219.00
300.00,126.00,400.00,126.00,400.00,232.00,300.00,232.00
2
0
0
0
0
1
294.00,193.00,385.00,193.00,385.00,286.00,294.00,286.00
290.00,180.00,389.00,180.00,389.00,266.00,290.00,266.00
291.00,149.00,390.00,149.00,390.00,235.00,291.00,235.00
287.00,108.00,386.00,108.00,386.00,194.00,287.00,194.00
305.00,89.00,407.00,89.00,407.00,159.00,305.00,159.00
323.00,111.00,422.00,111.00,422.00,197.00,323.00,197.00
336.00,145.00,435.00,145.00,435.00,231.00,336.00,231.00
325.00,173.00,416.00,173.00,416.00,257.00,325.00,257.00
307.00,189.00,400.00,189.00,400.00,273.00,307.00,273.00
294.00,206.00,386.00,206.00,386.00,294.00,294.00,294.00
284.00,221.00,376.00,221.00,376.00,306.00,284.00,306.00
272.00,236.00,370.00,236.00,370.00,310.00,272.00,310.00
268.00,241.00,362.00,241.00,362.00,316.00,268.00,316.00
269.00,248.00,375.00,248.00,375.00,317.00,269.00,317.00
280.00,241.00,380.00,241.00,380.00,320.00,280.00,320.00
290.00,227.00,384.00,227.00,384.00,313.00,290.00,313.00
297.00,215.00,390.00,215.00,390.00,301.00,297.00,301.00
308.00,203.00,402.00,203.00,402.00,284.00,308.00,284.00
313.00,200.00,414.00,200.00,414.00,268.00,313.00,268.00
317.00,202.00,424.00,202.00,424.00,271.00,317.00,271.00
333.00,206.00,429.00,206.00,429.00,292.00,333.00,292.00
337.00,219.00,426.00,219.00,426.00,314.00,337.00,314.00
319.00,241.00,414.00,241.00,414.00,327.00,319.00,327.00
297.00,259.00,395.00,259.00,395.00,343.00,297.00,343.00
270.00,274.00,378.00,274.00,378.00,343.00,270.00,343.00
262.00,272.00,364.00,272.00,364.00,343.00,262.00,343.00
257.00,265.00,361.00,265.00,361.00,346.00,257.00,346.00
245.00,243.00,348.00,243.00,348.00,334.00,245.00,334.00
243.00,196.00,332.00,196.00,332.00,296.00,243.00,296.00
258.00,189.00,363.00,189.00,363.00,265.00,258.00,265.00
278.00,187.00,383.00,187.00,383.00,255.00,278.00,255.00
292.00,190.00,396.00,190.00,396.00,268.00,292.00,268.00
308.00,201.00,409.00,201.00,409.00,291.00,308.00,291.00
325.00,218.00,425.00,218.00,425.00,308.00,325.00,308.00
344.00,235.00,436.00,235.00,436.00,335.00,344.00,335.00
352.00,256.00,438.00,256.00,438.00,351.00,352.00,351.00
341.00,274.00,444.00,274.00,444.00,343.00,341.00,343.00
325.00,276.00,428.00,276.00,428.00,345.00,325.00,345.00
292.00,279.00,397.00,279.00,397.00,352.00,292.00,352.00
250.00,284.00,357.00,284.00,357.00,354.00,250.00,354.00
215.00,277.00,322.00,277.00,322.00,353.00,215.00,353.00
217.00,249.00,306.00,249.00,306.00,352.00,217.00,352.00
227.00,222.00,314.00,222.00,314.00,329.00,227.00,329.00
228.00,199.00,317.00,199.00,317.00,297.00,228.00,297.00
237.00,196.00,339.00,196.00,339.00,270.00,237.00,270.00
263.00,194.00,371.00,194.00,371.00,265.00,263.00,265.00
292.00,196.00,400.00,196.00,400.00,263.00,292.00,263.00
310.00,199.00,412.00,199.00,412.00,265.00,310.00,265.00
321.00,199.00,413.00,199.00,413.00,279.00,321.00,279.00
325.00,204.00,417.00,204.00,417.00,300.00,325.00,300.00
330.00,216.00,418.00,216.00,418.00,318.00,330.00,318.00
312.00,239.00,417.00,239.00,417.00,318.00,312.00,318.00
273.00,244.00,387.00,244.00,387.00,317.00,273.00,317.00
234.00,243.00,347.00,243.00,347.00,316.00,234.00,316.00
192.00,242.00,305.00,242.00,305.00,314.00,192.00,314.00
179.00,239.00,280.00,239.00,280.00,311.00,179.00,311.00
189.00,241.00,302.00,241.00,302.00,314.00,189.00,314.00
226.00,240.00,339.00,240.00,339.00,315.00,226.00,315.00
250.00,237.00,351.00,237.00,351.00,313.00,250.00,313.00
254.00,235.00,356.00,235.00,356.00,305.00,254.00,305.00
285.00,217.00,396.00,217.00,396.00,317.00,285.00,317.00
341.00,213.00,450.00,213.00,450.00,311.00,341.00,311.00
365.00,215.00,469.00,215.00,469.00,298.00,365.00,298.00
343.00,215.00,452.00,215.00,452.00,287.00,343.00,287.00
294.00,197.00,402.00,197.00,402.00,294.00,294.00,294.00
232.00,206.00,340.00,206.00,340.00,303.00,232.00,303.00
159.00,227.00,268.00,227.00,268.00,298.00,159.00,298.00
164.00,215.00,262.00,215.00,262.00,301.00,164.00,301.00
183.00,186.00,296.00,186.00,296.00,288.00,183.00,288.00
220.00,168.00,315.00,168.00,315.00,257.00,220.00,257.00
219.00,165.00,319.00,165.00,319.00,240.00,219.00,240.00
223.00,167.00,317.00,167.00,317.00,276.00,223.00,276.00
222.00,186.00,335.00,186.00,335.00,288.00,222.00,288.00
239.00,223.00,332.00,223.00,332.00,334.00,239.00,334.00
236.00,247.00,326.00,247.00,326.00,348.00,236.00,348.00
237.00,268.00,343.00,268.00,343.00,349.00,237.00,349.00
246.00,273.00,348.00,273.00,348.00,349.00,246.00,349.00
230.00,265.00,340.00,265.00,340.00,344.00,230.00,344.00
219.00,263.00,317.00,263.00,317.00,338.00,219.00,338.00
223.00,271.00,325.00,271.00,325.00,369.00,223.00,369.00
244.00,294.00,357.00,294.00,357.00,370.00,244.00,370.00
273.00,293.00,372.00,293.00,372.00,372.00,273.00,372.00
276.00,271.00,368.00,271.00,368.00,375.00,276.00,375.00
274.00,245.00,366.00,245.00,366.00,359.00,274.00,359.00
271.00,212.00,380.00,212.00,380.00,309.00,271.00,309.00
274.00,160.00,370.00,160.00,370.00,269.00,274.00,269.00
249.00,159.00,353.00,159.00,353.00,232.00,249.00,232.00
239.00,165.00,334.00,165.00,334.00,256.00,239.00,256.00
232.00,178.00,324.00,178.00,324.00,288.00,232.00,288.00
214.00,219.00,322.00,219.00,322.00,315.00,214.00,315.00
228.00,244.00,322.00,244.00,322.00,347.00,228.00,347.00
230.00,265.00,337.00,265.00,337.00,336.00,230.00,336.00
243.00,251.00,339.00,251.00,339.00,343.00,243.00,343.00
248.00,236.00,340.00,236.00,340.00,329.00,248.00,329.00
245.00,236.00,343.00,236.00,343.00,312.00,245.00,312.00
254.00,232.00,362.00,232.00,362.00,308.00,254.00,308.00
282.00,218.00,378.00,218.00,378.00,304.00,282.00,304.00
280.00,206.00,382.00,206.00,382.00,295.00,280.00,295.00
271.00,192.00,367.00,192.00,367.00,284.00,271.00,284.00
277.00,187.00,380.00,187.00,380.00,265.00,277.00,265.00
291.00,186.00,393.00,186.00,393.00,268.00,291.00,268.00
299.00,194.00,390.00,194.00,390.00,303.00,299.00,303.00
283.00,230.00,378.00,230.00,378.00,334.00,283.00,334.00
274.00,253.00,367.00,253.00,367.00,350.00,274.00,350.00
279.00,272.00,387.00,272.00,387.00,343.00,279.00,343.00
289.00,257.00,386.00,257.00,386.00,350.00,289.00,350.00
274.00,246.00,378.00,246.00,378.00,333.00,274.00,333.00
268.00,243.00,366.00,243.00,366.00,318.00,268.00,318.00
271.00,247.00,372.00,247.00,372.00,318.00,271.00,318.00
274.00,243.00,370.00,243.00,370.00,319.00,274.00,319.00
265.00,233.00,367.00,233.00,367.00,315.00,265.00,315.00
257.00,228.00,358.00,228.00,358.00,302.00,257.00,302.00
256.00,227.00,351.00,227.00,351.00,306.00,256.00,306.00
248.00,235.00,348.00,235.00,348.00,308.00,248.00,308.00
236.00,238.00,342.00,238.00,342.00,307.00,236.00,307.00
240.00,232.00,339.00,232.00,339.00,307.00,240.00,307.00
257.00,228.00,371.00,228.00,371.00,302.00,257.00,302.00
285.00,229.00,385.00,229.00,385.00,307.00,285.00,307.00
275.00,238.00,379.00,238.00,379.00,317.00,275.00,317.00
255.00,247.00,357.00,247.00,357.00,320.00,255.00,320.00
253.00,247.00,355.00,247.00,355.00,323.00,253.00,323.00
264.00,229.00,359.00,229.00,359.00,321.00,264.00,321.00
269.00,220.00,363.00,220.00,363.00,306.00,269.00,306.00
268.00,219.00,365.00,219.00,365.00,295.00,268.00,295.00
269.00,226.00,374.00,226.00,374.00,302.00,269.00,302.00
278.00,230.00,381.00,230.00,381.00,302.00,278.00,302.00
276.00,232.00,380.00,232.00,380.00,301.00,276.00,301.00
271.00,227.00,368.00,227.00,368.00,306.00,271.00,306.00
270.00,223.00,368.00,223.00,368.00,299.00,270.00,299.00
275.00,226.00,372.00,226.00,372.00,307.00,275.00,307.00
278.00,231.00,370.00,231.00,370.00,322.00,278.00,322.00
270.00,246.00,365.00,246.00,365.00,333.00,270.00,333.00
265.00,256.00,361.00,256.00,361.00,330.00,265.00,330.00
276.00,239.00,371.00,239.00,371.00,327.00,276.00,327.00
287.00,225.00,380.00,225.00,380.00,312.00,287.00,312.00
284.00,227.00,382.00,227.00,382.00,300.00,284.00,300.00
277.00,231.00,372.00,231.00,372.00,318.00,277.00,318.00
266.00,245.00,365.00,245.00,365.00,322.00,266.00,322.00
268.00,233.00,359.00,233.00,359.00,329.00,268.00,329.00
273.00,212.00,361.00,212.00,361.00,309.00,273.00,309.00
272.00,212.00,373.00,212.00,373.00,287.00,272.00,287.00
279.00,213.00,368.00,213.00,368.00,308.00,279.00,308.00
278.00,227.00,369.00,227.00,369.00,322.00,278.00,322.00
268.00,244.00,369.00,244.00,369.00,319.00,268.00,319.00
263.00,243.00,362.00,243.00,362.00,320.00,263.00,320.00
268.00,239.00,362.00,239.00,362.00,318.00,268.00,318.00
268.00,235.00,365.00,235.00,365.00,310.00,268.00,310.00
260.00,238.00,360.00,238.00,360.00,314.00,260.00,314.00
255.00,240.00,346.00,240.00,346.00,334.00,255.00,334.00
250.00,255.00,343.00,255.00,343.00,335.00,250.00,335.00
251.00,252.00,345.00,252.00,345.00,338.00,251.00,338.00
255.00,240.00,344.00,240.00,344.00,330.00,255.00,330.00
250.00,241.00,349.00,241.00,349.00,318.00,250.00,318.00
252.00,241.00,341.00,241.00,341.00,335.00,252.00,335.00
251.00,255.00,345.00,255.00,345.00,347.00,251.00,347.00
252.00,266.00,349.00,266.00,349.00,342.00,252.00,342.00
251.00,269.00,350.00,269.00,350.00,344.00,251.00,344.00
252.00,268.00,348.00,268.00,348.00,345.00,252.00,345.00
249.00,262.00,347.00,262.00,347.00,344.00,249.00,344.00
240.00,257.00,341.00,257.00,341.00,332.00,240.00,332.00
240.00,246.00,336.00,246.00,336.00,334.00,240.00,334.00
245.00,230.00,334.00,230.00,334.00,326.00,245.00,326.00
242.00,227.00,335.00,227.00,335.00,306.00,242.00,306.00
240.00,226.00,336.00,226.00,336.00,303.00,240.00,303.00
241.00,231.00,343.00,231.00,343.00,303.00,241.00,303.00
247.00,225.00,343.00,225.00,343.00,308.00,247.00,308.00
250.00,215.00,347.00,215.00,347.00,300.00,250.00,300.00
253.00,215.00,350.00,215.00,350.00,291.00,253.00,291.00
257.00,217.00,346.00,217.00,346.00,314.00,257.00,314.00
257.00,233.00,347.00,233.00,347.00,329.00,257.00,329.00
255.00,248.00,353.00,248.00,353.00,323.00,255.00,323.00
254.00,243.00,351.00,243.00,351.00,327.00,254.00,327.00
254.00,235.00,354.00,235.00,354.00,317.00,254.00,317.00
262.00,231.00,365.00,231.00,365.00,305.00,262.00,305.00
267.00,229.00,359.00,229.00,359.00,316.00,267.00,316.00
263.00,242.00,362.00,242.00,362.00,319.00,263.00,319.00
252.00,247.00,357.00,247.00,357.00,320.00,252.00,320.00
249.00,242.00,349.00,242.00,349.00,325.00,249.00,325.00
255.00,229.00,349.00,229.00,349.00,321.00,255.00,321.00
251.00,231.00,354.00,231.00,354.00,305.00,251.00,305.00
246.00,232.00,339.00,232.00,339.00,332.00,246.00,332.00
236.00,252.00,335.00,252.00,335.00,339.00,236.00,339.00
236.00,262.00,341.00,262.00,341.00,332.00,236.00,332.00
247.00,259.00,354.00,259.00,354.00,333.00,247.00,333.00
271.00,244.00,370.00,244.00,370.00,333.00,271.00,333.00
277.00,236.00,378.00,236.00,378.00,313.00,277.00,313.00
261.00,240.00,364.00,240.00,364.00,322.00,261.00,322.00
244.00,249.00,343.00,249.00,343.00,336.00,244.00,336.00
256.00,265.00,368.00,265.00,368.00,336.00,256.00,336.00
286.00,253.00,380.00,253.00,380.00,342.00,286.00,342.00
273.00,239.00,379.00,239.00,379.00,326.00,273.00,326.00
251.00,237.00,361.00,237.00,361.00,307.00,251.00,307.00
239.00,236.00,342.00,236.00,342.00,311.00,239.00,311.00
235.00,238.00,333.00,238.00,333.00,312.00,235.00,312.00
239.00,237.00,341.00,237.00,341.00,312.00,239.00,312.00
239.00,236.00,340.00,236.00,340.00,307.00,239.00,307.00
233.00,236.00,337.00,236.00,337.00,308.00,233.00,308.00
233.00,236.00,335.00,236.00,335.00,309.00,233.00,309.00
241.00,239.00,340.00,239.00,340.00,324.00,241.00,324.00
244.00,247.00,338.00,247.00,338.00,336.00,244.00,336.00
248.00,263.00,362.00,263.00,362.00,337.00,248.00,337.00
305.00,261.00,409.00,261.00,409.00,336.00,305.00,336.00
314.00,253.00,418.00,253.00,418.00,327.00,314.00,327.00
281.00,255.00,386.00,255.00,386.00,330.00,281.00,330.00
240.00,264.00,341.00,264.00,341.00,346.00,240.00,346.00
220.00,276.00,317.00,276.00,317.00,355.00,220.00,355.00
224.00,282.00,329.00,282.00,329.00,353.00,224.00,353.00
248.00,271.00,351.00,271.00,351.00,350.00,248.00,350.00
256.00,266.00,358.00,266.00,358.00,340.00,256.00,340.00
242.00,269.00,348.00,269.00,348.00,342.00,242.00,342.00
224.00,271.00,331.00,271.00,331.00,341.00,224.00,341.00
216.00,270.00,317.00,270.00,317.00,345.00,216.00,345.00
221.00,275.00,329.00,275.00,329.00,347.00,221.00,347.00
240.00,274.00,344.00,274.00,344.00,348.00,240.00,348.00
248.00,262.00,341.00,262.00,341.00,352.00,248.00,352.00
247.00,260.00,344.00,260.00,344.00,338.00,247.00,338.00
235.00,259.00,339.00,259.00,339.00,331.00,235.00,331.00
239.00,251.00,337.00,251.00,337.00,332.00,239.00,332.00
249.00,243.00,346.00,243.00,346.00,323.00,249.00,323.00
252.00,236.00,347.00,236.00,347.00,315.00,252.00,315.00
248.00,232.00,343.00,232.00,343.00,310.00,248.00,310.00
249.00,222.00,340.00,222.00,340.00,308.00,249.00,308.00
250.00,222.00,351.00,222.00,351.00,295.00,250.00,295.00
259.00,224.00,348.00,224.00,348.00,325.00,259.00,325.00
251.00,252.00,339.00,252.00,339.00,354.00,251.00,354.00
236.00,285.00,329.00,285.00,329.00,380.00,236.00,380.00
234.00,285.00,327.00,285.00,327.00,380.00,234.00,380.00
243.00,263.00,335.00,263.00,335.00,362.00,243.00,362.00
251.00,244.00,343.00,244.00,343.00,341.00,251.00,341.00
261.00,228.00,352.00,228.00,352.00,324.00,261.00,324.00
266.00,209.00,355.00,209.00,355.00,308.00,266.00,308.00
257.00,198.00,354.00,198.00,354.00,292.00,257.00,292.00
253.00,182.00,340.00,182.00,340.00,277.00,253.00,277.00
255.00,167.00,345.00,167.00,345.00,263.00,255.00,263.00
254.00,166.00,357.00,166.00,357.00,243.00,254.00,243.00
265.00,168.00,362.00,168.00,362.00,263.00,265.00,263.00
276.00,180.00,366.00,180.00,366.00,285.00,276.00,285.00
273.00,212.00,370.00,212.00,370.00,301.00,273.00,301.00
280.00,240.00,375.00,240.00,375.00,332.00,280.00,332.00
284.00,236.00,373.00,236.00,373.00,332.00,284.00,332.00
281.00,213.00,370.00,213.00,370.00,316.00,281.00,316.00
279.00,202.00,370.00,202.00,370.00,286.00,279.00,286.00
289.00,207.00,394.00,207.00,394.00,280.00,289.00,280.00
311.00,211.00,413.00,211.00,413.00,293.00,311.00,293.00
319.00,218.00,414.00,218.00,414.00,301.00,319.00,301.00
305.00,228.00,406.00,228.00,406.00,301.00,305.00,301.00
295.00,228.00,393.00,228.00,393.00,304.00,295.00,304.00
296.00,228.00,389.00,228.00,389.00,319.00,296.00,319.00
302.00,240.00,391.00,240.00,391.00,350.00,302.00,350.00
310.00,268.00,406.00,268.00,406.00,366.00,310.00,366.00
314.00,283.00,412.00,283.00,412.00,362.00,314.00,362.00
307.00,269.00,406.00,269.00,406.00,364.00,307.00,364.00
300.00,245.00,389.00,245.00,389.00,351.00,300.00,351.00
298.00,225.00,383.00,225.00,383.00,328.00,298.00,328.00
294.00,205.00,380.00,205.00,380.00,302.00,294.00,302.00
290.00,205.00,380.00,205.00,380.00,285.00,290.00,285.00
294.00,209.00,381.00,209.00,381.00,302.00,294.00,302.00
294.00,225.00,397.00,225.00,397.00,308.00,294.00,308.00
310.00,235.00,405.00,235.00,405.00,311.00,310.00,311.00
313.00,238.00,405.00,238.00,405.00,317.00,313.00,317.00
308.00,243.00,400.00,243.00,400.00,325.00,308.00,325.00
299.00,252.00,395.00,252.00,395.00,334.00,299.00,334.00
296.00,254.00,388.00,254.00,388.00,335.00,296.00,335.00
299.00,239.00,382.00,239.00,382.00,335.00,299.00,335.00
300.00,224.00,383.00,224.00,383.00,323.00,300.00,323.00
302.00,211.00,386.00,211.00,386.00,301.00,302.00,301.00
304.00,205.00,389.00,205.00,389.00,289.00,304.00,289.00
298.00,202.00,390.00,202.00,390.00,281.00,298.00,281.00
300.00,204.00,399.00,204.00,399.00,277.00,300.00,277.00
309.00,210.00,407.00,210.00,407.00,289.00,309.00,289.00
328.00,219.00,423.00,219.00,423.00,312.00,328.00,312.00
339.00,236.00,422.00,236.00,422.00,334.00,339.00,334.00
309.00,258.00,408.00,258.00,408.00,337.00,309.00,337.00
274.00,262.00,378.00,262.00,378.00,335.00,274.00,335.00
256.00,254.00,359.00,254.00,359.00,329.00,256.00,329.00
244.00,237.00,341.00,237.00,341.00,334.00,244.00,334.00
231.00,217.00,330.00,217.00,330.00,310.00,231.00,310.00
233.00,186.00,319.00,186.00,319.00,289.00,233.00,289.00
244.00,180.00,341.00,180.00,341.00,255.00,244.00,255.00
264.00,181.00,359.00,181.00,359.00,267.00,264.00,267.00
281.00,192.00,366.00,192.00,366.00,288.00,281.00,288.00
284.00,207.00,368.00,207.00,368.00,290.00,284.00,290.00
283.00,213.00,376.00,213.00,376.00,286.00,283.00,286.00
288.00,217.00,382.00,217.00,382.00,291.00,288.00,291.00
294.00,217.00,384.00,217.00,384.00,292.00,294.00,292.00
297.00,218.00,379.00,218.00,379.00,298.00,297.00,298.00
292.00,219.00,385.00,219.00,385.00,298.00,292.00,298.00
