1
242.00,167.00,358.00,167.00,358.00,285.00,242.00,285.00
228.00,181.00,351.00,181.00,351.00,287.00,228.00,287.00
214.00,199.00,332.00,199.00,332.00,306.00,214.00,306.00
207.00,207.00,328.00,207.00,328.00,320.00,207.00,320.00
217.00,204.00,329.00,204.00,329.00,318.00,217.00,318.00
216.00,191.00,330.00,191.00,330.00,310.00,216.00,310.00
205.00,195.00,332.00,195.00,332.00,306.00,205.00,306.00
181.00,211.00,304.00,211.00,304.00,310.00,181.00,310.00
143.00,247.00,268.00,247.00,268.00,356.00,143.00,356.00
213.00,246.00,339.00,246.00,339.00,366.00,213.00,366.00
243.00,225.00,357.00,225.00,357.00,335.00,243.00,335.00
214.00,204.00,351.00,204.00,351.00,318.00,214.00,318.00
212.00,197.00,335.00,197.00,335.00,315.00,212.00,315.00
193.00,197.00,333.00,197.00,333.00,309.00,193.00,309.00
187.00,205.00,306.00,205.00,306.00,319.00,187.00,319.00
184.00,212.00,314.00,212.00,314.00,328.00,184.00,328.00
197.00,210.00,320.00,210.00,320.00,320.00,197.00,320.00
217.00,182.00,332.00,182.00,332.00,295.00,217.00,295.00
214.00,150.00,331.00,150.00,331.00,265.00,214.00,265.00
189.00,138.00,317.00,138.00,317.00,254.00,189.00,254.00
195.00,159.00,318.00,159.00,318.00,269.00,195.00,269.00
222.00,184.00,347.00,184.00,347.00,293.00,222.00,293.00
252.00,221.00,374.00,221.00,374.00,331.00,252.00,331.00
265.00,236.00,387.00,236.00,387.00,354.00,265.00,354.00
242.00,239.00,385.00,239.00,385.00,351.00,242.00,351.00
234.00,243.00,359.00,243.00,359.00,359.00,234.00,359.00
232.00,245.00,355.00,245.00,355.00,363.00,232.00,363.00
228.00,238.00,343.00,238.00,343.00,351.00,228.00,351.00
224.00,221.00,335.00,221.00,335.00,337.00,224.00,337.00
223.00,211.00,336.00,211.00,336.00,329.00,223.00,329.00
224.00,206.00,347.00,206.00,347.00,317.00,224.00,317.00
241.00,193.00,355.00,193.00,355.00,305.00,241.00,305.00
237.00,174.00,350.00,174.00,350.00,284.00,237.00,284.00
222.00,153.00,337.00,153.00,337.00,263.00,222.00,263.00
223.00,131.00,332.00,131.00,332.00,243.00,223.00,243.00
215.00,116.00,353.00,116.00,353.00,231.00,215.00,231.00
234.00,125.00,367.00,125.00,367.00,240.00,234.00,240.00
246.00,127.00,368.00,127.00,368.00,243.00,246.00,243.00
255.00,139.00,363.00,139.00,363.00,250.00,255.00,250.00
265.00,174.00,372.00,174.00,372.00,279.00,265.00,279.00
272.00,215.00,379.00,215.00,379.00,321.00,272.00,321.00
270.00,230.00,387.00,230.00,387.00,343.00,270.00,343.00
273.00,229.00,389.00,229.00,389.00,351.00,273.00,351.00
270.00,228.00,386.00,228.00,386.00,346.00,270.00,346.00
265.00,211.00,374.00,211.00,374.00,334.00,265.00,334.00
265.00,201.00,377.00,201.00,377.00,328.00,265.00,328.00
271.00,195.00,380.00,195.00,380.00,313.00,271.00,313.00
273.00,161.00,378.00,161.00,378.00,277.00,273.00,277.00
270.00,150.00,378.00,150.00,378.00,274.00,270.00,274.00
272.00,169.00,381.00,169.00,381.00,293.00,272.00,293.00
261.00,174.00,386.00,174.00,386.00,296.00,261.00,296.00
264.00,170.00,380.00,170.00,380.00,294.00,264.00,294.00
266.00,170.00,383.00,170.00,383.00,295.00,266.00,295.00
265.00,177.00,394.00,177.00,394.00,298.00,265.00,298.00
284.00,188.00,395.00,188.00,395.00,311.00,284.00,311.00
274.00,200.00,399.00,200.00,399.00,320.00,274.00,320.00
241.00,208.00,390.00,208.00,390.00,319.00,241.00,319.00
205.00,203.00,354.00,203.00,354.00,315.00,205.00,315.00
194.00,200.00,323.00,200.00,323.00,321.00,194.00,321.00
194.00,199.00,333.00,199.00,333.00,315.00,194.00,315.00
211.00,202.00,366.00,202.00,366.00,317.00,211.00,317.00
248.00,205.00,403.00,205.00,403.00,317.00,248.00,317.00
290.00,202.00,439.00,202.00,439.00,317.00,290.00,317.00
327.00,208.00,453.00,208.00,453.00,333.00,327.00,333.00
319.00,211.00,455.00,211.00,455.00,332.00,319.00,332.00
312.00,205.00,435.00,205.00,435.00,324.00,312.00,324.00
285.00,184.00,413.00,184.00,413.00,302.00,285.00,302.00
253.00,159.00,383.00,159.00,383.00,278.00,253.00,278.00
236.00,150.00,360.00,150.00,360.00,271.00,236.00,271.00
240.00,167.00,355.00,167.00,355.00,283.00,240.00,283.00
248.00,182.00,362.00,182.00,362.00,297.00,248.00,297.00
255.00,195.00,367.00,195.00,367.00,311.00,255.00,311.00
260.00,207.00,394.00,207.00,394.00,322.00,260.00,322.00
284.00,218.00,419.00,218.00,419.00,333.00,284.00,333.00
308.00,227.00,422.00,227.00,422.00,345.00,308.00,345.00
300.00,238.00,420.00,238.00,420.00,351.00,300.00,351.00
288.00,244.00,416.00,244.00,416.00,359.00,288.00,359.00
275.00,241.00,409.00,241.00,409.00,357.00,275.00,357.00
244.00,230.00,388.00,230.00,388.00,346.00,244.00,346.00
212.00,222.00,362.00,222.00,362.00,336.00,212.00,336.00
206.00,223.00,330.00,223.00,330.00,340.00,206.00,340.00
206.00,226.00,329.00,226.00,329.00,349.00,206.00,349.00
212.00,228.00,338.00,228.00,338.00,341.00,212.00,341.00
231.00,208.00,354.00,208.00,354.00,319.00,231.00,319.00
251.00,180.00,367.00,180.00,367.00,295.00,251.00,295.00
262.00,152.00,384.00,152.00,384.00,261.00,262.00,261.00
275.00,136.00,429.00,136.00,429.00,249.00,275.00,249.00
307.00,137.00,444.00,137.00,444.00,257.00,307.00,257.00
326.00,150.00,439.00,150.00,439.00,268.00,326.00,268.00
323.00,166.00,441.00,166.00,441.00,280.00,323.00,280.00
305.00,177.00,435.00,177.00,435.00,290.00,305.00,290.00
284.00,191.00,412.00,191.00,412.00,299.00,284.00,299.00
262.00,209.00,386.00,209.00,386.00,317.00,262.00,317.00
241.00,223.00,368.00,223.00,368.00,334.00,241.00,334.00
224.00,220.00,360.00,220.00,360.00,337.00,224.00,337.00
216.00,211.00,337.00,211.00,337.00,327.00,216.00,327.00
200.00,199.00,335.00,199.00,335.00,317.00,200.00,317.00
200.00,193.00,321.00,193.00,321.00,317.00,200.00,317.00
207.00,193.00,333.00,193.00,333.00,304.00,207.00,304.00
227.00,175.00,349.00,175.00,349.00,284.00,227.00,284.00
232.00,159.00,372.00,159.00,372.00,276.00,232.00,276.00
247.00,164.00,383.00,164.00,383.00,284.00,247.00,284.00
268.00,184.00,395.00,184.00,395.00,300.00,268.00,300.00
289.00,212.00,416.00,212.00,416.00,330.00,289.00,330.00
301.00,216.00,422.00,216.00,422.00,337.00,301.00,337.00
282.00,202.00,414.00,202.00,414.00,319.00,282.00,319.00
231.00,186.00,391.00,186.00,391.00,298.00,231.00,298.00
193.00,193.00,338.00,193.00,338.00,300.00,193.00,300.00
174.00,208.00,296.00,208.00,296.00,317.00,174.00,317.00
163.00,225.00,279.00,225.00,279.00,342.00,163.00,342.00
156.00,231.00,283.00,231.00,283.00,349.00,156.00,349.00
176.00,219.00,297.00,219.00,297.00,330.00,176.00,330.00
197.00,190.00,320.00,190.00,320.00,299.00,197.00,299.00
213.00,168.00,348.00,168.00,348.00,283.00,213.00,283.00
232.00,167.00,345.00,167.00,345.00,289.00,232.00,289.00
230.00,188.00,345.00,188.00,345.00,307.00,230.00,307.00
220.00,199.00,343.00,199.00,343.00,319.00,220.00,319.00
222.00,197.00,337.00,197.00,337.00,319.00,222.00,319.00
221.00,188.00,353.00,188.00,353.00,306.00,221.00,306.00
235.00,188.00,358.00,188.00,358.00,313.00,235.00,313.00
232.00,202.00,355.00,202.00,355.00,318.00,232.00,318.00
215.00,217.00,347.00,217.00,347.00,330.00,215.00,330.00
199.00,215.00,332.00,215.00,332.00,333.00,199.00,333.00
203.00,205.00,318.00,205.00,318.00,324.00,203.00,324.00
196.00,185.00,314.00,185.00,314.00,306.00,196.00,306.00
192.00,182.00,311.00,182.00,311.00,304.00,192.00,304.00
196.00,202.00,315.00,202.00,315.00,316.00,196.00,316.00
210.00,231.00,323.00,231.00,323.00,340.00,210.00,340.00
203.00,249.00,323.00,249.00,323.00,361.00,203.00,361.00
201.00,247.00,315.00,247.00,315.00,360.00,201.00,360.00
203.00,222.00,315.00,222.00,315.00,335.00,203.00,335.00
201.00,198.00,315.00,198.00,315.00,311.00,201.00,311.00
181.00,179.00,310.00,179.00,310.00,292.00,181.00,292.00
157.00,168.00,301.00,168.00,301.00,281.00,157.00,281.00
163.00,177.00,276.00,177.00,276.00,293.00,163.00,293.00
162.00,191.00,295.00,191.00,295.00,308.00,162.00,308.00
166.00,194.00,315.00,194.00,315.00,312.00,166.00,312.00
182.00,196.00,337.00,196.00,337.00,311.00,182.00,311.00
208.00,204.00,354.00,204.00,354.00,321.00,208.00,321.00
237.00,219.00,376.00,219.00,376.00,335.00,237.00,335.00
260.00,232.00,408.00,232.00,408.00,349.00,260.00,349.00
286.00,236.00,420.00,236.00,420.00,354.00,286.00,354.00
266.00,232.00,413.00,232.00,413.00,348.00,266.00,348.00
224.00,221.00,382.00,221.00,382.00,333.00,224.00,333.00
180.00,211.00,341.00,211.00,341.00,325.00,180.00,325.00
149.00,210.00,305.00,210.00,305.00,323.00,149.00,323.00
118.00,218.00,269.00,218.00,269.00,328.00,118.00,328.00
96.00,217.00,238.00,217.00,238.00,333.00,96.00,333.00
109.00,212.00,244.00,212.00,244.00,317.00,109.00,317.00
146.00,196.00,302.00,196.00,302.00,303.00,146.00,303.00
198.00,186.00,348.00,186.00,348.00,300.00,198.00,300.00
221.00,181.00,347.00,181.00,347.00,298.00,221.00,298.00
222.00,182.00,346.00,182.00,346.00,302.00,222.00,302.00
226.00,193.00,357.00,193.00,357.00,310.00,226.00,310.00
239.00,204.00,357.00,204.00,357.00,322.00,239.00,322.00
207.00,209.00,365.00,209.00,365.00,324.00,207.00,324.00
172.00,212.00,336.00,212.00,336.00,325.00,172.00,325.00
158.00,216.00,295.00,216.00,295.00,333.00,158.00,333.00
158.00,218.00,308.00,218.00,308.00,330.00,158.00,330.00
192.00,214.00,346.00,214.00,346.00,321.00,192.00,321.00
237.00,208.00,394.00,208.00,394.00,319.00,237.00,319.00
269.00,206.00,395.00,206.00,395.00,326.00,269.00,326.00
256.00,208.00,397.00,208.00,397.00,325.00,256.00,325.00
251.00,201.00,375.00,201.00,375.00,316.00,251.00,316.00
242.00,190.00,374.00,190.00,374.00,309.00,242.00,309.00
244.00,185.00,361.00,185.00,361.00,306.00,244.00,306.00
238.00,181.00,378.00,181.00,378.00,295.00,238.00,295.00
257.00,187.00,388.00,187.00,388.00,302.00,257.00,302.00
271.00,195.00,390.00,195.00,390.00,312.00,271.00,312.00
247.00,196.00,395.00,196.00,395.00,308.00,247.00,308.00
225.00,207.00,364.00,207.00,364.00,314.00,225.00,314.00
202.00,227.00,325.00,227.00,325.00,334.00,202.00,334.00
175.00,237.00,308.00,237.00,308.00,351.00,175.00,351.00
164.00,240.00,298.00,240.00,298.00,358.00,164.00,358.00
168.00,238.00,307.00,238.00,307.00,355.00,168.00,355.00
186.00,232.00,330.00,232.00,330.00,346.00,186.00,346.00
198.00,229.00,333.00,229.00,333.00,347.00,198.00,347.00
173.00,225.00,327.00,225.00,327.00,341.00,173.00,341.00
162.00,221.00,303.00,221.00,303.00,340.00,162.00,340.00
165.00,214.00,291.00,214.00,291.00,335.00,165.00,335.00
172.00,211.00,329.00,211.00,329.00,322.00,172.00,322.00
225.00,207.00,371.00,207.00,371.00,312.00,225.00,312.00
265.00,195.00,401.00,195.00,401.00,307.00,265.00,307.00
261.00,188.00,408.00,188.00,408.00,302.00,261.00,302.00
223.00,185.00,381.00,185.00,381.00,298.00,223.00,298.00
193.00,177.00,342.00,177.00,342.00,291.00,193.00,291.00
180.00,173.00,325.00,173.00,325.00,287.00,180.00,287.00
165.00,178.00,306.00,178.00,306.00,292.00,165.00,292.00
158.00,179.00,289.00,179.00,289.00,297.00,158.00,297.00
157.00,182.00,300.00,182.00,300.00,295.00,157.00,295.00
189.00,185.00,347.00,185.00,347.00,293.00,189.00,293.00
240.00,189.00,399.00,189.00,399.00,297.00,240.00,297.00
282.00,187.00,414.00,187.00,414.00,301.00,282.00,301.00
276.00,184.00,417.00,184.00,417.00,298.00,276.00,298.00
259.00,190.00,399.00,190.00,399.00,299.00,259.00,299.00
238.00,193.00,380.00,193.00,380.00,303.00,238.00,303.00
222.00,206.00,353.00,206.00,353.00,316.00,222.00,316.00
190.00,208.00,341.00,208.00,341.00,319.00,190.00,319.00
160.00,198.00,299.00,198.00,299.00,316.00,160.00,316.00
130.00,181.00,272.00,181.00,272.00,297.00,130.00,297.00
128.00,178.00,266.00,178.00,266.00,295.00,128.00,295.00
140.00,180.00,293.00,180.00,293.00,293.00,140.00,293.00
169.00,185.00,314.00,185.00,314.00,303.00,169.00,303.00
187.00,188.00,315.00,188.00,315.00,305.00,187.00,305.00
190.00,181.00,304.00,181.00,304.00,301.00,190.00,301.00
189.00,174.00,313.00,174.00,313.00,289.00,189.00,289.00
194.00,163.00,330.00,163.00,330.00,279.00,194.00,279.00
208.00,165.00,333.00,165.00,333.00,283.00,208.00,283.00
212.00,173.00,331.00,173.00,331.00,294.00,212.00,294.00
200.00,186.00,324.00,186.00,324.00,300.00,200.00,300.00
200.00,200.00,315.00,200.00,315.00,318.00,200.00,318.00
205.00,225.00,335.00,225.00,335.00,345.00,205.00,345.00
218.00,240.00,338.00,240.00,338.00,361.00,218.00,361.00
191.00,243.00,342.00,243.00,342.00,359.00,191.00,359.00
183.00,234.00,313.00,234.00,313.00,353.00,183.00,353.00
182.00,210.00,300.00,210.00,300.00,327.00,182.00,327.00
180.00,171.00,297.00,171.00,297.00,291.00,180.00,291.00
175.00,150.00,312.00,150.00,312.00,266.00,175.00,266.00
191.00,154.00,327.00,154.00,327.00,271.00,191.00,271.00
209.00,168.00,341.00,168.00,341.00,285.00,209.00,285.00
227.00,181.00,362.00,181.00,362.00,295.00,227.00,295.00
235.00,179.00,362.00,179.00,362.00,296.00,235.00,296.00
218.00,179.00,361.00,179.00,361.00,291.00,218.00,291.00
198.00,188.00,339.00,188.00,339.00,297.00,198.00,297.00
181.00,197.00,312.00,197.00,312.00,310.00,181.00,310.00
180.00,203.00,299.00,203.00,299.00,324.00,180.00,324.00
184.00,209.00,306.00,209.00,306.00,327.00,184.00,327.00
185.00,202.00,302.00,202.00,302.00,322.00,185.00,322.00
186.00,184.00,300.00,184.00,300.00,298.00,186.00,298.00
188.00,160.00,320.00,160.00,320.00,267.00,188.00,267.00
210.00,157.00,366.00,157.00,366.00,266.00,210.00,266.00
254.00,164.00,400.00,164.00,400.00,274.00,254.00,274.00
288.00,185.00,407.00,185.00,407.00,298.00,288.00,298.00
296.00,203.00,411.00,203.00,411.00,317.00,296.00,317.00
291.00,214.00,409.00,214.00,409.00,331.00,291.00,331.00
285.00,217.00,418.00,217.00,418.00,332.00,285.00,332.00
295.00,214.00,416.00,214.00,416.00,331.00,295.00,331.00
277.00,219.00,414.00,219.00,414.00,329.00,277.00,329.00
245.00,223.00,396.00,223.00,396.00,329.00,245.00,329.00
226.00,222.00,362.00,222.00,362.00,331.00,226.00,331.00
227.00,230.00,345.00,230.00,345.00,344.00,227.00,344.00
205.00,234.00,346.00,234.00,346.00,346.00,205.00,346.00
207.00,226.00,321.00,226.00,321.00,341.00,207.00,341.00
205.00,211.00,322.00,211.00,322.00,326.00,205.00,326.00
211.00,201.00,328.00,201.00,328.00,317.00,211.00,317.00
209.00,199.00,344.00,199.00,344.00,308.00,209.00,308.00
221.00,199.00,363.00,199.00,363.00,304.00,221.00,304.00
245.00,191.00,366.00,191.00,366.00,300.00,245.00,300.00
255.00,175.00,370.00,175.00,370.00,290.00,255.00,290.00
252.00,161.00,380.00,161.00,380.00,275.00,252.00,275.00
269.00,180.00,387.00,180.00,387.00,289.00,269.00,289.00
286.00,218.00,398.00,218.00,398.00,328.00,286.00,328.00
277.00,246.00,391.00,246.00,391.00,353.00,277.00,353.00
253.00,252.00,384.00,252.00,384.00,362.00,253.00,362.00
256.00,238.00,366.00,238.00,366.00,344.00,256.00,344.00
251.00,196.00,361.00,196.00,361.00,302.00,251.00,302.00
241.00,163.00,352.00,163.00,352.00,275.00,241.00,275.00
227.00,151.00,358.00,151.00,358.00,265.00,227.00,265.00
216.00,162.00,342.00,162.00,342.00,267.00,216.00,267.00
200.00,167.00,324.00,167.00,324.00,277.00,200.00,277.00
205.00,170.00,337.00,170.00,337.00,271.00,205.00,271.00
238.00,159.00,363.00,159.00,363.00,257.00,238.00,257.00
258.00,143.00,382.00,143.00,382.00,248.00,258.00,248.00
271.00,137.00,396.00,137.00,396.00,249.00,271.00,249.00
275.00,156.00,390.00,156.00,390.00,263.00,275.00,263.00
255.00,173.00,376.00,173.00,376.00,276.00,255.00,276.00
234.00,182.00,361.00,182.00,361.00,289.00,234.00,289.00
232.00,181.00,351.00,181.00,351.00,295.00,232.00,295.00
231.00,179.00,359.00,179.00,359.00,292.00,231.00,292.00
244.00,182.00,361.00,182.00,361.00,297.00,244.00,297.00
228.00,198.00,356.00,198.00,356.00,301.00,228.00,301.00
196.00,206.00,333.00,206.00,333.00,312.00,196.00,312.00
194.00,206.00,318.00,206.00,318.00,317.00,194.00,317.00
204.00,200.00,327.00,200.00,327.00,308.00,204.00,308.00
219.00,183.00,345.00,183.00,345.00,290.00,219.00,290.00
233.00,176.00,358.00,176.00,358.00,294.00,233.00,294.00
240.00,184.00,352.00,184.00,352.00,302.00,240.00,302.00
238.00,192.00,350.00,192.00,350.00,310.00,238.00,310.00
231.00,198.00,354.00,198.00,354.00,311.00,231.00,311.00
219.00,205.00,349.00,205.00,349.00,313.00,219.00,313.00
206.00,217.00,327.00,217.00,327.00,324.00,206.00,324.00
205.00,230.00,322.00,230.00,322.00,342.00,205.00,342.00
206.00,232.00,338.00,232.00,338.00,344.00,206.00,344.00
221.00,226.00,335.00,226.00,335.00,342.00,221.00,342.00
205.00,222.00,337.00,222.00,337.00,334.00,205.00,334.00
208.00,217.00,327.00,217.00,327.00,331.00,208.00,331.00
215.00,211.00,343.00,211.00,343.00,318.00,215.00,318.00
244.00,187.00,368.00,187.00,368.00,291.00,244.00,291.00
267.00,160.00,388.00,160.00,388.00,269.00,267.00,269.00
276.00,156.00,391.00,156.00,391.00,268.00,276.00,268.00
279.00,167.00,390.00,167.00,390.00,279.00,279.00,279.00
273.00,191.00,386.00,191.00,386.00,303.00,273.00,303.00
265.00,214.00,379.00,214.00,379.00,327.00,265.00,327.00
248.00,224.00,382.00,224.00,382.00,332.00,248.00,332.00
221.00,221.00,371.00,221.00,371.00,328.00,221.00,328.00
210.00,222.00,336.00,222.00,336.00,330.00,210.00,330.00
213.00,234.00,331.00,234.00,331.00,346.00,213.00,346.00
214.00,241.00,349.00,241.00,349.00,352.00,214.00,352.00
232.00,239.00,348.00,239.00,348.00,350.00,232.00,350.00
238.00,223.00,349.00,223.00,349.00,335.00,238.00,335.00
235.00,206.00,353.00,206.00,353.00,316.00,235.00,316.00
236.00,205.00,390.00,205.00,390.00,313.00,236.00,313.00
265.00,207.00,421.00,207.00,421.00,315.00,265.00,315.00
298.00,204.00,413.00,204.00,413.00,317.00,298.00,317.00
283.00,200.00,417.00,200.00,417.00,310.00,283.00,310.00
268.00,198.00,403.00,198.00,403.00,304.00,268.00,304.00
268.00,208.00,383.00,208.00,383.00,318.00,268.00,318.00
261.00,223.00,378.00,223.00,378.00,334.00,261.00,334.00
248.00,235.00,372.00,235.00,372.00,343.00,248.00,343.00
245.00,237.00,368.00,237.00,368.00,345.00,245.00,345.00
255.00,233.00,376.00,233.00,376.00,339.00,255.00,339.00
266.00,223.00,375.00,223.00,375.00,334.00,266.00,334.00
257.00,217.00,376.00,217.00,376.00,323.00,257.00,323.00
257.00,207.00,366.00,207.00,366.00,317.00,257.00,317.00
254.00,203.00,365.00,203.00,365.00,312.00,254.00,312.00
251.00,203.00,375.00,203.00,375.00,307.00,251.00,307.00
265.00,195.00,375.00,195.00,375.00,300.00,265.00,300.00
266.00,187.00,378.00,187.00,378.00,294.00,266.00,294.00
268.00,196.00,379.00,196.00,379.00,303.00,268.00,303.00
276.00,211.00,388.00,211.00,388.00,315.00,276.00,315.00
283.00,224.00,397.00,224.00,397.00,331.00,283.00,331.00
283.00,227.00,401.00,227.00,401.00,331.00,283.00,331.00
260.00,228.00,397.00,228.00,397.00,326.00,260.00,326.00
235.00,236.00,367.00,236.00,367.00,332.00,235.00,332.00
217.00,234.00,343.00,234.00,343.00,335.00,217.00,335.00
213.00,223.00,322.00,223.00,322.00,323.00,213.00,323.00
206.00,195.00,311.00,195.00,311.00,296.00,206.00,296.00
204.00,171.00,311.00,171.00,311.00,273.00,204.00,273.00
201.00,162.00,328.00,162.00,328.00,265.00,201.00,265.00
217.00,171.00,338.00,171.00,338.00,273.00,217.00,273.00
233.00,180.00,353.00,180.00,353.00,282.00,233.00,282.00
239.00,181.00,361.00,181.00,361.00,284.00,239.00,284.00
247.00,186.00,367.00,186.00,367.00,290.00,247.00,290.00
266.00,207.00,375.00,207.00,375.00,305.00,266.00,305.00
283.00,231.00,393.00,231.00,393.00,328.00,283.00,328.00
292.00,250.00,398.00,250.00,398.00,350.00,292.00,350.00
287.00,245.00,394.00,245.00,394.00,344.00,287.00,344.00
275.00,218.00,381.00,218.00,381.00,319.00,275.00,319.00
258.00,200.00,382.00,200.00,382.00,301.00,258.00,301.00
233.00,192.00,371.00,192.00,371.00,290.00,233.00,290.00
218.00,201.00,333.00,201.00,333.00,296.00,218.00,296.00
218.00,216.00,324.00,216.00,324.00,323.00,218.00,323.00
213.00,225.00,346.00,225.00,346.00,330.00,213.00,330.00
231.00,228.00,359.00,228.00,359.00,325.00,231.00,325.00
252.00,223.00,383.00,223.00,383.00,325.00,252.00,325.00
272.00,228.00,382.00,228.00,382.00,333.00,272.00,333.00
273.00,238.00,382.00,238.00,382.00,345.00,273.00,345.00
270.00,249.00,380.00,249.00,380.00,358.00,270.00,358.00
267.00,254.00,377.00,254.00,377.00,362.00,267.00,362.00
268.00,249.00,376.00,249.00,376.00,361.00,268.00,361.00
270.00,244.00,378.00,244.00,378.00,356.00,270.00,356.00
271.00,234.00,380.00,234.00,380.00,344.00,271.00,344.00
272.00,227.00,382.00,227.00,382.00,334.00,272.00,334.00
264.00,230.00,382.00,230.00,382.00,334.00,264.00,334.00
254.00,237.00,373.00,237.00,373.00,341.00,254.00,341.00
246.00,237.00,364.00,237.00,364.00,343.00,246.00,343.00
252.00,229.00,358.00,229.00,358.00,336.00,252.00,336.00
250.00,215.00,358.00,215.00,358.00,323.00,250.00,323.00
240.00,214.00,361.00,214.00,361.00,317.00,240.00,317.00
241.00,214.00,350.00,214.00,350.00,324.00,241.00,324.00
240.00,222.00,363.00,222.00,363.00,327.00,240.00,327.00
250.00,224.00,378.00,224.00,378.00,327.00,250.00,327.00
272.00,216.00,389.00,216.00,389.00,317.00,272.00,317.00
286.00,201.00,399.00,201.00,399.00,307.00,286.00,307.00
289.00,187.00,400.00,187.00,400.00,296.00,289.00,296.00
280.00,187.00,395.00,187.00,395.00,293.00,280.00,293.00
280.00,193.00,388.00,193.00,388.00,303.00,280.00,303.00
272.00,203.00,385.00,203.00,385.00,308.00,272.00,308.00
243.00,208.00,383.00,208.00,383.00,307.00,243.00,307.00
229.00,199.00,351.00,199.00,351.00,304.00,229.00,304.00
217.00,189.00,331.00,189.00,331.00,293.00,217.00,293.00
220.00,193.00,324.00,193.00,324.00,301.00,220.00,301.00
222.00,215.00,333.00,215.00,333.00,317.00,222.00,317.00
244.00,256.00,361.00,256.00,361.00,357.00,244.00,357.00
262.00,276.00,393.00,276.00,393.00,374.00,262.00,374.00
293.00,263.00,405.00,263.00,405.00,360.00,293.00,360.00
312.00,240.00,419.00,240.00,419.00,341.00,312.00,341.00
309.00,228.00,422.00,228.00,422.00,330.00,309.00,330.00
282.00,218.00,415.00,218.00,415.00,318.00,282.00,318.00
266.00,228.00,385.00,228.00,385.00,324.00,266.00,324.00
226.00,235.00,367.00,235.00,367.00,332.00,226.00,332.00
214.00,231.00,334.00,231.00,334.00,335.00,214.00,335.00
222.00,233.00,367.00,233.00,367.00,330.00,222.00,330.00
262.00,234.00,406.00,234.00,406.00,331.00,262.00,331.00
297.00,233.00,426.00,233.00,426.00,331.00,297.00,331.00
318.00,226.00,440.00,226.00,440.00,325.00,318.00,325.00
330.00,227.00,448.00,227.00,448.00,329.00,330.00,329.00
338.00,234.00,453.00,234.00,453.00,337.00,338.00,337.00
346.00,231.00,452.00,231.00,452.00,338.00,346.00,338.00
345.00,226.00,455.00,226.00,455.00,329.00,345.00,329.00
330.00,231.00,448.00,231.00,448.00,329.00,330.00,329.00
311.00,249.00,421.00,249.00,421.00,341.00,311.00,341.00
287.00,259.00,407.00,259.00,407.00,358.00,287.00,358.00
293.00,254.00,396.00,254.00,396.00,352.00,293.00,352.00
298.00,241.00,411.00,241.00,411.00,339.00,298.00,339.00
305.00,236.00,427.00,236.00,427.00,336.00,305.00,336.00
321.00,247.00,432.00,247.00,432.00,345.00,321.00,345.00
333.00,257.00,457.00,257.00,457.00,353.00,333.00,353.00
358.00,249.00,458.00,249.00,458.00,346.00,358.00,346.00
328.00,210.00,441.00,210.00,441.00,315.00,328.00,315.00
298.00,179.00,411.00,179.00,411.00,284.00,298.00,284.00
278.00,159.00,392.00,159.00,392.00,259.00,278.00,259.00
283.00,168.00,382.00,168.00,382.00,268.00,283.00,268.00
282.00,188.00,379.00,188.00,379.00,285.00,282.00,285.00
269.00,212.00,372.00,212.00,372.00,305.00,269.00,305.00
244.00,232.00,352.00,232.00,352.00,321.00,244.00,321.00
217.00,238.00,338.00,238.00,338.00,333.00,217.00,333.00
211.00,238.00,324.00,238.00,324.00,339.00,211.00,339.00
211.00,240.00,328.00,240.00,328.00,341.00,211.00,341.00
218.00,244.00,342.00,244.00,342.00,340.00,218.00,340.00
243.00,237.00,348.00,237.00,348.00,330.00,243.00,330.00
254.00,207.00,353.00,207.00,353.00,302.00,254.00,302.00
237.00,176.00,344.00,176.00,344.00,275.00,237.00,275.00
228.00,167.00,336.00,167.00,336.00,270.00,228.00,270.00
222.00,177.00,330.00,177.00,330.00,274.00,222.00,274.00
204.00,192.00,314.00,192.00,314.00,286.00,204.00,286.00
186.00,201.00,300.00,201.00,300.00,302.00,186.00,302.00
180.00,202.00,293.00,202.00,293.00,306.00,180.00,306.00
181.00,207.00,286.00,207.00,286.00,312.00,181.00,312.00
176.00,221.00,280.00,221.00,280.00,327.00,176.00,327.00
169.00,229.00,296.00,229.00,296.00,331.00,169.00,331.00
187.00,232.00,326.00,232.00,326.00,329.00,187.00,329.00
220.00,230.00,353.00,230.00,353.00,325.00,220.00,325.00
258.00,218.00,381.00,218.00,381.00,314.00,258.00,314.00
278.00,212.00,411.00,212.00,411.00,311.00,278.00,311.00
303.00,219.00,414.00,219.00,414.00,323.00,303.00,323.00
304.00,235.00,413.00,235.00,413.00,334.00,304.00,334.00
266.00,245.00,401.00,245.00,401.00,339.00,266.00,339.00
229.00,229.00,348.00,229.00,348.00,330.00,229.00,330.00
195.00,213.00,324.00,213.00,324.00,314.00,195.00,314.00
172.00,212.00,298.00,212.00,298.00,311.00,172.00,311.00
171.00,221.00,284.00,221.00,284.00,324.00,171.00,324.00
188.00,229.00,324.00,229.00,324.00,324.00,188.00,324.00
223.00,214.00,335.00,214.00,335.00,314.00,223.00,314.00
236.00,196.00,350.00,196.00,350.00,297.00,236.00,297.00
243.00,189.00,382.00,189.00,382.00,289.00,243.00,289.00
268.00,193.00,409.00,193.00,409.00,291.00,268.00,291.00
303.00,201.00,436.00,201.00,436.00,301.00,303.00,301.00
325.00,203.00,436.00,203.00,436.00,305.00,325.00,305.00
310.00,200.00,439.00,200.00,439.00,301.00,310.00,301.00
282.00,197.00,415.00,197.00,415.00,295.00,282.00,295.00
248.00,174.00,368.00,174.00,368.00,277.00,248.00,277.00
233.00,156.00,334.00,156.00,334.00,258.00,233.00,258.00
235.00,144.00,363.00,144.00,363.00,240.00,235.00,240.00
266.00,138.00,393.00,138.00,393.00,235.00,266.00,235.00
288.00,125.00,396.00,125.00,396.00,227.00,288.00,227.00
295.00,113.00,403.00,113.00,403.00,221.00,295.00,221.00
301.00,125.00,401.00,125.00,401.00,229.00,301.00,229.00
2
0
0
0
0
1
293.00,193.00,386.00,193.00,386.00,285.00,293.00,285.00
289.00,181.00,387.00,181.00,387.00,267.00,289.00,267.00
289.00,154.00,388.00,154.00,388.00,241.00,289.00,241.00
291.00,102.00,389.00,102.00,389.00,188.00,291.00,188.00
305.00,89.00,406.00,89.00,406.00,160.00,305.00,160.00
325.00,108.00,422.00,108.00,422.00,193.00,325.00,193.00
331.00,147.00,429.00,147.00,429.00,233.00,331.00,233.00
323.00,172.00,416.00,172.00,416.00,258.00,323.00,258.00
306.00,188.00,401.00,188.00,401.00,273.00,306.00,273.00
294.00,204.00,388.00,204.00,388.00,293.00,294.00,293.00
281.00,220.00,378.00,220.00,378.00,308.00,281.00,308.00
272.00,235.00,370.00,235.00,370.00,311.00,272.00,311.00
269.00,240.00,362.00,240.00,362.00,319.00,269.00,319.00
269.00,247.00,374.00,247.00,374.00,318.00,269.00,318.00
279.00,239.00,379.00,239.00,379.00,322.00,279.00,322.00
289.00,227.00,384.00,227.00,384.00,314.00,289.00,314.00
295.00,214.00,391.00,214.00,391.00,303.00,295.00,303.00
306.00,202.00,405.00,202.00,405.00,285.00,306.00,285.00
312.00,198.00,415.00,198.00,415.00,270.00,312.00,270.00
316.00,202.00,422.00,202.00,422.00,272.00,316.00,272.00
332.00,206.00,429.00,206.00,429.00,292.00,332.00,292.00
336.00,218.00,428.00,218.00,428.00,314.00,336.00,314.00
319.00,240.00,416.00,240.00,416.00,326.00,319.00,326.00
297.00,259.00,397.00,259.00,397.00,343.00,297.00,343.00
271.00,273.00,377.00,273.00,377.00,344.00,271.00,344.00
263.00,271.00,363.00,271.00,363.00,344.00,263.00,344.00
256.00,263.00,360.00,263.00,360.00,346.00,256.00,346.00
245.00,240.00,349.00,240.00,349.00,331.00,245.00,331.00
241.00,196.00,333.00,196.00,333.00,295.00,241.00,295.00
255.00,190.00,361.00,190.00,361.00,264.00,255.00,264.00
277.00,187.00,383.00,187.00,383.00,256.00,277.00,256.00
291.00,189.00,395.00,189.00,395.00,268.00,291.00,268.00
306.00,201.00,409.00,201.00,409.00,290.00,306.00,290.00
323.00,219.00,427.00,219.00,427.00,308.00,323.00,308.00
342.00,234.00,437.00,234.00,437.00,336.00,342.00,336.00
351.00,254.00,441.00,254.00,441.00,354.00,351.00,354.00
339.00,274.00,443.00,274.00,443.00,345.00,339.00,345.00
322.00,276.00,429.00,276.00,429.00,348.00,322.00,348.00
292.00,278.00,398.00,278.00,398.00,351.00,292.00,351.00
250.00,282.00,355.00,282.00,355.00,354.00,250.00,354.00
213.00,277.00,320.00,277.00,320.00,353.00,213.00,353.00
215.00,250.00,307.00,250.00,307.00,351.00,215.00,351.00
225.00,222.00,317.00,222.00,317.00,326.00,225.00,326.00
227.00,200.00,320.00,200.00,320.00,298.00,227.00,298.00
235.00,197.00,340.00,197.00,340.00,271.00,235.00,271.00
262.00,193.00,372.00,193.00,372.00,268.00,262.00,268.00
290.00,194.00,402.00,194.00,402.00,268.00,290.00,268.00
307.00,195.00,412.00,195.00,412.00,267.00,307.00,267.00
320.00,199.00,413.00,199.00,413.00,281.00,320.00,281.00
324.00,204.00,418.00,204.00,418.00,301.00,324.00,301.00
327.00,217.00,421.00,217.00,421.00,319.00,327.00,319.00
310.00,239.00,415.00,239.00,415.00,318.00,310.00,318.00
274.00,243.00,389.00,243.00,389.00,320.00,274.00,320.00
233.00,241.00,344.00,241.00,344.00,316.00,233.00,316.00
193.00,241.00,303.00,241.00,303.00,316.00,193.00,316.00
181.00,237.00,280.00,237.00,280.00,314.00,181.00,314.00
189.00,238.00,302.00,238.00,302.00,315.00,189.00,315.00
225.00,239.00,337.00,239.00,337.00,317.00,225.00,317.00
249.00,237.00,352.00,237.00,352.00,314.00,249.00,314.00
254.00,235.00,356.00,235.00,356.00,306.00,254.00,306.00
287.00,223.00,388.00,223.00,388.00,314.00,287.00,314.00
342.00,214.00,444.00,214.00,444.00,306.00,342.00,306.00
365.00,216.00,469.00,216.00,469.00,298.00,365.00,298.00
343.00,214.00,452.00,214.00,452.00,289.00,343.00,289.00
302.00,197.00,402.00,197.00,402.00,287.00,302.00,287.00
264.00,225.00,364.00,225.00,364.00,315.00,264.00,315.00
254.00,211.00,354.00,211.00,354.00,301.00,254.00,301.00
206.00,208.00,305.00,208.00,305.00,297.00,206.00,297.00
190.00,192.00,290.00,192.00,290.00,282.00,190.00,282.00
220.00,168.00,315.00,168.00,315.00,255.00,220.00,255.00
220.00,166.00,318.00,166.00,318.00,240.00,220.00,240.00
223.00,169.00,317.00,169.00,317.00,272.00,223.00,272.00
234.00,199.00,333.00,199.00,333.00,288.00,234.00,288.00
240.00,227.00,333.00,227.00,333.00,332.00,240.00,332.00
236.00,248.00,328.00,248.00,328.00,346.00,236.00,346.00
237.00,268.00,341.00,268.00,341.00,349.00,237.00,349.00
247.00,274.00,346.00,274.00,346.00,350.00,247.00,350.00
230.00,265.00,339.00,265.00,339.00,343.00,230.00,343.00
218.00,262.00,318.00,262.00,318.00,339.00,218.00,339.00
222.00,273.00,325.00,273.00,325.00,365.00,222.00,365.00
245.00,296.00,354.00,296.00,354.00,370.00,245.00,370.00
274.00,293.00,372.00,293.00,372.00,372.00,274.00,372.00
275.00,271.00,370.00,271.00,370.00,372.00,275.00,372.00
267.00,258.00,367.00,258.00,367.00,348.00,267.00,348.00
280.00,215.00,380.00,215.00,380.00,305.00,280.00,305.00
272.00,161.00,370.00,161.00,370.00,262.00,272.00,262.00
250.00,160.00,353.00,160.00,353.00,233.00,250.00,233.00
238.00,165.00,334.00,165.00,334.00,254.00,238.00,254.00
232.00,183.00,325.00,183.00,325.00,287.00,232.00,287.00
223.00,224.00,322.00,224.00,322.00,313.00,223.00,313.00
227.00,246.00,322.00,246.00,322.00,344.00,227.00,344.00
230.00,265.00,336.00,265.00,336.00,337.00,230.00,337.00
243.00,251.00,341.00,251.00,341.00,341.00,243.00,341.00
249.00,238.00,342.00,238.00,342.00,329.00,249.00,329.00
245.00,236.00,343.00,236.00,343.00,313.00,245.00,313.00
255.00,233.00,361.00,233.00,361.00,307.00,255.00,307.00
278.00,218.00,378.00,218.00,378.00,305.00,278.00,305.00
278.00,208.00,382.00,208.00,382.00,293.00,278.00,293.00
270.00,193.00,367.00,193.00,367.00,284.00,270.00,284.00
276.00,187.00,380.00,187.00,380.00,264.00,276.00,264.00
292.00,188.00,394.00,188.00,394.00,268.00,292.00,268.00
298.00,195.00,393.00,195.00,393.00,301.00,298.00,301.00
282.00,230.00,380.00,230.00,380.00,332.00,282.00,332.00
274.00,253.00,370.00,253.00,370.00,350.00,274.00,350.00
279.00,272.00,386.00,272.00,386.00,344.00,279.00,344.00
289.00,257.00,386.00,257.00,386.00,351.00,289.00,351.00
273.00,247.00,377.00,247.00,377.00,332.00,273.00,332.00
271.00,243.00,367.00,243.00,367.00,319.00,271.00,319.00
271.00,246.00,371.00,246.00,371.00,318.00,271.00,318.00
275.00,243.00,371.00,243.00,371.00,319.00,275.00,319.00
264.00,233.00,367.00,233.00,367.00,313.00,264.00,313.00
258.00,229.00,359.00,229.00,359.00,302.00,258.00,302.00
257.00,227.00,352.00,227.00,352.00,306.00,257.00,306.00
248.00,234.00,352.00,234.00,352.00,308.00,248.00,308.00
236.00,237.00,343.00,237.00,343.00,309.00,236.00,309.00
237.00,232.00,339.00,232.00,339.00,307.00,237.00,307.00
259.00,228.00,369.00,228.00,369.00,302.00,259.00,302.00
285.00,230.00,386.00,230.00,386.00,308.00,285.00,308.00
273.00,238.00,378.00,238.00,378.00,318.00,273.00,318.00
253.00,246.00,358.00,246.00,358.00,320.00,253.00,320.00
253.00,246.00,355.00,246.00,355.00,323.00,253.00,323.00
263.00,229.00,362.00,229.00,362.00,320.00,263.00,320.00
269.00,221.00,365.00,221.00,365.00,307.00,269.00,307.00
269.00,219.00,365.00,219.00,365.00,296.00,269.00,296.00
269.00,226.00,375.00,226.00,375.00,302.00,269.00,302.00
278.00,230.00,381.00,230.00,381.00,304.00,278.00,304.00
275.00,231.00,381.00,231.00,381.00,303.00,275.00,303.00
271.00,227.00,369.00,227.00,369.00,308.00,271.00,308.00
271.00,223.00,369.00,223.00,369.00,299.00,271.00,299.00
274.00,226.00,372.00,226.00,372.00,307.00,274.00,307.00
276.00,231.00,373.00,231.00,373.00,322.00,276.00,322.00
268.00,245.00,368.00,245.00,368.00,332.00,268.00,332.00
266.00,255.00,363.00,255.00,363.00,330.00,266.00,330.00
275.00,239.00,373.00,239.00,373.00,327.00,275.00,327.00
287.00,226.00,382.00,226.00,382.00,312.00,287.00,312.00
283.00,227.00,384.00,227.00,384.00,299.00,283.00,299.00
274.00,230.00,374.00,230.00,374.00,317.00,274.00,317.00
266.00,245.00,365.00,245.00,365.00,322.00,266.00,322.00
268.00,233.00,362.00,233.00,362.00,327.00,268.00,327.00
273.00,214.00,365.00,214.00,365.00,310.00,273.00,310.00
271.00,213.00,373.00,213.00,373.00,288.00,271.00,288.00
278.00,214.00,370.00,214.00,370.00,308.00,278.00,308.00
278.00,227.00,372.00,227.00,372.00,321.00,278.00,321.00
267.00,243.00,369.00,243.00,369.00,317.00,267.00,317.00
264.00,244.00,360.00,244.00,360.00,320.00,264.00,320.00
267.00,240.00,364.00,240.00,364.00,317.00,267.00,317.00
270.00,236.00,367.00,236.00,367.00,312.00,270.00,312.00
260.00,238.00,359.00,238.00,359.00,312.00,260.00,312.00
254.00,241.00,347.00,241.00,347.00,333.00,254.00,333.00
253.00,255.00,344.00,255.00,344.00,335.00,253.00,335.00
253.00,252.00,346.00,252.00,346.00,337.00,253.00,337.00
256.00,243.00,346.00,243.00,346.00,331.00,256.00,331.00
251.00,241.00,349.00,241.00,349.00,319.00,251.00,319.00
253.00,242.00,344.00,242.00,344.00,336.00,253.00,336.00
252.00,255.00,346.00,255.00,346.00,346.00,252.00,346.00
253.00,265.00,349.00,265.00,349.00,345.00,253.00,345.00
252.00,268.00,349.00,268.00,349.00,347.00,252.00,347.00
252.00,267.00,348.00,267.00,348.00,347.00,252.00,347.00
249.00,261.00,347.00,261.00,347.00,344.00,249.00,344.00
241.00,257.00,340.00,257.00,340.00,333.00,241.00,333.00
242.00,246.00,338.00,246.00,338.00,335.00,242.00,335.00
246.00,230.00,338.00,230.00,338.00,328.00,246.00,328.00
243.00,227.00,336.00,227.00,336.00,307.00,243.00,307.00
242.00,226.00,336.00,226.00,336.00,304.00,242.00,304.00
241.00,229.00,341.00,229.00,341.00,305.00,241.00,305.00
247.00,225.00,344.00,225.00,344.00,309.00,247.00,309.00
252.00,215.00,348.00,215.00,348.00,300.00,252.00,300.00
255.00,214.00,349.00,214.00,349.00,292.00,255.00,292.00
258.00,216.00,349.00,216.00,349.00,316.00,258.00,316.00
258.00,232.00,350.00,232.00,350.00,331.00,258.00,331.00
259.00,248.00,353.00,248.00,353.00,326.00,259.00,326.00
256.00,244.00,352.00,244.00,352.00,328.00,256.00,328.00
256.00,236.00,353.00,236.00,353.00,317.00,256.00,317.00
264.00,232.00,364.00,232.00,364.00,306.00,264.00,306.00
270.00,231.00,361.00,231.00,361.00,317.00,270.00,317.00
263.00,241.00,363.00,241.00,363.00,319.00,263.00,319.00
252.00,246.00,356.00,246.00,356.00,321.00,252.00,321.00
253.00,242.00,349.00,242.00,349.00,326.00,253.00,326.00
258.00,229.00,351.00,229.00,351.00,322.00,258.00,322.00
251.00,230.00,353.00,230.00,353.00,306.00,251.00,306.00
244.00,233.00,340.00,233.00,340.00,332.00,244.00,332.00
239.00,252.00,335.00,252.00,335.00,339.00,239.00,339.00
235.00,260.00,338.00,260.00,338.00,334.00,235.00,334.00
248.00,258.00,353.00,258.00,353.00,335.00,248.00,335.00
272.00,243.00,371.00,243.00,371.00,330.00,272.00,330.00
282.00,236.00,378.00,236.00,378.00,313.00,282.00,313.00
262.00,240.00,362.00,240.00,362.00,320.00,262.00,320.00
246.00,250.00,344.00,250.00,344.00,337.00,246.00,337.00
259.00,263.00,366.00,263.00,366.00,338.00,259.00,338.00
287.00,252.00,382.00,252.00,382.00,341.00,287.00,341.00
272.00,239.00,379.00,239.00,379.00,323.00,272.00,323.00
252.00,236.00,357.00,236.00,357.00,309.00,252.00,309.00
239.00,236.00,341.00,236.00,341.00,310.00,239.00,310.00
239.00,237.00,334.00,237.00,334.00,314.00,239.00,314.00
240.00,237.00,342.00,237.00,342.00,315.00,240.00,315.00
239.00,234.00,340.00,234.00,340.00,310.00,239.00,310.00
233.00,234.00,336.00,234.00,336.00,310.00,233.00,310.00
233.00,235.00,333.00,235.00,333.00,313.00,233.00,313.00
241.00,239.00,340.00,239.00,340.00,326.00,241.00,326.00
246.00,247.00,339.00,247.00,339.00,336.00,246.00,336.00
248.00,261.00,359.00,261.00,359.00,338.00,248.00,338.00
298.00,258.00,406.00,258.00,406.00,339.00,298.00,339.00
314.00,252.00,418.00,252.00,418.00,331.00,314.00,331.00
280.00,253.00,385.00,253.00,385.00,332.00,280.00,332.00
238.00,264.00,343.00,264.00,343.00,349.00,238.00,349.00
219.00,275.00,319.00,275.00,319.00,357.00,219.00,357.00
222.00,281.00,329.00,281.00,329.00,356.00,222.00,356.00
247.00,271.00,352.00,271.00,352.00,351.00,247.00,351.00
256.00,265.00,358.00,265.00,358.00,342.00,256.00,342.00
242.00,268.00,347.00,268.00,347.00,344.00,242.00,344.00
226.00,268.00,331.00,268.00,331.00,344.00,226.00,344.00
218.00,269.00,319.00,269.00,319.00,347.00,218.00,347.00
222.00,273.00,329.00,273.00,329.00,349.00,222.00,349.00
240.00,274.00,343.00,274.00,343.00,349.00,240.00,349.00
250.00,263.00,342.00,263.00,342.00,352.00,250.00,352.00
247.00,261.00,343.00,261.00,343.00,338.00,247.00,338.00
235.00,258.00,340.00,258.00,340.00,333.00,235.00,333.00
239.00,253.00,337.00,253.00,337.00,332.00,239.00,332.00
248.00,244.00,345.00,244.00,345.00,323.00,248.00,323.00
253.00,236.00,345.00,236.00,345.00,316.00,253.00,316.00
250.00,232.00,343.00,232.00,343.00,311.00,250.00,311.00
250.00,223.00,342.00,223.00,342.00,308.00,250.00,308.00
250.00,221.00,352.00,221.00,352.00,297.00,250.00,297.00
257.00,226.00,350.00,226.00,350.00,324.00,257.00,324.00
249.00,253.00,342.00,253.00,342.00,355.00,249.00,355.00
237.00,286.00,332.00,286.00,332.00,379.00,237.00,379.00
234.00,285.00,329.00,285.00,329.00,381.00,234.00,381.00
243.00,263.00,339.00,263.00,339.00,361.00,243.00,361.00
249.00,245.00,346.00,245.00,346.00,339.00,249.00,339.00
260.00,228.00,355.00,228.00,355.00,322.00,260.00,322.00
264.00,210.00,358.00,210.00,358.00,308.00,264.00,308.00
255.00,198.00,355.00,198.00,355.00,290.00,255.00,290.00
252.00,184.00,344.00,184.00,344.00,276.00,252.00,276.00
254.00,170.00,347.00,170.00,347.00,262.00,254.00,262.00
255.00,167.00,356.00,167.00,356.00,243.00,255.00,243.00
263.00,169.00,364.00,169.00,364.00,261.00,263.00,261.00
273.00,183.00,367.00,183.00,367.00,284.00,273.00,284.00
274.00,211.00,373.00,211.00,373.00,302.00,274.00,302.00
279.00,240.00,375.00,240.00,375.00,333.00,279.00,333.00
283.00,237.00,374.00,237.00,374.00,333.00,283.00,333.00
279.00,214.00,372.00,214.00,372.00,313.00,279.00,313.00
278.00,204.00,373.00,204.00,373.00,286.00,278.00,286.00
286.00,206.00,393.00,206.00,393.00,279.00,286.00,279.00
309.00,211.00,415.00,211.00,415.00,291.00,309.00,291.00
320.00,219.00,416.00,219.00,416.00,302.00,320.00,302.00
305.00,228.00,408.00,228.00,408.00,302.00,305.00,302.00
295.00,227.00,393.00,227.00,393.00,305.00,295.00,305.00
297.00,230.00,392.00,230.00,392.00,319.00,297.00,319.00
301.00,241.00,394.00,241.00,394.00,346.00,301.00,346.00
309.00,270.00,409.00,270.00,409.00,365.00,309.00,365.00
317.00,284.00,412.00,284.00,412.00,364.00,317.00,364.00
305.00,270.00,407.00,270.00,407.00,361.00,305.00,361.00
298.00,246.00,392.00,246.00,392.00,351.00,298.00,351.00
296.00,226.00,386.00,226.00,386.00,326.00,296.00,326.00
292.00,207.00,384.00,207.00,384.00,302.00,292.00,302.00
292.00,205.00,382.00,205.00,382.00,285.00,292.00,285.00
291.00,210.00,381.00,210.00,381.00,301.00,291.00,301.00
294.00,226.00,398.00,226.00,398.00,306.00,294.00,306.00
310.00,235.00,406.00,235.00,406.00,311.00,310.00,311.00
314.00,238.00,405.00,238.00,405.00,316.00,314.00,316.00
309.00,244.00,401.00,244.00,401.00,324.00,309.00,324.00
300.00,252.00,396.00,252.00,396.00,334.00,300.00,334.00
297.00,254.00,388.00,254.00,388.00,334.00,297.00,334.00
299.00,241.00,385.00,241.00,385.00,334.00,299.00,334.00
298.00,226.00,384.00,226.00,384.00,322.00,298.00,322.00
300.00,213.00,388.00,213.00,388.00,300.00,300.00,300.00
303.00,206.00,389.00,206.00,389.00,289.00,303.00,289.00
300.00,203.00,391.00,203.00,391.00,281.00,300.00,281.00
299.00,203.00,398.00,203.00,398.00,277.00,299.00,277.00
308.00,210.00,410.00,210.00,410.00,289.00,308.00,289.00
325.00,220.00,425.00,220.00,425.00,310.00,325.00,310.00
337.00,237.00,426.00,237.00,426.00,334.00,337.00,334.00
306.00,257.00,409.00,257.00,409.00,338.00,306.00,338.00
272.00,260.00,379.00,260.00,379.00,336.00,272.00,336.00
254.00,253.00,362.00,253.00,362.00,330.00,254.00,330.00
238.00,236.00,341.00,236.00,341.00,334.00,238.00,334.00
232.00,225.00,335.00,225.00,335.00,319.00,232.00,319.00
222.00,193.00,326.00,193.00,326.00,288.00,222.00,288.00
243.00,180.00,346.00,180.00,346.00,258.00,243.00,258.00
262.00,181.00,363.00,181.00,363.00,266.00,262.00,266.00
278.00,190.00,368.00,190.00,368.00,287.00,278.00,287.00
284.00,206.00,369.00,206.00,369.00,291.00,284.00,291.00
281.00,212.00,379.00,212.00,379.00,287.00,281.00,287.00
287.00,217.00,385.00,217.00,385.00,290.00,287.00,290.00
294.00,216.00,384.00,216.00,384.00,292.00,294.00,292.00
298.00,218.00,382.00,218.00,382.00,299.00,298.00,299.00
293.00,219.00,387.00,219.00,387.00,298.00,293.00,298.00
