1
241.00,167.00,358.00,167.00,358.00,282.00,241.00,282.00
231.00,184.00,347.00,184.00,347.00,287.00,231.00,287.00
217.00,201.00,328.00,201.00,328.00,301.00,217.00,301.00
206.00,207.00,330.00,207.00,330.00,321.00,206.00,321.00
215.00,204.00,329.00,204.00,329.00,316.00,215.00,316.00
214.00,191.00,332.00,191.00,332.00,310.00,214.00,310.00
206.00,196.00,332.00,196.00,332.00,306.00,206.00,306.00
181.00,213.00,307.00,213.00,307.00,315.00,181.00,315.00
143.00,247.00,266.00,247.00,266.00,353.00,143.00,353.00
213.00,247.00,349.00,247.00,349.00,347.00,213.00,347.00
244.00,225.00,358.00,225.00,358.00,334.00,244.00,334.00
213.00,206.00,353.00,206.00,353.00,318.00,213.00,318.00
210.00,197.00,335.00,197.00,335.00,316.00,210.00,316.00
195.00,199.00,332.00,199.00,332.00,310.00,195.00,310.00
187.00,206.00,306.00,206.00,306.00,318.00,187.00,318.00
184.00,214.00,313.00,214.00,313.00,328.00,184.00,328.00
201.00,212.00,317.00,212.00,317.00,319.00,201.00,319.00
220.00,185.00,331.00,185.00,331.00,292.00,220.00,292.00
213.00,151.00,328.00,151.00,328.00,258.00,213.00,258.00
190.00,142.00,315.00,142.00,315.00,251.00,190.00,251.00
197.00,161.00,316.00,161.00,316.00,267.00,197.00,267.00
226.00,188.00,343.00,188.00,343.00,293.00,226.00,293.00
254.00,226.00,373.00,226.00,373.00,330.00,254.00,330.00
264.00,236.00,386.00,236.00,386.00,351.00,264.00,351.00
244.00,241.00,382.00,241.00,382.00,348.00,244.00,348.00
237.00,245.00,359.00,245.00,359.00,359.00,237.00,359.00
229.00,245.00,354.00,245.00,354.00,362.00,229.00,362.00
226.00,239.00,343.00,239.00,343.00,350.00,226.00,350.00
220.00,221.00,336.00,221.00,336.00,335.00,220.00,335.00
221.00,211.00,337.00,211.00,337.00,328.00,221.00,328.00
226.00,206.00,346.00,206.00,346.00,316.00,226.00,316.00
241.00,195.00,353.00,195.00,353.00,304.00,241.00,304.00
236.00,174.00,351.00,174.00,351.00,284.00,236.00,284.00
221.00,155.00,338.00,155.00,338.00,266.00,221.00,266.00
222.00,132.00,333.00,132.00,333.00,244.00,222.00,244.00
216.00,118.00,353.00,118.00,353.00,230.00,216.00,230.00
234.00,126.00,366.00,126.00,366.00,238.00,234.00,238.00
246.00,125.00,369.00,125.00,369.00,243.00,246.00,243.00
253.00,140.00,366.00,140.00,366.00,252.00,253.00,252.00
265.00,175.00,376.00,175.00,376.00,283.00,265.00,283.00
266.00,213.00,379.00,213.00,379.00,323.00,266.00,323.00
266.00,229.00,388.00,229.00,388.00,343.00,266.00,343.00
271.00,228.00,389.00,228.00,389.00,351.00,271.00,351.00
266.00,229.00,387.00,229.00,387.00,347.00,266.00,347.00
263.00,213.00,377.00,213.00,377.00,332.00,263.00,332.00
262.00,203.00,376.00,203.00,376.00,325.00,262.00,325.00
263.00,197.00,391.00,197.00,391.00,321.00,263.00,321.00
268.00,160.00,375.00,160.00,375.00,274.00,268.00,274.00
266.00,152.00,377.00,152.00,377.00,272.00,266.00,272.00
271.00,172.00,381.00,172.00,381.00,292.00,271.00,292.00
260.00,175.00,385.00,175.00,385.00,295.00,260.00,295.00
264.00,171.00,378.00,171.00,378.00,291.00,264.00,291.00
264.00,171.00,382.00,171.00,382.00,293.00,264.00,293.00
267.00,180.00,392.00,180.00,392.00,299.00,267.00,299.00
282.00,191.00,389.00,191.00,389.00,304.00,282.00,304.00
277.00,206.00,393.00,206.00,393.00,316.00,277.00,316.00
244.00,212.00,387.00,212.00,387.00,317.00,244.00,317.00
207.00,207.00,353.00,207.00,353.00,315.00,207.00,315.00
194.00,201.00,322.00,201.00,322.00,320.00,194.00,320.00
195.00,203.00,333.00,203.00,333.00,315.00,195.00,315.00
216.00,206.00,364.00,206.00,364.00,315.00,216.00,315.00
251.00,209.00,401.00,209.00,401.00,315.00,251.00,315.00
292.00,209.00,441.00,209.00,441.00,318.00,292.00,318.00
327.00,212.00,451.00,212.00,451.00,330.00,327.00,330.00
322.00,215.00,453.00,215.00,453.00,329.00,322.00,329.00
314.00,209.00,431.00,209.00,431.00,318.00,314.00,318.00
287.00,182.00,404.00,182.00,404.00,291.00,287.00,291.00
256.00,162.00,381.00,162.00,381.00,275.00,256.00,275.00
237.00,152.00,360.00,152.00,360.00,271.00,237.00,271.00
238.00,169.00,352.00,169.00,352.00,277.00,238.00,277.00
247.00,184.00,360.00,184.00,360.00,292.00,247.00,292.00
252.00,195.00,366.00,195.00,366.00,306.00,252.00,306.00
260.00,210.00,394.00,210.00,394.00,321.00,260.00,321.00
285.00,221.00,420.00,221.00,420.00,334.00,285.00,334.00
305.00,229.00,420.00,229.00,420.00,342.00,305.00,342.00
302.00,241.00,418.00,241.00,418.00,352.00,302.00,352.00
290.00,245.00,415.00,245.00,415.00,358.00,290.00,358.00
275.00,245.00,410.00,245.00,410.00,359.00,275.00,359.00
247.00,233.00,387.00,233.00,387.00,344.00,247.00,344.00
215.00,223.00,362.00,223.00,362.00,334.00,215.00,334.00
208.00,223.00,330.00,223.00,330.00,338.00,208.00,338.00
205.00,227.00,329.00,227.00,329.00,348.00,205.00,348.00
215.00,228.00,334.00,228.00,334.00,340.00,215.00,340.00
234.00,209.00,350.00,209.00,350.00,317.00,234.00,317.00
251.00,182.00,364.00,182.00,364.00,294.00,251.00,294.00
263.00,152.00,379.00,152.00,379.00,258.00,263.00,258.00
278.00,139.00,427.00,139.00,427.00,248.00,278.00,248.00
308.00,139.00,444.00,139.00,444.00,255.00,308.00,255.00
326.00,151.00,440.00,151.00,440.00,266.00,326.00,266.00
326.00,168.00,437.00,168.00,437.00,280.00,326.00,280.00
309.00,178.00,432.00,178.00,432.00,286.00,309.00,286.00
289.00,191.00,409.00,191.00,409.00,297.00,289.00,297.00
266.00,207.00,382.00,207.00,382.00,312.00,266.00,312.00
244.00,223.00,365.00,223.00,365.00,334.00,244.00,334.00
224.00,222.00,359.00,222.00,359.00,337.00,224.00,337.00
215.00,211.00,337.00,211.00,337.00,325.00,215.00,325.00
200.00,199.00,336.00,199.00,336.00,318.00,200.00,318.00
199.00,194.00,321.00,194.00,321.00,316.00,199.00,316.00
210.00,191.00,329.00,191.00,329.00,300.00,210.00,300.00
228.00,175.00,345.00,175.00,345.00,284.00,228.00,284.00
233.00,161.00,370.00,161.00,370.00,276.00,233.00,276.00
249.00,168.00,383.00,168.00,383.00,283.00,249.00,283.00
272.00,185.00,394.00,185.00,394.00,298.00,272.00,298.00
291.00,212.00,416.00,212.00,416.00,326.00,291.00,326.00
299.00,216.00,421.00,216.00,421.00,336.00,299.00,336.00
284.00,202.00,414.00,202.00,414.00,318.00,284.00,318.00
234.00,186.00,391.00,186.00,391.00,299.00,234.00,299.00
196.00,193.00,339.00,193.00,339.00,301.00,196.00,301.00
175.00,207.00,294.00,207.00,294.00,318.00,175.00,318.00
161.00,225.00,278.00,225.00,278.00,343.00,161.00,343.00
157.00,230.00,281.00,230.00,281.00,348.00,157.00,348.00
174.00,217.00,293.00,217.00,293.00,332.00,174.00,332.00
197.00,189.00,317.00,189.00,317.00,301.00,197.00,301.00
215.00,168.00,348.00,168.00,348.00,283.00,215.00,283.00
229.00,168.00,345.00,168.00,345.00,289.00,229.00,289.00
229.00,186.00,345.00,186.00,345.00,306.00,229.00,306.00
219.00,199.00,342.00,199.00,342.00,319.00,219.00,319.00
218.00,196.00,336.00,196.00,336.00,318.00,218.00,318.00
221.00,189.00,352.00,189.00,352.00,305.00,221.00,305.00
232.00,190.00,358.00,190.00,358.00,310.00,232.00,310.00
233.00,203.00,351.00,203.00,351.00,315.00,233.00,315.00
217.00,217.00,344.00,217.00,344.00,328.00,217.00,328.00
199.00,217.00,333.00,217.00,333.00,334.00,199.00,334.00
200.00,202.00,317.00,202.00,317.00,320.00,200.00,320.00
194.00,187.00,314.00,187.00,314.00,306.00,194.00,306.00
191.00,183.00,311.00,183.00,311.00,302.00,191.00,302.00
195.00,201.00,312.00,201.00,312.00,314.00,195.00,314.00
207.00,230.00,321.00,230.00,321.00,341.00,207.00,341.00
203.00,247.00,322.00,247.00,322.00,361.00,203.00,361.00
199.00,245.00,316.00,245.00,316.00,360.00,199.00,360.00
201.00,222.00,314.00,222.00,314.00,335.00,201.00,335.00
200.00,197.00,315.00,197.00,315.00,312.00,200.00,312.00
185.00,179.00,314.00,179.00,314.00,293.00,185.00,293.00
160.00,168.00,301.00,168.00,301.00,282.00,160.00,282.00
161.00,178.00,275.00,178.00,275.00,292.00,161.00,292.00
161.00,191.00,293.00,191.00,293.00,305.00,161.00,305.00
169.00,196.00,314.00,196.00,314.00,313.00,169.00,313.00
185.00,198.00,334.00,198.00,334.00,311.00,185.00,311.00
210.00,206.00,355.00,206.00,355.00,320.00,210.00,320.00
238.00,220.00,376.00,220.00,376.00,334.00,238.00,334.00
259.00,233.00,406.00,233.00,406.00,351.00,259.00,351.00
286.00,235.00,418.00,235.00,418.00,354.00,286.00,354.00
267.00,233.00,418.00,233.00,418.00,348.00,267.00,348.00
223.00,223.00,383.00,223.00,383.00,333.00,223.00,333.00
180.00,213.00,341.00,213.00,341.00,325.00,180.00,325.00
152.00,211.00,304.00,211.00,304.00,322.00,152.00,322.00
124.00,218.00,272.00,218.00,272.00,328.00,124.00,328.00
95.00,216.00,239.00,216.00,239.00,332.00,95.00,332.00
112.00,211.00,241.00,211.00,241.00,317.00,112.00,317.00
156.00,193.00,305.00,193.00,305.00,301.00,156.00,301.00
200.00,187.00,347.00,187.00,347.00,299.00,200.00,299.00
222.00,178.00,348.00,178.00,348.00,299.00,222.00,299.00
220.00,179.00,347.00,179.00,347.00,301.00,220.00,301.00
225.00,194.00,355.00,194.00,355.00,310.00,225.00,310.00
234.00,204.00,357.00,204.00,357.00,323.00,234.00,323.00
210.00,210.00,363.00,210.00,363.00,324.00,210.00,324.00
174.00,211.00,335.00,211.00,335.00,325.00,174.00,325.00
161.00,215.00,295.00,215.00,295.00,332.00,161.00,332.00
159.00,218.00,307.00,218.00,307.00,332.00,159.00,332.00
192.00,212.00,348.00,212.00,348.00,324.00,192.00,324.00
238.00,206.00,396.00,206.00,396.00,320.00,238.00,320.00
269.00,204.00,397.00,204.00,397.00,326.00,269.00,326.00
256.00,207.00,397.00,207.00,397.00,324.00,256.00,324.00
249.00,199.00,376.00,199.00,376.00,315.00,249.00,315.00
241.00,189.00,375.00,189.00,375.00,309.00,241.00,309.00
240.00,183.00,361.00,183.00,361.00,304.00,240.00,304.00
239.00,179.00,376.00,179.00,376.00,296.00,239.00,296.00
254.00,187.00,389.00,187.00,389.00,302.00,254.00,302.00
269.00,193.00,390.00,193.00,390.00,313.00,269.00,313.00
248.00,197.00,394.00,197.00,394.00,312.00,248.00,312.00
227.00,206.00,361.00,206.00,361.00,315.00,227.00,315.00
204.00,226.00,321.00,226.00,321.00,332.00,204.00,332.00
179.00,239.00,304.00,239.00,304.00,351.00,179.00,351.00
165.00,239.00,296.00,239.00,296.00,358.00,165.00,358.00
171.00,239.00,303.00,239.00,303.00,354.00,171.00,354.00
190.00,234.00,327.00,234.00,327.00,346.00,190.00,346.00
199.00,228.00,333.00,228.00,333.00,346.00,199.00,346.00
177.00,228.00,323.00,228.00,323.00,338.00,177.00,338.00
163.00,223.00,299.00,223.00,299.00,339.00,163.00,339.00
166.00,217.00,287.00,217.00,287.00,330.00,166.00,330.00
177.00,213.00,326.00,213.00,326.00,322.00,177.00,322.00
229.00,207.00,365.00,207.00,365.00,311.00,229.00,311.00
269.00,196.00,399.00,196.00,399.00,306.00,269.00,306.00
262.00,191.00,405.00,191.00,405.00,301.00,262.00,301.00
227.00,186.00,380.00,186.00,380.00,295.00,227.00,295.00
196.00,179.00,342.00,179.00,342.00,291.00,196.00,291.00
183.00,174.00,322.00,174.00,322.00,286.00,183.00,286.00
168.00,180.00,302.00,180.00,302.00,291.00,168.00,291.00
160.00,180.00,287.00,180.00,287.00,298.00,160.00,298.00
159.00,184.00,300.00,184.00,300.00,296.00,159.00,296.00
188.00,188.00,344.00,188.00,344.00,295.00,188.00,295.00
246.00,191.00,399.00,191.00,399.00,296.00,246.00,296.00
284.00,187.00,412.00,187.00,412.00,301.00,284.00,301.00
279.00,185.00,414.00,185.00,414.00,298.00,279.00,298.00
264.00,190.00,398.00,190.00,398.00,296.00,264.00,296.00
241.00,195.00,377.00,195.00,377.00,302.00,241.00,302.00
226.00,206.00,349.00,206.00,349.00,313.00,226.00,313.00
192.00,210.00,340.00,210.00,340.00,319.00,192.00,319.00
161.00,197.00,296.00,197.00,296.00,310.00,161.00,310.00
129.00,183.00,271.00,183.00,271.00,298.00,129.00,298.00
129.00,177.00,264.00,177.00,264.00,294.00,129.00,294.00
143.00,181.00,292.00,181.00,292.00,291.00,143.00,291.00
171.00,187.00,315.00,187.00,315.00,301.00,171.00,301.00
185.00,188.00,314.00,188.00,314.00,305.00,185.00,305.00
184.00,179.00,302.00,179.00,302.00,298.00,184.00,298.00
192.00,173.00,310.00,173.00,310.00,285.00,192.00,285.00
197.00,164.00,326.00,164.00,326.00,279.00,197.00,279.00
207.00,167.00,332.00,167.00,332.00,281.00,207.00,281.00
211.00,175.00,329.00,175.00,329.00,291.00,211.00,291.00
204.00,188.00,322.00,188.00,322.00,299.00,204.00,299.00
201.00,201.00,313.00,201.00,313.00,317.00,201.00,317.00
207.00,228.00,327.00,228.00,327.00,340.00,207.00,340.00
221.00,242.00,335.00,242.00,335.00,358.00,221.00,358.00
195.00,246.00,340.00,246.00,340.00,358.00,195.00,358.00
183.00,235.00,310.00,235.00,310.00,351.00,183.00,351.00
185.00,208.00,299.00,208.00,299.00,324.00,185.00,324.00
181.00,169.00,293.00,169.00,293.00,285.00,181.00,285.00
180.00,152.00,308.00,152.00,308.00,264.00,180.00,264.00
190.00,155.00,326.00,155.00,326.00,268.00,190.00,268.00
209.00,169.00,339.00,169.00,339.00,283.00,209.00,283.00
227.00,182.00,361.00,182.00,361.00,293.00,227.00,293.00
235.00,179.00,362.00,179.00,362.00,295.00,235.00,295.00
222.00,181.00,357.00,181.00,357.00,293.00,222.00,293.00
202.00,191.00,333.00,191.00,333.00,297.00,202.00,297.00
184.00,199.00,308.00,199.00,308.00,309.00,184.00,309.00
179.00,206.00,298.00,206.00,298.00,322.00,179.00,322.00
184.00,208.00,304.00,208.00,304.00,326.00,184.00,326.00
181.00,204.00,299.00,204.00,299.00,319.00,181.00,319.00
186.00,185.00,297.00,185.00,297.00,297.00,186.00,297.00
192.00,161.00,318.00,161.00,318.00,269.00,192.00,269.00
213.00,157.00,366.00,157.00,366.00,267.00,213.00,267.00
251.00,165.00,399.00,165.00,399.00,277.00,251.00,277.00
288.00,182.00,406.00,182.00,406.00,295.00,288.00,295.00
296.00,202.00,411.00,202.00,411.00,320.00,296.00,320.00
290.00,213.00,407.00,213.00,407.00,331.00,290.00,331.00
287.00,216.00,415.00,216.00,415.00,330.00,287.00,330.00
295.00,211.00,415.00,211.00,415.00,329.00,295.00,329.00
281.00,218.00,410.00,218.00,410.00,326.00,281.00,326.00
250.00,225.00,394.00,225.00,394.00,331.00,250.00,331.00
228.00,222.00,360.00,222.00,360.00,332.00,228.00,332.00
228.00,232.00,342.00,232.00,342.00,344.00,228.00,344.00
208.00,237.00,343.00,237.00,343.00,344.00,208.00,344.00
205.00,227.00,319.00,227.00,319.00,339.00,205.00,339.00
206.00,212.00,319.00,212.00,319.00,323.00,206.00,323.00
211.00,201.00,327.00,201.00,327.00,315.00,211.00,315.00
211.00,198.00,341.00,198.00,341.00,308.00,211.00,308.00
223.00,198.00,360.00,198.00,360.00,305.00,223.00,305.00
249.00,192.00,364.00,192.00,364.00,300.00,249.00,300.00
257.00,175.00,369.00,175.00,369.00,287.00,257.00,287.00
254.00,161.00,378.00,161.00,378.00,275.00,254.00,275.00
270.00,181.00,385.00,181.00,385.00,288.00,270.00,288.00
280.00,208.00,408.00,208.00,408.00,330.00,280.00,330.00
279.00,243.00,388.00,243.00,388.00,348.00,279.00,348.00
253.00,252.00,382.00,252.00,382.00,361.00,253.00,361.00
252.00,235.00,363.00,235.00,363.00,344.00,252.00,344.00
250.00,192.00,360.00,192.00,360.00,302.00,250.00,302.00
238.00,161.00,354.00,161.00,354.00,275.00,238.00,275.00
229.00,150.00,358.00,150.00,358.00,266.00,229.00,266.00
218.00,161.00,340.00,161.00,340.00,268.00,218.00,268.00
201.00,165.00,324.00,165.00,324.00,279.00,201.00,279.00
208.00,168.00,334.00,168.00,334.00,270.00,208.00,270.00
242.00,158.00,363.00,158.00,363.00,258.00,242.00,258.00
262.00,143.00,380.00,143.00,380.00,247.00,262.00,247.00
270.00,136.00,397.00,136.00,397.00,249.00,270.00,249.00
277.00,154.00,388.00,154.00,388.00,263.00,277.00,263.00
257.00,171.00,374.00,171.00,374.00,276.00,257.00,276.00
236.00,182.00,360.00,182.00,360.00,291.00,236.00,291.00
231.00,180.00,350.00,180.00,350.00,296.00,231.00,296.00
233.00,179.00,358.00,179.00,358.00,292.00,233.00,292.00
242.00,181.00,361.00,181.00,361.00,294.00,242.00,294.00
232.00,199.00,354.00,199.00,354.00,302.00,232.00,302.00
200.00,207.00,330.00,207.00,330.00,310.00,200.00,310.00
196.00,205.00,318.00,205.00,318.00,317.00,196.00,317.00
210.00,203.00,324.00,203.00,324.00,305.00,210.00,305.00
223.00,186.00,341.00,186.00,341.00,290.00,223.00,290.00
232.00,177.00,357.00,177.00,357.00,291.00,232.00,291.00
237.00,187.00,351.00,187.00,351.00,300.00,237.00,300.00
236.00,193.00,349.00,193.00,349.00,307.00,236.00,307.00
233.00,198.00,352.00,198.00,352.00,311.00,233.00,311.00
223.00,208.00,344.00,208.00,344.00,312.00,223.00,312.00
212.00,222.00,320.00,222.00,320.00,320.00,212.00,320.00
206.00,231.00,319.00,231.00,319.00,337.00,206.00,337.00
211.00,235.00,333.00,235.00,333.00,341.00,211.00,341.00
220.00,229.00,331.00,229.00,331.00,336.00,220.00,336.00
207.00,223.00,333.00,223.00,333.00,331.00,207.00,331.00
210.00,218.00,323.00,218.00,323.00,329.00,210.00,329.00
223.00,215.00,335.00,215.00,335.00,313.00,223.00,313.00
250.00,192.00,360.00,192.00,360.00,290.00,250.00,290.00
272.00,166.00,384.00,166.00,384.00,269.00,272.00,269.00
276.00,155.00,388.00,155.00,388.00,268.00,276.00,268.00
283.00,169.00,388.00,169.00,388.00,274.00,283.00,274.00
277.00,196.00,381.00,196.00,381.00,298.00,277.00,298.00
269.00,216.00,376.00,216.00,376.00,320.00,269.00,320.00
253.00,225.00,379.00,225.00,379.00,332.00,253.00,332.00
224.00,224.00,369.00,224.00,369.00,328.00,224.00,328.00
212.00,225.00,331.00,225.00,331.00,330.00,212.00,330.00
212.00,236.00,327.00,236.00,327.00,342.00,212.00,342.00
217.00,244.00,347.00,244.00,347.00,350.00,217.00,350.00
235.00,241.00,345.00,241.00,345.00,348.00,235.00,348.00
239.00,225.00,346.00,225.00,346.00,332.00,239.00,332.00
236.00,209.00,351.00,209.00,351.00,314.00,236.00,314.00
239.00,207.00,385.00,207.00,385.00,312.00,239.00,312.00
270.00,211.00,417.00,211.00,417.00,314.00,270.00,314.00
297.00,205.00,412.00,205.00,412.00,318.00,297.00,318.00
285.00,202.00,414.00,202.00,414.00,310.00,285.00,310.00
272.00,199.00,399.00,199.00,399.00,305.00,272.00,305.00
270.00,208.00,378.00,208.00,378.00,312.00,270.00,312.00
264.00,225.00,375.00,225.00,375.00,330.00,264.00,330.00
252.00,237.00,368.00,237.00,368.00,343.00,252.00,343.00
247.00,237.00,366.00,237.00,366.00,346.00,247.00,346.00
258.00,234.00,373.00,234.00,373.00,341.00,258.00,341.00
263.00,223.00,372.00,223.00,372.00,332.00,263.00,332.00
255.00,218.00,373.00,218.00,373.00,323.00,255.00,323.00
255.00,207.00,366.00,207.00,366.00,317.00,255.00,317.00
252.00,202.00,365.00,202.00,365.00,312.00,252.00,312.00
254.00,202.00,373.00,202.00,373.00,308.00,254.00,308.00
267.00,196.00,373.00,196.00,373.00,299.00,267.00,299.00
265.00,186.00,377.00,186.00,377.00,294.00,265.00,294.00
266.00,196.00,377.00,196.00,377.00,300.00,266.00,300.00
274.00,211.00,386.00,211.00,386.00,315.00,274.00,315.00
282.00,225.00,395.00,225.00,395.00,327.00,282.00,327.00
284.00,226.00,401.00,226.00,401.00,332.00,284.00,332.00
262.00,229.00,395.00,229.00,395.00,328.00,262.00,328.00
237.00,237.00,366.00,237.00,366.00,334.00,237.00,334.00
217.00,236.00,342.00,236.00,342.00,337.00,217.00,337.00
212.00,224.00,320.00,224.00,320.00,324.00,212.00,324.00
203.00,195.00,307.00,195.00,307.00,293.00,203.00,293.00
204.00,172.00,307.00,172.00,307.00,272.00,204.00,272.00
205.00,163.00,327.00,163.00,327.00,265.00,205.00,265.00
218.00,172.00,337.00,172.00,337.00,271.00,218.00,271.00
233.00,180.00,354.00,180.00,354.00,283.00,233.00,283.00
240.00,180.00,359.00,180.00,359.00,286.00,240.00,286.00
248.00,186.00,366.00,186.00,366.00,289.00,248.00,289.00
266.00,208.00,373.00,208.00,373.00,306.00,266.00,306.00
282.00,232.00,390.00,232.00,390.00,331.00,282.00,331.00
291.00,248.00,397.00,248.00,397.00,350.00,291.00,350.00
285.00,247.00,394.00,247.00,394.00,347.00,285.00,347.00
276.00,217.00,381.00,217.00,381.00,316.00,276.00,316.00
257.00,200.00,379.00,200.00,379.00,302.00,257.00,302.00
233.00,195.00,367.00,195.00,367.00,292.00,233.00,292.00
222.00,201.00,332.00,201.00,332.00,296.00,222.00,296.00
219.00,218.00,322.00,218.00,322.00,318.00,219.00,318.00
218.00,229.00,340.00,229.00,340.00,327.00,218.00,327.00
236.00,231.00,354.00,231.00,354.00,322.00,236.00,322.00
257.00,226.00,380.00,226.00,380.00,323.00,257.00,323.00
274.00,232.00,380.00,232.00,380.00,331.00,274.00,331.00
276.00,240.00,380.00,240.00,380.00,339.00,276.00,339.00
273.00,254.00,376.00,254.00,376.00,352.00,273.00,352.00
268.00,256.00,376.00,256.00,376.00,361.00,268.00,361.00
270.00,251.00,375.00,251.00,375.00,356.00,270.00,356.00
271.00,249.00,376.00,249.00,376.00,352.00,271.00,352.00
275.00,239.00,377.00,239.00,377.00,338.00,275.00,338.00
273.00,228.00,381.00,228.00,381.00,331.00,273.00,331.00
268.00,233.00,378.00,233.00,378.00,333.00,268.00,333.00
258.00,239.00,368.00,239.00,368.00,338.00,258.00,338.00
247.00,239.00,362.00,239.00,362.00,342.00,247.00,342.00
252.00,232.00,356.00,232.00,356.00,332.00,252.00,332.00
250.00,218.00,357.00,218.00,357.00,321.00,250.00,321.00
242.00,215.00,358.00,215.00,358.00,316.00,242.00,316.00
240.00,216.00,349.00,216.00,349.00,322.00,240.00,322.00
239.00,222.00,362.00,222.00,362.00,324.00,239.00,324.00
251.00,225.00,374.00,225.00,374.00,324.00,251.00,324.00
275.00,218.00,386.00,218.00,386.00,317.00,275.00,317.00
290.00,202.00,397.00,202.00,397.00,304.00,290.00,304.00
288.00,188.00,398.00,188.00,398.00,294.00,288.00,294.00
281.00,187.00,394.00,187.00,394.00,293.00,281.00,293.00
279.00,193.00,385.00,193.00,385.00,299.00,279.00,299.00
275.00,203.00,384.00,203.00,384.00,305.00,275.00,305.00
247.00,209.00,382.00,209.00,382.00,305.00,247.00,305.00
230.00,201.00,348.00,201.00,348.00,302.00,230.00,302.00
217.00,188.00,332.00,188.00,332.00,292.00,217.00,292.00
220.00,194.00,324.00,194.00,324.00,298.00,220.00,298.00
225.00,216.00,330.00,216.00,330.00,313.00,225.00,313.00
245.00,252.00,360.00,252.00,360.00,360.00,245.00,360.00
267.00,277.00,388.00,277.00,388.00,370.00,267.00,370.00
298.00,264.00,402.00,264.00,402.00,357.00,298.00,357.00
316.00,241.00,416.00,241.00,416.00,337.00,316.00,337.00
310.00,231.00,418.00,231.00,418.00,326.00,310.00,326.00
285.00,222.00,410.00,222.00,410.00,317.00,285.00,317.00
272.00,232.00,378.00,232.00,378.00,322.00,272.00,322.00
234.00,239.00,362.00,239.00,362.00,331.00,234.00,331.00
218.00,233.00,331.00,233.00,331.00,332.00,218.00,332.00
228.00,236.00,363.00,236.00,363.00,327.00,228.00,327.00
269.00,238.00,404.00,238.00,404.00,329.00,269.00,329.00
303.00,234.00,422.00,234.00,422.00,326.00,303.00,326.00
322.00,227.00,436.00,227.00,436.00,325.00,322.00,325.00
330.00,227.00,445.00,227.00,445.00,328.00,330.00,328.00
338.00,234.00,453.00,234.00,453.00,336.00,338.00,336.00
346.00,232.00,451.00,232.00,451.00,336.00,346.00,336.00
344.00,224.00,454.00,224.00,454.00,328.00,344.00,328.00
334.00,230.00,444.00,230.00,444.00,327.00,334.00,327.00
315.00,246.00,421.00,246.00,421.00,339.00,315.00,339.00
290.00,259.00,405.00,259.00,405.00,358.00,290.00,358.00
295.00,256.00,394.00,256.00,394.00,353.00,295.00,353.00
300.00,240.00,407.00,240.00,407.00,337.00,300.00,337.00
306.00,237.00,425.00,237.00,425.00,337.00,306.00,337.00
324.00,249.00,433.00,249.00,433.00,344.00,324.00,344.00
337.00,257.00,457.00,257.00,457.00,352.00,337.00,352.00
358.00,246.00,456.00,246.00,456.00,344.00,358.00,344.00
332.00,209.00,443.00,209.00,443.00,315.00,332.00,315.00
295.00,175.00,408.00,175.00,408.00,283.00,295.00,283.00
278.00,158.00,392.00,158.00,392.00,261.00,278.00,261.00
281.00,166.00,382.00,166.00,382.00,268.00,281.00,268.00
282.00,187.00,380.00,187.00,380.00,287.00,282.00,287.00
268.00,208.00,369.00,208.00,369.00,305.00,268.00,305.00
245.00,228.00,355.00,228.00,355.00,326.00,245.00,326.00
218.00,236.00,338.00,236.00,338.00,335.00,218.00,335.00
211.00,235.00,324.00,235.00,324.00,341.00,211.00,341.00
210.00,239.00,327.00,239.00,327.00,342.00,210.00,342.00
219.00,242.00,342.00,242.00,342.00,342.00,219.00,342.00
245.00,236.00,346.00,236.00,346.00,332.00,245.00,332.00
249.00,202.00,351.00,202.00,351.00,302.00,249.00,302.00
236.00,177.00,343.00,177.00,343.00,276.00,236.00,276.00
228.00,165.00,336.00,165.00,336.00,270.00,228.00,270.00
225.00,176.00,327.00,176.00,327.00,272.00,225.00,272.00
208.00,191.00,312.00,191.00,312.00,286.00,208.00,286.00
189.00,201.00,297.00,201.00,297.00,301.00,189.00,301.00
181.00,201.00,291.00,201.00,291.00,305.00,181.00,305.00
182.00,208.00,283.00,208.00,283.00,309.00,182.00,309.00
178.00,222.00,278.00,222.00,278.00,320.00,178.00,320.00
172.00,231.00,293.00,231.00,293.00,331.00,172.00,331.00
191.00,233.00,320.00,233.00,320.00,328.00,191.00,328.00
227.00,231.00,350.00,231.00,350.00,324.00,227.00,324.00
262.00,220.00,376.00,220.00,376.00,313.00,262.00,313.00
281.00,215.00,408.00,215.00,408.00,312.00,281.00,312.00
304.00,219.00,413.00,219.00,413.00,323.00,304.00,323.00
309.00,236.00,409.00,236.00,409.00,333.00,309.00,333.00
270.00,244.00,400.00,244.00,400.00,339.00,270.00,339.00
232.00,227.00,344.00,227.00,344.00,330.00,232.00,330.00
198.00,216.00,321.00,216.00,321.00,314.00,198.00,314.00
178.00,212.00,295.00,212.00,295.00,307.00,178.00,307.00
171.00,222.00,282.00,222.00,282.00,321.00,171.00,321.00
195.00,227.00,323.00,227.00,323.00,322.00,195.00,322.00
227.00,217.00,330.00,217.00,330.00,316.00,227.00,316.00
239.00,196.00,345.00,196.00,345.00,296.00,239.00,296.00
245.00,190.00,376.00,190.00,376.00,289.00,245.00,289.00
272.00,194.00,407.00,194.00,407.00,291.00,272.00,291.00
304.00,199.00,433.00,199.00,433.00,298.00,304.00,298.00
326.00,201.00,435.00,201.00,435.00,306.00,326.00,306.00
313.00,202.00,437.00,202.00,437.00,301.00,313.00,301.00
285.00,197.00,412.00,197.00,412.00,293.00,285.00,293.00
253.00,177.00,365.00,177.00,365.00,278.00,253.00,278.00
233.00,156.00,333.00,156.00,333.00,257.00,233.00,257.00
239.00,145.00,360.00,145.00,360.00,240.00,239.00,240.00
271.00,140.00,389.00,140.00,389.00,234.00,271.00,234.00
293.00,128.00,393.00,128.00,393.00,224.00,293.00,224.00
297.00,115.00,402.00,115.00,402.00,219.00,297.00,219.00
303.00,124.00,401.00,124.00,401.00,225.00,303.00,225.00
2
0
0
0
0
1
294.00,194.00,386.00,194.00,386.00,285.00,294.00,285.00
292.00,175.00,391.00,175.00,391.00,262.00,292.00,262.00
291.00,152.00,390.00,152.00,390.00,239.00,291.00,239.00
290.00,104.00,389.00,104.00,389.00,191.00,290.00,191.00
301.00,89.00,408.00,89.00,408.00,159.00,301.00,159.00
327.00,105.00,427.00,105.00,427.00,193.00,327.00,193.00
335.00,148.00,434.00,148.00,434.00,235.00,335.00,235.00
322.00,174.00,418.00,174.00,418.00,257.00,322.00,257.00
304.00,190.00,401.00,190.00,401.00,273.00,304.00,273.00
293.00,206.00,388.00,206.00,388.00,291.00,293.00,291.00
281.00,221.00,378.00,221.00,378.00,306.00,281.00,306.00
270.00,236.00,371.00,236.00,371.00,309.00,270.00,309.00
267.00,242.00,363.00,242.00,363.00,318.00,267.00,318.00
267.00,248.00,377.00,248.00,377.00,316.00,267.00,316.00
277.00,241.00,381.00,241.00,381.00,319.00,277.00,319.00
288.00,228.00,385.00,228.00,385.00,312.00,288.00,312.00
294.00,215.00,390.00,215.00,390.00,301.00,294.00,301.00
306.00,203.00,405.00,203.00,405.00,284.00,306.00,284.00
311.00,201.00,416.00,201.00,416.00,269.00,311.00,269.00
315.00,202.00,425.00,202.00,425.00,271.00,315.00,271.00
332.00,206.00,430.00,206.00,430.00,293.00,332.00,293.00
334.00,220.00,427.00,220.00,427.00,313.00,334.00,313.00
317.00,241.00,416.00,241.00,416.00,325.00,317.00,325.00
293.00,259.00,398.00,259.00,398.00,342.00,293.00,342.00
267.00,274.00,380.00,274.00,380.00,343.00,267.00,343.00
261.00,272.00,365.00,272.00,365.00,343.00,261.00,343.00
256.00,264.00,361.00,264.00,361.00,347.00,256.00,347.00
246.00,243.00,350.00,243.00,350.00,335.00,246.00,335.00
241.00,199.00,334.00,199.00,334.00,295.00,241.00,295.00
256.00,190.00,366.00,190.00,366.00,264.00,256.00,264.00
273.00,187.00,385.00,187.00,385.00,254.00,273.00,254.00
290.00,189.00,397.00,189.00,397.00,269.00,290.00,269.00
306.00,202.00,410.00,202.00,410.00,291.00,306.00,291.00
322.00,220.00,427.00,220.00,427.00,308.00,322.00,308.00
342.00,234.00,439.00,234.00,439.00,336.00,342.00,336.00
348.00,256.00,442.00,256.00,442.00,352.00,348.00,352.00
337.00,273.00,448.00,273.00,448.00,343.00,337.00,343.00
318.00,276.00,434.00,276.00,434.00,347.00,318.00,347.00
286.00,280.00,403.00,280.00,403.00,354.00,286.00,354.00
242.00,282.00,359.00,282.00,359.00,353.00,242.00,353.00
208.00,277.00,324.00,277.00,324.00,354.00,208.00,354.00
214.00,250.00,310.00,250.00,310.00,352.00,214.00,352.00
223.00,222.00,317.00,222.00,317.00,327.00,223.00,327.00
226.00,200.00,319.00,200.00,319.00,296.00,226.00,296.00
232.00,197.00,342.00,197.00,342.00,270.00,232.00,270.00
257.00,193.00,377.00,193.00,377.00,266.00,257.00,266.00
284.00,195.00,406.00,195.00,406.00,265.00,284.00,265.00
305.00,197.00,415.00,197.00,415.00,267.00,305.00,267.00
319.00,199.00,413.00,199.00,413.00,280.00,319.00,280.00
324.00,205.00,418.00,205.00,418.00,300.00,324.00,300.00
326.00,218.00,421.00,218.00,421.00,317.00,326.00,317.00
307.00,239.00,420.00,239.00,420.00,316.00,307.00,316.00
270.00,245.00,393.00,245.00,393.00,319.00,270.00,319.00
229.00,243.00,350.00,243.00,350.00,315.00,229.00,315.00
191.00,243.00,310.00,243.00,310.00,314.00,191.00,314.00
179.00,238.00,282.00,238.00,282.00,311.00,179.00,311.00
185.00,241.00,307.00,241.00,307.00,315.00,185.00,315.00
221.00,240.00,343.00,240.00,343.00,314.00,221.00,314.00
248.00,238.00,355.00,238.00,355.00,312.00,248.00,312.00
252.00,236.00,359.00,236.00,359.00,305.00,252.00,305.00
278.00,220.00,390.00,220.00,390.00,318.00,278.00,318.00
338.00,212.00,451.00,212.00,451.00,311.00,338.00,311.00
364.00,216.00,469.00,216.00,469.00,296.00,364.00,296.00
341.00,217.00,459.00,217.00,459.00,290.00,341.00,290.00
288.00,202.00,401.00,202.00,401.00,301.00,288.00,301.00
242.00,201.00,354.00,201.00,354.00,299.00,242.00,299.00
158.00,228.00,271.00,228.00,271.00,301.00,158.00,301.00
159.00,215.00,264.00,215.00,264.00,300.00,159.00,300.00
184.00,189.00,294.00,189.00,294.00,285.00,184.00,285.00
219.00,168.00,317.00,168.00,317.00,256.00,219.00,256.00
216.00,168.00,321.00,168.00,321.00,239.00,216.00,239.00
223.00,168.00,318.00,168.00,318.00,272.00,223.00,272.00
228.00,199.00,334.00,199.00,334.00,291.00,228.00,291.00
237.00,227.00,334.00,227.00,334.00,332.00,237.00,332.00
237.00,249.00,328.00,249.00,328.00,342.00,237.00,342.00
236.00,269.00,342.00,269.00,342.00,348.00,236.00,348.00
245.00,276.00,347.00,276.00,347.00,348.00,245.00,348.00
230.00,267.00,340.00,267.00,340.00,341.00,230.00,341.00
217.00,264.00,319.00,264.00,319.00,336.00,217.00,336.00
223.00,274.00,324.00,274.00,324.00,362.00,223.00,362.00
243.00,297.00,358.00,297.00,358.00,367.00,243.00,367.00
272.00,295.00,372.00,295.00,372.00,370.00,272.00,370.00
275.00,273.00,367.00,273.00,367.00,370.00,275.00,370.00
274.00,251.00,367.00,251.00,367.00,353.00,274.00,353.00
276.00,219.00,379.00,219.00,379.00,310.00,276.00,310.00
272.00,162.00,370.00,162.00,370.00,265.00,272.00,265.00
248.00,160.00,356.00,160.00,356.00,231.00,248.00,231.00
237.00,165.00,335.00,165.00,335.00,254.00,237.00,254.00
230.00,181.00,325.00,181.00,325.00,286.00,230.00,286.00
219.00,222.00,324.00,222.00,324.00,316.00,219.00,316.00
228.00,247.00,323.00,247.00,323.00,345.00,228.00,345.00
228.00,266.00,338.00,266.00,338.00,337.00,228.00,337.00
240.00,252.00,339.00,252.00,339.00,340.00,240.00,340.00
248.00,238.00,341.00,238.00,341.00,329.00,248.00,329.00
244.00,236.00,345.00,236.00,345.00,312.00,244.00,312.00
252.00,232.00,364.00,232.00,364.00,306.00,252.00,306.00
278.00,218.00,380.00,218.00,380.00,303.00,278.00,303.00
279.00,208.00,382.00,208.00,382.00,294.00,279.00,294.00
271.00,194.00,367.00,194.00,367.00,284.00,271.00,284.00
274.00,187.00,380.00,187.00,380.00,263.00,274.00,263.00
290.00,187.00,394.00,187.00,394.00,268.00,290.00,268.00
295.00,197.00,392.00,197.00,392.00,302.00,295.00,302.00
279.00,232.00,379.00,232.00,379.00,332.00,279.00,332.00
274.00,254.00,369.00,254.00,369.00,349.00,274.00,349.00
275.00,273.00,390.00,273.00,390.00,343.00,275.00,343.00
288.00,258.00,386.00,258.00,386.00,350.00,288.00,350.00
273.00,247.00,379.00,247.00,379.00,332.00,273.00,332.00
269.00,245.00,368.00,245.00,368.00,316.00,269.00,316.00
269.00,248.00,374.00,248.00,374.00,316.00,269.00,316.00
274.00,243.00,370.00,243.00,370.00,319.00,274.00,319.00
265.00,234.00,367.00,234.00,367.00,314.00,265.00,314.00
257.00,229.00,361.00,229.00,361.00,302.00,257.00,302.00
255.00,228.00,352.00,228.00,352.00,305.00,255.00,305.00
246.00,234.00,351.00,234.00,351.00,306.00,246.00,306.00
233.00,238.00,343.00,238.00,343.00,308.00,233.00,308.00
236.00,232.00,339.00,232.00,339.00,305.00,236.00,305.00
258.00,229.00,371.00,229.00,371.00,301.00,258.00,301.00
283.00,230.00,387.00,230.00,387.00,306.00,283.00,306.00
271.00,239.00,378.00,239.00,378.00,316.00,271.00,316.00
253.00,247.00,359.00,247.00,359.00,319.00,253.00,319.00
251.00,247.00,355.00,247.00,355.00,322.00,251.00,322.00
262.00,230.00,361.00,230.00,361.00,319.00,262.00,319.00
267.00,221.00,364.00,221.00,364.00,305.00,267.00,305.00
268.00,221.00,366.00,221.00,366.00,295.00,268.00,295.00
268.00,227.00,374.00,227.00,374.00,301.00,268.00,301.00
279.00,232.00,383.00,232.00,383.00,303.00,279.00,303.00
274.00,233.00,382.00,233.00,382.00,301.00,274.00,301.00
271.00,228.00,369.00,228.00,369.00,306.00,271.00,306.00
271.00,224.00,371.00,224.00,371.00,298.00,271.00,298.00
275.00,226.00,371.00,226.00,371.00,307.00,275.00,307.00
276.00,231.00,372.00,231.00,372.00,321.00,276.00,321.00
267.00,246.00,367.00,246.00,367.00,331.00,267.00,331.00
263.00,255.00,361.00,255.00,361.00,329.00,263.00,329.00
271.00,239.00,373.00,239.00,373.00,327.00,271.00,327.00
283.00,225.00,382.00,225.00,382.00,313.00,283.00,313.00
279.00,226.00,384.00,226.00,384.00,299.00,279.00,299.00
273.00,231.00,373.00,231.00,373.00,317.00,273.00,317.00
265.00,245.00,367.00,245.00,367.00,321.00,265.00,321.00
265.00,233.00,361.00,233.00,361.00,328.00,265.00,328.00
270.00,213.00,363.00,213.00,363.00,310.00,270.00,310.00
271.00,213.00,374.00,213.00,374.00,288.00,271.00,288.00
278.00,213.00,370.00,213.00,370.00,308.00,278.00,308.00
275.00,228.00,370.00,228.00,370.00,321.00,275.00,321.00
265.00,242.00,370.00,242.00,370.00,317.00,265.00,317.00
262.00,245.00,361.00,245.00,361.00,321.00,262.00,321.00
265.00,240.00,365.00,240.00,365.00,317.00,265.00,317.00
266.00,236.00,367.00,236.00,367.00,310.00,266.00,310.00
257.00,238.00,361.00,238.00,361.00,311.00,257.00,311.00
252.00,241.00,346.00,241.00,346.00,333.00,252.00,333.00
249.00,256.00,344.00,256.00,344.00,334.00,249.00,334.00
252.00,253.00,346.00,253.00,346.00,336.00,252.00,336.00
253.00,241.00,345.00,241.00,345.00,331.00,253.00,331.00
250.00,242.00,350.00,242.00,350.00,319.00,250.00,319.00
251.00,243.00,343.00,243.00,343.00,336.00,251.00,336.00
251.00,256.00,347.00,256.00,347.00,345.00,251.00,345.00
252.00,266.00,350.00,266.00,350.00,344.00,252.00,344.00
251.00,268.00,350.00,268.00,350.00,344.00,251.00,344.00
252.00,268.00,348.00,268.00,348.00,345.00,252.00,345.00
249.00,262.00,346.00,262.00,346.00,343.00,249.00,343.00
241.00,258.00,341.00,258.00,341.00,332.00,241.00,332.00
240.00,248.00,338.00,248.00,338.00,333.00,240.00,333.00
244.00,232.00,335.00,232.00,335.00,325.00,244.00,325.00
242.00,228.00,336.00,228.00,336.00,307.00,242.00,307.00
241.00,228.00,336.00,228.00,336.00,303.00,241.00,303.00
241.00,232.00,343.00,232.00,343.00,304.00,241.00,304.00
246.00,226.00,344.00,226.00,344.00,306.00,246.00,306.00
252.00,216.00,347.00,216.00,347.00,298.00,252.00,298.00
255.00,216.00,350.00,216.00,350.00,291.00,255.00,291.00
257.00,218.00,348.00,218.00,348.00,313.00,257.00,313.00
258.00,234.00,349.00,234.00,349.00,328.00,258.00,328.00
257.00,250.00,353.00,250.00,353.00,325.00,257.00,325.00
255.00,244.00,351.00,244.00,351.00,327.00,255.00,327.00
253.00,236.00,353.00,236.00,353.00,316.00,253.00,316.00
261.00,231.00,365.00,231.00,365.00,305.00,261.00,305.00
268.00,230.00,360.00,230.00,360.00,316.00,268.00,316.00
261.00,242.00,364.00,242.00,364.00,317.00,261.00,317.00
250.00,247.00,357.00,247.00,357.00,319.00,250.00,319.00
252.00,243.00,349.00,243.00,349.00,323.00,252.00,323.00
255.00,231.00,350.00,231.00,350.00,320.00,255.00,320.00
250.00,232.00,354.00,232.00,354.00,303.00,250.00,303.00
244.00,234.00,339.00,234.00,339.00,329.00,244.00,329.00
238.00,252.00,335.00,252.00,335.00,337.00,238.00,337.00
235.00,262.00,340.00,262.00,340.00,333.00,235.00,333.00
245.00,259.00,355.00,259.00,355.00,332.00,245.00,332.00
267.00,245.00,371.00,245.00,371.00,331.00,267.00,331.00
277.00,237.00,378.00,237.00,378.00,312.00,277.00,312.00
258.00,240.00,365.00,240.00,365.00,320.00,258.00,320.00
244.00,251.00,344.00,251.00,344.00,335.00,244.00,335.00
255.00,265.00,370.00,265.00,370.00,338.00,255.00,338.00
282.00,252.00,382.00,252.00,382.00,341.00,282.00,341.00
271.00,239.00,379.00,239.00,379.00,324.00,271.00,324.00
248.00,237.00,361.00,237.00,361.00,306.00,248.00,306.00
239.00,236.00,342.00,236.00,342.00,309.00,239.00,309.00
237.00,239.00,334.00,239.00,334.00,313.00,237.00,313.00
237.00,238.00,341.00,238.00,341.00,312.00,237.00,312.00
239.00,237.00,341.00,237.00,341.00,308.00,239.00,308.00
233.00,236.00,337.00,236.00,337.00,307.00,233.00,307.00
233.00,237.00,334.00,237.00,334.00,310.00,233.00,310.00
241.00,240.00,339.00,240.00,339.00,324.00,241.00,324.00
244.00,248.00,338.00,248.00,338.00,333.00,244.00,333.00
248.00,264.00,362.00,264.00,362.00,335.00,248.00,335.00
302.00,262.00,407.00,262.00,407.00,334.00,302.00,334.00
314.00,254.00,419.00,254.00,419.00,327.00,314.00,327.00
280.00,256.00,388.00,256.00,388.00,328.00,280.00,328.00
235.00,265.00,341.00,265.00,341.00,344.00,235.00,344.00
219.00,276.00,317.00,276.00,317.00,355.00,219.00,355.00
221.00,282.00,330.00,282.00,330.00,352.00,221.00,352.00
246.00,273.00,354.00,273.00,354.00,348.00,246.00,348.00
254.00,266.00,358.00,266.00,358.00,341.00,254.00,341.00
238.00,268.00,350.00,268.00,350.00,342.00,238.00,342.00
223.00,270.00,332.00,270.00,332.00,340.00,223.00,340.00
216.00,270.00,318.00,270.00,318.00,345.00,216.00,345.00
218.00,275.00,330.00,275.00,330.00,347.00,218.00,347.00
237.00,274.00,344.00,274.00,344.00,347.00,237.00,347.00
248.00,265.00,342.00,265.00,342.00,350.00,248.00,350.00
247.00,262.00,343.00,262.00,343.00,337.00,247.00,337.00
235.00,260.00,341.00,260.00,341.00,330.00,235.00,330.00
237.00,252.00,337.00,252.00,337.00,331.00,237.00,331.00
246.00,243.00,347.00,243.00,347.00,322.00,246.00,322.00
251.00,236.00,346.00,236.00,346.00,316.00,251.00,316.00
248.00,232.00,344.00,232.00,344.00,310.00,248.00,310.00
248.00,223.00,342.00,223.00,342.00,308.00,248.00,308.00
249.00,223.00,352.00,223.00,352.00,294.00,249.00,294.00
254.00,224.00,350.00,224.00,350.00,326.00,254.00,326.00
249.00,253.00,341.00,253.00,341.00,353.00,249.00,353.00
235.00,287.00,330.00,287.00,330.00,376.00,235.00,376.00
232.00,287.00,328.00,287.00,328.00,377.00,232.00,377.00
241.00,265.00,337.00,265.00,337.00,360.00,241.00,360.00
250.00,246.00,344.00,246.00,344.00,337.00,250.00,337.00
259.00,229.00,355.00,229.00,355.00,320.00,259.00,320.00
263.00,212.00,357.00,212.00,357.00,306.00,263.00,306.00
256.00,199.00,353.00,199.00,353.00,287.00,256.00,287.00
253.00,184.00,343.00,184.00,343.00,274.00,253.00,274.00
254.00,169.00,347.00,169.00,347.00,260.00,254.00,260.00
255.00,168.00,357.00,168.00,357.00,240.00,255.00,240.00
263.00,170.00,363.00,170.00,363.00,261.00,263.00,261.00
272.00,181.00,368.00,181.00,368.00,285.00,272.00,285.00
271.00,210.00,372.00,210.00,372.00,305.00,271.00,305.00
278.00,239.00,374.00,239.00,374.00,331.00,278.00,331.00
280.00,236.00,374.00,236.00,374.00,332.00,280.00,332.00
277.00,211.00,372.00,211.00,372.00,313.00,277.00,313.00
276.00,204.00,372.00,204.00,372.00,286.00,276.00,286.00
285.00,207.00,395.00,207.00,395.00,280.00,285.00,280.00
309.00,212.00,415.00,212.00,415.00,291.00,309.00,291.00
317.00,219.00,415.00,219.00,415.00,300.00,317.00,300.00
303.00,227.00,409.00,227.00,409.00,300.00,303.00,300.00
294.00,229.00,392.00,229.00,392.00,303.00,294.00,303.00
296.00,230.00,391.00,230.00,391.00,320.00,296.00,320.00
299.00,240.00,393.00,240.00,393.00,348.00,299.00,348.00
307.00,270.00,408.00,270.00,408.00,365.00,307.00,365.00
315.00,284.00,411.00,284.00,411.00,360.00,315.00,360.00
305.00,270.00,407.00,270.00,407.00,361.00,305.00,361.00
298.00,246.00,392.00,246.00,392.00,351.00,298.00,351.00
294.00,224.00,385.00,224.00,385.00,327.00,294.00,327.00
291.00,205.00,384.00,205.00,384.00,304.00,291.00,304.00
289.00,206.00,382.00,206.00,382.00,285.00,289.00,285.00
291.00,209.00,381.00,209.00,381.00,302.00,291.00,302.00
293.00,227.00,398.00,227.00,398.00,306.00,293.00,306.00
308.00,236.00,406.00,236.00,406.00,311.00,308.00,311.00
312.00,239.00,406.00,239.00,406.00,315.00,312.00,315.00
305.00,244.00,401.00,244.00,401.00,324.00,305.00,324.00
299.00,253.00,397.00,253.00,397.00,332.00,299.00,332.00
295.00,255.00,388.00,255.00,388.00,333.00,295.00,333.00
296.00,241.00,384.00,241.00,384.00,334.00,296.00,334.00
297.00,225.00,385.00,225.00,385.00,322.00,297.00,322.00
299.00,212.00,388.00,212.00,388.00,301.00,299.00,301.00
301.00,205.00,389.00,205.00,389.00,288.00,301.00,288.00
299.00,204.00,390.00,204.00,390.00,279.00,299.00,279.00
300.00,206.00,398.00,206.00,398.00,276.00,300.00,276.00
308.00,211.00,408.00,211.00,408.00,288.00,308.00,288.00
327.00,221.00,423.00,221.00,423.00,310.00,327.00,310.00
336.00,239.00,423.00,239.00,423.00,332.00,336.00,332.00
308.00,260.00,407.00,260.00,407.00,334.00,308.00,334.00
276.00,264.00,381.00,264.00,381.00,335.00,276.00,335.00
256.00,257.00,360.00,257.00,360.00,329.00,256.00,329.00
241.00,238.00,342.00,238.00,342.00,333.00,241.00,333.00
235.00,228.00,329.00,228.00,329.00,318.00,235.00,318.00
226.00,196.00,318.00,196.00,318.00,284.00,226.00,284.00
247.00,183.00,344.00,183.00,344.00,254.00,247.00,254.00
263.00,183.00,360.00,183.00,360.00,266.00,263.00,266.00
281.00,190.00,366.00,190.00,366.00,287.00,281.00,287.00
286.00,207.00,369.00,207.00,369.00,290.00,286.00,290.00
283.00,214.00,380.00,214.00,380.00,287.00,283.00,287.00
288.00,217.00,383.00,217.00,383.00,290.00,288.00,290.00
296.00,219.00,383.00,219.00,383.00,292.00,296.00,292.00
299.00,220.00,382.00,220.00,382.00,298.00,299.00,298.00
295.00,220.00,385.00,220.00,385.00,297.00,295.00,297.00
