1
242.00,166.00,358.00,166.00,358.00,283.00,242.00,283.00
232.00,182.00,348.00,182.00,348.00,284.00,232.00,284.00
218.00,199.00,329.00,199.00,329.00,299.00,218.00,299.00
208.00,207.00,328.00,207.00,328.00,320.00,208.00,320.00
218.00,203.00,329.00,203.00,329.00,314.00,218.00,314.00
216.00,191.00,332.00,191.00,332.00,309.00,216.00,309.00
207.00,196.00,331.00,196.00,331.00,305.00,207.00,305.00
183.00,211.00,302.00,211.00,302.00,313.00,183.00,313.00
147.00,245.00,265.00,245.00,265.00,351.00,147.00,351.00
209.00,252.00,341.00,252.00,341.00,355.00,209.00,355.00
247.00,227.00,355.00,227.00,355.00,333.00,247.00,333.00
217.00,206.00,349.00,206.00,349.00,317.00,217.00,317.00
211.00,197.00,334.00,197.00,334.00,315.00,211.00,315.00
196.00,199.00,330.00,199.00,330.00,308.00,196.00,308.00
189.00,206.00,305.00,206.00,305.00,316.00,189.00,316.00
185.00,213.00,311.00,213.00,311.00,326.00,185.00,326.00
199.00,210.00,317.00,210.00,317.00,317.00,199.00,317.00
219.00,182.00,330.00,182.00,330.00,292.00,219.00,292.00
217.00,152.00,326.00,152.00,326.00,259.00,217.00,259.00
191.00,140.00,316.00,140.00,316.00,251.00,191.00,251.00
201.00,160.00,313.00,160.00,313.00,263.00,201.00,263.00
229.00,189.00,343.00,189.00,343.00,292.00,229.00,292.00
256.00,224.00,368.00,224.00,368.00,325.00,256.00,325.00
265.00,236.00,386.00,236.00,386.00,350.00,265.00,350.00
246.00,241.00,381.00,241.00,381.00,348.00,246.00,348.00
237.00,243.00,360.00,243.00,360.00,355.00,237.00,355.00
231.00,244.00,354.00,244.00,354.00,361.00,231.00,361.00
231.00,239.00,340.00,239.00,340.00,348.00,231.00,348.00
225.00,223.00,334.00,223.00,334.00,334.00,225.00,334.00
223.00,210.00,336.00,210.00,336.00,326.00,223.00,326.00
226.00,205.00,347.00,205.00,347.00,314.00,226.00,314.00
241.00,194.00,352.00,194.00,352.00,304.00,241.00,304.00
240.00,176.00,348.00,176.00,348.00,283.00,240.00,283.00
226.00,155.00,335.00,155.00,335.00,262.00,226.00,262.00
225.00,132.00,330.00,132.00,330.00,240.00,225.00,240.00
218.00,117.00,350.00,117.00,350.00,228.00,218.00,228.00
237.00,125.00,363.00,125.00,363.00,236.00,237.00,236.00
246.00,126.00,367.00,126.00,367.00,242.00,246.00,242.00
256.00,139.00,363.00,139.00,363.00,248.00,256.00,248.00
267.00,173.00,377.00,173.00,377.00,282.00,267.00,282.00
269.00,215.00,378.00,215.00,378.00,327.00,269.00,327.00
269.00,228.00,387.00,228.00,387.00,342.00,269.00,342.00
271.00,228.00,388.00,228.00,388.00,350.00,271.00,350.00
268.00,227.00,385.00,227.00,385.00,342.00,268.00,342.00
265.00,215.00,376.00,215.00,376.00,330.00,265.00,330.00
263.00,201.00,378.00,201.00,378.00,325.00,263.00,325.00
266.00,197.00,390.00,197.00,390.00,316.00,266.00,316.00
272.00,161.00,378.00,161.00,378.00,276.00,272.00,276.00
268.00,155.00,378.00,155.00,378.00,271.00,268.00,271.00
271.00,173.00,381.00,173.00,381.00,290.00,271.00,290.00
262.00,175.00,386.00,175.00,386.00,294.00,262.00,294.00
262.00,170.00,380.00,170.00,380.00,292.00,262.00,292.00
264.00,171.00,383.00,171.00,383.00,292.00,264.00,292.00
268.00,179.00,393.00,179.00,393.00,295.00,268.00,295.00
282.00,192.00,390.00,192.00,390.00,306.00,282.00,306.00
274.00,204.00,395.00,204.00,395.00,316.00,274.00,316.00
245.00,209.00,385.00,209.00,385.00,318.00,245.00,318.00
208.00,205.00,351.00,205.00,351.00,316.00,208.00,316.00
194.00,203.00,320.00,203.00,320.00,319.00,194.00,319.00
196.00,201.00,330.00,201.00,330.00,314.00,196.00,314.00
216.00,203.00,360.00,203.00,360.00,316.00,216.00,316.00
250.00,205.00,395.00,205.00,395.00,316.00,250.00,316.00
292.00,207.00,437.00,207.00,437.00,319.00,292.00,319.00
325.00,211.00,449.00,211.00,449.00,328.00,325.00,328.00
321.00,215.00,451.00,215.00,451.00,329.00,321.00,329.00
314.00,211.00,429.00,211.00,429.00,320.00,314.00,320.00
286.00,187.00,407.00,187.00,407.00,297.00,286.00,297.00
253.00,165.00,378.00,165.00,378.00,275.00,253.00,275.00
236.00,149.00,360.00,149.00,360.00,269.00,236.00,269.00
241.00,167.00,351.00,167.00,351.00,278.00,241.00,278.00
249.00,182.00,360.00,182.00,360.00,294.00,249.00,294.00
253.00,195.00,364.00,195.00,364.00,310.00,253.00,310.00
261.00,208.00,392.00,208.00,392.00,322.00,261.00,322.00
287.00,218.00,420.00,218.00,420.00,333.00,287.00,333.00
305.00,227.00,419.00,227.00,419.00,343.00,305.00,343.00
300.00,237.00,420.00,237.00,420.00,351.00,300.00,351.00
288.00,243.00,416.00,243.00,416.00,358.00,288.00,358.00
275.00,242.00,407.00,242.00,407.00,356.00,275.00,356.00
247.00,231.00,386.00,231.00,386.00,344.00,247.00,344.00
214.00,223.00,358.00,223.00,358.00,336.00,214.00,336.00
206.00,221.00,331.00,221.00,331.00,338.00,206.00,338.00
205.00,227.00,328.00,227.00,328.00,347.00,205.00,347.00
214.00,227.00,336.00,227.00,336.00,339.00,214.00,339.00
233.00,208.00,349.00,208.00,349.00,317.00,233.00,317.00
250.00,178.00,364.00,178.00,364.00,293.00,250.00,293.00
263.00,151.00,379.00,151.00,379.00,258.00,263.00,258.00
279.00,137.00,424.00,137.00,424.00,248.00,279.00,248.00
308.00,138.00,441.00,138.00,441.00,254.00,308.00,254.00
327.00,151.00,436.00,151.00,436.00,264.00,327.00,264.00
323.00,165.00,438.00,165.00,438.00,277.00,323.00,277.00
306.00,176.00,433.00,176.00,433.00,285.00,306.00,285.00
286.00,190.00,408.00,190.00,408.00,295.00,286.00,295.00
264.00,203.00,384.00,203.00,384.00,309.00,264.00,309.00
240.00,221.00,366.00,221.00,366.00,332.00,240.00,332.00
225.00,222.00,358.00,222.00,358.00,336.00,225.00,336.00
219.00,211.00,335.00,211.00,335.00,322.00,219.00,322.00
201.00,199.00,333.00,199.00,333.00,316.00,201.00,316.00
199.00,194.00,321.00,194.00,321.00,315.00,199.00,315.00
208.00,193.00,329.00,193.00,329.00,303.00,208.00,303.00
226.00,177.00,343.00,177.00,343.00,282.00,226.00,282.00
234.00,162.00,368.00,162.00,368.00,275.00,234.00,275.00
252.00,168.00,378.00,168.00,378.00,281.00,252.00,281.00
275.00,188.00,389.00,188.00,389.00,295.00,275.00,295.00
295.00,215.00,407.00,215.00,407.00,321.00,295.00,321.00
301.00,218.00,420.00,218.00,420.00,333.00,301.00,333.00
287.00,207.00,405.00,207.00,405.00,315.00,287.00,315.00
239.00,189.00,384.00,189.00,384.00,297.00,239.00,297.00
198.00,194.00,332.00,194.00,332.00,299.00,198.00,299.00
175.00,208.00,290.00,208.00,290.00,312.00,175.00,312.00
164.00,225.00,277.00,225.00,277.00,339.00,164.00,339.00
157.00,232.00,281.00,232.00,281.00,346.00,157.00,346.00
175.00,217.00,291.00,217.00,291.00,325.00,175.00,325.00
197.00,190.00,313.00,190.00,313.00,295.00,197.00,295.00
215.00,169.00,346.00,169.00,346.00,281.00,215.00,281.00
231.00,170.00,344.00,170.00,344.00,287.00,231.00,287.00
232.00,187.00,343.00,187.00,343.00,303.00,232.00,303.00
219.00,200.00,342.00,200.00,342.00,318.00,219.00,318.00
222.00,195.00,334.00,195.00,334.00,316.00,222.00,316.00
221.00,187.00,352.00,187.00,352.00,305.00,221.00,305.00
234.00,188.00,355.00,188.00,355.00,308.00,234.00,308.00
233.00,201.00,350.00,201.00,350.00,315.00,233.00,315.00
215.00,215.00,345.00,215.00,345.00,328.00,215.00,328.00
199.00,217.00,330.00,217.00,330.00,334.00,199.00,334.00
202.00,202.00,314.00,202.00,314.00,321.00,202.00,321.00
196.00,186.00,313.00,186.00,313.00,306.00,196.00,306.00
190.00,182.00,311.00,182.00,311.00,304.00,190.00,304.00
198.00,202.00,310.00,202.00,310.00,314.00,198.00,314.00
209.00,230.00,320.00,230.00,320.00,342.00,209.00,342.00
202.00,248.00,320.00,248.00,320.00,360.00,202.00,360.00
201.00,247.00,311.00,247.00,311.00,360.00,201.00,360.00
201.00,224.00,313.00,224.00,313.00,335.00,201.00,335.00
203.00,200.00,313.00,200.00,313.00,311.00,203.00,311.00
187.00,182.00,306.00,182.00,306.00,290.00,187.00,290.00
160.00,169.00,297.00,169.00,297.00,281.00,160.00,281.00
165.00,178.00,274.00,178.00,274.00,291.00,165.00,291.00
166.00,193.00,288.00,193.00,288.00,303.00,166.00,303.00
170.00,197.00,311.00,197.00,311.00,312.00,170.00,312.00
186.00,199.00,332.00,199.00,332.00,310.00,186.00,310.00
212.00,207.00,349.00,207.00,349.00,320.00,212.00,320.00
238.00,221.00,370.00,221.00,370.00,336.00,238.00,336.00
264.00,235.00,401.00,235.00,401.00,350.00,264.00,350.00
287.00,236.00,417.00,236.00,417.00,353.00,287.00,353.00
273.00,234.00,409.00,234.00,409.00,345.00,273.00,345.00
229.00,224.00,375.00,224.00,375.00,333.00,229.00,333.00
184.00,214.00,333.00,214.00,333.00,325.00,184.00,325.00
153.00,211.00,299.00,211.00,299.00,322.00,153.00,322.00
123.00,219.00,264.00,219.00,264.00,327.00,123.00,327.00
98.00,218.00,233.00,218.00,233.00,332.00,98.00,332.00
112.00,210.00,239.00,210.00,239.00,316.00,112.00,316.00
159.00,194.00,304.00,194.00,304.00,302.00,159.00,302.00
200.00,186.00,342.00,186.00,342.00,298.00,200.00,298.00
221.00,180.00,346.00,180.00,346.00,298.00,221.00,298.00
222.00,181.00,346.00,181.00,346.00,301.00,222.00,301.00
231.00,196.00,351.00,196.00,351.00,306.00,231.00,306.00
238.00,206.00,353.00,206.00,353.00,321.00,238.00,321.00
213.00,213.00,358.00,213.00,358.00,322.00,213.00,322.00
177.00,214.00,326.00,214.00,326.00,325.00,177.00,325.00
161.00,217.00,292.00,217.00,292.00,330.00,161.00,330.00
160.00,220.00,304.00,220.00,304.00,331.00,160.00,331.00
193.00,215.00,341.00,215.00,341.00,323.00,193.00,323.00
241.00,207.00,390.00,207.00,390.00,317.00,241.00,317.00
269.00,205.00,396.00,205.00,396.00,327.00,269.00,327.00
257.00,209.00,392.00,209.00,392.00,323.00,257.00,323.00
252.00,201.00,372.00,201.00,372.00,314.00,252.00,314.00
243.00,189.00,374.00,189.00,374.00,308.00,243.00,308.00
244.00,182.00,361.00,182.00,361.00,303.00,244.00,303.00
239.00,180.00,375.00,180.00,375.00,296.00,239.00,296.00
258.00,186.00,388.00,186.00,388.00,302.00,258.00,302.00
270.00,191.00,390.00,191.00,390.00,312.00,270.00,312.00
248.00,197.00,392.00,197.00,392.00,309.00,248.00,309.00
225.00,205.00,362.00,205.00,362.00,315.00,225.00,315.00
202.00,225.00,322.00,225.00,322.00,335.00,202.00,335.00
176.00,238.00,307.00,238.00,307.00,350.00,176.00,350.00
165.00,239.00,297.00,239.00,297.00,358.00,165.00,358.00
168.00,239.00,305.00,239.00,305.00,355.00,168.00,355.00
187.00,232.00,329.00,232.00,329.00,345.00,187.00,345.00
199.00,229.00,334.00,229.00,334.00,345.00,199.00,345.00
175.00,226.00,323.00,226.00,323.00,341.00,175.00,341.00
162.00,221.00,299.00,221.00,299.00,339.00,162.00,339.00
164.00,212.00,291.00,212.00,291.00,333.00,164.00,333.00
171.00,210.00,326.00,210.00,326.00,323.00,171.00,323.00
221.00,204.00,368.00,204.00,368.00,315.00,221.00,315.00
266.00,191.00,403.00,191.00,403.00,306.00,266.00,306.00
260.00,188.00,406.00,188.00,406.00,303.00,260.00,303.00
226.00,183.00,381.00,183.00,381.00,299.00,226.00,299.00
194.00,176.00,342.00,176.00,342.00,292.00,194.00,292.00
181.00,172.00,324.00,172.00,324.00,288.00,181.00,288.00
163.00,175.00,308.00,175.00,308.00,291.00,163.00,291.00
158.00,177.00,290.00,177.00,290.00,298.00,158.00,298.00
157.00,181.00,300.00,181.00,300.00,296.00,157.00,296.00
183.00,184.00,341.00,184.00,341.00,297.00,183.00,297.00
244.00,185.00,399.00,185.00,399.00,298.00,244.00,298.00
281.00,184.00,415.00,184.00,415.00,302.00,281.00,302.00
277.00,182.00,417.00,182.00,417.00,299.00,277.00,299.00
259.00,186.00,402.00,186.00,402.00,300.00,259.00,300.00
237.00,192.00,380.00,192.00,380.00,305.00,237.00,305.00
222.00,201.00,353.00,201.00,353.00,313.00,222.00,313.00
191.00,206.00,339.00,206.00,339.00,320.00,191.00,320.00
161.00,197.00,293.00,197.00,293.00,311.00,161.00,311.00
131.00,182.00,270.00,182.00,270.00,298.00,131.00,298.00
129.00,177.00,264.00,177.00,264.00,293.00,129.00,293.00
143.00,181.00,289.00,181.00,289.00,294.00,143.00,294.00
172.00,187.00,311.00,187.00,311.00,302.00,172.00,302.00
186.00,188.00,314.00,188.00,314.00,305.00,186.00,305.00
188.00,180.00,302.00,180.00,302.00,301.00,188.00,301.00
189.00,171.00,312.00,171.00,312.00,287.00,189.00,287.00
195.00,162.00,329.00,162.00,329.00,278.00,195.00,278.00
206.00,165.00,331.00,165.00,331.00,282.00,206.00,282.00
211.00,172.00,330.00,172.00,330.00,293.00,211.00,293.00
201.00,185.00,324.00,185.00,324.00,300.00,201.00,300.00
199.00,200.00,312.00,200.00,312.00,319.00,199.00,319.00
209.00,225.00,329.00,225.00,329.00,340.00,209.00,340.00
219.00,238.00,336.00,238.00,336.00,359.00,219.00,359.00
195.00,245.00,337.00,245.00,337.00,358.00,195.00,358.00
186.00,235.00,307.00,235.00,307.00,353.00,186.00,353.00
185.00,208.00,299.00,208.00,299.00,324.00,185.00,324.00
180.00,172.00,295.00,172.00,295.00,292.00,180.00,292.00
178.00,151.00,312.00,151.00,312.00,264.00,178.00,264.00
190.00,153.00,325.00,153.00,325.00,269.00,190.00,269.00
209.00,169.00,336.00,169.00,336.00,283.00,209.00,283.00
227.00,180.00,359.00,180.00,359.00,295.00,227.00,295.00
235.00,178.00,361.00,178.00,361.00,296.00,235.00,296.00
219.00,179.00,359.00,179.00,359.00,292.00,219.00,292.00
198.00,187.00,335.00,187.00,335.00,297.00,198.00,297.00
181.00,196.00,310.00,196.00,310.00,309.00,181.00,309.00
182.00,203.00,297.00,203.00,297.00,323.00,182.00,323.00
184.00,207.00,304.00,207.00,304.00,327.00,184.00,327.00
185.00,201.00,298.00,201.00,298.00,321.00,185.00,321.00
187.00,177.00,302.00,177.00,302.00,299.00,187.00,299.00
188.00,159.00,320.00,159.00,320.00,269.00,188.00,269.00
210.00,156.00,362.00,156.00,362.00,268.00,210.00,268.00
250.00,165.00,395.00,165.00,395.00,278.00,250.00,278.00
287.00,183.00,402.00,183.00,402.00,299.00,287.00,299.00
297.00,198.00,411.00,198.00,411.00,322.00,297.00,322.00
291.00,210.00,409.00,210.00,409.00,331.00,291.00,331.00
287.00,215.00,415.00,215.00,415.00,331.00,287.00,331.00
295.00,212.00,415.00,212.00,415.00,329.00,295.00,329.00
280.00,216.00,415.00,216.00,415.00,329.00,280.00,329.00
247.00,222.00,393.00,222.00,393.00,334.00,247.00,334.00
226.00,220.00,361.00,220.00,361.00,335.00,226.00,335.00
227.00,227.00,345.00,227.00,345.00,345.00,227.00,345.00
208.00,234.00,344.00,234.00,344.00,345.00,208.00,345.00
207.00,226.00,317.00,226.00,317.00,343.00,207.00,343.00
206.00,208.00,321.00,208.00,321.00,325.00,206.00,325.00
210.00,198.00,328.00,198.00,328.00,317.00,210.00,317.00
210.00,195.00,342.00,195.00,342.00,308.00,210.00,308.00
222.00,196.00,361.00,196.00,361.00,307.00,222.00,307.00
247.00,188.00,367.00,188.00,367.00,300.00,247.00,300.00
256.00,171.00,369.00,171.00,369.00,290.00,256.00,290.00
253.00,158.00,379.00,158.00,379.00,276.00,253.00,276.00
270.00,179.00,384.00,179.00,384.00,292.00,270.00,292.00
283.00,211.00,396.00,211.00,396.00,329.00,283.00,329.00
275.00,242.00,391.00,242.00,391.00,356.00,275.00,356.00
254.00,251.00,383.00,251.00,383.00,364.00,254.00,364.00
253.00,231.00,365.00,231.00,365.00,347.00,253.00,347.00
246.00,186.00,360.00,186.00,360.00,304.00,246.00,304.00
239.00,160.00,351.00,160.00,351.00,276.00,239.00,276.00
227.00,150.00,357.00,150.00,357.00,265.00,227.00,265.00
218.00,159.00,342.00,159.00,342.00,265.00,218.00,265.00
202.00,164.00,325.00,164.00,325.00,277.00,202.00,277.00
205.00,167.00,335.00,167.00,335.00,271.00,205.00,271.00
236.00,155.00,363.00,155.00,363.00,260.00,236.00,260.00
258.00,142.00,381.00,142.00,381.00,248.00,258.00,248.00
272.00,137.00,396.00,137.00,396.00,249.00,272.00,249.00
276.00,153.00,389.00,153.00,389.00,262.00,276.00,262.00
254.00,172.00,373.00,172.00,373.00,278.00,254.00,278.00
234.00,180.00,362.00,180.00,362.00,291.00,234.00,291.00
233.00,180.00,351.00,180.00,351.00,297.00,233.00,297.00
232.00,178.00,359.00,178.00,359.00,292.00,232.00,292.00
244.00,181.00,360.00,181.00,360.00,295.00,244.00,295.00
229.00,195.00,354.00,195.00,354.00,301.00,229.00,301.00
196.00,204.00,332.00,204.00,332.00,312.00,196.00,312.00
196.00,204.00,317.00,204.00,317.00,318.00,196.00,318.00
206.00,199.00,324.00,199.00,324.00,305.00,206.00,305.00
218.00,183.00,343.00,183.00,343.00,290.00,218.00,290.00
232.00,175.00,357.00,175.00,357.00,292.00,232.00,292.00
239.00,183.00,352.00,183.00,352.00,303.00,239.00,303.00
238.00,190.00,350.00,190.00,350.00,309.00,238.00,309.00
232.00,196.00,352.00,196.00,352.00,312.00,232.00,312.00
222.00,203.00,348.00,203.00,348.00,312.00,222.00,312.00
210.00,216.00,325.00,216.00,325.00,322.00,210.00,322.00
207.00,229.00,319.00,229.00,319.00,339.00,207.00,339.00
209.00,231.00,336.00,231.00,336.00,343.00,209.00,343.00
219.00,226.00,332.00,226.00,332.00,341.00,219.00,341.00
207.00,221.00,333.00,221.00,333.00,333.00,207.00,333.00
210.00,215.00,325.00,215.00,325.00,330.00,210.00,330.00
217.00,211.00,337.00,211.00,337.00,317.00,217.00,317.00
247.00,184.00,364.00,184.00,364.00,289.00,247.00,289.00
270.00,159.00,387.00,159.00,387.00,267.00,270.00,267.00
276.00,153.00,390.00,153.00,390.00,268.00,276.00,268.00
282.00,164.00,389.00,164.00,389.00,278.00,282.00,278.00
274.00,192.00,383.00,192.00,383.00,305.00,274.00,305.00
267.00,210.00,377.00,210.00,377.00,324.00,267.00,324.00
250.00,222.00,380.00,222.00,380.00,333.00,250.00,333.00
224.00,222.00,367.00,222.00,367.00,331.00,224.00,331.00
212.00,221.00,335.00,221.00,335.00,331.00,212.00,331.00
213.00,232.00,325.00,232.00,325.00,342.00,213.00,342.00
218.00,241.00,347.00,241.00,347.00,352.00,218.00,352.00
233.00,238.00,346.00,238.00,346.00,349.00,233.00,349.00
240.00,221.00,346.00,221.00,346.00,336.00,240.00,336.00
236.00,205.00,351.00,205.00,351.00,317.00,236.00,317.00
240.00,204.00,383.00,204.00,383.00,314.00,240.00,314.00
267.00,207.00,410.00,207.00,410.00,317.00,267.00,317.00
299.00,204.00,412.00,204.00,412.00,318.00,299.00,318.00
287.00,200.00,413.00,200.00,413.00,308.00,287.00,308.00
271.00,197.00,401.00,197.00,401.00,305.00,271.00,305.00
269.00,208.00,377.00,208.00,377.00,315.00,269.00,315.00
263.00,223.00,374.00,223.00,374.00,331.00,263.00,331.00
250.00,234.00,369.00,234.00,369.00,344.00,250.00,344.00
247.00,236.00,367.00,236.00,367.00,346.00,247.00,346.00
256.00,231.00,374.00,231.00,374.00,342.00,256.00,342.00
264.00,221.00,372.00,221.00,372.00,334.00,264.00,334.00
256.00,215.00,373.00,215.00,373.00,324.00,256.00,324.00
254.00,207.00,366.00,207.00,366.00,318.00,254.00,318.00
254.00,200.00,365.00,200.00,365.00,313.00,254.00,313.00
253.00,200.00,376.00,200.00,376.00,307.00,253.00,307.00
266.00,195.00,373.00,195.00,373.00,302.00,266.00,302.00
267.00,186.00,378.00,186.00,378.00,295.00,267.00,295.00
270.00,196.00,375.00,196.00,375.00,302.00,270.00,302.00
277.00,210.00,384.00,210.00,384.00,316.00,277.00,316.00
285.00,223.00,394.00,223.00,394.00,328.00,285.00,328.00
285.00,225.00,401.00,225.00,401.00,332.00,285.00,332.00
260.00,226.00,394.00,226.00,394.00,330.00,260.00,330.00
235.00,232.00,368.00,232.00,368.00,336.00,235.00,336.00
217.00,232.00,342.00,232.00,342.00,339.00,217.00,339.00
213.00,221.00,318.00,221.00,318.00,326.00,213.00,326.00
201.00,196.00,307.00,196.00,307.00,303.00,201.00,303.00
202.00,167.00,309.00,167.00,309.00,274.00,202.00,274.00
203.00,160.00,328.00,160.00,328.00,266.00,203.00,266.00
219.00,168.00,336.00,168.00,336.00,274.00,219.00,274.00
232.00,177.00,353.00,177.00,353.00,285.00,232.00,285.00
240.00,178.00,359.00,178.00,359.00,285.00,240.00,285.00
246.00,184.00,365.00,184.00,365.00,291.00,246.00,291.00
265.00,202.00,371.00,202.00,371.00,306.00,265.00,306.00
282.00,230.00,388.00,230.00,388.00,333.00,282.00,333.00
292.00,246.00,398.00,246.00,398.00,352.00,292.00,352.00
287.00,243.00,391.00,243.00,391.00,347.00,287.00,347.00
277.00,217.00,380.00,217.00,380.00,322.00,277.00,322.00
259.00,198.00,380.00,198.00,380.00,302.00,259.00,302.00
234.00,192.00,367.00,192.00,367.00,296.00,234.00,296.00
219.00,198.00,332.00,198.00,332.00,298.00,219.00,298.00
221.00,215.00,322.00,215.00,322.00,321.00,221.00,321.00
216.00,225.00,341.00,225.00,341.00,330.00,216.00,330.00
232.00,227.00,357.00,227.00,357.00,325.00,232.00,325.00
256.00,222.00,379.00,222.00,379.00,326.00,256.00,326.00
273.00,228.00,379.00,228.00,379.00,335.00,273.00,335.00
275.00,237.00,379.00,237.00,379.00,343.00,275.00,343.00
272.00,249.00,377.00,249.00,377.00,355.00,272.00,355.00
268.00,253.00,376.00,253.00,376.00,362.00,268.00,362.00
269.00,249.00,376.00,249.00,376.00,360.00,269.00,360.00
270.00,244.00,376.00,244.00,376.00,354.00,270.00,354.00
274.00,234.00,377.00,234.00,377.00,341.00,274.00,341.00
274.00,226.00,381.00,226.00,381.00,335.00,274.00,335.00
266.00,229.00,379.00,229.00,379.00,333.00,266.00,333.00
258.00,237.00,370.00,237.00,370.00,339.00,258.00,339.00
250.00,237.00,362.00,237.00,362.00,343.00,250.00,343.00
254.00,229.00,355.00,229.00,355.00,336.00,254.00,336.00
251.00,216.00,354.00,216.00,354.00,324.00,251.00,324.00
242.00,213.00,358.00,213.00,358.00,317.00,242.00,317.00
242.00,213.00,347.00,213.00,347.00,323.00,242.00,323.00
243.00,221.00,359.00,221.00,359.00,326.00,243.00,326.00
256.00,223.00,374.00,223.00,374.00,324.00,256.00,324.00
277.00,218.00,382.00,218.00,382.00,317.00,277.00,317.00
289.00,203.00,392.00,203.00,392.00,302.00,289.00,302.00
292.00,189.00,396.00,189.00,396.00,294.00,292.00,294.00
283.00,187.00,394.00,187.00,394.00,292.00,283.00,292.00
283.00,192.00,386.00,192.00,386.00,300.00,283.00,300.00
276.00,203.00,382.00,203.00,382.00,306.00,276.00,306.00
249.00,208.00,376.00,208.00,376.00,306.00,249.00,306.00
234.00,202.00,344.00,202.00,344.00,300.00,234.00,300.00
219.00,188.00,329.00,188.00,329.00,292.00,219.00,292.00
223.00,195.00,321.00,195.00,321.00,299.00,223.00,299.00
231.00,215.00,331.00,215.00,331.00,312.00,231.00,312.00
247.00,259.00,349.00,259.00,349.00,355.00,247.00,355.00
267.00,277.00,386.00,277.00,386.00,375.00,267.00,375.00
297.00,261.00,401.00,261.00,401.00,357.00,297.00,357.00
314.00,240.00,415.00,240.00,415.00,340.00,314.00,340.00
311.00,230.00,414.00,230.00,414.00,328.00,311.00,328.00
286.00,218.00,410.00,218.00,410.00,318.00,286.00,318.00
270.00,226.00,380.00,226.00,380.00,323.00,270.00,323.00
232.00,234.00,361.00,234.00,361.00,333.00,232.00,333.00
218.00,231.00,331.00,231.00,331.00,336.00,218.00,336.00
227.00,232.00,360.00,232.00,360.00,331.00,227.00,331.00
269.00,234.00,400.00,234.00,400.00,333.00,269.00,333.00
302.00,232.00,422.00,232.00,422.00,330.00,302.00,330.00
321.00,225.00,437.00,225.00,437.00,326.00,321.00,326.00
332.00,227.00,442.00,227.00,442.00,329.00,332.00,329.00
339.00,233.00,451.00,233.00,451.00,337.00,339.00,337.00
346.00,230.00,450.00,230.00,450.00,337.00,346.00,337.00
347.00,225.00,454.00,225.00,454.00,328.00,347.00,328.00
333.00,230.00,445.00,230.00,445.00,328.00,333.00,328.00
313.00,248.00,418.00,248.00,418.00,343.00,313.00,343.00
289.00,257.00,405.00,257.00,405.00,359.00,289.00,359.00
294.00,251.00,394.00,251.00,394.00,350.00,294.00,350.00
299.00,241.00,408.00,241.00,408.00,338.00,299.00,338.00
306.00,236.00,423.00,236.00,423.00,336.00,306.00,336.00
325.00,249.00,429.00,249.00,429.00,344.00,325.00,344.00
336.00,256.00,455.00,256.00,455.00,353.00,336.00,353.00
359.00,247.00,454.00,247.00,454.00,347.00,359.00,347.00
327.00,208.00,441.00,208.00,441.00,317.00,327.00,317.00
294.00,174.00,409.00,174.00,409.00,284.00,294.00,284.00
279.00,158.00,392.00,158.00,392.00,262.00,279.00,262.00
282.00,167.00,381.00,167.00,381.00,271.00,282.00,271.00
281.00,184.00,380.00,184.00,380.00,290.00,281.00,290.00
267.00,206.00,372.00,206.00,372.00,307.00,267.00,307.00
243.00,226.00,354.00,226.00,354.00,325.00,243.00,325.00
218.00,235.00,339.00,235.00,339.00,336.00,218.00,336.00
212.00,235.00,325.00,235.00,325.00,340.00,212.00,340.00
211.00,238.00,327.00,238.00,327.00,343.00,211.00,343.00
218.00,241.00,342.00,241.00,342.00,340.00,218.00,340.00
243.00,233.00,346.00,233.00,346.00,332.00,243.00,332.00
253.00,200.00,350.00,200.00,350.00,299.00,253.00,299.00
237.00,177.00,339.00,177.00,339.00,275.00,237.00,275.00
229.00,165.00,336.00,165.00,336.00,271.00,229.00,271.00
222.00,176.00,327.00,176.00,327.00,273.00,222.00,273.00
205.00,191.00,310.00,191.00,310.00,287.00,205.00,287.00
187.00,201.00,299.00,201.00,299.00,302.00,187.00,302.00
183.00,201.00,291.00,201.00,291.00,307.00,183.00,307.00
181.00,206.00,284.00,206.00,284.00,310.00,181.00,310.00
179.00,220.00,278.00,220.00,278.00,323.00,179.00,323.00
173.00,229.00,292.00,229.00,292.00,332.00,173.00,332.00
192.00,231.00,321.00,231.00,321.00,329.00,192.00,329.00
224.00,226.00,349.00,226.00,349.00,323.00,224.00,323.00
261.00,218.00,378.00,218.00,378.00,313.00,261.00,313.00
281.00,214.00,405.00,214.00,405.00,313.00,281.00,313.00
307.00,222.00,411.00,222.00,411.00,320.00,307.00,320.00
307.00,235.00,410.00,235.00,410.00,334.00,307.00,334.00
271.00,243.00,399.00,243.00,399.00,341.00,271.00,341.00
230.00,232.00,341.00,232.00,341.00,332.00,230.00,332.00
197.00,215.00,318.00,215.00,318.00,313.00,197.00,313.00
173.00,212.00,294.00,212.00,294.00,309.00,173.00,309.00
175.00,222.00,281.00,222.00,281.00,323.00,175.00,323.00
193.00,225.00,322.00,225.00,322.00,325.00,193.00,325.00
225.00,217.00,329.00,217.00,329.00,316.00,225.00,316.00
239.00,196.00,345.00,196.00,345.00,292.00,239.00,292.00
246.00,190.00,375.00,190.00,375.00,290.00,246.00,290.00
272.00,194.00,403.00,194.00,403.00,292.00,272.00,292.00
307.00,201.00,431.00,201.00,431.00,300.00,307.00,300.00
326.00,201.00,434.00,201.00,434.00,305.00,326.00,305.00
313.00,201.00,435.00,201.00,435.00,301.00,313.00,301.00
287.00,197.00,409.00,197.00,409.00,294.00,287.00,294.00
255.00,180.00,363.00,180.00,363.00,279.00,255.00,279.00
236.00,156.00,331.00,156.00,331.00,255.00,236.00,255.00
238.00,145.00,356.00,145.00,356.00,239.00,238.00,239.00
269.00,139.00,388.00,139.00,388.00,235.00,269.00,235.00
293.00,127.00,393.00,127.00,393.00,222.00,293.00,222.00
297.00,113.00,402.00,113.00,402.00,219.00,297.00,219.00
303.00,127.00,396.00,127.00,396.00,228.00,303.00,228.00
2
0
0
0
0
1
293.00,193.00,387.00,193.00,387.00,287.00,293.00,287.00
289.00,176.00,389.00,176.00,389.00,263.00,289.00,263.00
288.00,154.00,388.00,154.00,388.00,241.00,288.00,241.00
288.00,114.00,388.00,114.00,388.00,201.00,288.00,201.00
303.00,89.00,408.00,89.00,408.00,158.00,303.00,158.00
327.00,114.00,425.00,114.00,425.00,198.00,327.00,198.00
333.00,152.00,430.00,152.00,430.00,235.00,333.00,235.00
323.00,174.00,417.00,174.00,417.00,257.00,323.00,257.00
306.00,190.00,401.00,190.00,401.00,273.00,306.00,273.00
293.00,206.00,388.00,206.00,388.00,292.00,293.00,292.00
281.00,222.00,378.00,222.00,378.00,307.00,281.00,307.00
268.00,237.00,373.00,237.00,373.00,310.00,268.00,310.00
266.00,242.00,363.00,242.00,363.00,317.00,266.00,317.00
267.00,248.00,375.00,248.00,375.00,316.00,267.00,316.00
277.00,242.00,379.00,242.00,379.00,320.00,277.00,320.00
288.00,229.00,385.00,229.00,385.00,313.00,288.00,313.00
293.00,216.00,392.00,216.00,392.00,302.00,293.00,302.00
305.00,204.00,405.00,204.00,405.00,283.00,305.00,283.00
308.00,201.00,416.00,201.00,416.00,269.00,308.00,269.00
314.00,204.00,424.00,204.00,424.00,271.00,314.00,271.00
332.00,206.00,429.00,206.00,429.00,292.00,332.00,292.00
336.00,219.00,428.00,219.00,428.00,313.00,336.00,313.00
318.00,241.00,417.00,241.00,417.00,326.00,318.00,326.00
292.00,261.00,397.00,261.00,397.00,342.00,292.00,342.00
265.00,275.00,379.00,275.00,379.00,343.00,265.00,343.00
259.00,271.00,364.00,271.00,364.00,343.00,259.00,343.00
255.00,265.00,360.00,265.00,360.00,346.00,255.00,346.00
241.00,243.00,353.00,243.00,353.00,337.00,241.00,337.00
241.00,197.00,335.00,197.00,335.00,296.00,241.00,296.00
251.00,190.00,366.00,190.00,366.00,264.00,251.00,264.00
272.00,187.00,387.00,187.00,387.00,254.00,272.00,254.00
290.00,189.00,395.00,189.00,395.00,267.00,290.00,267.00
308.00,202.00,410.00,202.00,410.00,291.00,308.00,291.00
323.00,219.00,426.00,219.00,426.00,309.00,323.00,309.00
343.00,235.00,436.00,235.00,436.00,337.00,343.00,337.00
347.00,255.00,442.00,255.00,442.00,354.00,347.00,354.00
333.00,274.00,447.00,274.00,447.00,343.00,333.00,343.00
316.00,277.00,435.00,277.00,435.00,348.00,316.00,348.00
283.00,279.00,405.00,279.00,405.00,351.00,283.00,351.00
243.00,283.00,363.00,283.00,363.00,353.00,243.00,353.00
208.00,278.00,321.00,278.00,321.00,352.00,208.00,352.00
214.00,249.00,310.00,249.00,310.00,353.00,214.00,353.00
222.00,219.00,318.00,219.00,318.00,330.00,222.00,330.00
224.00,198.00,320.00,198.00,320.00,299.00,224.00,299.00
226.00,197.00,345.00,197.00,345.00,271.00,226.00,271.00
254.00,194.00,377.00,194.00,377.00,266.00,254.00,266.00
286.00,196.00,406.00,196.00,406.00,265.00,286.00,265.00
304.00,198.00,414.00,198.00,414.00,266.00,304.00,266.00
318.00,199.00,413.00,199.00,413.00,280.00,318.00,280.00
325.00,204.00,419.00,204.00,419.00,300.00,325.00,300.00
328.00,217.00,420.00,217.00,420.00,317.00,328.00,317.00
305.00,240.00,418.00,240.00,418.00,316.00,305.00,316.00
268.00,246.00,394.00,246.00,394.00,319.00,268.00,319.00
226.00,244.00,348.00,244.00,348.00,315.00,226.00,315.00
188.00,243.00,307.00,243.00,307.00,312.00,188.00,312.00
175.00,239.00,282.00,239.00,282.00,311.00,175.00,311.00
182.00,240.00,305.00,240.00,305.00,313.00,182.00,313.00
218.00,241.00,340.00,241.00,340.00,315.00,218.00,315.00
244.00,239.00,353.00,239.00,353.00,311.00,244.00,311.00
250.00,237.00,358.00,237.00,358.00,306.00,250.00,306.00
278.00,223.00,393.00,223.00,393.00,317.00,278.00,317.00
327.00,218.00,443.00,218.00,443.00,313.00,327.00,313.00
363.00,215.00,468.00,215.00,468.00,297.00,363.00,297.00
339.00,215.00,459.00,215.00,459.00,285.00,339.00,285.00
292.00,200.00,408.00,200.00,408.00,295.00,292.00,295.00
225.00,209.00,343.00,209.00,343.00,306.00,225.00,306.00
154.00,227.00,272.00,227.00,272.00,301.00,154.00,301.00
158.00,216.00,263.00,216.00,263.00,299.00,158.00,299.00
183.00,189.00,298.00,189.00,298.00,283.00,183.00,283.00
219.00,168.00,316.00,168.00,316.00,256.00,219.00,256.00
215.00,169.00,320.00,169.00,320.00,239.00,215.00,239.00
224.00,169.00,317.00,169.00,317.00,273.00,224.00,273.00
230.00,199.00,341.00,199.00,341.00,291.00,230.00,291.00
239.00,227.00,333.00,227.00,333.00,332.00,239.00,332.00
236.00,248.00,329.00,248.00,329.00,345.00,236.00,345.00
235.00,269.00,341.00,269.00,341.00,348.00,235.00,348.00
243.00,274.00,347.00,274.00,347.00,348.00,243.00,348.00
228.00,266.00,340.00,266.00,340.00,341.00,228.00,341.00
216.00,264.00,321.00,264.00,321.00,338.00,216.00,338.00
223.00,272.00,325.00,272.00,325.00,365.00,223.00,365.00
241.00,296.00,357.00,296.00,357.00,368.00,241.00,368.00
270.00,295.00,373.00,295.00,373.00,371.00,270.00,371.00
275.00,271.00,369.00,271.00,369.00,374.00,275.00,374.00
264.00,259.00,374.00,259.00,374.00,352.00,264.00,352.00
275.00,214.00,386.00,214.00,386.00,308.00,275.00,308.00
272.00,160.00,370.00,160.00,370.00,263.00,272.00,263.00
245.00,161.00,356.00,161.00,356.00,230.00,245.00,230.00
238.00,165.00,336.00,165.00,336.00,255.00,238.00,255.00
230.00,180.00,327.00,180.00,327.00,290.00,230.00,290.00
215.00,225.00,328.00,225.00,328.00,320.00,215.00,320.00
227.00,245.00,324.00,245.00,324.00,345.00,227.00,345.00
225.00,266.00,338.00,266.00,338.00,337.00,225.00,337.00
241.00,252.00,341.00,252.00,341.00,340.00,241.00,340.00
248.00,236.00,342.00,236.00,342.00,328.00,248.00,328.00
241.00,236.00,345.00,236.00,345.00,311.00,241.00,311.00
249.00,234.00,364.00,234.00,364.00,306.00,249.00,306.00
277.00,220.00,380.00,220.00,380.00,304.00,277.00,304.00
278.00,207.00,382.00,207.00,382.00,293.00,278.00,293.00
270.00,192.00,368.00,192.00,368.00,282.00,270.00,282.00
270.00,189.00,382.00,189.00,382.00,264.00,270.00,264.00
290.00,187.00,396.00,187.00,396.00,267.00,290.00,267.00
297.00,197.00,391.00,197.00,391.00,301.00,297.00,301.00
282.00,233.00,379.00,233.00,379.00,330.00,282.00,330.00
273.00,255.00,369.00,255.00,369.00,348.00,273.00,348.00
275.00,275.00,389.00,275.00,389.00,342.00,275.00,342.00
289.00,258.00,386.00,258.00,386.00,349.00,289.00,349.00
274.00,248.00,379.00,248.00,379.00,331.00,274.00,331.00
267.00,245.00,368.00,245.00,368.00,315.00,267.00,315.00
267.00,249.00,374.00,249.00,374.00,316.00,267.00,316.00
272.00,245.00,371.00,245.00,371.00,319.00,272.00,319.00
264.00,234.00,368.00,234.00,368.00,314.00,264.00,314.00
255.00,231.00,359.00,231.00,359.00,299.00,255.00,299.00
254.00,230.00,352.00,230.00,352.00,303.00,254.00,303.00
244.00,236.00,350.00,236.00,350.00,305.00,244.00,305.00
232.00,239.00,344.00,239.00,344.00,307.00,232.00,307.00
235.00,234.00,339.00,234.00,339.00,305.00,235.00,305.00
255.00,230.00,371.00,230.00,371.00,298.00,255.00,298.00
284.00,230.00,386.00,230.00,386.00,305.00,284.00,305.00
270.00,241.00,381.00,241.00,381.00,315.00,270.00,315.00
250.00,249.00,360.00,249.00,360.00,318.00,250.00,318.00
250.00,249.00,357.00,249.00,357.00,321.00,250.00,321.00
264.00,231.00,361.00,231.00,361.00,318.00,264.00,318.00
268.00,222.00,365.00,222.00,365.00,304.00,268.00,304.00
265.00,221.00,366.00,221.00,366.00,295.00,265.00,295.00
267.00,228.00,374.00,228.00,374.00,300.00,267.00,300.00
275.00,233.00,383.00,233.00,383.00,302.00,275.00,302.00
271.00,234.00,384.00,234.00,384.00,301.00,271.00,301.00
270.00,229.00,369.00,229.00,369.00,305.00,270.00,305.00
268.00,225.00,372.00,225.00,372.00,298.00,268.00,298.00
274.00,227.00,372.00,227.00,372.00,307.00,274.00,307.00
277.00,232.00,374.00,232.00,374.00,320.00,277.00,320.00
267.00,247.00,368.00,247.00,368.00,330.00,267.00,330.00
262.00,256.00,364.00,256.00,364.00,329.00,262.00,329.00
272.00,241.00,372.00,241.00,372.00,326.00,272.00,326.00
285.00,228.00,382.00,228.00,382.00,310.00,285.00,310.00
278.00,228.00,386.00,228.00,386.00,298.00,278.00,298.00
273.00,232.00,375.00,232.00,375.00,317.00,273.00,317.00
263.00,246.00,369.00,246.00,369.00,320.00,263.00,320.00
266.00,234.00,362.00,234.00,362.00,327.00,266.00,327.00
270.00,215.00,365.00,215.00,365.00,310.00,270.00,310.00
267.00,214.00,375.00,214.00,375.00,287.00,267.00,287.00
276.00,214.00,371.00,214.00,371.00,308.00,276.00,308.00
276.00,228.00,372.00,228.00,372.00,319.00,276.00,319.00
264.00,245.00,374.00,245.00,374.00,317.00,264.00,317.00
260.00,244.00,364.00,244.00,364.00,319.00,260.00,319.00
264.00,241.00,366.00,241.00,366.00,316.00,264.00,316.00
265.00,236.00,368.00,236.00,368.00,311.00,265.00,311.00
256.00,239.00,363.00,239.00,363.00,311.00,256.00,311.00
251.00,241.00,348.00,241.00,348.00,332.00,251.00,332.00
248.00,253.00,345.00,253.00,345.00,334.00,248.00,334.00
250.00,252.00,346.00,252.00,346.00,335.00,250.00,335.00
253.00,241.00,346.00,241.00,346.00,329.00,253.00,329.00
248.00,242.00,352.00,242.00,352.00,318.00,248.00,318.00
250.00,242.00,345.00,242.00,345.00,334.00,250.00,334.00
250.00,256.00,346.00,256.00,346.00,345.00,250.00,345.00
250.00,265.00,351.00,265.00,351.00,343.00,250.00,343.00
250.00,268.00,352.00,268.00,352.00,343.00,250.00,343.00
249.00,268.00,349.00,268.00,349.00,345.00,249.00,345.00
248.00,262.00,347.00,262.00,347.00,343.00,248.00,343.00
239.00,259.00,341.00,259.00,341.00,331.00,239.00,331.00
239.00,247.00,337.00,247.00,337.00,333.00,239.00,333.00
245.00,231.00,337.00,231.00,337.00,325.00,245.00,325.00
241.00,228.00,336.00,228.00,336.00,306.00,241.00,306.00
238.00,228.00,337.00,228.00,337.00,304.00,238.00,304.00
239.00,233.00,346.00,233.00,346.00,303.00,239.00,303.00
246.00,226.00,344.00,226.00,344.00,306.00,246.00,306.00
250.00,217.00,348.00,217.00,348.00,299.00,250.00,299.00
252.00,214.00,350.00,214.00,350.00,291.00,252.00,291.00
256.00,217.00,349.00,217.00,349.00,314.00,256.00,314.00
257.00,233.00,350.00,233.00,350.00,328.00,257.00,328.00
255.00,248.00,354.00,248.00,354.00,325.00,255.00,325.00
254.00,244.00,350.00,244.00,350.00,327.00,254.00,327.00
252.00,237.00,354.00,237.00,354.00,315.00,252.00,315.00
260.00,232.00,368.00,232.00,368.00,303.00,260.00,303.00
266.00,230.00,362.00,230.00,362.00,316.00,266.00,316.00
258.00,243.00,365.00,243.00,365.00,317.00,258.00,317.00
248.00,248.00,358.00,248.00,358.00,318.00,248.00,318.00
249.00,244.00,350.00,244.00,350.00,324.00,249.00,324.00
256.00,231.00,351.00,231.00,351.00,320.00,256.00,320.00
248.00,233.00,356.00,233.00,356.00,304.00,248.00,304.00
244.00,235.00,340.00,235.00,340.00,331.00,244.00,331.00
235.00,252.00,335.00,252.00,335.00,338.00,235.00,338.00
232.00,262.00,342.00,262.00,342.00,332.00,232.00,332.00
243.00,260.00,357.00,260.00,357.00,331.00,243.00,331.00
269.00,246.00,371.00,246.00,371.00,327.00,269.00,327.00
278.00,238.00,379.00,238.00,379.00,312.00,278.00,312.00
259.00,242.00,366.00,242.00,366.00,318.00,259.00,318.00
245.00,251.00,344.00,251.00,344.00,335.00,245.00,335.00
252.00,265.00,368.00,265.00,368.00,334.00,252.00,334.00
285.00,253.00,382.00,253.00,382.00,339.00,285.00,339.00
272.00,240.00,381.00,240.00,381.00,322.00,272.00,322.00
247.00,237.00,363.00,237.00,363.00,306.00,247.00,306.00
237.00,238.00,344.00,238.00,344.00,308.00,237.00,308.00
236.00,238.00,335.00,238.00,335.00,312.00,236.00,312.00
236.00,239.00,343.00,239.00,343.00,311.00,236.00,311.00
236.00,237.00,340.00,237.00,340.00,308.00,236.00,308.00
230.00,237.00,339.00,237.00,339.00,307.00,230.00,307.00
230.00,237.00,335.00,237.00,335.00,310.00,230.00,310.00
241.00,240.00,339.00,240.00,339.00,324.00,241.00,324.00
242.00,248.00,338.00,248.00,338.00,334.00,242.00,334.00
245.00,264.00,363.00,264.00,363.00,333.00,245.00,333.00
298.00,262.00,411.00,262.00,411.00,332.00,298.00,332.00
311.00,253.00,421.00,253.00,421.00,327.00,311.00,327.00
280.00,257.00,392.00,257.00,392.00,327.00,280.00,327.00
236.00,267.00,345.00,267.00,345.00,343.00,236.00,343.00
217.00,278.00,319.00,278.00,319.00,354.00,217.00,354.00
217.00,283.00,331.00,283.00,331.00,351.00,217.00,351.00
242.00,273.00,352.00,273.00,352.00,347.00,242.00,347.00
253.00,267.00,359.00,267.00,359.00,339.00,253.00,339.00
236.00,270.00,351.00,270.00,351.00,341.00,236.00,341.00
220.00,270.00,334.00,270.00,334.00,340.00,220.00,340.00
213.00,271.00,318.00,271.00,318.00,345.00,213.00,345.00
216.00,275.00,330.00,275.00,330.00,346.00,216.00,346.00
235.00,275.00,346.00,275.00,346.00,346.00,235.00,346.00
246.00,262.00,343.00,262.00,343.00,351.00,246.00,351.00
245.00,260.00,343.00,260.00,343.00,338.00,245.00,338.00
231.00,258.00,341.00,258.00,341.00,331.00,231.00,331.00
237.00,252.00,338.00,252.00,338.00,330.00,237.00,330.00
245.00,244.00,347.00,244.00,347.00,323.00,245.00,323.00
250.00,236.00,345.00,236.00,345.00,316.00,250.00,316.00
246.00,232.00,342.00,232.00,342.00,311.00,246.00,311.00
248.00,223.00,343.00,223.00,343.00,307.00,248.00,307.00
246.00,222.00,353.00,222.00,353.00,294.00,246.00,294.00
256.00,225.00,349.00,225.00,349.00,324.00,256.00,324.00
250.00,254.00,340.00,254.00,340.00,353.00,250.00,353.00
236.00,287.00,330.00,287.00,330.00,377.00,236.00,377.00
235.00,287.00,329.00,287.00,329.00,378.00,235.00,378.00
244.00,264.00,337.00,264.00,337.00,360.00,244.00,360.00
251.00,246.00,345.00,246.00,345.00,338.00,251.00,338.00
259.00,230.00,354.00,230.00,354.00,320.00,259.00,320.00
263.00,212.00,357.00,212.00,357.00,306.00,263.00,306.00
256.00,199.00,353.00,199.00,353.00,289.00,256.00,289.00
252.00,184.00,344.00,184.00,344.00,274.00,252.00,274.00
253.00,170.00,347.00,170.00,347.00,261.00,253.00,261.00
252.00,169.00,356.00,169.00,356.00,242.00,252.00,242.00
265.00,170.00,362.00,170.00,362.00,261.00,265.00,261.00
274.00,183.00,367.00,183.00,367.00,284.00,274.00,284.00
273.00,215.00,377.00,215.00,377.00,302.00,273.00,302.00
280.00,240.00,376.00,240.00,376.00,329.00,280.00,329.00
282.00,237.00,374.00,237.00,374.00,330.00,282.00,330.00
279.00,213.00,372.00,213.00,372.00,313.00,279.00,313.00
277.00,205.00,373.00,205.00,373.00,285.00,277.00,285.00
281.00,207.00,395.00,207.00,395.00,278.00,281.00,278.00
310.00,212.00,415.00,212.00,415.00,291.00,310.00,291.00
317.00,220.00,417.00,220.00,417.00,303.00,317.00,303.00
300.00,229.00,410.00,229.00,410.00,299.00,300.00,299.00
292.00,230.00,394.00,230.00,394.00,304.00,292.00,304.00
297.00,231.00,390.00,231.00,390.00,319.00,297.00,319.00
300.00,241.00,392.00,241.00,392.00,347.00,300.00,347.00
309.00,270.00,407.00,270.00,407.00,366.00,309.00,366.00
315.00,284.00,412.00,284.00,412.00,361.00,315.00,361.00
307.00,270.00,406.00,270.00,406.00,361.00,307.00,361.00
300.00,247.00,390.00,247.00,390.00,348.00,300.00,348.00
296.00,226.00,385.00,226.00,385.00,326.00,296.00,326.00
293.00,207.00,383.00,207.00,383.00,302.00,293.00,302.00
289.00,206.00,383.00,206.00,383.00,284.00,289.00,284.00
293.00,209.00,381.00,209.00,381.00,300.00,293.00,300.00
295.00,227.00,397.00,227.00,397.00,305.00,295.00,305.00
308.00,236.00,406.00,236.00,406.00,310.00,308.00,310.00
310.00,239.00,405.00,239.00,405.00,314.00,310.00,314.00
307.00,245.00,402.00,245.00,402.00,324.00,307.00,324.00
296.00,254.00,396.00,254.00,396.00,333.00,296.00,333.00
295.00,254.00,387.00,254.00,387.00,333.00,295.00,333.00
298.00,240.00,385.00,240.00,385.00,332.00,298.00,332.00
299.00,226.00,386.00,226.00,386.00,321.00,299.00,321.00
299.00,213.00,387.00,213.00,387.00,300.00,299.00,300.00
301.00,206.00,389.00,206.00,389.00,288.00,301.00,288.00
297.00,204.00,392.00,204.00,392.00,279.00,297.00,279.00
297.00,206.00,399.00,206.00,399.00,277.00,297.00,277.00
309.00,211.00,407.00,211.00,407.00,289.00,309.00,289.00
327.00,219.00,422.00,219.00,422.00,309.00,327.00,309.00
335.00,238.00,424.00,238.00,424.00,334.00,335.00,334.00
305.00,260.00,411.00,260.00,411.00,334.00,305.00,334.00
270.00,262.00,380.00,262.00,380.00,333.00,270.00,333.00
252.00,257.00,360.00,257.00,360.00,328.00,252.00,328.00
244.00,240.00,339.00,240.00,339.00,331.00,244.00,331.00
230.00,229.00,333.00,229.00,333.00,316.00,230.00,316.00
229.00,200.00,332.00,200.00,332.00,287.00,229.00,287.00
241.00,184.00,345.00,184.00,345.00,254.00,241.00,254.00
264.00,186.00,361.00,186.00,361.00,267.00,264.00,267.00
281.00,193.00,367.00,193.00,367.00,288.00,281.00,288.00
282.00,206.00,368.00,206.00,368.00,290.00,282.00,290.00
279.00,216.00,379.00,216.00,379.00,288.00,279.00,288.00
286.00,217.00,386.00,217.00,386.00,290.00,286.00,290.00
289.00,218.00,385.00,218.00,385.00,293.00,289.00,293.00
295.00,217.00,381.00,217.00,381.00,297.00,295.00,297.00
291.00,221.00,387.00,221.00,387.00,300.00,291.00,300.00
