1
230.00,140.00,286.00,140.00,286.00,208.00,230.00,208.00
229.00,141.00,288.00,141.00,288.00,209.00,229.00,209.00
231.00,142.00,286.00,142.00,286.00,211.00,231.00,211.00
228.00,142.00,285.00,142.00,285.00,211.00,228.00,211.00
228.00,142.00,283.00,142.00,283.00,208.00,228.00,208.00
225.00,142.00,281.00,142.00,281.00,209.00,225.00,209.00
225.00,139.00,280.00,139.00,280.00,209.00,225.00,209.00
226.00,136.00,278.00,136.00,278.00,199.00,226.00,199.00
223.00,133.00,278.00,133.00,278.00,197.00,223.00,197.00
221.00,127.00,274.00,127.00,274.00,191.00,221.00,191.00
222.00,121.00,273.00,121.00,273.00,184.00,222.00,184.00
203.00,98.00,258.00,98.00,258.00,166.00,203.00,166.00
198.00,93.00,253.00,93.00,253.00,161.00,198.00,161.00
196.00,90.00,249.00,90.00,249.00,156.00,196.00,156.00
196.00,87.00,251.00,87.00,251.00,155.00,196.00,155.00
195.00,87.00,251.00,87.00,251.00,157.00,195.00,157.00
194.00,87.00,253.00,87.00,253.00,159.00,194.00,159.00
194.00,87.00,253.00,87.00,253.00,157.00,194.00,157.00
195.00,87.00,254.00,87.00,254.00,157.00,195.00,157.00
194.00,88.00,251.00,88.00,251.00,157.00,194.00,157.00
194.00,89.00,253.00,89.00,253.00,159.00,194.00,159.00
194.00,89.00,254.00,89.00,254.00,161.00,194.00,161.00
194.00,90.00,255.00,90.00,255.00,163.00,194.00,163.00
194.00,93.00,256.00,93.00,256.00,165.00,194.00,165.00
196.00,97.00,257.00,97.00,257.00,171.00,196.00,171.00
197.00,99.00,259.00,99.00,259.00,172.00,197.00,172.00
199.00,101.00,262.00,101.00,262.00,174.00,199.00,174.00
201.00,104.00,263.00,104.00,263.00,177.00,201.00,177.00
203.00,105.00,264.00,105.00,264.00,176.00,203.00,176.00
205.00,105.00,264.00,105.00,264.00,177.00,205.00,177.00
206.00,100.00,266.00,100.00,266.00,171.00,206.00,171.00
208.00,95.00,267.00,95.00,267.00,166.00,208.00,166.00
208.00,88.00,268.00,88.00,268.00,158.00,208.00,158.00
210.00,84.00,268.00,84.00,268.00,154.00,210.00,154.00
210.00,78.00,270.00,78.00,270.00,150.00,210.00,150.00
211.00,75.00,270.00,75.00,270.00,146.00,211.00,146.00
213.00,73.00,272.00,73.00,272.00,144.00,213.00,144.00
218.00,73.00,275.00,73.00,275.00,143.00,218.00,143.00
217.00,73.00,276.00,73.00,276.00,144.00,217.00,144.00
219.00,74.00,277.00,74.00,277.00,146.00,219.00,146.00
219.00,76.00,279.00,76.00,279.00,148.00,219.00,148.00
221.00,79.00,280.00,79.00,280.00,152.00,221.00,152.00
221.00,85.00,280.00,85.00,280.00,157.00,221.00,157.00
220.00,90.00,280.00,90.00,280.00,162.00,220.00,162.00
219.00,93.00,280.00,93.00,280.00,166.00,219.00,166.00
220.00,99.00,282.00,99.00,282.00,172.00,220.00,172.00
220.00,104.00,283.00,104.00,283.00,179.00,220.00,179.00
221.00,108.00,285.00,108.00,285.00,183.00,221.00,183.00
222.00,113.00,287.00,113.00,287.00,189.00,222.00,189.00
225.00,120.00,289.00,120.00,289.00,195.00,225.00,195.00
225.00,121.00,293.00,121.00,293.00,197.00,225.00,197.00
227.00,120.00,296.00,120.00,296.00,194.00,227.00,194.00
230.00,116.00,299.00,116.00,299.00,192.00,230.00,192.00
233.00,111.00,302.00,111.00,302.00,188.00,233.00,188.00
234.00,103.00,303.00,103.00,303.00,178.00,234.00,178.00
238.00,95.00,304.00,95.00,304.00,170.00,238.00,170.00
241.00,91.00,304.00,91.00,304.00,164.00,241.00,164.00
242.00,87.00,304.00,87.00,304.00,158.00,242.00,158.00
238.00,78.00,305.00,78.00,305.00,159.00,238.00,159.00
240.00,79.00,306.00,79.00,306.00,158.00,240.00,158.00
233.00,96.00,298.00,96.00,298.00,174.00,233.00,174.00
235.00,100.00,299.00,100.00,299.00,177.00,235.00,177.00
236.00,104.00,300.00,104.00,300.00,181.00,236.00,181.00
238.00,106.00,303.00,106.00,303.00,184.00,238.00,184.00
243.00,107.00,309.00,107.00,309.00,177.00,243.00,177.00
244.00,106.00,309.00,106.00,309.00,175.00,244.00,175.00
246.00,102.00,309.00,102.00,309.00,170.00,246.00,170.00
247.00,101.00,309.00,101.00,309.00,169.00,247.00,169.00
248.00,100.00,309.00,100.00,309.00,168.00,248.00,168.00
249.00,100.00,309.00,100.00,309.00,170.00,249.00,170.00
249.00,102.00,310.00,102.00,310.00,173.00,249.00,173.00
250.00,106.00,310.00,106.00,310.00,179.00,250.00,179.00
250.00,110.00,313.00,110.00,313.00,184.00,250.00,184.00
249.00,113.00,314.00,113.00,314.00,188.00,249.00,188.00
249.00,115.00,316.00,115.00,316.00,192.00,249.00,192.00
249.00,111.00,314.00,111.00,314.00,189.00,249.00,189.00
250.00,107.00,315.00,107.00,315.00,184.00,250.00,184.00
251.00,100.00,316.00,100.00,316.00,176.00,251.00,176.00
254.00,93.00,317.00,93.00,317.00,170.00,254.00,170.00
254.00,82.00,316.00,82.00,316.00,160.00,254.00,160.00
257.00,71.00,317.00,71.00,317.00,147.00,257.00,147.00
256.00,65.00,316.00,65.00,316.00,142.00,256.00,142.00
258.00,58.00,318.00,58.00,318.00,133.00,258.00,133.00
259.00,61.00,319.00,61.00,319.00,133.00,259.00,133.00
259.00,60.00,319.00,60.00,319.00,131.00,259.00,131.00
260.00,62.00,321.00,62.00,321.00,133.00,260.00,133.00
259.00,64.00,321.00,64.00,321.00,134.00,259.00,134.00
260.00,66.00,322.00,66.00,322.00,137.00,260.00,137.00
262.00,67.00,324.00,67.00,324.00,138.00,262.00,138.00
261.00,70.00,325.00,70.00,325.00,143.00,261.00,143.00
260.00,72.00,325.00,72.00,325.00,147.00,260.00,147.00
264.00,72.00,326.00,72.00,326.00,145.00,264.00,145.00
264.00,72.00,328.00,72.00,328.00,148.00,264.00,148.00
263.00,74.00,326.00,74.00,326.00,150.00,263.00,150.00
261.00,77.00,325.00,77.00,325.00,158.00,261.00,158.00
258.00,84.00,324.00,84.00,324.00,167.00,258.00,167.00
254.00,87.00,323.00,87.00,323.00,170.00,254.00,170.00
250.00,94.00,321.00,94.00,321.00,177.00,250.00,177.00
243.00,96.00,317.00,96.00,317.00,180.00,243.00,180.00
241.00,92.00,315.00,92.00,315.00,176.00,241.00,176.00
235.00,85.00,311.00,85.00,311.00,171.00,235.00,171.00
235.00,74.00,307.00,74.00,307.00,158.00,235.00,158.00
234.00,69.00,306.00,69.00,306.00,155.00,234.00,155.00
238.00,59.00,308.00,59.00,308.00,148.00,238.00,148.00
242.00,50.00,312.00,50.00,312.00,136.00,242.00,136.00
244.00,50.00,310.00,50.00,310.00,135.00,244.00,135.00
248.00,55.00,314.00,55.00,314.00,142.00,248.00,142.00
248.00,68.00,317.00,68.00,317.00,153.00,248.00,153.00
251.00,73.00,323.00,73.00,323.00,160.00,251.00,160.00
255.00,76.00,326.00,76.00,326.00,164.00,255.00,164.00
254.00,78.00,326.00,78.00,326.00,165.00,254.00,165.00
252.00,83.00,324.00,83.00,324.00,169.00,252.00,169.00
251.00,85.00,323.00,85.00,323.00,173.00,251.00,173.00
251.00,86.00,323.00,86.00,323.00,170.00,251.00,170.00
250.00,87.00,323.00,87.00,323.00,174.00,250.00,174.00
249.00,87.00,321.00,87.00,321.00,177.00,249.00,177.00
247.00,86.00,320.00,86.00,320.00,181.00,247.00,181.00
245.00,80.00,316.00,80.00,316.00,174.00,245.00,174.00
244.00,76.00,315.00,76.00,315.00,172.00,244.00,172.00
240.00,80.00,313.00,80.00,313.00,174.00,240.00,174.00
236.00,85.00,311.00,85.00,311.00,179.00,236.00,179.00
234.00,92.00,307.00,92.00,307.00,183.00,234.00,183.00
234.00,90.00,310.00,90.00,310.00,180.00,234.00,180.00
236.00,88.00,309.00,88.00,309.00,178.00,236.00,178.00
239.00,81.00,312.00,81.00,312.00,172.00,239.00,172.00
242.00,73.00,315.00,73.00,315.00,164.00,242.00,164.00
247.00,64.00,319.00,64.00,319.00,155.00,247.00,155.00
250.00,59.00,321.00,59.00,321.00,149.00,250.00,149.00
254.00,57.00,325.00,57.00,325.00,146.00,254.00,146.00
255.00,60.00,329.00,60.00,329.00,152.00,255.00,152.00
259.00,69.00,335.00,69.00,335.00,158.00,259.00,158.00
262.00,80.00,339.00,80.00,339.00,169.00,262.00,169.00
265.00,91.00,341.00,91.00,341.00,180.00,265.00,180.00
264.00,92.00,342.00,92.00,342.00,178.00,264.00,178.00
265.00,95.00,341.00,95.00,341.00,182.00,265.00,182.00
268.00,95.00,344.00,95.00,344.00,185.00,268.00,185.00
265.00,99.00,341.00,99.00,341.00,189.00,265.00,189.00
264.00,98.00,341.00,98.00,341.00,187.00,264.00,187.00
261.00,94.00,337.00,94.00,337.00,186.00,261.00,186.00
260.00,95.00,335.00,95.00,335.00,187.00,260.00,187.00
257.00,96.00,332.00,96.00,332.00,188.00,257.00,188.00
253.00,96.00,330.00,96.00,330.00,189.00,253.00,189.00
249.00,100.00,329.00,100.00,329.00,191.00,249.00,191.00
241.00,105.00,324.00,105.00,324.00,195.00,241.00,195.00
234.00,104.00,320.00,104.00,320.00,194.00,234.00,194.00
226.00,106.00,313.00,106.00,313.00,197.00,226.00,197.00
221.00,102.00,308.00,102.00,308.00,194.00,221.00,194.00
224.00,96.00,311.00,96.00,311.00,191.00,224.00,191.00
228.00,87.00,314.00,87.00,314.00,183.00,228.00,183.00
235.00,77.00,316.00,77.00,316.00,173.00,235.00,173.00
239.00,68.00,318.00,68.00,318.00,165.00,239.00,165.00
244.00,61.00,319.00,61.00,319.00,154.00,244.00,154.00
246.00,59.00,323.00,59.00,323.00,153.00,246.00,153.00
250.00,66.00,328.00,66.00,328.00,156.00,250.00,156.00
251.00,73.00,329.00,73.00,329.00,160.00,251.00,160.00
253.00,79.00,329.00,79.00,329.00,164.00,253.00,164.00
253.00,85.00,329.00,85.00,329.00,172.00,253.00,172.00
250.00,94.00,327.00,94.00,327.00,181.00,250.00,181.00
249.00,98.00,328.00,98.00,328.00,185.00,249.00,185.00
250.00,101.00,327.00,101.00,327.00,190.00,250.00,190.00
246.00,100.00,325.00,100.00,325.00,185.00,246.00,185.00
242.00,101.00,322.00,101.00,322.00,187.00,242.00,187.00
239.00,96.00,319.00,96.00,319.00,185.00,239.00,185.00
238.00,94.00,315.00,94.00,315.00,185.00,238.00,185.00
235.00,89.00,310.00,89.00,310.00,182.00,235.00,182.00
233.00,85.00,307.00,85.00,307.00,177.00,233.00,177.00
230.00,86.00,304.00,86.00,304.00,179.00,230.00,179.00
223.00,91.00,304.00,91.00,304.00,183.00,223.00,183.00
219.00,96.00,301.00,96.00,301.00,187.00,219.00,187.00
217.00,98.00,302.00,98.00,302.00,191.00,217.00,191.00
216.00,95.00,299.00,95.00,299.00,185.00,216.00,185.00
217.00,87.00,301.00,87.00,301.00,180.00,217.00,180.00
222.00,81.00,302.00,81.00,302.00,177.00,222.00,177.00
224.00,73.00,302.00,73.00,302.00,169.00,224.00,169.00
226.00,67.00,304.00,67.00,304.00,162.00,226.00,162.00
230.00,62.00,307.00,62.00,307.00,158.00,230.00,158.00
236.00,60.00,310.00,60.00,310.00,154.00,236.00,154.00
238.00,69.00,311.00,69.00,311.00,153.00,238.00,153.00
241.00,74.00,316.00,74.00,316.00,158.00,241.00,158.00
241.00,80.00,318.00,80.00,318.00,165.00,241.00,165.00
241.00,85.00,315.00,85.00,315.00,165.00,241.00,165.00
242.00,89.00,315.00,89.00,315.00,167.00,242.00,167.00
241.00,92.00,314.00,92.00,314.00,168.00,241.00,168.00
242.00,94.00,314.00,94.00,314.00,171.00,242.00,171.00
240.00,97.00,313.00,97.00,313.00,177.00,240.00,177.00
241.00,95.00,310.00,95.00,310.00,174.00,241.00,174.00
237.00,95.00,308.00,95.00,308.00,176.00,237.00,176.00
236.00,95.00,308.00,95.00,308.00,176.00,236.00,176.00
233.00,97.00,305.00,97.00,305.00,180.00,233.00,180.00
231.00,96.00,305.00,96.00,305.00,182.00,231.00,182.00
226.00,99.00,302.00,99.00,302.00,184.00,226.00,184.00
222.00,102.00,301.00,102.00,301.00,187.00,222.00,187.00
216.00,104.00,299.00,104.00,299.00,189.00,216.00,189.00
215.00,103.00,297.00,103.00,297.00,188.00,215.00,188.00
213.00,99.00,296.00,99.00,296.00,184.00,213.00,184.00
214.00,92.00,297.00,92.00,297.00,179.00,214.00,179.00
214.00,81.00,291.00,81.00,291.00,169.00,214.00,169.00
215.00,73.00,289.00,73.00,289.00,158.00,215.00,158.00
214.00,64.00,288.00,64.00,288.00,148.00,214.00,148.00
215.00,55.00,287.00,55.00,287.00,139.00,215.00,139.00
213.00,52.00,285.00,52.00,285.00,134.00,213.00,134.00
211.00,47.00,283.00,47.00,283.00,127.00,211.00,127.00
212.00,48.00,283.00,48.00,283.00,130.00,212.00,130.00
211.00,47.00,283.00,47.00,283.00,129.00,211.00,129.00
212.00,48.00,283.00,48.00,283.00,130.00,212.00,130.00
214.00,53.00,283.00,53.00,283.00,135.00,214.00,135.00
212.00,58.00,283.00,58.00,283.00,137.00,212.00,137.00
213.00,61.00,282.00,61.00,282.00,143.00,213.00,143.00
213.00,65.00,282.00,65.00,282.00,147.00,213.00,147.00
211.00,72.00,281.00,72.00,281.00,153.00,211.00,153.00
214.00,78.00,282.00,78.00,282.00,159.00,214.00,159.00
214.00,82.00,283.00,82.00,283.00,162.00,214.00,162.00
215.00,88.00,283.00,88.00,283.00,169.00,215.00,169.00
215.00,93.00,285.00,93.00,285.00,174.00,215.00,174.00
217.00,99.00,287.00,99.00,287.00,178.00,217.00,178.00
218.00,103.00,289.00,103.00,289.00,180.00,218.00,180.00
219.00,106.00,290.00,106.00,290.00,185.00,219.00,185.00
219.00,105.00,291.00,105.00,291.00,184.00,219.00,184.00
223.00,103.00,293.00,103.00,293.00,181.00,223.00,181.00
225.00,95.00,295.00,95.00,295.00,173.00,225.00,173.00
229.00,90.00,297.00,90.00,297.00,166.00,229.00,166.00
230.00,83.00,300.00,83.00,300.00,160.00,230.00,160.00
230.00,76.00,300.00,76.00,300.00,151.00,230.00,151.00
231.00,69.00,302.00,69.00,302.00,145.00,231.00,145.00
231.00,62.00,301.00,62.00,301.00,140.00,231.00,140.00
233.00,53.00,304.00,53.00,304.00,134.00,233.00,134.00
235.00,47.00,304.00,47.00,304.00,129.00,235.00,129.00
236.00,39.00,307.00,39.00,307.00,123.00,236.00,123.00
238.00,32.00,311.00,32.00,311.00,116.00,238.00,116.00
240.00,28.00,315.00,28.00,315.00,110.00,240.00,110.00
241.00,26.00,315.00,26.00,315.00,106.00,241.00,106.00
242.00,26.00,317.00,26.00,317.00,107.00,242.00,107.00
245.00,26.00,320.00,26.00,320.00,107.00,245.00,107.00
245.00,26.00,321.00,26.00,321.00,106.00,245.00,106.00
248.00,29.00,323.00,29.00,323.00,109.00,248.00,109.00
249.00,29.00,327.00,29.00,327.00,110.00,249.00,110.00
251.00,31.00,331.00,31.00,331.00,114.00,251.00,114.00
252.00,37.00,330.00,37.00,330.00,122.00,252.00,122.00
253.00,44.00,333.00,44.00,333.00,129.00,253.00,129.00
250.00,48.00,332.00,48.00,332.00,136.00,250.00,136.00
248.00,54.00,333.00,54.00,333.00,149.00,248.00,149.00
243.00,55.00,330.00,55.00,330.00,148.00,243.00,148.00
239.00,53.00,327.00,53.00,327.00,148.00,239.00,148.00
233.00,48.00,324.00,48.00,324.00,145.00,233.00,145.00
229.00,41.00,321.00,41.00,321.00,140.00,229.00,140.00
223.00,34.00,314.00,34.00,314.00,131.00,223.00,131.00
218.00,30.00,305.00,30.00,305.00,124.00,218.00,124.00
212.00,28.00,300.00,28.00,300.00,123.00,212.00,123.00
208.00,26.00,294.00,26.00,294.00,118.00,208.00,118.00
205.00,26.00,291.00,26.00,291.00,117.00,205.00,117.00
203.00,29.00,286.00,29.00,286.00,116.00,203.00,116.00
199.00,30.00,283.00,30.00,283.00,118.00,199.00,118.00
198.00,32.00,281.00,32.00,281.00,118.00,198.00,118.00
194.00,34.00,277.00,34.00,277.00,121.00,194.00,121.00
191.00,37.00,273.00,37.00,273.00,123.00,191.00,123.00
187.00,40.00,270.00,40.00,270.00,126.00,187.00,126.00
182.00,43.00,266.00,43.00,266.00,128.00,182.00,128.00
177.00,46.00,261.00,46.00,261.00,134.00,177.00,134.00
175.00,50.00,257.00,50.00,257.00,138.00,175.00,138.00
170.00,51.00,255.00,51.00,255.00,140.00,170.00,140.00
167.00,56.00,250.00,56.00,250.00,150.00,167.00,150.00
161.00,61.00,245.00,61.00,245.00,155.00,161.00,155.00
158.00,68.00,243.00,68.00,243.00,161.00,158.00,161.00
157.00,76.00,242.00,76.00,242.00,168.00,157.00,168.00
155.00,77.00,240.00,77.00,240.00,170.00,155.00,170.00
156.00,76.00,244.00,76.00,244.00,171.00,156.00,171.00
159.00,72.00,247.00,72.00,247.00,167.00,159.00,167.00
162.00,63.00,252.00,63.00,252.00,159.00,162.00,159.00
167.00,57.00,255.00,57.00,255.00,153.00,167.00,153.00
172.00,45.00,259.00,45.00,259.00,142.00,172.00,142.00
179.00,36.00,265.00,36.00,265.00,129.00,179.00,129.00
183.00,29.00,270.00,29.00,270.00,122.00,183.00,122.00
185.00,25.00,270.00,25.00,270.00,118.00,185.00,118.00
188.00,21.00,277.00,21.00,277.00,112.00,188.00,112.00
193.00,20.00,283.00,20.00,283.00,114.00,193.00,114.00
197.00,18.00,286.00,18.00,286.00,110.00,197.00,110.00
202.00,17.00,291.00,17.00,291.00,110.00,202.00,110.00
205.00,16.00,295.00,16.00,295.00,113.00,205.00,113.00
209.00,15.00,302.00,15.00,302.00,110.00,209.00,110.00
213.00,18.00,306.00,18.00,306.00,114.00,213.00,114.00
217.00,22.00,308.00,22.00,308.00,118.00,217.00,118.00
220.00,25.00,311.00,25.00,311.00,119.00,220.00,119.00
223.00,31.00,312.00,31.00,312.00,128.00,223.00,128.00
226.00,35.00,315.00,35.00,315.00,130.00,226.00,130.00
230.00,43.00,316.00,43.00,316.00,138.00,230.00,138.00
232.00,52.00,318.00,52.00,318.00,148.00,232.00,148.00
231.00,58.00,321.00,58.00,321.00,156.00,231.00,156.00
224.00,63.00,320.00,63.00,320.00,168.00,224.00,168.00
216.00,67.00,311.00,67.00,311.00,174.00,216.00,174.00
207.00,65.00,304.00,65.00,304.00,174.00,207.00,174.00
200.00,58.00,296.00,58.00,296.00,164.00,200.00,164.00
195.00,43.00,291.00,43.00,291.00,151.00,195.00,151.00
192.00,34.00,286.00,34.00,286.00,139.00,192.00,139.00
189.00,24.00,279.00,24.00,279.00,126.00,189.00,126.00
186.00,19.00,273.00,19.00,273.00,117.00,186.00,117.00
179.00,15.00,267.00,15.00,267.00,111.00,179.00,111.00
173.00,12.00,261.00,12.00,261.00,106.00,173.00,106.00
171.00,16.00,255.00,16.00,255.00,111.00,171.00,111.00
168.00,21.00,251.00,21.00,251.00,115.00,168.00,115.00
167.00,29.00,250.00,29.00,250.00,118.00,167.00,118.00
165.00,33.00,247.00,33.00,247.00,126.00,165.00,126.00
160.00,40.00,248.00,40.00,248.00,128.00,160.00,128.00
155.00,44.00,244.00,44.00,244.00,133.00,155.00,133.00
153.00,46.00,243.00,46.00,243.00,136.00,153.00,136.00
152.00,45.00,240.00,45.00,240.00,136.00,152.00,136.00
152.00,50.00,237.00,50.00,237.00,141.00,152.00,141.00
151.00,50.00,233.00,50.00,233.00,143.00,151.00,143.00
149.00,54.00,228.00,54.00,228.00,146.00,149.00,146.00
148.00,60.00,227.00,60.00,227.00,154.00,148.00,154.00
145.00,68.00,222.00,68.00,222.00,159.00,145.00,159.00
145.00,71.00,222.00,71.00,222.00,162.00,145.00,162.00
142.00,76.00,221.00,76.00,221.00,164.00,142.00,164.00
144.00,77.00,222.00,77.00,222.00,165.00,144.00,165.00
146.00,72.00,223.00,72.00,223.00,158.00,146.00,158.00
149.00,63.00,227.00,63.00,227.00,149.00,149.00,149.00
154.00,50.00,230.00,50.00,230.00,139.00,154.00,139.00
156.00,36.00,232.00,36.00,232.00,126.00,156.00,126.00
161.00,26.00,237.00,26.00,237.00,118.00,161.00,118.00
164.00,19.00,241.00,19.00,241.00,111.00,164.00,111.00
168.00,16.00,244.00,16.00,244.00,108.00,168.00,108.00
171.00,15.00,247.00,15.00,247.00,106.00,171.00,106.00
174.00,16.00,251.00,16.00,251.00,108.00,174.00,108.00
176.00,13.00,252.00,13.00,252.00,103.00,176.00,103.00
179.00,15.00,255.00,15.00,255.00,107.00,179.00,107.00
181.00,14.00,257.00,14.00,257.00,105.00,181.00,105.00
182.00,13.00,260.00,13.00,260.00,104.00,182.00,104.00
184.00,15.00,262.00,15.00,262.00,107.00,184.00,107.00
185.00,18.00,262.00,18.00,262.00,111.00,185.00,111.00
185.00,21.00,266.00,21.00,266.00,114.00,185.00,114.00
185.00,24.00,265.00,24.00,265.00,115.00,185.00,115.00
186.00,30.00,266.00,30.00,266.00,121.00,186.00,121.00
186.00,35.00,266.00,35.00,266.00,126.00,186.00,126.00
185.00,44.00,265.00,44.00,265.00,136.00,185.00,136.00
185.00,48.00,266.00,48.00,266.00,139.00,185.00,139.00
185.00,52.00,266.00,52.00,266.00,143.00,185.00,143.00
185.00,54.00,267.00,54.00,267.00,147.00,185.00,147.00
184.00,54.00,267.00,54.00,267.00,148.00,184.00,148.00
183.00,52.00,264.00,52.00,264.00,144.00,183.00,144.00
182.00,47.00,265.00,47.00,265.00,141.00,182.00,141.00
180.00,39.00,264.00,39.00,264.00,133.00,180.00,133.00
179.00,33.00,262.00,33.00,262.00,125.00,179.00,125.00
179.00,29.00,264.00,29.00,264.00,123.00,179.00,123.00
178.00,26.00,262.00,26.00,262.00,119.00,178.00,119.00
176.00,26.00,259.00,26.00,259.00,115.00,176.00,115.00
176.00,27.00,257.00,27.00,257.00,113.00,176.00,113.00
175.00,28.00,258.00,28.00,258.00,116.00,175.00,116.00
174.00,27.00,257.00,27.00,257.00,116.00,174.00,116.00
173.00,27.00,256.00,27.00,256.00,113.00,173.00,113.00
173.00,28.00,258.00,28.00,258.00,115.00,173.00,115.00
172.00,30.00,259.00,30.00,259.00,116.00,172.00,116.00
173.00,31.00,260.00,31.00,260.00,118.00,173.00,118.00
171.00,33.00,257.00,33.00,257.00,119.00,171.00,119.00
171.00,33.00,254.00,33.00,254.00,117.00,171.00,117.00
170.00,38.00,251.00,38.00,251.00,121.00,170.00,121.00
168.00,43.00,251.00,43.00,251.00,128.00,168.00,128.00
165.00,48.00,246.00,48.00,246.00,134.00,165.00,134.00
162.00,58.00,242.00,58.00,242.00,143.00,162.00,143.00
158.00,69.00,236.00,69.00,236.00,156.00,158.00,156.00
153.00,75.00,230.00,75.00,230.00,161.00,153.00,161.00
149.00,81.00,227.00,81.00,227.00,166.00,149.00,166.00
146.00,89.00,224.00,89.00,224.00,174.00,146.00,174.00
140.00,94.00,220.00,94.00,220.00,179.00,140.00,179.00
137.00,98.00,217.00,98.00,217.00,185.00,137.00,185.00
135.00,101.00,216.00,101.00,216.00,190.00,135.00,190.00
