1
230.00,140.00,286.00,140.00,286.00,207.00,230.00,207.00
229.00,141.00,287.00,141.00,287.00,210.00,229.00,210.00
229.00,141.00,285.00,141.00,285.00,213.00,229.00,213.00
230.00,142.00,284.00,142.00,284.00,212.00,230.00,212.00
228.00,146.00,281.00,146.00,281.00,212.00,228.00,212.00
225.00,141.00,279.00,141.00,279.00,207.00,225.00,207.00
225.00,139.00,278.00,139.00,278.00,203.00,225.00,203.00
223.00,145.00,274.00,145.00,274.00,210.00,223.00,210.00
218.00,125.00,270.00,125.00,270.00,185.00,218.00,185.00
222.00,127.00,271.00,127.00,271.00,188.00,222.00,188.00
220.00,124.00,269.00,124.00,269.00,185.00,220.00,185.00
205.00,103.00,257.00,103.00,257.00,164.00,205.00,164.00
200.00,94.00,255.00,94.00,255.00,154.00,200.00,154.00
195.00,91.00,249.00,91.00,249.00,149.00,195.00,149.00
195.00,88.00,251.00,88.00,251.00,148.00,195.00,148.00
194.00,88.00,252.00,88.00,252.00,150.00,194.00,150.00
195.00,88.00,251.00,88.00,251.00,151.00,195.00,151.00
195.00,87.00,252.00,87.00,252.00,150.00,195.00,150.00
195.00,88.00,253.00,88.00,253.00,151.00,195.00,151.00
196.00,90.00,252.00,90.00,252.00,154.00,196.00,154.00
195.00,89.00,252.00,89.00,252.00,155.00,195.00,155.00
195.00,92.00,253.00,92.00,253.00,159.00,195.00,159.00
194.00,91.00,253.00,91.00,253.00,162.00,194.00,162.00
194.00,94.00,256.00,94.00,256.00,163.00,194.00,163.00
194.00,97.00,258.00,97.00,258.00,166.00,194.00,166.00
196.00,100.00,260.00,100.00,260.00,169.00,196.00,169.00
197.00,102.00,261.00,102.00,261.00,171.00,197.00,171.00
200.00,105.00,263.00,105.00,263.00,175.00,200.00,175.00
203.00,106.00,265.00,106.00,265.00,175.00,203.00,175.00
203.00,105.00,266.00,105.00,266.00,175.00,203.00,175.00
205.00,100.00,268.00,100.00,268.00,168.00,205.00,168.00
206.00,95.00,268.00,95.00,268.00,163.00,206.00,163.00
207.00,88.00,270.00,88.00,270.00,157.00,207.00,157.00
208.00,84.00,269.00,84.00,269.00,154.00,208.00,154.00
210.00,78.00,271.00,78.00,271.00,149.00,210.00,149.00
211.00,75.00,271.00,75.00,271.00,145.00,211.00,145.00
214.00,73.00,273.00,73.00,273.00,143.00,214.00,143.00
216.00,73.00,275.00,73.00,275.00,142.00,216.00,142.00
218.00,73.00,277.00,73.00,277.00,142.00,218.00,142.00
220.00,74.00,277.00,74.00,277.00,145.00,220.00,145.00
221.00,77.00,279.00,77.00,279.00,148.00,221.00,148.00
221.00,78.00,280.00,78.00,280.00,150.00,221.00,150.00
222.00,84.00,281.00,84.00,281.00,155.00,222.00,155.00
220.00,90.00,281.00,90.00,281.00,161.00,220.00,161.00
220.00,93.00,283.00,93.00,283.00,165.00,220.00,165.00
220.00,98.00,282.00,98.00,282.00,170.00,220.00,170.00
220.00,103.00,281.00,103.00,281.00,177.00,220.00,177.00
222.00,110.00,284.00,110.00,284.00,186.00,222.00,186.00
223.00,112.00,287.00,112.00,287.00,190.00,223.00,190.00
224.00,116.00,289.00,116.00,289.00,193.00,224.00,193.00
225.00,118.00,294.00,118.00,294.00,198.00,225.00,198.00
227.00,120.00,296.00,120.00,296.00,197.00,227.00,197.00
230.00,116.00,299.00,116.00,299.00,194.00,230.00,194.00
232.00,109.00,301.00,109.00,301.00,187.00,232.00,187.00
236.00,100.00,304.00,100.00,304.00,178.00,236.00,178.00
239.00,94.00,305.00,94.00,305.00,170.00,239.00,170.00
241.00,88.00,305.00,88.00,305.00,163.00,241.00,163.00
244.00,84.00,304.00,84.00,304.00,154.00,244.00,154.00
240.00,78.00,304.00,78.00,304.00,153.00,240.00,153.00
239.00,81.00,303.00,81.00,303.00,156.00,239.00,156.00
234.00,93.00,299.00,93.00,299.00,168.00,234.00,168.00
235.00,98.00,299.00,98.00,299.00,172.00,235.00,172.00
237.00,101.00,302.00,101.00,302.00,176.00,237.00,176.00
239.00,103.00,305.00,103.00,305.00,179.00,239.00,179.00
243.00,104.00,309.00,104.00,309.00,174.00,243.00,174.00
244.00,104.00,309.00,104.00,309.00,173.00,244.00,173.00
246.00,100.00,309.00,100.00,309.00,168.00,246.00,168.00
246.00,99.00,309.00,99.00,309.00,166.00,246.00,166.00
247.00,99.00,311.00,99.00,311.00,168.00,247.00,168.00
248.00,99.00,313.00,99.00,313.00,171.00,248.00,171.00
249.00,102.00,314.00,102.00,314.00,174.00,249.00,174.00
249.00,105.00,312.00,105.00,312.00,179.00,249.00,179.00
248.00,107.00,316.00,107.00,316.00,182.00,248.00,182.00
247.00,111.00,317.00,111.00,317.00,188.00,247.00,188.00
247.00,113.00,319.00,113.00,319.00,191.00,247.00,191.00
247.00,113.00,317.00,113.00,317.00,191.00,247.00,191.00
249.00,108.00,318.00,108.00,318.00,184.00,249.00,184.00
249.00,99.00,317.00,99.00,317.00,174.00,249.00,174.00
252.00,93.00,317.00,93.00,317.00,167.00,252.00,167.00
254.00,82.00,319.00,82.00,319.00,158.00,254.00,158.00
255.00,72.00,319.00,72.00,319.00,146.00,255.00,146.00
256.00,63.00,320.00,63.00,320.00,138.00,256.00,138.00
258.00,62.00,321.00,62.00,321.00,134.00,258.00,134.00
258.00,59.00,320.00,59.00,320.00,129.00,258.00,129.00
259.00,60.00,322.00,60.00,322.00,129.00,259.00,129.00
258.00,62.00,321.00,62.00,321.00,130.00,258.00,130.00
259.00,64.00,322.00,64.00,322.00,131.00,259.00,131.00
259.00,66.00,323.00,66.00,323.00,134.00,259.00,134.00
259.00,68.00,323.00,68.00,323.00,137.00,259.00,137.00
261.00,69.00,325.00,69.00,325.00,138.00,261.00,138.00
261.00,70.00,326.00,70.00,326.00,139.00,261.00,139.00
263.00,71.00,329.00,71.00,329.00,140.00,263.00,140.00
263.00,73.00,328.00,73.00,328.00,144.00,263.00,144.00
263.00,77.00,326.00,77.00,326.00,148.00,263.00,148.00
261.00,79.00,326.00,79.00,326.00,153.00,261.00,153.00
257.00,85.00,324.00,85.00,324.00,160.00,257.00,160.00
253.00,89.00,323.00,89.00,323.00,166.00,253.00,166.00
250.00,95.00,322.00,95.00,322.00,174.00,250.00,174.00
244.00,99.00,319.00,99.00,319.00,179.00,244.00,179.00
239.00,91.00,316.00,91.00,316.00,169.00,239.00,169.00
234.00,84.00,311.00,84.00,311.00,164.00,234.00,164.00
233.00,77.00,307.00,77.00,307.00,158.00,233.00,158.00
235.00,68.00,308.00,68.00,308.00,148.00,235.00,148.00
238.00,61.00,308.00,61.00,308.00,142.00,238.00,142.00
240.00,50.00,313.00,50.00,313.00,130.00,240.00,130.00
244.00,50.00,315.00,50.00,315.00,132.00,244.00,132.00
246.00,55.00,315.00,55.00,315.00,137.00,246.00,137.00
246.00,65.00,319.00,65.00,319.00,149.00,246.00,149.00
248.00,74.00,321.00,74.00,321.00,160.00,248.00,160.00
250.00,74.00,325.00,74.00,325.00,159.00,250.00,159.00
251.00,81.00,325.00,81.00,325.00,166.00,251.00,166.00
249.00,87.00,321.00,87.00,321.00,169.00,249.00,169.00
250.00,85.00,325.00,85.00,325.00,168.00,250.00,168.00
249.00,87.00,324.00,87.00,324.00,168.00,249.00,168.00
246.00,88.00,323.00,88.00,323.00,171.00,246.00,171.00
245.00,85.00,323.00,85.00,323.00,171.00,245.00,171.00
243.00,84.00,321.00,84.00,321.00,173.00,243.00,173.00
241.00,81.00,320.00,81.00,320.00,169.00,241.00,169.00
240.00,77.00,317.00,77.00,317.00,166.00,240.00,166.00
236.00,82.00,315.00,82.00,315.00,170.00,236.00,170.00
233.00,93.00,312.00,93.00,312.00,182.00,233.00,182.00
231.00,93.00,312.00,93.00,312.00,181.00,231.00,181.00
231.00,93.00,313.00,93.00,313.00,180.00,231.00,180.00
233.00,92.00,313.00,92.00,313.00,181.00,233.00,181.00
236.00,85.00,314.00,85.00,314.00,172.00,236.00,172.00
240.00,75.00,317.00,75.00,317.00,161.00,240.00,161.00
245.00,66.00,321.00,66.00,321.00,151.00,245.00,151.00
249.00,62.00,323.00,62.00,323.00,146.00,249.00,146.00
253.00,58.00,328.00,58.00,328.00,143.00,253.00,143.00
255.00,59.00,332.00,59.00,332.00,144.00,255.00,144.00
258.00,67.00,337.00,67.00,337.00,151.00,258.00,151.00
261.00,79.00,341.00,79.00,341.00,165.00,261.00,165.00
263.00,89.00,340.00,89.00,340.00,172.00,263.00,172.00
264.00,92.00,341.00,92.00,341.00,172.00,264.00,172.00
265.00,96.00,342.00,96.00,342.00,178.00,265.00,178.00
264.00,98.00,341.00,98.00,341.00,181.00,264.00,181.00
263.00,98.00,341.00,98.00,341.00,181.00,263.00,181.00
262.00,98.00,341.00,98.00,341.00,180.00,262.00,180.00
260.00,94.00,339.00,94.00,339.00,180.00,260.00,180.00
257.00,91.00,338.00,91.00,338.00,178.00,257.00,178.00
255.00,96.00,334.00,96.00,334.00,183.00,255.00,183.00
252.00,98.00,333.00,98.00,333.00,184.00,252.00,184.00
248.00,102.00,330.00,102.00,330.00,187.00,248.00,187.00
241.00,105.00,325.00,105.00,325.00,188.00,241.00,188.00
232.00,105.00,319.00,105.00,319.00,189.00,232.00,189.00
227.00,108.00,314.00,108.00,314.00,192.00,227.00,192.00
224.00,105.00,312.00,105.00,312.00,190.00,224.00,190.00
225.00,95.00,311.00,95.00,311.00,181.00,225.00,181.00
231.00,87.00,315.00,87.00,315.00,175.00,231.00,175.00
236.00,76.00,317.00,76.00,317.00,166.00,236.00,166.00
240.00,68.00,319.00,68.00,319.00,160.00,240.00,160.00
245.00,60.00,322.00,60.00,322.00,149.00,245.00,149.00
245.00,58.00,326.00,58.00,326.00,149.00,245.00,149.00
249.00,67.00,329.00,67.00,329.00,154.00,249.00,154.00
249.00,71.00,330.00,71.00,330.00,158.00,249.00,158.00
252.00,78.00,329.00,78.00,329.00,162.00,252.00,162.00
253.00,86.00,328.00,86.00,328.00,169.00,253.00,169.00
251.00,96.00,326.00,96.00,326.00,179.00,251.00,179.00
249.00,99.00,327.00,99.00,327.00,179.00,249.00,179.00
248.00,102.00,327.00,102.00,327.00,186.00,248.00,186.00
244.00,101.00,325.00,101.00,325.00,185.00,244.00,185.00
242.00,98.00,325.00,98.00,325.00,185.00,242.00,185.00
237.00,95.00,323.00,95.00,323.00,184.00,237.00,184.00
233.00,93.00,319.00,93.00,319.00,183.00,233.00,183.00
230.00,87.00,315.00,87.00,315.00,181.00,230.00,181.00
228.00,86.00,310.00,86.00,310.00,179.00,228.00,179.00
225.00,86.00,308.00,86.00,308.00,181.00,225.00,181.00
219.00,89.00,308.00,89.00,308.00,184.00,219.00,184.00
213.00,97.00,306.00,97.00,306.00,190.00,213.00,190.00
211.00,98.00,303.00,98.00,303.00,190.00,211.00,190.00
214.00,95.00,305.00,95.00,305.00,187.00,214.00,187.00
216.00,87.00,305.00,87.00,305.00,184.00,216.00,184.00
221.00,83.00,304.00,83.00,304.00,179.00,221.00,179.00
223.00,76.00,301.00,76.00,301.00,171.00,223.00,171.00
227.00,69.00,304.00,69.00,304.00,162.00,227.00,162.00
230.00,63.00,306.00,63.00,306.00,155.00,230.00,155.00
235.00,61.00,309.00,61.00,309.00,147.00,235.00,147.00
241.00,65.00,312.00,65.00,312.00,147.00,241.00,147.00
240.00,71.00,314.00,71.00,314.00,155.00,240.00,155.00
241.00,78.00,313.00,78.00,313.00,161.00,241.00,161.00
240.00,82.00,313.00,82.00,313.00,164.00,240.00,164.00
243.00,87.00,315.00,87.00,315.00,166.00,243.00,166.00
241.00,91.00,313.00,91.00,313.00,170.00,241.00,170.00
242.00,94.00,313.00,94.00,313.00,171.00,242.00,171.00
241.00,96.00,313.00,96.00,313.00,175.00,241.00,175.00
239.00,92.00,311.00,92.00,311.00,173.00,239.00,173.00
236.00,92.00,311.00,92.00,311.00,175.00,236.00,175.00
233.00,93.00,309.00,93.00,309.00,178.00,233.00,178.00
230.00,95.00,307.00,95.00,307.00,182.00,230.00,182.00
228.00,96.00,308.00,96.00,308.00,186.00,228.00,186.00
224.00,97.00,307.00,97.00,307.00,186.00,224.00,186.00
220.00,103.00,303.00,103.00,303.00,188.00,220.00,188.00
217.00,103.00,302.00,103.00,302.00,189.00,217.00,189.00
214.00,100.00,299.00,100.00,299.00,188.00,214.00,188.00
214.00,94.00,299.00,94.00,299.00,183.00,214.00,183.00
215.00,87.00,298.00,87.00,298.00,180.00,215.00,180.00
214.00,79.00,293.00,79.00,293.00,173.00,214.00,173.00
214.00,70.00,293.00,70.00,293.00,161.00,214.00,161.00
214.00,62.00,291.00,62.00,291.00,150.00,214.00,150.00
215.00,54.00,289.00,54.00,289.00,139.00,215.00,139.00
214.00,49.00,288.00,49.00,288.00,134.00,214.00,134.00
213.00,45.00,285.00,45.00,285.00,129.00,213.00,129.00
212.00,43.00,283.00,43.00,283.00,127.00,212.00,127.00
212.00,45.00,284.00,45.00,284.00,129.00,212.00,129.00
214.00,48.00,285.00,48.00,285.00,132.00,214.00,132.00
213.00,50.00,283.00,50.00,283.00,132.00,213.00,132.00
213.00,57.00,283.00,57.00,283.00,137.00,213.00,137.00
213.00,61.00,283.00,61.00,283.00,141.00,213.00,141.00
214.00,67.00,282.00,67.00,282.00,146.00,214.00,146.00
215.00,71.00,283.00,71.00,283.00,148.00,215.00,148.00
215.00,79.00,282.00,79.00,282.00,157.00,215.00,157.00
214.00,86.00,282.00,86.00,282.00,165.00,214.00,165.00
214.00,90.00,283.00,90.00,283.00,170.00,214.00,170.00
216.00,94.00,285.00,94.00,285.00,174.00,216.00,174.00
218.00,99.00,287.00,99.00,287.00,179.00,218.00,179.00
219.00,102.00,289.00,102.00,289.00,180.00,219.00,180.00
221.00,104.00,290.00,104.00,290.00,184.00,221.00,184.00
222.00,104.00,292.00,104.00,292.00,182.00,222.00,182.00
225.00,102.00,293.00,102.00,293.00,181.00,225.00,181.00
228.00,96.00,297.00,96.00,297.00,175.00,228.00,175.00
229.00,90.00,298.00,90.00,298.00,168.00,229.00,168.00
230.00,80.00,300.00,80.00,300.00,159.00,230.00,159.00
231.00,76.00,301.00,76.00,301.00,153.00,231.00,153.00
231.00,68.00,302.00,68.00,302.00,145.00,231.00,145.00
233.00,61.00,303.00,61.00,303.00,138.00,233.00,138.00
232.00,55.00,303.00,55.00,303.00,135.00,232.00,135.00
235.00,47.00,306.00,47.00,306.00,127.00,235.00,127.00
236.00,40.00,308.00,40.00,308.00,120.00,236.00,120.00
238.00,34.00,311.00,34.00,311.00,114.00,238.00,114.00
239.00,29.00,315.00,29.00,315.00,109.00,239.00,109.00
240.00,28.00,317.00,28.00,317.00,105.00,240.00,105.00
241.00,27.00,321.00,27.00,321.00,106.00,241.00,106.00
242.00,26.00,324.00,26.00,324.00,103.00,242.00,103.00
244.00,29.00,325.00,29.00,325.00,105.00,244.00,105.00
244.00,31.00,326.00,31.00,326.00,109.00,244.00,109.00
246.00,33.00,329.00,33.00,329.00,111.00,246.00,111.00
247.00,35.00,333.00,35.00,333.00,114.00,247.00,114.00
249.00,40.00,333.00,40.00,333.00,124.00,249.00,124.00
250.00,45.00,335.00,45.00,335.00,131.00,250.00,131.00
246.00,56.00,330.00,56.00,330.00,142.00,246.00,142.00
245.00,58.00,332.00,58.00,332.00,154.00,245.00,154.00
242.00,58.00,330.00,58.00,330.00,153.00,242.00,153.00
237.00,56.00,325.00,56.00,325.00,150.00,237.00,150.00
233.00,52.00,322.00,52.00,322.00,148.00,233.00,148.00
229.00,46.00,318.00,46.00,318.00,142.00,229.00,142.00
221.00,42.00,310.00,42.00,310.00,137.00,221.00,137.00
216.00,37.00,304.00,37.00,304.00,132.00,216.00,132.00
210.00,29.00,300.00,29.00,300.00,124.00,210.00,124.00
205.00,28.00,293.00,28.00,293.00,124.00,205.00,124.00
203.00,27.00,290.00,27.00,290.00,122.00,203.00,122.00
201.00,29.00,287.00,29.00,287.00,123.00,201.00,123.00
199.00,30.00,285.00,30.00,285.00,123.00,199.00,123.00
196.00,32.00,282.00,32.00,282.00,125.00,196.00,125.00
193.00,34.00,279.00,34.00,279.00,125.00,193.00,125.00
191.00,37.00,276.00,37.00,276.00,128.00,191.00,128.00
187.00,41.00,271.00,41.00,271.00,133.00,187.00,133.00
183.00,43.00,267.00,43.00,267.00,135.00,183.00,135.00
179.00,45.00,262.00,45.00,262.00,137.00,179.00,137.00
175.00,50.00,257.00,50.00,257.00,142.00,175.00,142.00
172.00,51.00,254.00,51.00,254.00,144.00,172.00,144.00
168.00,58.00,248.00,58.00,248.00,152.00,168.00,152.00
163.00,62.00,247.00,62.00,247.00,155.00,163.00,155.00
158.00,69.00,242.00,69.00,242.00,162.00,158.00,162.00
155.00,76.00,240.00,76.00,240.00,166.00,155.00,166.00
154.00,78.00,240.00,78.00,240.00,168.00,154.00,168.00
158.00,78.00,246.00,78.00,246.00,170.00,158.00,170.00
159.00,75.00,244.00,75.00,244.00,169.00,159.00,169.00
165.00,66.00,251.00,66.00,251.00,160.00,165.00,160.00
171.00,57.00,254.00,57.00,254.00,150.00,171.00,150.00
175.00,44.00,258.00,44.00,258.00,136.00,175.00,136.00
182.00,39.00,264.00,39.00,264.00,131.00,182.00,131.00
185.00,29.00,270.00,29.00,270.00,122.00,185.00,122.00
190.00,25.00,273.00,25.00,273.00,120.00,190.00,120.00
191.00,23.00,277.00,23.00,277.00,118.00,191.00,118.00
194.00,19.00,281.00,19.00,281.00,113.00,194.00,113.00
199.00,19.00,286.00,19.00,286.00,112.00,199.00,112.00
203.00,21.00,290.00,21.00,290.00,114.00,203.00,114.00
207.00,17.00,297.00,17.00,297.00,111.00,207.00,111.00
211.00,18.00,303.00,18.00,303.00,112.00,211.00,112.00
213.00,20.00,307.00,20.00,307.00,115.00,213.00,115.00
216.00,24.00,310.00,24.00,310.00,121.00,216.00,121.00
218.00,27.00,313.00,27.00,313.00,120.00,218.00,120.00
221.00,32.00,316.00,32.00,316.00,127.00,221.00,127.00
222.00,39.00,317.00,39.00,317.00,134.00,222.00,134.00
224.00,48.00,319.00,48.00,319.00,145.00,224.00,145.00
228.00,52.00,325.00,52.00,325.00,146.00,228.00,146.00
227.00,61.00,323.00,61.00,323.00,161.00,227.00,161.00
223.00,65.00,319.00,65.00,319.00,169.00,223.00,169.00
214.00,70.00,310.00,70.00,310.00,180.00,214.00,180.00
206.00,69.00,302.00,69.00,302.00,180.00,206.00,180.00
197.00,59.00,296.00,59.00,296.00,168.00,197.00,168.00
195.00,46.00,292.00,46.00,292.00,155.00,195.00,155.00
189.00,36.00,284.00,36.00,284.00,144.00,189.00,144.00
188.00,26.00,279.00,26.00,279.00,131.00,188.00,131.00
184.00,20.00,272.00,20.00,272.00,124.00,184.00,124.00
178.00,13.00,266.00,13.00,266.00,115.00,178.00,115.00
174.00,13.00,260.00,13.00,260.00,114.00,174.00,114.00
169.00,12.00,254.00,12.00,254.00,112.00,169.00,112.00
166.00,21.00,250.00,21.00,250.00,123.00,166.00,123.00
164.00,24.00,251.00,24.00,251.00,120.00,164.00,120.00
164.00,32.00,248.00,32.00,248.00,133.00,164.00,133.00
165.00,38.00,249.00,38.00,249.00,139.00,165.00,139.00
161.00,45.00,245.00,45.00,245.00,141.00,161.00,141.00
154.00,43.00,243.00,43.00,243.00,140.00,154.00,140.00
152.00,42.00,240.00,42.00,240.00,139.00,152.00,139.00
150.00,44.00,236.00,44.00,236.00,143.00,150.00,143.00
149.00,46.00,233.00,46.00,233.00,145.00,149.00,145.00
149.00,52.00,229.00,52.00,229.00,153.00,149.00,153.00
148.00,56.00,227.00,56.00,227.00,160.00,148.00,160.00
146.00,62.00,226.00,62.00,226.00,165.00,146.00,165.00
144.00,68.00,226.00,68.00,226.00,169.00,144.00,169.00
140.00,74.00,224.00,74.00,224.00,173.00,140.00,173.00
141.00,76.00,226.00,76.00,226.00,172.00,141.00,172.00
143.00,71.00,228.00,71.00,228.00,168.00,143.00,168.00
146.00,61.00,230.00,61.00,230.00,157.00,146.00,157.00
151.00,46.00,235.00,46.00,235.00,147.00,151.00,147.00
155.00,34.00,236.00,34.00,236.00,133.00,155.00,133.00
160.00,23.00,241.00,23.00,241.00,123.00,160.00,123.00
164.00,18.00,243.00,18.00,243.00,117.00,164.00,117.00
168.00,15.00,247.00,15.00,247.00,114.00,168.00,114.00
171.00,13.00,249.00,13.00,249.00,110.00,171.00,110.00
173.00,14.00,250.00,14.00,250.00,109.00,173.00,109.00
177.00,12.00,255.00,12.00,255.00,105.00,177.00,105.00
179.00,12.00,256.00,12.00,256.00,105.00,179.00,105.00
182.00,13.00,259.00,13.00,259.00,108.00,182.00,108.00
181.00,13.00,261.00,13.00,261.00,108.00,181.00,108.00
182.00,13.00,265.00,13.00,265.00,109.00,182.00,109.00
184.00,16.00,267.00,16.00,267.00,113.00,184.00,113.00
183.00,19.00,267.00,19.00,267.00,117.00,183.00,117.00
185.00,25.00,266.00,25.00,266.00,120.00,185.00,120.00
185.00,31.00,268.00,31.00,268.00,125.00,185.00,125.00
186.00,36.00,269.00,36.00,269.00,131.00,186.00,131.00
184.00,43.00,268.00,43.00,268.00,137.00,184.00,137.00
184.00,50.00,269.00,50.00,269.00,149.00,184.00,149.00
182.00,54.00,269.00,54.00,269.00,150.00,182.00,150.00
182.00,56.00,269.00,56.00,269.00,152.00,182.00,152.00
182.00,53.00,269.00,53.00,269.00,149.00,182.00,149.00
181.00,54.00,267.00,54.00,267.00,148.00,181.00,148.00
179.00,48.00,266.00,48.00,266.00,144.00,179.00,144.00
177.00,40.00,265.00,40.00,265.00,135.00,177.00,135.00
178.00,33.00,265.00,33.00,265.00,127.00,178.00,127.00
177.00,28.00,265.00,28.00,265.00,122.00,177.00,122.00
177.00,27.00,264.00,27.00,264.00,122.00,177.00,122.00
175.00,26.00,264.00,26.00,264.00,122.00,175.00,122.00
174.00,24.00,261.00,24.00,261.00,118.00,174.00,118.00
173.00,24.00,261.00,24.00,261.00,120.00,173.00,120.00
174.00,26.00,260.00,26.00,260.00,120.00,174.00,120.00
175.00,27.00,261.00,27.00,261.00,120.00,175.00,120.00
172.00,27.00,259.00,27.00,259.00,119.00,172.00,119.00
170.00,26.00,257.00,26.00,257.00,117.00,170.00,117.00
170.00,28.00,257.00,28.00,257.00,119.00,170.00,119.00
170.00,30.00,258.00,30.00,258.00,122.00,170.00,122.00
169.00,31.00,258.00,31.00,258.00,122.00,169.00,122.00
165.00,35.00,254.00,35.00,254.00,125.00,165.00,125.00
165.00,41.00,253.00,41.00,253.00,131.00,165.00,131.00
164.00,46.00,250.00,46.00,250.00,137.00,164.00,137.00
158.00,57.00,243.00,57.00,243.00,147.00,158.00,147.00
156.00,66.00,239.00,66.00,239.00,158.00,156.00,158.00
151.00,72.00,234.00,72.00,234.00,165.00,151.00,165.00
149.00,79.00,229.00,79.00,229.00,170.00,149.00,170.00
147.00,86.00,228.00,86.00,228.00,178.00,147.00,178.00
140.00,93.00,221.00,93.00,221.00,184.00,140.00,184.00
137.00,97.00,221.00,97.00,221.00,190.00,137.00,190.00
133.00,99.00,217.00,99.00,217.00,191.00,133.00,191.00
