1
232.00,140.00,286.00,140.00,286.00,207.00,232.00,207.00
230.00,141.00,287.00,141.00,287.00,210.00,230.00,210.00
230.00,143.00,286.00,143.00,286.00,211.00,230.00,211.00
230.00,144.00,284.00,144.00,284.00,213.00,230.00,213.00
228.00,144.00,282.00,144.00,282.00,210.00,228.00,210.00
225.00,143.00,278.00,143.00,278.00,209.00,225.00,209.00
226.00,140.00,276.00,140.00,276.00,204.00,226.00,204.00
222.00,135.00,274.00,135.00,274.00,203.00,222.00,203.00
225.00,135.00,276.00,135.00,276.00,198.00,225.00,198.00
225.00,128.00,273.00,128.00,273.00,191.00,225.00,191.00
217.00,119.00,267.00,119.00,267.00,182.00,217.00,182.00
204.00,97.00,258.00,97.00,258.00,164.00,204.00,164.00
197.00,94.00,250.00,94.00,250.00,158.00,197.00,158.00
196.00,91.00,247.00,91.00,247.00,153.00,196.00,153.00
195.00,88.00,246.00,88.00,246.00,150.00,195.00,150.00
196.00,87.00,250.00,87.00,250.00,151.00,196.00,151.00
196.00,86.00,250.00,86.00,250.00,151.00,196.00,151.00
196.00,88.00,251.00,88.00,251.00,154.00,196.00,154.00
197.00,87.00,252.00,87.00,252.00,152.00,197.00,152.00
196.00,90.00,250.00,90.00,250.00,155.00,196.00,155.00
195.00,89.00,250.00,89.00,250.00,155.00,195.00,155.00
196.00,91.00,252.00,91.00,252.00,159.00,196.00,159.00
196.00,93.00,253.00,93.00,253.00,162.00,196.00,162.00
196.00,95.00,254.00,95.00,254.00,164.00,196.00,164.00
197.00,96.00,256.00,96.00,256.00,167.00,197.00,167.00
199.00,100.00,258.00,100.00,258.00,171.00,199.00,171.00
200.00,102.00,260.00,102.00,260.00,175.00,200.00,175.00
202.00,105.00,262.00,105.00,262.00,177.00,202.00,177.00
203.00,105.00,263.00,105.00,263.00,177.00,203.00,177.00
203.00,103.00,264.00,103.00,264.00,176.00,203.00,176.00
205.00,100.00,266.00,100.00,266.00,173.00,205.00,173.00
207.00,94.00,267.00,94.00,267.00,167.00,207.00,167.00
208.00,88.00,268.00,88.00,268.00,162.00,208.00,162.00
209.00,83.00,269.00,83.00,269.00,156.00,209.00,156.00
210.00,77.00,269.00,77.00,269.00,152.00,210.00,152.00
212.00,75.00,270.00,75.00,270.00,148.00,212.00,148.00
215.00,73.00,272.00,73.00,272.00,145.00,215.00,145.00
218.00,72.00,274.00,72.00,274.00,142.00,218.00,142.00
219.00,73.00,274.00,73.00,274.00,145.00,219.00,145.00
219.00,73.00,273.00,73.00,273.00,145.00,219.00,145.00
221.00,76.00,276.00,76.00,276.00,149.00,221.00,149.00
222.00,79.00,276.00,79.00,276.00,152.00,222.00,152.00
222.00,83.00,277.00,83.00,277.00,155.00,222.00,155.00
221.00,88.00,278.00,88.00,278.00,162.00,221.00,162.00
221.00,91.00,278.00,91.00,278.00,166.00,221.00,166.00
222.00,97.00,280.00,97.00,280.00,173.00,222.00,173.00
222.00,103.00,281.00,103.00,281.00,178.00,222.00,178.00
223.00,110.00,282.00,110.00,282.00,185.00,223.00,185.00
224.00,112.00,285.00,112.00,285.00,187.00,224.00,187.00
224.00,116.00,286.00,116.00,286.00,193.00,224.00,193.00
226.00,119.00,292.00,119.00,292.00,198.00,226.00,198.00
228.00,119.00,293.00,119.00,293.00,196.00,228.00,196.00
232.00,115.00,297.00,115.00,297.00,195.00,232.00,195.00
234.00,109.00,300.00,109.00,300.00,191.00,234.00,191.00
236.00,100.00,302.00,100.00,302.00,181.00,236.00,181.00
240.00,93.00,304.00,93.00,304.00,172.00,240.00,172.00
241.00,88.00,302.00,88.00,302.00,165.00,241.00,165.00
242.00,85.00,301.00,85.00,301.00,160.00,242.00,160.00
240.00,79.00,301.00,79.00,301.00,164.00,240.00,164.00
242.00,80.00,303.00,80.00,303.00,164.00,242.00,164.00
233.00,95.00,293.00,95.00,293.00,178.00,233.00,178.00
238.00,101.00,299.00,101.00,299.00,185.00,238.00,185.00
237.00,104.00,298.00,104.00,298.00,188.00,237.00,188.00
239.00,99.00,301.00,99.00,301.00,184.00,239.00,184.00
244.00,103.00,310.00,103.00,310.00,183.00,244.00,183.00
243.00,102.00,309.00,102.00,309.00,182.00,243.00,182.00
244.00,99.00,307.00,99.00,307.00,178.00,244.00,178.00
246.00,98.00,309.00,98.00,309.00,176.00,246.00,176.00
247.00,97.00,309.00,97.00,309.00,176.00,247.00,176.00
248.00,98.00,309.00,98.00,309.00,174.00,248.00,174.00
249.00,100.00,311.00,100.00,311.00,177.00,249.00,177.00
250.00,103.00,312.00,103.00,312.00,183.00,250.00,183.00
249.00,107.00,313.00,107.00,313.00,187.00,249.00,187.00
248.00,112.00,316.00,112.00,316.00,191.00,248.00,191.00
248.00,112.00,317.00,112.00,317.00,192.00,248.00,192.00
249.00,110.00,316.00,110.00,316.00,189.00,249.00,189.00
250.00,106.00,317.00,106.00,317.00,185.00,250.00,185.00
251.00,100.00,317.00,100.00,317.00,178.00,251.00,178.00
253.00,91.00,317.00,91.00,317.00,171.00,253.00,171.00
254.00,81.00,316.00,81.00,316.00,163.00,254.00,163.00
257.00,70.00,317.00,70.00,317.00,150.00,257.00,150.00
258.00,61.00,318.00,61.00,318.00,140.00,258.00,140.00
259.00,59.00,318.00,59.00,318.00,135.00,259.00,135.00
259.00,61.00,318.00,61.00,318.00,138.00,259.00,138.00
259.00,61.00,317.00,61.00,317.00,138.00,259.00,138.00
259.00,60.00,319.00,60.00,319.00,137.00,259.00,137.00
259.00,64.00,320.00,64.00,320.00,140.00,259.00,140.00
261.00,63.00,321.00,63.00,321.00,141.00,261.00,141.00
261.00,67.00,321.00,67.00,321.00,144.00,261.00,144.00
261.00,70.00,320.00,70.00,320.00,147.00,261.00,147.00
264.00,68.00,323.00,68.00,323.00,144.00,264.00,144.00
264.00,70.00,323.00,70.00,323.00,147.00,264.00,147.00
265.00,70.00,325.00,70.00,325.00,147.00,265.00,147.00
265.00,76.00,324.00,76.00,324.00,152.00,265.00,152.00
264.00,78.00,324.00,78.00,324.00,154.00,264.00,154.00
262.00,82.00,322.00,82.00,322.00,160.00,262.00,160.00
257.00,88.00,321.00,88.00,321.00,167.00,257.00,167.00
254.00,95.00,320.00,95.00,320.00,175.00,254.00,175.00
247.00,95.00,315.00,95.00,315.00,174.00,247.00,174.00
242.00,90.00,310.00,90.00,310.00,168.00,242.00,168.00
237.00,86.00,305.00,86.00,305.00,168.00,237.00,168.00
236.00,75.00,300.00,75.00,300.00,156.00,236.00,156.00
239.00,66.00,304.00,66.00,304.00,149.00,239.00,149.00
243.00,59.00,305.00,59.00,305.00,143.00,243.00,143.00
246.00,51.00,310.00,51.00,310.00,130.00,246.00,130.00
247.00,51.00,309.00,51.00,309.00,128.00,247.00,128.00
249.00,56.00,311.00,56.00,311.00,134.00,249.00,134.00
251.00,68.00,314.00,68.00,314.00,148.00,251.00,148.00
254.00,75.00,317.00,75.00,317.00,153.00,254.00,153.00
257.00,78.00,322.00,78.00,322.00,157.00,257.00,157.00
259.00,83.00,323.00,83.00,323.00,163.00,259.00,163.00
256.00,86.00,320.00,86.00,320.00,164.00,256.00,164.00
256.00,87.00,321.00,87.00,321.00,171.00,256.00,171.00
255.00,88.00,322.00,88.00,322.00,172.00,255.00,172.00
252.00,88.00,320.00,88.00,320.00,172.00,252.00,172.00
251.00,87.00,319.00,87.00,319.00,177.00,251.00,177.00
250.00,85.00,319.00,85.00,319.00,178.00,250.00,178.00
246.00,79.00,317.00,79.00,317.00,173.00,246.00,173.00
244.00,78.00,314.00,78.00,314.00,170.00,244.00,170.00
241.00,81.00,314.00,81.00,314.00,171.00,241.00,171.00
239.00,85.00,311.00,85.00,311.00,177.00,239.00,177.00
235.00,90.00,308.00,90.00,308.00,182.00,235.00,182.00
234.00,91.00,308.00,91.00,308.00,182.00,234.00,182.00
237.00,87.00,312.00,87.00,312.00,181.00,237.00,181.00
240.00,80.00,312.00,80.00,312.00,175.00,240.00,175.00
243.00,70.00,315.00,70.00,315.00,166.00,243.00,166.00
250.00,62.00,319.00,62.00,319.00,155.00,250.00,155.00
252.00,60.00,322.00,60.00,322.00,151.00,252.00,151.00
257.00,54.00,324.00,54.00,324.00,142.00,257.00,142.00
257.00,59.00,326.00,59.00,326.00,147.00,257.00,147.00
260.00,66.00,330.00,66.00,330.00,151.00,260.00,151.00
268.00,80.00,337.00,80.00,337.00,169.00,268.00,169.00
268.00,90.00,335.00,90.00,335.00,175.00,268.00,175.00
270.00,93.00,340.00,93.00,340.00,176.00,270.00,176.00
271.00,95.00,339.00,95.00,339.00,182.00,271.00,182.00
272.00,95.00,342.00,95.00,342.00,184.00,272.00,184.00
269.00,97.00,339.00,97.00,339.00,188.00,269.00,188.00
269.00,99.00,339.00,99.00,339.00,188.00,269.00,188.00
265.00,96.00,336.00,96.00,336.00,185.00,265.00,185.00
260.00,94.00,331.00,94.00,331.00,184.00,260.00,184.00
257.00,95.00,329.00,95.00,329.00,185.00,257.00,185.00
254.00,96.00,326.00,96.00,326.00,187.00,254.00,187.00
253.00,98.00,327.00,98.00,327.00,189.00,253.00,189.00
245.00,100.00,321.00,100.00,321.00,189.00,245.00,189.00
235.00,103.00,311.00,103.00,311.00,195.00,235.00,195.00
233.00,105.00,312.00,105.00,312.00,197.00,233.00,197.00
228.00,101.00,305.00,101.00,305.00,193.00,228.00,193.00
230.00,93.00,306.00,93.00,306.00,187.00,230.00,187.00
235.00,85.00,309.00,85.00,309.00,183.00,235.00,183.00
241.00,75.00,312.00,75.00,312.00,173.00,241.00,173.00
243.00,67.00,316.00,67.00,316.00,165.00,243.00,165.00
247.00,61.00,316.00,61.00,316.00,157.00,247.00,157.00
248.00,57.00,319.00,57.00,319.00,149.00,248.00,149.00
255.00,66.00,323.00,66.00,323.00,152.00,255.00,152.00
256.00,75.00,325.00,75.00,325.00,159.00,256.00,159.00
259.00,83.00,327.00,83.00,327.00,165.00,259.00,165.00
257.00,88.00,326.00,88.00,326.00,170.00,257.00,170.00
256.00,96.00,325.00,96.00,325.00,178.00,256.00,178.00
254.00,102.00,325.00,102.00,325.00,185.00,254.00,185.00
252.00,105.00,324.00,105.00,324.00,187.00,252.00,187.00
249.00,104.00,320.00,104.00,320.00,183.00,249.00,183.00
247.00,102.00,317.00,102.00,317.00,181.00,247.00,181.00
243.00,96.00,317.00,96.00,317.00,179.00,243.00,179.00
240.00,94.00,313.00,94.00,313.00,181.00,240.00,181.00
237.00,90.00,309.00,90.00,309.00,178.00,237.00,178.00
235.00,85.00,304.00,85.00,304.00,174.00,235.00,174.00
231.00,86.00,303.00,86.00,303.00,177.00,231.00,177.00
225.00,89.00,299.00,89.00,299.00,180.00,225.00,180.00
219.00,97.00,300.00,97.00,300.00,187.00,219.00,187.00
218.00,99.00,297.00,99.00,297.00,189.00,218.00,189.00
220.00,95.00,298.00,95.00,298.00,185.00,220.00,185.00
220.00,88.00,297.00,88.00,297.00,179.00,220.00,179.00
225.00,82.00,297.00,82.00,297.00,175.00,225.00,175.00
227.00,75.00,298.00,75.00,298.00,168.00,227.00,168.00
230.00,69.00,299.00,69.00,299.00,159.00,230.00,159.00
235.00,62.00,302.00,62.00,302.00,153.00,235.00,153.00
239.00,60.00,306.00,60.00,306.00,146.00,239.00,146.00
243.00,68.00,308.00,68.00,308.00,150.00,243.00,150.00
243.00,74.00,311.00,74.00,311.00,157.00,243.00,157.00
245.00,80.00,313.00,80.00,313.00,163.00,245.00,163.00
244.00,85.00,311.00,85.00,311.00,168.00,244.00,168.00
245.00,89.00,310.00,89.00,310.00,167.00,245.00,167.00
245.00,93.00,310.00,93.00,310.00,171.00,245.00,171.00
245.00,96.00,310.00,96.00,310.00,176.00,245.00,176.00
242.00,94.00,310.00,94.00,310.00,175.00,242.00,175.00
241.00,94.00,308.00,94.00,308.00,176.00,241.00,176.00
238.00,92.00,307.00,92.00,307.00,176.00,238.00,176.00
236.00,94.00,305.00,94.00,305.00,179.00,236.00,179.00
233.00,96.00,304.00,96.00,304.00,183.00,233.00,183.00
231.00,96.00,304.00,96.00,304.00,184.00,231.00,184.00
225.00,97.00,301.00,97.00,301.00,186.00,225.00,186.00
222.00,99.00,301.00,99.00,301.00,188.00,222.00,188.00
218.00,99.00,299.00,99.00,299.00,186.00,218.00,186.00
215.00,98.00,295.00,98.00,295.00,185.00,215.00,185.00
216.00,95.00,294.00,95.00,294.00,185.00,216.00,185.00
216.00,87.00,291.00,87.00,291.00,179.00,216.00,179.00
216.00,79.00,290.00,79.00,290.00,172.00,216.00,172.00
216.00,70.00,288.00,70.00,288.00,161.00,216.00,161.00
217.00,62.00,288.00,62.00,288.00,150.00,217.00,150.00
217.00,53.00,284.00,53.00,284.00,138.00,217.00,138.00
216.00,49.00,283.00,49.00,283.00,134.00,216.00,134.00
215.00,47.00,280.00,47.00,280.00,131.00,215.00,131.00
215.00,45.00,280.00,45.00,280.00,129.00,215.00,129.00
215.00,47.00,279.00,47.00,279.00,132.00,215.00,132.00
214.00,50.00,277.00,50.00,277.00,135.00,214.00,135.00
216.00,52.00,279.00,52.00,279.00,135.00,216.00,135.00
215.00,56.00,279.00,56.00,279.00,137.00,215.00,137.00
215.00,61.00,279.00,61.00,279.00,144.00,215.00,144.00
215.00,66.00,278.00,66.00,278.00,151.00,215.00,151.00
214.00,71.00,279.00,71.00,279.00,156.00,214.00,156.00
214.00,77.00,278.00,77.00,278.00,161.00,214.00,161.00
215.00,83.00,279.00,83.00,279.00,166.00,215.00,166.00
217.00,88.00,280.00,88.00,280.00,171.00,217.00,171.00
218.00,92.00,282.00,92.00,282.00,177.00,218.00,177.00
217.00,97.00,283.00,97.00,283.00,180.00,217.00,180.00
221.00,101.00,287.00,101.00,287.00,183.00,221.00,183.00
221.00,105.00,287.00,105.00,287.00,187.00,221.00,187.00
222.00,104.00,289.00,104.00,289.00,184.00,222.00,184.00
228.00,100.00,292.00,100.00,292.00,180.00,228.00,180.00
228.00,95.00,294.00,95.00,294.00,176.00,228.00,176.00
229.00,88.00,295.00,88.00,295.00,168.00,229.00,168.00
231.00,81.00,299.00,81.00,299.00,162.00,231.00,162.00
232.00,75.00,299.00,75.00,299.00,155.00,232.00,155.00
230.00,69.00,297.00,69.00,297.00,151.00,230.00,151.00
233.00,62.00,301.00,62.00,301.00,142.00,233.00,142.00
233.00,54.00,300.00,54.00,300.00,138.00,233.00,138.00
235.00,47.00,303.00,47.00,303.00,133.00,235.00,133.00
235.00,39.00,304.00,39.00,304.00,127.00,235.00,127.00
238.00,34.00,308.00,34.00,308.00,121.00,238.00,121.00
242.00,29.00,313.00,29.00,313.00,112.00,242.00,112.00
241.00,26.00,313.00,26.00,313.00,108.00,241.00,108.00
244.00,26.00,317.00,26.00,317.00,110.00,244.00,110.00
246.00,26.00,319.00,26.00,319.00,107.00,246.00,107.00
247.00,28.00,320.00,28.00,320.00,110.00,247.00,110.00
248.00,28.00,323.00,28.00,323.00,111.00,248.00,111.00
249.00,30.00,324.00,30.00,324.00,113.00,249.00,113.00
251.00,33.00,328.00,33.00,328.00,117.00,251.00,117.00
251.00,38.00,331.00,38.00,331.00,125.00,251.00,125.00
250.00,44.00,333.00,44.00,333.00,129.00,250.00,129.00
247.00,52.00,331.00,52.00,331.00,142.00,247.00,142.00
244.00,57.00,331.00,57.00,331.00,152.00,244.00,152.00
242.00,59.00,328.00,59.00,328.00,154.00,242.00,154.00
235.00,56.00,325.00,56.00,325.00,152.00,235.00,152.00
230.00,51.00,321.00,51.00,321.00,148.00,230.00,148.00
223.00,46.00,315.00,46.00,315.00,145.00,223.00,145.00
217.00,40.00,309.00,40.00,309.00,139.00,217.00,139.00
214.00,37.00,304.00,37.00,304.00,135.00,214.00,135.00
208.00,32.00,297.00,32.00,297.00,128.00,208.00,128.00
204.00,31.00,293.00,31.00,293.00,126.00,204.00,126.00
202.00,29.00,289.00,29.00,289.00,126.00,202.00,126.00
200.00,30.00,285.00,30.00,285.00,126.00,200.00,126.00
197.00,33.00,281.00,33.00,281.00,129.00,197.00,129.00
196.00,34.00,279.00,34.00,279.00,127.00,196.00,127.00
194.00,35.00,277.00,35.00,277.00,127.00,194.00,127.00
191.00,38.00,271.00,38.00,271.00,129.00,191.00,129.00
187.00,41.00,268.00,41.00,268.00,135.00,187.00,135.00
182.00,44.00,264.00,44.00,264.00,137.00,182.00,137.00
178.00,48.00,259.00,48.00,259.00,142.00,178.00,142.00
175.00,50.00,256.00,50.00,256.00,144.00,175.00,144.00
172.00,54.00,252.00,54.00,252.00,149.00,172.00,149.00
168.00,57.00,248.00,57.00,248.00,152.00,168.00,152.00
161.00,63.00,243.00,63.00,243.00,162.00,161.00,162.00
157.00,67.00,242.00,67.00,242.00,168.00,157.00,168.00
155.00,74.00,241.00,74.00,241.00,174.00,155.00,174.00
152.00,77.00,241.00,77.00,241.00,175.00,152.00,175.00
153.00,76.00,244.00,76.00,244.00,176.00,153.00,176.00
158.00,70.00,249.00,70.00,249.00,171.00,158.00,171.00
163.00,64.00,250.00,64.00,250.00,169.00,163.00,169.00
169.00,54.00,255.00,54.00,255.00,157.00,169.00,157.00
173.00,43.00,258.00,43.00,258.00,145.00,173.00,145.00
179.00,34.00,264.00,34.00,264.00,136.00,179.00,136.00
181.00,27.00,268.00,27.00,268.00,127.00,181.00,127.00
186.00,24.00,271.00,24.00,271.00,127.00,186.00,127.00
190.00,22.00,275.00,22.00,275.00,122.00,190.00,122.00
191.00,21.00,278.00,21.00,278.00,125.00,191.00,125.00
196.00,18.00,284.00,18.00,284.00,122.00,196.00,122.00
199.00,16.00,289.00,16.00,289.00,124.00,199.00,124.00
204.00,15.00,294.00,15.00,294.00,124.00,204.00,124.00
208.00,16.00,299.00,16.00,299.00,122.00,208.00,122.00
211.00,19.00,302.00,19.00,302.00,127.00,211.00,127.00
215.00,23.00,306.00,23.00,306.00,131.00,215.00,131.00
216.00,27.00,307.00,27.00,307.00,134.00,216.00,134.00
221.00,32.00,311.00,32.00,311.00,138.00,221.00,138.00
224.00,37.00,313.00,37.00,313.00,144.00,224.00,144.00
225.00,45.00,315.00,45.00,315.00,151.00,225.00,151.00
224.00,53.00,316.00,53.00,316.00,158.00,224.00,158.00
223.00,62.00,317.00,62.00,317.00,169.00,223.00,169.00
219.00,68.00,314.00,68.00,314.00,177.00,219.00,177.00
212.00,73.00,307.00,73.00,307.00,184.00,212.00,184.00
204.00,71.00,300.00,71.00,300.00,183.00,204.00,183.00
197.00,60.00,294.00,60.00,294.00,170.00,197.00,170.00
193.00,47.00,289.00,47.00,289.00,157.00,193.00,157.00
190.00,37.00,285.00,37.00,285.00,146.00,190.00,146.00
187.00,27.00,279.00,27.00,279.00,135.00,187.00,135.00
182.00,21.00,271.00,21.00,271.00,126.00,182.00,126.00
181.00,15.00,267.00,15.00,267.00,122.00,181.00,122.00
174.00,12.00,260.00,12.00,260.00,121.00,174.00,121.00
173.00,14.00,255.00,14.00,255.00,122.00,173.00,122.00
164.00,16.00,249.00,16.00,249.00,127.00,164.00,127.00
165.00,20.00,250.00,20.00,250.00,130.00,165.00,130.00
165.00,34.00,247.00,34.00,247.00,138.00,165.00,138.00
162.00,41.00,246.00,41.00,246.00,145.00,162.00,145.00
163.00,47.00,245.00,47.00,245.00,150.00,163.00,150.00
157.00,44.00,241.00,44.00,241.00,148.00,157.00,148.00
152.00,41.00,237.00,41.00,237.00,145.00,152.00,145.00
150.00,45.00,234.00,45.00,234.00,149.00,150.00,149.00
151.00,49.00,231.00,49.00,231.00,150.00,151.00,150.00
150.00,54.00,226.00,54.00,226.00,156.00,150.00,156.00
148.00,60.00,224.00,60.00,224.00,162.00,148.00,162.00
147.00,66.00,224.00,66.00,224.00,164.00,147.00,164.00
145.00,70.00,223.00,70.00,223.00,170.00,145.00,170.00
142.00,74.00,223.00,74.00,223.00,173.00,142.00,173.00
142.00,75.00,225.00,75.00,225.00,173.00,142.00,173.00
144.00,70.00,226.00,70.00,226.00,169.00,144.00,169.00
148.00,60.00,230.00,60.00,230.00,160.00,148.00,160.00
151.00,47.00,232.00,47.00,232.00,149.00,151.00,149.00
156.00,33.00,235.00,33.00,235.00,138.00,156.00,138.00
162.00,24.00,237.00,24.00,237.00,125.00,162.00,125.00
163.00,20.00,240.00,20.00,240.00,122.00,163.00,122.00
167.00,16.00,243.00,16.00,243.00,115.00,167.00,115.00
171.00,15.00,248.00,15.00,248.00,115.00,171.00,115.00
173.00,14.00,250.00,14.00,250.00,115.00,173.00,115.00
176.00,14.00,252.00,14.00,252.00,112.00,176.00,112.00
179.00,13.00,255.00,13.00,255.00,111.00,179.00,111.00
181.00,12.00,258.00,12.00,258.00,109.00,181.00,109.00
181.00,13.00,260.00,13.00,260.00,114.00,181.00,114.00
184.00,13.00,264.00,13.00,264.00,113.00,184.00,113.00
185.00,14.00,264.00,14.00,264.00,115.00,185.00,115.00
186.00,19.00,265.00,19.00,265.00,122.00,186.00,122.00
186.00,23.00,263.00,23.00,263.00,125.00,186.00,125.00
187.00,28.00,265.00,28.00,265.00,128.00,187.00,128.00
186.00,34.00,266.00,34.00,266.00,137.00,186.00,137.00
186.00,39.00,266.00,39.00,266.00,142.00,186.00,142.00
184.00,45.00,266.00,45.00,266.00,148.00,184.00,148.00
184.00,51.00,269.00,51.00,269.00,157.00,184.00,157.00
183.00,53.00,268.00,53.00,268.00,157.00,183.00,157.00
181.00,52.00,267.00,52.00,267.00,156.00,181.00,156.00
180.00,49.00,265.00,49.00,265.00,153.00,180.00,153.00
179.00,45.00,263.00,45.00,263.00,149.00,179.00,149.00
179.00,40.00,264.00,40.00,264.00,145.00,179.00,145.00
179.00,32.00,263.00,32.00,263.00,135.00,179.00,135.00
178.00,28.00,263.00,28.00,263.00,132.00,178.00,132.00
178.00,25.00,263.00,25.00,263.00,130.00,178.00,130.00
178.00,26.00,263.00,26.00,263.00,128.00,178.00,128.00
176.00,24.00,259.00,24.00,259.00,124.00,176.00,124.00
177.00,24.00,260.00,24.00,260.00,124.00,177.00,124.00
176.00,24.00,257.00,24.00,257.00,122.00,176.00,122.00
175.00,26.00,256.00,26.00,256.00,123.00,175.00,123.00
176.00,28.00,256.00,28.00,256.00,121.00,176.00,121.00
174.00,27.00,254.00,27.00,254.00,119.00,174.00,119.00
174.00,29.00,255.00,29.00,255.00,122.00,174.00,122.00
173.00,30.00,254.00,30.00,254.00,123.00,173.00,123.00
171.00,32.00,251.00,32.00,251.00,124.00,171.00,124.00
169.00,37.00,249.00,37.00,249.00,129.00,169.00,129.00
166.00,42.00,245.00,42.00,245.00,133.00,166.00,133.00
164.00,49.00,243.00,49.00,243.00,143.00,164.00,143.00
161.00,60.00,239.00,60.00,239.00,150.00,161.00,150.00
158.00,67.00,233.00,67.00,233.00,157.00,158.00,157.00
155.00,72.00,230.00,72.00,230.00,166.00,155.00,166.00
150.00,81.00,225.00,81.00,225.00,172.00,150.00,172.00
146.00,89.00,220.00,89.00,220.00,178.00,146.00,178.00
142.00,95.00,217.00,95.00,217.00,183.00,142.00,183.00
140.00,100.00,215.00,100.00,215.00,189.00,140.00,189.00
136.00,103.00,212.00,103.00,212.00,191.00,136.00,191.00
