78.20635986328125,34.77285385131836,169.96067810058594,128.42884826660156
75.73310852050781,35.588626861572266,165.82510375976562,125.56753540039062
78.43900299072266,32.84424591064453,147.9290771484375,115.73431396484375
78.89152526855469,31.744436264038086,148.236328125,113.48711395263672
81.50377655029297,28.677183151245117,145.53497314453125,108.37523651123047
86.25518798828125,28.63302230834961,152.8939971923828,105.64830780029297
85.97306823730469,27.73625946044922,153.63720703125,106.1921157836914
82.47325897216797,25.015804290771484,142.45309448242188,107.99980926513672
85.51275634765625,23.876327514648438,154.8843994140625,105.44341278076172
86.40343475341797,23.380271911621094,153.77145385742188,103.47801208496094
79.55316162109375,21.14464569091797,144.7738494873047,108.15430450439453
84.9378433227539,18.651758193969727,155.16281127929688,107.5997543334961
75.90650177001953,17.38996696472168,147.34593200683594,111.86407470703125
73.97526550292969,15.486380577087402,148.5369873046875,115.1622085571289
73.76834106445312,16.217531204223633,159.71908569335938,105.08395385742188
73.48636627197266,14.097626686096191,149.20291137695312,111.04139709472656
73.15323638916016,11.21759033203125,148.9771728515625,112.1119155883789
74.41770935058594,8.466180801391602,149.04721069335938,110.55742645263672
74.07955932617188,4.70375394821167,146.26393127441406,94.66767883300781
71.62730407714844,1.9707412719726562,148.76760864257812,95.76275634765625
71.20325469970703,1.6241728067398071,148.76388549804688,95.54652404785156
71.69019317626953,1.600752830505371,149.54611206054688,90.510009765625
70.29358673095703,1.0706123113632202,148.6269073486328,90.37393188476562
70.24752807617188,1.7864482402801514,147.238525390625,88.32980346679688
70.47657775878906,1.5613367557525635,146.4666748046875,87.15962219238281
74.5076675415039,0.4759879410266876,143.84820556640625,63.66053009033203
75.08793640136719,0.0,144.0253448486328,63.11532974243164
76.26329803466797,0.0,143.9908447265625,62.331634521484375
76.77831268310547,0.0,140.9733123779297,59.36296463012695
118.53132629394531,32.117862701416016,194.09259033203125,125.13080596923828
120.01268005371094,26.630216598510742,197.56362915039062,133.9697265625
121.85570526123047,22.428802490234375,196.93702697753906,136.5579833984375
122.89852142333984,19.439661026000977,198.87367248535156,137.97357177734375
123.24861145019531,16.8496150970459,201.28465270996094,137.04991149902344
112.76229858398438,17.46223258972168,204.44212341308594,107.56035614013672
114.34175109863281,14.768904685974121,206.49246215820312,107.36679077148438
111.64363098144531,14.738433837890625,210.2644805908203,147.2269287109375
129.5978546142578,8.862409591674805,212.73892211914062,145.66680908203125
129.8018035888672,3.2714486122131348,212.06861877441406,151.7466278076172
129.0945587158203,4.718886852264404,213.4639434814453,149.66090393066406
131.00830078125,5.21406364440918,213.63912963867188,149.6912841796875
131.77740478515625,7.040736198425293,215.02647399902344,148.9735565185547
132.68841552734375,4.890138626098633,213.34861755371094,150.67840576171875
133.85433959960938,2.9243175983428955,215.24081420898438,152.196533203125
136.62953186035156,0.9588687419891357,216.1685028076172,154.24647521972656
138.59291076660156,0.784915030002594,217.516357421875,155.81959533691406
137.97549438476562,0.0,220.53707885742188,155.73004150390625
138.75210571289062,0.18966469168663025,221.4184112548828,155.62295532226562
141.15306091308594,4.0130414962768555,217.27015686035156,151.80099487304688
152.27255249023438,7.114346981048584,222.40162658691406,183.29681396484375
141.97640991210938,3.3600573539733887,229.745361328125,234.75794982910156
158.13314819335938,10.234905242919922,225.31036376953125,240.0
146.12933349609375,7.414012432098389,229.82945251464844,237.72637939453125
148.9601593017578,11.976700782775879,232.2706756591797,238.66555786132812
157.6283721923828,18.228971481323242,233.48995971679688,237.7147216796875
157.2278289794922,23.34725570678711,234.5369415283203,234.61181640625
157.65838623046875,28.91303825378418,235.19219970703125,231.10044860839844
161.91064453125,41.14591598510742,242.67501831054688,222.59561157226562
161.23464965820312,42.0797004699707,244.27883911132812,222.5515594482422
155.8299560546875,45.340484619140625,251.11660766601562,240.0
162.31678771972656,54.43832015991211,247.17469787597656,236.94139099121094
165.4613494873047,58.183349609375,248.47198486328125,235.95103454589844
166.33447265625,60.698482513427734,249.9454803466797,235.01773071289062
167.46722412109375,60.740379333496094,250.5249786376953,236.35699462890625
166.13682556152344,59.3181037902832,250.82579040527344,235.86831665039062
166.88865661621094,56.10519027709961,248.40573120117188,235.040283203125
166.80955505371094,54.60237121582031,248.5231170654297,238.06715393066406
160.69158935546875,53.87586212158203,255.7904510498047,235.44664001464844
163.84803771972656,53.209678649902344,258.0102233886719,235.79415893554688
164.01414489746094,50.11927032470703,257.00091552734375,237.69241333007812
170.9381561279297,58.157474517822266,252.61334228515625,233.29641723632812
170.72836303710938,53.25945281982422,254.48568725585938,237.30564880371094
162.22608947753906,48.38960266113281,255.24453735351562,239.3078155517578
166.64036560058594,50.89195251464844,250.79254150390625,240.0
159.9720458984375,50.300209045410156,249.70587158203125,237.7547149658203
157.5039520263672,52.32062911987305,250.84768676757812,236.6749267578125
154.80276489257812,49.059051513671875,252.77178955078125,236.83766174316406
153.9478302001953,52.21794891357422,252.25491333007812,236.08058166503906
129.1448516845703,56.337852478027344,251.3313751220703,232.0546112060547
128.47451782226562,54.26359176635742,252.16676330566406,231.67572021484375
126.92848205566406,56.84009552001953,252.80072021484375,232.22410583496094
128.70387268066406,57.56395721435547,249.11509704589844,235.89382934570312
126.05982971191406,64.50077819824219,250.8358917236328,236.64402770996094
120.11820220947266,65.59916687011719,254.7066192626953,236.6120147705078
117.86502075195312,61.17082595825195,258.3207702636719,238.01394653320312
121.0015869140625,63.23115921020508,254.5468292236328,239.34837341308594
139.16307067871094,70.7289810180664,271.2245788574219,240.0
140.23838806152344,73.01620483398438,271.1106262207031,238.35121154785156
138.9444580078125,73.74346160888672,272.52667236328125,239.47393798828125
139.33135986328125,72.34051513671875,274.6692810058594,237.73867797851562
141.66879272460938,74.78143310546875,277.0840759277344,237.59536743164062
155.97360229492188,80.55047607421875,270.83233642578125,240.0
135.17892456054688,76.86804962158203,281.0722961425781,237.18870544433594
138.7573699951172,76.07707977294922,280.00482177734375,239.0570068359375
138.216796875,72.04312133789062,279.7914123535156,238.27194213867188
142.00462341308594,68.48279571533203,280.70050048828125,237.1219024658203
139.81309509277344,67.26268005371094,277.7037658691406,236.23594665527344
116.38740539550781,62.96466827392578,261.1974792480469,235.21142578125
120.09745788574219,60.8102912902832,259.6361083984375,234.562255859375
128.07720947265625,63.09617233276367,254.61480712890625,236.28904724121094
125.84317016601562,58.90510177612305,251.68601989746094,236.99551391601562
127.69075775146484,58.867835998535156,251.403564453125,239.47694396972656
129.8417510986328,63.332035064697266,249.07431030273438,240.0
125.77812194824219,59.18972396850586,245.0288543701172,240.0
130.71337890625,62.970436096191406,245.2012939453125,239.44989013671875
125.49884033203125,59.58028793334961,244.3042449951172,240.0
122.6489028930664,53.82286071777344,245.3899688720703,240.0
124.61126708984375,54.58760452270508,249.37217712402344,240.0
121.87105560302734,54.151371002197266,249.49461364746094,239.3349151611328
116.0339126586914,54.9855842590332,250.61355590820312,239.64291381835938
129.45314025878906,55.40134048461914,247.8853302001953,238.37319946289062
126.14887237548828,57.813114166259766,248.17654418945312,238.7617950439453
128.19271850585938,56.490318298339844,246.16253662109375,239.6951446533203
128.31845092773438,58.992366790771484,248.83360290527344,237.79197692871094
131.52301025390625,58.78337860107422,246.4958953857422,236.68988037109375
130.1591339111328,61.33069610595703,249.6324920654297,237.2244873046875
125.91453552246094,63.94694137573242,251.96087646484375,237.0049591064453
124.74526977539062,62.13602066040039,251.96438598632812,237.08609008789062
115.76102447509766,69.6029052734375,254.33554077148438,237.81410217285156
114.22163391113281,73.49457550048828,255.6337432861328,236.109619140625
110.96878051757812,74.768798828125,255.30111694335938,236.28639221191406
117.02447509765625,75.7305679321289,257.4823913574219,234.59600830078125
128.5379180908203,82.84239196777344,247.11036682128906,235.1395721435547
128.62692260742188,83.18031311035156,241.08856201171875,235.4789276123047
122.53820037841797,82.0220947265625,234.57044982910156,237.37254333496094
118.16464233398438,80.44015502929688,229.534912109375,240.0
116.38975524902344,79.64070892333984,227.77532958984375,240.0
116.05126190185547,80.94194030761719,230.2506561279297,240.0
114.43012237548828,83.40338897705078,231.35708618164062,237.8100128173828
103.1855697631836,82.58908081054688,243.8287811279297,235.48114013671875
99.54698181152344,88.48426818847656,246.8439483642578,233.2902374267578
113.09957885742188,91.22236633300781,239.09295654296875,233.26943969726562
114.87489318847656,90.22509002685547,236.5858612060547,236.40492248535156
118.87992858886719,90.41043853759766,243.0888671875,234.25511169433594
119.37013244628906,94.18766021728516,237.98545837402344,234.41900634765625
119.60686492919922,101.6171875,233.9337921142578,240.0
122.66133880615234,103.10247039794922,232.00071716308594,240.0
127.36776733398438,126.37644958496094,228.83038330078125,240.0
123.26848602294922,121.01095581054688,227.3023681640625,240.0
123.48067474365234,119.385009765625,228.67776489257812,240.0
131.59173583984375,105.76412963867188,217.1180419921875,240.0
132.27011108398438,106.4264907836914,217.25291442871094,240.0
123.05897521972656,119.51466369628906,224.94168090820312,240.0
132.77969360351562,88.0636978149414,215.8190155029297,240.0
132.7689971923828,91.50067901611328,215.57513427734375,240.0
121.9891357421875,106.75809478759766,225.43641662597656,240.0
130.90467834472656,88.980712890625,213.74331665039062,240.0
120.29301452636719,102.815185546875,225.8054962158203,240.0
119.12831115722656,104.1927719116211,225.7563018798828,240.0
120.4163818359375,103.82593536376953,226.46466064453125,240.0
119.36065673828125,103.2891616821289,227.4852294921875,240.0
119.9360122680664,107.03196716308594,227.14939880371094,240.0
121.00952911376953,104.72284698486328,227.52447509765625,240.0
118.0438232421875,104.9097900390625,227.7901611328125,240.0
117.5235824584961,104.4592056274414,228.93661499023438,240.0
117.28276824951172,103.88410186767578,229.60726928710938,240.0
117.4371337890625,111.0613021850586,231.6431884765625,239.62948608398438
116.79231262207031,103.91806030273438,233.2769317626953,240.0
117.4674301147461,108.06090545654297,234.70399475097656,240.0
120.16305541992188,106.39148712158203,231.9767608642578,240.0
118.87103271484375,111.33761596679688,234.5796661376953,239.40443420410156
121.07645416259766,102.9652099609375,233.26171875,240.0
120.05821228027344,111.61982727050781,233.48846435546875,240.0
123.24348449707031,97.06415557861328,236.29600524902344,236.0540313720703
121.31712341308594,95.86083984375,233.96681213378906,237.25523376464844
124.64999389648438,91.33576202392578,235.99813842773438,240.0
124.59351348876953,91.97294616699219,234.3641357421875,240.0
123.49588775634766,94.0428466796875,238.65701293945312,239.9295654296875
128.08810424804688,95.11311340332031,240.5604705810547,238.74989318847656
129.60337829589844,94.48844909667969,240.9998016357422,238.93614196777344
132.13973999023438,92.8490219116211,240.81024169921875,240.0
128.47186279296875,91.21514129638672,238.1777801513672,240.0
130.61376953125,91.5470962524414,239.5526885986328,240.0
132.28561401367188,91.15310668945312,240.1114501953125,240.0
131.4941864013672,89.31179809570312,239.96470642089844,240.0
133.02243041992188,90.96668243408203,240.1428985595703,239.46151733398438
133.29110717773438,91.36759185791016,240.3341827392578,236.79180908203125
132.40406799316406,89.99534606933594,240.34033203125,236.94541931152344
130.0421905517578,87.08848571777344,237.5589141845703,238.85716247558594
132.87672424316406,85.98566436767578,238.39535522460938,239.60263061523438
131.95578002929688,86.68350219726562,238.8191680908203,240.0
132.3052978515625,85.79400634765625,238.9939422607422,240.0
133.1358184814453,87.52348327636719,239.5342254638672,236.8047332763672
147.552490234375,88.71514129638672,229.07504272460938,240.0
150.54066467285156,89.2448501586914,227.548828125,240.0
149.64508056640625,89.3636703491211,228.88668823242188,240.0
149.13671875,87.79609680175781,227.13311767578125,240.0
150.8496551513672,89.3763198852539,229.79574584960938,240.0
149.8162841796875,87.27811431884766,226.7015380859375,240.0
134.00827026367188,80.60986328125,222.78836059570312,240.0
134.6215057373047,80.3509292602539,224.4701385498047,240.0
144.92654418945312,81.96846771240234,227.09979248046875,240.0
143.72265625,82.74877166748047,227.6374969482422,240.0
142.23941040039062,85.4928970336914,228.4003448486328,240.0
136.0391082763672,81.36053466796875,223.99563598632812,240.0
135.85357666015625,85.4415512084961,223.21131896972656,240.0
134.82498168945312,90.43655395507812,225.15802001953125,240.0
119.66552734375,88.68267059326172,231.0607147216797,240.0
118.25,88.07811737060547,229.54710388183594,240.0
115.32002258300781,87.75768280029297,230.85585021972656,240.0
114.1358871459961,87.11770629882812,228.02371215820312,240.0
114.5506591796875,88.90833282470703,226.71514892578125,240.0
103.59175109863281,86.3931655883789,217.99041748046875,240.0
103.66692352294922,87.11593627929688,218.28030395507812,240.0
104.63291931152344,93.63606262207031,215.38438415527344,240.0
102.27478790283203,94.35090637207031,214.44789123535156,240.0
100.63606262207031,85.75786590576172,212.55194091796875,240.0
102.09244537353516,101.24703216552734,213.72132873535156,240.0
103.8716812133789,99.54815673828125,215.5828857421875,240.0
96.83500671386719,102.07281494140625,216.90037536621094,240.0
76.58447265625,79.59222412109375,220.65478515625,240.0
85.8011703491211,113.2592544555664,212.3164520263672,240.0
85.32257080078125,122.98208618164062,214.46762084960938,240.0
83.25320434570312,125.12789154052734,212.67999267578125,240.0
84.82038879394531,120.92101287841797,208.76885986328125,240.0
82.11489868164062,120.72709655761719,208.9830322265625,239.69546508789062
84.85466003417969,114.97229766845703,208.88818359375,240.0
81.2809066772461,114.43695068359375,209.02964782714844,240.0
82.52423858642578,112.68562316894531,204.0168914794922,240.0
83.59845733642578,105.5844497680664,197.4743194580078,240.0
84.04747009277344,103.67877197265625,193.33026123046875,240.0
81.99702453613281,102.94090270996094,192.2885284423828,240.0
84.10421752929688,105.31436157226562,190.53262329101562,240.0
84.501953125,101.35519409179688,190.10447692871094,240.0
83.05944061279297,111.50025939941406,191.1308135986328,240.0
70.35558319091797,116.52239990234375,187.68991088867188,240.0
67.15115356445312,122.92333221435547,187.9965057373047,238.27767944335938
71.89615631103516,107.8976821899414,183.45111083984375,240.0
68.28512573242188,112.48975372314453,184.1512908935547,238.94400024414062
63.3213996887207,122.59175109863281,182.2445068359375,238.40365600585938
61.32078552246094,112.88909912109375,187.6348876953125,239.51498413085938
54.589820861816406,126.65330505371094,189.15176391601562,237.03700256347656
53.30106735229492,139.31675720214844,185.80514526367188,236.38983154296875
50.293373107910156,130.10252380371094,186.07025146484375,235.42803955078125
47.001792907714844,132.39248657226562,191.60609436035156,234.9326934814453
50.8331184387207,132.6288299560547,162.81683349609375,235.69171142578125
48.548404693603516,128.1695556640625,165.12124633789062,236.2477569580078
40.522178649902344,127.19488525390625,148.1602325439453,238.68821716308594
37.88874816894531,124.99446105957031,140.02587890625,238.27569580078125
31.3162784576416,119.234130859375,137.0980682373047,239.55807495117188
33.15665817260742,120.34077453613281,138.9724578857422,238.68463134765625
24.113136291503906,85.23606872558594,133.41090393066406,235.68594360351562
23.295616149902344,85.34876251220703,132.39535522460938,234.85458374023438
26.869850158691406,87.4518814086914,134.65420532226562,236.03546142578125
26.273685455322266,86.93681335449219,134.5626678466797,233.7270965576172
25.351289749145508,87.45500183105469,133.63035583496094,235.03253173828125
28.438749313354492,115.1329116821289,137.39283752441406,239.4615478515625
25.65523338317871,87.81755065917969,135.53855895996094,232.7110137939453
24.595443725585938,87.25846862792969,133.9256591796875,233.2242431640625
23.40681266784668,86.10277557373047,134.96925354003906,236.8809814453125
23.660799026489258,80.659423828125,136.16073608398438,233.72291564941406
24.625446319580078,75.38629150390625,134.36312866210938,231.7525634765625
25.69754981994629,75.3232421875,134.43572998046875,231.71359252929688
21.50882339477539,67.04603576660156,139.163818359375,240.0
23.540102005004883,77.8502426147461,137.1696014404297,229.7630157470703
20.84126091003418,79.44717407226562,135.85984802246094,229.54095458984375
15.503402709960938,79.85819244384766,131.78048706054688,234.7984161376953
14.217879295349121,81.71846008300781,129.65687561035156,236.19337463378906
11.720056533813477,82.79757690429688,130.25341796875,236.0524444580078
5.6595330238342285,84.29306030273438,117.79835510253906,238.9702606201172
6.6282734870910645,83.17483520507812,117.71256256103516,238.95742797851562
6.288447380065918,82.56562805175781,118.63973999023438,236.66038513183594
5.439499855041504,71.78450775146484,137.44430541992188,238.66184997558594
6.930984973907471,70.02286529541016,134.4949188232422,239.71200561523438
7.990703582763672,69.45130920410156,135.19479370117188,239.93447875976562
8.221190452575684,65.45439910888672,138.41116333007812,237.63343811035156
10.124869346618652,67.20272064208984,141.39584350585938,236.5336151123047
9.320293426513672,66.40284729003906,140.78237915039062,238.0437469482422
8.670629501342773,66.3939208984375,141.81173706054688,237.82810974121094
10.031407356262207,64.4700698852539,142.258544921875,237.0733184814453
9.521842002868652,67.0988998413086,137.76190185546875,237.03244018554688
11.193798065185547,69.12096405029297,136.85279846191406,236.54905700683594
16.511476516723633,68.71773529052734,135.498779296875,235.2109832763672
18.729373931884766,67.40631866455078,138.5694122314453,235.04275512695312
21.313493728637695,67.97603607177734,140.41522216796875,236.67796325683594
25.83333396911621,74.82498931884766,137.26058959960938,229.8131561279297
27.919111251831055,76.24542999267578,136.94090270996094,230.20590209960938
28.357152938842773,78.44039916992188,135.03758239746094,229.78317260742188
28.324462890625,76.09748840332031,134.96502685546875,229.5041961669922
30.6920108795166,75.94017791748047,136.21609497070312,230.68045043945312
30.929473876953125,77.84394073486328,136.62005615234375,229.0001678466797
34.75811004638672,80.6519775390625,141.1276092529297,233.88706970214844
35.886348724365234,76.45468139648438,143.3157196044922,236.07427978515625
36.17387390136719,80.09752655029297,144.26194763183594,237.43601989746094
35.913185119628906,81.54267883300781,144.80992126464844,236.9734649658203
25.76263999938965,69.42063903808594,150.7506561279297,240.0
21.249631881713867,72.05497741699219,149.9647674560547,240.0
20.452653884887695,72.17372131347656,149.8688201904297,240.0
24.047651290893555,71.86802673339844,149.1648712158203,240.0
13.103889465332031,70.4953842163086,153.16885375976562,239.74981689453125
14.118654251098633,69.18030548095703,151.23268127441406,238.65341186523438
20.864925384521484,62.648738861083984,148.2942352294922,236.7626495361328
24.7552547454834,61.39863967895508,148.0442352294922,235.43836975097656
28.598981857299805,62.12887191772461,144.55772399902344,235.82997131347656
26.792556762695312,81.22372436523438,135.24887084960938,230.4245147705078
26.772083282470703,88.62722778320312,133.23731994628906,231.973388671875
23.153179168701172,94.10794067382812,129.99656677246094,230.60520935058594
21.487403869628906,108.36502075195312,130.41249084472656,240.0
20.89971923828125,90.98908996582031,130.5637969970703,229.47938537597656
11.462662696838379,48.92933654785156,140.12319946289062,240.0
10.969268798828125,54.35774612426758,137.40780639648438,240.0
0.0,55.20409393310547,120.87439727783203,234.84072875976562
4.698406219482422,80.09452819824219,141.24378967285156,239.96987915039062
4.099677562713623,69.62194061279297,140.68934631347656,238.84400939941406
3.0823898315429688,109.53678894042969,119.47442626953125,240.0
5.19785737991333,114.68192291259766,113.49966430664062,240.0
4.477822780609131,107.23541259765625,113.22834014892578,240.0
1.65480637550354,107.82262420654297,112.6962890625,240.0
0.7818528413772583,110.93318939208984,113.15817260742188,240.0
0.0,108.31442260742188,112.4443130493164,240.0
0.6215739250183105,108.33714294433594,107.56785583496094,240.0
0.0,108.83770751953125,105.47508239746094,240.0
0.6375582814216614,109.49771118164062,107.27154541015625,240.0
0.0,110.74809265136719,105.02627563476562,240.0
1.6529128551483154,109.1563491821289,84.77497100830078,240.0
1.7910672426223755,107.50395202636719,79.97784423828125,240.0
2.139343023300171,108.51163482666016,78.95704650878906,240.0
0.2120942324399948,108.05826568603516,76.72650909423828,240.0
0.0,106.95651245117188,75.1655044555664,240.0
0.0,108.510986328125,71.1072769165039,240.0
0.0,108.25912475585938,61.0722541809082,240.0
0.0,115.97775268554688,59.41611862182617,240.0
1.080026626586914,115.38317108154297,55.40317153930664,240.0
1.1895023584365845,116.05645751953125,53.15032958984375,240.0
1.5891320705413818,119.39985656738281,46.781734466552734,240.0
1.5440551042556763,116.4288101196289,39.446617126464844,240.0
21.01508331298828,48.38624572753906,135.52113342285156,237.97164916992188
22.45500373840332,50.098114013671875,138.82479858398438,236.23800659179688
23.725923538208008,50.63825988769531,138.27859497070312,236.58169555664062
27.259218215942383,54.18263626098633,138.4731903076172,234.43789672851562
30.568090438842773,55.76284408569336,140.4147491455078,232.4180145263672
33.36822509765625,56.217803955078125,140.7244873046875,233.6437530517578
37.36204147338867,56.37261962890625,143.31861877441406,232.84268188476562
39.34079360961914,55.674774169921875,143.48487854003906,227.91952514648438
39.18086242675781,52.334285736083984,143.70204162597656,193.25767517089844
40.22032165527344,53.41169738769531,143.91746520996094,182.11500549316406
39.62990951538086,51.872859954833984,143.64207458496094,189.63894653320312
40.39849853515625,53.346920013427734,145.31451416015625,178.1063995361328
40.962196350097656,51.770179748535156,146.42926025390625,169.9680938720703
41.476409912109375,50.50243377685547,148.25079345703125,164.69564819335938
47.03366470336914,52.69281005859375,146.0729522705078,143.7430877685547
45.073890686035156,52.27442169189453,147.23269653320312,143.1682586669922
45.05746078491211,51.88861083984375,148.0009765625,143.46299743652344
39.811546325683594,49.20159912109375,151.67987060546875,171.36654663085938
45.57624053955078,50.69578170776367,146.23243713378906,143.68138122558594
43.85425567626953,52.42039108276367,148.52685546875,141.92054748535156
57.119140625,47.484703063964844,150.48004150390625,140.42213439941406
55.78201675415039,47.65876770019531,151.6068572998047,139.89892578125
56.17603302001953,45.532203674316406,152.75587463378906,140.46728515625
52.053096771240234,48.41736602783203,158.73544311523438,175.59017944335938
52.55458068847656,45.79322814941406,158.1523895263672,177.36029052734375
53.96369552612305,48.65070724487305,157.34657287597656,172.09132385253906
56.509422302246094,44.19969177246094,154.9406280517578,145.81736755371094
53.08616638183594,49.365474700927734,156.8318328857422,169.230224609375
54.59470748901367,53.45948791503906,156.5614013671875,170.2776641845703
55.37839889526367,55.60581588745117,155.56272888183594,174.35012817382812
54.782772064208984,54.11442184448242,154.7393341064453,234.64529418945312
54.52730941772461,59.36000061035156,160.08956909179688,236.8638458251953
55.35004806518555,61.984867095947266,159.1029510498047,236.06871032714844
56.724857330322266,61.67036056518555,158.0619659423828,236.21597290039062
54.13780975341797,65.47962951660156,159.01124572753906,237.07861328125
61.711551666259766,62.948299407958984,143.7255096435547,235.48751831054688
59.14403533935547,74.35142517089844,144.35406494140625,238.2606658935547
44.71128463745117,77.60235595703125,147.05271911621094,233.5770721435547
45.87150192260742,73.16487121582031,146.69810485839844,234.04356384277344
45.61796951293945,74.26777648925781,148.08689880371094,233.76072692871094
