1
329.00,424.00,337.00,424.00,337.00,452.00,329.00,452.00
329.00,424.00,338.00,424.00,338.00,451.00,329.00,451.00
329.00,424.00,338.00,424.00,338.00,452.00,329.00,452.00
328.00,423.00,337.00,423.00,337.00,451.00,328.00,451.00
328.00,424.00,337.00,424.00,337.00,454.00,328.00,454.00
327.00,426.00,336.00,426.00,336.00,453.00,327.00,453.00
325.00,428.00,334.00,428.00,334.00,456.00,325.00,456.00
323.00,428.00,332.00,428.00,332.00,457.00,323.00,457.00
321.00,427.00,330.00,427.00,330.00,456.00,321.00,456.00
321.00,427.00,330.00,427.00,330.00,456.00,321.00,456.00
319.00,428.00,328.00,428.00,328.00,456.00,319.00,456.00
318.00,428.00,327.00,428.00,327.00,457.00,318.00,457.00
318.00,429.00,326.00,429.00,326.00,456.00,318.00,456.00
319.00,429.00,328.00,429.00,328.00,457.00,319.00,457.00
318.00,429.00,327.00,429.00,327.00,457.00,318.00,457.00
319.00,431.00,328.00,431.00,328.00,458.00,319.00,458.00
320.00,432.00,329.00,432.00,329.00,456.00,320.00,456.00
320.00,431.00,329.00,431.00,329.00,457.00,320.00,457.00
320.00,430.00,329.00,430.00,329.00,460.00,320.00,460.00
320.00,432.00,329.00,432.00,329.00,459.00,320.00,459.00
318.00,432.00,327.00,432.00,327.00,460.00,318.00,460.00
320.00,430.00,329.00,430.00,329.00,458.00,320.00,458.00
321.00,430.00,330.00,430.00,330.00,458.00,321.00,458.00
321.00,432.00,330.00,432.00,330.00,459.00,321.00,459.00
321.00,433.00,330.00,433.00,330.00,460.00,321.00,460.00
322.00,434.00,330.00,434.00,330.00,461.00,322.00,461.00
325.00,437.00,334.00,437.00,334.00,465.00,325.00,465.00
327.00,440.00,336.00,440.00,336.00,468.00,327.00,468.00
325.00,441.00,334.00,441.00,334.00,468.00,325.00,468.00
324.00,439.00,333.00,439.00,333.00,468.00,324.00,468.00
323.00,438.00,332.00,438.00,332.00,466.00,323.00,466.00
323.00,437.00,332.00,437.00,332.00,466.00,323.00,466.00
323.00,434.00,332.00,434.00,332.00,464.00,323.00,464.00
322.00,433.00,331.00,433.00,331.00,463.00,322.00,463.00
321.00,434.00,331.00,434.00,331.00,464.00,321.00,464.00
319.00,435.00,329.00,435.00,329.00,465.00,319.00,465.00
317.00,438.00,326.00,438.00,326.00,468.00,317.00,468.00
317.00,440.00,326.00,440.00,326.00,472.00,317.00,472.00
316.00,444.00,325.00,444.00,325.00,475.00,316.00,475.00
315.00,446.00,324.00,446.00,324.00,478.00,315.00,478.00
314.00,449.00,323.00,449.00,323.00,478.00,314.00,478.00
312.00,447.00,321.00,447.00,321.00,477.00,312.00,477.00
311.00,442.00,320.00,442.00,320.00,477.00,311.00,477.00
312.00,439.00,320.00,439.00,320.00,470.00,312.00,470.00
311.00,436.00,320.00,436.00,320.00,465.00,311.00,465.00
307.00,433.00,316.00,433.00,316.00,462.00,307.00,462.00
303.00,428.00,312.00,428.00,312.00,457.00,303.00,457.00
303.00,430.00,312.00,430.00,312.00,458.00,303.00,458.00
302.00,431.00,311.00,431.00,311.00,459.00,302.00,459.00
302.00,432.00,311.00,432.00,311.00,461.00,302.00,461.00
304.00,436.00,313.00,436.00,313.00,463.00,304.00,463.00
304.00,434.00,313.00,434.00,313.00,462.00,304.00,462.00
303.00,434.00,312.00,434.00,312.00,461.00,303.00,461.00
302.00,433.00,311.00,433.00,311.00,460.00,302.00,460.00
301.00,433.00,310.00,433.00,310.00,459.00,301.00,459.00
300.00,433.00,309.00,433.00,309.00,460.00,300.00,460.00
297.00,433.00,306.00,433.00,306.00,460.00,297.00,460.00
295.00,431.00,304.00,431.00,304.00,460.00,295.00,460.00
295.00,430.00,304.00,430.00,304.00,460.00,295.00,460.00
294.00,430.00,303.00,430.00,303.00,460.00,294.00,460.00
290.00,427.00,299.00,427.00,299.00,457.00,290.00,457.00
290.00,426.00,299.00,426.00,299.00,456.00,290.00,456.00
289.00,425.00,298.00,425.00,298.00,455.00,289.00,455.00
288.00,425.00,297.00,425.00,297.00,456.00,288.00,456.00
287.00,426.00,296.00,426.00,296.00,456.00,287.00,456.00
289.00,427.00,298.00,427.00,298.00,457.00,289.00,457.00
291.00,428.00,300.00,428.00,300.00,459.00,291.00,459.00
291.00,430.00,300.00,430.00,300.00,459.00,291.00,459.00
291.00,429.00,300.00,429.00,300.00,460.00,291.00,460.00
291.00,429.00,300.00,429.00,300.00,458.00,291.00,458.00
292.00,430.00,301.00,430.00,301.00,459.00,292.00,459.00
291.00,429.00,300.00,429.00,300.00,459.00,291.00,459.00
290.00,428.00,299.00,428.00,299.00,457.00,290.00,457.00
289.00,425.00,298.00,425.00,298.00,455.00,289.00,455.00
290.00,422.00,298.00,422.00,298.00,452.00,290.00,452.00
289.00,421.00,297.00,421.00,297.00,449.00,289.00,449.00
289.00,420.00,297.00,420.00,297.00,448.00,289.00,448.00
288.00,416.00,296.00,416.00,296.00,447.00,288.00,447.00
287.00,414.00,296.00,414.00,296.00,444.00,287.00,444.00
286.00,410.00,295.00,410.00,295.00,440.00,286.00,440.00
285.00,406.00,294.00,406.00,294.00,437.00,285.00,437.00
285.00,403.00,293.00,403.00,293.00,433.00,285.00,433.00
284.00,398.00,293.00,398.00,293.00,430.00,284.00,430.00
283.00,396.00,292.00,396.00,292.00,426.00,283.00,426.00
282.00,393.00,291.00,393.00,291.00,422.00,282.00,422.00
282.00,392.00,291.00,392.00,291.00,421.00,282.00,421.00
281.00,391.00,290.00,391.00,290.00,421.00,281.00,421.00
280.00,388.00,289.00,388.00,289.00,418.00,280.00,418.00
281.00,386.00,290.00,386.00,290.00,415.00,281.00,415.00
281.00,387.00,290.00,387.00,290.00,414.00,281.00,414.00
281.00,386.00,290.00,386.00,290.00,413.00,281.00,413.00
282.00,385.00,291.00,385.00,291.00,413.00,282.00,413.00
283.00,385.00,292.00,385.00,292.00,413.00,283.00,413.00
283.00,386.00,291.00,386.00,291.00,413.00,283.00,413.00
283.00,386.00,292.00,386.00,292.00,416.00,283.00,416.00
283.00,389.00,292.00,389.00,292.00,417.00,283.00,417.00
283.00,389.00,292.00,389.00,292.00,420.00,283.00,420.00
283.00,392.00,292.00,392.00,292.00,422.00,283.00,422.00
283.00,394.00,292.00,394.00,292.00,424.00,283.00,424.00
282.00,394.00,291.00,394.00,291.00,423.00,282.00,423.00
282.00,394.00,291.00,394.00,291.00,424.00,282.00,424.00
281.00,394.00,290.00,394.00,290.00,424.00,281.00,424.00
280.00,394.00,289.00,394.00,289.00,422.00,280.00,422.00
279.00,394.00,288.00,394.00,288.00,422.00,279.00,422.00
277.00,393.00,286.00,393.00,286.00,423.00,277.00,423.00
276.00,393.00,285.00,393.00,285.00,424.00,276.00,424.00
272.00,393.00,281.00,393.00,281.00,422.00,272.00,422.00
270.00,394.00,278.00,394.00,278.00,424.00,270.00,424.00
268.00,392.00,277.00,392.00,277.00,423.00,268.00,423.00
266.00,391.00,275.00,391.00,275.00,423.00,266.00,423.00
266.00,392.00,275.00,392.00,275.00,425.00,266.00,425.00
266.00,393.00,275.00,393.00,275.00,426.00,266.00,426.00
266.00,395.00,275.00,395.00,275.00,427.00,266.00,427.00
265.00,394.00,274.00,394.00,274.00,426.00,265.00,426.00
265.00,394.00,274.00,394.00,274.00,426.00,265.00,426.00
265.00,394.00,274.00,394.00,274.00,427.00,265.00,427.00
264.00,394.00,273.00,394.00,273.00,426.00,264.00,426.00
264.00,395.00,273.00,395.00,273.00,426.00,264.00,426.00
264.00,395.00,273.00,395.00,273.00,425.00,264.00,425.00
263.00,394.00,272.00,394.00,272.00,425.00,263.00,425.00
263.00,395.00,271.00,395.00,271.00,425.00,263.00,425.00
262.00,394.00,271.00,394.00,271.00,425.00,262.00,425.00
263.00,395.00,272.00,395.00,272.00,427.00,263.00,427.00
263.00,398.00,271.00,398.00,271.00,428.00,263.00,428.00
264.00,400.00,272.00,400.00,272.00,431.00,264.00,431.00
265.00,402.00,273.00,402.00,273.00,433.00,265.00,433.00
266.00,404.00,274.00,404.00,274.00,434.00,266.00,434.00
265.00,406.00,274.00,406.00,274.00,436.00,265.00,436.00
266.00,406.00,275.00,406.00,275.00,437.00,266.00,437.00
266.00,407.00,275.00,407.00,275.00,438.00,266.00,438.00
266.00,407.00,274.00,407.00,274.00,438.00,266.00,438.00
266.00,406.00,274.00,406.00,274.00,437.00,266.00,437.00
266.00,405.00,274.00,405.00,274.00,435.00,266.00,435.00
266.00,404.00,275.00,404.00,275.00,436.00,266.00,436.00
266.00,402.00,275.00,402.00,275.00,434.00,266.00,434.00
266.00,402.00,275.00,402.00,275.00,433.00,266.00,433.00
266.00,401.00,275.00,401.00,275.00,435.00,266.00,435.00
266.00,401.00,275.00,401.00,275.00,434.00,266.00,434.00
266.00,401.00,275.00,401.00,275.00,434.00,266.00,434.00
264.00,403.00,273.00,403.00,273.00,436.00,264.00,436.00
263.00,403.00,272.00,403.00,272.00,437.00,263.00,437.00
263.00,404.00,272.00,404.00,272.00,437.00,263.00,437.00
263.00,403.00,272.00,403.00,272.00,437.00,263.00,437.00
262.00,404.00,271.00,404.00,271.00,436.00,262.00,436.00
262.00,404.00,271.00,404.00,271.00,435.00,262.00,435.00
262.00,402.00,271.00,402.00,271.00,435.00,262.00,435.00
261.00,400.00,270.00,400.00,270.00,434.00,261.00,434.00
259.00,401.00,268.00,401.00,268.00,432.00,259.00,432.00
258.00,399.00,267.00,399.00,267.00,431.00,258.00,431.00
256.00,397.00,265.00,397.00,265.00,428.00,256.00,428.00
254.00,396.00,263.00,396.00,263.00,427.00,254.00,427.00
253.00,395.00,262.00,395.00,262.00,427.00,253.00,427.00
250.00,392.00,259.00,392.00,259.00,425.00,250.00,425.00
247.00,390.00,256.00,390.00,256.00,422.00,247.00,422.00
244.00,387.00,252.00,387.00,252.00,418.00,244.00,418.00
242.00,387.00,250.00,387.00,250.00,417.00,242.00,417.00
240.00,387.00,248.00,387.00,248.00,420.00,240.00,420.00
240.00,393.00,248.00,393.00,248.00,426.00,240.00,426.00
238.00,397.00,247.00,397.00,247.00,429.00,238.00,429.00
237.00,399.00,246.00,399.00,246.00,430.00,237.00,430.00
240.00,404.00,249.00,404.00,249.00,434.00,240.00,434.00
247.00,409.00,257.00,409.00,257.00,437.00,247.00,437.00
253.00,412.00,262.00,412.00,262.00,441.00,253.00,441.00
261.00,413.00,270.00,413.00,270.00,444.00,261.00,444.00
270.00,408.00,279.00,408.00,279.00,439.00,270.00,439.00
277.00,407.00,287.00,407.00,287.00,436.00,277.00,436.00
282.00,407.00,291.00,407.00,291.00,438.00,282.00,438.00
280.00,403.00,290.00,403.00,290.00,436.00,280.00,436.00
279.00,395.00,288.00,395.00,288.00,434.00,279.00,434.00
279.00,389.00,288.00,389.00,288.00,426.00,279.00,426.00
280.00,387.00,290.00,387.00,290.00,423.00,280.00,423.00
274.00,392.00,284.00,392.00,284.00,426.00,274.00,426.00
268.00,397.00,277.00,397.00,277.00,428.00,268.00,428.00
256.00,400.00,265.00,400.00,265.00,431.00,256.00,431.00
246.00,403.00,256.00,403.00,256.00,434.00,246.00,434.00
242.00,396.00,251.00,396.00,251.00,433.00,242.00,433.00
238.00,392.00,248.00,392.00,248.00,425.00,238.00,425.00
232.00,388.00,242.00,388.00,242.00,419.00,232.00,419.00
227.00,389.00,237.00,389.00,237.00,421.00,227.00,421.00
222.00,392.00,231.00,392.00,231.00,426.00,222.00,426.00
218.00,395.00,227.00,395.00,227.00,427.00,218.00,427.00
214.00,395.00,224.00,395.00,224.00,425.00,214.00,425.00
210.00,397.00,219.00,397.00,219.00,428.00,210.00,428.00
204.00,398.00,214.00,398.00,214.00,432.00,204.00,432.00
201.00,402.00,211.00,402.00,211.00,434.00,201.00,434.00
198.00,403.00,207.00,403.00,207.00,435.00,198.00,435.00
195.00,402.00,204.00,402.00,204.00,434.00,195.00,434.00
194.00,404.00,203.00,404.00,203.00,437.00,194.00,437.00
191.00,405.00,200.00,405.00,200.00,440.00,191.00,440.00
190.00,409.00,199.00,409.00,199.00,442.00,190.00,442.00
189.00,410.00,198.00,410.00,198.00,443.00,189.00,443.00
189.00,408.00,198.00,408.00,198.00,441.00,189.00,441.00
191.00,409.00,200.00,409.00,200.00,440.00,191.00,440.00
191.00,409.00,200.00,409.00,200.00,441.00,191.00,441.00
193.00,409.00,202.00,409.00,202.00,442.00,193.00,442.00
197.00,410.00,206.00,410.00,206.00,441.00,197.00,441.00
200.00,405.00,209.00,405.00,209.00,440.00,200.00,440.00
203.00,402.00,212.00,402.00,212.00,437.00,203.00,437.00
206.00,397.00,216.00,397.00,216.00,432.00,206.00,432.00
208.00,397.00,218.00,397.00,218.00,430.00,208.00,430.00
211.00,395.00,220.00,395.00,220.00,431.00,211.00,431.00
212.00,395.00,222.00,395.00,222.00,435.00,212.00,435.00
214.00,400.00,224.00,400.00,224.00,435.00,214.00,435.00
219.00,403.00,228.00,403.00,228.00,440.00,219.00,440.00
222.00,403.00,232.00,403.00,232.00,440.00,222.00,440.00
224.00,403.00,234.00,403.00,234.00,439.00,224.00,439.00
225.00,403.00,234.00,403.00,234.00,437.00,225.00,437.00
224.00,402.00,233.00,402.00,233.00,436.00,224.00,436.00
219.00,404.00,228.00,404.00,228.00,434.00,219.00,434.00
215.00,406.00,224.00,406.00,224.00,438.00,215.00,438.00
213.00,407.00,222.00,407.00,222.00,442.00,213.00,442.00
212.00,411.00,221.00,411.00,221.00,444.00,212.00,444.00
211.00,412.00,220.00,412.00,220.00,445.00,211.00,445.00
209.00,414.00,218.00,414.00,218.00,446.00,209.00,446.00
208.00,413.00,217.00,413.00,217.00,447.00,208.00,447.00
210.00,414.00,219.00,414.00,219.00,449.00,210.00,449.00
210.00,417.00,219.00,417.00,219.00,450.00,210.00,450.00
209.00,415.00,218.00,415.00,218.00,449.00,209.00,449.00
211.00,415.00,220.00,415.00,220.00,451.00,211.00,451.00
214.00,416.00,223.00,416.00,223.00,451.00,214.00,451.00
215.00,414.00,224.00,414.00,224.00,449.00,215.00,449.00
216.00,414.00,225.00,414.00,225.00,448.00,216.00,448.00
217.00,415.00,225.00,415.00,225.00,449.00,217.00,449.00
218.00,414.00,227.00,414.00,227.00,448.00,218.00,448.00
221.00,415.00,230.00,415.00,230.00,448.00,221.00,448.00
221.00,416.00,230.00,416.00,230.00,450.00,221.00,450.00
222.00,415.00,231.00,415.00,231.00,453.00,222.00,453.00
224.00,418.00,234.00,418.00,234.00,456.00,224.00,456.00
222.00,423.00,231.00,423.00,231.00,456.00,222.00,456.00
222.00,425.00,232.00,425.00,232.00,460.00,222.00,460.00
224.00,427.00,233.00,427.00,233.00,463.00,224.00,463.00
225.00,428.00,235.00,428.00,235.00,470.00,225.00,470.00
223.00,431.00,233.00,431.00,233.00,469.00,223.00,469.00
221.00,434.00,231.00,434.00,231.00,472.00,221.00,472.00
219.00,436.00,229.00,436.00,229.00,476.00,219.00,476.00
218.00,441.00,228.00,441.00,228.00,480.00,218.00,480.00
215.00,438.00,225.00,438.00,225.00,480.00,215.00,480.00
213.00,435.00,223.00,435.00,223.00,477.00,213.00,477.00
215.00,436.00,225.00,436.00,225.00,477.00,215.00,477.00
216.00,432.00,226.00,432.00,226.00,475.00,216.00,475.00
213.00,432.00,223.00,432.00,223.00,472.00,213.00,472.00
215.00,432.00,225.00,432.00,225.00,472.00,215.00,472.00
214.00,428.00,224.00,428.00,224.00,473.00,214.00,473.00
215.00,430.00,225.00,430.00,225.00,472.00,215.00,472.00
215.00,427.00,225.00,427.00,225.00,473.00,215.00,473.00
215.00,428.00,225.00,428.00,225.00,472.00,215.00,472.00
214.00,435.00,224.00,435.00,224.00,473.00,214.00,473.00
216.00,435.00,226.00,435.00,226.00,476.00,216.00,476.00
218.00,439.00,228.00,439.00,228.00,480.00,218.00,480.00
222.00,435.00,232.00,435.00,232.00,480.00,222.00,480.00
223.00,438.00,234.00,438.00,234.00,481.00,223.00,481.00
227.00,436.00,237.00,436.00,237.00,481.00,227.00,481.00
228.00,439.00,239.00,439.00,239.00,483.00,228.00,483.00
230.00,439.00,241.00,439.00,241.00,483.00,230.00,483.00
232.00,442.00,243.00,442.00,243.00,486.00,232.00,486.00
233.00,446.00,244.00,446.00,244.00,491.00,233.00,491.00
233.00,446.00,242.00,446.00,242.00,483.00,233.00,483.00
231.00,448.00,241.00,448.00,241.00,494.00,231.00,494.00
229.00,447.00,240.00,447.00,240.00,492.00,229.00,492.00
226.00,453.00,236.00,453.00,236.00,499.00,226.00,499.00
222.00,455.00,231.00,455.00,231.00,493.00,222.00,493.00
221.00,453.00,232.00,453.00,232.00,500.00,221.00,500.00
223.00,458.00,232.00,458.00,232.00,496.00,223.00,496.00
225.00,455.00,234.00,455.00,234.00,492.00,225.00,492.00
223.00,456.00,232.00,456.00,232.00,493.00,223.00,493.00
221.00,459.00,230.00,459.00,230.00,496.00,221.00,496.00
217.00,464.00,226.00,464.00,226.00,502.00,217.00,502.00
218.00,457.00,227.00,457.00,227.00,494.00,218.00,494.00
214.00,457.00,223.00,457.00,223.00,494.00,214.00,494.00
220.00,475.00,229.00,475.00,229.00,512.00,220.00,512.00
217.00,463.00,227.00,463.00,227.00,503.00,217.00,503.00
213.00,456.00,222.00,456.00,222.00,492.00,213.00,492.00
211.00,445.00,221.00,445.00,221.00,489.00,211.00,489.00
209.00,437.00,220.00,437.00,220.00,486.00,209.00,486.00
206.00,437.00,217.00,437.00,217.00,481.00,206.00,481.00
206.00,435.00,217.00,435.00,217.00,479.00,206.00,479.00
206.00,432.00,217.00,432.00,217.00,481.00,206.00,481.00
210.00,433.00,220.00,433.00,220.00,477.00,210.00,477.00
212.00,435.00,223.00,435.00,223.00,479.00,212.00,479.00
214.00,437.00,224.00,437.00,224.00,480.00,214.00,480.00
215.00,436.00,226.00,436.00,226.00,479.00,215.00,479.00
216.00,436.00,227.00,436.00,227.00,480.00,216.00,480.00
216.00,437.00,227.00,437.00,227.00,481.00,216.00,481.00
216.00,439.00,226.00,439.00,226.00,481.00,216.00,481.00
216.00,436.00,226.00,436.00,226.00,479.00,216.00,479.00
212.00,434.00,223.00,434.00,223.00,478.00,212.00,478.00
207.00,432.00,216.00,432.00,216.00,473.00,207.00,473.00
198.00,436.00,207.00,436.00,207.00,477.00,198.00,477.00
193.00,438.00,203.00,438.00,203.00,486.00,193.00,486.00
186.00,439.00,195.00,439.00,195.00,481.00,186.00,481.00
185.00,439.00,195.00,439.00,195.00,490.00,185.00,490.00
177.00,444.00,187.00,444.00,187.00,491.00,177.00,491.00
169.00,443.00,179.00,443.00,179.00,491.00,169.00,491.00
166.00,446.00,176.00,446.00,176.00,494.00,166.00,494.00
166.00,448.00,176.00,448.00,176.00,499.00,166.00,499.00
167.00,452.00,177.00,452.00,177.00,501.00,167.00,501.00
170.00,455.00,180.00,455.00,180.00,504.00,170.00,504.00
169.00,460.00,179.00,460.00,179.00,504.00,169.00,504.00
172.00,459.00,182.00,459.00,182.00,509.00,172.00,509.00
177.00,460.00,187.00,460.00,187.00,511.00,177.00,511.00
183.00,459.00,193.00,459.00,193.00,510.00,183.00,510.00
185.00,460.00,195.00,460.00,195.00,509.00,185.00,509.00
188.00,459.00,199.00,459.00,199.00,511.00,188.00,511.00
191.00,465.00,202.00,465.00,202.00,514.00,191.00,514.00
191.00,470.00,201.00,470.00,201.00,515.00,191.00,515.00
192.00,472.00,203.00,472.00,203.00,518.00,192.00,518.00
192.00,476.00,202.00,476.00,202.00,519.00,192.00,519.00
191.00,471.00,202.00,471.00,202.00,519.00,191.00,519.00
194.00,474.00,204.00,474.00,204.00,521.00,194.00,521.00
192.00,469.00,203.00,469.00,203.00,519.00,192.00,519.00
192.00,464.00,202.00,464.00,202.00,512.00,192.00,512.00
187.00,458.00,198.00,458.00,198.00,509.00,187.00,509.00
181.00,451.00,192.00,451.00,192.00,500.00,181.00,500.00
179.00,444.00,190.00,444.00,190.00,492.00,179.00,492.00
181.00,444.00,192.00,444.00,192.00,491.00,181.00,491.00
182.00,437.00,192.00,437.00,192.00,486.00,182.00,486.00
189.00,441.00,200.00,441.00,200.00,488.00,189.00,488.00
196.00,443.00,205.00,443.00,205.00,491.00,196.00,491.00
202.00,447.00,212.00,447.00,212.00,499.00,202.00,499.00
214.00,444.00,223.00,444.00,223.00,492.00,214.00,492.00
225.00,448.00,235.00,448.00,235.00,501.00,225.00,501.00
233.00,455.00,243.00,455.00,243.00,509.00,233.00,509.00
239.00,458.00,249.00,458.00,249.00,513.00,239.00,513.00
245.00,460.00,255.00,460.00,255.00,516.00,245.00,516.00
252.00,464.00,262.00,464.00,262.00,516.00,252.00,516.00
258.00,464.00,268.00,464.00,268.00,514.00,258.00,514.00
264.00,461.00,274.00,461.00,274.00,513.00,264.00,513.00
267.00,455.00,277.00,455.00,277.00,512.00,267.00,512.00
269.00,451.00,279.00,451.00,279.00,502.00,269.00,502.00
270.00,446.00,280.00,446.00,280.00,502.00,270.00,502.00
274.00,445.00,284.00,445.00,284.00,498.00,274.00,498.00
275.00,442.00,286.00,442.00,286.00,495.00,275.00,495.00
275.00,441.00,285.00,441.00,285.00,495.00,275.00,495.00
275.00,440.00,285.00,440.00,285.00,493.00,275.00,493.00
275.00,443.00,285.00,443.00,285.00,496.00,275.00,496.00
276.00,445.00,286.00,445.00,286.00,499.00,276.00,499.00
275.00,447.00,285.00,447.00,285.00,499.00,275.00,499.00
272.00,444.00,282.00,444.00,282.00,497.00,272.00,497.00
270.00,446.00,280.00,446.00,280.00,500.00,270.00,500.00
267.00,443.00,278.00,443.00,278.00,494.00,267.00,494.00
267.00,442.00,277.00,442.00,277.00,493.00,267.00,493.00
269.00,439.00,279.00,439.00,279.00,490.00,269.00,490.00
271.00,437.00,282.00,437.00,282.00,488.00,271.00,488.00
277.00,435.00,288.00,435.00,288.00,486.00,277.00,486.00
274.00,436.00,284.00,436.00,284.00,487.00,274.00,487.00
272.00,433.00,282.00,433.00,282.00,488.00,272.00,488.00
272.00,433.00,282.00,433.00,282.00,489.00,272.00,489.00
270.00,429.00,280.00,429.00,280.00,486.00,270.00,486.00
270.00,428.00,280.00,428.00,280.00,483.00,270.00,483.00
270.00,422.00,280.00,422.00,280.00,480.00,270.00,480.00
268.00,417.00,279.00,417.00,279.00,472.00,268.00,472.00
267.00,419.00,277.00,419.00,277.00,473.00,267.00,473.00
267.00,420.00,277.00,420.00,277.00,472.00,267.00,472.00
269.00,413.00,279.00,413.00,279.00,469.00,269.00,469.00
272.00,409.00,282.00,409.00,282.00,461.00,272.00,461.00
276.00,406.00,286.00,406.00,286.00,455.00,276.00,455.00
279.00,405.00,289.00,405.00,289.00,455.00,279.00,455.00
279.00,403.00,289.00,403.00,289.00,453.00,279.00,453.00
278.00,401.00,288.00,401.00,288.00,452.00,278.00,452.00
278.00,400.00,288.00,400.00,288.00,449.00,278.00,449.00
281.00,402.00,292.00,402.00,292.00,453.00,281.00,453.00
282.00,404.00,292.00,404.00,292.00,455.00,282.00,455.00
283.00,404.00,293.00,404.00,293.00,456.00,283.00,456.00
283.00,405.00,293.00,405.00,293.00,457.00,283.00,457.00
283.00,407.00,293.00,407.00,293.00,458.00,283.00,458.00
281.00,416.00,291.00,416.00,291.00,467.00,281.00,467.00
280.00,421.00,290.00,421.00,290.00,475.00,280.00,475.00
276.00,427.00,287.00,427.00,287.00,477.00,276.00,477.00
275.00,432.00,285.00,432.00,285.00,481.00,275.00,481.00
273.00,433.00,284.00,433.00,284.00,484.00,273.00,484.00
271.00,435.00,282.00,435.00,282.00,487.00,271.00,487.00
273.00,434.00,284.00,434.00,284.00,486.00,273.00,486.00
278.00,437.00,289.00,437.00,289.00,488.00,278.00,488.00
279.00,436.00,289.00,436.00,289.00,490.00,279.00,490.00
279.00,434.00,290.00,434.00,290.00,488.00,279.00,488.00
280.00,433.00,291.00,433.00,291.00,487.00,280.00,487.00
281.00,432.00,292.00,432.00,292.00,490.00,281.00,490.00
285.00,429.00,296.00,429.00,296.00,485.00,285.00,485.00
289.00,429.00,300.00,429.00,300.00,482.00,289.00,482.00
289.00,431.00,299.00,431.00,299.00,486.00,289.00,486.00
288.00,437.00,298.00,437.00,298.00,490.00,288.00,490.00
288.00,437.00,298.00,437.00,298.00,489.00,288.00,489.00
288.00,434.00,299.00,434.00,299.00,491.00,288.00,491.00
283.00,435.00,293.00,435.00,293.00,490.00,283.00,490.00
284.00,434.00,294.00,434.00,294.00,489.00,284.00,489.00
285.00,436.00,296.00,436.00,296.00,491.00,285.00,491.00
283.00,435.00,294.00,435.00,294.00,492.00,283.00,492.00
282.00,437.00,293.00,437.00,293.00,492.00,282.00,492.00
283.00,439.00,294.00,439.00,294.00,496.00,283.00,496.00
280.00,439.00,291.00,439.00,291.00,496.00,280.00,496.00
280.00,437.00,290.00,437.00,290.00,494.00,280.00,494.00
280.00,440.00,291.00,440.00,291.00,497.00,280.00,497.00
278.00,439.00,289.00,439.00,289.00,498.00,278.00,498.00
278.00,440.00,289.00,440.00,289.00,503.00,278.00,503.00
282.00,452.00,293.00,452.00,293.00,512.00,282.00,512.00
284.00,459.00,295.00,459.00,295.00,521.00,284.00,521.00
283.00,461.00,294.00,461.00,294.00,522.00,283.00,522.00
283.00,466.00,294.00,466.00,294.00,528.00,283.00,528.00
285.00,477.00,294.00,477.00,294.00,529.00,285.00,529.00
286.00,484.00,297.00,484.00,297.00,547.00,286.00,547.00
286.00,486.00,296.00,486.00,296.00,548.00,286.00,548.00
280.00,485.00,291.00,485.00,291.00,546.00,280.00,546.00
277.00,480.00,288.00,480.00,288.00,541.00,277.00,541.00
273.00,475.00,283.00,475.00,283.00,536.00,273.00,536.00
268.00,473.00,279.00,473.00,279.00,531.00,268.00,531.00
264.00,461.00,275.00,461.00,275.00,526.00,264.00,526.00
258.00,448.00,268.00,448.00,268.00,509.00,258.00,509.00
255.00,430.00,266.00,430.00,266.00,494.00,255.00,494.00
258.00,428.00,269.00,428.00,269.00,486.00,258.00,486.00
259.00,430.00,269.00,430.00,269.00,487.00,259.00,487.00
259.00,430.00,269.00,430.00,269.00,489.00,259.00,489.00
264.00,433.00,274.00,433.00,274.00,491.00,264.00,491.00
262.00,434.00,271.00,434.00,271.00,489.00,262.00,489.00
263.00,436.00,274.00,436.00,274.00,498.00,263.00,498.00
265.00,443.00,275.00,443.00,275.00,500.00,265.00,500.00
267.00,441.00,277.00,441.00,277.00,500.00,267.00,500.00
268.00,439.00,279.00,439.00,279.00,499.00,268.00,499.00
269.00,437.00,279.00,437.00,279.00,497.00,269.00,497.00
269.00,435.00,280.00,435.00,280.00,493.00,269.00,493.00
269.00,435.00,278.00,435.00,278.00,490.00,269.00,490.00
268.00,430.00,278.00,430.00,278.00,491.00,268.00,491.00
270.00,432.00,280.00,432.00,280.00,490.00,270.00,490.00
271.00,432.00,281.00,432.00,281.00,494.00,271.00,494.00
276.00,443.00,286.00,443.00,286.00,504.00,276.00,504.00
282.00,453.00,291.00,453.00,291.00,509.00,282.00,509.00
281.00,471.00,290.00,471.00,290.00,526.00,281.00,526.00
284.00,472.00,294.00,472.00,294.00,532.00,284.00,532.00
284.00,467.00,293.00,467.00,293.00,523.00,284.00,523.00
287.00,472.00,296.00,472.00,296.00,527.00,287.00,527.00
283.00,468.00,292.00,468.00,292.00,523.00,283.00,523.00
278.00,465.00,287.00,465.00,287.00,520.00,278.00,520.00
269.00,469.00,278.00,469.00,278.00,523.00,269.00,523.00
259.00,459.00,268.00,459.00,268.00,513.00,259.00,513.00
261.00,449.00,270.00,449.00,270.00,503.00,261.00,503.00
261.00,447.00,270.00,447.00,270.00,501.00,261.00,501.00
262.00,443.00,271.00,443.00,271.00,497.00,262.00,497.00
260.00,442.00,269.00,442.00,269.00,495.00,260.00,495.00
259.00,442.00,269.00,442.00,269.00,498.00,259.00,498.00
260.00,442.00,270.00,442.00,270.00,501.00,260.00,501.00
260.00,443.00,270.00,443.00,270.00,502.00,260.00,502.00
261.00,452.00,271.00,452.00,271.00,511.00,261.00,511.00
262.00,454.00,272.00,454.00,272.00,512.00,262.00,512.00
266.00,453.00,275.00,453.00,275.00,507.00,266.00,507.00
272.00,452.00,281.00,452.00,281.00,505.00,272.00,505.00
274.00,455.00,284.00,455.00,284.00,511.00,274.00,511.00
275.00,457.00,285.00,457.00,285.00,513.00,275.00,513.00
274.00,456.00,283.00,456.00,283.00,506.00,274.00,506.00
270.00,452.00,280.00,452.00,280.00,503.00,270.00,503.00
268.00,445.00,278.00,445.00,278.00,499.00,268.00,499.00
268.00,442.00,278.00,442.00,278.00,494.00,268.00,494.00
263.00,437.00,274.00,437.00,274.00,491.00,263.00,491.00
259.00,435.00,271.00,435.00,271.00,488.00,259.00,488.00
257.00,435.00,267.00,435.00,267.00,487.00,257.00,487.00
251.00,435.00,262.00,435.00,262.00,488.00,251.00,488.00
246.00,436.00,257.00,436.00,257.00,487.00,246.00,487.00
242.00,436.00,254.00,436.00,254.00,488.00,242.00,488.00
242.00,439.00,254.00,439.00,254.00,490.00,242.00,490.00
240.00,438.00,251.00,438.00,251.00,491.00,240.00,491.00
239.00,441.00,251.00,441.00,251.00,490.00,239.00,490.00
239.00,439.00,250.00,439.00,250.00,488.00,239.00,488.00
237.00,435.00,249.00,435.00,249.00,485.00,237.00,485.00
237.00,432.00,249.00,432.00,249.00,482.00,237.00,482.00
237.00,429.00,248.00,429.00,248.00,477.00,237.00,477.00
238.00,427.00,249.00,427.00,249.00,476.00,238.00,476.00
239.00,426.00,250.00,426.00,250.00,477.00,239.00,477.00
239.00,428.00,250.00,428.00,250.00,481.00,239.00,481.00
238.00,426.00,249.00,426.00,249.00,476.00,238.00,476.00
240.00,424.00,251.00,424.00,251.00,475.00,240.00,475.00
241.00,424.00,252.00,424.00,252.00,475.00,241.00,475.00
243.00,424.00,255.00,424.00,255.00,476.00,243.00,476.00
245.00,425.00,256.00,425.00,256.00,477.00,245.00,477.00
247.00,426.00,257.00,426.00,257.00,475.00,247.00,475.00
247.00,425.00,258.00,425.00,258.00,477.00,247.00,477.00
249.00,427.00,260.00,427.00,260.00,478.00,249.00,478.00
254.00,426.00,265.00,426.00,265.00,477.00,254.00,477.00
260.00,427.00,271.00,427.00,271.00,478.00,260.00,478.00
262.00,435.00,273.00,435.00,273.00,484.00,262.00,484.00
264.00,436.00,275.00,436.00,275.00,486.00,264.00,486.00
262.00,436.00,273.00,436.00,273.00,487.00,262.00,487.00
266.00,439.00,277.00,439.00,277.00,488.00,266.00,488.00
268.00,438.00,278.00,438.00,278.00,490.00,268.00,490.00
267.00,444.00,278.00,444.00,278.00,493.00,267.00,493.00
269.00,444.00,279.00,444.00,279.00,492.00,269.00,492.00
265.00,448.00,276.00,448.00,276.00,500.00,265.00,500.00
269.00,449.00,280.00,449.00,280.00,499.00,269.00,499.00
267.00,452.00,278.00,452.00,278.00,502.00,267.00,502.00
270.00,454.00,281.00,454.00,281.00,505.00,270.00,505.00
271.00,458.00,281.00,458.00,281.00,506.00,271.00,506.00
269.00,460.00,280.00,460.00,280.00,507.00,269.00,507.00
269.00,461.00,280.00,461.00,280.00,508.00,269.00,508.00
268.00,465.00,279.00,465.00,279.00,513.00,268.00,513.00
268.00,465.00,279.00,465.00,279.00,515.00,268.00,515.00
269.00,465.00,280.00,465.00,280.00,512.00,269.00,512.00
269.00,463.00,280.00,463.00,280.00,510.00,269.00,510.00
270.00,455.00,281.00,455.00,281.00,509.00,270.00,509.00
271.00,453.00,282.00,453.00,282.00,505.00,271.00,505.00
265.00,446.00,276.00,446.00,276.00,503.00,265.00,503.00
262.00,441.00,273.00,441.00,273.00,498.00,262.00,498.00
267.00,439.00,278.00,439.00,278.00,495.00,267.00,495.00
271.00,439.00,282.00,439.00,282.00,493.00,271.00,493.00
272.00,440.00,283.00,440.00,283.00,491.00,272.00,491.00
273.00,438.00,284.00,438.00,284.00,492.00,273.00,492.00
276.00,438.00,287.00,438.00,287.00,490.00,276.00,490.00
278.00,437.00,289.00,437.00,289.00,491.00,278.00,491.00
278.00,435.00,289.00,435.00,289.00,489.00,278.00,489.00
276.00,433.00,287.00,433.00,287.00,489.00,276.00,489.00
275.00,432.00,287.00,432.00,287.00,489.00,275.00,489.00
279.00,432.00,290.00,432.00,290.00,489.00,279.00,489.00
280.00,434.00,291.00,434.00,291.00,490.00,280.00,490.00
280.00,436.00,291.00,436.00,291.00,490.00,280.00,490.00
281.00,439.00,291.00,439.00,291.00,490.00,281.00,490.00
281.00,440.00,291.00,440.00,291.00,493.00,281.00,493.00
275.00,445.00,287.00,445.00,287.00,500.00,275.00,500.00
276.00,446.00,287.00,446.00,287.00,502.00,276.00,502.00
270.00,452.00,282.00,452.00,282.00,511.00,270.00,511.00
268.00,457.00,280.00,457.00,280.00,515.00,268.00,515.00
263.00,462.00,275.00,462.00,275.00,517.00,263.00,517.00
259.00,464.00,270.00,464.00,270.00,520.00,259.00,520.00
255.00,467.00,266.00,467.00,266.00,522.00,255.00,522.00
253.00,472.00,264.00,472.00,264.00,525.00,253.00,525.00
251.00,473.00,262.00,473.00,262.00,527.00,251.00,527.00
248.00,475.00,259.00,475.00,259.00,529.00,248.00,529.00
247.00,474.00,258.00,474.00,258.00,530.00,247.00,530.00
244.00,477.00,255.00,477.00,255.00,532.00,244.00,532.00
243.00,477.00,254.00,477.00,254.00,533.00,243.00,533.00
234.00,475.00,245.00,475.00,245.00,537.00,234.00,537.00
235.00,477.00,247.00,477.00,247.00,538.00,235.00,538.00
235.00,475.00,246.00,475.00,246.00,538.00,235.00,538.00
237.00,478.00,248.00,478.00,248.00,536.00,237.00,536.00
236.00,478.00,247.00,478.00,247.00,539.00,236.00,539.00
238.00,480.00,249.00,480.00,249.00,539.00,238.00,539.00
238.00,482.00,249.00,482.00,249.00,543.00,238.00,543.00
250.00,482.00,261.00,482.00,261.00,537.00,250.00,537.00
251.00,483.00,262.00,483.00,262.00,534.00,251.00,534.00
252.00,483.00,263.00,483.00,263.00,535.00,252.00,535.00
243.00,480.00,254.00,480.00,254.00,544.00,243.00,544.00
246.00,481.00,257.00,481.00,257.00,541.00,246.00,541.00
254.00,483.00,265.00,483.00,265.00,538.00,254.00,538.00
255.00,484.00,266.00,484.00,266.00,538.00,255.00,538.00
252.00,484.00,263.00,484.00,263.00,541.00,252.00,541.00
255.00,484.00,266.00,484.00,266.00,539.00,255.00,539.00
253.00,483.00,264.00,483.00,264.00,540.00,253.00,540.00
249.00,484.00,261.00,484.00,261.00,546.00,249.00,546.00
250.00,485.00,261.00,485.00,261.00,543.00,250.00,543.00
256.00,484.00,267.00,484.00,267.00,541.00,256.00,541.00
255.00,486.00,266.00,486.00,266.00,543.00,255.00,543.00
254.00,485.00,266.00,485.00,266.00,547.00,254.00,547.00
263.00,487.00,273.00,487.00,273.00,540.00,263.00,540.00
262.00,490.00,273.00,490.00,273.00,544.00,262.00,544.00
261.00,480.00,271.00,480.00,271.00,542.00,261.00,542.00
253.00,487.00,264.00,487.00,264.00,538.00,253.00,538.00
251.00,483.00,262.00,483.00,262.00,538.00,251.00,538.00
257.00,481.00,268.00,481.00,268.00,536.00,257.00,536.00
265.00,476.00,276.00,476.00,276.00,529.00,265.00,529.00
268.00,473.00,279.00,473.00,279.00,524.00,268.00,524.00
266.00,473.00,277.00,473.00,277.00,525.00,266.00,525.00
258.00,471.00,270.00,471.00,270.00,535.00,258.00,535.00
256.00,475.00,267.00,475.00,267.00,542.00,256.00,542.00
254.00,477.00,265.00,477.00,265.00,542.00,254.00,542.00
264.00,484.00,275.00,484.00,275.00,538.00,264.00,538.00
262.00,483.00,273.00,483.00,273.00,540.00,262.00,540.00
261.00,477.00,272.00,477.00,272.00,536.00,261.00,536.00
268.00,473.00,279.00,473.00,279.00,530.00,268.00,530.00
266.00,470.00,277.00,470.00,277.00,530.00,266.00,530.00
274.00,470.00,285.00,470.00,285.00,525.00,274.00,525.00
273.00,466.00,284.00,466.00,284.00,523.00,273.00,523.00
271.00,465.00,282.00,465.00,282.00,525.00,271.00,525.00
280.00,462.00,291.00,462.00,291.00,520.00,280.00,520.00
283.00,462.00,294.00,462.00,294.00,519.00,283.00,519.00
284.00,460.00,295.00,460.00,295.00,518.00,284.00,518.00
282.00,462.00,293.00,462.00,293.00,520.00,282.00,520.00
283.00,459.00,294.00,459.00,294.00,518.00,283.00,518.00
280.00,459.00,291.00,459.00,291.00,518.00,280.00,518.00
277.00,456.00,288.00,456.00,288.00,521.00,277.00,521.00
283.00,458.00,294.00,458.00,294.00,518.00,283.00,518.00
284.00,459.00,295.00,459.00,295.00,522.00,284.00,522.00
284.00,457.00,294.00,457.00,294.00,525.00,284.00,525.00
286.00,463.00,297.00,463.00,297.00,520.00,286.00,520.00
284.00,467.00,295.00,467.00,295.00,526.00,284.00,526.00
284.00,468.00,295.00,468.00,295.00,527.00,284.00,527.00
281.00,468.00,292.00,468.00,292.00,525.00,281.00,525.00
279.00,462.00,289.00,462.00,289.00,530.00,279.00,530.00
274.00,468.00,285.00,468.00,285.00,525.00,274.00,525.00
264.00,464.00,275.00,464.00,275.00,526.00,264.00,526.00
254.00,459.00,266.00,459.00,266.00,529.00,254.00,529.00
252.00,460.00,264.00,460.00,264.00,527.00,252.00,527.00
247.00,458.00,258.00,458.00,258.00,526.00,247.00,526.00
249.00,457.00,260.00,457.00,260.00,523.00,249.00,523.00
247.00,458.00,258.00,458.00,258.00,526.00,247.00,526.00
247.00,459.00,258.00,459.00,258.00,526.00,247.00,526.00
250.00,458.00,261.00,458.00,261.00,524.00,250.00,524.00
261.00,453.00,271.00,453.00,271.00,522.00,261.00,522.00
260.00,459.00,271.00,459.00,271.00,520.00,260.00,520.00
263.00,458.00,274.00,458.00,274.00,521.00,263.00,521.00
267.00,459.00,278.00,459.00,278.00,522.00,267.00,522.00
263.00,461.00,274.00,461.00,274.00,525.00,263.00,525.00
272.00,462.00,282.00,462.00,282.00,521.00,272.00,521.00
269.00,462.00,280.00,462.00,280.00,522.00,269.00,522.00
265.00,465.00,276.00,465.00,276.00,527.00,265.00,527.00
265.00,471.00,276.00,471.00,276.00,530.00,265.00,530.00
266.00,473.00,277.00,473.00,277.00,534.00,266.00,534.00
260.00,479.00,271.00,479.00,271.00,540.00,260.00,540.00
261.00,483.00,272.00,483.00,272.00,539.00,261.00,539.00
258.00,485.00,269.00,485.00,269.00,546.00,258.00,546.00
256.00,490.00,267.00,490.00,267.00,551.00,256.00,551.00
258.00,492.00,269.00,492.00,269.00,552.00,258.00,552.00
260.00,496.00,271.00,496.00,271.00,553.00,260.00,553.00
258.00,491.00,269.00,491.00,269.00,554.00,258.00,554.00
263.00,496.00,274.00,496.00,274.00,556.00,263.00,556.00
263.00,497.00,274.00,497.00,274.00,555.00,263.00,555.00
259.00,495.00,270.00,495.00,270.00,558.00,259.00,558.00
266.00,495.00,277.00,495.00,277.00,555.00,266.00,555.00
265.00,493.00,276.00,493.00,276.00,557.00,265.00,557.00
259.00,491.00,270.00,491.00,270.00,560.00,259.00,560.00
263.00,495.00,274.00,495.00,274.00,562.00,263.00,562.00
254.00,496.00,265.00,496.00,265.00,566.00,254.00,566.00
255.00,496.00,267.00,496.00,267.00,567.00,255.00,567.00
254.00,496.00,266.00,496.00,266.00,571.00,254.00,571.00
255.00,502.00,266.00,502.00,266.00,573.00,255.00,573.00
261.00,511.00,272.00,511.00,272.00,577.00,261.00,577.00
262.00,512.00,273.00,512.00,273.00,577.00,262.00,577.00
259.00,515.00,270.00,515.00,270.00,581.00,259.00,581.00
270.00,522.00,280.00,522.00,280.00,580.00,270.00,580.00
263.00,521.00,274.00,521.00,274.00,585.00,263.00,585.00
264.00,523.00,275.00,523.00,275.00,589.00,264.00,589.00
261.00,520.00,271.00,520.00,271.00,597.00,261.00,597.00
258.00,525.00,269.00,525.00,269.00,596.00,258.00,596.00
263.00,533.00,274.00,533.00,274.00,599.00,263.00,599.00
261.00,534.00,272.00,534.00,272.00,601.00,261.00,601.00
259.00,527.00,271.00,527.00,271.00,598.00,259.00,598.00
255.00,530.00,266.00,530.00,266.00,600.00,255.00,600.00
252.00,531.00,263.00,531.00,263.00,600.00,252.00,600.00
249.00,527.00,260.00,527.00,260.00,597.00,249.00,597.00
250.00,526.00,261.00,526.00,261.00,595.00,250.00,595.00
250.00,520.00,261.00,520.00,261.00,593.00,250.00,593.00
253.00,520.00,264.00,520.00,264.00,594.00,253.00,594.00
258.00,514.00,268.00,514.00,268.00,591.00,258.00,591.00
262.00,521.00,273.00,521.00,273.00,587.00,262.00,587.00
263.00,521.00,274.00,521.00,274.00,586.00,263.00,586.00
266.00,524.00,277.00,524.00,277.00,587.00,266.00,587.00
267.00,525.00,278.00,525.00,278.00,589.00,267.00,589.00
266.00,529.00,277.00,529.00,277.00,591.00,266.00,591.00
266.00,528.00,277.00,528.00,277.00,590.00,266.00,590.00
265.00,529.00,276.00,529.00,276.00,592.00,265.00,592.00
264.00,529.00,275.00,529.00,275.00,595.00,264.00,595.00
264.00,531.00,275.00,531.00,275.00,596.00,264.00,596.00
256.00,532.00,267.00,532.00,267.00,603.00,256.00,603.00
263.00,532.00,274.00,532.00,274.00,602.00,263.00,602.00
267.00,534.00,278.00,534.00,278.00,600.00,267.00,600.00
268.00,536.00,279.00,536.00,279.00,607.00,268.00,607.00
268.00,542.00,279.00,542.00,279.00,609.00,268.00,609.00
266.00,547.00,277.00,547.00,277.00,613.00,266.00,613.00
269.00,547.00,279.00,547.00,279.00,613.00,269.00,613.00
268.00,551.00,278.00,551.00,278.00,615.00,268.00,615.00
268.00,545.00,278.00,545.00,278.00,614.00,268.00,614.00
268.00,548.00,279.00,548.00,279.00,617.00,268.00,617.00
267.00,549.00,277.00,549.00,277.00,619.00,267.00,619.00
260.00,547.00,271.00,547.00,271.00,625.00,260.00,625.00
262.00,550.00,273.00,550.00,273.00,622.00,262.00,622.00
261.00,549.00,272.00,549.00,272.00,625.00,261.00,625.00
264.00,548.00,275.00,548.00,275.00,619.00,264.00,619.00
264.00,545.00,274.00,545.00,274.00,621.00,264.00,621.00
264.00,543.00,274.00,543.00,274.00,619.00,264.00,619.00
265.00,546.00,275.00,546.00,275.00,617.00,265.00,617.00
266.00,542.00,276.00,542.00,276.00,615.00,266.00,615.00
265.00,543.00,275.00,543.00,275.00,617.00,265.00,617.00
268.00,539.00,279.00,539.00,279.00,613.00,268.00,613.00
268.00,539.00,279.00,539.00,279.00,610.00,268.00,610.00
268.00,540.00,280.00,540.00,280.00,609.00,268.00,609.00
270.00,537.00,281.00,537.00,281.00,603.00,270.00,603.00
272.00,532.00,283.00,532.00,283.00,598.00,272.00,598.00
270.00,529.00,281.00,529.00,281.00,596.00,270.00,596.00
270.00,524.00,281.00,524.00,281.00,592.00,270.00,592.00
270.00,519.00,280.00,519.00,280.00,584.00,270.00,584.00
270.00,517.00,281.00,517.00,281.00,582.00,270.00,582.00
254.00,513.00,265.00,513.00,265.00,586.00,254.00,586.00
263.00,512.00,274.00,512.00,274.00,584.00,263.00,584.00
274.00,512.00,285.00,512.00,285.00,582.00,274.00,582.00
271.00,508.00,282.00,508.00,282.00,580.00,271.00,580.00
281.00,513.00,292.00,513.00,292.00,582.00,281.00,582.00
283.00,515.00,294.00,515.00,294.00,583.00,283.00,583.00
285.00,514.00,296.00,514.00,296.00,582.00,285.00,582.00
287.00,515.00,298.00,515.00,298.00,585.00,287.00,585.00
289.00,516.00,300.00,516.00,300.00,589.00,289.00,589.00
291.00,518.00,302.00,518.00,302.00,588.00,291.00,588.00
285.00,519.00,296.00,519.00,296.00,590.00,285.00,590.00
291.00,517.00,302.00,517.00,302.00,588.00,291.00,588.00
292.00,515.00,303.00,515.00,303.00,586.00,292.00,586.00
288.00,515.00,299.00,515.00,299.00,584.00,288.00,584.00
288.00,518.00,299.00,518.00,299.00,591.00,288.00,591.00
291.00,519.00,302.00,519.00,302.00,588.00,291.00,588.00
291.00,522.00,302.00,522.00,302.00,590.00,291.00,590.00
292.00,521.00,303.00,521.00,303.00,592.00,292.00,592.00
283.00,520.00,294.00,520.00,294.00,593.00,283.00,593.00
291.00,524.00,302.00,524.00,302.00,598.00,291.00,598.00
286.00,526.00,297.00,526.00,297.00,596.00,286.00,596.00
277.00,527.00,288.00,527.00,288.00,601.00,277.00,601.00
279.00,528.00,290.00,528.00,290.00,600.00,279.00,600.00
281.00,526.00,292.00,526.00,292.00,602.00,281.00,602.00
276.00,526.00,287.00,526.00,287.00,601.00,276.00,601.00
271.00,524.00,282.00,524.00,282.00,602.00,271.00,602.00
276.00,527.00,287.00,527.00,287.00,602.00,276.00,602.00
271.00,518.00,281.00,518.00,281.00,601.00,271.00,601.00
278.00,516.00,288.00,516.00,288.00,599.00,278.00,599.00
275.00,517.00,285.00,517.00,285.00,601.00,275.00,601.00
276.00,515.00,286.00,515.00,286.00,600.00,276.00,600.00
272.00,511.00,282.00,511.00,282.00,595.00,272.00,595.00
278.00,511.00,288.00,511.00,288.00,594.00,278.00,594.00
280.00,480.00,290.00,480.00,290.00,563.00,280.00,563.00
268.00,501.00,278.00,501.00,278.00,584.00,268.00,584.00
257.00,501.00,267.00,501.00,267.00,584.00,257.00,584.00
271.00,500.00,281.00,500.00,281.00,585.00,271.00,585.00
