1
72.00,126.00,107.00,126.00,107.00,150.00,72.00,150.00
73.00,127.00,106.00,127.00,106.00,151.00,73.00,151.00
75.00,127.00,107.00,127.00,107.00,149.00,75.00,149.00
74.00,126.00,108.00,126.00,108.00,150.00,74.00,150.00
75.00,126.00,110.00,126.00,110.00,150.00,75.00,150.00
76.00,127.00,109.00,127.00,109.00,150.00,76.00,150.00
77.00,126.00,110.00,126.00,110.00,150.00,77.00,150.00
77.00,126.00,112.00,126.00,112.00,149.00,77.00,149.00
78.00,126.00,112.00,126.00,112.00,149.00,78.00,149.00
78.00,126.00,112.00,126.00,112.00,149.00,78.00,149.00
79.00,126.00,112.00,126.00,112.00,148.00,79.00,148.00
80.00,126.00,113.00,126.00,113.00,148.00,80.00,148.00
81.00,125.00,114.00,125.00,114.00,149.00,81.00,149.00
82.00,126.00,113.00,126.00,113.00,147.00,82.00,147.00
81.00,124.00,116.00,124.00,116.00,146.00,81.00,146.00
83.00,125.00,114.00,125.00,114.00,147.00,83.00,147.00
82.00,125.00,115.00,125.00,115.00,145.00,82.00,145.00
83.00,125.00,115.00,125.00,115.00,146.00,83.00,146.00
84.00,124.00,116.00,124.00,116.00,145.00,84.00,145.00
83.00,124.00,116.00,124.00,116.00,144.00,83.00,144.00
84.00,125.00,117.00,125.00,117.00,146.00,84.00,146.00
85.00,124.00,118.00,124.00,118.00,145.00,85.00,145.00
86.00,124.00,119.00,124.00,119.00,145.00,86.00,145.00
86.00,124.00,119.00,124.00,119.00,146.00,86.00,146.00
86.00,124.00,120.00,124.00,120.00,145.00,86.00,145.00
87.00,125.00,119.00,125.00,119.00,146.00,87.00,146.00
88.00,124.00,120.00,124.00,120.00,145.00,88.00,145.00
88.00,125.00,120.00,125.00,120.00,146.00,88.00,146.00
88.00,125.00,122.00,125.00,122.00,145.00,88.00,145.00
90.00,125.00,122.00,125.00,122.00,146.00,90.00,146.00
89.00,125.00,122.00,125.00,122.00,146.00,89.00,146.00
89.00,125.00,123.00,125.00,123.00,146.00,89.00,146.00
88.00,126.00,123.00,126.00,123.00,146.00,88.00,146.00
89.00,125.00,122.00,125.00,122.00,145.00,89.00,145.00
89.00,126.00,124.00,126.00,124.00,147.00,89.00,147.00
90.00,126.00,124.00,126.00,124.00,146.00,90.00,146.00
90.00,126.00,126.00,126.00,126.00,146.00,90.00,146.00
90.00,126.00,123.00,126.00,123.00,146.00,90.00,146.00
91.00,126.00,125.00,126.00,125.00,146.00,91.00,146.00
91.00,127.00,125.00,127.00,125.00,147.00,91.00,147.00
90.00,127.00,124.00,127.00,124.00,148.00,90.00,148.00
91.00,128.00,126.00,128.00,126.00,149.00,91.00,149.00
91.00,128.00,126.00,128.00,126.00,148.00,91.00,148.00
91.00,129.00,126.00,129.00,126.00,149.00,91.00,149.00
91.00,129.00,127.00,129.00,127.00,150.00,91.00,150.00
91.00,130.00,126.00,130.00,126.00,150.00,91.00,150.00
91.00,130.00,127.00,130.00,127.00,150.00,91.00,150.00
93.00,131.00,126.00,131.00,126.00,150.00,93.00,150.00
93.00,131.00,128.00,131.00,128.00,151.00,93.00,151.00
92.00,131.00,128.00,131.00,128.00,151.00,92.00,151.00
93.00,131.00,128.00,131.00,128.00,151.00,93.00,151.00
93.00,131.00,130.00,131.00,130.00,151.00,93.00,151.00
93.00,130.00,128.00,130.00,128.00,150.00,93.00,150.00
93.00,130.00,129.00,130.00,129.00,151.00,93.00,151.00
93.00,130.00,129.00,130.00,129.00,150.00,93.00,150.00
94.00,130.00,129.00,130.00,129.00,150.00,94.00,150.00
96.00,129.00,131.00,129.00,131.00,149.00,96.00,149.00
95.00,130.00,131.00,130.00,131.00,150.00,95.00,150.00
97.00,130.00,131.00,130.00,131.00,150.00,97.00,150.00
97.00,129.00,132.00,129.00,132.00,149.00,97.00,149.00
98.00,129.00,131.00,129.00,131.00,148.00,98.00,148.00
98.00,130.00,130.00,130.00,130.00,149.00,98.00,149.00
98.00,129.00,133.00,129.00,133.00,149.00,98.00,149.00
99.00,130.00,132.00,130.00,132.00,149.00,99.00,149.00
99.00,129.00,132.00,129.00,132.00,148.00,99.00,148.00
98.00,128.00,133.00,128.00,133.00,149.00,98.00,149.00
97.00,129.00,133.00,129.00,133.00,148.00,97.00,148.00
98.00,129.00,134.00,129.00,134.00,148.00,98.00,148.00
99.00,130.00,135.00,130.00,135.00,149.00,99.00,149.00
99.00,129.00,134.00,129.00,134.00,149.00,99.00,149.00
99.00,129.00,136.00,129.00,136.00,148.00,99.00,148.00
99.00,128.00,135.00,128.00,135.00,149.00,99.00,149.00
99.00,128.00,135.00,128.00,135.00,148.00,99.00,148.00
100.00,128.00,134.00,128.00,134.00,149.00,100.00,149.00
100.00,129.00,136.00,129.00,136.00,149.00,100.00,149.00
100.00,128.00,137.00,128.00,137.00,149.00,100.00,149.00
100.00,128.00,135.00,128.00,135.00,149.00,100.00,149.00
101.00,128.00,137.00,128.00,137.00,149.00,101.00,149.00
100.00,128.00,137.00,128.00,137.00,149.00,100.00,149.00
100.00,129.00,137.00,129.00,137.00,149.00,100.00,149.00
100.00,128.00,137.00,128.00,137.00,148.00,100.00,148.00
101.00,128.00,137.00,128.00,137.00,149.00,101.00,149.00
101.00,128.00,138.00,128.00,138.00,149.00,101.00,149.00
101.00,128.00,138.00,128.00,138.00,148.00,101.00,148.00
100.00,128.00,137.00,128.00,137.00,150.00,100.00,150.00
101.00,128.00,139.00,128.00,139.00,149.00,101.00,149.00
100.00,128.00,139.00,128.00,139.00,149.00,100.00,149.00
100.00,127.00,138.00,127.00,138.00,149.00,100.00,149.00
100.00,128.00,138.00,128.00,138.00,149.00,100.00,149.00
100.00,128.00,138.00,128.00,138.00,149.00,100.00,149.00
101.00,128.00,139.00,128.00,139.00,149.00,101.00,149.00
101.00,127.00,137.00,127.00,137.00,148.00,101.00,148.00
100.00,128.00,138.00,128.00,138.00,148.00,100.00,148.00
100.00,127.00,139.00,127.00,139.00,148.00,100.00,148.00
100.00,127.00,138.00,127.00,138.00,148.00,100.00,148.00
100.00,127.00,138.00,127.00,138.00,149.00,100.00,149.00
100.00,127.00,140.00,127.00,140.00,148.00,100.00,148.00
100.00,128.00,140.00,128.00,140.00,149.00,100.00,149.00
100.00,127.00,140.00,127.00,140.00,149.00,100.00,149.00
100.00,128.00,139.00,128.00,139.00,149.00,100.00,149.00
99.00,127.00,140.00,127.00,140.00,149.00,99.00,149.00
100.00,127.00,140.00,127.00,140.00,148.00,100.00,148.00
100.00,127.00,141.00,127.00,141.00,149.00,100.00,149.00
100.00,127.00,140.00,127.00,140.00,149.00,100.00,149.00
100.00,127.00,140.00,127.00,140.00,149.00,100.00,149.00
101.00,127.00,140.00,127.00,140.00,149.00,101.00,149.00
101.00,127.00,141.00,127.00,141.00,148.00,101.00,148.00
101.00,126.00,140.00,126.00,140.00,149.00,101.00,149.00
101.00,127.00,141.00,127.00,141.00,150.00,101.00,150.00
101.00,127.00,140.00,127.00,140.00,148.00,101.00,148.00
102.00,127.00,140.00,127.00,140.00,149.00,102.00,149.00
101.00,127.00,141.00,127.00,141.00,149.00,101.00,149.00
102.00,126.00,140.00,126.00,140.00,148.00,102.00,148.00
102.00,127.00,140.00,127.00,140.00,149.00,102.00,149.00
101.00,126.00,140.00,126.00,140.00,149.00,101.00,149.00
101.00,126.00,138.00,126.00,138.00,148.00,101.00,148.00
101.00,126.00,138.00,126.00,138.00,147.00,101.00,147.00
101.00,126.00,140.00,126.00,140.00,147.00,101.00,147.00
101.00,126.00,140.00,126.00,140.00,147.00,101.00,147.00
101.00,125.00,140.00,125.00,140.00,147.00,101.00,147.00
102.00,125.00,141.00,125.00,141.00,147.00,102.00,147.00
101.00,126.00,141.00,126.00,141.00,146.00,101.00,146.00
102.00,125.00,140.00,125.00,140.00,147.00,102.00,147.00
101.00,125.00,141.00,125.00,141.00,146.00,101.00,146.00
103.00,125.00,140.00,125.00,140.00,147.00,103.00,147.00
102.00,125.00,141.00,125.00,141.00,147.00,102.00,147.00
102.00,125.00,140.00,125.00,140.00,147.00,102.00,147.00
102.00,125.00,140.00,125.00,140.00,147.00,102.00,147.00
102.00,125.00,140.00,125.00,140.00,146.00,102.00,146.00
101.00,125.00,141.00,125.00,141.00,147.00,101.00,147.00
101.00,126.00,141.00,126.00,141.00,147.00,101.00,147.00
102.00,125.00,141.00,125.00,141.00,147.00,102.00,147.00
102.00,126.00,142.00,126.00,142.00,147.00,102.00,147.00
102.00,126.00,142.00,126.00,142.00,147.00,102.00,147.00
102.00,126.00,141.00,126.00,141.00,148.00,102.00,148.00
102.00,126.00,141.00,126.00,141.00,147.00,102.00,147.00
102.00,126.00,141.00,126.00,141.00,148.00,102.00,148.00
102.00,125.00,142.00,125.00,142.00,147.00,102.00,147.00
102.00,126.00,141.00,126.00,141.00,147.00,102.00,147.00
101.00,126.00,141.00,126.00,141.00,147.00,101.00,147.00
103.00,125.00,140.00,125.00,140.00,147.00,103.00,147.00
102.00,125.00,141.00,125.00,141.00,147.00,102.00,147.00
102.00,125.00,140.00,125.00,140.00,147.00,102.00,147.00
102.00,125.00,139.00,125.00,139.00,147.00,102.00,147.00
102.00,125.00,140.00,125.00,140.00,146.00,102.00,146.00
101.00,125.00,139.00,125.00,139.00,146.00,101.00,146.00
102.00,125.00,140.00,125.00,140.00,146.00,102.00,146.00
102.00,125.00,140.00,125.00,140.00,147.00,102.00,147.00
101.00,125.00,141.00,125.00,141.00,147.00,101.00,147.00
102.00,125.00,141.00,125.00,141.00,146.00,102.00,146.00
102.00,125.00,140.00,125.00,140.00,146.00,102.00,146.00
102.00,125.00,140.00,125.00,140.00,147.00,102.00,147.00
102.00,125.00,140.00,125.00,140.00,146.00,102.00,146.00
101.00,125.00,141.00,125.00,141.00,147.00,101.00,147.00
101.00,124.00,140.00,124.00,140.00,147.00,101.00,147.00
101.00,125.00,140.00,125.00,140.00,147.00,101.00,147.00
102.00,125.00,140.00,125.00,140.00,147.00,102.00,147.00
101.00,125.00,141.00,125.00,141.00,148.00,101.00,148.00
101.00,126.00,141.00,126.00,141.00,147.00,101.00,147.00
102.00,126.00,141.00,126.00,141.00,147.00,102.00,147.00
102.00,126.00,139.00,126.00,139.00,146.00,102.00,146.00
102.00,126.00,141.00,126.00,141.00,148.00,102.00,148.00
101.00,126.00,141.00,126.00,141.00,147.00,101.00,147.00
102.00,126.00,140.00,126.00,140.00,147.00,102.00,147.00
102.00,126.00,140.00,126.00,140.00,147.00,102.00,147.00
102.00,126.00,142.00,126.00,142.00,148.00,102.00,148.00
102.00,126.00,139.00,126.00,139.00,148.00,102.00,148.00
102.00,126.00,139.00,126.00,139.00,147.00,102.00,147.00
102.00,126.00,140.00,126.00,140.00,148.00,102.00,148.00
102.00,126.00,141.00,126.00,141.00,148.00,102.00,148.00
102.00,126.00,140.00,126.00,140.00,148.00,102.00,148.00
101.00,126.00,142.00,126.00,142.00,148.00,101.00,148.00
101.00,126.00,140.00,126.00,140.00,148.00,101.00,148.00
102.00,125.00,140.00,125.00,140.00,147.00,102.00,147.00
102.00,126.00,140.00,126.00,140.00,147.00,102.00,147.00
102.00,125.00,141.00,125.00,141.00,147.00,102.00,147.00
103.00,125.00,141.00,125.00,141.00,147.00,103.00,147.00
101.00,125.00,141.00,125.00,141.00,148.00,101.00,148.00
102.00,125.00,141.00,125.00,141.00,146.00,102.00,146.00
103.00,125.00,142.00,125.00,142.00,147.00,103.00,147.00
103.00,125.00,141.00,125.00,141.00,147.00,103.00,147.00
102.00,126.00,141.00,126.00,141.00,147.00,102.00,147.00
102.00,126.00,141.00,126.00,141.00,148.00,102.00,148.00
102.00,126.00,141.00,126.00,141.00,146.00,102.00,146.00
103.00,127.00,143.00,127.00,143.00,147.00,103.00,147.00
103.00,127.00,142.00,127.00,142.00,147.00,103.00,147.00
102.00,127.00,141.00,127.00,141.00,147.00,102.00,147.00
103.00,127.00,142.00,127.00,142.00,148.00,103.00,148.00
102.00,127.00,142.00,127.00,142.00,148.00,102.00,148.00
102.00,127.00,142.00,127.00,142.00,148.00,102.00,148.00
101.00,127.00,143.00,127.00,143.00,149.00,101.00,149.00
102.00,127.00,144.00,127.00,144.00,149.00,102.00,149.00
102.00,127.00,143.00,127.00,143.00,149.00,102.00,149.00
102.00,127.00,142.00,127.00,142.00,148.00,102.00,148.00
103.00,127.00,143.00,127.00,143.00,148.00,103.00,148.00
104.00,127.00,143.00,127.00,143.00,147.00,104.00,147.00
103.00,126.00,145.00,126.00,145.00,146.00,103.00,146.00
103.00,126.00,145.00,126.00,145.00,146.00,103.00,146.00
104.00,127.00,144.00,127.00,144.00,146.00,104.00,146.00
105.00,126.00,145.00,126.00,145.00,146.00,105.00,146.00
104.00,126.00,144.00,126.00,144.00,146.00,104.00,146.00
103.00,125.00,144.00,125.00,144.00,146.00,103.00,146.00
105.00,126.00,145.00,126.00,145.00,146.00,105.00,146.00
105.00,126.00,145.00,126.00,145.00,146.00,105.00,146.00
105.00,126.00,144.00,126.00,144.00,146.00,105.00,146.00
104.00,126.00,144.00,126.00,144.00,146.00,104.00,146.00
104.00,126.00,146.00,126.00,146.00,146.00,104.00,146.00
105.00,126.00,144.00,126.00,144.00,147.00,105.00,147.00
106.00,127.00,145.00,127.00,145.00,147.00,106.00,147.00
106.00,126.00,145.00,126.00,145.00,146.00,106.00,146.00
106.00,127.00,145.00,127.00,145.00,147.00,106.00,147.00
106.00,126.00,145.00,126.00,145.00,146.00,106.00,146.00
106.00,127.00,145.00,127.00,145.00,147.00,106.00,147.00
106.00,127.00,147.00,127.00,147.00,148.00,106.00,148.00
106.00,127.00,147.00,127.00,147.00,148.00,106.00,148.00
105.00,127.00,146.00,127.00,146.00,149.00,105.00,149.00
105.00,127.00,148.00,127.00,148.00,148.00,105.00,148.00
106.00,128.00,148.00,128.00,148.00,148.00,106.00,148.00
107.00,128.00,147.00,128.00,147.00,148.00,107.00,148.00
108.00,128.00,148.00,128.00,148.00,147.00,108.00,147.00
107.00,128.00,147.00,128.00,147.00,148.00,107.00,148.00
107.00,128.00,147.00,128.00,147.00,148.00,107.00,148.00
106.00,127.00,146.00,127.00,146.00,147.00,106.00,147.00
107.00,127.00,147.00,127.00,147.00,147.00,107.00,147.00
108.00,128.00,148.00,128.00,148.00,146.00,108.00,146.00
108.00,128.00,150.00,128.00,150.00,146.00,108.00,146.00
110.00,128.00,150.00,128.00,150.00,147.00,110.00,147.00
110.00,127.00,150.00,127.00,150.00,146.00,110.00,146.00
109.00,127.00,149.00,127.00,149.00,144.00,109.00,144.00
110.00,127.00,150.00,127.00,150.00,145.00,110.00,145.00
113.00,128.00,150.00,128.00,150.00,145.00,113.00,145.00
111.00,126.00,151.00,126.00,151.00,144.00,111.00,144.00
111.00,127.00,151.00,127.00,151.00,146.00,111.00,146.00
112.00,126.00,152.00,126.00,152.00,145.00,112.00,145.00
112.00,127.00,152.00,127.00,152.00,145.00,112.00,145.00
110.00,127.00,152.00,127.00,152.00,145.00,110.00,145.00
113.00,127.00,152.00,127.00,152.00,145.00,113.00,145.00
112.00,127.00,152.00,127.00,152.00,146.00,112.00,146.00
113.00,128.00,152.00,128.00,152.00,146.00,113.00,146.00
114.00,127.00,153.00,127.00,153.00,146.00,114.00,146.00
114.00,128.00,153.00,128.00,153.00,146.00,114.00,146.00
114.00,127.00,152.00,127.00,152.00,146.00,114.00,146.00
114.00,127.00,155.00,127.00,155.00,146.00,114.00,146.00
113.00,127.00,154.00,127.00,154.00,146.00,113.00,146.00
113.00,128.00,153.00,128.00,153.00,148.00,113.00,148.00
115.00,128.00,155.00,128.00,155.00,146.00,115.00,146.00
115.00,128.00,156.00,128.00,156.00,147.00,115.00,147.00
115.00,128.00,154.00,128.00,154.00,147.00,115.00,147.00
117.00,127.00,156.00,127.00,156.00,145.00,117.00,145.00
117.00,127.00,156.00,127.00,156.00,146.00,117.00,146.00
118.00,126.00,156.00,126.00,156.00,145.00,118.00,145.00
118.00,126.00,156.00,126.00,156.00,145.00,118.00,145.00
119.00,126.00,158.00,126.00,158.00,144.00,119.00,144.00
120.00,125.00,160.00,125.00,160.00,144.00,120.00,144.00
118.00,125.00,157.00,125.00,157.00,144.00,118.00,144.00
120.00,125.00,159.00,125.00,159.00,144.00,120.00,144.00
121.00,125.00,162.00,125.00,162.00,144.00,121.00,144.00
123.00,125.00,160.00,125.00,160.00,145.00,123.00,145.00
123.00,125.00,161.00,125.00,161.00,144.00,123.00,144.00
123.00,125.00,162.00,125.00,162.00,144.00,123.00,144.00
124.00,125.00,163.00,125.00,163.00,143.00,124.00,143.00
123.00,126.00,162.00,126.00,162.00,144.00,123.00,144.00
123.00,125.00,164.00,125.00,164.00,144.00,123.00,144.00
124.00,125.00,164.00,125.00,164.00,144.00,124.00,144.00
125.00,125.00,164.00,125.00,164.00,143.00,125.00,143.00
123.00,125.00,164.00,125.00,164.00,143.00,123.00,143.00
128.00,124.00,168.00,124.00,168.00,145.00,128.00,145.00
128.00,125.00,168.00,125.00,168.00,145.00,128.00,145.00
128.00,125.00,167.00,125.00,167.00,144.00,128.00,144.00
128.00,126.00,166.00,126.00,166.00,144.00,128.00,144.00
131.00,125.00,170.00,125.00,170.00,144.00,131.00,144.00
132.00,125.00,169.00,125.00,169.00,144.00,132.00,144.00
131.00,125.00,168.00,125.00,168.00,144.00,131.00,144.00
131.00,124.00,170.00,124.00,170.00,143.00,131.00,143.00
133.00,123.00,170.00,123.00,170.00,141.00,133.00,141.00
139.00,122.00,175.00,122.00,175.00,141.00,139.00,141.00
136.00,122.00,172.00,122.00,172.00,140.00,136.00,140.00
135.00,122.00,171.00,122.00,171.00,140.00,135.00,140.00
136.00,122.00,173.00,122.00,173.00,139.00,136.00,139.00
136.00,121.00,174.00,121.00,174.00,140.00,136.00,140.00
136.00,120.00,174.00,120.00,174.00,139.00,136.00,139.00
137.00,121.00,174.00,121.00,174.00,140.00,137.00,140.00
135.00,121.00,173.00,121.00,173.00,139.00,135.00,139.00
135.00,121.00,173.00,121.00,173.00,139.00,135.00,139.00
137.00,122.00,175.00,122.00,175.00,140.00,137.00,140.00
137.00,122.00,175.00,122.00,175.00,141.00,137.00,141.00
136.00,122.00,176.00,122.00,176.00,140.00,136.00,140.00
139.00,122.00,176.00,122.00,176.00,141.00,139.00,141.00
143.00,122.00,178.00,122.00,178.00,141.00,143.00,141.00
140.00,122.00,177.00,122.00,177.00,141.00,140.00,141.00
143.00,122.00,179.00,122.00,179.00,141.00,143.00,141.00
137.00,122.00,175.00,122.00,175.00,141.00,137.00,141.00
139.00,122.00,178.00,122.00,178.00,141.00,139.00,141.00
141.00,122.00,179.00,122.00,179.00,141.00,141.00,141.00
142.00,121.00,182.00,121.00,182.00,139.00,142.00,139.00
144.00,121.00,182.00,121.00,182.00,140.00,144.00,140.00
143.00,122.00,180.00,122.00,180.00,140.00,143.00,140.00
143.00,122.00,179.00,122.00,179.00,140.00,143.00,140.00
142.00,122.00,179.00,122.00,179.00,141.00,142.00,141.00
143.00,121.00,180.00,121.00,180.00,140.00,143.00,140.00
144.00,121.00,179.00,121.00,179.00,140.00,144.00,140.00
145.00,121.00,182.00,121.00,182.00,140.00,145.00,140.00
144.00,121.00,182.00,121.00,182.00,141.00,144.00,141.00
145.00,121.00,182.00,121.00,182.00,141.00,145.00,141.00
145.00,121.00,182.00,121.00,182.00,140.00,145.00,140.00
144.00,122.00,182.00,122.00,182.00,141.00,144.00,141.00
146.00,123.00,184.00,123.00,184.00,142.00,146.00,142.00
144.00,123.00,182.00,123.00,182.00,142.00,144.00,142.00
146.00,124.00,185.00,124.00,185.00,142.00,146.00,142.00
145.00,125.00,183.00,125.00,183.00,144.00,145.00,144.00
146.00,126.00,186.00,126.00,186.00,144.00,146.00,144.00
144.00,127.00,185.00,127.00,185.00,145.00,144.00,145.00
142.00,127.00,183.00,127.00,183.00,145.00,142.00,145.00
145.00,128.00,185.00,128.00,185.00,145.00,145.00,145.00
144.00,128.00,186.00,128.00,186.00,146.00,144.00,146.00
143.00,128.00,184.00,128.00,184.00,147.00,143.00,147.00
144.00,128.00,187.00,128.00,187.00,146.00,144.00,146.00
144.00,128.00,185.00,128.00,185.00,147.00,144.00,147.00
144.00,128.00,184.00,128.00,184.00,146.00,144.00,146.00
146.00,126.00,185.00,126.00,185.00,145.00,146.00,145.00
144.00,126.00,185.00,126.00,185.00,144.00,144.00,144.00
144.00,125.00,185.00,125.00,185.00,144.00,144.00,144.00
144.00,125.00,184.00,125.00,184.00,143.00,144.00,143.00
144.00,124.00,184.00,124.00,184.00,142.00,144.00,142.00
143.00,124.00,183.00,124.00,183.00,142.00,143.00,142.00
142.00,122.00,181.00,122.00,181.00,141.00,142.00,141.00
140.00,122.00,181.00,122.00,181.00,141.00,140.00,141.00
142.00,122.00,181.00,122.00,181.00,142.00,142.00,142.00
139.00,122.00,182.00,122.00,182.00,141.00,139.00,141.00
139.00,122.00,181.00,122.00,181.00,141.00,139.00,141.00
139.00,122.00,180.00,122.00,180.00,141.00,139.00,141.00
135.00,122.00,177.00,122.00,177.00,142.00,135.00,142.00
135.00,122.00,178.00,122.00,178.00,142.00,135.00,142.00
136.00,121.00,179.00,121.00,179.00,142.00,136.00,142.00
135.00,123.00,178.00,123.00,178.00,143.00,135.00,143.00
134.00,123.00,177.00,123.00,177.00,145.00,134.00,145.00
132.00,125.00,177.00,125.00,177.00,146.00,132.00,146.00
133.00,126.00,174.00,126.00,174.00,146.00,133.00,146.00
131.00,126.00,175.00,126.00,175.00,147.00,131.00,147.00
132.00,126.00,174.00,126.00,174.00,148.00,132.00,148.00
131.00,126.00,174.00,126.00,174.00,148.00,131.00,148.00
131.00,126.00,173.00,126.00,173.00,148.00,131.00,148.00
130.00,128.00,172.00,128.00,172.00,149.00,130.00,149.00
127.00,127.00,171.00,127.00,171.00,150.00,127.00,150.00
127.00,129.00,169.00,129.00,169.00,150.00,127.00,150.00
126.00,130.00,167.00,130.00,167.00,150.00,126.00,150.00
124.00,130.00,168.00,130.00,168.00,151.00,124.00,151.00
124.00,129.00,166.00,129.00,166.00,151.00,124.00,151.00
123.00,131.00,163.00,131.00,163.00,152.00,123.00,152.00
123.00,130.00,164.00,130.00,164.00,153.00,123.00,153.00
121.00,131.00,162.00,131.00,162.00,153.00,121.00,153.00
120.00,130.00,161.00,130.00,161.00,152.00,120.00,152.00
118.00,132.00,159.00,132.00,159.00,153.00,118.00,153.00
119.00,131.00,160.00,131.00,160.00,153.00,119.00,153.00
115.00,131.00,158.00,131.00,158.00,152.00,115.00,152.00
114.00,131.00,157.00,131.00,157.00,152.00,114.00,152.00
114.00,131.00,155.00,131.00,155.00,152.00,114.00,152.00
113.00,132.00,156.00,132.00,156.00,153.00,113.00,153.00
112.00,132.00,154.00,132.00,154.00,152.00,112.00,152.00
108.00,131.00,153.00,131.00,153.00,152.00,108.00,152.00
110.00,132.00,151.00,132.00,151.00,153.00,110.00,153.00
108.00,130.00,151.00,130.00,151.00,151.00,108.00,151.00
106.00,131.00,150.00,131.00,150.00,152.00,106.00,152.00
106.00,130.00,150.00,130.00,150.00,153.00,106.00,153.00
105.00,130.00,149.00,130.00,149.00,151.00,105.00,151.00
104.00,130.00,147.00,130.00,147.00,152.00,104.00,152.00
103.00,130.00,147.00,130.00,147.00,152.00,103.00,152.00
102.00,130.00,144.00,130.00,144.00,152.00,102.00,152.00
102.00,131.00,143.00,131.00,143.00,153.00,102.00,153.00
101.00,131.00,142.00,131.00,142.00,152.00,101.00,152.00
101.00,131.00,142.00,131.00,142.00,153.00,101.00,153.00
100.00,131.00,140.00,131.00,140.00,153.00,100.00,153.00
98.00,131.00,140.00,131.00,140.00,152.00,98.00,152.00
95.00,130.00,138.00,130.00,138.00,152.00,95.00,152.00
96.00,131.00,138.00,131.00,138.00,154.00,96.00,154.00
93.00,131.00,135.00,131.00,135.00,154.00,93.00,154.00
91.00,130.00,133.00,130.00,133.00,153.00,91.00,153.00
89.00,130.00,131.00,130.00,131.00,153.00,89.00,153.00
88.00,130.00,130.00,130.00,130.00,154.00,88.00,154.00
88.00,130.00,129.00,130.00,129.00,154.00,88.00,154.00
85.00,130.00,128.00,130.00,128.00,153.00,85.00,153.00
83.00,129.00,125.00,129.00,125.00,153.00,83.00,153.00
82.00,129.00,127.00,129.00,127.00,154.00,82.00,154.00
80.00,129.00,125.00,129.00,125.00,154.00,80.00,154.00
75.00,129.00,122.00,129.00,122.00,155.00,75.00,155.00
75.00,129.00,121.00,129.00,121.00,156.00,75.00,156.00
73.00,130.00,118.00,130.00,118.00,155.00,73.00,155.00
71.00,130.00,119.00,130.00,119.00,155.00,71.00,155.00
71.00,130.00,115.00,130.00,115.00,155.00,71.00,155.00
67.00,129.00,115.00,129.00,115.00,154.00,67.00,154.00
67.00,130.00,113.00,130.00,113.00,156.00,67.00,156.00
68.00,131.00,113.00,131.00,113.00,155.00,68.00,155.00
