1
72.00,126.00,107.00,126.00,107.00,150.00,72.00,150.00
73.00,127.00,107.00,127.00,107.00,150.00,73.00,150.00
74.00,128.00,107.00,128.00,107.00,150.00,74.00,150.00
74.00,127.00,109.00,127.00,109.00,150.00,74.00,150.00
75.00,127.00,110.00,127.00,110.00,150.00,75.00,150.00
76.00,127.00,110.00,127.00,110.00,149.00,76.00,149.00
77.00,127.00,111.00,127.00,111.00,149.00,77.00,149.00
77.00,127.00,113.00,127.00,113.00,149.00,77.00,149.00
78.00,127.00,113.00,127.00,113.00,149.00,78.00,149.00
77.00,127.00,113.00,127.00,113.00,149.00,77.00,149.00
78.00,127.00,112.00,127.00,112.00,148.00,78.00,148.00
78.00,127.00,114.00,127.00,114.00,148.00,78.00,148.00
80.00,126.00,113.00,126.00,113.00,148.00,80.00,148.00
81.00,126.00,113.00,126.00,113.00,147.00,81.00,147.00
81.00,125.00,116.00,125.00,116.00,147.00,81.00,147.00
83.00,125.00,115.00,125.00,115.00,146.00,83.00,146.00
81.00,125.00,115.00,125.00,115.00,145.00,81.00,145.00
83.00,125.00,116.00,125.00,116.00,146.00,83.00,146.00
84.00,125.00,117.00,125.00,117.00,145.00,84.00,145.00
82.00,125.00,117.00,125.00,117.00,145.00,82.00,145.00
84.00,125.00,118.00,125.00,118.00,145.00,84.00,145.00
85.00,124.00,118.00,124.00,118.00,145.00,85.00,145.00
86.00,125.00,118.00,125.00,118.00,146.00,86.00,146.00
85.00,124.00,119.00,124.00,119.00,146.00,85.00,146.00
86.00,125.00,119.00,125.00,119.00,146.00,86.00,146.00
87.00,126.00,119.00,126.00,119.00,146.00,87.00,146.00
89.00,125.00,120.00,125.00,120.00,146.00,89.00,146.00
89.00,126.00,119.00,126.00,119.00,146.00,89.00,146.00
89.00,126.00,121.00,126.00,121.00,145.00,89.00,145.00
89.00,126.00,121.00,126.00,121.00,146.00,89.00,146.00
89.00,126.00,122.00,126.00,122.00,146.00,89.00,146.00
90.00,126.00,122.00,126.00,122.00,146.00,90.00,146.00
90.00,126.00,122.00,126.00,122.00,145.00,90.00,145.00
89.00,126.00,122.00,126.00,122.00,146.00,89.00,146.00
90.00,126.00,124.00,126.00,124.00,146.00,90.00,146.00
90.00,126.00,122.00,126.00,122.00,146.00,90.00,146.00
90.00,127.00,124.00,127.00,124.00,146.00,90.00,146.00
91.00,126.00,123.00,126.00,123.00,146.00,91.00,146.00
90.00,128.00,123.00,128.00,123.00,147.00,90.00,147.00
90.00,128.00,124.00,128.00,124.00,147.00,90.00,147.00
91.00,128.00,124.00,128.00,124.00,147.00,91.00,147.00
91.00,128.00,126.00,128.00,126.00,148.00,91.00,148.00
91.00,129.00,125.00,129.00,125.00,149.00,91.00,149.00
92.00,129.00,126.00,129.00,126.00,149.00,92.00,149.00
92.00,130.00,127.00,130.00,127.00,150.00,92.00,150.00
92.00,130.00,126.00,130.00,126.00,149.00,92.00,149.00
90.00,130.00,125.00,130.00,125.00,150.00,90.00,150.00
92.00,131.00,126.00,131.00,126.00,151.00,92.00,151.00
93.00,131.00,127.00,131.00,127.00,151.00,93.00,151.00
93.00,131.00,127.00,131.00,127.00,151.00,93.00,151.00
94.00,131.00,128.00,131.00,128.00,150.00,94.00,150.00
93.00,131.00,129.00,131.00,129.00,150.00,93.00,150.00
94.00,131.00,128.00,131.00,128.00,151.00,94.00,151.00
94.00,130.00,128.00,130.00,128.00,151.00,94.00,151.00
94.00,130.00,129.00,130.00,129.00,150.00,94.00,150.00
94.00,131.00,129.00,131.00,129.00,151.00,94.00,151.00
96.00,130.00,131.00,130.00,131.00,150.00,96.00,150.00
96.00,130.00,131.00,130.00,131.00,150.00,96.00,150.00
98.00,130.00,130.00,130.00,130.00,150.00,98.00,150.00
97.00,130.00,130.00,130.00,130.00,150.00,97.00,150.00
98.00,129.00,130.00,129.00,130.00,149.00,98.00,149.00
98.00,130.00,130.00,130.00,130.00,150.00,98.00,150.00
98.00,130.00,131.00,130.00,131.00,149.00,98.00,149.00
99.00,130.00,132.00,130.00,132.00,149.00,99.00,149.00
99.00,129.00,132.00,129.00,132.00,149.00,99.00,149.00
98.00,129.00,132.00,129.00,132.00,149.00,98.00,149.00
98.00,129.00,133.00,129.00,133.00,148.00,98.00,148.00
98.00,129.00,133.00,129.00,133.00,148.00,98.00,148.00
99.00,130.00,134.00,130.00,134.00,149.00,99.00,149.00
100.00,129.00,134.00,129.00,134.00,149.00,100.00,149.00
99.00,129.00,136.00,129.00,136.00,149.00,99.00,149.00
99.00,129.00,135.00,129.00,135.00,150.00,99.00,150.00
100.00,129.00,136.00,129.00,136.00,149.00,100.00,149.00
101.00,128.00,136.00,128.00,136.00,148.00,101.00,148.00
100.00,129.00,136.00,129.00,136.00,149.00,100.00,149.00
100.00,129.00,137.00,129.00,137.00,149.00,100.00,149.00
100.00,128.00,136.00,128.00,136.00,149.00,100.00,149.00
101.00,129.00,138.00,129.00,138.00,149.00,101.00,149.00
100.00,129.00,137.00,129.00,137.00,149.00,100.00,149.00
100.00,129.00,138.00,129.00,138.00,149.00,100.00,149.00
101.00,129.00,139.00,129.00,139.00,149.00,101.00,149.00
102.00,128.00,137.00,128.00,137.00,148.00,102.00,148.00
101.00,129.00,137.00,129.00,137.00,150.00,101.00,150.00
101.00,129.00,138.00,129.00,138.00,149.00,101.00,149.00
101.00,128.00,138.00,128.00,138.00,150.00,101.00,150.00
101.00,128.00,138.00,128.00,138.00,150.00,101.00,150.00
101.00,128.00,139.00,128.00,139.00,150.00,101.00,150.00
101.00,128.00,138.00,128.00,138.00,149.00,101.00,149.00
101.00,129.00,138.00,129.00,138.00,149.00,101.00,149.00
101.00,127.00,138.00,127.00,138.00,149.00,101.00,149.00
101.00,129.00,139.00,129.00,139.00,149.00,101.00,149.00
100.00,127.00,136.00,127.00,136.00,148.00,100.00,148.00
101.00,127.00,139.00,127.00,139.00,149.00,101.00,149.00
101.00,128.00,139.00,128.00,139.00,149.00,101.00,149.00
100.00,128.00,139.00,128.00,139.00,149.00,100.00,149.00
100.00,128.00,138.00,128.00,138.00,149.00,100.00,149.00
101.00,128.00,140.00,128.00,140.00,149.00,101.00,149.00
100.00,128.00,140.00,128.00,140.00,149.00,100.00,149.00
100.00,127.00,139.00,127.00,139.00,148.00,100.00,148.00
101.00,128.00,139.00,128.00,139.00,149.00,101.00,149.00
101.00,128.00,141.00,128.00,141.00,150.00,101.00,150.00
101.00,128.00,140.00,128.00,140.00,149.00,101.00,149.00
101.00,127.00,140.00,127.00,140.00,148.00,101.00,148.00
101.00,128.00,140.00,128.00,140.00,149.00,101.00,149.00
101.00,128.00,140.00,128.00,140.00,149.00,101.00,149.00
102.00,128.00,141.00,128.00,141.00,149.00,102.00,149.00
102.00,128.00,140.00,128.00,140.00,149.00,102.00,149.00
102.00,126.00,141.00,126.00,141.00,149.00,102.00,149.00
102.00,127.00,141.00,127.00,141.00,149.00,102.00,149.00
102.00,127.00,140.00,127.00,140.00,148.00,102.00,148.00
102.00,127.00,139.00,127.00,139.00,149.00,102.00,149.00
101.00,128.00,140.00,128.00,140.00,149.00,101.00,149.00
102.00,127.00,140.00,127.00,140.00,149.00,102.00,149.00
102.00,127.00,139.00,127.00,139.00,148.00,102.00,148.00
102.00,126.00,140.00,126.00,140.00,149.00,102.00,149.00
102.00,126.00,140.00,126.00,140.00,148.00,102.00,148.00
102.00,127.00,139.00,127.00,139.00,148.00,102.00,148.00
102.00,126.00,140.00,126.00,140.00,147.00,102.00,147.00
101.00,126.00,139.00,126.00,139.00,147.00,101.00,147.00
102.00,125.00,140.00,125.00,140.00,148.00,102.00,148.00
102.00,126.00,140.00,126.00,140.00,148.00,102.00,148.00
102.00,125.00,140.00,125.00,140.00,147.00,102.00,147.00
102.00,125.00,141.00,125.00,141.00,147.00,102.00,147.00
102.00,125.00,141.00,125.00,141.00,147.00,102.00,147.00
103.00,125.00,141.00,125.00,141.00,147.00,103.00,147.00
102.00,125.00,141.00,125.00,141.00,148.00,102.00,148.00
102.00,125.00,140.00,125.00,140.00,147.00,102.00,147.00
103.00,125.00,141.00,125.00,141.00,147.00,103.00,147.00
102.00,125.00,140.00,125.00,140.00,148.00,102.00,148.00
101.00,125.00,140.00,125.00,140.00,146.00,101.00,146.00
102.00,126.00,141.00,126.00,141.00,147.00,102.00,147.00
102.00,126.00,140.00,126.00,140.00,148.00,102.00,148.00
103.00,126.00,141.00,126.00,141.00,148.00,103.00,148.00
103.00,125.00,142.00,125.00,142.00,147.00,103.00,147.00
103.00,126.00,140.00,126.00,140.00,147.00,103.00,147.00
102.00,126.00,141.00,126.00,141.00,148.00,102.00,148.00
102.00,126.00,139.00,126.00,139.00,147.00,102.00,147.00
102.00,126.00,140.00,126.00,140.00,148.00,102.00,148.00
103.00,126.00,140.00,126.00,140.00,147.00,103.00,147.00
102.00,126.00,140.00,126.00,140.00,147.00,102.00,147.00
103.00,126.00,139.00,126.00,139.00,147.00,103.00,147.00
102.00,125.00,140.00,125.00,140.00,147.00,102.00,147.00
102.00,125.00,140.00,125.00,140.00,146.00,102.00,146.00
102.00,125.00,139.00,125.00,139.00,147.00,102.00,147.00
101.00,125.00,139.00,125.00,139.00,147.00,101.00,147.00
101.00,125.00,140.00,125.00,140.00,148.00,101.00,148.00
102.00,125.00,141.00,125.00,141.00,147.00,102.00,147.00
102.00,125.00,141.00,125.00,141.00,147.00,102.00,147.00
102.00,125.00,141.00,125.00,141.00,148.00,102.00,148.00
101.00,125.00,140.00,125.00,140.00,147.00,101.00,147.00
102.00,125.00,140.00,125.00,140.00,146.00,102.00,146.00
102.00,125.00,140.00,125.00,140.00,147.00,102.00,147.00
102.00,125.00,139.00,125.00,139.00,146.00,102.00,146.00
102.00,125.00,140.00,125.00,140.00,147.00,102.00,147.00
102.00,125.00,140.00,125.00,140.00,147.00,102.00,147.00
101.00,124.00,140.00,124.00,140.00,147.00,101.00,147.00
102.00,125.00,140.00,125.00,140.00,147.00,102.00,147.00
102.00,126.00,141.00,126.00,141.00,148.00,102.00,148.00
102.00,126.00,141.00,126.00,141.00,147.00,102.00,147.00
102.00,127.00,140.00,127.00,140.00,147.00,102.00,147.00
103.00,127.00,140.00,127.00,140.00,146.00,103.00,146.00
102.00,126.00,141.00,126.00,141.00,147.00,102.00,147.00
102.00,126.00,141.00,126.00,141.00,147.00,102.00,147.00
102.00,126.00,140.00,126.00,140.00,147.00,102.00,147.00
102.00,126.00,140.00,126.00,140.00,147.00,102.00,147.00
103.00,127.00,141.00,127.00,141.00,147.00,103.00,147.00
103.00,127.00,140.00,127.00,140.00,148.00,103.00,148.00
103.00,127.00,140.00,127.00,140.00,147.00,103.00,147.00
102.00,127.00,141.00,127.00,141.00,148.00,102.00,148.00
102.00,127.00,141.00,127.00,141.00,147.00,102.00,147.00
102.00,127.00,140.00,127.00,140.00,147.00,102.00,147.00
102.00,126.00,141.00,126.00,141.00,147.00,102.00,147.00
101.00,126.00,140.00,126.00,140.00,147.00,101.00,147.00
102.00,126.00,140.00,126.00,140.00,148.00,102.00,148.00
102.00,126.00,141.00,126.00,141.00,147.00,102.00,147.00
101.00,126.00,141.00,126.00,141.00,147.00,101.00,147.00
102.00,126.00,141.00,126.00,141.00,147.00,102.00,147.00
101.00,125.00,140.00,125.00,140.00,148.00,101.00,148.00
103.00,126.00,142.00,126.00,142.00,147.00,103.00,147.00
101.00,125.00,141.00,125.00,141.00,147.00,101.00,147.00
103.00,126.00,141.00,126.00,141.00,147.00,103.00,147.00
103.00,126.00,142.00,126.00,142.00,147.00,103.00,147.00
102.00,126.00,141.00,126.00,141.00,147.00,102.00,147.00
103.00,127.00,141.00,127.00,141.00,147.00,103.00,147.00
103.00,127.00,142.00,127.00,142.00,147.00,103.00,147.00
102.00,127.00,143.00,127.00,143.00,147.00,102.00,147.00
102.00,127.00,142.00,127.00,142.00,148.00,102.00,148.00
102.00,126.00,142.00,126.00,142.00,148.00,102.00,148.00
103.00,127.00,143.00,127.00,143.00,148.00,103.00,148.00
102.00,127.00,142.00,127.00,142.00,148.00,102.00,148.00
102.00,127.00,143.00,127.00,143.00,149.00,102.00,149.00
104.00,128.00,144.00,128.00,144.00,148.00,104.00,148.00
102.00,127.00,143.00,127.00,143.00,148.00,102.00,148.00
102.00,127.00,141.00,127.00,141.00,148.00,102.00,148.00
103.00,127.00,142.00,127.00,142.00,149.00,103.00,149.00
105.00,127.00,143.00,127.00,143.00,148.00,105.00,148.00
103.00,126.00,144.00,126.00,144.00,147.00,103.00,147.00
104.00,126.00,144.00,126.00,144.00,147.00,104.00,147.00
105.00,127.00,144.00,127.00,144.00,147.00,105.00,147.00
105.00,126.00,143.00,126.00,143.00,147.00,105.00,147.00
105.00,126.00,145.00,126.00,145.00,147.00,105.00,147.00
105.00,126.00,144.00,126.00,144.00,147.00,105.00,147.00
106.00,126.00,144.00,126.00,144.00,146.00,106.00,146.00
106.00,126.00,145.00,126.00,145.00,147.00,106.00,147.00
106.00,126.00,145.00,126.00,145.00,147.00,106.00,147.00
106.00,126.00,145.00,126.00,145.00,146.00,106.00,146.00
105.00,126.00,145.00,126.00,145.00,146.00,105.00,146.00
106.00,126.00,144.00,126.00,144.00,147.00,106.00,147.00
105.00,126.00,145.00,126.00,145.00,147.00,105.00,147.00
106.00,127.00,145.00,127.00,145.00,147.00,106.00,147.00
106.00,126.00,145.00,126.00,145.00,147.00,106.00,147.00
106.00,126.00,145.00,126.00,145.00,147.00,106.00,147.00
106.00,126.00,145.00,126.00,145.00,147.00,106.00,147.00
105.00,127.00,147.00,127.00,147.00,148.00,105.00,148.00
107.00,127.00,148.00,127.00,148.00,149.00,107.00,149.00
107.00,128.00,146.00,128.00,146.00,148.00,107.00,148.00
106.00,127.00,147.00,127.00,147.00,149.00,106.00,149.00
107.00,127.00,148.00,127.00,148.00,148.00,107.00,148.00
106.00,128.00,146.00,128.00,146.00,149.00,106.00,149.00
108.00,129.00,148.00,129.00,148.00,149.00,108.00,149.00
107.00,128.00,148.00,128.00,148.00,149.00,107.00,149.00
107.00,127.00,148.00,127.00,148.00,148.00,107.00,148.00
106.00,128.00,148.00,128.00,148.00,148.00,106.00,148.00
107.00,127.00,148.00,127.00,148.00,148.00,107.00,148.00
107.00,128.00,148.00,128.00,148.00,148.00,107.00,148.00
107.00,128.00,149.00,128.00,149.00,147.00,107.00,147.00
108.00,128.00,150.00,128.00,150.00,147.00,108.00,147.00
106.00,126.00,149.00,126.00,149.00,147.00,106.00,147.00
108.00,127.00,150.00,127.00,150.00,145.00,108.00,145.00
109.00,127.00,150.00,127.00,150.00,146.00,109.00,146.00
110.00,128.00,150.00,128.00,150.00,146.00,110.00,146.00
108.00,126.00,150.00,126.00,150.00,145.00,108.00,145.00
110.00,127.00,152.00,127.00,152.00,146.00,110.00,146.00
109.00,125.00,152.00,125.00,152.00,145.00,109.00,145.00
110.00,127.00,151.00,127.00,151.00,146.00,110.00,146.00
110.00,127.00,152.00,127.00,152.00,146.00,110.00,146.00
113.00,128.00,152.00,128.00,152.00,147.00,113.00,147.00
112.00,128.00,151.00,128.00,151.00,146.00,112.00,146.00
112.00,128.00,152.00,128.00,152.00,146.00,112.00,146.00
113.00,128.00,153.00,128.00,153.00,146.00,113.00,146.00
113.00,128.00,153.00,128.00,153.00,146.00,113.00,146.00
114.00,128.00,152.00,128.00,152.00,147.00,114.00,147.00
113.00,128.00,153.00,128.00,153.00,147.00,113.00,147.00
113.00,128.00,154.00,128.00,154.00,146.00,113.00,146.00
112.00,129.00,153.00,129.00,153.00,147.00,112.00,147.00
113.00,128.00,154.00,128.00,154.00,146.00,113.00,146.00
116.00,129.00,156.00,129.00,156.00,147.00,116.00,147.00
116.00,128.00,156.00,128.00,156.00,146.00,116.00,146.00
116.00,127.00,156.00,127.00,156.00,146.00,116.00,146.00
116.00,127.00,155.00,127.00,155.00,146.00,116.00,146.00
117.00,127.00,157.00,127.00,157.00,145.00,117.00,145.00
119.00,126.00,158.00,126.00,158.00,146.00,119.00,146.00
120.00,126.00,160.00,126.00,160.00,145.00,120.00,145.00
119.00,126.00,160.00,126.00,160.00,145.00,119.00,145.00
118.00,125.00,159.00,125.00,159.00,145.00,118.00,145.00
120.00,125.00,160.00,125.00,160.00,145.00,120.00,145.00
119.00,125.00,160.00,125.00,160.00,146.00,119.00,146.00
120.00,125.00,160.00,125.00,160.00,145.00,120.00,145.00
122.00,125.00,162.00,125.00,162.00,145.00,122.00,145.00
121.00,125.00,162.00,125.00,162.00,145.00,121.00,145.00
123.00,125.00,165.00,125.00,165.00,145.00,123.00,145.00
122.00,126.00,163.00,126.00,163.00,144.00,122.00,144.00
122.00,126.00,163.00,126.00,163.00,145.00,122.00,145.00
122.00,126.00,164.00,126.00,164.00,145.00,122.00,145.00
123.00,125.00,165.00,125.00,165.00,144.00,123.00,144.00
122.00,125.00,164.00,125.00,164.00,145.00,122.00,145.00
125.00,125.00,168.00,125.00,168.00,146.00,125.00,146.00
125.00,125.00,167.00,125.00,167.00,146.00,125.00,146.00
125.00,125.00,166.00,125.00,166.00,145.00,125.00,145.00
128.00,126.00,168.00,126.00,168.00,146.00,128.00,146.00
129.00,125.00,170.00,125.00,170.00,145.00,129.00,145.00
130.00,125.00,168.00,125.00,168.00,146.00,130.00,146.00
133.00,124.00,171.00,124.00,171.00,145.00,133.00,145.00
132.00,123.00,172.00,123.00,172.00,143.00,132.00,143.00
135.00,122.00,173.00,122.00,173.00,142.00,135.00,142.00
138.00,121.00,174.00,121.00,174.00,142.00,138.00,142.00
137.00,122.00,174.00,122.00,174.00,142.00,137.00,142.00
134.00,121.00,171.00,121.00,171.00,142.00,134.00,142.00
135.00,121.00,174.00,121.00,174.00,142.00,135.00,142.00
135.00,121.00,174.00,121.00,174.00,142.00,135.00,142.00
137.00,120.00,175.00,120.00,175.00,142.00,137.00,142.00
137.00,120.00,175.00,120.00,175.00,142.00,137.00,142.00
136.00,120.00,175.00,120.00,175.00,142.00,136.00,142.00
138.00,120.00,177.00,120.00,177.00,142.00,138.00,142.00
138.00,120.00,176.00,120.00,176.00,142.00,138.00,142.00
140.00,121.00,177.00,121.00,177.00,143.00,140.00,143.00
137.00,121.00,177.00,121.00,177.00,143.00,137.00,143.00
140.00,121.00,178.00,121.00,178.00,143.00,140.00,143.00
142.00,122.00,178.00,122.00,178.00,143.00,142.00,143.00
141.00,122.00,178.00,122.00,178.00,144.00,141.00,144.00
142.00,122.00,181.00,122.00,181.00,144.00,142.00,144.00
138.00,121.00,177.00,121.00,177.00,143.00,138.00,143.00
139.00,121.00,180.00,121.00,180.00,142.00,139.00,142.00
143.00,122.00,182.00,122.00,182.00,143.00,143.00,143.00
140.00,121.00,182.00,121.00,182.00,142.00,140.00,142.00
143.00,120.00,182.00,120.00,182.00,143.00,143.00,143.00
143.00,121.00,181.00,121.00,181.00,142.00,143.00,142.00
144.00,121.00,182.00,121.00,182.00,142.00,144.00,142.00
144.00,121.00,180.00,121.00,180.00,143.00,144.00,143.00
144.00,120.00,182.00,120.00,182.00,142.00,144.00,142.00
144.00,120.00,182.00,120.00,182.00,142.00,144.00,142.00
145.00,121.00,183.00,121.00,183.00,142.00,145.00,142.00
144.00,120.00,184.00,120.00,184.00,142.00,144.00,142.00
142.00,121.00,180.00,121.00,180.00,143.00,142.00,143.00
143.00,121.00,181.00,121.00,181.00,142.00,143.00,142.00
145.00,121.00,185.00,121.00,185.00,143.00,145.00,143.00
144.00,122.00,184.00,122.00,184.00,144.00,144.00,144.00
144.00,122.00,183.00,122.00,183.00,144.00,144.00,144.00
146.00,123.00,187.00,123.00,187.00,144.00,146.00,144.00
145.00,123.00,186.00,123.00,186.00,145.00,145.00,145.00
146.00,124.00,187.00,124.00,187.00,146.00,146.00,146.00
145.00,126.00,184.00,126.00,184.00,147.00,145.00,147.00
144.00,126.00,183.00,126.00,183.00,147.00,144.00,147.00
145.00,127.00,184.00,127.00,184.00,148.00,145.00,148.00
146.00,126.00,187.00,126.00,187.00,149.00,146.00,149.00
143.00,127.00,184.00,127.00,184.00,149.00,143.00,149.00
145.00,127.00,185.00,127.00,185.00,149.00,145.00,149.00
146.00,127.00,186.00,127.00,186.00,150.00,146.00,150.00
144.00,126.00,183.00,126.00,183.00,149.00,144.00,149.00
147.00,126.00,185.00,126.00,185.00,148.00,147.00,148.00
145.00,125.00,185.00,125.00,185.00,147.00,145.00,147.00
144.00,123.00,186.00,123.00,186.00,146.00,144.00,146.00
145.00,124.00,184.00,124.00,184.00,146.00,145.00,146.00
144.00,123.00,183.00,123.00,183.00,145.00,144.00,145.00
143.00,121.00,185.00,121.00,185.00,144.00,143.00,144.00
142.00,121.00,182.00,121.00,182.00,144.00,142.00,144.00
141.00,121.00,181.00,121.00,181.00,143.00,141.00,143.00
142.00,121.00,180.00,121.00,180.00,144.00,142.00,144.00
139.00,120.00,180.00,120.00,180.00,143.00,139.00,143.00
141.00,121.00,178.00,121.00,178.00,144.00,141.00,144.00
139.00,122.00,176.00,122.00,176.00,144.00,139.00,144.00
138.00,122.00,175.00,122.00,175.00,144.00,138.00,144.00
137.00,122.00,176.00,122.00,176.00,145.00,137.00,145.00
137.00,121.00,176.00,121.00,176.00,144.00,137.00,144.00
137.00,123.00,176.00,123.00,176.00,145.00,137.00,145.00
135.00,123.00,173.00,123.00,173.00,146.00,135.00,146.00
135.00,125.00,174.00,125.00,174.00,147.00,135.00,147.00
133.00,126.00,169.00,126.00,169.00,149.00,133.00,149.00
134.00,126.00,172.00,126.00,172.00,148.00,134.00,148.00
133.00,125.00,170.00,125.00,170.00,148.00,133.00,148.00
133.00,126.00,171.00,126.00,171.00,150.00,133.00,150.00
132.00,126.00,170.00,126.00,170.00,150.00,132.00,150.00
133.00,127.00,171.00,127.00,171.00,150.00,133.00,150.00
129.00,128.00,168.00,128.00,168.00,151.00,129.00,151.00
129.00,129.00,167.00,129.00,167.00,153.00,129.00,153.00
126.00,129.00,165.00,129.00,165.00,153.00,126.00,153.00
126.00,129.00,166.00,129.00,166.00,154.00,126.00,154.00
125.00,128.00,163.00,128.00,163.00,154.00,125.00,154.00
123.00,130.00,163.00,130.00,163.00,155.00,123.00,155.00
121.00,128.00,163.00,128.00,163.00,156.00,121.00,156.00
121.00,130.00,161.00,130.00,161.00,156.00,121.00,156.00
119.00,129.00,159.00,129.00,159.00,156.00,119.00,156.00
119.00,129.00,159.00,129.00,159.00,157.00,119.00,157.00
119.00,130.00,158.00,130.00,158.00,157.00,119.00,157.00
117.00,130.00,157.00,130.00,157.00,158.00,117.00,158.00
116.00,129.00,155.00,129.00,155.00,157.00,116.00,157.00
114.00,130.00,153.00,130.00,153.00,157.00,114.00,157.00
112.00,129.00,153.00,129.00,153.00,156.00,112.00,156.00
112.00,130.00,153.00,130.00,153.00,157.00,112.00,157.00
109.00,129.00,151.00,129.00,151.00,158.00,109.00,158.00
108.00,128.00,151.00,128.00,151.00,156.00,108.00,156.00
107.00,128.00,149.00,128.00,149.00,155.00,107.00,155.00
106.00,128.00,149.00,128.00,149.00,155.00,106.00,155.00
105.00,128.00,147.00,128.00,147.00,156.00,105.00,156.00
105.00,129.00,148.00,129.00,148.00,156.00,105.00,156.00
104.00,127.00,145.00,127.00,145.00,156.00,104.00,156.00
104.00,128.00,146.00,128.00,146.00,156.00,104.00,156.00
102.00,126.00,143.00,126.00,143.00,156.00,102.00,156.00
101.00,127.00,143.00,127.00,143.00,157.00,101.00,157.00
100.00,127.00,142.00,127.00,142.00,157.00,100.00,157.00
99.00,127.00,140.00,127.00,140.00,157.00,99.00,157.00
97.00,128.00,138.00,128.00,138.00,158.00,97.00,158.00
94.00,127.00,136.00,127.00,136.00,157.00,94.00,157.00
95.00,128.00,138.00,128.00,138.00,157.00,95.00,157.00
90.00,128.00,135.00,128.00,135.00,157.00,90.00,157.00
89.00,129.00,132.00,129.00,132.00,158.00,89.00,158.00
88.00,128.00,132.00,128.00,132.00,158.00,88.00,158.00
87.00,129.00,131.00,129.00,131.00,158.00,87.00,158.00
85.00,129.00,128.00,129.00,128.00,159.00,85.00,159.00
82.00,127.00,127.00,127.00,127.00,159.00,82.00,159.00
82.00,126.00,128.00,126.00,128.00,159.00,82.00,159.00
80.00,127.00,126.00,127.00,126.00,160.00,80.00,160.00
80.00,126.00,126.00,126.00,126.00,161.00,80.00,161.00
76.00,124.00,124.00,124.00,124.00,161.00,76.00,161.00
74.00,126.00,122.00,126.00,122.00,160.00,74.00,160.00
72.00,126.00,119.00,126.00,119.00,158.00,72.00,158.00
73.00,128.00,120.00,128.00,120.00,159.00,73.00,159.00
71.00,128.00,118.00,128.00,118.00,158.00,71.00,158.00
70.00,127.00,117.00,127.00,117.00,159.00,70.00,159.00
67.00,128.00,116.00,128.00,116.00,158.00,67.00,158.00
66.00,127.00,116.00,127.00,116.00,159.00,66.00,159.00
66.00,128.00,113.00,128.00,113.00,159.00,66.00,159.00
