1
72.00,127.00,107.00,127.00,107.00,150.00,72.00,150.00
74.00,128.00,106.00,128.00,106.00,150.00,74.00,150.00
75.00,128.00,108.00,128.00,108.00,149.00,75.00,149.00
74.00,128.00,109.00,128.00,109.00,150.00,74.00,150.00
75.00,127.00,110.00,127.00,110.00,149.00,75.00,149.00
77.00,127.00,110.00,127.00,110.00,149.00,77.00,149.00
77.00,128.00,111.00,128.00,111.00,149.00,77.00,149.00
78.00,128.00,112.00,128.00,112.00,149.00,78.00,149.00
79.00,128.00,112.00,128.00,112.00,148.00,79.00,148.00
78.00,128.00,111.00,128.00,111.00,148.00,78.00,148.00
80.00,128.00,112.00,128.00,112.00,148.00,80.00,148.00
80.00,127.00,113.00,127.00,113.00,147.00,80.00,147.00
81.00,127.00,113.00,127.00,113.00,147.00,81.00,147.00
83.00,127.00,113.00,127.00,113.00,147.00,83.00,147.00
82.00,125.00,115.00,125.00,115.00,145.00,82.00,145.00
83.00,126.00,114.00,126.00,114.00,146.00,83.00,146.00
83.00,125.00,115.00,125.00,115.00,145.00,83.00,145.00
85.00,125.00,115.00,125.00,115.00,146.00,85.00,146.00
85.00,125.00,115.00,125.00,115.00,145.00,85.00,145.00
85.00,125.00,117.00,125.00,117.00,144.00,85.00,144.00
86.00,125.00,116.00,125.00,116.00,146.00,86.00,146.00
86.00,125.00,117.00,125.00,117.00,145.00,86.00,145.00
87.00,125.00,117.00,125.00,117.00,144.00,87.00,144.00
87.00,125.00,119.00,125.00,119.00,145.00,87.00,145.00
87.00,125.00,119.00,125.00,119.00,145.00,87.00,145.00
88.00,126.00,119.00,126.00,119.00,146.00,88.00,146.00
89.00,126.00,120.00,126.00,120.00,145.00,89.00,145.00
89.00,126.00,119.00,126.00,119.00,146.00,89.00,146.00
90.00,127.00,121.00,127.00,121.00,146.00,90.00,146.00
89.00,126.00,121.00,126.00,121.00,146.00,89.00,146.00
89.00,126.00,121.00,126.00,121.00,147.00,89.00,147.00
90.00,125.00,123.00,125.00,123.00,146.00,90.00,146.00
89.00,126.00,122.00,126.00,122.00,145.00,89.00,145.00
90.00,126.00,122.00,126.00,122.00,145.00,90.00,145.00
90.00,126.00,123.00,126.00,123.00,146.00,90.00,146.00
90.00,126.00,123.00,126.00,123.00,145.00,90.00,145.00
90.00,126.00,125.00,126.00,125.00,146.00,90.00,146.00
91.00,126.00,123.00,126.00,123.00,146.00,91.00,146.00
91.00,127.00,123.00,127.00,123.00,147.00,91.00,147.00
91.00,128.00,124.00,128.00,124.00,147.00,91.00,147.00
92.00,128.00,124.00,128.00,124.00,147.00,92.00,147.00
92.00,129.00,126.00,129.00,126.00,148.00,92.00,148.00
92.00,129.00,125.00,129.00,125.00,147.00,92.00,147.00
92.00,130.00,125.00,130.00,125.00,149.00,92.00,149.00
91.00,130.00,125.00,130.00,125.00,149.00,91.00,149.00
91.00,131.00,124.00,131.00,124.00,149.00,91.00,149.00
91.00,131.00,125.00,131.00,125.00,149.00,91.00,149.00
93.00,131.00,125.00,131.00,125.00,149.00,93.00,149.00
94.00,131.00,126.00,131.00,126.00,150.00,94.00,150.00
93.00,132.00,126.00,132.00,126.00,151.00,93.00,151.00
94.00,131.00,127.00,131.00,127.00,150.00,94.00,150.00
94.00,131.00,128.00,131.00,128.00,150.00,94.00,150.00
94.00,131.00,127.00,131.00,127.00,151.00,94.00,151.00
95.00,130.00,127.00,130.00,127.00,150.00,95.00,150.00
94.00,131.00,128.00,131.00,128.00,150.00,94.00,150.00
95.00,131.00,128.00,131.00,128.00,150.00,95.00,150.00
96.00,130.00,130.00,130.00,130.00,149.00,96.00,149.00
96.00,131.00,130.00,131.00,130.00,149.00,96.00,149.00
98.00,130.00,129.00,130.00,129.00,149.00,98.00,149.00
98.00,130.00,129.00,130.00,129.00,149.00,98.00,149.00
99.00,130.00,129.00,130.00,129.00,148.00,99.00,148.00
99.00,130.00,129.00,130.00,129.00,149.00,99.00,149.00
99.00,130.00,131.00,130.00,131.00,149.00,99.00,149.00
99.00,130.00,131.00,130.00,131.00,148.00,99.00,148.00
100.00,129.00,131.00,129.00,131.00,148.00,100.00,148.00
99.00,129.00,132.00,129.00,132.00,149.00,99.00,149.00
98.00,129.00,131.00,129.00,131.00,148.00,98.00,148.00
100.00,130.00,132.00,130.00,132.00,148.00,100.00,148.00
100.00,130.00,133.00,130.00,133.00,148.00,100.00,148.00
100.00,129.00,133.00,129.00,133.00,148.00,100.00,148.00
101.00,130.00,134.00,130.00,134.00,148.00,101.00,148.00
100.00,129.00,133.00,129.00,133.00,148.00,100.00,148.00
101.00,130.00,134.00,130.00,134.00,148.00,101.00,148.00
101.00,129.00,134.00,129.00,134.00,148.00,101.00,148.00
101.00,130.00,134.00,130.00,134.00,148.00,101.00,148.00
101.00,130.00,134.00,130.00,134.00,148.00,101.00,148.00
101.00,130.00,133.00,130.00,133.00,148.00,101.00,148.00
102.00,130.00,134.00,130.00,134.00,148.00,102.00,148.00
101.00,129.00,134.00,129.00,134.00,148.00,101.00,148.00
102.00,130.00,136.00,130.00,136.00,148.00,102.00,148.00
101.00,130.00,135.00,130.00,135.00,148.00,101.00,148.00
102.00,129.00,135.00,129.00,135.00,147.00,102.00,147.00
102.00,130.00,135.00,130.00,135.00,148.00,102.00,148.00
102.00,129.00,136.00,129.00,136.00,148.00,102.00,148.00
102.00,129.00,136.00,129.00,136.00,148.00,102.00,148.00
102.00,129.00,136.00,129.00,136.00,149.00,102.00,149.00
102.00,129.00,137.00,129.00,137.00,148.00,102.00,148.00
101.00,129.00,137.00,129.00,137.00,148.00,101.00,148.00
102.00,129.00,137.00,129.00,137.00,149.00,102.00,149.00
102.00,128.00,138.00,128.00,138.00,148.00,102.00,148.00
102.00,130.00,137.00,130.00,137.00,149.00,102.00,149.00
102.00,129.00,136.00,129.00,136.00,148.00,102.00,148.00
102.00,129.00,136.00,129.00,136.00,148.00,102.00,148.00
101.00,128.00,138.00,128.00,138.00,147.00,101.00,147.00
101.00,129.00,137.00,129.00,137.00,148.00,101.00,148.00
101.00,128.00,137.00,128.00,137.00,147.00,101.00,147.00
101.00,129.00,137.00,129.00,137.00,148.00,101.00,148.00
101.00,129.00,138.00,129.00,138.00,148.00,101.00,148.00
101.00,128.00,138.00,128.00,138.00,148.00,101.00,148.00
101.00,129.00,138.00,129.00,138.00,148.00,101.00,148.00
101.00,128.00,139.00,128.00,139.00,147.00,101.00,147.00
101.00,129.00,138.00,129.00,138.00,148.00,101.00,148.00
102.00,128.00,140.00,128.00,140.00,148.00,102.00,148.00
101.00,128.00,140.00,128.00,140.00,149.00,101.00,149.00
102.00,128.00,139.00,128.00,139.00,148.00,102.00,148.00
102.00,128.00,139.00,128.00,139.00,148.00,102.00,148.00
103.00,128.00,140.00,128.00,140.00,149.00,103.00,149.00
102.00,127.00,139.00,127.00,139.00,148.00,102.00,148.00
103.00,127.00,139.00,127.00,139.00,149.00,103.00,149.00
102.00,128.00,140.00,128.00,140.00,148.00,102.00,148.00
103.00,127.00,139.00,127.00,139.00,148.00,103.00,148.00
102.00,128.00,140.00,128.00,140.00,148.00,102.00,148.00
103.00,127.00,139.00,127.00,139.00,148.00,103.00,148.00
103.00,127.00,140.00,127.00,140.00,148.00,103.00,148.00
103.00,127.00,139.00,127.00,139.00,148.00,103.00,148.00
102.00,126.00,138.00,126.00,138.00,147.00,102.00,147.00
103.00,127.00,139.00,127.00,139.00,147.00,103.00,147.00
102.00,126.00,138.00,126.00,138.00,147.00,102.00,147.00
103.00,127.00,139.00,127.00,139.00,148.00,103.00,148.00
103.00,126.00,138.00,126.00,138.00,147.00,103.00,147.00
103.00,126.00,139.00,126.00,139.00,146.00,103.00,146.00
103.00,126.00,139.00,126.00,139.00,146.00,103.00,146.00
102.00,126.00,140.00,126.00,140.00,146.00,102.00,146.00
103.00,126.00,141.00,126.00,141.00,146.00,103.00,146.00
104.00,126.00,139.00,126.00,139.00,147.00,104.00,147.00
103.00,126.00,140.00,126.00,140.00,147.00,103.00,147.00
103.00,126.00,139.00,126.00,139.00,147.00,103.00,147.00
104.00,125.00,138.00,125.00,138.00,146.00,104.00,146.00
104.00,126.00,139.00,126.00,139.00,147.00,104.00,147.00
102.00,126.00,139.00,126.00,139.00,146.00,102.00,146.00
103.00,126.00,139.00,126.00,139.00,147.00,103.00,147.00
103.00,126.00,139.00,126.00,139.00,147.00,103.00,147.00
104.00,126.00,141.00,126.00,141.00,147.00,104.00,147.00
103.00,126.00,140.00,126.00,140.00,146.00,103.00,146.00
103.00,126.00,140.00,126.00,140.00,147.00,103.00,147.00
103.00,126.00,139.00,126.00,139.00,147.00,103.00,147.00
104.00,126.00,140.00,126.00,140.00,147.00,104.00,147.00
104.00,126.00,141.00,126.00,141.00,147.00,104.00,147.00
104.00,126.00,139.00,126.00,139.00,147.00,104.00,147.00
104.00,126.00,140.00,126.00,140.00,147.00,104.00,147.00
104.00,127.00,139.00,127.00,139.00,147.00,104.00,147.00
103.00,126.00,139.00,126.00,139.00,147.00,103.00,147.00
103.00,126.00,139.00,126.00,139.00,147.00,103.00,147.00
104.00,126.00,138.00,126.00,138.00,147.00,104.00,147.00
103.00,126.00,138.00,126.00,138.00,147.00,103.00,147.00
103.00,126.00,139.00,126.00,139.00,147.00,103.00,147.00
103.00,125.00,138.00,125.00,138.00,146.00,103.00,146.00
102.00,126.00,138.00,126.00,138.00,147.00,102.00,147.00
102.00,125.00,140.00,125.00,140.00,147.00,102.00,147.00
102.00,126.00,139.00,126.00,139.00,147.00,102.00,147.00
102.00,126.00,139.00,126.00,139.00,146.00,102.00,146.00
103.00,125.00,140.00,125.00,140.00,147.00,103.00,147.00
103.00,126.00,138.00,126.00,138.00,146.00,103.00,146.00
103.00,125.00,140.00,125.00,140.00,146.00,103.00,146.00
102.00,125.00,139.00,125.00,139.00,147.00,102.00,147.00
103.00,125.00,139.00,125.00,139.00,146.00,103.00,146.00
104.00,126.00,139.00,126.00,139.00,146.00,104.00,146.00
103.00,126.00,140.00,126.00,140.00,148.00,103.00,148.00
103.00,126.00,140.00,126.00,140.00,147.00,103.00,147.00
103.00,126.00,140.00,126.00,140.00,147.00,103.00,147.00
104.00,126.00,139.00,126.00,139.00,147.00,104.00,147.00
103.00,126.00,140.00,126.00,140.00,147.00,103.00,147.00
103.00,126.00,140.00,126.00,140.00,147.00,103.00,147.00
103.00,127.00,139.00,127.00,139.00,147.00,103.00,147.00
104.00,126.00,140.00,126.00,140.00,147.00,104.00,147.00
104.00,127.00,140.00,127.00,140.00,148.00,104.00,148.00
104.00,127.00,138.00,127.00,138.00,148.00,104.00,148.00
104.00,127.00,138.00,127.00,138.00,147.00,104.00,147.00
104.00,126.00,140.00,126.00,140.00,147.00,104.00,147.00
104.00,127.00,139.00,127.00,139.00,147.00,104.00,147.00
104.00,127.00,141.00,127.00,141.00,147.00,104.00,147.00
104.00,126.00,140.00,126.00,140.00,147.00,104.00,147.00
103.00,126.00,139.00,126.00,139.00,147.00,103.00,147.00
103.00,126.00,138.00,126.00,138.00,147.00,103.00,147.00
104.00,126.00,140.00,126.00,140.00,147.00,104.00,147.00
103.00,125.00,140.00,125.00,140.00,146.00,103.00,146.00
103.00,126.00,140.00,126.00,140.00,147.00,103.00,147.00
103.00,126.00,139.00,126.00,139.00,147.00,103.00,147.00
103.00,126.00,140.00,126.00,140.00,148.00,103.00,148.00
103.00,126.00,140.00,126.00,140.00,147.00,103.00,147.00
104.00,126.00,141.00,126.00,141.00,147.00,104.00,147.00
104.00,126.00,141.00,126.00,141.00,147.00,104.00,147.00
102.00,126.00,139.00,126.00,139.00,146.00,102.00,146.00
103.00,127.00,140.00,127.00,140.00,147.00,103.00,147.00
104.00,127.00,142.00,127.00,142.00,147.00,104.00,147.00
103.00,127.00,141.00,127.00,141.00,147.00,103.00,147.00
104.00,128.00,142.00,128.00,142.00,148.00,104.00,148.00
104.00,127.00,140.00,127.00,140.00,148.00,104.00,148.00
104.00,127.00,141.00,127.00,141.00,148.00,104.00,148.00
104.00,128.00,141.00,128.00,141.00,148.00,104.00,148.00
104.00,127.00,142.00,127.00,142.00,148.00,104.00,148.00
104.00,128.00,142.00,128.00,142.00,148.00,104.00,148.00
104.00,128.00,142.00,128.00,142.00,148.00,104.00,148.00
104.00,127.00,141.00,127.00,141.00,148.00,104.00,148.00
103.00,127.00,140.00,127.00,140.00,148.00,103.00,148.00
105.00,127.00,142.00,127.00,142.00,147.00,105.00,147.00
105.00,126.00,143.00,126.00,143.00,147.00,105.00,147.00
105.00,126.00,141.00,126.00,141.00,147.00,105.00,147.00
105.00,126.00,142.00,126.00,142.00,146.00,105.00,146.00
106.00,126.00,142.00,126.00,142.00,147.00,106.00,147.00
106.00,126.00,143.00,126.00,143.00,147.00,106.00,147.00
107.00,126.00,144.00,126.00,144.00,147.00,107.00,147.00
107.00,126.00,143.00,126.00,143.00,146.00,107.00,146.00
107.00,126.00,144.00,126.00,144.00,146.00,107.00,146.00
108.00,126.00,144.00,126.00,144.00,147.00,108.00,147.00
107.00,126.00,144.00,126.00,144.00,146.00,107.00,146.00
106.00,127.00,144.00,127.00,144.00,147.00,106.00,147.00
107.00,126.00,144.00,126.00,144.00,147.00,107.00,147.00
107.00,126.00,144.00,126.00,144.00,146.00,107.00,146.00
107.00,127.00,144.00,127.00,144.00,147.00,107.00,147.00
108.00,127.00,144.00,127.00,144.00,146.00,108.00,146.00
109.00,127.00,145.00,127.00,145.00,147.00,109.00,147.00
109.00,127.00,143.00,127.00,143.00,146.00,109.00,146.00
107.00,127.00,144.00,127.00,144.00,147.00,107.00,147.00
108.00,127.00,146.00,127.00,146.00,147.00,108.00,147.00
108.00,128.00,144.00,128.00,144.00,148.00,108.00,148.00
109.00,128.00,147.00,128.00,147.00,148.00,109.00,148.00
107.00,128.00,145.00,128.00,145.00,148.00,107.00,148.00
107.00,128.00,145.00,128.00,145.00,147.00,107.00,147.00
109.00,129.00,147.00,129.00,147.00,148.00,109.00,148.00
108.00,128.00,147.00,128.00,147.00,148.00,108.00,148.00
107.00,127.00,147.00,127.00,147.00,147.00,107.00,147.00
109.00,128.00,148.00,128.00,148.00,147.00,109.00,147.00
108.00,128.00,146.00,128.00,146.00,148.00,108.00,148.00
108.00,128.00,147.00,128.00,147.00,147.00,108.00,147.00
109.00,128.00,147.00,128.00,147.00,147.00,109.00,147.00
109.00,127.00,147.00,127.00,147.00,147.00,109.00,147.00
110.00,127.00,148.00,127.00,148.00,147.00,110.00,147.00
109.00,127.00,147.00,127.00,147.00,147.00,109.00,147.00
109.00,126.00,148.00,126.00,148.00,146.00,109.00,146.00
112.00,127.00,150.00,127.00,150.00,147.00,112.00,147.00
110.00,125.00,150.00,125.00,150.00,146.00,110.00,146.00
111.00,126.00,152.00,126.00,152.00,147.00,111.00,147.00
112.00,125.00,152.00,125.00,152.00,147.00,112.00,147.00
113.00,126.00,152.00,126.00,152.00,147.00,113.00,147.00
110.00,126.00,150.00,126.00,150.00,147.00,110.00,147.00
114.00,126.00,152.00,126.00,152.00,146.00,114.00,146.00
112.00,127.00,150.00,127.00,150.00,147.00,112.00,147.00
114.00,128.00,151.00,128.00,151.00,147.00,114.00,147.00
115.00,127.00,153.00,127.00,153.00,146.00,115.00,146.00
115.00,128.00,152.00,128.00,152.00,147.00,115.00,147.00
115.00,127.00,151.00,127.00,151.00,147.00,115.00,147.00
116.00,128.00,152.00,128.00,152.00,147.00,116.00,147.00
116.00,128.00,153.00,128.00,153.00,147.00,116.00,147.00
116.00,128.00,152.00,128.00,152.00,147.00,116.00,147.00
117.00,128.00,154.00,128.00,154.00,147.00,117.00,147.00
117.00,127.00,154.00,127.00,154.00,147.00,117.00,147.00
118.00,128.00,154.00,128.00,154.00,147.00,118.00,147.00
118.00,127.00,154.00,127.00,154.00,146.00,118.00,146.00
120.00,127.00,155.00,127.00,155.00,146.00,120.00,146.00
120.00,126.00,156.00,126.00,156.00,145.00,120.00,145.00
122.00,127.00,156.00,127.00,156.00,145.00,122.00,145.00
121.00,126.00,158.00,126.00,158.00,145.00,121.00,145.00
123.00,125.00,160.00,125.00,160.00,145.00,123.00,145.00
120.00,125.00,157.00,125.00,157.00,145.00,120.00,145.00
123.00,125.00,160.00,125.00,160.00,146.00,123.00,146.00
124.00,125.00,161.00,125.00,161.00,146.00,124.00,146.00
124.00,125.00,160.00,125.00,160.00,145.00,124.00,145.00
125.00,125.00,160.00,125.00,160.00,144.00,125.00,144.00
124.00,125.00,160.00,125.00,160.00,145.00,124.00,145.00
126.00,125.00,161.00,125.00,161.00,145.00,126.00,145.00
125.00,126.00,161.00,126.00,161.00,144.00,125.00,144.00
124.00,126.00,161.00,126.00,161.00,145.00,124.00,145.00
126.00,125.00,162.00,125.00,162.00,145.00,126.00,145.00
127.00,125.00,164.00,125.00,164.00,145.00,127.00,145.00
125.00,125.00,163.00,125.00,163.00,146.00,125.00,146.00
126.00,125.00,165.00,125.00,165.00,146.00,126.00,146.00
125.00,125.00,163.00,125.00,163.00,145.00,125.00,145.00
128.00,126.00,164.00,126.00,164.00,146.00,128.00,146.00
129.00,126.00,165.00,126.00,165.00,145.00,129.00,145.00
132.00,125.00,169.00,125.00,169.00,145.00,132.00,145.00
132.00,126.00,167.00,126.00,167.00,145.00,132.00,145.00
134.00,125.00,169.00,125.00,169.00,144.00,134.00,144.00
133.00,123.00,172.00,123.00,172.00,143.00,133.00,143.00
134.00,123.00,171.00,123.00,171.00,142.00,134.00,142.00
129.00,122.00,169.00,122.00,169.00,141.00,129.00,141.00
136.00,121.00,174.00,121.00,174.00,141.00,136.00,141.00
134.00,121.00,170.00,121.00,170.00,141.00,134.00,141.00
136.00,122.00,173.00,122.00,173.00,141.00,136.00,141.00
138.00,121.00,176.00,121.00,176.00,141.00,138.00,141.00
137.00,120.00,175.00,120.00,175.00,140.00,137.00,140.00
138.00,120.00,174.00,120.00,174.00,141.00,138.00,141.00
137.00,120.00,174.00,120.00,174.00,140.00,137.00,140.00
137.00,120.00,174.00,120.00,174.00,141.00,137.00,141.00
137.00,121.00,174.00,121.00,174.00,142.00,137.00,142.00
140.00,122.00,175.00,122.00,175.00,142.00,140.00,142.00
141.00,122.00,176.00,122.00,176.00,142.00,141.00,142.00
141.00,122.00,176.00,122.00,176.00,142.00,141.00,142.00
144.00,122.00,177.00,122.00,177.00,143.00,144.00,143.00
143.00,122.00,177.00,122.00,177.00,142.00,143.00,142.00
144.00,122.00,178.00,122.00,178.00,143.00,144.00,143.00
142.00,122.00,178.00,122.00,178.00,143.00,142.00,143.00
142.00,122.00,180.00,122.00,180.00,142.00,142.00,142.00
142.00,122.00,179.00,122.00,179.00,142.00,142.00,142.00
144.00,122.00,181.00,122.00,181.00,142.00,144.00,142.00
144.00,121.00,180.00,121.00,180.00,142.00,144.00,142.00
146.00,121.00,181.00,121.00,181.00,141.00,146.00,141.00
147.00,122.00,180.00,122.00,180.00,142.00,147.00,142.00
146.00,121.00,180.00,121.00,180.00,141.00,146.00,141.00
145.00,121.00,180.00,121.00,180.00,141.00,145.00,141.00
146.00,121.00,180.00,121.00,180.00,141.00,146.00,141.00
147.00,121.00,182.00,121.00,182.00,141.00,147.00,141.00
145.00,120.00,182.00,120.00,182.00,141.00,145.00,141.00
146.00,121.00,181.00,121.00,181.00,142.00,146.00,142.00
146.00,122.00,181.00,122.00,181.00,142.00,146.00,142.00
145.00,122.00,181.00,122.00,181.00,142.00,145.00,142.00
146.00,123.00,183.00,123.00,183.00,142.00,146.00,142.00
146.00,122.00,183.00,122.00,183.00,142.00,146.00,142.00
147.00,124.00,185.00,124.00,185.00,144.00,147.00,144.00
146.00,124.00,185.00,124.00,185.00,144.00,146.00,144.00
148.00,124.00,187.00,124.00,187.00,146.00,148.00,146.00
147.00,126.00,183.00,126.00,183.00,146.00,147.00,146.00
145.00,127.00,182.00,127.00,182.00,146.00,145.00,146.00
146.00,128.00,183.00,128.00,183.00,147.00,146.00,147.00
148.00,128.00,186.00,128.00,186.00,148.00,148.00,148.00
146.00,128.00,183.00,128.00,183.00,148.00,146.00,148.00
147.00,128.00,184.00,128.00,184.00,148.00,147.00,148.00
146.00,128.00,184.00,128.00,184.00,147.00,146.00,147.00
148.00,128.00,184.00,128.00,184.00,148.00,148.00,148.00
147.00,126.00,183.00,126.00,183.00,146.00,147.00,146.00
148.00,126.00,185.00,126.00,185.00,146.00,148.00,146.00
146.00,124.00,184.00,124.00,184.00,144.00,146.00,144.00
145.00,125.00,182.00,125.00,182.00,144.00,145.00,144.00
145.00,124.00,181.00,124.00,181.00,143.00,145.00,143.00
144.00,123.00,181.00,123.00,181.00,142.00,144.00,142.00
144.00,123.00,180.00,123.00,180.00,142.00,144.00,142.00
143.00,123.00,180.00,123.00,180.00,141.00,143.00,141.00
145.00,123.00,180.00,123.00,180.00,142.00,145.00,142.00
142.00,122.00,180.00,122.00,180.00,142.00,142.00,142.00
141.00,122.00,177.00,122.00,177.00,141.00,141.00,141.00
141.00,123.00,178.00,123.00,178.00,142.00,141.00,142.00
139.00,123.00,176.00,123.00,176.00,142.00,139.00,142.00
138.00,124.00,175.00,124.00,175.00,143.00,138.00,143.00
137.00,123.00,175.00,123.00,175.00,142.00,137.00,142.00
137.00,124.00,175.00,124.00,175.00,143.00,137.00,143.00
137.00,124.00,175.00,124.00,175.00,145.00,137.00,145.00
134.00,126.00,174.00,126.00,174.00,145.00,134.00,145.00
135.00,127.00,171.00,127.00,171.00,147.00,135.00,147.00
133.00,126.00,172.00,126.00,172.00,147.00,133.00,147.00
134.00,126.00,172.00,126.00,172.00,147.00,134.00,147.00
132.00,127.00,171.00,127.00,171.00,148.00,132.00,148.00
133.00,127.00,170.00,127.00,170.00,148.00,133.00,148.00
132.00,128.00,171.00,128.00,171.00,149.00,132.00,149.00
128.00,129.00,168.00,129.00,168.00,150.00,128.00,150.00
128.00,129.00,166.00,129.00,166.00,150.00,128.00,150.00
128.00,130.00,166.00,130.00,166.00,151.00,128.00,151.00
126.00,130.00,166.00,130.00,166.00,151.00,126.00,151.00
124.00,130.00,163.00,130.00,163.00,152.00,124.00,152.00
125.00,131.00,164.00,131.00,164.00,153.00,125.00,153.00
123.00,130.00,163.00,130.00,163.00,153.00,123.00,153.00
120.00,131.00,159.00,131.00,159.00,154.00,120.00,154.00
121.00,131.00,159.00,131.00,159.00,154.00,121.00,154.00
120.00,131.00,158.00,131.00,158.00,154.00,120.00,154.00
118.00,131.00,158.00,131.00,158.00,154.00,118.00,154.00
117.00,132.00,156.00,132.00,156.00,156.00,117.00,156.00
115.00,131.00,155.00,131.00,155.00,154.00,115.00,154.00
114.00,131.00,153.00,131.00,153.00,154.00,114.00,154.00
112.00,131.00,155.00,131.00,155.00,155.00,112.00,155.00
112.00,131.00,153.00,131.00,153.00,155.00,112.00,155.00
108.00,130.00,153.00,130.00,153.00,154.00,108.00,154.00
110.00,130.00,152.00,130.00,152.00,154.00,110.00,154.00
106.00,130.00,150.00,130.00,150.00,153.00,106.00,153.00
105.00,131.00,149.00,131.00,149.00,153.00,105.00,153.00
106.00,130.00,148.00,130.00,148.00,154.00,106.00,154.00
105.00,130.00,147.00,130.00,147.00,154.00,105.00,154.00
104.00,130.00,144.00,130.00,144.00,155.00,104.00,155.00
103.00,129.00,145.00,129.00,145.00,154.00,103.00,154.00
103.00,129.00,144.00,129.00,144.00,154.00,103.00,154.00
103.00,130.00,143.00,130.00,143.00,154.00,103.00,154.00
103.00,130.00,142.00,130.00,142.00,154.00,103.00,154.00
101.00,129.00,141.00,129.00,141.00,155.00,101.00,155.00
101.00,130.00,139.00,130.00,139.00,155.00,101.00,155.00
97.00,130.00,137.00,130.00,137.00,155.00,97.00,155.00
97.00,131.00,137.00,131.00,137.00,156.00,97.00,156.00
93.00,130.00,135.00,130.00,135.00,155.00,93.00,155.00
91.00,130.00,134.00,130.00,134.00,154.00,91.00,154.00
89.00,130.00,132.00,130.00,132.00,154.00,89.00,154.00
87.00,130.00,131.00,130.00,131.00,154.00,87.00,154.00
84.00,130.00,128.00,130.00,128.00,154.00,84.00,154.00
84.00,129.00,130.00,129.00,130.00,154.00,84.00,154.00
84.00,129.00,129.00,129.00,129.00,154.00,84.00,154.00
80.00,129.00,125.00,129.00,125.00,153.00,80.00,153.00
79.00,129.00,127.00,129.00,127.00,154.00,79.00,154.00
80.00,129.00,126.00,129.00,126.00,154.00,80.00,154.00
75.00,129.00,121.00,129.00,121.00,155.00,75.00,155.00
74.00,130.00,119.00,130.00,119.00,154.00,74.00,154.00
73.00,130.00,117.00,130.00,117.00,153.00,73.00,153.00
72.00,131.00,116.00,131.00,116.00,154.00,72.00,154.00
72.00,130.00,115.00,130.00,115.00,154.00,72.00,154.00
68.00,130.00,112.00,130.00,112.00,153.00,68.00,153.00
69.00,131.00,112.00,131.00,112.00,156.00,69.00,156.00
69.00,130.00,114.00,130.00,114.00,154.00,69.00,154.00
