1
72.00,127.00,106.00,127.00,106.00,150.00,72.00,150.00
73.00,127.00,106.00,127.00,106.00,149.00,73.00,149.00
74.00,128.00,107.00,128.00,107.00,149.00,74.00,149.00
74.00,127.00,108.00,127.00,108.00,149.00,74.00,149.00
75.00,127.00,109.00,127.00,109.00,149.00,75.00,149.00
76.00,127.00,109.00,127.00,109.00,149.00,76.00,149.00
77.00,128.00,109.00,128.00,109.00,149.00,77.00,149.00
77.00,127.00,112.00,127.00,112.00,149.00,77.00,149.00
78.00,127.00,113.00,127.00,113.00,148.00,78.00,148.00
77.00,127.00,112.00,127.00,112.00,148.00,77.00,148.00
78.00,127.00,112.00,127.00,112.00,148.00,78.00,148.00
79.00,127.00,113.00,127.00,113.00,147.00,79.00,147.00
81.00,126.00,113.00,126.00,113.00,147.00,81.00,147.00
81.00,126.00,113.00,126.00,113.00,146.00,81.00,146.00
81.00,125.00,115.00,125.00,115.00,146.00,81.00,146.00
83.00,125.00,113.00,125.00,113.00,146.00,83.00,146.00
82.00,125.00,115.00,125.00,115.00,145.00,82.00,145.00
83.00,124.00,115.00,124.00,115.00,145.00,83.00,145.00
84.00,124.00,116.00,124.00,116.00,145.00,84.00,145.00
83.00,125.00,117.00,125.00,117.00,145.00,83.00,145.00
85.00,124.00,117.00,124.00,117.00,145.00,85.00,145.00
85.00,125.00,118.00,125.00,118.00,146.00,85.00,146.00
86.00,124.00,118.00,124.00,118.00,145.00,86.00,145.00
86.00,124.00,119.00,124.00,119.00,145.00,86.00,145.00
87.00,125.00,120.00,125.00,120.00,145.00,87.00,145.00
87.00,125.00,119.00,125.00,119.00,145.00,87.00,145.00
88.00,125.00,119.00,125.00,119.00,146.00,88.00,146.00
88.00,126.00,119.00,126.00,119.00,146.00,88.00,146.00
90.00,126.00,121.00,126.00,121.00,145.00,90.00,145.00
90.00,126.00,122.00,126.00,122.00,145.00,90.00,145.00
89.00,125.00,122.00,125.00,122.00,145.00,89.00,145.00
90.00,125.00,122.00,125.00,122.00,145.00,90.00,145.00
89.00,126.00,122.00,126.00,122.00,145.00,89.00,145.00
89.00,126.00,123.00,126.00,123.00,145.00,89.00,145.00
90.00,126.00,123.00,126.00,123.00,145.00,90.00,145.00
90.00,126.00,124.00,126.00,124.00,145.00,90.00,145.00
90.00,126.00,124.00,126.00,124.00,145.00,90.00,145.00
91.00,127.00,123.00,127.00,123.00,146.00,91.00,146.00
91.00,127.00,124.00,127.00,124.00,146.00,91.00,146.00
91.00,127.00,125.00,127.00,125.00,146.00,91.00,146.00
90.00,128.00,123.00,128.00,123.00,147.00,90.00,147.00
91.00,128.00,124.00,128.00,124.00,147.00,91.00,147.00
91.00,129.00,125.00,129.00,125.00,148.00,91.00,148.00
92.00,129.00,125.00,129.00,125.00,148.00,92.00,148.00
92.00,130.00,125.00,130.00,125.00,149.00,92.00,149.00
91.00,131.00,125.00,131.00,125.00,149.00,91.00,149.00
92.00,131.00,125.00,131.00,125.00,150.00,92.00,150.00
93.00,131.00,125.00,131.00,125.00,149.00,93.00,149.00
94.00,131.00,126.00,131.00,126.00,150.00,94.00,150.00
94.00,131.00,127.00,131.00,127.00,150.00,94.00,150.00
94.00,131.00,126.00,131.00,126.00,149.00,94.00,149.00
94.00,131.00,128.00,131.00,128.00,149.00,94.00,149.00
94.00,130.00,127.00,130.00,127.00,150.00,94.00,150.00
94.00,130.00,128.00,130.00,128.00,150.00,94.00,150.00
94.00,131.00,128.00,131.00,128.00,149.00,94.00,149.00
95.00,131.00,128.00,131.00,128.00,149.00,95.00,149.00
97.00,130.00,130.00,130.00,130.00,149.00,97.00,149.00
96.00,130.00,129.00,130.00,129.00,149.00,96.00,149.00
98.00,130.00,131.00,130.00,131.00,148.00,98.00,148.00
97.00,130.00,130.00,130.00,130.00,148.00,97.00,148.00
98.00,130.00,130.00,130.00,130.00,148.00,98.00,148.00
98.00,130.00,129.00,130.00,129.00,148.00,98.00,148.00
98.00,130.00,131.00,130.00,131.00,148.00,98.00,148.00
98.00,130.00,131.00,130.00,131.00,148.00,98.00,148.00
99.00,129.00,132.00,129.00,132.00,148.00,99.00,148.00
99.00,129.00,131.00,129.00,131.00,148.00,99.00,148.00
98.00,129.00,132.00,129.00,132.00,147.00,98.00,147.00
99.00,129.00,132.00,129.00,132.00,147.00,99.00,147.00
99.00,130.00,133.00,130.00,133.00,147.00,99.00,147.00
99.00,129.00,132.00,129.00,132.00,148.00,99.00,148.00
100.00,130.00,134.00,130.00,134.00,148.00,100.00,148.00
99.00,129.00,132.00,129.00,132.00,148.00,99.00,148.00
99.00,130.00,132.00,130.00,132.00,148.00,99.00,148.00
100.00,129.00,133.00,129.00,133.00,148.00,100.00,148.00
100.00,129.00,134.00,129.00,134.00,147.00,100.00,147.00
100.00,129.00,135.00,129.00,135.00,147.00,100.00,147.00
100.00,128.00,134.00,128.00,134.00,147.00,100.00,147.00
102.00,129.00,135.00,129.00,135.00,147.00,102.00,147.00
101.00,128.00,136.00,128.00,136.00,148.00,101.00,148.00
100.00,129.00,135.00,129.00,135.00,148.00,100.00,148.00
100.00,129.00,135.00,129.00,135.00,147.00,100.00,147.00
101.00,129.00,134.00,129.00,134.00,148.00,101.00,148.00
102.00,129.00,135.00,129.00,135.00,148.00,102.00,148.00
101.00,129.00,136.00,129.00,136.00,149.00,101.00,149.00
101.00,129.00,135.00,129.00,135.00,149.00,101.00,149.00
101.00,128.00,135.00,128.00,135.00,148.00,101.00,148.00
101.00,129.00,136.00,129.00,136.00,148.00,101.00,148.00
100.00,129.00,136.00,129.00,136.00,148.00,100.00,148.00
101.00,129.00,135.00,129.00,135.00,148.00,101.00,148.00
101.00,128.00,137.00,128.00,137.00,148.00,101.00,148.00
100.00,129.00,137.00,129.00,137.00,148.00,100.00,148.00
100.00,128.00,136.00,128.00,136.00,148.00,100.00,148.00
100.00,128.00,137.00,128.00,137.00,148.00,100.00,148.00
100.00,128.00,138.00,128.00,138.00,147.00,100.00,147.00
100.00,128.00,137.00,128.00,137.00,147.00,100.00,147.00
100.00,128.00,137.00,128.00,137.00,148.00,100.00,148.00
101.00,128.00,138.00,128.00,138.00,148.00,101.00,148.00
100.00,128.00,137.00,128.00,137.00,147.00,100.00,147.00
101.00,127.00,138.00,127.00,138.00,147.00,101.00,147.00
101.00,129.00,138.00,129.00,138.00,148.00,101.00,148.00
100.00,128.00,139.00,128.00,139.00,148.00,100.00,148.00
100.00,128.00,138.00,128.00,138.00,148.00,100.00,148.00
101.00,128.00,139.00,128.00,139.00,148.00,101.00,148.00
101.00,128.00,140.00,128.00,140.00,148.00,101.00,148.00
100.00,128.00,139.00,128.00,139.00,147.00,100.00,147.00
101.00,128.00,139.00,128.00,139.00,147.00,101.00,147.00
102.00,129.00,139.00,129.00,139.00,148.00,102.00,148.00
102.00,127.00,140.00,127.00,140.00,148.00,102.00,148.00
102.00,128.00,138.00,128.00,138.00,148.00,102.00,148.00
102.00,128.00,141.00,128.00,141.00,147.00,102.00,147.00
102.00,127.00,139.00,127.00,139.00,147.00,102.00,147.00
102.00,128.00,140.00,128.00,140.00,147.00,102.00,147.00
102.00,127.00,138.00,127.00,138.00,147.00,102.00,147.00
102.00,128.00,139.00,128.00,139.00,148.00,102.00,148.00
102.00,127.00,138.00,127.00,138.00,147.00,102.00,147.00
102.00,127.00,139.00,127.00,139.00,148.00,102.00,148.00
103.00,127.00,139.00,127.00,139.00,147.00,103.00,147.00
102.00,126.00,139.00,126.00,139.00,147.00,102.00,147.00
102.00,127.00,139.00,127.00,139.00,147.00,102.00,147.00
102.00,126.00,140.00,126.00,140.00,146.00,102.00,146.00
102.00,126.00,139.00,126.00,139.00,146.00,102.00,146.00
103.00,126.00,140.00,126.00,140.00,147.00,103.00,147.00
102.00,126.00,140.00,126.00,140.00,147.00,102.00,147.00
102.00,125.00,140.00,125.00,140.00,146.00,102.00,146.00
104.00,126.00,140.00,126.00,140.00,148.00,104.00,148.00
102.00,126.00,140.00,126.00,140.00,147.00,102.00,147.00
102.00,126.00,140.00,126.00,140.00,147.00,102.00,147.00
102.00,125.00,139.00,125.00,139.00,146.00,102.00,146.00
102.00,125.00,139.00,125.00,139.00,146.00,102.00,146.00
102.00,126.00,141.00,126.00,141.00,146.00,102.00,146.00
103.00,126.00,139.00,126.00,139.00,146.00,103.00,146.00
102.00,127.00,138.00,127.00,138.00,147.00,102.00,147.00
103.00,126.00,140.00,126.00,140.00,146.00,103.00,146.00
103.00,126.00,139.00,126.00,139.00,146.00,103.00,146.00
103.00,127.00,140.00,127.00,140.00,147.00,103.00,147.00
103.00,127.00,139.00,127.00,139.00,148.00,103.00,148.00
104.00,127.00,139.00,127.00,139.00,147.00,104.00,147.00
103.00,126.00,139.00,126.00,139.00,147.00,103.00,147.00
103.00,126.00,139.00,126.00,139.00,146.00,103.00,146.00
103.00,126.00,139.00,126.00,139.00,146.00,103.00,146.00
104.00,126.00,139.00,126.00,139.00,146.00,104.00,146.00
102.00,126.00,139.00,126.00,139.00,147.00,102.00,147.00
102.00,126.00,138.00,126.00,138.00,147.00,102.00,147.00
103.00,125.00,138.00,125.00,138.00,146.00,103.00,146.00
103.00,125.00,138.00,125.00,138.00,146.00,103.00,146.00
102.00,125.00,139.00,125.00,139.00,146.00,102.00,146.00
103.00,125.00,139.00,125.00,139.00,146.00,103.00,146.00
102.00,125.00,139.00,125.00,139.00,147.00,102.00,147.00
101.00,125.00,138.00,125.00,138.00,146.00,101.00,146.00
103.00,126.00,140.00,126.00,140.00,146.00,103.00,146.00
103.00,126.00,138.00,126.00,138.00,146.00,103.00,146.00
103.00,125.00,140.00,125.00,140.00,146.00,103.00,146.00
102.00,126.00,138.00,126.00,138.00,147.00,102.00,147.00
103.00,125.00,140.00,125.00,140.00,146.00,103.00,146.00
103.00,125.00,139.00,125.00,139.00,147.00,103.00,147.00
103.00,125.00,139.00,125.00,139.00,146.00,103.00,146.00
103.00,125.00,140.00,125.00,140.00,146.00,103.00,146.00
102.00,126.00,138.00,126.00,138.00,147.00,102.00,147.00
103.00,126.00,139.00,126.00,139.00,146.00,103.00,146.00
103.00,126.00,139.00,126.00,139.00,146.00,103.00,146.00
103.00,127.00,137.00,127.00,137.00,146.00,103.00,146.00
103.00,127.00,138.00,127.00,138.00,147.00,103.00,147.00
103.00,126.00,139.00,126.00,139.00,146.00,103.00,146.00
102.00,127.00,138.00,127.00,138.00,147.00,102.00,147.00
103.00,127.00,138.00,127.00,138.00,148.00,103.00,148.00
104.00,127.00,139.00,127.00,139.00,146.00,104.00,146.00
103.00,128.00,138.00,128.00,138.00,147.00,103.00,147.00
104.00,127.00,138.00,127.00,138.00,146.00,104.00,146.00
104.00,127.00,138.00,127.00,138.00,147.00,104.00,147.00
103.00,127.00,139.00,127.00,139.00,146.00,103.00,146.00
104.00,127.00,139.00,127.00,139.00,147.00,104.00,147.00
104.00,126.00,139.00,126.00,139.00,147.00,104.00,147.00
103.00,127.00,137.00,127.00,137.00,147.00,103.00,147.00
103.00,126.00,138.00,126.00,138.00,146.00,103.00,146.00
102.00,127.00,138.00,127.00,138.00,147.00,102.00,147.00
103.00,126.00,139.00,126.00,139.00,145.00,103.00,145.00
103.00,127.00,140.00,127.00,140.00,146.00,103.00,146.00
102.00,126.00,138.00,126.00,138.00,146.00,102.00,146.00
104.00,126.00,140.00,126.00,140.00,146.00,104.00,146.00
104.00,126.00,141.00,126.00,141.00,146.00,104.00,146.00
104.00,126.00,139.00,126.00,139.00,146.00,104.00,146.00
104.00,126.00,140.00,126.00,140.00,146.00,104.00,146.00
104.00,127.00,140.00,127.00,140.00,147.00,104.00,147.00
104.00,127.00,140.00,127.00,140.00,147.00,104.00,147.00
104.00,128.00,141.00,128.00,141.00,147.00,104.00,147.00
103.00,128.00,140.00,128.00,140.00,147.00,103.00,147.00
104.00,128.00,140.00,128.00,140.00,148.00,104.00,148.00
105.00,127.00,140.00,127.00,140.00,147.00,105.00,147.00
104.00,128.00,141.00,128.00,141.00,148.00,104.00,148.00
106.00,128.00,141.00,128.00,141.00,148.00,106.00,148.00
105.00,127.00,141.00,127.00,141.00,147.00,105.00,147.00
105.00,128.00,141.00,128.00,141.00,148.00,105.00,148.00
104.00,127.00,141.00,127.00,141.00,147.00,104.00,147.00
104.00,128.00,140.00,128.00,140.00,148.00,104.00,148.00
104.00,127.00,140.00,127.00,140.00,147.00,104.00,147.00
105.00,127.00,141.00,127.00,141.00,146.00,105.00,146.00
105.00,126.00,143.00,126.00,143.00,147.00,105.00,147.00
105.00,126.00,143.00,126.00,143.00,146.00,105.00,146.00
105.00,126.00,142.00,126.00,142.00,146.00,105.00,146.00
106.00,127.00,142.00,127.00,142.00,147.00,106.00,147.00
106.00,126.00,143.00,126.00,143.00,146.00,106.00,146.00
107.00,126.00,143.00,126.00,143.00,146.00,107.00,146.00
107.00,127.00,143.00,127.00,143.00,147.00,107.00,147.00
106.00,126.00,143.00,126.00,143.00,146.00,106.00,146.00
108.00,126.00,144.00,126.00,144.00,147.00,108.00,147.00
107.00,126.00,143.00,126.00,143.00,146.00,107.00,146.00
108.00,126.00,145.00,126.00,145.00,146.00,108.00,146.00
108.00,126.00,144.00,126.00,144.00,146.00,108.00,146.00
107.00,126.00,143.00,126.00,143.00,147.00,107.00,147.00
108.00,127.00,144.00,127.00,144.00,147.00,108.00,147.00
108.00,127.00,144.00,127.00,144.00,147.00,108.00,147.00
107.00,127.00,143.00,127.00,143.00,147.00,107.00,147.00
107.00,127.00,143.00,127.00,143.00,146.00,107.00,146.00
108.00,127.00,144.00,127.00,144.00,147.00,108.00,147.00
109.00,127.00,145.00,127.00,145.00,148.00,109.00,148.00
109.00,128.00,144.00,128.00,144.00,147.00,109.00,147.00
110.00,128.00,147.00,128.00,147.00,148.00,110.00,148.00
109.00,128.00,146.00,128.00,146.00,149.00,109.00,149.00
108.00,128.00,145.00,128.00,145.00,148.00,108.00,148.00
111.00,129.00,147.00,129.00,147.00,148.00,111.00,148.00
111.00,128.00,147.00,128.00,147.00,148.00,111.00,148.00
110.00,128.00,146.00,128.00,146.00,148.00,110.00,148.00
110.00,128.00,147.00,128.00,147.00,148.00,110.00,148.00
111.00,127.00,147.00,127.00,147.00,148.00,111.00,148.00
110.00,128.00,146.00,128.00,146.00,147.00,110.00,147.00
112.00,128.00,148.00,128.00,148.00,146.00,112.00,146.00
115.00,128.00,148.00,128.00,148.00,146.00,115.00,146.00
113.00,128.00,148.00,128.00,148.00,147.00,113.00,147.00
112.00,127.00,148.00,127.00,148.00,145.00,112.00,145.00
113.00,127.00,148.00,127.00,148.00,145.00,113.00,145.00
115.00,128.00,149.00,128.00,149.00,145.00,115.00,145.00
114.00,127.00,150.00,127.00,150.00,145.00,114.00,145.00
112.00,127.00,150.00,127.00,150.00,145.00,112.00,145.00
114.00,127.00,151.00,127.00,151.00,145.00,114.00,145.00
114.00,127.00,150.00,127.00,150.00,146.00,114.00,146.00
116.00,128.00,151.00,128.00,151.00,146.00,116.00,146.00
115.00,128.00,151.00,128.00,151.00,145.00,115.00,145.00
116.00,129.00,150.00,129.00,150.00,146.00,116.00,146.00
116.00,129.00,150.00,129.00,150.00,146.00,116.00,146.00
117.00,128.00,152.00,128.00,152.00,145.00,117.00,145.00
118.00,129.00,152.00,129.00,152.00,146.00,118.00,146.00
119.00,128.00,152.00,128.00,152.00,146.00,119.00,146.00
119.00,129.00,152.00,129.00,152.00,146.00,119.00,146.00
118.00,129.00,152.00,129.00,152.00,146.00,118.00,146.00
118.00,129.00,151.00,129.00,151.00,146.00,118.00,146.00
120.00,129.00,154.00,129.00,154.00,146.00,120.00,146.00
120.00,129.00,154.00,129.00,154.00,146.00,120.00,146.00
119.00,128.00,153.00,128.00,153.00,145.00,119.00,145.00
120.00,127.00,156.00,127.00,156.00,145.00,120.00,145.00
122.00,127.00,156.00,127.00,156.00,145.00,122.00,145.00
121.00,127.00,155.00,127.00,155.00,145.00,121.00,145.00
122.00,127.00,155.00,127.00,155.00,145.00,122.00,145.00
123.00,127.00,158.00,127.00,158.00,144.00,123.00,144.00
124.00,126.00,159.00,126.00,159.00,143.00,124.00,143.00
124.00,126.00,157.00,126.00,157.00,144.00,124.00,144.00
126.00,126.00,159.00,126.00,159.00,144.00,126.00,144.00
125.00,126.00,160.00,126.00,160.00,144.00,125.00,144.00
125.00,126.00,159.00,126.00,159.00,144.00,125.00,144.00
126.00,126.00,160.00,126.00,160.00,144.00,126.00,144.00
126.00,126.00,160.00,126.00,160.00,144.00,126.00,144.00
125.00,126.00,161.00,126.00,161.00,144.00,125.00,144.00
126.00,126.00,162.00,126.00,162.00,144.00,126.00,144.00
127.00,125.00,164.00,125.00,164.00,144.00,127.00,144.00
126.00,126.00,162.00,126.00,162.00,143.00,126.00,143.00
129.00,125.00,165.00,125.00,165.00,143.00,129.00,143.00
129.00,126.00,165.00,126.00,165.00,145.00,129.00,145.00
131.00,125.00,168.00,125.00,168.00,145.00,131.00,145.00
131.00,126.00,166.00,126.00,166.00,145.00,131.00,145.00
132.00,126.00,166.00,126.00,166.00,144.00,132.00,144.00
130.00,126.00,166.00,126.00,166.00,145.00,130.00,145.00
133.00,125.00,168.00,125.00,168.00,144.00,133.00,144.00
135.00,125.00,168.00,125.00,168.00,145.00,135.00,145.00
135.00,124.00,170.00,124.00,170.00,143.00,135.00,143.00
134.00,124.00,170.00,124.00,170.00,143.00,134.00,143.00
137.00,123.00,170.00,123.00,170.00,142.00,137.00,142.00
139.00,122.00,174.00,122.00,174.00,141.00,139.00,141.00
136.00,121.00,172.00,121.00,172.00,140.00,136.00,140.00
139.00,121.00,173.00,121.00,173.00,140.00,139.00,140.00
139.00,122.00,174.00,122.00,174.00,140.00,139.00,140.00
140.00,121.00,176.00,121.00,176.00,141.00,140.00,141.00
140.00,120.00,175.00,120.00,175.00,140.00,140.00,140.00
140.00,120.00,174.00,120.00,174.00,140.00,140.00,140.00
138.00,120.00,172.00,120.00,172.00,139.00,138.00,139.00
140.00,120.00,175.00,120.00,175.00,140.00,140.00,140.00
142.00,120.00,177.00,120.00,177.00,140.00,142.00,140.00
142.00,121.00,175.00,121.00,175.00,141.00,142.00,141.00
141.00,121.00,177.00,121.00,177.00,140.00,141.00,140.00
143.00,121.00,177.00,121.00,177.00,141.00,143.00,141.00
145.00,121.00,178.00,121.00,178.00,142.00,145.00,142.00
145.00,121.00,179.00,121.00,179.00,141.00,145.00,141.00
146.00,121.00,180.00,121.00,180.00,142.00,146.00,142.00
141.00,121.00,176.00,121.00,176.00,142.00,141.00,142.00
144.00,121.00,180.00,121.00,180.00,141.00,144.00,141.00
146.00,121.00,181.00,121.00,181.00,141.00,146.00,141.00
147.00,121.00,181.00,121.00,181.00,141.00,147.00,141.00
146.00,120.00,180.00,120.00,180.00,141.00,146.00,141.00
146.00,120.00,179.00,120.00,179.00,141.00,146.00,141.00
148.00,121.00,181.00,121.00,181.00,142.00,148.00,142.00
145.00,121.00,177.00,121.00,177.00,142.00,145.00,142.00
147.00,120.00,179.00,120.00,179.00,141.00,147.00,141.00
147.00,120.00,179.00,120.00,179.00,141.00,147.00,141.00
149.00,121.00,182.00,121.00,182.00,141.00,149.00,141.00
147.00,120.00,180.00,120.00,180.00,140.00,147.00,140.00
148.00,121.00,180.00,121.00,180.00,141.00,148.00,141.00
148.00,121.00,180.00,121.00,180.00,141.00,148.00,141.00
148.00,121.00,181.00,121.00,181.00,142.00,148.00,142.00
149.00,122.00,182.00,122.00,182.00,142.00,149.00,142.00
149.00,122.00,182.00,122.00,182.00,142.00,149.00,142.00
149.00,123.00,183.00,123.00,183.00,143.00,149.00,143.00
149.00,124.00,184.00,124.00,184.00,144.00,149.00,144.00
150.00,125.00,184.00,125.00,184.00,145.00,150.00,145.00
149.00,126.00,183.00,126.00,183.00,146.00,149.00,146.00
147.00,127.00,179.00,127.00,179.00,146.00,147.00,146.00
149.00,127.00,182.00,127.00,182.00,146.00,149.00,146.00
150.00,127.00,184.00,127.00,184.00,147.00,150.00,147.00
147.00,128.00,180.00,128.00,180.00,148.00,147.00,148.00
148.00,128.00,181.00,128.00,181.00,147.00,148.00,147.00
149.00,128.00,182.00,128.00,182.00,148.00,149.00,148.00
150.00,127.00,183.00,127.00,183.00,146.00,150.00,146.00
149.00,126.00,181.00,126.00,181.00,146.00,149.00,146.00
149.00,126.00,183.00,126.00,183.00,145.00,149.00,145.00
148.00,125.00,181.00,125.00,181.00,144.00,148.00,144.00
148.00,125.00,179.00,125.00,179.00,143.00,148.00,143.00
149.00,124.00,179.00,124.00,179.00,142.00,149.00,142.00
147.00,123.00,179.00,123.00,179.00,142.00,147.00,142.00
146.00,122.00,178.00,122.00,178.00,141.00,146.00,141.00
146.00,122.00,178.00,122.00,178.00,141.00,146.00,141.00
145.00,122.00,177.00,122.00,177.00,142.00,145.00,142.00
143.00,122.00,176.00,122.00,176.00,141.00,143.00,141.00
143.00,122.00,175.00,122.00,175.00,141.00,143.00,141.00
144.00,123.00,177.00,123.00,177.00,142.00,144.00,142.00
142.00,122.00,174.00,122.00,174.00,141.00,142.00,141.00
140.00,123.00,173.00,123.00,173.00,142.00,140.00,142.00
141.00,123.00,173.00,123.00,173.00,142.00,141.00,142.00
139.00,124.00,172.00,124.00,172.00,143.00,139.00,143.00
139.00,123.00,172.00,123.00,172.00,144.00,139.00,144.00
138.00,126.00,171.00,126.00,171.00,146.00,138.00,146.00
138.00,126.00,171.00,126.00,171.00,146.00,138.00,146.00
136.00,127.00,169.00,127.00,169.00,146.00,136.00,146.00
137.00,126.00,170.00,126.00,170.00,146.00,137.00,146.00
136.00,127.00,169.00,127.00,169.00,148.00,136.00,148.00
134.00,127.00,168.00,127.00,168.00,148.00,134.00,148.00
134.00,127.00,168.00,127.00,168.00,148.00,134.00,148.00
131.00,128.00,165.00,128.00,165.00,149.00,131.00,149.00
132.00,129.00,166.00,129.00,166.00,150.00,132.00,150.00
130.00,129.00,164.00,129.00,164.00,150.00,130.00,150.00
129.00,129.00,164.00,129.00,164.00,150.00,129.00,150.00
128.00,129.00,161.00,129.00,161.00,151.00,128.00,151.00
126.00,130.00,161.00,130.00,161.00,152.00,126.00,152.00
127.00,129.00,161.00,129.00,161.00,151.00,127.00,151.00
125.00,131.00,159.00,131.00,159.00,153.00,125.00,153.00
123.00,130.00,158.00,130.00,158.00,154.00,123.00,154.00
123.00,131.00,157.00,131.00,157.00,153.00,123.00,153.00
121.00,130.00,157.00,130.00,157.00,153.00,121.00,153.00
119.00,132.00,154.00,132.00,154.00,153.00,119.00,153.00
120.00,131.00,154.00,131.00,154.00,154.00,120.00,154.00
117.00,132.00,150.00,132.00,150.00,153.00,117.00,153.00
117.00,131.00,151.00,131.00,151.00,154.00,117.00,154.00
115.00,131.00,150.00,131.00,150.00,154.00,115.00,154.00
113.00,130.00,149.00,130.00,149.00,154.00,113.00,154.00
113.00,131.00,148.00,131.00,148.00,154.00,113.00,154.00
111.00,130.00,146.00,130.00,146.00,152.00,111.00,152.00
109.00,131.00,146.00,131.00,146.00,152.00,109.00,152.00
109.00,130.00,146.00,130.00,146.00,153.00,109.00,153.00
108.00,130.00,146.00,130.00,146.00,152.00,108.00,152.00
108.00,130.00,142.00,130.00,142.00,152.00,108.00,152.00
105.00,130.00,141.00,130.00,141.00,153.00,105.00,153.00
105.00,129.00,140.00,129.00,140.00,151.00,105.00,151.00
105.00,130.00,140.00,130.00,140.00,153.00,105.00,153.00
105.00,130.00,139.00,130.00,139.00,153.00,105.00,153.00
103.00,130.00,138.00,130.00,138.00,153.00,103.00,153.00
103.00,130.00,137.00,130.00,137.00,153.00,103.00,153.00
100.00,130.00,134.00,130.00,134.00,153.00,100.00,153.00
100.00,130.00,135.00,130.00,135.00,153.00,100.00,153.00
96.00,130.00,132.00,130.00,132.00,154.00,96.00,154.00
94.00,130.00,130.00,130.00,130.00,155.00,94.00,155.00
92.00,130.00,129.00,130.00,129.00,156.00,92.00,156.00
91.00,129.00,129.00,129.00,129.00,154.00,91.00,154.00
88.00,130.00,125.00,130.00,125.00,154.00,88.00,154.00
87.00,129.00,126.00,129.00,126.00,156.00,87.00,156.00
88.00,128.00,126.00,128.00,126.00,154.00,88.00,154.00
83.00,128.00,122.00,128.00,122.00,155.00,83.00,155.00
83.00,128.00,125.00,128.00,125.00,157.00,83.00,157.00
79.00,128.00,121.00,128.00,121.00,156.00,79.00,156.00
77.00,128.00,119.00,128.00,119.00,155.00,77.00,155.00
77.00,128.00,117.00,128.00,117.00,155.00,77.00,155.00
75.00,130.00,115.00,130.00,115.00,156.00,75.00,156.00
75.00,130.00,115.00,130.00,115.00,156.00,75.00,156.00
72.00,128.00,113.00,128.00,113.00,155.00,72.00,155.00
71.00,129.00,112.00,129.00,112.00,158.00,71.00,158.00
70.00,129.00,111.00,129.00,111.00,158.00,70.00,158.00
69.00,128.00,111.00,128.00,111.00,156.00,69.00,156.00
