1
422.00,206.00,490.00,206.00,490.00,319.00,422.00,319.00
422.00,205.00,490.00,205.00,490.00,319.00,422.00,319.00
422.00,204.00,490.00,204.00,490.00,318.00,422.00,318.00
422.00,204.00,490.00,204.00,490.00,317.00,422.00,317.00
423.00,204.00,491.00,204.00,491.00,317.00,423.00,317.00
424.00,204.00,491.00,204.00,491.00,318.00,424.00,318.00
425.00,204.00,492.00,204.00,492.00,318.00,425.00,318.00
426.00,203.00,494.00,203.00,494.00,317.00,426.00,317.00
427.00,203.00,493.00,203.00,493.00,317.00,427.00,317.00
427.00,203.00,494.00,203.00,494.00,316.00,427.00,316.00
428.00,203.00,495.00,203.00,495.00,317.00,428.00,317.00
428.00,203.00,495.00,203.00,495.00,316.00,428.00,316.00
429.00,204.00,496.00,204.00,496.00,318.00,429.00,318.00
430.00,205.00,497.00,205.00,497.00,318.00,430.00,318.00
430.00,206.00,497.00,206.00,497.00,319.00,430.00,319.00
430.00,207.00,497.00,207.00,497.00,319.00,430.00,319.00
429.00,208.00,495.00,208.00,495.00,321.00,429.00,321.00
429.00,208.00,496.00,208.00,496.00,321.00,429.00,321.00
430.00,208.00,497.00,208.00,497.00,321.00,430.00,321.00
431.00,209.00,498.00,209.00,498.00,321.00,431.00,321.00
432.00,208.00,499.00,208.00,499.00,321.00,432.00,321.00
433.00,209.00,499.00,209.00,499.00,321.00,433.00,321.00
432.00,209.00,499.00,209.00,499.00,320.00,432.00,320.00
432.00,209.00,499.00,209.00,499.00,321.00,432.00,321.00
431.00,209.00,498.00,209.00,498.00,321.00,431.00,321.00
432.00,210.00,499.00,210.00,499.00,321.00,432.00,321.00
432.00,209.00,499.00,209.00,499.00,320.00,432.00,320.00
432.00,209.00,499.00,209.00,499.00,321.00,432.00,321.00
432.00,209.00,500.00,209.00,500.00,321.00,432.00,321.00
432.00,209.00,500.00,209.00,500.00,321.00,432.00,321.00
433.00,208.00,500.00,208.00,500.00,320.00,433.00,320.00
433.00,208.00,501.00,208.00,501.00,320.00,433.00,320.00
434.00,208.00,501.00,208.00,501.00,320.00,434.00,320.00
434.00,208.00,502.00,208.00,502.00,320.00,434.00,320.00
434.00,207.00,502.00,207.00,502.00,320.00,434.00,320.00
434.00,207.00,502.00,207.00,502.00,320.00,434.00,320.00
435.00,207.00,503.00,207.00,503.00,319.00,435.00,319.00
435.00,207.00,503.00,207.00,503.00,319.00,435.00,319.00
436.00,206.00,503.00,206.00,503.00,319.00,436.00,319.00
437.00,206.00,504.00,206.00,504.00,319.00,437.00,319.00
437.00,207.00,504.00,207.00,504.00,319.00,437.00,319.00
437.00,206.00,504.00,206.00,504.00,318.00,437.00,318.00
437.00,207.00,504.00,207.00,504.00,319.00,437.00,319.00
437.00,207.00,504.00,207.00,504.00,318.00,437.00,318.00
437.00,206.00,504.00,206.00,504.00,318.00,437.00,318.00
437.00,206.00,504.00,206.00,504.00,318.00,437.00,318.00
438.00,206.00,504.00,206.00,504.00,317.00,438.00,317.00
438.00,206.00,505.00,206.00,505.00,317.00,438.00,317.00
439.00,206.00,505.00,206.00,505.00,317.00,439.00,317.00
439.00,206.00,506.00,206.00,506.00,317.00,439.00,317.00
440.00,205.00,506.00,205.00,506.00,317.00,440.00,317.00
439.00,205.00,506.00,205.00,506.00,318.00,439.00,318.00
440.00,204.00,506.00,204.00,506.00,316.00,440.00,316.00
441.00,203.00,507.00,203.00,507.00,316.00,441.00,316.00
443.00,203.00,508.00,203.00,508.00,315.00,443.00,315.00
445.00,201.00,509.00,201.00,509.00,314.00,445.00,314.00
446.00,201.00,510.00,201.00,510.00,315.00,446.00,315.00
448.00,199.00,510.00,199.00,510.00,316.00,448.00,316.00
449.00,198.00,509.00,198.00,509.00,317.00,449.00,317.00
450.00,197.00,509.00,197.00,509.00,317.00,450.00,317.00
451.00,197.00,509.00,197.00,509.00,316.00,451.00,316.00
452.00,196.00,510.00,196.00,510.00,317.00,452.00,317.00
453.00,197.00,509.00,197.00,509.00,316.00,453.00,316.00
454.00,198.00,511.00,198.00,511.00,312.00,454.00,312.00
454.00,208.00,512.00,208.00,512.00,320.00,454.00,320.00
458.00,210.00,518.00,210.00,518.00,321.00,458.00,321.00
464.00,209.00,530.00,209.00,530.00,322.00,464.00,322.00
465.00,209.00,526.00,209.00,526.00,327.00,465.00,327.00
465.00,214.00,530.00,214.00,530.00,328.00,465.00,328.00
467.00,212.00,532.00,212.00,532.00,328.00,467.00,328.00
473.00,212.00,536.00,212.00,536.00,330.00,473.00,330.00
471.00,206.00,538.00,206.00,538.00,329.00,471.00,329.00
471.00,209.00,541.00,209.00,541.00,331.00,471.00,331.00
473.00,205.00,543.00,205.00,543.00,329.00,473.00,329.00
474.00,215.00,541.00,215.00,541.00,330.00,474.00,330.00
473.00,217.00,539.00,217.00,539.00,331.00,473.00,331.00
473.00,218.00,538.00,218.00,538.00,331.00,473.00,331.00
470.00,212.00,538.00,212.00,538.00,328.00,470.00,328.00
472.00,210.00,539.00,210.00,539.00,325.00,472.00,325.00
474.00,211.00,539.00,211.00,539.00,327.00,474.00,327.00
473.00,212.00,538.00,212.00,538.00,329.00,473.00,329.00
472.00,209.00,541.00,209.00,541.00,328.00,472.00,328.00
472.00,209.00,540.00,209.00,540.00,326.00,472.00,326.00
472.00,207.00,542.00,207.00,542.00,320.00,472.00,320.00
473.00,205.00,542.00,205.00,542.00,316.00,473.00,316.00
474.00,208.00,541.00,208.00,541.00,316.00,474.00,316.00
477.00,205.00,544.00,205.00,544.00,312.00,477.00,312.00
479.00,207.00,542.00,207.00,542.00,312.00,479.00,312.00
479.00,208.00,543.00,208.00,543.00,312.00,479.00,312.00
478.00,209.00,545.00,209.00,545.00,313.00,478.00,313.00
477.00,212.00,548.00,212.00,548.00,316.00,477.00,316.00
477.00,218.00,550.00,218.00,550.00,322.00,477.00,322.00
476.00,218.00,549.00,218.00,549.00,322.00,476.00,322.00
477.00,219.00,551.00,219.00,551.00,321.00,477.00,321.00
478.00,222.00,550.00,222.00,550.00,323.00,478.00,323.00
480.00,222.00,552.00,222.00,552.00,321.00,480.00,321.00
481.00,224.00,554.00,224.00,554.00,322.00,481.00,322.00
480.00,224.00,551.00,224.00,551.00,322.00,480.00,322.00
482.00,225.00,553.00,225.00,553.00,321.00,482.00,321.00
483.00,225.00,554.00,225.00,554.00,322.00,483.00,322.00
486.00,226.00,556.00,226.00,556.00,322.00,486.00,322.00
487.00,222.00,555.00,222.00,555.00,320.00,487.00,320.00
490.00,224.00,559.00,224.00,559.00,322.00,490.00,322.00
492.00,225.00,564.00,225.00,564.00,324.00,492.00,324.00
495.00,223.00,566.00,223.00,566.00,322.00,495.00,322.00
499.00,225.00,570.00,225.00,570.00,325.00,499.00,325.00
501.00,223.00,573.00,223.00,573.00,326.00,501.00,326.00
497.00,218.00,570.00,218.00,570.00,324.00,497.00,324.00
498.00,221.00,574.00,221.00,574.00,330.00,498.00,330.00
496.00,217.00,572.00,217.00,572.00,332.00,496.00,332.00
498.00,218.00,573.00,218.00,573.00,334.00,498.00,334.00
502.00,219.00,574.00,219.00,574.00,333.00,502.00,333.00
509.00,221.00,576.00,221.00,576.00,333.00,509.00,333.00
514.00,233.00,577.00,233.00,577.00,339.00,514.00,339.00
515.00,234.00,575.00,234.00,575.00,340.00,515.00,340.00
516.00,240.00,575.00,240.00,575.00,342.00,516.00,342.00
514.00,238.00,574.00,238.00,574.00,343.00,514.00,343.00
512.00,234.00,573.00,234.00,573.00,341.00,512.00,341.00
513.00,233.00,574.00,233.00,574.00,342.00,513.00,342.00
513.00,235.00,573.00,235.00,573.00,343.00,513.00,343.00
512.00,232.00,575.00,232.00,575.00,341.00,512.00,341.00
512.00,232.00,575.00,232.00,575.00,341.00,512.00,341.00
511.00,224.00,577.00,224.00,577.00,337.00,511.00,337.00
511.00,225.00,578.00,225.00,578.00,338.00,511.00,338.00
509.00,223.00,581.00,223.00,581.00,337.00,509.00,337.00
506.00,219.00,582.00,219.00,582.00,334.00,506.00,334.00
505.00,214.00,581.00,214.00,581.00,328.00,505.00,328.00
506.00,215.00,584.00,215.00,584.00,323.00,506.00,323.00
506.00,214.00,583.00,214.00,583.00,323.00,506.00,323.00
507.00,214.00,582.00,214.00,582.00,323.00,507.00,323.00
510.00,213.00,582.00,213.00,582.00,320.00,510.00,320.00
511.00,215.00,585.00,215.00,585.00,321.00,511.00,321.00
511.00,214.00,581.00,214.00,581.00,326.00,511.00,326.00
511.00,219.00,584.00,219.00,584.00,332.00,511.00,332.00
510.00,221.00,586.00,221.00,586.00,332.00,510.00,332.00
509.00,223.00,588.00,223.00,588.00,334.00,509.00,334.00
511.00,225.00,588.00,225.00,588.00,335.00,511.00,335.00
512.00,225.00,586.00,225.00,586.00,335.00,512.00,335.00
514.00,228.00,588.00,228.00,588.00,337.00,514.00,337.00
515.00,229.00,590.00,229.00,590.00,337.00,515.00,337.00
517.00,230.00,592.00,230.00,592.00,336.00,517.00,336.00
520.00,232.00,595.00,232.00,595.00,336.00,520.00,336.00
523.00,232.00,599.00,232.00,599.00,333.00,523.00,333.00
525.00,233.00,600.00,233.00,600.00,335.00,525.00,335.00
527.00,235.00,604.00,235.00,604.00,337.00,527.00,337.00
529.00,236.00,605.00,236.00,605.00,338.00,529.00,338.00
537.00,239.00,613.00,239.00,613.00,341.00,537.00,341.00
540.00,241.00,614.00,241.00,614.00,341.00,540.00,341.00
544.00,238.00,619.00,238.00,619.00,340.00,544.00,340.00
546.00,236.00,621.00,236.00,621.00,338.00,546.00,338.00
549.00,240.00,628.00,240.00,628.00,342.00,549.00,342.00
556.00,245.00,636.00,245.00,636.00,346.00,556.00,346.00
556.00,249.00,635.00,249.00,635.00,348.00,556.00,348.00
561.00,251.00,635.00,251.00,635.00,350.00,561.00,350.00
562.00,256.00,635.00,256.00,635.00,353.00,562.00,353.00
568.00,264.00,637.00,264.00,637.00,360.00,568.00,360.00
573.00,275.00,636.00,275.00,636.00,363.00,573.00,363.00
574.00,275.00,636.00,275.00,636.00,364.00,574.00,364.00
576.00,278.00,636.00,278.00,636.00,365.00,576.00,365.00
569.00,275.00,634.00,275.00,634.00,365.00,569.00,365.00
567.00,276.00,632.00,276.00,632.00,365.00,567.00,365.00
559.00,267.00,628.00,267.00,628.00,360.00,559.00,360.00
549.00,261.00,624.00,261.00,624.00,355.00,549.00,355.00
541.00,254.00,618.00,254.00,618.00,350.00,541.00,350.00
531.00,246.00,612.00,246.00,612.00,346.00,531.00,346.00
523.00,247.00,604.00,247.00,604.00,347.00,523.00,347.00
517.00,243.00,596.00,243.00,596.00,346.00,517.00,346.00
512.00,240.00,587.00,240.00,587.00,346.00,512.00,346.00
503.00,240.00,578.00,240.00,578.00,346.00,503.00,346.00
506.00,235.00,579.00,235.00,579.00,345.00,506.00,345.00
513.00,230.00,583.00,230.00,583.00,343.00,513.00,343.00
514.00,225.00,578.00,225.00,578.00,340.00,514.00,340.00
496.00,242.00,572.00,242.00,572.00,352.00,496.00,352.00
498.00,236.00,570.00,236.00,570.00,349.00,498.00,349.00
499.00,232.00,567.00,232.00,567.00,343.00,499.00,343.00
500.00,241.00,569.00,241.00,569.00,346.00,500.00,346.00
499.00,243.00,567.00,243.00,567.00,346.00,499.00,346.00
501.00,242.00,571.00,242.00,571.00,345.00,501.00,345.00
506.00,239.00,575.00,239.00,575.00,341.00,506.00,341.00
509.00,239.00,575.00,239.00,575.00,338.00,509.00,338.00
504.00,237.00,568.00,237.00,568.00,336.00,504.00,336.00
496.00,234.00,561.00,234.00,561.00,335.00,496.00,335.00
469.00,237.00,537.00,237.00,537.00,338.00,469.00,338.00
432.00,241.00,502.00,241.00,502.00,340.00,432.00,340.00
428.00,236.00,496.00,236.00,496.00,337.00,428.00,337.00
427.00,236.00,496.00,236.00,496.00,338.00,427.00,338.00
425.00,233.00,497.00,233.00,497.00,338.00,425.00,338.00
425.00,238.00,492.00,238.00,492.00,337.00,425.00,337.00
423.00,235.00,489.00,235.00,489.00,336.00,423.00,336.00
424.00,239.00,487.00,239.00,487.00,336.00,424.00,336.00
423.00,235.00,489.00,235.00,489.00,337.00,423.00,337.00
423.00,241.00,486.00,241.00,486.00,338.00,423.00,338.00
422.00,246.00,485.00,246.00,485.00,337.00,422.00,337.00
421.00,243.00,486.00,243.00,486.00,336.00,421.00,336.00
421.00,241.00,486.00,241.00,486.00,335.00,421.00,335.00
421.00,243.00,486.00,243.00,486.00,333.00,421.00,333.00
419.00,240.00,484.00,240.00,484.00,332.00,419.00,332.00
418.00,238.00,484.00,238.00,484.00,332.00,418.00,332.00
416.00,237.00,482.00,237.00,482.00,331.00,416.00,331.00
418.00,238.00,481.00,238.00,481.00,330.00,418.00,330.00
417.00,236.00,479.00,236.00,479.00,330.00,417.00,330.00
417.00,239.00,479.00,239.00,479.00,331.00,417.00,331.00
417.00,241.00,477.00,241.00,477.00,330.00,417.00,330.00
419.00,241.00,479.00,241.00,479.00,331.00,419.00,331.00
418.00,240.00,478.00,240.00,478.00,330.00,418.00,330.00
422.00,242.00,481.00,242.00,481.00,330.00,422.00,330.00
427.00,234.00,488.00,234.00,488.00,325.00,427.00,325.00
446.00,214.00,511.00,214.00,511.00,309.00,446.00,309.00
458.00,207.00,521.00,207.00,521.00,301.00,458.00,301.00
440.00,212.00,511.00,212.00,511.00,314.00,440.00,314.00
431.00,233.00,490.00,233.00,490.00,327.00,431.00,327.00
432.00,234.00,490.00,234.00,490.00,327.00,432.00,327.00
430.00,234.00,488.00,234.00,488.00,327.00,430.00,327.00
431.00,234.00,488.00,234.00,488.00,325.00,431.00,325.00
428.00,231.00,486.00,231.00,486.00,324.00,428.00,324.00
429.00,236.00,486.00,236.00,486.00,323.00,429.00,323.00
426.00,236.00,483.00,236.00,483.00,323.00,426.00,323.00
423.00,239.00,480.00,239.00,480.00,324.00,423.00,324.00
420.00,236.00,480.00,236.00,480.00,321.00,420.00,321.00
418.00,236.00,478.00,236.00,478.00,318.00,418.00,318.00
416.00,234.00,479.00,234.00,479.00,318.00,416.00,318.00
415.00,234.00,477.00,234.00,477.00,316.00,415.00,316.00
416.00,237.00,475.00,237.00,475.00,315.00,416.00,315.00
415.00,239.00,474.00,239.00,474.00,316.00,415.00,316.00
415.00,240.00,475.00,240.00,475.00,319.00,415.00,319.00
413.00,239.00,471.00,239.00,471.00,318.00,413.00,318.00
412.00,239.00,470.00,239.00,470.00,317.00,412.00,317.00
412.00,237.00,472.00,237.00,472.00,317.00,412.00,317.00
410.00,234.00,470.00,234.00,470.00,316.00,410.00,316.00
408.00,232.00,469.00,232.00,469.00,316.00,408.00,316.00
411.00,234.00,470.00,234.00,470.00,317.00,411.00,317.00
410.00,233.00,470.00,233.00,470.00,317.00,410.00,317.00
412.00,226.00,473.00,226.00,473.00,316.00,412.00,316.00
412.00,230.00,472.00,230.00,472.00,317.00,412.00,317.00
411.00,230.00,470.00,230.00,470.00,317.00,411.00,317.00
412.00,229.00,469.00,229.00,469.00,317.00,412.00,317.00
412.00,228.00,468.00,228.00,468.00,317.00,412.00,317.00
413.00,227.00,468.00,227.00,468.00,316.00,413.00,316.00
417.00,234.00,471.00,234.00,471.00,317.00,417.00,317.00
416.00,231.00,472.00,231.00,472.00,316.00,416.00,316.00
409.00,228.00,470.00,228.00,470.00,318.00,409.00,318.00
406.00,226.00,469.00,226.00,469.00,318.00,406.00,318.00
408.00,228.00,470.00,228.00,470.00,319.00,408.00,319.00
404.00,228.00,469.00,228.00,469.00,320.00,404.00,320.00
401.00,230.00,467.00,230.00,467.00,322.00,401.00,322.00
378.00,229.00,454.00,229.00,454.00,320.00,378.00,320.00
361.00,223.00,438.00,223.00,438.00,318.00,361.00,318.00
364.00,226.00,438.00,226.00,438.00,318.00,364.00,318.00
364.00,227.00,437.00,227.00,437.00,318.00,364.00,318.00
365.00,229.00,435.00,229.00,435.00,321.00,365.00,321.00
367.00,230.00,438.00,230.00,438.00,324.00,367.00,324.00
365.00,224.00,435.00,224.00,435.00,322.00,365.00,322.00
366.00,217.00,434.00,217.00,434.00,317.00,366.00,317.00
364.00,213.00,431.00,213.00,431.00,318.00,364.00,318.00
364.00,209.00,433.00,209.00,433.00,319.00,364.00,319.00
360.00,205.00,428.00,205.00,428.00,320.00,360.00,320.00
358.00,206.00,424.00,206.00,424.00,320.00,358.00,320.00
356.00,210.00,421.00,210.00,421.00,318.00,356.00,318.00
351.00,209.00,419.00,209.00,419.00,319.00,351.00,319.00
346.00,201.00,421.00,201.00,421.00,315.00,346.00,315.00
341.00,199.00,418.00,199.00,418.00,310.00,341.00,310.00
341.00,197.00,415.00,197.00,415.00,309.00,341.00,309.00
340.00,194.00,416.00,194.00,416.00,311.00,340.00,311.00
363.00,192.00,425.00,192.00,425.00,309.00,363.00,309.00
363.00,193.00,424.00,193.00,424.00,310.00,363.00,310.00
357.00,193.00,423.00,193.00,423.00,311.00,357.00,311.00
347.00,194.00,418.00,194.00,418.00,317.00,347.00,317.00
342.00,193.00,418.00,193.00,418.00,317.00,342.00,317.00
338.00,194.00,413.00,194.00,413.00,322.00,338.00,322.00
335.00,196.00,412.00,196.00,412.00,325.00,335.00,325.00
333.00,195.00,412.00,195.00,412.00,326.00,333.00,326.00
329.00,196.00,409.00,196.00,409.00,326.00,329.00,326.00
326.00,197.00,407.00,197.00,407.00,323.00,326.00,323.00
329.00,201.00,405.00,201.00,405.00,319.00,329.00,319.00
326.00,201.00,402.00,201.00,402.00,321.00,326.00,321.00
322.00,201.00,402.00,201.00,402.00,322.00,322.00,322.00
311.00,198.00,397.00,198.00,397.00,323.00,311.00,323.00
308.00,197.00,397.00,197.00,397.00,323.00,308.00,323.00
308.00,201.00,400.00,201.00,400.00,326.00,308.00,326.00
302.00,200.00,396.00,200.00,396.00,324.00,302.00,324.00
270.00,194.00,367.00,194.00,367.00,320.00,270.00,320.00
268.00,198.00,365.00,198.00,365.00,323.00,268.00,323.00
270.00,204.00,365.00,204.00,365.00,323.00,270.00,323.00
268.00,211.00,357.00,211.00,357.00,324.00,268.00,324.00
268.00,214.00,354.00,214.00,354.00,326.00,268.00,326.00
267.00,213.00,348.00,213.00,348.00,323.00,267.00,323.00
262.00,214.00,345.00,214.00,345.00,324.00,262.00,324.00
267.00,213.00,345.00,213.00,345.00,323.00,267.00,323.00
267.00,216.00,343.00,216.00,343.00,325.00,267.00,325.00
264.00,217.00,339.00,217.00,339.00,326.00,264.00,326.00
262.00,219.00,338.00,219.00,338.00,329.00,262.00,329.00
265.00,218.00,343.00,218.00,343.00,328.00,265.00,328.00
270.00,216.00,345.00,216.00,345.00,326.00,270.00,326.00
271.00,217.00,345.00,217.00,345.00,327.00,271.00,327.00
258.00,225.00,328.00,225.00,328.00,331.00,258.00,331.00
215.00,225.00,298.00,225.00,298.00,326.00,215.00,326.00
214.00,222.00,295.00,222.00,295.00,323.00,214.00,323.00
212.00,224.00,294.00,224.00,294.00,324.00,212.00,324.00
213.00,224.00,290.00,224.00,290.00,323.00,213.00,323.00
213.00,223.00,290.00,223.00,290.00,324.00,213.00,324.00
214.00,221.00,294.00,221.00,294.00,324.00,214.00,324.00
216.00,221.00,295.00,221.00,295.00,325.00,216.00,325.00
218.00,217.00,297.00,217.00,297.00,323.00,218.00,323.00
220.00,216.00,294.00,216.00,294.00,320.00,220.00,320.00
221.00,209.00,296.00,209.00,296.00,318.00,221.00,318.00
221.00,206.00,292.00,206.00,292.00,312.00,221.00,312.00
223.00,202.00,294.00,202.00,294.00,310.00,223.00,310.00
223.00,203.00,294.00,203.00,294.00,310.00,223.00,310.00
225.00,206.00,293.00,206.00,293.00,310.00,225.00,310.00
225.00,205.00,293.00,205.00,293.00,310.00,225.00,310.00
226.00,204.00,292.00,204.00,292.00,308.00,226.00,308.00
226.00,208.00,290.00,208.00,290.00,309.00,226.00,309.00
225.00,209.00,291.00,209.00,291.00,312.00,225.00,312.00
225.00,207.00,292.00,207.00,292.00,311.00,225.00,311.00
220.00,204.00,290.00,204.00,290.00,307.00,220.00,307.00
219.00,205.00,291.00,205.00,291.00,308.00,219.00,308.00
218.00,204.00,290.00,204.00,290.00,306.00,218.00,306.00
219.00,205.00,292.00,205.00,292.00,308.00,219.00,308.00
220.00,208.00,292.00,208.00,292.00,308.00,220.00,308.00
223.00,209.00,292.00,209.00,292.00,306.00,223.00,306.00
225.00,211.00,292.00,211.00,292.00,305.00,225.00,305.00
226.00,209.00,291.00,209.00,291.00,304.00,226.00,304.00
230.00,211.00,294.00,211.00,294.00,305.00,230.00,305.00
231.00,209.00,293.00,209.00,293.00,303.00,231.00,303.00
232.00,210.00,292.00,210.00,292.00,306.00,232.00,306.00
230.00,201.00,289.00,201.00,289.00,303.00,230.00,303.00
226.00,200.00,286.00,200.00,286.00,307.00,226.00,307.00
219.00,203.00,279.00,203.00,279.00,306.00,219.00,306.00
212.00,204.00,278.00,204.00,278.00,308.00,212.00,308.00
224.00,195.00,298.00,195.00,298.00,320.00,224.00,320.00
185.00,144.00,260.00,144.00,260.00,271.00,185.00,271.00
171.00,121.00,246.00,121.00,246.00,248.00,171.00,248.00
173.00,116.00,248.00,116.00,248.00,244.00,173.00,244.00
176.00,130.00,250.00,130.00,250.00,257.00,176.00,257.00
175.00,112.00,251.00,112.00,251.00,242.00,175.00,242.00
185.00,128.00,260.00,128.00,260.00,256.00,185.00,256.00
196.00,137.00,271.00,137.00,271.00,265.00,196.00,265.00
187.00,132.00,262.00,132.00,262.00,260.00,187.00,260.00
197.00,145.00,272.00,145.00,272.00,273.00,197.00,273.00
214.00,185.00,289.00,185.00,289.00,313.00,214.00,313.00
212.00,187.00,287.00,187.00,287.00,316.00,212.00,316.00
206.00,166.00,282.00,166.00,282.00,296.00,206.00,296.00
210.00,171.00,285.00,171.00,285.00,300.00,210.00,300.00
204.00,164.00,279.00,164.00,279.00,294.00,204.00,294.00
215.00,180.00,290.00,180.00,290.00,310.00,215.00,310.00
213.00,168.00,288.00,168.00,288.00,297.00,213.00,297.00
203.00,142.00,277.00,142.00,277.00,269.00,203.00,269.00
206.00,167.00,280.00,167.00,280.00,294.00,206.00,294.00
218.00,196.00,292.00,196.00,292.00,323.00,218.00,323.00
219.00,192.00,284.00,192.00,284.00,296.00,219.00,296.00
221.00,195.00,284.00,195.00,284.00,294.00,221.00,294.00
227.00,201.00,286.00,201.00,286.00,298.00,227.00,298.00
228.00,202.00,286.00,202.00,286.00,299.00,228.00,299.00
228.00,201.00,289.00,201.00,289.00,298.00,228.00,298.00
232.00,203.00,292.00,203.00,292.00,299.00,232.00,299.00
226.00,199.00,291.00,199.00,291.00,299.00,226.00,299.00
221.00,194.00,290.00,194.00,290.00,297.00,221.00,297.00
218.00,196.00,289.00,196.00,289.00,296.00,218.00,296.00
214.00,201.00,289.00,201.00,289.00,301.00,214.00,301.00
214.00,207.00,288.00,207.00,288.00,304.00,214.00,304.00
212.00,203.00,292.00,203.00,292.00,302.00,212.00,302.00
213.00,204.00,293.00,204.00,293.00,302.00,213.00,302.00
213.00,206.00,290.00,206.00,290.00,303.00,213.00,303.00
213.00,201.00,289.00,201.00,289.00,303.00,213.00,303.00
216.00,202.00,287.00,202.00,287.00,301.00,216.00,301.00
219.00,200.00,287.00,200.00,287.00,300.00,219.00,300.00
223.00,200.00,289.00,200.00,289.00,301.00,223.00,301.00
227.00,204.00,290.00,204.00,290.00,302.00,227.00,302.00
234.00,210.00,293.00,210.00,293.00,302.00,234.00,302.00
235.00,209.00,293.00,209.00,293.00,303.00,235.00,303.00
232.00,210.00,288.00,210.00,288.00,303.00,232.00,303.00
227.00,207.00,285.00,207.00,285.00,302.00,227.00,302.00
227.00,206.00,285.00,206.00,285.00,300.00,227.00,300.00
226.00,207.00,283.00,207.00,283.00,299.00,226.00,299.00
226.00,210.00,281.00,210.00,281.00,299.00,226.00,299.00
223.00,207.00,279.00,207.00,279.00,297.00,223.00,297.00
223.00,210.00,279.00,210.00,279.00,298.00,223.00,298.00
217.00,201.00,275.00,201.00,275.00,292.00,217.00,292.00
216.00,202.00,273.00,202.00,273.00,293.00,216.00,293.00
216.00,192.00,274.00,192.00,274.00,290.00,216.00,290.00
216.00,200.00,272.00,200.00,272.00,292.00,216.00,292.00
213.00,192.00,272.00,192.00,272.00,289.00,213.00,289.00
212.00,187.00,274.00,187.00,274.00,287.00,212.00,287.00
216.00,192.00,278.00,192.00,278.00,289.00,216.00,289.00
214.00,183.00,277.00,183.00,277.00,284.00,214.00,284.00
217.00,178.00,282.00,178.00,282.00,281.00,217.00,281.00
223.00,185.00,289.00,185.00,289.00,285.00,223.00,285.00
234.00,186.00,302.00,186.00,302.00,288.00,234.00,288.00
243.00,182.00,312.00,182.00,312.00,286.00,243.00,286.00
253.00,177.00,322.00,177.00,322.00,285.00,253.00,285.00
262.00,180.00,331.00,180.00,331.00,285.00,262.00,285.00
270.00,181.00,333.00,181.00,333.00,284.00,270.00,284.00
274.00,180.00,335.00,180.00,335.00,284.00,274.00,284.00
277.00,191.00,337.00,191.00,337.00,290.00,277.00,290.00
278.00,188.00,338.00,188.00,338.00,289.00,278.00,289.00
278.00,186.00,338.00,186.00,338.00,287.00,278.00,287.00
280.00,191.00,339.00,191.00,339.00,290.00,280.00,290.00
275.00,175.00,346.00,175.00,346.00,299.00,275.00,299.00
284.00,189.00,344.00,189.00,344.00,293.00,284.00,293.00
285.00,192.00,346.00,192.00,346.00,296.00,285.00,296.00
288.00,189.00,348.00,189.00,348.00,296.00,288.00,296.00
292.00,192.00,353.00,192.00,353.00,300.00,292.00,300.00
289.00,190.00,352.00,190.00,352.00,299.00,289.00,299.00
282.00,186.00,351.00,186.00,351.00,298.00,282.00,298.00
283.00,194.00,351.00,194.00,351.00,302.00,283.00,302.00
270.00,189.00,345.00,189.00,345.00,299.00,270.00,299.00
274.00,193.00,348.00,193.00,348.00,302.00,274.00,302.00
268.00,191.00,343.00,191.00,343.00,298.00,268.00,298.00
277.00,199.00,348.00,199.00,348.00,302.00,277.00,302.00
267.00,196.00,339.00,196.00,339.00,300.00,267.00,300.00
268.00,200.00,338.00,200.00,338.00,302.00,268.00,302.00
267.00,202.00,335.00,202.00,335.00,303.00,267.00,303.00
265.00,197.00,335.00,197.00,335.00,303.00,265.00,303.00
261.00,194.00,331.00,194.00,331.00,301.00,261.00,301.00
260.00,197.00,329.00,197.00,329.00,302.00,260.00,302.00
260.00,205.00,327.00,205.00,327.00,305.00,260.00,305.00
261.00,201.00,329.00,201.00,329.00,304.00,261.00,304.00
261.00,202.00,327.00,202.00,327.00,304.00,261.00,304.00
262.00,208.00,328.00,208.00,328.00,308.00,262.00,308.00
262.00,200.00,329.00,200.00,329.00,305.00,262.00,305.00
259.00,201.00,326.00,201.00,326.00,305.00,259.00,305.00
257.00,198.00,325.00,198.00,325.00,304.00,257.00,304.00
257.00,204.00,324.00,204.00,324.00,306.00,257.00,306.00
256.00,201.00,324.00,201.00,324.00,305.00,256.00,305.00
256.00,202.00,323.00,202.00,323.00,305.00,256.00,305.00
256.00,202.00,323.00,202.00,323.00,306.00,256.00,306.00
256.00,206.00,322.00,206.00,322.00,307.00,256.00,307.00
254.00,204.00,321.00,204.00,321.00,306.00,254.00,306.00
255.00,209.00,320.00,209.00,320.00,308.00,255.00,308.00
246.00,203.00,313.00,203.00,313.00,305.00,246.00,305.00
246.00,199.00,314.00,199.00,314.00,305.00,246.00,305.00
242.00,198.00,311.00,198.00,311.00,304.00,242.00,304.00
246.00,191.00,319.00,191.00,319.00,303.00,246.00,303.00
249.00,193.00,321.00,193.00,321.00,306.00,249.00,306.00
248.00,193.00,320.00,193.00,320.00,305.00,248.00,305.00
251.00,196.00,321.00,196.00,321.00,309.00,251.00,309.00
251.00,195.00,323.00,195.00,323.00,307.00,251.00,307.00
252.00,193.00,324.00,193.00,324.00,307.00,252.00,307.00
256.00,193.00,327.00,193.00,327.00,308.00,256.00,308.00
249.00,191.00,321.00,191.00,321.00,307.00,249.00,307.00
248.00,192.00,322.00,192.00,322.00,307.00,248.00,307.00
234.00,190.00,310.00,190.00,310.00,305.00,234.00,305.00
246.00,192.00,319.00,192.00,319.00,306.00,246.00,306.00
241.00,190.00,316.00,190.00,316.00,305.00,241.00,305.00
232.00,189.00,307.00,189.00,307.00,305.00,232.00,305.00
234.00,191.00,307.00,191.00,307.00,302.00,234.00,302.00
235.00,193.00,305.00,193.00,305.00,301.00,235.00,301.00
230.00,189.00,301.00,189.00,301.00,301.00,230.00,301.00
227.00,198.00,296.00,198.00,296.00,306.00,227.00,306.00
225.00,190.00,297.00,190.00,297.00,304.00,225.00,304.00
221.00,194.00,288.00,194.00,288.00,307.00,221.00,307.00
220.00,196.00,286.00,196.00,286.00,306.00,220.00,306.00
216.00,194.00,283.00,194.00,283.00,305.00,216.00,305.00
214.00,193.00,281.00,193.00,281.00,305.00,214.00,305.00
213.00,190.00,281.00,190.00,281.00,306.00,213.00,306.00
214.00,190.00,280.00,190.00,280.00,304.00,214.00,304.00
215.00,193.00,281.00,193.00,281.00,306.00,215.00,306.00
216.00,195.00,282.00,195.00,282.00,307.00,216.00,307.00
214.00,190.00,281.00,190.00,281.00,305.00,214.00,305.00
215.00,193.00,282.00,193.00,282.00,307.00,215.00,307.00
213.00,193.00,283.00,193.00,283.00,308.00,213.00,308.00
214.00,187.00,284.00,187.00,284.00,304.00,214.00,304.00
216.00,200.00,284.00,200.00,284.00,310.00,216.00,310.00
211.00,189.00,282.00,189.00,282.00,304.00,211.00,304.00
