1
422.00,205.00,490.00,205.00,490.00,319.00,422.00,319.00
422.00,205.00,490.00,205.00,490.00,319.00,422.00,319.00
422.00,205.00,490.00,205.00,490.00,319.00,422.00,319.00
422.00,205.00,490.00,205.00,490.00,318.00,422.00,318.00
423.00,204.00,491.00,204.00,491.00,318.00,423.00,318.00
424.00,204.00,491.00,204.00,491.00,317.00,424.00,317.00
425.00,204.00,493.00,204.00,493.00,318.00,425.00,318.00
427.00,204.00,494.00,204.00,494.00,317.00,427.00,317.00
427.00,203.00,494.00,203.00,494.00,316.00,427.00,316.00
428.00,204.00,495.00,204.00,495.00,317.00,428.00,317.00
428.00,204.00,494.00,204.00,494.00,316.00,428.00,316.00
428.00,204.00,495.00,204.00,495.00,317.00,428.00,317.00
429.00,205.00,496.00,205.00,496.00,316.00,429.00,316.00
430.00,205.00,496.00,205.00,496.00,317.00,430.00,317.00
430.00,206.00,496.00,206.00,496.00,318.00,430.00,318.00
430.00,207.00,496.00,207.00,496.00,319.00,430.00,319.00
429.00,208.00,495.00,208.00,495.00,320.00,429.00,320.00
429.00,208.00,495.00,208.00,495.00,320.00,429.00,320.00
429.00,209.00,496.00,209.00,496.00,321.00,429.00,321.00
430.00,209.00,498.00,209.00,498.00,321.00,430.00,321.00
432.00,208.00,499.00,208.00,499.00,321.00,432.00,321.00
432.00,209.00,499.00,209.00,499.00,321.00,432.00,321.00
433.00,210.00,499.00,210.00,499.00,321.00,433.00,321.00
432.00,209.00,499.00,209.00,499.00,321.00,432.00,321.00
432.00,209.00,498.00,209.00,498.00,321.00,432.00,321.00
432.00,209.00,499.00,209.00,499.00,321.00,432.00,321.00
432.00,209.00,499.00,209.00,499.00,321.00,432.00,321.00
432.00,209.00,499.00,209.00,499.00,321.00,432.00,321.00
432.00,209.00,500.00,209.00,500.00,322.00,432.00,322.00
433.00,208.00,501.00,208.00,501.00,321.00,433.00,321.00
433.00,208.00,501.00,208.00,501.00,321.00,433.00,321.00
433.00,208.00,501.00,208.00,501.00,320.00,433.00,320.00
434.00,208.00,501.00,208.00,501.00,320.00,434.00,320.00
433.00,207.00,502.00,207.00,502.00,319.00,433.00,319.00
434.00,208.00,502.00,208.00,502.00,320.00,434.00,320.00
435.00,208.00,503.00,208.00,503.00,319.00,435.00,319.00
435.00,207.00,503.00,207.00,503.00,319.00,435.00,319.00
435.00,207.00,503.00,207.00,503.00,318.00,435.00,318.00
436.00,207.00,504.00,207.00,504.00,319.00,436.00,319.00
437.00,206.00,504.00,206.00,504.00,318.00,437.00,318.00
437.00,207.00,504.00,207.00,504.00,318.00,437.00,318.00
437.00,207.00,504.00,207.00,504.00,319.00,437.00,319.00
437.00,207.00,504.00,207.00,504.00,319.00,437.00,319.00
437.00,207.00,504.00,207.00,504.00,318.00,437.00,318.00
437.00,206.00,504.00,206.00,504.00,318.00,437.00,318.00
437.00,206.00,504.00,206.00,504.00,318.00,437.00,318.00
438.00,206.00,505.00,206.00,505.00,318.00,438.00,318.00
438.00,206.00,506.00,206.00,506.00,318.00,438.00,318.00
438.00,205.00,506.00,205.00,506.00,317.00,438.00,317.00
438.00,205.00,506.00,205.00,506.00,318.00,438.00,318.00
439.00,205.00,507.00,205.00,507.00,317.00,439.00,317.00
439.00,205.00,507.00,205.00,507.00,318.00,439.00,318.00
440.00,204.00,508.00,204.00,508.00,318.00,440.00,318.00
441.00,203.00,508.00,203.00,508.00,316.00,441.00,316.00
443.00,203.00,509.00,203.00,509.00,316.00,443.00,316.00
445.00,202.00,510.00,202.00,510.00,315.00,445.00,315.00
446.00,202.00,511.00,202.00,511.00,316.00,446.00,316.00
448.00,200.00,511.00,200.00,511.00,317.00,448.00,317.00
449.00,200.00,511.00,200.00,511.00,317.00,449.00,317.00
451.00,198.00,510.00,198.00,510.00,315.00,451.00,315.00
453.00,198.00,510.00,198.00,510.00,315.00,453.00,315.00
454.00,197.00,510.00,197.00,510.00,316.00,454.00,316.00
455.00,197.00,510.00,197.00,510.00,317.00,455.00,317.00
456.00,200.00,511.00,200.00,511.00,316.00,456.00,316.00
458.00,205.00,512.00,205.00,512.00,319.00,458.00,319.00
461.00,209.00,517.00,209.00,517.00,323.00,461.00,323.00
466.00,206.00,520.00,206.00,520.00,323.00,466.00,323.00
468.00,208.00,525.00,208.00,525.00,325.00,468.00,325.00
468.00,206.00,526.00,206.00,526.00,324.00,468.00,324.00
474.00,211.00,531.00,211.00,531.00,326.00,474.00,326.00
480.00,213.00,535.00,213.00,535.00,326.00,480.00,326.00
477.00,211.00,537.00,211.00,537.00,326.00,477.00,326.00
477.00,204.00,538.00,204.00,538.00,321.00,477.00,321.00
478.00,208.00,539.00,208.00,539.00,324.00,478.00,324.00
477.00,214.00,538.00,214.00,538.00,327.00,477.00,327.00
478.00,211.00,539.00,211.00,539.00,325.00,478.00,325.00
477.00,216.00,536.00,216.00,536.00,328.00,477.00,328.00
476.00,218.00,533.00,218.00,533.00,327.00,476.00,327.00
478.00,221.00,533.00,221.00,533.00,325.00,478.00,325.00
479.00,218.00,535.00,218.00,535.00,324.00,479.00,324.00
476.00,216.00,535.00,216.00,535.00,324.00,476.00,324.00
474.00,212.00,537.00,212.00,537.00,320.00,474.00,320.00
475.00,212.00,538.00,212.00,538.00,319.00,475.00,319.00
475.00,211.00,538.00,211.00,538.00,318.00,475.00,318.00
476.00,210.00,540.00,210.00,540.00,316.00,476.00,316.00
478.00,207.00,539.00,207.00,539.00,312.00,478.00,312.00
478.00,206.00,540.00,206.00,540.00,309.00,478.00,309.00
480.00,210.00,541.00,210.00,541.00,311.00,480.00,311.00
481.00,211.00,542.00,211.00,542.00,311.00,481.00,311.00
480.00,213.00,544.00,213.00,544.00,311.00,480.00,311.00
481.00,218.00,546.00,218.00,546.00,315.00,481.00,315.00
482.00,219.00,545.00,219.00,545.00,316.00,482.00,316.00
483.00,222.00,545.00,222.00,545.00,319.00,483.00,319.00
483.00,223.00,546.00,223.00,546.00,317.00,483.00,317.00
483.00,226.00,547.00,226.00,547.00,320.00,483.00,320.00
484.00,227.00,547.00,227.00,547.00,319.00,484.00,319.00
484.00,229.00,547.00,229.00,547.00,321.00,484.00,321.00
484.00,227.00,547.00,227.00,547.00,318.00,484.00,318.00
485.00,227.00,548.00,227.00,548.00,317.00,485.00,317.00
489.00,231.00,550.00,231.00,550.00,318.00,489.00,318.00
490.00,229.00,552.00,229.00,552.00,317.00,490.00,317.00
491.00,227.00,553.00,227.00,553.00,317.00,491.00,317.00
495.00,228.00,555.00,228.00,555.00,319.00,495.00,319.00
498.00,225.00,558.00,225.00,558.00,318.00,498.00,318.00
500.00,226.00,562.00,226.00,562.00,318.00,500.00,318.00
502.00,223.00,564.00,223.00,564.00,317.00,502.00,317.00
507.00,226.00,569.00,226.00,569.00,322.00,507.00,322.00
508.00,222.00,570.00,222.00,570.00,323.00,508.00,323.00
506.00,223.00,572.00,223.00,572.00,328.00,506.00,328.00
498.00,217.00,571.00,217.00,571.00,331.00,498.00,331.00
501.00,219.00,569.00,219.00,569.00,332.00,501.00,332.00
505.00,221.00,571.00,221.00,571.00,332.00,505.00,332.00
513.00,228.00,573.00,228.00,573.00,334.00,513.00,334.00
518.00,236.00,574.00,236.00,574.00,338.00,518.00,338.00
518.00,236.00,574.00,236.00,574.00,338.00,518.00,338.00
518.00,241.00,572.00,241.00,572.00,340.00,518.00,340.00
517.00,236.00,573.00,236.00,573.00,338.00,517.00,338.00
517.00,239.00,572.00,239.00,572.00,339.00,517.00,339.00
516.00,237.00,571.00,237.00,571.00,339.00,516.00,339.00
516.00,234.00,571.00,234.00,571.00,338.00,516.00,338.00
517.00,237.00,572.00,237.00,572.00,338.00,517.00,338.00
516.00,234.00,572.00,234.00,572.00,337.00,516.00,337.00
516.00,235.00,573.00,235.00,573.00,336.00,516.00,336.00
514.00,230.00,576.00,230.00,576.00,336.00,514.00,336.00
512.00,227.00,577.00,227.00,577.00,334.00,512.00,334.00
510.00,224.00,577.00,224.00,577.00,331.00,510.00,331.00
510.00,220.00,575.00,220.00,575.00,321.00,510.00,321.00
509.00,216.00,574.00,216.00,574.00,313.00,509.00,313.00
511.00,219.00,576.00,219.00,576.00,314.00,511.00,314.00
510.00,219.00,575.00,219.00,575.00,314.00,510.00,314.00
513.00,221.00,576.00,221.00,576.00,313.00,513.00,313.00
515.00,221.00,576.00,221.00,576.00,313.00,515.00,313.00
517.00,225.00,575.00,225.00,575.00,315.00,517.00,315.00
516.00,223.00,578.00,223.00,578.00,311.00,516.00,311.00
516.00,226.00,578.00,226.00,578.00,312.00,516.00,312.00
516.00,227.00,579.00,227.00,579.00,319.00,516.00,319.00
517.00,232.00,579.00,232.00,579.00,328.00,517.00,328.00
518.00,233.00,580.00,233.00,580.00,330.00,518.00,330.00
518.00,231.00,584.00,231.00,584.00,326.00,518.00,326.00
520.00,234.00,587.00,234.00,587.00,329.00,520.00,329.00
522.00,233.00,590.00,233.00,590.00,328.00,522.00,328.00
525.00,235.00,593.00,235.00,593.00,328.00,525.00,328.00
526.00,235.00,593.00,235.00,593.00,326.00,526.00,326.00
529.00,235.00,595.00,235.00,595.00,324.00,529.00,324.00
532.00,237.00,598.00,237.00,598.00,325.00,532.00,325.00
537.00,240.00,600.00,240.00,600.00,328.00,537.00,328.00
536.00,238.00,599.00,238.00,599.00,327.00,536.00,327.00
543.00,242.00,603.00,242.00,603.00,329.00,543.00,329.00
548.00,242.00,606.00,242.00,606.00,328.00,548.00,328.00
551.00,240.00,608.00,240.00,608.00,325.00,551.00,325.00
553.00,246.00,611.00,246.00,611.00,328.00,553.00,328.00
558.00,254.00,621.00,254.00,621.00,335.00,558.00,335.00
561.00,257.00,626.00,257.00,626.00,339.00,561.00,339.00
561.00,256.00,626.00,256.00,626.00,339.00,561.00,339.00
570.00,262.00,632.00,262.00,632.00,348.00,570.00,348.00
574.00,267.00,632.00,267.00,632.00,354.00,574.00,354.00
577.00,270.00,632.00,270.00,632.00,356.00,577.00,356.00
579.00,277.00,633.00,277.00,633.00,361.00,579.00,361.00
579.00,279.00,631.00,279.00,631.00,360.00,579.00,360.00
583.00,285.00,633.00,285.00,633.00,362.00,583.00,362.00
583.00,288.00,632.00,288.00,632.00,363.00,583.00,363.00
565.00,268.00,622.00,268.00,622.00,352.00,565.00,352.00
556.00,261.00,617.00,261.00,617.00,345.00,556.00,345.00
544.00,255.00,610.00,255.00,610.00,341.00,544.00,341.00
532.00,252.00,600.00,252.00,600.00,341.00,532.00,341.00
526.00,254.00,592.00,254.00,592.00,341.00,526.00,341.00
524.00,253.00,588.00,253.00,588.00,342.00,524.00,342.00
518.00,245.00,577.00,245.00,577.00,339.00,518.00,339.00
521.00,235.00,577.00,235.00,577.00,329.00,521.00,329.00
523.00,229.00,577.00,229.00,577.00,324.00,523.00,324.00
523.00,229.00,577.00,229.00,577.00,326.00,523.00,326.00
523.00,228.00,573.00,228.00,573.00,325.00,523.00,325.00
516.00,237.00,566.00,237.00,566.00,335.00,516.00,335.00
503.00,261.00,559.00,261.00,559.00,347.00,503.00,347.00
510.00,265.00,563.00,265.00,563.00,346.00,510.00,346.00
512.00,258.00,568.00,258.00,568.00,341.00,512.00,341.00
492.00,246.00,546.00,246.00,546.00,334.00,492.00,334.00
490.00,244.00,542.00,244.00,542.00,328.00,490.00,328.00
513.00,256.00,564.00,256.00,564.00,335.00,513.00,335.00
521.00,255.00,567.00,255.00,567.00,333.00,521.00,333.00
517.00,257.00,564.00,257.00,564.00,336.00,517.00,336.00
511.00,256.00,559.00,256.00,559.00,336.00,511.00,336.00
504.00,252.00,552.00,252.00,552.00,334.00,504.00,334.00
501.00,251.00,547.00,251.00,547.00,333.00,501.00,333.00
498.00,250.00,543.00,250.00,543.00,332.00,498.00,332.00
495.00,250.00,539.00,250.00,539.00,330.00,495.00,330.00
493.00,251.00,537.00,251.00,537.00,330.00,493.00,330.00
491.00,252.00,534.00,252.00,534.00,329.00,491.00,329.00
489.00,248.00,532.00,248.00,532.00,327.00,489.00,327.00
488.00,250.00,531.00,250.00,531.00,327.00,488.00,327.00
485.00,244.00,529.00,244.00,529.00,325.00,485.00,325.00
486.00,245.00,531.00,245.00,531.00,326.00,486.00,326.00
486.00,245.00,530.00,245.00,530.00,325.00,486.00,325.00
486.00,245.00,529.00,245.00,529.00,325.00,486.00,325.00
483.00,239.00,528.00,239.00,528.00,323.00,483.00,323.00
481.00,234.00,526.00,234.00,526.00,321.00,481.00,321.00
478.00,234.00,525.00,234.00,525.00,320.00,478.00,320.00
476.00,229.00,522.00,229.00,522.00,316.00,476.00,316.00
476.00,230.00,522.00,230.00,522.00,316.00,476.00,316.00
476.00,233.00,522.00,233.00,522.00,317.00,476.00,317.00
477.00,234.00,523.00,234.00,523.00,317.00,477.00,317.00
476.00,233.00,523.00,233.00,523.00,316.00,476.00,316.00
477.00,232.00,523.00,232.00,523.00,314.00,477.00,314.00
477.00,233.00,524.00,233.00,524.00,314.00,477.00,314.00
477.00,231.00,523.00,231.00,523.00,312.00,477.00,312.00
477.00,231.00,524.00,231.00,524.00,311.00,477.00,311.00
479.00,227.00,524.00,227.00,524.00,307.00,479.00,307.00
479.00,226.00,525.00,226.00,525.00,304.00,479.00,304.00
485.00,229.00,529.00,229.00,529.00,305.00,485.00,305.00
483.00,228.00,528.00,228.00,528.00,304.00,483.00,304.00
484.00,230.00,527.00,230.00,527.00,303.00,484.00,303.00
485.00,230.00,528.00,230.00,528.00,304.00,485.00,304.00
485.00,233.00,527.00,233.00,527.00,304.00,485.00,304.00
485.00,233.00,527.00,233.00,527.00,304.00,485.00,304.00
483.00,230.00,525.00,230.00,525.00,300.00,483.00,300.00
482.00,228.00,522.00,228.00,522.00,298.00,482.00,298.00
481.00,227.00,521.00,227.00,521.00,295.00,481.00,295.00
482.00,227.00,520.00,227.00,520.00,294.00,482.00,294.00
481.00,228.00,520.00,228.00,520.00,294.00,481.00,294.00
481.00,228.00,520.00,228.00,520.00,294.00,481.00,294.00
481.00,229.00,519.00,229.00,519.00,294.00,481.00,294.00
481.00,226.00,518.00,226.00,518.00,292.00,481.00,292.00
479.00,230.00,516.00,230.00,516.00,292.00,479.00,292.00
479.00,232.00,517.00,232.00,517.00,292.00,479.00,292.00
475.00,231.00,512.00,231.00,512.00,290.00,475.00,290.00
475.00,235.00,512.00,235.00,512.00,294.00,475.00,294.00
472.00,233.00,508.00,233.00,508.00,290.00,472.00,290.00
470.00,234.00,507.00,234.00,507.00,290.00,470.00,290.00
463.00,228.00,496.00,228.00,496.00,287.00,463.00,287.00
469.00,231.00,505.00,231.00,505.00,286.00,469.00,286.00
466.00,229.00,503.00,229.00,503.00,283.00,466.00,283.00
468.00,226.00,505.00,226.00,505.00,283.00,468.00,283.00
464.00,225.00,501.00,225.00,501.00,281.00,464.00,281.00
460.00,224.00,498.00,224.00,498.00,279.00,460.00,279.00
458.00,222.00,495.00,222.00,495.00,277.00,458.00,277.00
455.00,224.00,490.00,224.00,490.00,278.00,455.00,278.00
433.00,235.00,467.00,235.00,467.00,293.00,433.00,293.00
436.00,248.00,467.00,248.00,467.00,304.00,436.00,304.00
437.00,248.00,469.00,248.00,469.00,302.00,437.00,302.00
440.00,250.00,474.00,250.00,474.00,305.00,440.00,305.00
441.00,248.00,474.00,248.00,474.00,302.00,441.00,302.00
444.00,247.00,477.00,247.00,477.00,300.00,444.00,300.00
445.00,249.00,477.00,249.00,477.00,301.00,445.00,301.00
443.00,249.00,476.00,249.00,476.00,301.00,443.00,301.00
442.00,248.00,476.00,248.00,476.00,302.00,442.00,302.00
441.00,248.00,476.00,248.00,476.00,304.00,441.00,304.00
440.00,247.00,475.00,247.00,475.00,305.00,440.00,305.00
439.00,251.00,473.00,251.00,473.00,308.00,439.00,308.00
439.00,250.00,471.00,250.00,471.00,308.00,439.00,308.00
439.00,249.00,472.00,249.00,472.00,308.00,439.00,308.00
440.00,250.00,472.00,250.00,472.00,309.00,440.00,309.00
440.00,249.00,472.00,249.00,472.00,309.00,440.00,309.00
439.00,248.00,471.00,248.00,471.00,308.00,439.00,308.00
437.00,248.00,470.00,248.00,470.00,308.00,437.00,308.00
434.00,244.00,467.00,244.00,467.00,306.00,434.00,306.00
432.00,244.00,465.00,244.00,465.00,306.00,432.00,306.00
428.00,244.00,462.00,244.00,462.00,307.00,428.00,307.00
423.00,239.00,458.00,239.00,458.00,305.00,423.00,305.00
419.00,242.00,454.00,242.00,454.00,303.00,419.00,303.00
412.00,239.00,448.00,239.00,448.00,301.00,412.00,301.00
405.00,235.00,441.00,235.00,441.00,299.00,405.00,299.00
401.00,248.00,434.00,248.00,434.00,307.00,401.00,307.00
395.00,251.00,428.00,251.00,428.00,310.00,395.00,310.00
388.00,251.00,423.00,251.00,423.00,312.00,388.00,312.00
388.00,252.00,424.00,252.00,424.00,315.00,388.00,315.00
387.00,254.00,422.00,254.00,422.00,314.00,387.00,314.00
385.00,252.00,421.00,252.00,421.00,314.00,385.00,314.00
385.00,250.00,421.00,250.00,421.00,314.00,385.00,314.00
384.00,251.00,420.00,251.00,420.00,315.00,384.00,315.00
383.00,249.00,419.00,249.00,419.00,315.00,383.00,315.00
382.00,250.00,418.00,250.00,418.00,316.00,382.00,316.00
380.00,249.00,417.00,249.00,417.00,317.00,380.00,317.00
377.00,244.00,415.00,244.00,415.00,317.00,377.00,317.00
377.00,246.00,416.00,246.00,416.00,318.00,377.00,318.00
364.00,238.00,407.00,238.00,407.00,310.00,364.00,310.00
357.00,233.00,403.00,233.00,403.00,306.00,357.00,306.00
356.00,229.00,402.00,229.00,402.00,303.00,356.00,303.00
349.00,227.00,398.00,227.00,398.00,302.00,349.00,302.00
351.00,227.00,402.00,227.00,402.00,304.00,351.00,304.00
346.00,224.00,399.00,224.00,399.00,303.00,346.00,303.00
343.00,226.00,394.00,226.00,394.00,305.00,343.00,305.00
334.00,249.00,382.00,249.00,382.00,317.00,334.00,317.00
330.00,254.00,379.00,254.00,379.00,320.00,330.00,320.00
327.00,254.00,376.00,254.00,376.00,321.00,327.00,321.00
317.00,229.00,361.00,229.00,361.00,307.00,317.00,307.00
281.00,231.00,330.00,231.00,330.00,313.00,281.00,313.00
277.00,230.00,328.00,230.00,328.00,316.00,277.00,316.00
278.00,237.00,330.00,237.00,330.00,321.00,278.00,321.00
291.00,242.00,340.00,242.00,340.00,320.00,291.00,320.00
281.00,234.00,337.00,234.00,337.00,318.00,281.00,318.00
284.00,233.00,338.00,233.00,338.00,318.00,284.00,318.00
315.00,233.00,363.00,233.00,363.00,309.00,315.00,309.00
315.00,232.00,359.00,232.00,359.00,308.00,315.00,308.00
286.00,241.00,336.00,241.00,336.00,320.00,286.00,320.00
290.00,237.00,336.00,237.00,336.00,318.00,290.00,318.00
289.00,239.00,331.00,239.00,331.00,319.00,289.00,319.00
289.00,243.00,333.00,243.00,333.00,319.00,289.00,319.00
297.00,247.00,339.00,247.00,339.00,316.00,297.00,316.00
299.00,245.00,342.00,245.00,342.00,312.00,299.00,312.00
294.00,238.00,339.00,238.00,339.00,309.00,294.00,309.00
294.00,236.00,339.00,236.00,339.00,307.00,294.00,307.00
295.00,239.00,339.00,239.00,339.00,312.00,295.00,312.00
291.00,229.00,339.00,229.00,339.00,316.00,291.00,316.00
244.00,231.00,302.00,231.00,302.00,312.00,244.00,312.00
228.00,222.00,283.00,222.00,283.00,312.00,228.00,312.00
229.00,221.00,283.00,221.00,283.00,309.00,229.00,309.00
230.00,219.00,281.00,219.00,281.00,308.00,230.00,308.00
230.00,215.00,281.00,215.00,281.00,304.00,230.00,304.00
236.00,208.00,287.00,208.00,287.00,297.00,236.00,297.00
230.00,212.00,281.00,212.00,281.00,300.00,230.00,300.00
231.00,216.00,280.00,216.00,280.00,302.00,231.00,302.00
231.00,220.00,280.00,220.00,280.00,305.00,231.00,305.00
231.00,222.00,280.00,222.00,280.00,306.00,231.00,306.00
238.00,217.00,286.00,217.00,286.00,301.00,238.00,301.00
237.00,220.00,284.00,220.00,284.00,300.00,237.00,300.00
230.00,227.00,281.00,227.00,281.00,307.00,230.00,307.00
231.00,227.00,282.00,227.00,282.00,308.00,231.00,308.00
232.00,228.00,284.00,228.00,284.00,308.00,232.00,308.00
232.00,226.00,285.00,226.00,285.00,306.00,232.00,306.00
234.00,225.00,289.00,225.00,289.00,305.00,234.00,305.00
233.00,224.00,287.00,224.00,287.00,303.00,233.00,303.00
235.00,224.00,285.00,224.00,285.00,303.00,235.00,303.00
236.00,220.00,286.00,220.00,286.00,301.00,236.00,301.00
237.00,222.00,287.00,222.00,287.00,301.00,237.00,301.00
238.00,229.00,285.00,229.00,285.00,303.00,238.00,303.00
240.00,236.00,286.00,236.00,286.00,308.00,240.00,308.00
239.00,240.00,286.00,240.00,286.00,324.00,239.00,324.00
229.00,224.00,272.00,224.00,272.00,306.00,229.00,306.00
214.00,232.00,260.00,232.00,260.00,313.00,214.00,313.00
241.00,237.00,287.00,237.00,287.00,317.00,241.00,317.00
244.00,233.00,289.00,233.00,289.00,312.00,244.00,312.00
244.00,235.00,289.00,235.00,289.00,315.00,244.00,315.00
244.00,227.00,290.00,227.00,290.00,309.00,244.00,309.00
230.00,217.00,275.00,217.00,275.00,298.00,230.00,298.00
207.00,189.00,252.00,189.00,252.00,270.00,207.00,270.00
212.00,168.00,258.00,168.00,258.00,250.00,212.00,250.00
203.00,103.00,249.00,103.00,249.00,185.00,203.00,185.00
232.00,77.00,286.00,77.00,286.00,153.00,232.00,153.00
237.00,73.00,281.00,73.00,281.00,151.00,237.00,151.00
234.00,80.00,285.00,80.00,285.00,154.00,234.00,154.00
232.00,83.00,285.00,83.00,285.00,158.00,232.00,158.00
235.00,86.00,286.00,86.00,286.00,163.00,235.00,163.00
234.00,84.00,285.00,84.00,285.00,163.00,234.00,163.00
241.00,88.00,290.00,88.00,290.00,165.00,241.00,165.00
239.00,86.00,288.00,86.00,288.00,161.00,239.00,161.00
245.00,86.00,293.00,86.00,293.00,161.00,245.00,161.00
243.00,89.00,292.00,89.00,292.00,163.00,243.00,163.00
240.00,93.00,282.00,93.00,282.00,170.00,240.00,170.00
236.00,96.00,286.00,96.00,286.00,165.00,236.00,165.00
241.00,98.00,290.00,98.00,290.00,168.00,241.00,168.00
243.00,102.00,287.00,102.00,287.00,177.00,243.00,177.00
245.00,105.00,291.00,105.00,291.00,181.00,245.00,181.00
243.00,112.00,290.00,112.00,290.00,190.00,243.00,190.00
246.00,125.00,290.00,125.00,290.00,201.00,246.00,201.00
252.00,138.00,291.00,138.00,291.00,210.00,252.00,210.00
250.00,143.00,292.00,143.00,292.00,223.00,250.00,223.00
255.00,158.00,293.00,158.00,293.00,229.00,255.00,229.00
252.00,164.00,294.00,164.00,294.00,244.00,252.00,244.00
249.00,184.00,288.00,184.00,288.00,256.00,249.00,256.00
242.00,209.00,289.00,209.00,289.00,288.00,242.00,288.00
253.00,226.00,296.00,226.00,296.00,300.00,253.00,300.00
254.00,228.00,296.00,228.00,296.00,300.00,254.00,300.00
256.00,227.00,298.00,227.00,298.00,299.00,256.00,299.00
251.00,225.00,295.00,225.00,295.00,296.00,251.00,296.00
233.00,228.00,277.00,228.00,277.00,297.00,233.00,297.00
232.00,232.00,276.00,232.00,276.00,298.00,232.00,298.00
235.00,230.00,278.00,230.00,278.00,296.00,235.00,296.00
239.00,227.00,282.00,227.00,282.00,294.00,239.00,294.00
245.00,220.00,286.00,220.00,286.00,285.00,245.00,285.00
241.00,238.00,279.00,238.00,279.00,309.00,241.00,309.00
238.00,234.00,276.00,234.00,276.00,305.00,238.00,305.00
241.00,220.00,279.00,220.00,279.00,291.00,241.00,291.00
238.00,227.00,276.00,227.00,276.00,299.00,238.00,299.00
237.00,239.00,271.00,239.00,271.00,300.00,237.00,300.00
235.00,234.00,271.00,234.00,271.00,294.00,235.00,294.00
230.00,230.00,268.00,230.00,268.00,291.00,230.00,291.00
229.00,228.00,266.00,228.00,266.00,291.00,229.00,291.00
231.00,231.00,267.00,231.00,267.00,292.00,231.00,292.00
235.00,233.00,269.00,233.00,269.00,293.00,235.00,293.00
238.00,236.00,273.00,236.00,273.00,295.00,238.00,295.00
240.00,236.00,275.00,236.00,275.00,294.00,240.00,294.00
241.00,238.00,276.00,238.00,276.00,296.00,241.00,296.00
243.00,237.00,279.00,237.00,279.00,295.00,243.00,295.00
248.00,237.00,284.00,237.00,284.00,295.00,248.00,295.00
254.00,236.00,290.00,236.00,290.00,295.00,254.00,295.00
263.00,237.00,298.00,237.00,298.00,294.00,263.00,294.00
276.00,238.00,310.00,238.00,310.00,294.00,276.00,294.00
290.00,239.00,324.00,239.00,324.00,294.00,290.00,294.00
300.00,239.00,333.00,239.00,333.00,292.00,300.00,292.00
306.00,238.00,337.00,238.00,337.00,290.00,306.00,290.00
287.00,228.00,323.00,228.00,323.00,293.00,287.00,293.00
283.00,239.00,317.00,239.00,317.00,290.00,283.00,290.00
293.00,232.00,327.00,232.00,327.00,286.00,293.00,286.00
296.00,238.00,327.00,238.00,327.00,291.00,296.00,291.00
298.00,238.00,331.00,238.00,331.00,292.00,298.00,292.00
301.00,241.00,333.00,241.00,333.00,293.00,301.00,293.00
303.00,240.00,335.00,240.00,335.00,292.00,303.00,292.00
306.00,241.00,337.00,241.00,337.00,292.00,306.00,292.00
307.00,243.00,339.00,243.00,339.00,295.00,307.00,295.00
306.00,240.00,343.00,240.00,343.00,306.00,306.00,306.00
308.00,240.00,345.00,240.00,345.00,305.00,308.00,305.00
312.00,245.00,344.00,245.00,344.00,297.00,312.00,297.00
314.00,247.00,347.00,247.00,347.00,299.00,314.00,299.00
316.00,244.00,348.00,244.00,348.00,297.00,316.00,297.00
313.00,242.00,349.00,242.00,349.00,306.00,313.00,306.00
318.00,250.00,349.00,250.00,349.00,301.00,318.00,301.00
316.00,245.00,352.00,245.00,352.00,308.00,316.00,308.00
316.00,246.00,351.00,246.00,351.00,308.00,316.00,308.00
316.00,252.00,348.00,252.00,348.00,302.00,316.00,302.00
312.00,252.00,343.00,252.00,343.00,302.00,312.00,302.00
308.00,250.00,340.00,250.00,340.00,300.00,308.00,300.00
304.00,252.00,335.00,252.00,335.00,302.00,304.00,302.00
300.00,253.00,332.00,253.00,332.00,303.00,300.00,303.00
298.00,253.00,329.00,253.00,329.00,303.00,298.00,303.00
293.00,250.00,327.00,250.00,327.00,310.00,293.00,310.00
293.00,253.00,323.00,253.00,323.00,302.00,293.00,302.00
294.00,255.00,324.00,255.00,324.00,303.00,294.00,303.00
295.00,256.00,324.00,256.00,324.00,305.00,295.00,305.00
294.00,255.00,323.00,255.00,323.00,304.00,294.00,304.00
295.00,257.00,324.00,257.00,324.00,306.00,295.00,306.00
294.00,256.00,322.00,256.00,322.00,304.00,294.00,304.00
293.00,259.00,322.00,259.00,322.00,306.00,293.00,306.00
292.00,256.00,320.00,256.00,320.00,303.00,292.00,303.00
292.00,257.00,320.00,257.00,320.00,305.00,292.00,305.00
291.00,257.00,319.00,257.00,319.00,305.00,291.00,305.00
291.00,258.00,320.00,258.00,320.00,306.00,291.00,306.00
290.00,257.00,318.00,257.00,318.00,304.00,290.00,304.00
289.00,259.00,317.00,259.00,317.00,305.00,289.00,305.00
286.00,258.00,314.00,258.00,314.00,304.00,286.00,304.00
285.00,258.00,313.00,258.00,313.00,305.00,285.00,305.00
284.00,262.00,311.00,262.00,311.00,309.00,284.00,309.00
283.00,260.00,310.00,260.00,310.00,307.00,283.00,307.00
283.00,259.00,310.00,259.00,310.00,305.00,283.00,305.00
283.00,259.00,310.00,259.00,310.00,306.00,283.00,306.00
283.00,260.00,310.00,260.00,310.00,306.00,283.00,306.00
283.00,257.00,310.00,257.00,310.00,304.00,283.00,304.00
283.00,260.00,310.00,260.00,310.00,306.00,283.00,306.00
283.00,259.00,310.00,259.00,310.00,305.00,283.00,305.00
283.00,259.00,310.00,259.00,310.00,305.00,283.00,305.00
283.00,260.00,310.00,260.00,310.00,306.00,283.00,306.00
283.00,259.00,310.00,259.00,310.00,304.00,283.00,304.00
284.00,256.00,310.00,256.00,310.00,302.00,284.00,302.00
283.00,259.00,310.00,259.00,310.00,303.00,283.00,303.00
282.00,257.00,309.00,257.00,309.00,301.00,282.00,301.00
281.00,253.00,310.00,253.00,310.00,297.00,281.00,297.00
278.00,253.00,307.00,253.00,307.00,295.00,278.00,295.00
262.00,249.00,292.00,249.00,292.00,302.00,262.00,302.00
250.00,256.00,278.00,256.00,278.00,298.00,250.00,298.00
251.00,257.00,280.00,257.00,280.00,299.00,251.00,299.00
250.00,258.00,277.00,258.00,277.00,298.00,250.00,298.00
249.00,259.00,276.00,259.00,276.00,300.00,249.00,300.00
250.00,259.00,276.00,259.00,276.00,301.00,250.00,301.00
250.00,258.00,275.00,258.00,275.00,298.00,250.00,298.00
250.00,259.00,275.00,259.00,275.00,299.00,250.00,299.00
250.00,259.00,275.00,259.00,275.00,300.00,250.00,300.00
249.00,259.00,274.00,259.00,274.00,298.00,249.00,298.00
251.00,261.00,275.00,261.00,275.00,300.00,251.00,300.00
252.00,261.00,277.00,261.00,277.00,300.00,252.00,300.00
252.00,261.00,276.00,261.00,276.00,298.00,252.00,298.00
253.00,262.00,278.00,262.00,278.00,300.00,253.00,300.00
253.00,261.00,277.00,261.00,277.00,297.00,253.00,297.00
252.00,260.00,277.00,260.00,277.00,296.00,252.00,296.00
252.00,261.00,277.00,261.00,277.00,296.00,252.00,296.00
251.00,260.00,275.00,260.00,275.00,294.00,251.00,294.00
