1
422.00,206.00,490.00,206.00,490.00,319.00,422.00,319.00
422.00,205.00,490.00,205.00,490.00,318.00,422.00,318.00
422.00,205.00,490.00,205.00,490.00,318.00,422.00,318.00
422.00,205.00,490.00,205.00,490.00,318.00,422.00,318.00
423.00,204.00,490.00,204.00,490.00,318.00,423.00,318.00
424.00,204.00,491.00,204.00,491.00,317.00,424.00,317.00
425.00,204.00,492.00,204.00,492.00,318.00,425.00,318.00
426.00,204.00,493.00,204.00,493.00,317.00,426.00,317.00
428.00,203.00,494.00,203.00,494.00,316.00,428.00,316.00
428.00,204.00,494.00,204.00,494.00,316.00,428.00,316.00
428.00,203.00,494.00,203.00,494.00,316.00,428.00,316.00
428.00,204.00,494.00,204.00,494.00,316.00,428.00,316.00
429.00,204.00,496.00,204.00,496.00,317.00,429.00,317.00
430.00,205.00,497.00,205.00,497.00,318.00,430.00,318.00
430.00,206.00,496.00,206.00,496.00,319.00,430.00,319.00
430.00,207.00,496.00,207.00,496.00,320.00,430.00,320.00
430.00,208.00,496.00,208.00,496.00,320.00,430.00,320.00
429.00,209.00,495.00,209.00,495.00,321.00,429.00,321.00
429.00,209.00,496.00,209.00,496.00,321.00,429.00,321.00
431.00,209.00,498.00,209.00,498.00,321.00,431.00,321.00
432.00,210.00,499.00,210.00,499.00,321.00,432.00,321.00
433.00,210.00,499.00,210.00,499.00,321.00,433.00,321.00
433.00,210.00,499.00,210.00,499.00,320.00,433.00,320.00
432.00,210.00,499.00,210.00,499.00,321.00,432.00,321.00
432.00,210.00,498.00,210.00,498.00,320.00,432.00,320.00
432.00,210.00,498.00,210.00,498.00,320.00,432.00,320.00
432.00,210.00,498.00,210.00,498.00,320.00,432.00,320.00
433.00,209.00,499.00,209.00,499.00,321.00,433.00,321.00
433.00,209.00,500.00,209.00,500.00,321.00,433.00,321.00
433.00,209.00,500.00,209.00,500.00,320.00,433.00,320.00
433.00,209.00,501.00,209.00,501.00,320.00,433.00,320.00
433.00,208.00,500.00,208.00,500.00,320.00,433.00,320.00
434.00,209.00,501.00,209.00,501.00,320.00,434.00,320.00
434.00,208.00,501.00,208.00,501.00,319.00,434.00,319.00
434.00,208.00,501.00,208.00,501.00,319.00,434.00,319.00
435.00,208.00,502.00,208.00,502.00,319.00,435.00,319.00
435.00,207.00,502.00,207.00,502.00,319.00,435.00,319.00
435.00,208.00,503.00,208.00,503.00,320.00,435.00,320.00
436.00,207.00,503.00,207.00,503.00,319.00,436.00,319.00
436.00,207.00,503.00,207.00,503.00,319.00,436.00,319.00
437.00,207.00,504.00,207.00,504.00,318.00,437.00,318.00
437.00,207.00,504.00,207.00,504.00,318.00,437.00,318.00
437.00,207.00,505.00,207.00,505.00,318.00,437.00,318.00
437.00,207.00,504.00,207.00,504.00,319.00,437.00,319.00
437.00,206.00,505.00,206.00,505.00,318.00,437.00,318.00
437.00,206.00,504.00,206.00,504.00,318.00,437.00,318.00
438.00,205.00,505.00,205.00,505.00,318.00,438.00,318.00
438.00,206.00,505.00,206.00,505.00,317.00,438.00,317.00
438.00,206.00,506.00,206.00,506.00,317.00,438.00,317.00
438.00,206.00,506.00,206.00,506.00,317.00,438.00,317.00
439.00,205.00,507.00,205.00,507.00,318.00,439.00,318.00
440.00,205.00,507.00,205.00,507.00,317.00,440.00,317.00
440.00,205.00,508.00,205.00,508.00,316.00,440.00,316.00
441.00,204.00,509.00,204.00,509.00,316.00,441.00,316.00
443.00,204.00,510.00,204.00,510.00,316.00,443.00,316.00
444.00,203.00,510.00,203.00,510.00,315.00,444.00,315.00
446.00,202.00,510.00,202.00,510.00,315.00,446.00,315.00
448.00,200.00,510.00,200.00,510.00,317.00,448.00,317.00
449.00,199.00,511.00,199.00,511.00,316.00,449.00,316.00
450.00,198.00,511.00,198.00,511.00,317.00,450.00,317.00
451.00,198.00,510.00,198.00,510.00,315.00,451.00,315.00
451.00,197.00,511.00,197.00,511.00,316.00,451.00,316.00
453.00,197.00,512.00,197.00,512.00,315.00,453.00,315.00
453.00,198.00,513.00,198.00,513.00,315.00,453.00,315.00
453.00,205.00,515.00,205.00,515.00,317.00,453.00,317.00
455.00,209.00,517.00,209.00,517.00,320.00,455.00,320.00
461.00,210.00,522.00,210.00,522.00,322.00,461.00,322.00
467.00,207.00,525.00,207.00,525.00,325.00,467.00,325.00
467.00,209.00,529.00,209.00,529.00,327.00,467.00,327.00
470.00,212.00,533.00,212.00,533.00,329.00,470.00,329.00
473.00,210.00,535.00,210.00,535.00,327.00,473.00,327.00
476.00,212.00,540.00,212.00,540.00,326.00,476.00,326.00
474.00,211.00,540.00,211.00,540.00,324.00,474.00,324.00
472.00,204.00,542.00,204.00,542.00,322.00,472.00,322.00
474.00,205.00,545.00,205.00,545.00,321.00,474.00,321.00
470.00,214.00,540.00,214.00,540.00,327.00,470.00,327.00
468.00,217.00,537.00,217.00,537.00,329.00,468.00,329.00
473.00,225.00,537.00,225.00,537.00,328.00,473.00,328.00
473.00,220.00,536.00,220.00,536.00,327.00,473.00,327.00
475.00,217.00,536.00,217.00,536.00,325.00,475.00,325.00
473.00,215.00,538.00,215.00,538.00,326.00,473.00,326.00
473.00,211.00,540.00,211.00,540.00,319.00,473.00,319.00
475.00,214.00,539.00,214.00,539.00,321.00,475.00,321.00
475.00,215.00,537.00,215.00,537.00,323.00,475.00,323.00
476.00,212.00,539.00,212.00,539.00,316.00,476.00,316.00
476.00,209.00,540.00,209.00,540.00,309.00,476.00,309.00
477.00,210.00,542.00,210.00,542.00,309.00,477.00,309.00
478.00,209.00,543.00,209.00,543.00,309.00,478.00,309.00
478.00,211.00,545.00,211.00,545.00,311.00,478.00,311.00
476.00,211.00,547.00,211.00,547.00,313.00,476.00,313.00
474.00,215.00,551.00,215.00,551.00,315.00,474.00,315.00
474.00,220.00,554.00,220.00,554.00,318.00,474.00,318.00
474.00,221.00,556.00,221.00,556.00,319.00,474.00,319.00
473.00,222.00,556.00,222.00,556.00,321.00,473.00,321.00
475.00,224.00,558.00,224.00,558.00,321.00,475.00,321.00
474.00,224.00,558.00,224.00,558.00,322.00,474.00,322.00
476.00,226.00,560.00,226.00,560.00,324.00,476.00,324.00
479.00,227.00,562.00,227.00,562.00,325.00,479.00,325.00
479.00,228.00,561.00,228.00,561.00,325.00,479.00,325.00
481.00,228.00,563.00,228.00,563.00,324.00,481.00,324.00
484.00,227.00,561.00,227.00,561.00,322.00,484.00,322.00
485.00,227.00,562.00,227.00,562.00,325.00,485.00,325.00
487.00,225.00,562.00,225.00,562.00,324.00,487.00,324.00
489.00,226.00,566.00,226.00,566.00,327.00,489.00,327.00
494.00,223.00,571.00,223.00,571.00,326.00,494.00,326.00
497.00,223.00,573.00,223.00,573.00,329.00,497.00,329.00
497.00,221.00,572.00,221.00,572.00,329.00,497.00,329.00
495.00,218.00,573.00,218.00,573.00,327.00,495.00,327.00
493.00,218.00,573.00,218.00,573.00,332.00,493.00,332.00
497.00,220.00,573.00,220.00,573.00,337.00,497.00,337.00
500.00,220.00,572.00,220.00,572.00,337.00,500.00,337.00
504.00,222.00,572.00,222.00,572.00,339.00,504.00,339.00
510.00,224.00,576.00,224.00,576.00,334.00,510.00,334.00
516.00,237.00,578.00,237.00,578.00,339.00,516.00,339.00
515.00,240.00,576.00,240.00,576.00,340.00,515.00,340.00
516.00,241.00,576.00,241.00,576.00,340.00,516.00,340.00
514.00,241.00,574.00,241.00,574.00,341.00,514.00,341.00
513.00,239.00,573.00,239.00,573.00,341.00,513.00,341.00
512.00,237.00,574.00,237.00,574.00,341.00,512.00,341.00
511.00,234.00,574.00,234.00,574.00,340.00,511.00,340.00
512.00,235.00,575.00,235.00,575.00,339.00,512.00,339.00
512.00,233.00,576.00,233.00,576.00,338.00,512.00,338.00
512.00,229.00,578.00,229.00,578.00,336.00,512.00,336.00
511.00,232.00,578.00,232.00,578.00,339.00,511.00,339.00
510.00,229.00,581.00,229.00,581.00,337.00,510.00,337.00
508.00,229.00,583.00,229.00,583.00,337.00,508.00,337.00
507.00,223.00,582.00,223.00,582.00,332.00,507.00,332.00
509.00,219.00,584.00,219.00,584.00,318.00,509.00,318.00
509.00,220.00,583.00,220.00,583.00,317.00,509.00,317.00
508.00,220.00,585.00,220.00,585.00,313.00,508.00,313.00
509.00,220.00,580.00,220.00,580.00,315.00,509.00,315.00
511.00,220.00,579.00,220.00,579.00,314.00,511.00,314.00
513.00,224.00,582.00,224.00,582.00,315.00,513.00,315.00
512.00,225.00,585.00,225.00,585.00,317.00,512.00,317.00
511.00,226.00,587.00,226.00,587.00,317.00,511.00,317.00
512.00,230.00,586.00,230.00,586.00,325.00,512.00,325.00
512.00,231.00,588.00,231.00,588.00,327.00,512.00,327.00
513.00,230.00,591.00,230.00,591.00,329.00,513.00,329.00
515.00,234.00,590.00,234.00,590.00,332.00,515.00,332.00
517.00,234.00,597.00,234.00,597.00,332.00,517.00,332.00
518.00,235.00,599.00,235.00,599.00,333.00,518.00,333.00
520.00,237.00,602.00,237.00,602.00,334.00,520.00,334.00
523.00,236.00,605.00,236.00,605.00,333.00,523.00,333.00
525.00,236.00,605.00,236.00,605.00,333.00,525.00,333.00
529.00,238.00,608.00,238.00,608.00,334.00,529.00,334.00
532.00,239.00,608.00,239.00,608.00,335.00,532.00,335.00
534.00,241.00,610.00,241.00,610.00,337.00,534.00,337.00
539.00,245.00,615.00,245.00,615.00,339.00,539.00,339.00
542.00,243.00,616.00,243.00,616.00,336.00,542.00,336.00
545.00,247.00,621.00,247.00,621.00,338.00,545.00,338.00
550.00,251.00,628.00,251.00,628.00,341.00,550.00,341.00
560.00,251.00,640.00,251.00,640.00,345.00,560.00,345.00
559.00,253.00,640.00,253.00,640.00,347.00,559.00,347.00
560.00,254.00,639.00,254.00,639.00,350.00,560.00,350.00
561.00,257.00,638.00,257.00,638.00,352.00,561.00,352.00
566.00,262.00,639.00,262.00,639.00,357.00,566.00,357.00
570.00,273.00,641.00,273.00,641.00,363.00,570.00,363.00
571.00,277.00,640.00,277.00,640.00,364.00,571.00,364.00
571.00,281.00,639.00,281.00,639.00,366.00,571.00,366.00
566.00,275.00,638.00,275.00,638.00,365.00,566.00,365.00
565.00,272.00,637.00,272.00,637.00,364.00,565.00,364.00
553.00,264.00,628.00,264.00,628.00,358.00,553.00,358.00
548.00,257.00,623.00,257.00,623.00,351.00,548.00,351.00
540.00,255.00,618.00,255.00,618.00,347.00,540.00,347.00
533.00,255.00,613.00,255.00,613.00,346.00,533.00,346.00
519.00,250.00,600.00,250.00,600.00,345.00,519.00,345.00
514.00,250.00,591.00,250.00,591.00,345.00,514.00,345.00
506.00,246.00,581.00,246.00,581.00,343.00,506.00,343.00
496.00,245.00,574.00,245.00,574.00,342.00,496.00,342.00
502.00,241.00,576.00,241.00,576.00,343.00,502.00,343.00
499.00,245.00,574.00,245.00,574.00,346.00,499.00,346.00
509.00,235.00,578.00,235.00,578.00,342.00,509.00,342.00
498.00,246.00,573.00,246.00,573.00,350.00,498.00,350.00
500.00,243.00,573.00,243.00,573.00,348.00,500.00,348.00
501.00,249.00,575.00,249.00,575.00,347.00,501.00,347.00
498.00,249.00,575.00,249.00,575.00,346.00,498.00,346.00
498.00,247.00,570.00,247.00,570.00,345.00,498.00,345.00
500.00,251.00,573.00,251.00,573.00,345.00,500.00,345.00
509.00,249.00,587.00,249.00,587.00,340.00,509.00,340.00
508.00,245.00,580.00,245.00,580.00,336.00,508.00,336.00
503.00,245.00,572.00,245.00,572.00,335.00,503.00,335.00
498.00,243.00,566.00,243.00,566.00,336.00,498.00,336.00
462.00,241.00,536.00,241.00,536.00,339.00,462.00,339.00
430.00,243.00,500.00,243.00,500.00,337.00,430.00,337.00
428.00,245.00,498.00,245.00,498.00,338.00,428.00,338.00
426.00,244.00,494.00,244.00,494.00,337.00,426.00,337.00
425.00,244.00,492.00,244.00,492.00,336.00,425.00,336.00
424.00,245.00,489.00,245.00,489.00,335.00,424.00,335.00
423.00,239.00,489.00,239.00,489.00,335.00,423.00,335.00
422.00,238.00,490.00,238.00,490.00,335.00,422.00,335.00
421.00,246.00,488.00,246.00,488.00,336.00,421.00,336.00
421.00,249.00,486.00,249.00,486.00,335.00,421.00,335.00
422.00,254.00,488.00,254.00,488.00,337.00,422.00,337.00
421.00,250.00,488.00,250.00,488.00,335.00,421.00,335.00
421.00,248.00,489.00,248.00,489.00,334.00,421.00,334.00
419.00,248.00,486.00,248.00,486.00,332.00,419.00,332.00
418.00,247.00,486.00,247.00,486.00,332.00,418.00,332.00
416.00,243.00,486.00,243.00,486.00,331.00,416.00,331.00
415.00,245.00,482.00,245.00,482.00,330.00,415.00,330.00
416.00,245.00,482.00,245.00,482.00,329.00,416.00,329.00
417.00,245.00,482.00,245.00,482.00,329.00,417.00,329.00
417.00,246.00,480.00,246.00,480.00,329.00,417.00,329.00
417.00,250.00,478.00,250.00,478.00,329.00,417.00,329.00
417.00,248.00,480.00,248.00,480.00,329.00,417.00,329.00
417.00,247.00,479.00,247.00,479.00,328.00,417.00,328.00
419.00,247.00,482.00,247.00,482.00,327.00,419.00,327.00
423.00,247.00,485.00,247.00,485.00,327.00,423.00,327.00
426.00,246.00,487.00,246.00,487.00,326.00,426.00,326.00
438.00,236.00,497.00,236.00,497.00,318.00,438.00,318.00
432.00,247.00,487.00,247.00,487.00,324.00,432.00,324.00
432.00,244.00,488.00,244.00,488.00,323.00,432.00,323.00
431.00,241.00,488.00,241.00,488.00,323.00,431.00,323.00
430.00,242.00,488.00,242.00,488.00,323.00,430.00,323.00
432.00,243.00,489.00,243.00,489.00,323.00,432.00,323.00
430.00,241.00,487.00,241.00,487.00,322.00,430.00,322.00
429.00,240.00,486.00,240.00,486.00,322.00,429.00,322.00
426.00,242.00,484.00,242.00,484.00,322.00,426.00,322.00
423.00,240.00,481.00,240.00,481.00,321.00,423.00,321.00
419.00,239.00,479.00,239.00,479.00,320.00,419.00,320.00
417.00,243.00,477.00,243.00,477.00,319.00,417.00,319.00
415.00,241.00,476.00,241.00,476.00,317.00,415.00,317.00
414.00,242.00,476.00,242.00,476.00,317.00,414.00,317.00
415.00,238.00,478.00,238.00,478.00,316.00,415.00,316.00
414.00,243.00,476.00,243.00,476.00,318.00,414.00,318.00
413.00,241.00,478.00,241.00,478.00,318.00,413.00,318.00
412.00,241.00,473.00,241.00,473.00,318.00,412.00,318.00
410.00,242.00,474.00,242.00,474.00,317.00,410.00,317.00
409.00,239.00,473.00,239.00,473.00,316.00,409.00,316.00
409.00,239.00,475.00,239.00,475.00,317.00,409.00,317.00
409.00,239.00,476.00,239.00,476.00,317.00,409.00,317.00
408.00,238.00,475.00,238.00,475.00,317.00,408.00,317.00
409.00,232.00,478.00,232.00,478.00,317.00,409.00,317.00
410.00,231.00,476.00,231.00,476.00,317.00,410.00,317.00
409.00,230.00,474.00,230.00,474.00,316.00,409.00,316.00
410.00,231.00,473.00,231.00,473.00,316.00,410.00,316.00
409.00,233.00,470.00,233.00,470.00,318.00,409.00,318.00
410.00,230.00,470.00,230.00,470.00,318.00,410.00,318.00
414.00,234.00,472.00,234.00,472.00,317.00,414.00,317.00
413.00,231.00,471.00,231.00,471.00,316.00,413.00,316.00
412.00,235.00,469.00,235.00,469.00,317.00,412.00,317.00
412.00,232.00,470.00,232.00,470.00,316.00,412.00,316.00
408.00,229.00,470.00,229.00,470.00,315.00,408.00,315.00
407.00,231.00,471.00,231.00,471.00,316.00,407.00,316.00
402.00,231.00,468.00,231.00,468.00,317.00,402.00,317.00
383.00,235.00,456.00,235.00,456.00,321.00,383.00,321.00
372.00,230.00,449.00,230.00,449.00,320.00,372.00,320.00
363.00,226.00,444.00,226.00,444.00,317.00,363.00,317.00
359.00,229.00,441.00,229.00,441.00,317.00,359.00,317.00
361.00,229.00,443.00,229.00,443.00,319.00,361.00,319.00
362.00,232.00,441.00,232.00,441.00,322.00,362.00,322.00
363.00,226.00,441.00,226.00,441.00,323.00,363.00,323.00
362.00,222.00,438.00,222.00,438.00,323.00,362.00,323.00
363.00,222.00,440.00,222.00,440.00,323.00,363.00,323.00
362.00,216.00,435.00,216.00,435.00,321.00,362.00,321.00
359.00,214.00,429.00,214.00,429.00,322.00,359.00,322.00
358.00,216.00,426.00,216.00,426.00,321.00,358.00,321.00
356.00,211.00,425.00,211.00,425.00,319.00,356.00,319.00
354.00,213.00,423.00,213.00,423.00,316.00,354.00,316.00
350.00,210.00,421.00,210.00,421.00,316.00,350.00,316.00
341.00,207.00,420.00,207.00,420.00,313.00,341.00,313.00
341.00,200.00,422.00,200.00,422.00,311.00,341.00,311.00
337.00,198.00,418.00,198.00,418.00,307.00,337.00,307.00
339.00,197.00,417.00,197.00,417.00,311.00,339.00,311.00
360.00,202.00,425.00,202.00,425.00,316.00,360.00,316.00
355.00,202.00,422.00,202.00,422.00,315.00,355.00,315.00
353.00,197.00,423.00,197.00,423.00,314.00,353.00,314.00
346.00,193.00,421.00,193.00,421.00,313.00,346.00,313.00
342.00,195.00,417.00,195.00,417.00,316.00,342.00,316.00
336.00,197.00,415.00,197.00,415.00,321.00,336.00,321.00
332.00,199.00,413.00,199.00,413.00,322.00,332.00,322.00
327.00,201.00,410.00,201.00,410.00,323.00,327.00,323.00
330.00,197.00,409.00,197.00,409.00,320.00,330.00,320.00
327.00,199.00,408.00,199.00,408.00,319.00,327.00,319.00
327.00,202.00,404.00,202.00,404.00,318.00,327.00,318.00
322.00,203.00,401.00,203.00,401.00,319.00,322.00,319.00
318.00,200.00,401.00,200.00,401.00,319.00,318.00,319.00
318.00,202.00,404.00,202.00,404.00,320.00,318.00,320.00
309.00,201.00,398.00,201.00,398.00,321.00,309.00,321.00
305.00,203.00,397.00,203.00,397.00,321.00,305.00,321.00
303.00,209.00,396.00,209.00,396.00,323.00,303.00,323.00
268.00,199.00,371.00,199.00,371.00,319.00,268.00,319.00
267.00,203.00,368.00,203.00,368.00,321.00,267.00,321.00
268.00,208.00,365.00,208.00,365.00,323.00,268.00,323.00
267.00,215.00,359.00,215.00,359.00,325.00,267.00,325.00
266.00,216.00,355.00,216.00,355.00,326.00,266.00,326.00
267.00,214.00,350.00,214.00,350.00,323.00,267.00,323.00
264.00,213.00,349.00,213.00,349.00,323.00,264.00,323.00
264.00,218.00,350.00,218.00,350.00,324.00,264.00,324.00
265.00,218.00,350.00,218.00,350.00,326.00,265.00,326.00
262.00,220.00,341.00,220.00,341.00,327.00,262.00,327.00
260.00,222.00,340.00,222.00,340.00,330.00,260.00,330.00
259.00,223.00,339.00,223.00,339.00,332.00,259.00,332.00
267.00,220.00,349.00,220.00,349.00,328.00,267.00,328.00
259.00,220.00,342.00,220.00,342.00,328.00,259.00,328.00
219.00,230.00,308.00,230.00,308.00,331.00,219.00,331.00
221.00,229.00,307.00,229.00,307.00,329.00,221.00,329.00
222.00,226.00,309.00,226.00,309.00,328.00,222.00,328.00
213.00,225.00,301.00,225.00,301.00,326.00,213.00,326.00
217.00,224.00,305.00,224.00,305.00,326.00,217.00,326.00
212.00,221.00,300.00,221.00,300.00,324.00,212.00,324.00
213.00,221.00,301.00,221.00,301.00,325.00,213.00,325.00
215.00,221.00,303.00,221.00,303.00,325.00,215.00,325.00
217.00,217.00,304.00,217.00,304.00,321.00,217.00,321.00
218.00,218.00,305.00,218.00,305.00,320.00,218.00,320.00
219.00,216.00,304.00,216.00,304.00,317.00,219.00,317.00
219.00,211.00,301.00,211.00,301.00,313.00,219.00,313.00
220.00,210.00,301.00,210.00,301.00,310.00,220.00,310.00
219.00,206.00,300.00,206.00,300.00,307.00,219.00,307.00
221.00,208.00,302.00,208.00,302.00,308.00,221.00,308.00
221.00,208.00,303.00,208.00,303.00,307.00,221.00,307.00
222.00,210.00,301.00,210.00,301.00,308.00,222.00,308.00
220.00,209.00,300.00,209.00,300.00,307.00,220.00,307.00
220.00,208.00,302.00,208.00,302.00,307.00,220.00,307.00
217.00,207.00,298.00,207.00,298.00,307.00,217.00,307.00
218.00,209.00,301.00,209.00,301.00,309.00,218.00,309.00
217.00,211.00,299.00,211.00,299.00,311.00,217.00,311.00
218.00,212.00,301.00,212.00,301.00,311.00,218.00,311.00
216.00,207.00,298.00,207.00,298.00,308.00,216.00,308.00
217.00,210.00,297.00,210.00,297.00,308.00,217.00,308.00
219.00,210.00,297.00,210.00,297.00,305.00,219.00,305.00
218.00,213.00,296.00,213.00,296.00,304.00,218.00,304.00
221.00,215.00,298.00,215.00,298.00,303.00,221.00,303.00
226.00,217.00,300.00,217.00,300.00,304.00,226.00,304.00
227.00,215.00,297.00,215.00,297.00,303.00,227.00,303.00
227.00,207.00,296.00,207.00,296.00,302.00,227.00,302.00
225.00,203.00,291.00,203.00,291.00,301.00,225.00,301.00
216.00,183.00,292.00,183.00,292.00,287.00,216.00,287.00
216.00,204.00,285.00,204.00,285.00,306.00,216.00,306.00
206.00,202.00,282.00,202.00,282.00,303.00,206.00,303.00
204.00,144.00,283.00,144.00,283.00,254.00,204.00,254.00
166.00,138.00,257.00,138.00,257.00,245.00,166.00,245.00
170.00,138.00,246.00,138.00,246.00,245.00,170.00,245.00
167.00,129.00,251.00,129.00,251.00,236.00,167.00,236.00
169.00,139.00,254.00,139.00,254.00,241.00,169.00,241.00
170.00,137.00,252.00,137.00,252.00,238.00,170.00,238.00
173.00,138.00,252.00,138.00,252.00,236.00,173.00,236.00
175.00,140.00,253.00,140.00,253.00,240.00,175.00,240.00
177.00,137.00,256.00,137.00,256.00,240.00,177.00,240.00
178.00,138.00,255.00,138.00,255.00,240.00,178.00,240.00
180.00,134.00,259.00,134.00,259.00,238.00,180.00,238.00
179.00,144.00,257.00,144.00,257.00,245.00,179.00,245.00
180.00,143.00,259.00,143.00,259.00,245.00,180.00,245.00
182.00,140.00,263.00,140.00,263.00,245.00,182.00,245.00
183.00,145.00,266.00,145.00,266.00,248.00,183.00,248.00
184.00,142.00,266.00,142.00,266.00,247.00,184.00,247.00
183.00,140.00,268.00,140.00,268.00,248.00,183.00,248.00
185.00,140.00,270.00,140.00,270.00,251.00,185.00,251.00
185.00,137.00,268.00,137.00,268.00,248.00,185.00,248.00
185.00,143.00,269.00,143.00,269.00,254.00,185.00,254.00
184.00,141.00,268.00,141.00,268.00,253.00,184.00,253.00
192.00,154.00,274.00,154.00,274.00,260.00,192.00,260.00
185.00,140.00,273.00,140.00,273.00,249.00,185.00,249.00
187.00,143.00,275.00,143.00,275.00,251.00,187.00,251.00
188.00,149.00,276.00,149.00,276.00,254.00,188.00,254.00
196.00,155.00,280.00,155.00,280.00,260.00,196.00,260.00
221.00,200.00,292.00,200.00,292.00,290.00,221.00,290.00
226.00,218.00,292.00,218.00,292.00,296.00,226.00,296.00
221.00,213.00,290.00,213.00,290.00,295.00,221.00,295.00
215.00,210.00,291.00,210.00,291.00,297.00,215.00,297.00
212.00,210.00,292.00,210.00,292.00,301.00,212.00,301.00
212.00,215.00,291.00,215.00,291.00,302.00,212.00,302.00
212.00,215.00,291.00,215.00,291.00,302.00,212.00,302.00
212.00,212.00,291.00,212.00,291.00,301.00,212.00,301.00
213.00,211.00,289.00,211.00,289.00,299.00,213.00,299.00
215.00,211.00,287.00,211.00,287.00,298.00,215.00,298.00
219.00,216.00,287.00,216.00,287.00,298.00,219.00,298.00
225.00,217.00,292.00,217.00,292.00,298.00,225.00,298.00
230.00,223.00,292.00,223.00,292.00,301.00,230.00,301.00
231.00,212.00,299.00,212.00,299.00,293.00,231.00,293.00
214.00,198.00,283.00,198.00,283.00,283.00,214.00,283.00
186.00,154.00,269.00,154.00,269.00,251.00,186.00,251.00
185.00,155.00,265.00,155.00,265.00,250.00,185.00,250.00
184.00,150.00,263.00,150.00,263.00,247.00,184.00,247.00
185.00,153.00,260.00,153.00,260.00,249.00,185.00,249.00
184.00,147.00,261.00,147.00,261.00,246.00,184.00,246.00
185.00,150.00,260.00,150.00,260.00,249.00,185.00,249.00
185.00,146.00,261.00,146.00,261.00,247.00,185.00,247.00
186.00,146.00,263.00,146.00,263.00,247.00,186.00,247.00
189.00,144.00,266.00,144.00,266.00,247.00,189.00,247.00
190.00,149.00,266.00,149.00,266.00,250.00,190.00,250.00
191.00,148.00,269.00,148.00,269.00,252.00,191.00,252.00
192.00,146.00,268.00,146.00,268.00,251.00,192.00,251.00
195.00,148.00,269.00,148.00,269.00,252.00,195.00,252.00
198.00,149.00,268.00,149.00,268.00,250.00,198.00,250.00
202.00,151.00,273.00,151.00,273.00,252.00,202.00,252.00
206.00,155.00,277.00,155.00,277.00,252.00,206.00,252.00
212.00,152.00,282.00,152.00,282.00,248.00,212.00,248.00
222.00,150.00,292.00,150.00,292.00,245.00,222.00,245.00
230.00,151.00,301.00,151.00,301.00,244.00,230.00,244.00
241.00,152.00,314.00,152.00,314.00,247.00,241.00,247.00
250.00,153.00,321.00,153.00,321.00,248.00,250.00,248.00
257.00,154.00,325.00,154.00,325.00,250.00,257.00,250.00
261.00,155.00,326.00,155.00,326.00,251.00,261.00,251.00
267.00,157.00,331.00,157.00,331.00,253.00,267.00,253.00
268.00,158.00,331.00,158.00,331.00,253.00,268.00,253.00
273.00,163.00,335.00,163.00,335.00,259.00,273.00,259.00
273.00,161.00,335.00,161.00,335.00,260.00,273.00,260.00
273.00,158.00,336.00,158.00,336.00,259.00,273.00,259.00
274.00,158.00,336.00,158.00,336.00,259.00,274.00,259.00
274.00,159.00,337.00,159.00,337.00,260.00,274.00,260.00
274.00,158.00,338.00,158.00,338.00,261.00,274.00,261.00
274.00,159.00,339.00,159.00,339.00,262.00,274.00,262.00
277.00,159.00,341.00,159.00,341.00,260.00,277.00,260.00
282.00,161.00,347.00,161.00,347.00,260.00,282.00,260.00
286.00,161.00,352.00,161.00,352.00,259.00,286.00,259.00
285.00,160.00,352.00,160.00,352.00,259.00,285.00,259.00
288.00,160.00,355.00,160.00,355.00,259.00,288.00,259.00
290.00,160.00,357.00,160.00,357.00,258.00,290.00,258.00
289.00,166.00,355.00,166.00,355.00,260.00,289.00,260.00
288.00,163.00,352.00,163.00,352.00,257.00,288.00,257.00
286.00,163.00,349.00,163.00,349.00,256.00,286.00,256.00
285.00,162.00,347.00,162.00,347.00,257.00,285.00,257.00
281.00,163.00,343.00,163.00,343.00,259.00,281.00,259.00
281.00,163.00,343.00,163.00,343.00,258.00,281.00,258.00
278.00,160.00,340.00,160.00,340.00,257.00,278.00,257.00
277.00,163.00,340.00,163.00,340.00,259.00,277.00,259.00
275.00,161.00,338.00,161.00,338.00,259.00,275.00,259.00
274.00,164.00,338.00,164.00,338.00,261.00,274.00,261.00
275.00,163.00,338.00,163.00,338.00,261.00,275.00,261.00
273.00,165.00,338.00,165.00,338.00,263.00,273.00,263.00
275.00,167.00,338.00,167.00,338.00,262.00,275.00,262.00
275.00,170.00,337.00,170.00,337.00,264.00,275.00,264.00
274.00,170.00,334.00,170.00,334.00,263.00,274.00,263.00
272.00,167.00,333.00,167.00,333.00,261.00,272.00,261.00
270.00,168.00,331.00,168.00,331.00,263.00,270.00,263.00
274.00,168.00,333.00,168.00,333.00,260.00,274.00,260.00
269.00,170.00,329.00,170.00,329.00,265.00,269.00,265.00
270.00,168.00,331.00,168.00,331.00,263.00,270.00,263.00
267.00,168.00,329.00,168.00,329.00,263.00,267.00,263.00
263.00,169.00,324.00,169.00,324.00,265.00,263.00,265.00
262.00,166.00,324.00,166.00,324.00,261.00,262.00,261.00
261.00,169.00,322.00,169.00,322.00,265.00,261.00,265.00
262.00,170.00,323.00,170.00,323.00,264.00,262.00,264.00
261.00,168.00,322.00,168.00,322.00,264.00,261.00,264.00
264.00,165.00,325.00,165.00,325.00,259.00,264.00,259.00
262.00,165.00,324.00,165.00,324.00,259.00,262.00,259.00
262.00,167.00,325.00,167.00,325.00,260.00,262.00,260.00
262.00,167.00,326.00,167.00,326.00,260.00,262.00,260.00
263.00,162.00,327.00,162.00,327.00,255.00,263.00,255.00
261.00,159.00,325.00,159.00,325.00,256.00,261.00,256.00
261.00,162.00,325.00,162.00,325.00,260.00,261.00,260.00
260.00,158.00,324.00,158.00,324.00,259.00,260.00,259.00
264.00,162.00,328.00,162.00,328.00,259.00,264.00,259.00
266.00,159.00,330.00,159.00,330.00,256.00,266.00,256.00
266.00,159.00,330.00,159.00,330.00,257.00,266.00,257.00
250.00,162.00,317.00,162.00,317.00,262.00,250.00,262.00
252.00,165.00,319.00,165.00,319.00,265.00,252.00,265.00
271.00,162.00,334.00,162.00,334.00,256.00,271.00,256.00
271.00,162.00,335.00,162.00,335.00,255.00,271.00,255.00
272.00,164.00,337.00,164.00,337.00,256.00,272.00,256.00
2
0
0
0
0
1
209.00,115.00,276.00,115.00,276.00,281.00,209.00,281.00
210.00,116.00,278.00,116.00,278.00,280.00,210.00,280.00
210.00,117.00,277.00,117.00,277.00,279.00,210.00,279.00
210.00,115.00,277.00,115.00,277.00,277.00,210.00,277.00
209.00,114.00,279.00,114.00,279.00,277.00,209.00,277.00
209.00,115.00,279.00,115.00,279.00,277.00,209.00,277.00
209.00,112.00,280.00,112.00,280.00,278.00,209.00,278.00
209.00,113.00,279.00,113.00,279.00,276.00,209.00,276.00
