1
172.00,25.00,197.00,25.00,197.00,84.00,172.00,84.00
174.00,25.00,198.00,25.00,198.00,85.00,174.00,85.00
175.00,21.00,199.00,21.00,199.00,83.00,175.00,83.00
178.00,17.00,201.00,17.00,201.00,80.00,178.00,80.00
176.00,18.00,199.00,18.00,199.00,82.00,176.00,82.00
174.00,18.00,198.00,18.00,198.00,81.00,174.00,81.00
170.00,20.00,194.00,20.00,194.00,84.00,170.00,84.00
165.00,20.00,191.00,20.00,191.00,85.00,165.00,85.00
162.00,21.00,188.00,21.00,188.00,86.00,162.00,86.00
160.00,22.00,186.00,22.00,186.00,85.00,160.00,85.00
157.00,19.00,184.00,19.00,184.00,85.00,157.00,85.00
155.00,19.00,181.00,19.00,181.00,86.00,155.00,86.00
154.00,19.00,180.00,19.00,180.00,85.00,154.00,85.00
153.00,22.00,179.00,22.00,179.00,87.00,153.00,87.00
154.00,25.00,180.00,25.00,180.00,90.00,154.00,90.00
157.00,27.00,183.00,27.00,183.00,95.00,157.00,95.00
158.00,26.00,185.00,26.00,185.00,97.00,158.00,97.00
158.00,26.00,186.00,26.00,186.00,99.00,158.00,99.00
157.00,27.00,186.00,27.00,186.00,100.00,157.00,100.00
157.00,27.00,186.00,27.00,186.00,103.00,157.00,103.00
154.00,30.00,185.00,30.00,185.00,105.00,154.00,105.00
151.00,33.00,180.00,33.00,180.00,108.00,151.00,108.00
144.00,34.00,175.00,34.00,175.00,110.00,144.00,110.00
139.00,38.00,170.00,38.00,170.00,114.00,139.00,114.00
131.00,41.00,162.00,41.00,162.00,117.00,131.00,117.00
129.00,41.00,163.00,41.00,163.00,118.00,129.00,118.00
130.00,44.00,164.00,44.00,164.00,120.00,130.00,120.00
133.00,51.00,169.00,51.00,169.00,124.00,133.00,124.00
137.00,54.00,173.00,54.00,173.00,128.00,137.00,128.00
144.00,61.00,177.00,61.00,177.00,135.00,144.00,135.00
149.00,68.00,183.00,68.00,183.00,141.00,149.00,141.00
152.00,70.00,186.00,70.00,186.00,143.00,152.00,143.00
154.00,76.00,187.00,76.00,187.00,144.00,154.00,144.00
155.00,80.00,187.00,80.00,187.00,149.00,155.00,149.00
156.00,81.00,183.00,81.00,183.00,155.00,156.00,155.00
158.00,86.00,185.00,86.00,185.00,160.00,158.00,160.00
159.00,90.00,186.00,90.00,186.00,164.00,159.00,164.00
152.00,119.00,179.00,119.00,179.00,193.00,152.00,193.00
2
0
0
0
0
1
154.00,130.00,182.00,130.00,182.00,167.00,154.00,167.00
155.00,130.00,184.00,130.00,184.00,168.00,155.00,168.00
156.00,130.00,185.00,130.00,185.00,169.00,156.00,169.00
156.00,130.00,184.00,130.00,184.00,169.00,156.00,169.00
157.00,130.00,185.00,130.00,185.00,168.00,157.00,168.00
157.00,126.00,186.00,126.00,186.00,166.00,157.00,166.00
157.00,121.00,186.00,121.00,186.00,163.00,157.00,163.00
158.00,114.00,189.00,114.00,189.00,156.00,158.00,156.00
161.00,107.00,191.00,107.00,191.00,152.00,161.00,152.00
163.00,100.00,192.00,100.00,192.00,143.00,163.00,143.00
164.00,95.00,192.00,95.00,192.00,139.00,164.00,139.00
166.00,88.00,194.00,88.00,194.00,132.00,166.00,132.00
166.00,84.00,196.00,84.00,196.00,126.00,166.00,126.00
167.00,82.00,197.00,82.00,197.00,124.00,167.00,124.00
167.00,79.00,199.00,79.00,199.00,116.00,167.00,116.00
166.00,75.00,195.00,75.00,195.00,112.00,166.00,112.00
2
0
0
0
0
1
156.00,100.00,195.00,100.00,195.00,141.00,156.00,141.00
155.00,95.00,195.00,95.00,195.00,141.00,155.00,141.00
156.00,92.00,194.00,92.00,194.00,139.00,156.00,139.00
157.00,91.00,193.00,91.00,193.00,138.00,157.00,138.00
158.00,94.00,193.00,94.00,193.00,138.00,158.00,138.00
158.00,96.00,193.00,96.00,193.00,139.00,158.00,139.00
158.00,97.00,193.00,97.00,193.00,141.00,158.00,141.00
158.00,98.00,194.00,98.00,194.00,141.00,158.00,141.00
157.00,99.00,195.00,99.00,195.00,141.00,157.00,141.00
155.00,99.00,197.00,99.00,197.00,143.00,155.00,143.00
155.00,103.00,197.00,103.00,197.00,145.00,155.00,145.00
155.00,105.00,198.00,105.00,198.00,147.00,155.00,147.00
151.00,102.00,195.00,102.00,195.00,143.00,151.00,143.00
149.00,90.00,193.00,90.00,193.00,128.00,149.00,128.00
150.00,87.00,194.00,87.00,194.00,125.00,150.00,125.00
153.00,84.00,196.00,84.00,196.00,124.00,153.00,124.00
156.00,87.00,198.00,87.00,198.00,126.00,156.00,126.00
157.00,87.00,199.00,87.00,199.00,127.00,157.00,127.00
157.00,88.00,199.00,88.00,199.00,128.00,157.00,128.00
155.00,85.00,196.00,85.00,196.00,125.00,155.00,125.00
156.00,87.00,197.00,87.00,197.00,127.00,156.00,127.00
154.00,87.00,195.00,87.00,195.00,127.00,154.00,127.00
154.00,89.00,195.00,89.00,195.00,127.00,154.00,127.00
152.00,93.00,194.00,93.00,194.00,139.00,152.00,139.00
153.00,101.00,196.00,101.00,196.00,152.00,153.00,152.00
154.00,101.00,196.00,101.00,196.00,150.00,154.00,150.00
153.00,103.00,195.00,103.00,195.00,152.00,153.00,152.00
153.00,101.00,195.00,101.00,195.00,153.00,153.00,153.00
154.00,103.00,195.00,103.00,195.00,152.00,154.00,152.00
154.00,90.00,195.00,90.00,195.00,129.00,154.00,129.00
154.00,91.00,196.00,91.00,196.00,130.00,154.00,130.00
155.00,90.00,197.00,90.00,197.00,129.00,155.00,129.00
156.00,89.00,199.00,89.00,199.00,129.00,156.00,129.00
155.00,88.00,196.00,88.00,196.00,128.00,155.00,128.00
154.00,87.00,196.00,87.00,196.00,127.00,154.00,127.00
154.00,88.00,195.00,88.00,195.00,128.00,154.00,128.00
153.00,87.00,194.00,87.00,194.00,126.00,153.00,126.00
153.00,88.00,194.00,88.00,194.00,127.00,153.00,127.00
153.00,87.00,192.00,87.00,192.00,125.00,153.00,125.00
153.00,88.00,192.00,88.00,192.00,126.00,153.00,126.00
153.00,90.00,193.00,90.00,193.00,127.00,153.00,127.00
153.00,90.00,193.00,90.00,193.00,128.00,153.00,128.00
155.00,91.00,194.00,91.00,194.00,127.00,155.00,127.00
154.00,91.00,193.00,91.00,193.00,128.00,154.00,128.00
155.00,90.00,195.00,90.00,195.00,127.00,155.00,127.00
153.00,91.00,193.00,91.00,193.00,129.00,153.00,129.00
154.00,91.00,194.00,91.00,194.00,128.00,154.00,128.00
154.00,90.00,194.00,90.00,194.00,126.00,154.00,126.00
156.00,90.00,195.00,90.00,195.00,126.00,156.00,126.00
155.00,89.00,194.00,89.00,194.00,126.00,155.00,126.00
155.00,89.00,195.00,89.00,195.00,126.00,155.00,126.00
155.00,89.00,195.00,89.00,195.00,127.00,155.00,127.00
154.00,88.00,195.00,88.00,195.00,127.00,154.00,127.00
154.00,90.00,196.00,90.00,196.00,129.00,154.00,129.00
154.00,91.00,196.00,91.00,196.00,129.00,154.00,129.00
154.00,90.00,195.00,90.00,195.00,130.00,154.00,130.00
153.00,90.00,195.00,90.00,195.00,131.00,153.00,131.00
152.00,90.00,196.00,90.00,196.00,130.00,152.00,130.00
151.00,89.00,195.00,89.00,195.00,130.00,151.00,130.00
153.00,88.00,196.00,88.00,196.00,129.00,153.00,129.00
153.00,86.00,194.00,86.00,194.00,127.00,153.00,127.00
151.00,91.00,195.00,91.00,195.00,138.00,151.00,138.00
151.00,101.00,199.00,101.00,199.00,147.00,151.00,147.00
151.00,102.00,202.00,102.00,202.00,147.00,151.00,147.00
152.00,115.00,193.00,115.00,193.00,154.00,152.00,154.00
150.00,90.00,193.00,90.00,193.00,134.00,150.00,134.00
156.00,79.00,196.00,79.00,196.00,126.00,156.00,126.00
156.00,83.00,198.00,83.00,198.00,128.00,156.00,128.00
154.00,83.00,195.00,83.00,195.00,124.00,154.00,124.00
154.00,84.00,197.00,84.00,197.00,125.00,154.00,125.00
154.00,86.00,195.00,86.00,195.00,128.00,154.00,128.00
155.00,89.00,196.00,89.00,196.00,130.00,155.00,130.00
154.00,91.00,195.00,91.00,195.00,130.00,154.00,130.00
154.00,89.00,195.00,89.00,195.00,130.00,154.00,130.00
154.00,89.00,194.00,89.00,194.00,128.00,154.00,128.00
154.00,90.00,195.00,90.00,195.00,129.00,154.00,129.00
154.00,91.00,193.00,91.00,193.00,130.00,154.00,130.00
154.00,92.00,194.00,92.00,194.00,131.00,154.00,131.00
154.00,92.00,193.00,92.00,193.00,131.00,154.00,131.00
154.00,92.00,193.00,92.00,193.00,131.00,154.00,131.00
154.00,93.00,193.00,93.00,193.00,131.00,154.00,131.00
154.00,94.00,192.00,94.00,192.00,131.00,154.00,131.00
154.00,93.00,192.00,93.00,192.00,131.00,154.00,131.00
153.00,94.00,191.00,94.00,191.00,131.00,153.00,131.00
150.00,98.00,188.00,98.00,188.00,135.00,150.00,135.00
146.00,99.00,184.00,99.00,184.00,136.00,146.00,136.00
144.00,103.00,183.00,103.00,183.00,139.00,144.00,139.00
144.00,102.00,182.00,102.00,182.00,138.00,144.00,138.00
143.00,101.00,181.00,101.00,181.00,137.00,143.00,137.00
143.00,100.00,181.00,100.00,181.00,137.00,143.00,137.00
142.00,103.00,179.00,103.00,179.00,139.00,142.00,139.00
144.00,103.00,183.00,103.00,183.00,139.00,144.00,139.00
144.00,104.00,183.00,104.00,183.00,140.00,144.00,140.00
144.00,102.00,181.00,102.00,181.00,139.00,144.00,139.00
145.00,101.00,183.00,101.00,183.00,137.00,145.00,137.00
146.00,102.00,184.00,102.00,184.00,138.00,146.00,138.00
146.00,101.00,184.00,101.00,184.00,136.00,146.00,136.00
146.00,100.00,185.00,100.00,185.00,136.00,146.00,136.00
147.00,100.00,184.00,100.00,184.00,134.00,147.00,134.00
146.00,97.00,183.00,97.00,183.00,132.00,146.00,132.00
146.00,98.00,185.00,98.00,185.00,132.00,146.00,132.00
147.00,98.00,186.00,98.00,186.00,131.00,147.00,131.00
149.00,94.00,187.00,94.00,187.00,128.00,149.00,128.00
149.00,96.00,185.00,96.00,185.00,128.00,149.00,128.00
148.00,97.00,185.00,97.00,185.00,128.00,148.00,128.00
149.00,94.00,186.00,94.00,186.00,125.00,149.00,125.00
148.00,95.00,185.00,95.00,185.00,127.00,148.00,127.00
148.00,92.00,185.00,92.00,185.00,123.00,148.00,123.00
149.00,92.00,186.00,92.00,186.00,123.00,149.00,123.00
149.00,91.00,186.00,91.00,186.00,122.00,149.00,122.00
149.00,90.00,185.00,90.00,185.00,121.00,149.00,121.00
149.00,83.00,186.00,83.00,186.00,117.00,149.00,117.00
148.00,78.00,185.00,78.00,185.00,112.00,148.00,112.00
147.00,76.00,183.00,76.00,183.00,110.00,147.00,110.00
147.00,75.00,183.00,75.00,183.00,109.00,147.00,109.00
147.00,75.00,184.00,75.00,184.00,111.00,147.00,111.00
146.00,78.00,186.00,78.00,186.00,113.00,146.00,113.00
148.00,78.00,186.00,78.00,186.00,113.00,148.00,113.00
151.00,79.00,187.00,79.00,187.00,115.00,151.00,115.00
152.00,77.00,187.00,77.00,187.00,114.00,152.00,114.00
151.00,77.00,187.00,77.00,187.00,113.00,151.00,113.00
149.00,74.00,185.00,74.00,185.00,111.00,149.00,111.00
146.00,73.00,182.00,73.00,182.00,109.00,146.00,109.00
144.00,78.00,180.00,78.00,180.00,113.00,144.00,113.00
140.00,81.00,179.00,81.00,179.00,115.00,140.00,115.00
139.00,81.00,178.00,81.00,178.00,115.00,139.00,115.00
136.00,83.00,177.00,83.00,177.00,120.00,136.00,120.00
136.00,80.00,176.00,80.00,176.00,115.00,136.00,115.00
137.00,78.00,177.00,78.00,177.00,115.00,137.00,115.00
137.00,81.00,176.00,81.00,176.00,118.00,137.00,118.00
134.00,81.00,175.00,81.00,175.00,118.00,134.00,118.00
133.00,79.00,174.00,79.00,174.00,117.00,133.00,117.00
130.00,82.00,172.00,82.00,172.00,119.00,130.00,119.00
129.00,83.00,172.00,83.00,172.00,121.00,129.00,121.00
127.00,86.00,170.00,86.00,170.00,124.00,127.00,124.00
127.00,86.00,170.00,86.00,170.00,124.00,127.00,124.00
127.00,87.00,170.00,87.00,170.00,126.00,127.00,126.00
127.00,85.00,168.00,85.00,168.00,125.00,127.00,125.00
128.00,85.00,169.00,85.00,169.00,127.00,128.00,127.00
129.00,83.00,170.00,83.00,170.00,126.00,129.00,126.00
130.00,84.00,170.00,84.00,170.00,125.00,130.00,125.00
129.00,82.00,170.00,82.00,170.00,123.00,129.00,123.00
129.00,82.00,169.00,82.00,169.00,122.00,129.00,122.00
129.00,82.00,171.00,82.00,171.00,121.00,129.00,121.00
129.00,81.00,169.00,81.00,169.00,120.00,129.00,120.00
129.00,78.00,168.00,78.00,168.00,117.00,129.00,117.00
129.00,78.00,169.00,78.00,169.00,116.00,129.00,116.00
129.00,79.00,167.00,79.00,167.00,116.00,129.00,116.00
130.00,80.00,168.00,80.00,168.00,116.00,130.00,116.00
131.00,81.00,169.00,81.00,169.00,116.00,131.00,116.00
130.00,79.00,167.00,79.00,167.00,115.00,130.00,115.00
130.00,77.00,168.00,77.00,168.00,114.00,130.00,114.00
131.00,78.00,169.00,78.00,169.00,114.00,131.00,114.00
131.00,76.00,169.00,76.00,169.00,113.00,131.00,113.00
131.00,77.00,168.00,77.00,168.00,112.00,131.00,112.00
131.00,76.00,169.00,76.00,169.00,110.00,131.00,110.00
131.00,75.00,169.00,75.00,169.00,110.00,131.00,110.00
131.00,76.00,171.00,76.00,171.00,111.00,131.00,111.00
