1
173.00,24.00,197.00,24.00,197.00,84.00,173.00,84.00
174.00,24.00,197.00,24.00,197.00,85.00,174.00,85.00
175.00,21.00,198.00,21.00,198.00,83.00,175.00,83.00
178.00,17.00,201.00,17.00,201.00,80.00,178.00,80.00
176.00,18.00,199.00,18.00,199.00,81.00,176.00,81.00
174.00,19.00,198.00,19.00,198.00,81.00,174.00,81.00
171.00,20.00,194.00,20.00,194.00,83.00,171.00,83.00
167.00,21.00,191.00,21.00,191.00,82.00,167.00,82.00
163.00,22.00,187.00,22.00,187.00,84.00,163.00,84.00
161.00,22.00,186.00,22.00,186.00,83.00,161.00,83.00
158.00,19.00,184.00,19.00,184.00,84.00,158.00,84.00
156.00,19.00,181.00,19.00,181.00,84.00,156.00,84.00
154.00,19.00,179.00,19.00,179.00,84.00,154.00,84.00
153.00,22.00,178.00,22.00,178.00,86.00,153.00,86.00
155.00,25.00,179.00,25.00,179.00,90.00,155.00,90.00
157.00,28.00,182.00,28.00,182.00,94.00,157.00,94.00
157.00,27.00,185.00,27.00,185.00,98.00,157.00,98.00
158.00,27.00,186.00,27.00,186.00,98.00,158.00,98.00
157.00,27.00,184.00,27.00,184.00,98.00,157.00,98.00
157.00,28.00,184.00,28.00,184.00,101.00,157.00,101.00
155.00,30.00,182.00,30.00,182.00,104.00,155.00,104.00
151.00,32.00,178.00,32.00,178.00,107.00,151.00,107.00
145.00,34.00,175.00,34.00,175.00,109.00,145.00,109.00
139.00,36.00,169.00,36.00,169.00,113.00,139.00,113.00
130.00,41.00,162.00,41.00,162.00,116.00,130.00,116.00
130.00,41.00,162.00,41.00,162.00,117.00,130.00,117.00
131.00,42.00,164.00,42.00,164.00,119.00,131.00,119.00
135.00,47.00,166.00,47.00,166.00,122.00,135.00,122.00
138.00,52.00,170.00,52.00,170.00,126.00,138.00,126.00
146.00,60.00,176.00,60.00,176.00,136.00,146.00,136.00
151.00,68.00,180.00,68.00,180.00,140.00,151.00,140.00
155.00,72.00,184.00,72.00,184.00,141.00,155.00,141.00
157.00,76.00,185.00,76.00,185.00,143.00,157.00,143.00
157.00,82.00,183.00,82.00,183.00,147.00,157.00,147.00
158.00,80.00,185.00,80.00,185.00,153.00,158.00,153.00
156.00,87.00,183.00,87.00,183.00,159.00,156.00,159.00
158.00,93.00,185.00,93.00,185.00,164.00,158.00,164.00
157.00,122.00,184.00,122.00,184.00,193.00,157.00,193.00
2
0
0
0
0
1
154.00,130.00,183.00,130.00,183.00,167.00,154.00,167.00
155.00,131.00,184.00,131.00,184.00,168.00,155.00,168.00
156.00,131.00,184.00,131.00,184.00,170.00,156.00,170.00
156.00,131.00,183.00,131.00,183.00,169.00,156.00,169.00
157.00,130.00,185.00,130.00,185.00,168.00,157.00,168.00
158.00,127.00,184.00,127.00,184.00,165.00,158.00,165.00
158.00,122.00,185.00,122.00,185.00,161.00,158.00,161.00
159.00,115.00,188.00,115.00,188.00,155.00,159.00,155.00
162.00,109.00,190.00,109.00,190.00,147.00,162.00,147.00
164.00,102.00,190.00,102.00,190.00,140.00,164.00,140.00
164.00,97.00,192.00,97.00,192.00,135.00,164.00,135.00
166.00,92.00,193.00,92.00,193.00,130.00,166.00,130.00
166.00,86.00,194.00,86.00,194.00,123.00,166.00,123.00
167.00,84.00,196.00,84.00,196.00,122.00,167.00,122.00
168.00,82.00,196.00,82.00,196.00,116.00,168.00,116.00
166.00,75.00,196.00,75.00,196.00,111.00,166.00,111.00
2
0
0
0
0
1
156.00,100.00,195.00,100.00,195.00,141.00,156.00,141.00
156.00,95.00,195.00,95.00,195.00,140.00,156.00,140.00
157.00,93.00,194.00,93.00,194.00,139.00,157.00,139.00
157.00,92.00,193.00,92.00,193.00,138.00,157.00,138.00
157.00,93.00,192.00,93.00,192.00,138.00,157.00,138.00
158.00,96.00,193.00,96.00,193.00,140.00,158.00,140.00
158.00,98.00,194.00,98.00,194.00,141.00,158.00,141.00
157.00,97.00,193.00,97.00,193.00,142.00,157.00,142.00
157.00,97.00,194.00,97.00,194.00,142.00,157.00,142.00
156.00,99.00,197.00,99.00,197.00,145.00,156.00,145.00
154.00,102.00,198.00,102.00,198.00,147.00,154.00,147.00
153.00,103.00,197.00,103.00,197.00,147.00,153.00,147.00
152.00,101.00,195.00,101.00,195.00,144.00,152.00,144.00
149.00,89.00,190.00,89.00,190.00,127.00,149.00,127.00
152.00,86.00,192.00,86.00,192.00,125.00,152.00,125.00
154.00,84.00,194.00,84.00,194.00,125.00,154.00,125.00
157.00,86.00,197.00,86.00,197.00,127.00,157.00,127.00
158.00,86.00,197.00,86.00,197.00,126.00,158.00,126.00
158.00,85.00,197.00,85.00,197.00,126.00,158.00,126.00
156.00,86.00,195.00,86.00,195.00,126.00,156.00,126.00
156.00,87.00,195.00,87.00,195.00,128.00,156.00,128.00
155.00,87.00,194.00,87.00,194.00,129.00,155.00,129.00
155.00,88.00,193.00,88.00,193.00,128.00,155.00,128.00
153.00,101.00,196.00,101.00,196.00,152.00,153.00,152.00
152.00,101.00,195.00,101.00,195.00,152.00,152.00,152.00
153.00,100.00,195.00,100.00,195.00,151.00,153.00,151.00
152.00,103.00,195.00,103.00,195.00,152.00,152.00,152.00
153.00,102.00,195.00,102.00,195.00,151.00,153.00,151.00
153.00,103.00,196.00,103.00,196.00,151.00,153.00,151.00
155.00,96.00,195.00,96.00,195.00,139.00,155.00,139.00
156.00,91.00,195.00,91.00,195.00,129.00,156.00,129.00
156.00,96.00,196.00,96.00,196.00,138.00,156.00,138.00
156.00,96.00,196.00,96.00,196.00,138.00,156.00,138.00
156.00,95.00,196.00,95.00,196.00,137.00,156.00,137.00
155.00,91.00,194.00,91.00,194.00,131.00,155.00,131.00
154.00,92.00,193.00,92.00,193.00,133.00,154.00,133.00
152.00,100.00,193.00,100.00,193.00,147.00,152.00,147.00
151.00,101.00,193.00,101.00,193.00,152.00,151.00,152.00
151.00,101.00,194.00,101.00,194.00,152.00,151.00,152.00
152.00,102.00,195.00,102.00,195.00,153.00,152.00,153.00
151.00,98.00,194.00,98.00,194.00,153.00,151.00,153.00
151.00,101.00,194.00,101.00,194.00,153.00,151.00,153.00
151.00,99.00,194.00,99.00,194.00,154.00,151.00,154.00
152.00,98.00,196.00,98.00,196.00,155.00,152.00,155.00
152.00,94.00,195.00,94.00,195.00,149.00,152.00,149.00
152.00,94.00,194.00,94.00,194.00,145.00,152.00,145.00
152.00,95.00,195.00,95.00,195.00,147.00,152.00,147.00
152.00,96.00,196.00,96.00,196.00,154.00,152.00,154.00
153.00,92.00,196.00,92.00,196.00,144.00,153.00,144.00
152.00,96.00,196.00,96.00,196.00,152.00,152.00,152.00
152.00,94.00,196.00,94.00,196.00,149.00,152.00,149.00
152.00,93.00,197.00,93.00,197.00,150.00,152.00,150.00
152.00,95.00,197.00,95.00,197.00,150.00,152.00,150.00
152.00,94.00,196.00,94.00,196.00,151.00,152.00,151.00
152.00,94.00,197.00,94.00,197.00,153.00,152.00,153.00
151.00,95.00,195.00,95.00,195.00,152.00,151.00,152.00
150.00,96.00,195.00,96.00,195.00,154.00,150.00,154.00
148.00,98.00,196.00,98.00,196.00,156.00,148.00,156.00
148.00,98.00,195.00,98.00,195.00,154.00,148.00,154.00
150.00,95.00,197.00,95.00,197.00,153.00,150.00,153.00
150.00,95.00,197.00,95.00,197.00,152.00,150.00,152.00
148.00,96.00,198.00,96.00,198.00,147.00,148.00,147.00
152.00,98.00,199.00,98.00,199.00,146.00,152.00,146.00
153.00,101.00,199.00,101.00,199.00,148.00,153.00,148.00
149.00,109.00,195.00,109.00,195.00,156.00,149.00,156.00
149.00,86.00,195.00,86.00,195.00,133.00,149.00,133.00
155.00,84.00,193.00,84.00,193.00,130.00,155.00,130.00
152.00,91.00,194.00,91.00,194.00,144.00,152.00,144.00
154.00,90.00,194.00,90.00,194.00,135.00,154.00,135.00
153.00,98.00,194.00,98.00,194.00,148.00,153.00,148.00
153.00,105.00,194.00,105.00,194.00,154.00,153.00,154.00
153.00,101.00,195.00,101.00,195.00,153.00,153.00,153.00
151.00,108.00,194.00,108.00,194.00,157.00,151.00,157.00
150.00,106.00,194.00,106.00,194.00,156.00,150.00,156.00
148.00,107.00,192.00,107.00,192.00,158.00,148.00,158.00
149.00,104.00,193.00,104.00,193.00,155.00,149.00,155.00
150.00,105.00,194.00,105.00,194.00,157.00,150.00,157.00
151.00,101.00,193.00,101.00,193.00,151.00,151.00,151.00
151.00,100.00,192.00,100.00,192.00,147.00,151.00,147.00
151.00,101.00,195.00,101.00,195.00,153.00,151.00,153.00
151.00,102.00,195.00,102.00,195.00,153.00,151.00,153.00
151.00,103.00,195.00,103.00,195.00,155.00,151.00,155.00
150.00,104.00,192.00,104.00,192.00,156.00,150.00,156.00
149.00,105.00,190.00,105.00,190.00,157.00,149.00,157.00
147.00,105.00,189.00,105.00,189.00,157.00,147.00,157.00
144.00,110.00,187.00,110.00,187.00,164.00,144.00,164.00
141.00,110.00,186.00,110.00,186.00,164.00,141.00,164.00
140.00,108.00,184.00,108.00,184.00,161.00,140.00,161.00
140.00,108.00,184.00,108.00,184.00,161.00,140.00,161.00
140.00,108.00,182.00,108.00,182.00,160.00,140.00,160.00
140.00,110.00,184.00,110.00,184.00,165.00,140.00,165.00
140.00,110.00,185.00,110.00,185.00,163.00,140.00,163.00
140.00,110.00,184.00,110.00,184.00,163.00,140.00,163.00
141.00,109.00,185.00,109.00,185.00,163.00,141.00,163.00
142.00,109.00,186.00,109.00,186.00,161.00,142.00,161.00
142.00,109.00,186.00,109.00,186.00,160.00,142.00,160.00
142.00,109.00,187.00,109.00,187.00,158.00,142.00,158.00
141.00,108.00,187.00,108.00,187.00,159.00,141.00,159.00
142.00,103.00,187.00,103.00,187.00,147.00,142.00,147.00
143.00,102.00,186.00,102.00,186.00,145.00,143.00,145.00
142.00,100.00,186.00,100.00,186.00,141.00,142.00,141.00
143.00,100.00,187.00,100.00,187.00,140.00,143.00,140.00
144.00,99.00,187.00,99.00,187.00,139.00,144.00,139.00
145.00,100.00,188.00,100.00,188.00,139.00,145.00,139.00
144.00,101.00,188.00,101.00,188.00,140.00,144.00,140.00
143.00,100.00,186.00,100.00,186.00,141.00,143.00,141.00
145.00,99.00,188.00,99.00,188.00,138.00,145.00,138.00
143.00,98.00,187.00,98.00,187.00,139.00,143.00,139.00
143.00,97.00,186.00,97.00,186.00,138.00,143.00,138.00
143.00,97.00,187.00,97.00,187.00,139.00,143.00,139.00
145.00,93.00,188.00,93.00,188.00,134.00,145.00,134.00
145.00,90.00,189.00,90.00,189.00,131.00,145.00,131.00
143.00,85.00,187.00,85.00,187.00,127.00,143.00,127.00
143.00,80.00,186.00,80.00,186.00,123.00,143.00,123.00
142.00,80.00,186.00,80.00,186.00,123.00,142.00,123.00
143.00,80.00,188.00,80.00,188.00,123.00,143.00,123.00
143.00,81.00,189.00,81.00,189.00,125.00,143.00,125.00
144.00,79.00,188.00,79.00,188.00,126.00,144.00,126.00
146.00,83.00,188.00,83.00,188.00,128.00,146.00,128.00
147.00,82.00,188.00,82.00,188.00,127.00,147.00,127.00
148.00,80.00,190.00,80.00,190.00,126.00,148.00,126.00
146.00,87.00,187.00,87.00,187.00,131.00,146.00,131.00
140.00,95.00,181.00,95.00,181.00,136.00,140.00,136.00
136.00,97.00,179.00,97.00,179.00,139.00,136.00,139.00
133.00,94.00,179.00,94.00,179.00,141.00,133.00,141.00
134.00,95.00,179.00,95.00,179.00,142.00,134.00,142.00
135.00,96.00,180.00,96.00,180.00,141.00,135.00,141.00
136.00,96.00,179.00,96.00,179.00,140.00,136.00,140.00
136.00,95.00,180.00,95.00,180.00,142.00,136.00,142.00
136.00,99.00,180.00,99.00,180.00,143.00,136.00,143.00
135.00,99.00,178.00,99.00,178.00,143.00,135.00,143.00
134.00,97.00,177.00,97.00,177.00,142.00,134.00,142.00
131.00,98.00,173.00,98.00,173.00,144.00,131.00,144.00
129.00,100.00,172.00,100.00,172.00,147.00,129.00,147.00
128.00,105.00,170.00,105.00,170.00,150.00,128.00,150.00
127.00,104.00,170.00,104.00,170.00,150.00,127.00,150.00
127.00,104.00,170.00,104.00,170.00,150.00,127.00,150.00
125.00,102.00,169.00,102.00,169.00,152.00,125.00,152.00
126.00,96.00,167.00,96.00,167.00,143.00,126.00,143.00
128.00,88.00,168.00,88.00,168.00,130.00,128.00,130.00
130.00,88.00,171.00,88.00,171.00,131.00,130.00,131.00
128.00,86.00,170.00,86.00,170.00,127.00,128.00,127.00
127.00,86.00,169.00,86.00,169.00,128.00,127.00,128.00
127.00,86.00,169.00,86.00,169.00,128.00,127.00,128.00
127.00,85.00,169.00,85.00,169.00,127.00,127.00,127.00
127.00,83.00,170.00,83.00,170.00,125.00,127.00,125.00
126.00,83.00,168.00,83.00,168.00,125.00,126.00,125.00
126.00,83.00,168.00,83.00,168.00,124.00,126.00,124.00
128.00,85.00,172.00,85.00,172.00,126.00,128.00,126.00
128.00,84.00,172.00,84.00,172.00,126.00,128.00,126.00
129.00,83.00,171.00,83.00,171.00,125.00,129.00,125.00
128.00,82.00,170.00,82.00,170.00,123.00,128.00,123.00
128.00,83.00,171.00,83.00,171.00,125.00,128.00,125.00
127.00,82.00,171.00,82.00,171.00,124.00,127.00,124.00
128.00,80.00,172.00,80.00,172.00,123.00,128.00,123.00
127.00,80.00,173.00,80.00,173.00,123.00,127.00,123.00
128.00,78.00,173.00,78.00,173.00,120.00,128.00,120.00
128.00,79.00,173.00,79.00,173.00,121.00,128.00,121.00
