1
701.00,243.00,734.00,243.00,734.00,314.00,701.00,314.00
699.00,241.00,731.00,241.00,731.00,315.00,699.00,315.00
696.00,241.00,727.00,241.00,727.00,312.00,696.00,312.00
692.00,238.00,724.00,238.00,724.00,311.00,692.00,311.00
689.00,237.00,721.00,237.00,721.00,310.00,689.00,310.00
686.00,237.00,718.00,237.00,718.00,312.00,686.00,312.00
684.00,236.00,714.00,236.00,714.00,311.00,684.00,311.00
683.00,237.00,713.00,237.00,713.00,311.00,683.00,311.00
679.00,236.00,711.00,236.00,711.00,305.00,679.00,305.00
678.00,241.00,707.00,241.00,707.00,311.00,678.00,311.00
675.00,243.00,705.00,243.00,705.00,314.00,675.00,314.00
671.00,244.00,703.00,244.00,703.00,316.00,671.00,316.00
667.00,245.00,698.00,245.00,698.00,318.00,667.00,318.00
659.00,243.00,692.00,243.00,692.00,313.00,659.00,313.00
655.00,243.00,688.00,243.00,688.00,312.00,655.00,312.00
655.00,245.00,684.00,245.00,684.00,315.00,655.00,315.00
651.00,245.00,680.00,245.00,680.00,317.00,651.00,317.00
646.00,244.00,676.00,244.00,676.00,313.00,646.00,313.00
643.00,245.00,672.00,245.00,672.00,312.00,643.00,312.00
640.00,245.00,669.00,245.00,669.00,311.00,640.00,311.00
636.00,244.00,666.00,244.00,666.00,310.00,636.00,310.00
632.00,243.00,661.00,243.00,661.00,309.00,632.00,309.00
630.00,242.00,657.00,242.00,657.00,307.00,630.00,307.00
627.00,242.00,655.00,242.00,655.00,307.00,627.00,307.00
622.00,242.00,651.00,242.00,651.00,305.00,622.00,305.00
619.00,242.00,648.00,242.00,648.00,304.00,619.00,304.00
617.00,243.00,644.00,243.00,644.00,306.00,617.00,306.00
614.00,243.00,642.00,243.00,642.00,303.00,614.00,303.00
610.00,243.00,638.00,243.00,638.00,302.00,610.00,302.00
607.00,244.00,636.00,244.00,636.00,302.00,607.00,302.00
605.00,242.00,631.00,242.00,631.00,300.00,605.00,300.00
603.00,242.00,629.00,242.00,629.00,300.00,603.00,300.00
601.00,243.00,626.00,243.00,626.00,300.00,601.00,300.00
598.00,242.00,623.00,242.00,623.00,300.00,598.00,300.00
594.00,243.00,619.00,243.00,619.00,300.00,594.00,300.00
592.00,244.00,617.00,244.00,617.00,301.00,592.00,301.00
588.00,244.00,614.00,244.00,614.00,301.00,588.00,301.00
586.00,244.00,610.00,244.00,610.00,300.00,586.00,300.00
582.00,245.00,608.00,245.00,608.00,301.00,582.00,301.00
578.00,245.00,604.00,245.00,604.00,302.00,578.00,302.00
573.00,245.00,600.00,245.00,600.00,301.00,573.00,301.00
571.00,248.00,597.00,248.00,597.00,302.00,571.00,302.00
567.00,248.00,593.00,248.00,593.00,302.00,567.00,302.00
563.00,247.00,590.00,247.00,590.00,301.00,563.00,301.00
559.00,247.00,586.00,247.00,586.00,303.00,559.00,303.00
557.00,246.00,584.00,246.00,584.00,303.00,557.00,303.00
552.00,247.00,579.00,247.00,579.00,302.00,552.00,302.00
548.00,247.00,575.00,247.00,575.00,303.00,548.00,303.00
546.00,248.00,572.00,248.00,572.00,304.00,546.00,304.00
545.00,247.00,570.00,247.00,570.00,301.00,545.00,301.00
543.00,247.00,569.00,247.00,569.00,302.00,543.00,302.00
543.00,247.00,567.00,247.00,567.00,304.00,543.00,304.00
541.00,248.00,566.00,248.00,566.00,304.00,541.00,304.00
542.00,246.00,566.00,246.00,566.00,302.00,542.00,302.00
541.00,245.00,565.00,245.00,565.00,299.00,541.00,299.00
541.00,247.00,565.00,247.00,565.00,302.00,541.00,302.00
541.00,249.00,564.00,249.00,564.00,304.00,541.00,304.00
539.00,248.00,563.00,248.00,563.00,303.00,539.00,303.00
539.00,247.00,563.00,247.00,563.00,301.00,539.00,301.00
539.00,248.00,562.00,248.00,562.00,302.00,539.00,302.00
540.00,248.00,563.00,248.00,563.00,302.00,540.00,302.00
539.00,245.00,563.00,245.00,563.00,300.00,539.00,300.00
537.00,246.00,561.00,246.00,561.00,302.00,537.00,302.00
538.00,244.00,561.00,244.00,561.00,299.00,538.00,299.00
536.00,245.00,559.00,245.00,559.00,299.00,536.00,299.00
536.00,243.00,559.00,243.00,559.00,298.00,536.00,298.00
535.00,244.00,558.00,244.00,558.00,297.00,535.00,297.00
535.00,246.00,557.00,246.00,557.00,300.00,535.00,300.00
534.00,246.00,557.00,246.00,557.00,300.00,534.00,300.00
534.00,244.00,556.00,244.00,556.00,296.00,534.00,296.00
534.00,244.00,554.00,244.00,554.00,294.00,534.00,294.00
536.00,242.00,557.00,242.00,557.00,291.00,536.00,291.00
535.00,244.00,556.00,244.00,556.00,292.00,535.00,292.00
537.00,243.00,558.00,243.00,558.00,293.00,537.00,293.00
537.00,242.00,560.00,242.00,560.00,292.00,537.00,292.00
539.00,243.00,562.00,243.00,562.00,293.00,539.00,293.00
540.00,241.00,563.00,241.00,563.00,290.00,540.00,290.00
543.00,240.00,566.00,240.00,566.00,292.00,543.00,292.00
543.00,242.00,566.00,242.00,566.00,295.00,543.00,295.00
546.00,241.00,570.00,241.00,570.00,293.00,546.00,293.00
546.00,241.00,570.00,241.00,570.00,292.00,546.00,292.00
550.00,238.00,576.00,238.00,576.00,293.00,550.00,293.00
552.00,241.00,578.00,241.00,578.00,295.00,552.00,295.00
548.00,241.00,573.00,241.00,573.00,296.00,548.00,296.00
547.00,245.00,570.00,245.00,570.00,298.00,547.00,298.00
551.00,244.00,574.00,244.00,574.00,296.00,551.00,296.00
552.00,244.00,575.00,244.00,575.00,296.00,552.00,296.00
555.00,245.00,579.00,245.00,579.00,296.00,555.00,296.00
559.00,244.00,583.00,244.00,583.00,296.00,559.00,296.00
561.00,246.00,585.00,246.00,585.00,297.00,561.00,297.00
564.00,244.00,589.00,244.00,589.00,293.00,564.00,293.00
568.00,241.00,594.00,241.00,594.00,291.00,568.00,291.00
572.00,242.00,597.00,242.00,597.00,292.00,572.00,292.00
575.00,241.00,600.00,241.00,600.00,293.00,575.00,293.00
579.00,241.00,604.00,241.00,604.00,291.00,579.00,291.00
583.00,241.00,606.00,241.00,606.00,293.00,583.00,293.00
583.00,240.00,607.00,240.00,607.00,291.00,583.00,291.00
586.00,238.00,609.00,238.00,609.00,290.00,586.00,290.00
588.00,236.00,611.00,236.00,611.00,288.00,588.00,288.00
591.00,235.00,614.00,235.00,614.00,289.00,591.00,289.00
592.00,236.00,615.00,236.00,615.00,289.00,592.00,289.00
593.00,236.00,617.00,236.00,617.00,290.00,593.00,290.00
592.00,236.00,615.00,236.00,615.00,289.00,592.00,289.00
593.00,237.00,616.00,237.00,616.00,290.00,593.00,290.00
596.00,239.00,617.00,239.00,617.00,291.00,596.00,291.00
600.00,240.00,621.00,240.00,621.00,292.00,600.00,292.00
599.00,239.00,622.00,239.00,622.00,292.00,599.00,292.00
600.00,239.00,622.00,239.00,622.00,291.00,600.00,291.00
602.00,241.00,623.00,241.00,623.00,291.00,602.00,291.00
605.00,239.00,625.00,239.00,625.00,291.00,605.00,291.00
605.00,238.00,626.00,238.00,626.00,292.00,605.00,292.00
605.00,239.00,627.00,239.00,627.00,293.00,605.00,293.00
603.00,238.00,625.00,238.00,625.00,289.00,603.00,289.00
601.00,237.00,625.00,237.00,625.00,290.00,601.00,290.00
599.00,236.00,624.00,236.00,624.00,291.00,599.00,291.00
593.00,233.00,619.00,233.00,619.00,287.00,593.00,287.00
588.00,231.00,613.00,231.00,613.00,287.00,588.00,287.00
583.00,232.00,608.00,232.00,608.00,287.00,583.00,287.00
575.00,230.00,600.00,230.00,600.00,284.00,575.00,284.00
567.00,229.00,593.00,229.00,593.00,283.00,567.00,283.00
563.00,228.00,589.00,228.00,589.00,284.00,563.00,284.00
556.00,233.00,582.00,233.00,582.00,289.00,556.00,289.00
549.00,230.00,575.00,230.00,575.00,286.00,549.00,286.00
539.00,222.00,564.00,222.00,564.00,289.00,539.00,289.00
530.00,228.00,556.00,228.00,556.00,280.00,530.00,280.00
524.00,224.00,549.00,224.00,549.00,292.00,524.00,292.00
513.00,227.00,540.00,227.00,540.00,282.00,513.00,282.00
505.00,227.00,532.00,227.00,532.00,283.00,505.00,283.00
498.00,229.00,525.00,229.00,525.00,286.00,498.00,286.00
489.00,225.00,515.00,225.00,515.00,295.00,489.00,295.00
478.00,226.00,504.00,226.00,504.00,296.00,478.00,296.00
466.00,226.00,492.00,226.00,492.00,295.00,466.00,295.00
455.00,226.00,481.00,226.00,481.00,295.00,455.00,295.00
446.00,233.00,472.00,233.00,472.00,301.00,446.00,301.00
430.00,230.00,456.00,230.00,456.00,299.00,430.00,299.00
414.00,229.00,440.00,229.00,440.00,297.00,414.00,297.00
399.00,224.00,426.00,224.00,426.00,293.00,399.00,293.00
385.00,228.00,412.00,228.00,412.00,297.00,385.00,297.00
359.00,227.00,386.00,227.00,386.00,296.00,359.00,296.00
343.00,229.00,369.00,229.00,369.00,296.00,343.00,296.00
339.00,227.00,366.00,227.00,366.00,295.00,339.00,295.00
313.00,227.00,340.00,227.00,340.00,295.00,313.00,295.00
287.00,225.00,314.00,225.00,314.00,293.00,287.00,293.00
270.00,236.00,297.00,236.00,297.00,303.00,270.00,303.00
247.00,233.00,274.00,233.00,274.00,300.00,247.00,300.00
231.00,237.00,258.00,237.00,258.00,305.00,231.00,305.00
214.00,241.00,241.00,241.00,241.00,308.00,214.00,308.00
2
0
0
0
0
1
117.00,253.00,151.00,253.00,151.00,298.00,117.00,298.00
103.00,254.00,137.00,254.00,137.00,298.00,103.00,298.00
90.00,255.00,124.00,255.00,124.00,300.00,90.00,300.00
85.00,255.00,115.00,255.00,115.00,299.00,85.00,299.00
80.00,258.00,109.00,258.00,109.00,301.00,80.00,301.00
81.00,260.00,108.00,260.00,108.00,301.00,81.00,301.00
82.00,262.00,110.00,262.00,110.00,303.00,82.00,303.00
82.00,261.00,109.00,261.00,109.00,303.00,82.00,303.00
81.00,261.00,109.00,261.00,109.00,304.00,81.00,304.00
84.00,259.00,112.00,259.00,112.00,304.00,84.00,304.00
87.00,260.00,119.00,260.00,119.00,305.00,87.00,305.00
91.00,264.00,121.00,264.00,121.00,307.00,91.00,307.00
93.00,267.00,123.00,267.00,123.00,308.00,93.00,308.00
94.00,271.00,121.00,271.00,121.00,310.00,94.00,310.00
93.00,270.00,123.00,270.00,123.00,311.00,93.00,311.00
92.00,269.00,122.00,269.00,122.00,310.00,92.00,310.00
94.00,268.00,122.00,268.00,122.00,309.00,94.00,309.00
92.00,266.00,121.00,266.00,121.00,311.00,92.00,311.00
95.00,267.00,122.00,267.00,122.00,309.00,95.00,309.00
97.00,269.00,126.00,269.00,126.00,312.00,97.00,312.00
101.00,270.00,130.00,270.00,130.00,311.00,101.00,311.00
103.00,272.00,133.00,272.00,133.00,313.00,103.00,313.00
109.00,271.00,139.00,271.00,139.00,314.00,109.00,314.00
116.00,271.00,147.00,271.00,147.00,314.00,116.00,314.00
122.00,271.00,153.00,271.00,153.00,315.00,122.00,315.00
132.00,268.00,163.00,268.00,163.00,312.00,132.00,312.00
140.00,267.00,172.00,267.00,172.00,311.00,140.00,311.00
149.00,266.00,184.00,266.00,184.00,310.00,149.00,310.00
159.00,264.00,193.00,264.00,193.00,308.00,159.00,308.00
171.00,263.00,204.00,263.00,204.00,306.00,171.00,306.00
181.00,262.00,213.00,262.00,213.00,305.00,181.00,305.00
191.00,262.00,219.00,262.00,219.00,306.00,191.00,306.00
197.00,262.00,228.00,262.00,228.00,305.00,197.00,305.00
206.00,265.00,236.00,265.00,236.00,305.00,206.00,305.00
211.00,268.00,241.00,268.00,241.00,308.00,211.00,308.00
218.00,268.00,249.00,268.00,249.00,307.00,218.00,307.00
226.00,269.00,256.00,269.00,256.00,310.00,226.00,310.00
234.00,268.00,264.00,268.00,264.00,309.00,234.00,309.00
241.00,267.00,270.00,267.00,270.00,307.00,241.00,307.00
249.00,267.00,277.00,267.00,277.00,309.00,249.00,309.00
256.00,265.00,284.00,265.00,284.00,307.00,256.00,307.00
259.00,263.00,288.00,263.00,288.00,305.00,259.00,305.00
267.00,261.00,296.00,261.00,296.00,304.00,267.00,304.00
275.00,262.00,303.00,262.00,303.00,303.00,275.00,303.00
284.00,262.00,311.00,262.00,311.00,303.00,284.00,303.00
290.00,261.00,318.00,261.00,318.00,302.00,290.00,302.00
300.00,263.00,326.00,263.00,326.00,305.00,300.00,305.00
307.00,263.00,335.00,263.00,335.00,306.00,307.00,306.00
316.00,262.00,342.00,262.00,342.00,303.00,316.00,303.00
324.00,261.00,351.00,261.00,351.00,302.00,324.00,302.00
331.00,261.00,360.00,261.00,360.00,304.00,331.00,304.00
337.00,260.00,365.00,260.00,365.00,302.00,337.00,302.00
343.00,258.00,372.00,258.00,372.00,301.00,343.00,301.00
351.00,258.00,381.00,258.00,381.00,302.00,351.00,302.00
359.00,259.00,388.00,259.00,388.00,304.00,359.00,304.00
367.00,258.00,396.00,258.00,396.00,302.00,367.00,302.00
375.00,259.00,405.00,259.00,405.00,303.00,375.00,303.00
381.00,260.00,410.00,260.00,410.00,304.00,381.00,304.00
389.00,261.00,418.00,261.00,418.00,306.00,389.00,306.00
394.00,261.00,423.00,261.00,423.00,304.00,394.00,304.00
401.00,260.00,430.00,260.00,430.00,304.00,401.00,304.00
409.00,260.00,438.00,260.00,438.00,305.00,409.00,305.00
418.00,259.00,448.00,259.00,448.00,305.00,418.00,305.00
425.00,257.00,456.00,257.00,456.00,303.00,425.00,303.00
433.00,257.00,462.00,257.00,462.00,303.00,433.00,303.00
439.00,261.00,470.00,261.00,470.00,306.00,439.00,306.00
447.00,256.00,476.00,256.00,476.00,302.00,447.00,302.00
455.00,260.00,484.00,260.00,484.00,305.00,455.00,305.00
459.00,259.00,490.00,259.00,490.00,307.00,459.00,307.00
467.00,262.00,499.00,262.00,499.00,308.00,467.00,308.00
474.00,261.00,503.00,261.00,503.00,309.00,474.00,309.00
479.00,260.00,509.00,260.00,509.00,309.00,479.00,309.00
479.00,268.00,509.00,268.00,509.00,318.00,479.00,318.00
483.00,265.00,513.00,265.00,513.00,315.00,483.00,315.00
485.00,267.00,516.00,267.00,516.00,315.00,485.00,315.00
486.00,270.00,519.00,270.00,519.00,318.00,486.00,318.00
489.00,277.00,523.00,277.00,523.00,323.00,489.00,323.00
492.00,269.00,523.00,269.00,523.00,315.00,492.00,315.00
489.00,267.00,521.00,267.00,521.00,313.00,489.00,313.00
489.00,263.00,518.00,263.00,518.00,307.00,489.00,307.00
490.00,259.00,518.00,259.00,518.00,304.00,490.00,304.00
489.00,258.00,519.00,258.00,519.00,305.00,489.00,305.00
488.00,260.00,521.00,260.00,521.00,304.00,488.00,304.00
488.00,260.00,521.00,260.00,521.00,305.00,488.00,305.00
491.00,260.00,522.00,260.00,522.00,305.00,491.00,305.00
492.00,260.00,524.00,260.00,524.00,306.00,492.00,306.00
489.00,259.00,523.00,259.00,523.00,307.00,489.00,307.00
482.00,257.00,520.00,257.00,520.00,306.00,482.00,306.00
472.00,258.00,512.00,258.00,512.00,307.00,472.00,307.00
458.00,258.00,498.00,258.00,498.00,308.00,458.00,308.00
443.00,257.00,483.00,257.00,483.00,305.00,443.00,305.00
425.00,256.00,466.00,256.00,466.00,303.00,425.00,303.00
411.00,255.00,451.00,255.00,451.00,304.00,411.00,304.00
396.00,255.00,436.00,255.00,436.00,306.00,396.00,306.00
381.00,253.00,423.00,253.00,423.00,304.00,381.00,304.00
367.00,257.00,407.00,257.00,407.00,307.00,367.00,307.00
353.00,257.00,393.00,257.00,393.00,306.00,353.00,306.00
341.00,260.00,380.00,260.00,380.00,310.00,341.00,310.00
328.00,261.00,367.00,261.00,367.00,312.00,328.00,312.00
316.00,262.00,354.00,262.00,354.00,311.00,316.00,311.00
304.00,263.00,343.00,263.00,343.00,314.00,304.00,314.00
298.00,263.00,334.00,263.00,334.00,313.00,298.00,313.00
288.00,262.00,324.00,262.00,324.00,314.00,288.00,314.00
282.00,263.00,315.00,263.00,315.00,313.00,282.00,313.00
277.00,263.00,309.00,263.00,309.00,315.00,277.00,315.00
275.00,266.00,308.00,266.00,308.00,316.00,275.00,316.00
272.00,268.00,306.00,268.00,306.00,317.00,272.00,317.00
263.00,271.00,295.00,271.00,295.00,321.00,263.00,321.00
256.00,273.00,289.00,273.00,289.00,324.00,256.00,324.00
251.00,276.00,286.00,276.00,286.00,327.00,251.00,327.00
245.00,281.00,281.00,281.00,281.00,329.00,245.00,329.00
231.00,283.00,267.00,283.00,267.00,335.00,231.00,335.00
224.00,288.00,260.00,288.00,260.00,340.00,224.00,340.00
213.00,290.00,250.00,290.00,250.00,341.00,213.00,341.00
204.00,293.00,241.00,293.00,241.00,342.00,204.00,342.00
193.00,294.00,228.00,294.00,228.00,343.00,193.00,343.00
182.00,297.00,218.00,297.00,218.00,345.00,182.00,345.00
172.00,297.00,205.00,297.00,205.00,345.00,172.00,345.00
162.00,295.00,193.00,295.00,193.00,343.00,162.00,343.00
160.00,295.00,189.00,295.00,189.00,340.00,160.00,340.00
164.00,295.00,194.00,295.00,194.00,341.00,164.00,341.00
176.00,300.00,206.00,300.00,206.00,349.00,176.00,349.00
171.00,295.00,209.00,295.00,209.00,346.00,171.00,346.00
172.00,310.00,205.00,310.00,205.00,356.00,172.00,356.00
160.00,332.00,194.00,332.00,194.00,380.00,160.00,380.00
166.00,326.00,197.00,326.00,197.00,375.00,166.00,375.00
167.00,329.00,200.00,329.00,200.00,378.00,167.00,378.00
2
0
0
0
0
1
234.00,306.00,266.00,306.00,266.00,346.00,234.00,346.00
238.00,304.00,268.00,304.00,268.00,344.00,238.00,344.00
242.00,301.00,270.00,301.00,270.00,341.00,242.00,341.00
245.00,299.00,273.00,299.00,273.00,337.00,245.00,337.00
248.00,298.00,276.00,298.00,276.00,336.00,248.00,336.00
250.00,294.00,282.00,294.00,282.00,334.00,250.00,334.00
258.00,293.00,286.00,293.00,286.00,333.00,258.00,333.00
262.00,293.00,288.00,293.00,288.00,330.00,262.00,330.00
270.00,293.00,295.00,293.00,295.00,329.00,270.00,329.00
275.00,292.00,305.00,292.00,305.00,330.00,275.00,330.00
281.00,297.00,308.00,297.00,308.00,331.00,281.00,331.00
285.00,298.00,316.00,298.00,316.00,333.00,285.00,333.00
294.00,297.00,325.00,297.00,325.00,331.00,294.00,331.00
298.00,295.00,327.00,295.00,327.00,329.00,298.00,329.00
306.00,295.00,336.00,295.00,336.00,330.00,306.00,330.00
312.00,294.00,342.00,294.00,342.00,329.00,312.00,329.00
314.00,293.00,344.00,293.00,344.00,330.00,314.00,330.00
318.00,293.00,349.00,293.00,349.00,330.00,318.00,330.00
315.00,292.00,346.00,292.00,346.00,330.00,315.00,330.00
307.00,294.00,338.00,294.00,338.00,332.00,307.00,332.00
317.00,296.00,348.00,296.00,348.00,334.00,317.00,334.00
326.00,300.00,358.00,300.00,358.00,338.00,326.00,338.00
339.00,302.00,371.00,302.00,371.00,340.00,339.00,340.00
352.00,297.00,384.00,297.00,384.00,335.00,352.00,335.00
365.00,292.00,390.00,292.00,390.00,331.00,365.00,331.00
367.00,296.00,391.00,296.00,391.00,335.00,367.00,335.00
372.00,297.00,397.00,297.00,397.00,335.00,372.00,335.00
376.00,298.00,407.00,298.00,407.00,335.00,376.00,335.00
378.00,297.00,405.00,297.00,405.00,333.00,378.00,333.00
370.00,301.00,402.00,301.00,402.00,339.00,370.00,339.00
367.00,301.00,399.00,301.00,399.00,339.00,367.00,339.00
372.00,299.00,400.00,299.00,400.00,331.00,372.00,331.00
384.00,287.00,415.00,287.00,415.00,324.00,384.00,324.00
2
0
0
0
0
1
382.00,290.00,404.00,290.00,404.00,329.00,382.00,329.00
383.00,290.00,406.00,290.00,406.00,330.00,383.00,330.00
384.00,291.00,407.00,291.00,407.00,329.00,384.00,329.00
385.00,290.00,408.00,290.00,408.00,329.00,385.00,329.00
385.00,290.00,407.00,290.00,407.00,329.00,385.00,329.00
383.00,289.00,406.00,289.00,406.00,328.00,383.00,328.00
382.00,288.00,405.00,288.00,405.00,327.00,382.00,327.00
381.00,288.00,403.00,288.00,403.00,328.00,381.00,328.00
379.00,287.00,402.00,287.00,402.00,328.00,379.00,328.00
380.00,287.00,401.00,287.00,401.00,328.00,380.00,328.00
380.00,288.00,400.00,288.00,400.00,327.00,380.00,327.00
380.00,288.00,401.00,288.00,401.00,328.00,380.00,328.00
380.00,289.00,401.00,289.00,401.00,327.00,380.00,327.00
380.00,290.00,399.00,290.00,399.00,327.00,380.00,327.00
379.00,290.00,399.00,290.00,399.00,325.00,379.00,325.00
371.00,285.00,394.00,285.00,394.00,324.00,371.00,324.00
2
0
0
0
0
1
367.00,297.00,391.00,297.00,391.00,329.00,367.00,329.00
366.00,298.00,390.00,298.00,390.00,330.00,366.00,330.00
364.00,299.00,390.00,299.00,390.00,332.00,364.00,332.00
362.00,300.00,387.00,300.00,387.00,331.00,362.00,331.00
357.00,298.00,382.00,298.00,382.00,330.00,357.00,330.00
351.00,296.00,378.00,296.00,378.00,328.00,351.00,328.00
344.00,296.00,370.00,296.00,370.00,325.00,344.00,325.00
338.00,290.00,362.00,290.00,362.00,326.00,338.00,326.00
319.00,289.00,343.00,289.00,343.00,325.00,319.00,325.00
305.00,291.00,328.00,291.00,328.00,326.00,305.00,326.00
301.00,287.00,324.00,287.00,324.00,322.00,301.00,322.00
295.00,287.00,318.00,287.00,318.00,322.00,295.00,322.00
277.00,290.00,300.00,290.00,300.00,325.00,277.00,325.00
268.00,293.00,291.00,293.00,291.00,328.00,268.00,328.00
255.00,296.00,282.00,296.00,282.00,330.00,255.00,330.00
248.00,296.00,271.00,296.00,271.00,331.00,248.00,331.00
236.00,301.00,259.00,301.00,259.00,337.00,236.00,337.00
225.00,295.00,248.00,295.00,248.00,331.00,225.00,331.00
222.00,296.00,245.00,296.00,245.00,333.00,222.00,333.00
218.00,295.00,241.00,295.00,241.00,333.00,218.00,333.00
207.00,293.00,231.00,293.00,231.00,332.00,207.00,332.00
200.00,295.00,224.00,295.00,224.00,335.00,200.00,335.00
186.00,295.00,209.00,295.00,209.00,334.00,186.00,334.00
184.00,297.00,207.00,297.00,207.00,336.00,184.00,336.00
173.00,294.00,196.00,294.00,196.00,334.00,173.00,334.00
171.00,300.00,198.00,300.00,198.00,339.00,171.00,339.00
172.00,302.00,196.00,302.00,196.00,338.00,172.00,338.00
168.00,300.00,193.00,300.00,193.00,336.00,168.00,336.00
161.00,299.00,187.00,299.00,187.00,334.00,161.00,334.00
162.00,299.00,188.00,299.00,188.00,334.00,162.00,334.00
2
0
0
0
0
1
139.00,296.00,163.00,296.00,163.00,348.00,139.00,348.00
138.00,295.00,162.00,295.00,162.00,347.00,138.00,347.00
138.00,296.00,161.00,296.00,161.00,345.00,138.00,345.00
138.00,298.00,161.00,298.00,161.00,346.00,138.00,346.00
139.00,296.00,162.00,296.00,162.00,350.00,139.00,350.00
139.00,297.00,161.00,297.00,161.00,350.00,139.00,350.00
137.00,296.00,158.00,296.00,158.00,353.00,137.00,353.00
135.00,289.00,157.00,289.00,157.00,349.00,135.00,349.00
133.00,289.00,158.00,289.00,158.00,346.00,133.00,346.00
133.00,284.00,160.00,284.00,160.00,340.00,133.00,340.00
133.00,285.00,157.00,285.00,157.00,339.00,133.00,339.00
134.00,284.00,157.00,284.00,157.00,340.00,134.00,340.00
137.00,291.00,162.00,291.00,162.00,350.00,137.00,350.00
137.00,293.00,162.00,293.00,162.00,350.00,137.00,350.00
131.00,292.00,155.00,292.00,155.00,350.00,131.00,350.00
129.00,282.00,153.00,282.00,153.00,337.00,129.00,337.00
125.00,281.00,150.00,281.00,150.00,338.00,125.00,338.00
122.00,283.00,150.00,283.00,150.00,344.00,122.00,344.00
