1
141.00,27.00,171.00,27.00,171.00,151.00,141.00,151.00
141.00,26.00,171.00,26.00,171.00,149.00,141.00,149.00
140.00,25.00,170.00,25.00,170.00,149.00,140.00,149.00
140.00,26.00,170.00,26.00,170.00,150.00,140.00,150.00
140.00,26.00,170.00,26.00,170.00,150.00,140.00,150.00
139.00,27.00,169.00,27.00,169.00,151.00,139.00,151.00
138.00,27.00,168.00,27.00,168.00,151.00,138.00,151.00
137.00,27.00,167.00,27.00,167.00,151.00,137.00,151.00
137.00,28.00,167.00,28.00,167.00,152.00,137.00,152.00
137.00,29.00,167.00,29.00,167.00,152.00,137.00,152.00
136.00,29.00,166.00,29.00,166.00,153.00,136.00,153.00
136.00,29.00,166.00,29.00,166.00,153.00,136.00,153.00
135.00,30.00,165.00,30.00,165.00,154.00,135.00,154.00
135.00,31.00,165.00,31.00,165.00,155.00,135.00,155.00
134.00,32.00,164.00,32.00,164.00,155.00,134.00,155.00
134.00,32.00,164.00,32.00,164.00,155.00,134.00,155.00
133.00,31.00,163.00,31.00,163.00,155.00,133.00,155.00
133.00,31.00,163.00,31.00,163.00,156.00,133.00,156.00
134.00,31.00,164.00,31.00,164.00,154.00,134.00,154.00
134.00,31.00,164.00,31.00,164.00,154.00,134.00,154.00
134.00,30.00,163.00,30.00,163.00,153.00,134.00,153.00
135.00,30.00,165.00,30.00,165.00,154.00,135.00,154.00
135.00,30.00,165.00,30.00,165.00,153.00,135.00,153.00
135.00,29.00,165.00,29.00,165.00,153.00,135.00,153.00
136.00,30.00,166.00,30.00,166.00,153.00,136.00,153.00
137.00,29.00,167.00,29.00,167.00,152.00,137.00,152.00
137.00,30.00,166.00,30.00,166.00,152.00,137.00,152.00
137.00,30.00,166.00,30.00,166.00,152.00,137.00,152.00
138.00,30.00,168.00,30.00,168.00,153.00,138.00,153.00
138.00,30.00,168.00,30.00,168.00,154.00,138.00,154.00
138.00,31.00,168.00,31.00,168.00,154.00,138.00,154.00
139.00,31.00,169.00,31.00,169.00,155.00,139.00,155.00
139.00,32.00,169.00,32.00,169.00,155.00,139.00,155.00
138.00,33.00,168.00,33.00,168.00,156.00,138.00,156.00
137.00,33.00,168.00,33.00,168.00,156.00,137.00,156.00
137.00,34.00,168.00,34.00,168.00,156.00,137.00,156.00
137.00,34.00,168.00,34.00,168.00,156.00,137.00,156.00
136.00,34.00,167.00,34.00,167.00,157.00,136.00,157.00
136.00,33.00,166.00,33.00,166.00,156.00,136.00,156.00
135.00,34.00,166.00,34.00,166.00,156.00,135.00,156.00
134.00,34.00,164.00,34.00,164.00,157.00,134.00,157.00
134.00,34.00,165.00,34.00,165.00,156.00,134.00,156.00
134.00,34.00,164.00,34.00,164.00,156.00,134.00,156.00
134.00,35.00,164.00,35.00,164.00,157.00,134.00,157.00
134.00,35.00,164.00,35.00,164.00,157.00,134.00,157.00
134.00,35.00,164.00,35.00,164.00,158.00,134.00,158.00
134.00,35.00,165.00,35.00,165.00,157.00,134.00,157.00
135.00,35.00,165.00,35.00,165.00,157.00,135.00,157.00
134.00,36.00,164.00,36.00,164.00,159.00,134.00,159.00
135.00,36.00,165.00,36.00,165.00,159.00,135.00,159.00
135.00,36.00,165.00,36.00,165.00,160.00,135.00,160.00
134.00,36.00,164.00,36.00,164.00,158.00,134.00,158.00
134.00,36.00,164.00,36.00,164.00,159.00,134.00,159.00
134.00,37.00,164.00,37.00,164.00,159.00,134.00,159.00
134.00,37.00,164.00,37.00,164.00,159.00,134.00,159.00
133.00,36.00,163.00,36.00,163.00,158.00,133.00,158.00
133.00,36.00,163.00,36.00,163.00,159.00,133.00,159.00
134.00,37.00,164.00,37.00,164.00,160.00,134.00,160.00
135.00,36.00,164.00,36.00,164.00,158.00,135.00,158.00
135.00,36.00,164.00,36.00,164.00,158.00,135.00,158.00
136.00,35.00,165.00,35.00,165.00,158.00,136.00,158.00
136.00,35.00,165.00,35.00,165.00,158.00,136.00,158.00
137.00,35.00,166.00,35.00,166.00,158.00,137.00,158.00
137.00,34.00,167.00,34.00,167.00,157.00,137.00,157.00
138.00,35.00,167.00,35.00,167.00,158.00,138.00,158.00
139.00,37.00,167.00,37.00,167.00,158.00,139.00,158.00
139.00,37.00,167.00,37.00,167.00,157.00,139.00,157.00
139.00,38.00,169.00,38.00,169.00,156.00,139.00,156.00
139.00,38.00,169.00,38.00,169.00,156.00,139.00,156.00
140.00,39.00,169.00,39.00,169.00,155.00,140.00,155.00
139.00,40.00,170.00,40.00,170.00,155.00,139.00,155.00
139.00,39.00,170.00,39.00,170.00,156.00,139.00,156.00
139.00,42.00,169.00,42.00,169.00,155.00,139.00,155.00
137.00,45.00,168.00,45.00,168.00,155.00,137.00,155.00
135.00,45.00,167.00,45.00,167.00,154.00,135.00,154.00
132.00,44.00,165.00,44.00,165.00,152.00,132.00,152.00
126.00,44.00,159.00,44.00,159.00,151.00,126.00,151.00
123.00,44.00,157.00,44.00,157.00,150.00,123.00,150.00
116.00,44.00,150.00,44.00,150.00,148.00,116.00,148.00
110.00,43.00,144.00,43.00,144.00,147.00,110.00,147.00
108.00,42.00,142.00,42.00,142.00,147.00,108.00,147.00
104.00,40.00,139.00,40.00,139.00,146.00,104.00,146.00
99.00,42.00,133.00,42.00,133.00,145.00,99.00,145.00
100.00,43.00,133.00,43.00,133.00,145.00,100.00,145.00
100.00,41.00,132.00,41.00,132.00,141.00,100.00,141.00
96.00,43.00,129.00,43.00,129.00,139.00,96.00,139.00
97.00,45.00,128.00,45.00,128.00,139.00,97.00,139.00
103.00,47.00,134.00,47.00,134.00,140.00,103.00,140.00
112.00,36.00,142.00,36.00,142.00,146.00,112.00,146.00
112.00,50.00,142.00,50.00,142.00,136.00,112.00,136.00
113.00,45.00,145.00,45.00,145.00,132.00,113.00,132.00
114.00,49.00,146.00,49.00,146.00,136.00,114.00,136.00
125.00,46.00,156.00,46.00,156.00,136.00,125.00,136.00
132.00,44.00,162.00,44.00,162.00,136.00,132.00,136.00
133.00,40.00,165.00,40.00,165.00,134.00,133.00,134.00
137.00,38.00,168.00,38.00,168.00,133.00,137.00,133.00
132.00,39.00,167.00,39.00,167.00,135.00,132.00,135.00
128.00,42.00,162.00,42.00,162.00,131.00,128.00,131.00
125.00,41.00,159.00,41.00,159.00,127.00,125.00,127.00
131.00,17.00,160.00,17.00,160.00,123.00,131.00,123.00
131.00,23.00,162.00,23.00,162.00,114.00,131.00,114.00
131.00,30.00,160.00,30.00,160.00,120.00,131.00,120.00
135.00,35.00,164.00,35.00,164.00,125.00,135.00,125.00
134.00,38.00,162.00,38.00,162.00,131.00,134.00,131.00
132.00,40.00,162.00,40.00,162.00,132.00,132.00,132.00
127.00,45.00,159.00,45.00,159.00,136.00,127.00,136.00
134.00,45.00,165.00,45.00,165.00,130.00,134.00,130.00
131.00,48.00,162.00,48.00,162.00,132.00,131.00,132.00
137.00,44.00,166.00,44.00,166.00,130.00,137.00,130.00
142.00,36.00,171.00,36.00,171.00,126.00,142.00,126.00
143.00,43.00,171.00,43.00,171.00,128.00,143.00,128.00
144.00,44.00,173.00,44.00,173.00,131.00,144.00,131.00
142.00,40.00,171.00,40.00,171.00,132.00,142.00,132.00
138.00,44.00,171.00,44.00,171.00,138.00,138.00,138.00
140.00,51.00,171.00,51.00,171.00,145.00,140.00,145.00
141.00,49.00,172.00,49.00,172.00,146.00,141.00,146.00
139.00,48.00,168.00,48.00,168.00,144.00,139.00,144.00
138.00,47.00,167.00,47.00,167.00,140.00,138.00,140.00
139.00,44.00,168.00,44.00,168.00,139.00,139.00,139.00
138.00,45.00,168.00,45.00,168.00,140.00,138.00,140.00
136.00,49.00,168.00,49.00,168.00,147.00,136.00,147.00
137.00,48.00,167.00,48.00,167.00,144.00,137.00,144.00
133.00,55.00,162.00,55.00,162.00,149.00,133.00,149.00
139.00,53.00,169.00,53.00,169.00,141.00,139.00,141.00
143.00,52.00,171.00,52.00,171.00,139.00,143.00,139.00
143.00,52.00,171.00,52.00,171.00,139.00,143.00,139.00
143.00,53.00,171.00,53.00,171.00,140.00,143.00,140.00
142.00,51.00,171.00,51.00,171.00,138.00,142.00,138.00
140.00,55.00,170.00,55.00,170.00,141.00,140.00,141.00
139.00,58.00,168.00,58.00,168.00,144.00,139.00,144.00
139.00,62.00,168.00,62.00,168.00,150.00,139.00,150.00
139.00,67.00,168.00,67.00,168.00,158.00,139.00,158.00
137.00,71.00,164.00,71.00,164.00,168.00,137.00,168.00
140.00,76.00,168.00,76.00,168.00,177.00,140.00,177.00
141.00,76.00,169.00,76.00,169.00,176.00,141.00,176.00
138.00,81.00,167.00,81.00,167.00,184.00,138.00,184.00
136.00,82.00,162.00,82.00,162.00,183.00,136.00,183.00
133.00,73.00,159.00,73.00,159.00,174.00,133.00,174.00
129.00,64.00,155.00,64.00,155.00,164.00,129.00,164.00
2
0
0
0
0
1
135.00,0.00,205.00,0.00,205.00,132.00,135.00,132.00
138.00,3.00,203.00,3.00,203.00,133.00,138.00,133.00
140.00,13.00,200.00,13.00,200.00,137.00,140.00,137.00
141.00,30.00,222.00,30.00,222.00,158.00,141.00,158.00
138.00,34.00,218.00,34.00,218.00,161.00,138.00,161.00
134.00,46.00,213.00,46.00,213.00,171.00,134.00,171.00
161.00,59.00,239.00,59.00,239.00,183.00,161.00,183.00
155.00,63.00,234.00,63.00,234.00,188.00,155.00,188.00
148.00,68.00,227.00,68.00,227.00,194.00,148.00,194.00
140.00,57.00,215.00,57.00,215.00,163.00,140.00,163.00
138.00,57.00,209.00,57.00,209.00,163.00,138.00,163.00
142.00,65.00,213.00,65.00,213.00,177.00,142.00,177.00
142.00,52.00,214.00,52.00,214.00,161.00,142.00,161.00
139.00,52.00,214.00,52.00,214.00,157.00,139.00,157.00
130.00,41.00,208.00,41.00,208.00,165.00,130.00,165.00
112.00,48.00,191.00,48.00,191.00,152.00,112.00,152.00
106.00,44.00,186.00,44.00,186.00,147.00,106.00,147.00
100.00,23.00,179.00,23.00,179.00,149.00,100.00,149.00
101.00,14.00,185.00,14.00,185.00,116.00,101.00,116.00
115.00,12.00,193.00,12.00,193.00,113.00,115.00,113.00
127.00,10.00,196.00,10.00,196.00,111.00,127.00,111.00
120.00,14.00,196.00,14.00,196.00,112.00,120.00,112.00
122.00,11.00,196.00,11.00,196.00,112.00,122.00,112.00
126.00,16.00,194.00,16.00,194.00,112.00,126.00,112.00
135.00,16.00,198.00,16.00,198.00,117.00,135.00,117.00
140.00,17.00,200.00,17.00,200.00,117.00,140.00,117.00
145.00,15.00,204.00,15.00,204.00,118.00,145.00,118.00
151.00,21.00,208.00,21.00,208.00,120.00,151.00,120.00
151.00,21.00,212.00,21.00,212.00,119.00,151.00,119.00
150.00,28.00,217.00,28.00,217.00,121.00,150.00,121.00
146.00,31.00,214.00,31.00,214.00,119.00,146.00,119.00
147.00,31.00,217.00,31.00,217.00,117.00,147.00,117.00
149.00,36.00,218.00,36.00,218.00,145.00,149.00,145.00
143.00,35.00,210.00,35.00,210.00,115.00,143.00,115.00
141.00,35.00,208.00,35.00,208.00,116.00,141.00,116.00
142.00,33.00,208.00,33.00,208.00,121.00,142.00,121.00
149.00,34.00,213.00,34.00,213.00,127.00,149.00,127.00
151.00,34.00,215.00,34.00,215.00,125.00,151.00,125.00
151.00,40.00,215.00,40.00,215.00,133.00,151.00,133.00
153.00,47.00,218.00,47.00,218.00,142.00,153.00,142.00
151.00,46.00,216.00,46.00,216.00,140.00,151.00,140.00
155.00,49.00,221.00,49.00,221.00,140.00,155.00,140.00
155.00,49.00,222.00,49.00,222.00,142.00,155.00,142.00
154.00,47.00,224.00,47.00,224.00,140.00,154.00,140.00
152.00,44.00,217.00,44.00,217.00,136.00,152.00,136.00
154.00,46.00,219.00,46.00,219.00,137.00,154.00,137.00
154.00,45.00,220.00,45.00,220.00,137.00,154.00,137.00
155.00,43.00,220.00,43.00,220.00,133.00,155.00,133.00
155.00,43.00,221.00,43.00,221.00,131.00,155.00,131.00
157.00,41.00,224.00,41.00,224.00,128.00,157.00,128.00
157.00,44.00,222.00,44.00,222.00,133.00,157.00,133.00
158.00,43.00,222.00,43.00,222.00,131.00,158.00,131.00
161.00,43.00,226.00,43.00,226.00,132.00,161.00,132.00
162.00,42.00,227.00,42.00,227.00,131.00,162.00,131.00
165.00,42.00,229.00,42.00,229.00,130.00,165.00,130.00
166.00,40.00,231.00,40.00,231.00,128.00,166.00,128.00
162.00,40.00,225.00,40.00,225.00,127.00,162.00,127.00
161.00,39.00,224.00,39.00,224.00,125.00,161.00,125.00
157.00,42.00,218.00,42.00,218.00,127.00,157.00,127.00
159.00,43.00,220.00,43.00,220.00,130.00,159.00,130.00
156.00,41.00,219.00,41.00,219.00,127.00,156.00,127.00
156.00,43.00,218.00,43.00,218.00,129.00,156.00,129.00
156.00,43.00,218.00,43.00,218.00,128.00,156.00,128.00
155.00,44.00,218.00,44.00,218.00,129.00,155.00,129.00
153.00,45.00,217.00,45.00,217.00,131.00,153.00,131.00
154.00,40.00,214.00,40.00,214.00,126.00,154.00,126.00
153.00,42.00,213.00,42.00,213.00,129.00,153.00,129.00
158.00,42.00,217.00,42.00,217.00,129.00,158.00,129.00
158.00,42.00,215.00,42.00,215.00,127.00,158.00,127.00
162.00,42.00,220.00,42.00,220.00,128.00,162.00,128.00
160.00,43.00,218.00,43.00,218.00,131.00,160.00,131.00
166.00,37.00,222.00,37.00,222.00,125.00,166.00,125.00
165.00,36.00,219.00,36.00,219.00,124.00,165.00,124.00
164.00,39.00,218.00,39.00,218.00,127.00,164.00,127.00
172.00,31.00,219.00,31.00,219.00,112.00,172.00,112.00
171.00,33.00,220.00,33.00,220.00,115.00,171.00,115.00
172.00,33.00,221.00,33.00,221.00,115.00,172.00,115.00
173.00,33.00,221.00,33.00,221.00,114.00,173.00,114.00
176.00,30.00,221.00,30.00,221.00,109.00,176.00,109.00
176.00,32.00,220.00,32.00,220.00,109.00,176.00,109.00
176.00,36.00,221.00,36.00,221.00,116.00,176.00,116.00
178.00,39.00,224.00,39.00,224.00,120.00,178.00,120.00
180.00,38.00,223.00,38.00,223.00,116.00,180.00,116.00
181.00,39.00,225.00,39.00,225.00,119.00,181.00,119.00
182.00,41.00,226.00,41.00,226.00,120.00,182.00,120.00
183.00,41.00,226.00,41.00,226.00,120.00,183.00,120.00
186.00,39.00,227.00,39.00,227.00,115.00,186.00,115.00
188.00,38.00,229.00,38.00,229.00,113.00,188.00,113.00
188.00,40.00,228.00,40.00,228.00,116.00,188.00,116.00
188.00,43.00,229.00,43.00,229.00,119.00,188.00,119.00
189.00,40.00,228.00,40.00,228.00,114.00,189.00,114.00
189.00,41.00,229.00,41.00,229.00,116.00,189.00,116.00
190.00,40.00,228.00,40.00,228.00,114.00,190.00,114.00
190.00,43.00,229.00,43.00,229.00,118.00,190.00,118.00
190.00,41.00,229.00,41.00,229.00,115.00,190.00,115.00
190.00,43.00,230.00,43.00,230.00,119.00,190.00,119.00
192.00,41.00,231.00,41.00,231.00,115.00,192.00,115.00
192.00,42.00,231.00,42.00,231.00,117.00,192.00,117.00
192.00,44.00,230.00,44.00,230.00,117.00,192.00,117.00
192.00,45.00,231.00,45.00,231.00,119.00,192.00,119.00
192.00,42.00,230.00,42.00,230.00,115.00,192.00,115.00
193.00,43.00,231.00,43.00,231.00,117.00,193.00,117.00
192.00,43.00,230.00,43.00,230.00,118.00,192.00,118.00
193.00,41.00,232.00,41.00,232.00,117.00,193.00,117.00
192.00,43.00,230.00,43.00,230.00,118.00,192.00,118.00
192.00,43.00,231.00,43.00,231.00,119.00,192.00,119.00
193.00,45.00,232.00,45.00,232.00,120.00,193.00,120.00
193.00,45.00,232.00,45.00,232.00,118.00,193.00,118.00
193.00,44.00,230.00,44.00,230.00,116.00,193.00,116.00
194.00,44.00,231.00,44.00,231.00,115.00,194.00,115.00
192.00,47.00,229.00,47.00,229.00,119.00,192.00,119.00
192.00,46.00,231.00,46.00,231.00,117.00,192.00,117.00
191.00,48.00,230.00,48.00,230.00,120.00,191.00,120.00
190.00,49.00,230.00,49.00,230.00,121.00,190.00,121.00
188.00,47.00,227.00,47.00,227.00,120.00,188.00,120.00
187.00,49.00,227.00,49.00,227.00,122.00,187.00,122.00
187.00,49.00,227.00,49.00,227.00,121.00,187.00,121.00
186.00,48.00,226.00,48.00,226.00,119.00,186.00,119.00
184.00,50.00,224.00,50.00,224.00,123.00,184.00,123.00
184.00,47.00,223.00,47.00,223.00,119.00,184.00,119.00
183.00,48.00,223.00,48.00,223.00,122.00,183.00,122.00
184.00,49.00,224.00,49.00,224.00,121.00,184.00,121.00
184.00,48.00,224.00,48.00,224.00,121.00,184.00,121.00
183.00,49.00,223.00,49.00,223.00,122.00,183.00,122.00
183.00,47.00,222.00,47.00,222.00,119.00,183.00,119.00
184.00,49.00,224.00,49.00,224.00,121.00,184.00,121.00
183.00,48.00,222.00,48.00,222.00,121.00,183.00,121.00
182.00,52.00,222.00,52.00,222.00,126.00,182.00,126.00
183.00,52.00,223.00,52.00,223.00,126.00,183.00,126.00
183.00,50.00,222.00,50.00,222.00,123.00,183.00,123.00
183.00,53.00,223.00,53.00,223.00,125.00,183.00,125.00
184.00,53.00,223.00,53.00,223.00,125.00,184.00,125.00
184.00,54.00,222.00,54.00,222.00,125.00,184.00,125.00
183.00,55.00,222.00,55.00,222.00,127.00,183.00,127.00
184.00,56.00,224.00,56.00,224.00,127.00,184.00,127.00
183.00,56.00,223.00,56.00,223.00,127.00,183.00,127.00
184.00,55.00,223.00,55.00,223.00,126.00,184.00,126.00
184.00,54.00,223.00,54.00,223.00,124.00,184.00,124.00
184.00,54.00,223.00,54.00,223.00,124.00,184.00,124.00
184.00,55.00,223.00,55.00,223.00,125.00,184.00,125.00
185.00,57.00,224.00,57.00,224.00,127.00,185.00,127.00
186.00,55.00,224.00,55.00,224.00,124.00,186.00,124.00
186.00,57.00,224.00,57.00,224.00,127.00,186.00,127.00
185.00,55.00,223.00,55.00,223.00,126.00,185.00,126.00
185.00,55.00,223.00,55.00,223.00,126.00,185.00,126.00
186.00,53.00,225.00,53.00,225.00,123.00,186.00,123.00
187.00,51.00,225.00,51.00,225.00,122.00,187.00,122.00
187.00,53.00,225.00,53.00,225.00,125.00,187.00,125.00
187.00,55.00,226.00,55.00,226.00,126.00,187.00,126.00
188.00,53.00,226.00,53.00,226.00,125.00,188.00,125.00
188.00,55.00,226.00,55.00,226.00,126.00,188.00,126.00
188.00,53.00,226.00,53.00,226.00,124.00,188.00,124.00
189.00,52.00,227.00,52.00,227.00,125.00,189.00,125.00
188.00,52.00,226.00,52.00,226.00,125.00,188.00,125.00
188.00,50.00,227.00,50.00,227.00,123.00,188.00,123.00
188.00,51.00,227.00,51.00,227.00,124.00,188.00,124.00
187.00,52.00,225.00,52.00,225.00,124.00,187.00,124.00
187.00,50.00,226.00,50.00,226.00,121.00,187.00,121.00
187.00,50.00,225.00,50.00,225.00,122.00,187.00,122.00
186.00,50.00,225.00,50.00,225.00,122.00,186.00,122.00
186.00,51.00,225.00,51.00,225.00,123.00,186.00,123.00
186.00,50.00,224.00,50.00,224.00,121.00,186.00,121.00
185.00,49.00,224.00,49.00,224.00,119.00,185.00,119.00
185.00,51.00,225.00,51.00,225.00,122.00,185.00,122.00
184.00,50.00,224.00,50.00,224.00,121.00,184.00,121.00
184.00,50.00,224.00,50.00,224.00,123.00,184.00,123.00
184.00,49.00,223.00,49.00,223.00,120.00,184.00,120.00
183.00,50.00,222.00,50.00,222.00,119.00,183.00,119.00
181.00,50.00,220.00,50.00,220.00,118.00,181.00,118.00
182.00,50.00,222.00,50.00,222.00,117.00,182.00,117.00
182.00,51.00,222.00,51.00,222.00,117.00,182.00,117.00
179.00,51.00,219.00,51.00,219.00,115.00,179.00,115.00
178.00,51.00,218.00,51.00,218.00,114.00,178.00,114.00
177.00,54.00,218.00,54.00,218.00,116.00,177.00,116.00
177.00,58.00,222.00,58.00,222.00,123.00,177.00,123.00
173.00,58.00,217.00,58.00,217.00,121.00,173.00,121.00
168.00,60.00,213.00,60.00,213.00,124.00,168.00,124.00
169.00,64.00,214.00,64.00,214.00,131.00,169.00,131.00
167.00,62.00,213.00,62.00,213.00,127.00,167.00,127.00
165.00,63.00,210.00,63.00,210.00,130.00,165.00,130.00
163.00,61.00,209.00,61.00,209.00,126.00,163.00,126.00
159.00,60.00,206.00,60.00,206.00,126.00,159.00,126.00
157.00,58.00,202.00,58.00,202.00,123.00,157.00,123.00
154.00,57.00,200.00,57.00,200.00,121.00,154.00,121.00
152.00,55.00,198.00,55.00,198.00,120.00,152.00,120.00
152.00,56.00,199.00,56.00,199.00,124.00,152.00,124.00
154.00,56.00,199.00,56.00,199.00,124.00,154.00,124.00
154.00,55.00,200.00,55.00,200.00,124.00,154.00,124.00
152.00,56.00,199.00,56.00,199.00,125.00,152.00,125.00
149.00,54.00,197.00,54.00,197.00,123.00,149.00,123.00
148.00,52.00,196.00,52.00,196.00,120.00,148.00,120.00
143.00,53.00,188.00,53.00,188.00,121.00,143.00,121.00
138.00,55.00,184.00,55.00,184.00,125.00,138.00,125.00
138.00,49.00,185.00,49.00,185.00,120.00,138.00,120.00
138.00,48.00,183.00,48.00,183.00,120.00,138.00,120.00
139.00,47.00,184.00,47.00,184.00,116.00,139.00,116.00
138.00,48.00,183.00,48.00,183.00,116.00,138.00,116.00
138.00,50.00,184.00,50.00,184.00,120.00,138.00,120.00
141.00,53.00,188.00,53.00,188.00,124.00,141.00,124.00
138.00,51.00,182.00,51.00,182.00,120.00,138.00,120.00
140.00,46.00,182.00,46.00,182.00,114.00,140.00,114.00
140.00,45.00,183.00,45.00,183.00,115.00,140.00,115.00
140.00,42.00,185.00,42.00,185.00,111.00,140.00,111.00
141.00,41.00,185.00,41.00,185.00,109.00,141.00,109.00
144.00,40.00,186.00,40.00,186.00,107.00,144.00,107.00
145.00,40.00,187.00,40.00,187.00,108.00,145.00,108.00
149.00,41.00,192.00,41.00,192.00,108.00,149.00,108.00
153.00,41.00,196.00,41.00,196.00,108.00,153.00,108.00
154.00,40.00,197.00,40.00,197.00,107.00,154.00,107.00
158.00,43.00,200.00,43.00,200.00,110.00,158.00,110.00
161.00,41.00,201.00,41.00,201.00,107.00,161.00,107.00
164.00,43.00,204.00,43.00,204.00,109.00,164.00,109.00
167.00,41.00,205.00,41.00,205.00,106.00,167.00,106.00
170.00,39.00,207.00,39.00,207.00,106.00,170.00,106.00
171.00,40.00,206.00,40.00,206.00,105.00,171.00,105.00
171.00,41.00,209.00,41.00,209.00,107.00,171.00,107.00
171.00,42.00,213.00,42.00,213.00,110.00,171.00,110.00
171.00,43.00,214.00,43.00,214.00,111.00,171.00,111.00
170.00,48.00,217.00,48.00,217.00,119.00,170.00,119.00
169.00,53.00,216.00,53.00,216.00,122.00,169.00,122.00
171.00,56.00,219.00,56.00,219.00,124.00,171.00,124.00
171.00,57.00,217.00,57.00,217.00,123.00,171.00,123.00
172.00,64.00,217.00,64.00,217.00,128.00,172.00,128.00
175.00,66.00,221.00,66.00,221.00,130.00,175.00,130.00
180.00,69.00,227.00,69.00,227.00,133.00,180.00,133.00
185.00,62.00,233.00,62.00,233.00,130.00,185.00,130.00
187.00,59.00,234.00,59.00,234.00,128.00,187.00,128.00
190.00,51.00,235.00,51.00,235.00,124.00,190.00,124.00
194.00,44.00,235.00,44.00,235.00,120.00,194.00,120.00
193.00,43.00,233.00,43.00,233.00,118.00,193.00,118.00
190.00,44.00,231.00,44.00,231.00,118.00,190.00,118.00
188.00,46.00,231.00,46.00,231.00,119.00,188.00,119.00
187.00,44.00,230.00,44.00,230.00,117.00,187.00,117.00
184.00,41.00,229.00,41.00,229.00,117.00,184.00,117.00
181.00,46.00,230.00,46.00,230.00,117.00,181.00,117.00
182.00,48.00,232.00,48.00,232.00,117.00,182.00,117.00
181.00,47.00,230.00,47.00,230.00,111.00,181.00,111.00
179.00,52.00,226.00,52.00,226.00,113.00,179.00,113.00
179.00,55.00,224.00,55.00,224.00,117.00,179.00,117.00
182.00,52.00,226.00,52.00,226.00,116.00,182.00,116.00
185.00,51.00,226.00,51.00,226.00,117.00,185.00,117.00
186.00,48.00,226.00,48.00,226.00,116.00,186.00,116.00
188.00,43.00,227.00,43.00,227.00,112.00,188.00,112.00
188.00,35.00,227.00,35.00,227.00,107.00,188.00,107.00
186.00,27.00,227.00,27.00,227.00,103.00,186.00,103.00
180.00,19.00,225.00,19.00,225.00,96.00,180.00,96.00
174.00,12.00,221.00,12.00,221.00,87.00,174.00,87.00
174.00,8.00,220.00,8.00,220.00,82.00,174.00,82.00
174.00,7.00,221.00,7.00,221.00,81.00,174.00,81.00
176.00,7.00,221.00,7.00,221.00,79.00,176.00,79.00
177.00,6.00,222.00,6.00,222.00,77.00,177.00,77.00
175.00,7.00,221.00,7.00,221.00,79.00,175.00,79.00
176.00,7.00,221.00,7.00,221.00,78.00,176.00,78.00
177.00,8.00,222.00,8.00,222.00,79.00,177.00,79.00
174.00,7.00,220.00,7.00,220.00,79.00,174.00,79.00
169.00,7.00,216.00,7.00,216.00,81.00,169.00,81.00
168.00,6.00,216.00,6.00,216.00,81.00,168.00,81.00
165.00,7.00,213.00,7.00,213.00,83.00,165.00,83.00
167.00,12.00,214.00,12.00,214.00,85.00,167.00,85.00
162.00,10.00,207.00,10.00,207.00,82.00,162.00,82.00
173.00,15.00,218.00,15.00,218.00,84.00,173.00,84.00
172.00,16.00,214.00,16.00,214.00,83.00,172.00,83.00
188.00,9.00,228.00,9.00,228.00,73.00,188.00,73.00
2
0
0
0
0
1
171.00,69.00,189.00,69.00,189.00,119.00,171.00,119.00
171.00,73.00,189.00,73.00,189.00,120.00,171.00,120.00
173.00,74.00,190.00,74.00,190.00,120.00,173.00,120.00
173.00,72.00,190.00,72.00,190.00,118.00,173.00,118.00
173.00,68.00,191.00,68.00,191.00,114.00,173.00,114.00
171.00,60.00,190.00,60.00,190.00,110.00,171.00,110.00
173.00,57.00,192.00,57.00,192.00,107.00,173.00,107.00
177.00,54.00,196.00,54.00,196.00,104.00,177.00,104.00
176.00,53.00,195.00,53.00,195.00,102.00,176.00,102.00
169.00,57.00,188.00,57.00,188.00,106.00,169.00,106.00
160.00,59.00,179.00,59.00,179.00,108.00,160.00,108.00
161.00,60.00,179.00,60.00,179.00,105.00,161.00,105.00
164.00,57.00,179.00,57.00,179.00,104.00,164.00,104.00
163.00,58.00,177.00,58.00,177.00,107.00,163.00,107.00
161.00,59.00,175.00,59.00,175.00,108.00,161.00,108.00
160.00,61.00,174.00,61.00,174.00,109.00,160.00,109.00
155.00,62.00,172.00,62.00,172.00,108.00,155.00,108.00
153.00,60.00,170.00,60.00,170.00,106.00,153.00,106.00
147.00,62.00,164.00,62.00,164.00,107.00,147.00,107.00
141.00,67.00,161.00,67.00,161.00,108.00,141.00,108.00
140.00,68.00,160.00,68.00,160.00,110.00,140.00,110.00
141.00,71.00,158.00,71.00,158.00,113.00,141.00,113.00
141.00,75.00,156.00,75.00,156.00,114.00,141.00,114.00
141.00,75.00,156.00,75.00,156.00,113.00,141.00,113.00
142.00,73.00,157.00,73.00,157.00,112.00,142.00,112.00
143.00,70.00,159.00,70.00,159.00,110.00,143.00,110.00
143.00,69.00,159.00,69.00,159.00,109.00,143.00,109.00
144.00,67.00,161.00,67.00,161.00,108.00,144.00,108.00
145.00,66.00,162.00,66.00,162.00,107.00,145.00,107.00
146.00,65.00,163.00,65.00,163.00,107.00,146.00,107.00
147.00,67.00,164.00,67.00,164.00,108.00,147.00,108.00
150.00,67.00,166.00,67.00,166.00,108.00,150.00,108.00
150.00,67.00,166.00,67.00,166.00,108.00,150.00,108.00
151.00,67.00,168.00,67.00,168.00,108.00,151.00,108.00
152.00,68.00,169.00,68.00,169.00,109.00,152.00,109.00
152.00,69.00,169.00,69.00,169.00,110.00,152.00,110.00
153.00,69.00,170.00,69.00,170.00,110.00,153.00,110.00
153.00,69.00,170.00,69.00,170.00,111.00,153.00,111.00
154.00,69.00,172.00,69.00,172.00,112.00,154.00,112.00
154.00,70.00,171.00,70.00,171.00,112.00,154.00,112.00
155.00,70.00,172.00,70.00,172.00,112.00,155.00,112.00
154.00,70.00,171.00,70.00,171.00,113.00,154.00,113.00
154.00,70.00,172.00,70.00,172.00,113.00,154.00,113.00
154.00,69.00,171.00,69.00,171.00,113.00,154.00,113.00
155.00,70.00,172.00,70.00,172.00,113.00,155.00,113.00
155.00,69.00,173.00,69.00,173.00,112.00,155.00,112.00
154.00,68.00,173.00,68.00,173.00,112.00,154.00,112.00
155.00,67.00,173.00,67.00,173.00,112.00,155.00,112.00
155.00,67.00,173.00,67.00,173.00,112.00,155.00,112.00
155.00,67.00,172.00,67.00,172.00,112.00,155.00,112.00
156.00,67.00,173.00,67.00,173.00,112.00,156.00,112.00
156.00,66.00,174.00,66.00,174.00,112.00,156.00,112.00
155.00,66.00,173.00,66.00,173.00,111.00,155.00,111.00
155.00,65.00,174.00,65.00,174.00,111.00,155.00,111.00
155.00,64.00,174.00,64.00,174.00,112.00,155.00,112.00
156.00,63.00,176.00,63.00,176.00,112.00,156.00,112.00
156.00,63.00,175.00,63.00,175.00,112.00,156.00,112.00
156.00,63.00,176.00,63.00,176.00,112.00,156.00,112.00
156.00,62.00,176.00,62.00,176.00,112.00,156.00,112.00
157.00,63.00,176.00,63.00,176.00,113.00,157.00,113.00
156.00,64.00,175.00,64.00,175.00,114.00,156.00,114.00
157.00,65.00,176.00,65.00,176.00,114.00,157.00,114.00
157.00,66.00,176.00,66.00,176.00,115.00,157.00,115.00
157.00,65.00,176.00,65.00,176.00,115.00,157.00,115.00
158.00,68.00,176.00,68.00,176.00,116.00,158.00,116.00
159.00,69.00,176.00,69.00,176.00,116.00,159.00,116.00
159.00,69.00,177.00,69.00,177.00,116.00,159.00,116.00
159.00,70.00,176.00,70.00,176.00,116.00,159.00,116.00
160.00,70.00,177.00,70.00,177.00,116.00,160.00,116.00
162.00,70.00,178.00,70.00,178.00,118.00,162.00,118.00
160.00,71.00,177.00,71.00,177.00,118.00,160.00,118.00
160.00,71.00,177.00,71.00,177.00,118.00,160.00,118.00
160.00,72.00,177.00,72.00,177.00,119.00,160.00,119.00
160.00,73.00,177.00,73.00,177.00,119.00,160.00,119.00
159.00,73.00,176.00,73.00,176.00,120.00,159.00,120.00
159.00,73.00,176.00,73.00,176.00,120.00,159.00,120.00
159.00,74.00,176.00,74.00,176.00,122.00,159.00,122.00
159.00,74.00,176.00,74.00,176.00,122.00,159.00,122.00
159.00,77.00,176.00,77.00,176.00,124.00,159.00,124.00
159.00,79.00,175.00,79.00,175.00,125.00,159.00,125.00
159.00,78.00,175.00,78.00,175.00,124.00,159.00,124.00
159.00,79.00,175.00,79.00,175.00,125.00,159.00,125.00
159.00,79.00,175.00,79.00,175.00,125.00,159.00,125.00
159.00,79.00,176.00,79.00,176.00,125.00,159.00,125.00
159.00,78.00,176.00,78.00,176.00,125.00,159.00,125.00
159.00,79.00,175.00,79.00,175.00,125.00,159.00,125.00
157.00,78.00,174.00,78.00,174.00,125.00,157.00,125.00
156.00,78.00,173.00,78.00,173.00,124.00,156.00,124.00
155.00,79.00,173.00,79.00,173.00,125.00,155.00,125.00
153.00,78.00,171.00,78.00,171.00,125.00,153.00,125.00
153.00,77.00,172.00,77.00,172.00,125.00,153.00,125.00
151.00,76.00,170.00,76.00,170.00,127.00,151.00,127.00
150.00,75.00,168.00,75.00,168.00,127.00,150.00,127.00
149.00,76.00,167.00,76.00,167.00,128.00,149.00,128.00
148.00,77.00,166.00,77.00,166.00,128.00,148.00,128.00
147.00,77.00,165.00,77.00,165.00,129.00,147.00,129.00
145.00,75.00,162.00,75.00,162.00,130.00,145.00,130.00
143.00,77.00,161.00,77.00,161.00,129.00,143.00,129.00
143.00,80.00,159.00,80.00,159.00,130.00,143.00,130.00
142.00,83.00,158.00,83.00,158.00,130.00,142.00,130.00
143.00,80.00,160.00,80.00,160.00,129.00,143.00,129.00
144.00,76.00,161.00,76.00,161.00,126.00,144.00,126.00
145.00,75.00,162.00,75.00,162.00,126.00,145.00,126.00
146.00,75.00,164.00,75.00,164.00,125.00,146.00,125.00
146.00,74.00,163.00,74.00,163.00,125.00,146.00,125.00
146.00,74.00,164.00,74.00,164.00,126.00,146.00,126.00
149.00,67.00,166.00,67.00,166.00,116.00,149.00,116.00
148.00,68.00,166.00,68.00,166.00,119.00,148.00,119.00
148.00,68.00,167.00,68.00,167.00,121.00,148.00,121.00
149.00,68.00,167.00,68.00,167.00,121.00,149.00,121.00
148.00,68.00,167.00,68.00,167.00,124.00,148.00,124.00
149.00,66.00,167.00,66.00,167.00,120.00,149.00,120.00
147.00,68.00,166.00,68.00,166.00,125.00,147.00,125.00
146.00,70.00,166.00,70.00,166.00,130.00,146.00,130.00
146.00,71.00,165.00,71.00,165.00,129.00,146.00,129.00
146.00,70.00,165.00,70.00,165.00,128.00,146.00,128.00
145.00,69.00,165.00,69.00,165.00,131.00,145.00,131.00
146.00,68.00,165.00,68.00,165.00,130.00,146.00,130.00
144.00,69.00,165.00,69.00,165.00,131.00,144.00,131.00
143.00,69.00,164.00,69.00,164.00,133.00,143.00,133.00
142.00,70.00,164.00,70.00,164.00,135.00,142.00,135.00
143.00,69.00,164.00,69.00,164.00,134.00,143.00,134.00
143.00,68.00,164.00,68.00,164.00,132.00,143.00,132.00
142.00,71.00,164.00,71.00,164.00,134.00,142.00,134.00
142.00,69.00,164.00,69.00,164.00,134.00,142.00,134.00
142.00,71.00,164.00,71.00,164.00,135.00,142.00,135.00
143.00,67.00,165.00,67.00,165.00,133.00,143.00,133.00
144.00,67.00,166.00,67.00,166.00,133.00,144.00,133.00
144.00,67.00,165.00,67.00,165.00,133.00,144.00,133.00
145.00,68.00,167.00,68.00,167.00,133.00,145.00,133.00
145.00,67.00,167.00,67.00,167.00,133.00,145.00,133.00
146.00,66.00,168.00,66.00,168.00,133.00,146.00,133.00
146.00,67.00,168.00,67.00,168.00,133.00,146.00,133.00
146.00,65.00,168.00,65.00,168.00,132.00,146.00,132.00
146.00,66.00,168.00,66.00,168.00,132.00,146.00,132.00
146.00,64.00,169.00,64.00,169.00,131.00,146.00,131.00
146.00,66.00,169.00,66.00,169.00,131.00,146.00,131.00
146.00,66.00,169.00,66.00,169.00,130.00,146.00,130.00
145.00,66.00,168.00,66.00,168.00,131.00,145.00,131.00
145.00,65.00,168.00,65.00,168.00,130.00,145.00,130.00
145.00,66.00,169.00,66.00,169.00,131.00,145.00,131.00
145.00,67.00,169.00,67.00,169.00,132.00,145.00,132.00
144.00,68.00,167.00,68.00,167.00,132.00,144.00,132.00
144.00,68.00,168.00,68.00,168.00,132.00,144.00,132.00
144.00,69.00,168.00,69.00,168.00,133.00,144.00,133.00
144.00,69.00,167.00,69.00,167.00,133.00,144.00,133.00
144.00,69.00,168.00,69.00,168.00,133.00,144.00,133.00
144.00,68.00,167.00,68.00,167.00,133.00,144.00,133.00
144.00,69.00,167.00,69.00,167.00,134.00,144.00,134.00
144.00,71.00,166.00,71.00,166.00,135.00,144.00,135.00
144.00,70.00,167.00,70.00,167.00,134.00,144.00,134.00
143.00,70.00,166.00,70.00,166.00,134.00,143.00,134.00
