1
141.00,27.00,171.00,27.00,171.00,150.00,141.00,150.00
140.00,26.00,170.00,26.00,170.00,149.00,140.00,149.00
140.00,25.00,170.00,25.00,170.00,149.00,140.00,149.00
140.00,26.00,170.00,26.00,170.00,150.00,140.00,150.00
140.00,27.00,170.00,27.00,170.00,150.00,140.00,150.00
139.00,27.00,170.00,27.00,170.00,150.00,139.00,150.00
138.00,27.00,168.00,27.00,168.00,151.00,138.00,151.00
137.00,28.00,168.00,28.00,168.00,152.00,137.00,152.00
137.00,28.00,167.00,28.00,167.00,152.00,137.00,152.00
137.00,30.00,167.00,30.00,167.00,153.00,137.00,153.00
136.00,30.00,166.00,30.00,166.00,153.00,136.00,153.00
136.00,30.00,167.00,30.00,167.00,154.00,136.00,154.00
135.00,31.00,165.00,31.00,165.00,154.00,135.00,154.00
135.00,32.00,166.00,32.00,166.00,156.00,135.00,156.00
134.00,32.00,165.00,32.00,165.00,155.00,134.00,155.00
134.00,33.00,164.00,33.00,164.00,156.00,134.00,156.00
133.00,33.00,163.00,33.00,163.00,157.00,133.00,157.00
133.00,33.00,163.00,33.00,163.00,156.00,133.00,156.00
134.00,33.00,164.00,33.00,164.00,155.00,134.00,155.00
134.00,32.00,165.00,32.00,165.00,154.00,134.00,154.00
134.00,32.00,164.00,32.00,164.00,154.00,134.00,154.00
134.00,31.00,165.00,31.00,165.00,154.00,134.00,154.00
135.00,30.00,165.00,30.00,165.00,153.00,135.00,153.00
135.00,30.00,166.00,30.00,166.00,153.00,135.00,153.00
136.00,31.00,166.00,31.00,166.00,154.00,136.00,154.00
137.00,31.00,167.00,31.00,167.00,153.00,137.00,153.00
136.00,31.00,166.00,31.00,166.00,154.00,136.00,154.00
137.00,30.00,167.00,30.00,167.00,154.00,137.00,154.00
138.00,31.00,168.00,31.00,168.00,154.00,138.00,154.00
138.00,32.00,168.00,32.00,168.00,154.00,138.00,154.00
138.00,32.00,169.00,32.00,169.00,154.00,138.00,154.00
138.00,31.00,168.00,31.00,168.00,155.00,138.00,155.00
139.00,33.00,169.00,33.00,169.00,156.00,139.00,156.00
138.00,34.00,169.00,34.00,169.00,156.00,138.00,156.00
138.00,34.00,168.00,34.00,168.00,157.00,138.00,157.00
138.00,35.00,168.00,35.00,168.00,157.00,138.00,157.00
137.00,34.00,167.00,34.00,167.00,157.00,137.00,157.00
136.00,35.00,167.00,35.00,167.00,158.00,136.00,158.00
135.00,34.00,165.00,34.00,165.00,159.00,135.00,159.00
135.00,35.00,165.00,35.00,165.00,158.00,135.00,158.00
135.00,34.00,165.00,34.00,165.00,158.00,135.00,158.00
134.00,35.00,164.00,35.00,164.00,158.00,134.00,158.00
134.00,34.00,164.00,34.00,164.00,157.00,134.00,157.00
134.00,34.00,164.00,34.00,164.00,158.00,134.00,158.00
134.00,35.00,164.00,35.00,164.00,159.00,134.00,159.00
134.00,36.00,164.00,36.00,164.00,159.00,134.00,159.00
134.00,36.00,164.00,36.00,164.00,159.00,134.00,159.00
135.00,35.00,165.00,35.00,165.00,159.00,135.00,159.00
134.00,36.00,165.00,36.00,165.00,159.00,134.00,159.00
135.00,36.00,165.00,36.00,165.00,160.00,135.00,160.00
135.00,36.00,165.00,36.00,165.00,160.00,135.00,160.00
134.00,37.00,165.00,37.00,165.00,160.00,134.00,160.00
134.00,37.00,165.00,37.00,165.00,160.00,134.00,160.00
134.00,37.00,165.00,37.00,165.00,160.00,134.00,160.00
133.00,37.00,164.00,37.00,164.00,159.00,133.00,159.00
133.00,37.00,163.00,37.00,163.00,159.00,133.00,159.00
133.00,38.00,164.00,38.00,164.00,159.00,133.00,159.00
134.00,38.00,164.00,38.00,164.00,160.00,134.00,160.00
135.00,37.00,164.00,37.00,164.00,159.00,135.00,159.00
135.00,37.00,165.00,37.00,165.00,158.00,135.00,158.00
136.00,36.00,165.00,36.00,165.00,158.00,136.00,158.00
137.00,37.00,166.00,37.00,166.00,156.00,137.00,156.00
137.00,37.00,165.00,37.00,165.00,157.00,137.00,157.00
138.00,37.00,167.00,37.00,167.00,156.00,138.00,156.00
138.00,37.00,166.00,37.00,166.00,155.00,138.00,155.00
139.00,38.00,168.00,38.00,168.00,154.00,139.00,154.00
139.00,40.00,168.00,40.00,168.00,156.00,139.00,156.00
139.00,40.00,168.00,40.00,168.00,154.00,139.00,154.00
139.00,41.00,168.00,41.00,168.00,153.00,139.00,153.00
140.00,41.00,169.00,41.00,169.00,152.00,140.00,152.00
140.00,42.00,169.00,42.00,169.00,151.00,140.00,151.00
140.00,43.00,169.00,43.00,169.00,151.00,140.00,151.00
139.00,44.00,168.00,44.00,168.00,151.00,139.00,151.00
137.00,47.00,167.00,47.00,167.00,151.00,137.00,151.00
136.00,47.00,166.00,47.00,166.00,150.00,136.00,150.00
132.00,47.00,164.00,47.00,164.00,149.00,132.00,149.00
127.00,47.00,159.00,47.00,159.00,149.00,127.00,149.00
124.00,47.00,156.00,47.00,156.00,147.00,124.00,147.00
118.00,45.00,151.00,45.00,151.00,146.00,118.00,146.00
112.00,44.00,145.00,44.00,145.00,144.00,112.00,144.00
109.00,43.00,141.00,43.00,141.00,143.00,109.00,143.00
105.00,43.00,138.00,43.00,138.00,140.00,105.00,140.00
99.00,42.00,133.00,42.00,133.00,141.00,99.00,141.00
98.00,42.00,132.00,42.00,132.00,140.00,98.00,140.00
96.00,39.00,131.00,39.00,131.00,137.00,96.00,137.00
97.00,40.00,130.00,40.00,130.00,135.00,97.00,135.00
98.00,42.00,129.00,42.00,129.00,133.00,98.00,133.00
100.00,49.00,131.00,49.00,131.00,132.00,100.00,132.00
108.00,48.00,139.00,48.00,139.00,130.00,108.00,130.00
104.00,53.00,135.00,53.00,135.00,132.00,104.00,132.00
113.00,52.00,144.00,52.00,144.00,128.00,113.00,128.00
113.00,54.00,144.00,54.00,144.00,129.00,113.00,129.00
117.00,52.00,148.00,52.00,148.00,130.00,117.00,130.00
122.00,54.00,151.00,54.00,151.00,134.00,122.00,134.00
133.00,43.00,165.00,43.00,165.00,132.00,133.00,132.00
138.00,41.00,169.00,41.00,169.00,128.00,138.00,128.00
132.00,46.00,165.00,46.00,165.00,133.00,132.00,133.00
128.00,45.00,161.00,45.00,161.00,126.00,128.00,126.00
126.00,47.00,159.00,47.00,159.00,126.00,126.00,126.00
121.00,46.00,152.00,46.00,152.00,122.00,121.00,122.00
122.00,46.00,152.00,46.00,152.00,126.00,122.00,126.00
130.00,43.00,161.00,43.00,161.00,123.00,130.00,123.00
131.00,45.00,160.00,45.00,160.00,127.00,131.00,127.00
129.00,45.00,159.00,45.00,159.00,126.00,129.00,126.00
128.00,45.00,158.00,45.00,158.00,129.00,128.00,129.00
128.00,47.00,157.00,47.00,157.00,129.00,128.00,129.00
133.00,48.00,164.00,48.00,164.00,126.00,133.00,126.00
129.00,53.00,161.00,53.00,161.00,125.00,129.00,125.00
133.00,54.00,162.00,54.00,162.00,125.00,133.00,125.00
135.00,52.00,162.00,52.00,162.00,121.00,135.00,121.00
138.00,48.00,166.00,48.00,166.00,118.00,138.00,118.00
141.00,45.00,171.00,45.00,171.00,118.00,141.00,118.00
140.00,46.00,170.00,46.00,170.00,122.00,140.00,122.00
139.00,48.00,172.00,48.00,172.00,130.00,139.00,130.00
141.00,52.00,170.00,52.00,170.00,134.00,141.00,134.00
141.00,54.00,169.00,54.00,169.00,132.00,141.00,132.00
139.00,54.00,167.00,54.00,167.00,133.00,139.00,133.00
138.00,52.00,166.00,52.00,166.00,127.00,138.00,127.00
138.00,51.00,167.00,51.00,167.00,131.00,138.00,131.00
137.00,50.00,167.00,50.00,167.00,132.00,137.00,132.00
134.00,53.00,167.00,53.00,167.00,136.00,134.00,136.00
137.00,58.00,167.00,58.00,167.00,138.00,137.00,138.00
133.00,62.00,161.00,62.00,161.00,141.00,133.00,141.00
140.00,61.00,168.00,61.00,168.00,135.00,140.00,135.00
144.00,53.00,169.00,53.00,169.00,126.00,144.00,126.00
144.00,53.00,170.00,53.00,170.00,126.00,144.00,126.00
145.00,55.00,170.00,55.00,170.00,128.00,145.00,128.00
143.00,56.00,169.00,56.00,169.00,129.00,143.00,129.00
142.00,58.00,168.00,58.00,168.00,131.00,142.00,131.00
139.00,59.00,166.00,59.00,166.00,131.00,139.00,131.00
139.00,63.00,167.00,63.00,167.00,135.00,139.00,135.00
140.00,65.00,167.00,65.00,167.00,135.00,140.00,135.00
140.00,72.00,165.00,72.00,165.00,144.00,140.00,144.00
141.00,76.00,166.00,76.00,166.00,152.00,141.00,152.00
141.00,80.00,167.00,80.00,167.00,156.00,141.00,156.00
137.00,88.00,165.00,88.00,165.00,175.00,137.00,175.00
136.00,86.00,161.00,86.00,161.00,163.00,136.00,163.00
131.00,78.00,156.00,78.00,156.00,156.00,131.00,156.00
129.00,72.00,154.00,72.00,154.00,150.00,129.00,150.00
129.00,82.00,154.00,82.00,154.00,159.00,129.00,159.00
2
0
0
0
0
1
153.00,5.00,197.00,5.00,197.00,133.00,153.00,133.00
155.00,13.00,196.00,13.00,196.00,139.00,155.00,139.00
155.00,28.00,204.00,28.00,204.00,159.00,155.00,159.00
151.00,44.00,200.00,44.00,200.00,176.00,151.00,176.00
148.00,72.00,198.00,72.00,198.00,206.00,148.00,206.00
157.00,88.00,207.00,88.00,207.00,221.00,157.00,221.00
159.00,94.00,210.00,94.00,210.00,229.00,159.00,229.00
174.00,70.00,224.00,70.00,224.00,204.00,174.00,204.00
163.00,69.00,212.00,69.00,212.00,201.00,163.00,201.00
168.00,64.00,217.00,64.00,217.00,196.00,168.00,196.00
160.00,59.00,209.00,59.00,209.00,191.00,160.00,191.00
159.00,57.00,203.00,57.00,203.00,172.00,159.00,172.00
157.00,55.00,203.00,55.00,203.00,161.00,157.00,161.00
147.00,58.00,195.00,58.00,195.00,172.00,147.00,172.00
126.00,52.00,175.00,52.00,175.00,176.00,126.00,176.00
122.00,46.00,169.00,46.00,169.00,172.00,122.00,172.00
116.00,36.00,166.00,36.00,166.00,143.00,116.00,143.00
118.00,25.00,166.00,25.00,166.00,153.00,118.00,153.00
142.00,11.00,190.00,11.00,190.00,138.00,142.00,138.00
150.00,-4.00,198.00,-4.00,198.00,122.00,150.00,122.00
144.00,-1.00,192.00,-1.00,192.00,125.00,144.00,125.00
149.00,7.00,197.00,7.00,197.00,134.00,149.00,134.00
147.00,11.00,195.00,11.00,195.00,137.00,147.00,137.00
140.00,4.00,188.00,4.00,188.00,130.00,140.00,130.00
146.00,-1.00,193.00,-1.00,193.00,123.00,146.00,123.00
146.00,6.00,193.00,6.00,193.00,130.00,146.00,130.00
156.00,8.00,203.00,8.00,203.00,132.00,156.00,132.00
159.00,15.00,206.00,15.00,206.00,139.00,159.00,139.00
158.00,32.00,205.00,32.00,205.00,155.00,158.00,155.00
154.00,33.00,201.00,33.00,201.00,156.00,154.00,156.00
159.00,33.00,206.00,33.00,206.00,155.00,159.00,155.00
153.00,40.00,201.00,40.00,201.00,164.00,153.00,164.00
147.00,38.00,194.00,38.00,194.00,160.00,147.00,160.00
179.00,22.00,226.00,22.00,226.00,143.00,179.00,143.00
153.00,39.00,199.00,39.00,199.00,158.00,153.00,158.00
162.00,41.00,208.00,41.00,208.00,160.00,162.00,160.00
163.00,29.00,209.00,29.00,209.00,148.00,163.00,148.00
166.00,45.00,212.00,45.00,212.00,165.00,166.00,165.00
171.00,46.00,216.00,46.00,216.00,163.00,171.00,163.00
169.00,48.00,214.00,48.00,214.00,164.00,169.00,164.00
166.00,46.00,211.00,46.00,211.00,163.00,166.00,163.00
164.00,47.00,210.00,47.00,210.00,166.00,164.00,166.00
205.00,23.00,252.00,23.00,252.00,143.00,205.00,143.00
2
0
0
0
0
1
173.00,71.00,201.00,71.00,201.00,127.00,173.00,127.00
175.00,72.00,204.00,72.00,204.00,129.00,175.00,129.00
176.00,72.00,205.00,72.00,205.00,129.00,176.00,129.00
177.00,73.00,206.00,73.00,206.00,126.00,177.00,126.00
178.00,75.00,206.00,75.00,206.00,127.00,178.00,127.00
176.00,74.00,205.00,74.00,205.00,127.00,176.00,127.00
177.00,75.00,203.00,75.00,203.00,126.00,177.00,126.00
174.00,74.00,201.00,74.00,201.00,128.00,174.00,128.00
174.00,75.00,200.00,75.00,200.00,127.00,174.00,127.00
173.00,76.00,198.00,76.00,198.00,128.00,173.00,128.00
173.00,76.00,197.00,76.00,197.00,127.00,173.00,127.00
172.00,77.00,196.00,77.00,196.00,127.00,172.00,127.00
171.00,78.00,194.00,78.00,194.00,126.00,171.00,126.00
171.00,78.00,193.00,78.00,193.00,125.00,171.00,125.00
171.00,78.00,193.00,78.00,193.00,126.00,171.00,126.00
172.00,79.00,193.00,79.00,193.00,125.00,172.00,125.00
174.00,80.00,194.00,80.00,194.00,126.00,174.00,126.00
174.00,80.00,194.00,80.00,194.00,125.00,174.00,125.00
176.00,74.00,198.00,74.00,198.00,121.00,176.00,121.00
177.00,72.00,199.00,72.00,199.00,120.00,177.00,120.00
178.00,72.00,199.00,72.00,199.00,119.00,178.00,119.00
180.00,69.00,203.00,69.00,203.00,119.00,180.00,119.00
181.00,67.00,204.00,67.00,204.00,119.00,181.00,119.00
181.00,65.00,205.00,65.00,205.00,118.00,181.00,118.00
182.00,66.00,205.00,66.00,205.00,119.00,182.00,119.00
183.00,66.00,207.00,66.00,207.00,119.00,183.00,119.00
183.00,63.00,207.00,63.00,207.00,117.00,183.00,117.00
185.00,66.00,208.00,66.00,208.00,118.00,185.00,118.00
187.00,68.00,210.00,68.00,210.00,120.00,187.00,120.00
188.00,69.00,211.00,69.00,211.00,122.00,188.00,122.00
190.00,71.00,212.00,71.00,212.00,125.00,190.00,125.00
190.00,70.00,213.00,70.00,213.00,125.00,190.00,125.00
192.00,74.00,214.00,74.00,214.00,127.00,192.00,127.00
194.00,78.00,214.00,78.00,214.00,129.00,194.00,129.00
194.00,78.00,214.00,78.00,214.00,128.00,194.00,128.00
195.00,75.00,217.00,75.00,217.00,127.00,195.00,127.00
194.00,73.00,215.00,73.00,215.00,124.00,194.00,124.00
196.00,76.00,216.00,76.00,216.00,126.00,196.00,126.00
197.00,76.00,217.00,76.00,217.00,127.00,197.00,127.00
197.00,75.00,218.00,75.00,218.00,126.00,197.00,126.00
197.00,74.00,218.00,74.00,218.00,124.00,197.00,124.00
199.00,79.00,219.00,79.00,219.00,126.00,199.00,126.00
199.00,78.00,220.00,78.00,220.00,126.00,199.00,126.00
199.00,77.00,221.00,77.00,221.00,126.00,199.00,126.00
199.00,77.00,221.00,77.00,221.00,126.00,199.00,126.00
199.00,78.00,221.00,78.00,221.00,127.00,199.00,127.00
200.00,79.00,221.00,79.00,221.00,128.00,200.00,128.00
199.00,74.00,222.00,74.00,222.00,124.00,199.00,124.00
199.00,73.00,222.00,73.00,222.00,124.00,199.00,124.00
200.00,77.00,222.00,77.00,222.00,127.00,200.00,127.00
199.00,77.00,221.00,77.00,221.00,127.00,199.00,127.00
200.00,78.00,222.00,78.00,222.00,127.00,200.00,127.00
200.00,76.00,222.00,76.00,222.00,125.00,200.00,125.00
200.00,77.00,222.00,77.00,222.00,127.00,200.00,127.00
200.00,78.00,222.00,78.00,222.00,127.00,200.00,127.00
200.00,78.00,222.00,78.00,222.00,127.00,200.00,127.00
199.00,74.00,222.00,74.00,222.00,124.00,199.00,124.00
200.00,77.00,222.00,77.00,222.00,126.00,200.00,126.00
200.00,78.00,222.00,78.00,222.00,127.00,200.00,127.00
199.00,78.00,221.00,78.00,221.00,127.00,199.00,127.00
198.00,77.00,220.00,77.00,220.00,126.00,198.00,126.00
198.00,78.00,220.00,78.00,220.00,127.00,198.00,127.00
197.00,79.00,219.00,79.00,219.00,128.00,197.00,128.00
197.00,80.00,219.00,80.00,219.00,128.00,197.00,128.00
196.00,79.00,218.00,79.00,218.00,127.00,196.00,127.00
195.00,78.00,218.00,78.00,218.00,128.00,195.00,128.00
194.00,78.00,217.00,78.00,217.00,127.00,194.00,127.00
193.00,77.00,216.00,77.00,216.00,126.00,193.00,126.00
193.00,78.00,215.00,78.00,215.00,127.00,193.00,127.00
193.00,79.00,215.00,79.00,215.00,127.00,193.00,127.00
192.00,78.00,215.00,78.00,215.00,126.00,192.00,126.00
192.00,79.00,215.00,79.00,215.00,128.00,192.00,128.00
190.00,76.00,214.00,76.00,214.00,125.00,190.00,125.00
189.00,75.00,213.00,75.00,213.00,125.00,189.00,125.00
189.00,75.00,213.00,75.00,213.00,126.00,189.00,126.00
189.00,75.00,212.00,75.00,212.00,126.00,189.00,126.00
189.00,75.00,213.00,75.00,213.00,126.00,189.00,126.00
189.00,76.00,213.00,76.00,213.00,127.00,189.00,127.00
189.00,76.00,212.00,76.00,212.00,126.00,189.00,126.00
189.00,77.00,213.00,77.00,213.00,128.00,189.00,128.00
189.00,75.00,213.00,75.00,213.00,127.00,189.00,127.00
189.00,77.00,213.00,77.00,213.00,129.00,189.00,129.00
189.00,78.00,212.00,78.00,212.00,130.00,189.00,130.00
190.00,80.00,213.00,80.00,213.00,131.00,190.00,131.00
190.00,79.00,213.00,79.00,213.00,130.00,190.00,130.00
189.00,80.00,212.00,80.00,212.00,132.00,189.00,132.00
189.00,78.00,213.00,78.00,213.00,130.00,189.00,130.00
190.00,78.00,214.00,78.00,214.00,130.00,190.00,130.00
190.00,79.00,213.00,79.00,213.00,131.00,190.00,131.00
190.00,79.00,213.00,79.00,213.00,130.00,190.00,130.00
189.00,77.00,213.00,77.00,213.00,130.00,189.00,130.00
190.00,79.00,214.00,79.00,214.00,132.00,190.00,132.00
190.00,79.00,215.00,79.00,215.00,132.00,190.00,132.00
189.00,78.00,214.00,78.00,214.00,130.00,189.00,130.00
189.00,78.00,214.00,78.00,214.00,130.00,189.00,130.00
190.00,75.00,216.00,75.00,216.00,128.00,190.00,128.00
190.00,76.00,215.00,76.00,215.00,129.00,190.00,129.00
191.00,77.00,217.00,77.00,217.00,130.00,191.00,130.00
192.00,77.00,217.00,77.00,217.00,130.00,192.00,130.00
193.00,77.00,218.00,77.00,218.00,130.00,193.00,130.00
194.00,77.00,219.00,77.00,219.00,130.00,194.00,130.00
193.00,77.00,218.00,77.00,218.00,130.00,193.00,130.00
194.00,77.00,219.00,77.00,219.00,130.00,194.00,130.00
194.00,77.00,218.00,77.00,218.00,130.00,194.00,130.00
194.00,77.00,218.00,77.00,218.00,130.00,194.00,130.00
194.00,77.00,218.00,77.00,218.00,130.00,194.00,130.00
194.00,76.00,218.00,76.00,218.00,129.00,194.00,129.00
193.00,75.00,217.00,75.00,217.00,129.00,193.00,129.00
193.00,75.00,217.00,75.00,217.00,128.00,193.00,128.00
194.00,77.00,217.00,77.00,217.00,129.00,194.00,129.00
194.00,79.00,216.00,79.00,216.00,130.00,194.00,130.00
193.00,76.00,216.00,76.00,216.00,128.00,193.00,128.00
193.00,76.00,216.00,76.00,216.00,128.00,193.00,128.00
192.00,75.00,214.00,75.00,214.00,126.00,192.00,126.00
192.00,75.00,214.00,75.00,214.00,126.00,192.00,126.00
192.00,75.00,213.00,75.00,213.00,124.00,192.00,124.00
192.00,74.00,213.00,74.00,213.00,123.00,192.00,123.00
192.00,74.00,213.00,74.00,213.00,123.00,192.00,123.00
190.00,72.00,211.00,72.00,211.00,122.00,190.00,122.00
189.00,72.00,210.00,72.00,210.00,122.00,189.00,122.00
190.00,74.00,211.00,74.00,211.00,122.00,190.00,122.00
194.00,80.00,213.00,80.00,213.00,127.00,194.00,127.00
193.00,80.00,212.00,80.00,212.00,128.00,193.00,128.00
194.00,81.00,213.00,81.00,213.00,129.00,194.00,129.00
192.00,83.00,213.00,83.00,213.00,131.00,192.00,131.00
190.00,83.00,212.00,83.00,212.00,132.00,190.00,132.00
189.00,86.00,211.00,86.00,211.00,136.00,189.00,136.00
187.00,87.00,208.00,87.00,208.00,136.00,187.00,136.00
186.00,86.00,207.00,86.00,207.00,133.00,186.00,133.00
183.00,85.00,205.00,85.00,205.00,132.00,183.00,132.00
180.00,85.00,203.00,85.00,203.00,133.00,180.00,133.00
179.00,85.00,202.00,85.00,202.00,131.00,179.00,131.00
177.00,83.00,200.00,83.00,200.00,131.00,177.00,131.00
175.00,83.00,196.00,83.00,196.00,130.00,175.00,130.00
173.00,82.00,194.00,82.00,194.00,130.00,173.00,130.00
170.00,79.00,194.00,79.00,194.00,128.00,170.00,128.00
168.00,77.00,192.00,77.00,192.00,127.00,168.00,127.00
166.00,76.00,190.00,76.00,190.00,126.00,166.00,126.00
160.00,74.00,187.00,74.00,187.00,123.00,160.00,123.00
158.00,75.00,185.00,75.00,185.00,120.00,158.00,120.00
156.00,75.00,183.00,75.00,183.00,120.00,156.00,120.00
154.00,74.00,182.00,74.00,182.00,119.00,154.00,119.00
152.00,73.00,180.00,73.00,180.00,120.00,152.00,120.00
151.00,72.00,180.00,72.00,180.00,123.00,151.00,123.00
151.00,72.00,177.00,72.00,177.00,124.00,151.00,124.00
153.00,73.00,179.00,73.00,179.00,127.00,153.00,127.00
151.00,73.00,178.00,73.00,178.00,125.00,151.00,125.00
154.00,76.00,180.00,76.00,180.00,126.00,154.00,126.00
153.00,74.00,177.00,74.00,177.00,126.00,153.00,126.00
154.00,75.00,179.00,75.00,179.00,126.00,154.00,126.00
153.00,73.00,179.00,73.00,179.00,124.00,153.00,124.00
152.00,72.00,178.00,72.00,178.00,123.00,152.00,123.00
152.00,71.00,178.00,71.00,178.00,121.00,152.00,121.00
151.00,67.00,175.00,67.00,175.00,111.00,151.00,111.00
152.00,63.00,176.00,63.00,176.00,106.00,152.00,106.00
153.00,62.00,177.00,62.00,177.00,105.00,153.00,105.00
157.00,61.00,181.00,61.00,181.00,103.00,157.00,103.00
163.00,65.00,186.00,65.00,186.00,108.00,163.00,108.00
166.00,66.00,188.00,66.00,188.00,110.00,166.00,110.00
169.00,66.00,191.00,66.00,191.00,111.00,169.00,111.00
171.00,65.00,194.00,65.00,194.00,111.00,171.00,111.00
173.00,64.00,196.00,64.00,196.00,110.00,173.00,110.00
176.00,65.00,198.00,65.00,198.00,112.00,176.00,112.00
178.00,67.00,200.00,67.00,200.00,116.00,178.00,116.00
180.00,68.00,202.00,68.00,202.00,117.00,180.00,117.00
181.00,68.00,203.00,68.00,203.00,116.00,181.00,116.00
182.00,71.00,204.00,71.00,204.00,120.00,182.00,120.00
183.00,72.00,205.00,72.00,205.00,120.00,183.00,120.00
184.00,74.00,206.00,74.00,206.00,122.00,184.00,122.00
184.00,77.00,207.00,77.00,207.00,123.00,184.00,123.00
184.00,79.00,206.00,79.00,206.00,124.00,184.00,124.00
186.00,82.00,208.00,82.00,208.00,124.00,186.00,124.00
190.00,85.00,213.00,85.00,213.00,126.00,190.00,126.00
192.00,84.00,214.00,84.00,214.00,124.00,192.00,124.00
196.00,84.00,216.00,84.00,216.00,128.00,196.00,128.00
200.00,82.00,221.00,82.00,221.00,123.00,200.00,123.00
200.00,80.00,222.00,80.00,222.00,121.00,200.00,121.00
198.00,77.00,223.00,77.00,223.00,120.00,198.00,120.00
195.00,74.00,222.00,74.00,222.00,119.00,195.00,119.00
193.00,74.00,220.00,74.00,220.00,122.00,193.00,122.00
194.00,76.00,220.00,76.00,220.00,124.00,194.00,124.00
194.00,76.00,220.00,76.00,220.00,123.00,194.00,123.00
194.00,74.00,219.00,74.00,219.00,121.00,194.00,121.00
196.00,72.00,219.00,72.00,219.00,118.00,196.00,118.00
193.00,71.00,219.00,71.00,219.00,117.00,193.00,117.00
193.00,70.00,221.00,70.00,221.00,114.00,193.00,114.00
190.00,73.00,220.00,73.00,220.00,114.00,190.00,114.00
185.00,69.00,215.00,69.00,215.00,109.00,185.00,109.00
186.00,73.00,215.00,73.00,215.00,115.00,186.00,115.00
188.00,69.00,217.00,69.00,217.00,115.00,188.00,115.00
189.00,66.00,217.00,66.00,217.00,117.00,189.00,117.00
190.00,64.00,217.00,64.00,217.00,114.00,190.00,114.00
193.00,61.00,218.00,61.00,218.00,110.00,193.00,110.00
196.00,48.00,218.00,48.00,218.00,91.00,196.00,91.00
196.00,47.00,217.00,47.00,217.00,90.00,196.00,90.00
193.00,43.00,215.00,43.00,215.00,86.00,193.00,86.00
185.00,38.00,209.00,38.00,209.00,78.00,185.00,78.00
186.00,37.00,210.00,37.00,210.00,76.00,186.00,76.00
184.00,29.00,210.00,29.00,210.00,77.00,184.00,77.00
168.00,14.00,195.00,14.00,195.00,61.00,168.00,61.00
159.00,10.00,186.00,10.00,186.00,58.00,159.00,58.00
165.00,14.00,191.00,14.00,191.00,61.00,165.00,61.00
160.00,10.00,187.00,10.00,187.00,59.00,160.00,59.00
160.00,11.00,186.00,11.00,186.00,59.00,160.00,59.00
170.00,24.00,196.00,24.00,196.00,70.00,170.00,70.00
173.00,32.00,197.00,32.00,197.00,78.00,173.00,78.00
174.00,27.00,198.00,27.00,198.00,74.00,174.00,74.00
168.00,31.00,191.00,31.00,191.00,78.00,168.00,78.00
169.00,34.00,193.00,34.00,193.00,79.00,169.00,79.00
166.00,32.00,189.00,32.00,189.00,78.00,166.00,78.00
166.00,35.00,191.00,35.00,191.00,78.00,166.00,78.00
166.00,19.00,193.00,19.00,193.00,69.00,166.00,69.00
166.00,23.00,191.00,23.00,191.00,73.00,166.00,73.00
165.00,34.00,191.00,34.00,191.00,83.00,165.00,83.00
165.00,54.00,190.00,54.00,190.00,94.00,165.00,94.00
165.00,57.00,189.00,57.00,189.00,98.00,165.00,98.00
167.00,61.00,190.00,61.00,190.00,104.00,167.00,104.00
165.00,60.00,189.00,60.00,189.00,105.00,165.00,105.00
167.00,65.00,190.00,65.00,190.00,110.00,167.00,110.00
167.00,73.00,191.00,73.00,191.00,119.00,167.00,119.00
166.00,79.00,190.00,79.00,190.00,128.00,166.00,128.00
168.00,80.00,192.00,80.00,192.00,129.00,168.00,129.00
169.00,74.00,192.00,74.00,192.00,121.00,169.00,121.00
168.00,66.00,189.00,66.00,189.00,110.00,168.00,110.00
166.00,65.00,187.00,65.00,187.00,108.00,166.00,108.00
166.00,61.00,191.00,61.00,191.00,109.00,166.00,109.00
165.00,56.00,190.00,56.00,190.00,103.00,165.00,103.00
162.00,56.00,187.00,56.00,187.00,103.00,162.00,103.00
157.00,61.00,182.00,61.00,182.00,108.00,157.00,108.00
156.00,64.00,181.00,64.00,181.00,103.00,156.00,103.00
158.00,63.00,183.00,63.00,183.00,103.00,158.00,103.00
160.00,62.00,181.00,62.00,181.00,103.00,160.00,103.00
161.00,63.00,181.00,63.00,181.00,104.00,161.00,104.00
160.00,64.00,179.00,64.00,179.00,104.00,160.00,104.00
158.00,65.00,176.00,65.00,176.00,104.00,158.00,104.00
154.00,67.00,172.00,67.00,172.00,103.00,154.00,103.00
153.00,67.00,172.00,67.00,172.00,103.00,153.00,103.00
147.00,65.00,168.00,65.00,168.00,101.00,147.00,101.00
139.00,68.00,161.00,68.00,161.00,107.00,139.00,107.00
137.00,69.00,160.00,69.00,160.00,110.00,137.00,110.00
135.00,74.00,160.00,74.00,160.00,115.00,135.00,115.00
134.00,77.00,160.00,77.00,160.00,118.00,134.00,118.00
133.00,77.00,159.00,77.00,159.00,119.00,133.00,119.00
135.00,75.00,161.00,75.00,161.00,116.00,135.00,116.00
137.00,72.00,163.00,72.00,163.00,112.00,137.00,112.00
138.00,71.00,163.00,71.00,163.00,109.00,138.00,109.00
138.00,70.00,163.00,70.00,163.00,110.00,138.00,110.00
140.00,69.00,164.00,69.00,164.00,109.00,140.00,109.00
141.00,68.00,166.00,68.00,166.00,108.00,141.00,108.00
142.00,68.00,166.00,68.00,166.00,108.00,142.00,108.00
144.00,68.00,167.00,68.00,167.00,109.00,144.00,109.00
146.00,68.00,169.00,68.00,169.00,108.00,146.00,108.00
148.00,67.00,171.00,67.00,171.00,106.00,148.00,106.00
149.00,70.00,172.00,70.00,172.00,109.00,149.00,109.00
149.00,70.00,171.00,70.00,171.00,109.00,149.00,109.00
151.00,70.00,173.00,70.00,173.00,108.00,151.00,108.00
151.00,70.00,174.00,70.00,174.00,108.00,151.00,108.00
151.00,70.00,174.00,70.00,174.00,109.00,151.00,109.00
151.00,70.00,174.00,70.00,174.00,109.00,151.00,109.00
150.00,72.00,174.00,72.00,174.00,112.00,150.00,112.00
151.00,70.00,174.00,70.00,174.00,110.00,151.00,110.00
151.00,71.00,175.00,71.00,175.00,111.00,151.00,111.00
151.00,72.00,175.00,72.00,175.00,113.00,151.00,113.00
151.00,70.00,175.00,70.00,175.00,111.00,151.00,111.00
150.00,71.00,175.00,71.00,175.00,113.00,150.00,113.00
151.00,70.00,175.00,70.00,175.00,111.00,151.00,111.00
150.00,70.00,174.00,70.00,174.00,110.00,150.00,110.00
150.00,69.00,175.00,69.00,175.00,109.00,150.00,109.00
153.00,69.00,178.00,69.00,178.00,109.00,153.00,109.00
151.00,69.00,175.00,69.00,175.00,111.00,151.00,111.00
153.00,68.00,177.00,68.00,177.00,110.00,153.00,110.00
152.00,68.00,175.00,68.00,175.00,110.00,152.00,110.00
153.00,68.00,176.00,68.00,176.00,111.00,153.00,111.00
152.00,67.00,176.00,67.00,176.00,110.00,152.00,110.00
153.00,67.00,178.00,67.00,178.00,110.00,153.00,110.00
152.00,67.00,177.00,67.00,177.00,110.00,152.00,110.00
152.00,66.00,177.00,66.00,177.00,111.00,152.00,111.00
153.00,66.00,178.00,66.00,178.00,111.00,153.00,111.00
153.00,67.00,178.00,67.00,178.00,112.00,153.00,112.00
154.00,68.00,179.00,68.00,179.00,111.00,154.00,111.00
155.00,69.00,179.00,69.00,179.00,113.00,155.00,113.00
154.00,69.00,178.00,69.00,178.00,113.00,154.00,113.00
153.00,69.00,178.00,69.00,178.00,115.00,153.00,115.00
155.00,70.00,179.00,70.00,179.00,113.00,155.00,113.00
156.00,70.00,180.00,70.00,180.00,113.00,156.00,113.00
155.00,70.00,179.00,70.00,179.00,113.00,155.00,113.00
156.00,71.00,179.00,71.00,179.00,113.00,156.00,113.00
157.00,73.00,179.00,73.00,179.00,114.00,157.00,114.00
157.00,73.00,180.00,73.00,180.00,115.00,157.00,115.00
158.00,74.00,181.00,74.00,181.00,116.00,158.00,116.00
157.00,74.00,180.00,74.00,180.00,116.00,157.00,116.00
159.00,74.00,182.00,74.00,182.00,116.00,159.00,116.00
157.00,75.00,180.00,75.00,180.00,118.00,157.00,118.00
157.00,74.00,180.00,74.00,180.00,118.00,157.00,118.00
156.00,76.00,178.00,76.00,178.00,121.00,156.00,121.00
156.00,76.00,177.00,76.00,177.00,121.00,156.00,121.00
155.00,77.00,177.00,77.00,177.00,123.00,155.00,123.00
155.00,78.00,177.00,78.00,177.00,124.00,155.00,124.00
154.00,78.00,177.00,78.00,177.00,124.00,154.00,124.00
154.00,78.00,178.00,78.00,178.00,124.00,154.00,124.00
154.00,81.00,178.00,81.00,178.00,126.00,154.00,126.00
153.00,80.00,178.00,80.00,178.00,124.00,153.00,124.00
153.00,81.00,177.00,81.00,177.00,126.00,153.00,126.00
152.00,79.00,176.00,79.00,176.00,124.00,152.00,124.00
152.00,79.00,176.00,79.00,176.00,124.00,152.00,124.00
152.00,79.00,175.00,79.00,175.00,124.00,152.00,124.00
151.00,80.00,174.00,80.00,174.00,124.00,151.00,124.00
151.00,79.00,174.00,79.00,174.00,124.00,151.00,124.00
150.00,80.00,173.00,80.00,173.00,126.00,150.00,126.00
150.00,79.00,173.00,79.00,173.00,125.00,150.00,125.00
149.00,79.00,172.00,79.00,172.00,125.00,149.00,125.00
148.00,79.00,171.00,79.00,171.00,125.00,148.00,125.00
147.00,80.00,170.00,80.00,170.00,127.00,147.00,127.00
144.00,79.00,167.00,79.00,167.00,128.00,144.00,128.00
145.00,80.00,167.00,80.00,167.00,127.00,145.00,127.00
142.00,79.00,165.00,79.00,165.00,127.00,142.00,127.00
141.00,79.00,164.00,79.00,164.00,124.00,141.00,124.00
138.00,78.00,161.00,78.00,161.00,123.00,138.00,123.00
141.00,77.00,165.00,77.00,165.00,125.00,141.00,125.00
139.00,74.00,162.00,74.00,162.00,121.00,139.00,121.00
139.00,73.00,161.00,73.00,161.00,120.00,139.00,120.00
140.00,73.00,161.00,73.00,161.00,121.00,140.00,121.00
139.00,72.00,161.00,72.00,161.00,122.00,139.00,122.00
142.00,68.00,165.00,68.00,165.00,120.00,142.00,120.00
144.00,68.00,167.00,68.00,167.00,119.00,144.00,119.00
145.00,66.00,168.00,66.00,168.00,118.00,145.00,118.00
145.00,66.00,168.00,66.00,168.00,119.00,145.00,119.00
146.00,65.00,170.00,65.00,170.00,118.00,146.00,118.00
144.00,65.00,168.00,65.00,168.00,118.00,144.00,118.00
145.00,66.00,170.00,66.00,170.00,118.00,145.00,118.00
144.00,67.00,169.00,67.00,169.00,120.00,144.00,120.00
144.00,67.00,169.00,67.00,169.00,119.00,144.00,119.00
143.00,67.00,168.00,67.00,168.00,118.00,143.00,118.00
144.00,70.00,169.00,70.00,169.00,122.00,144.00,122.00
142.00,70.00,168.00,70.00,168.00,123.00,142.00,123.00
143.00,69.00,169.00,69.00,169.00,123.00,143.00,123.00
142.00,70.00,168.00,70.00,168.00,124.00,142.00,124.00
141.00,70.00,167.00,70.00,167.00,124.00,141.00,124.00
140.00,69.00,165.00,69.00,165.00,122.00,140.00,122.00
141.00,69.00,167.00,69.00,167.00,122.00,141.00,122.00
140.00,71.00,165.00,71.00,165.00,123.00,140.00,123.00
140.00,71.00,166.00,71.00,166.00,124.00,140.00,124.00
140.00,71.00,165.00,71.00,165.00,122.00,140.00,122.00
140.00,72.00,166.00,72.00,166.00,124.00,140.00,124.00
140.00,70.00,166.00,70.00,166.00,123.00,140.00,123.00
140.00,71.00,166.00,71.00,166.00,122.00,140.00,122.00
141.00,71.00,167.00,71.00,167.00,123.00,141.00,123.00
141.00,71.00,167.00,71.00,167.00,123.00,141.00,123.00
141.00,71.00,168.00,71.00,168.00,124.00,141.00,124.00
142.00,70.00,169.00,70.00,169.00,123.00,142.00,123.00
142.00,71.00,169.00,71.00,169.00,125.00,142.00,125.00
142.00,70.00,169.00,70.00,169.00,123.00,142.00,123.00
142.00,69.00,169.00,69.00,169.00,122.00,142.00,122.00
142.00,68.00,169.00,68.00,169.00,122.00,142.00,122.00
142.00,71.00,169.00,71.00,169.00,124.00,142.00,124.00
142.00,70.00,169.00,70.00,169.00,123.00,142.00,123.00
142.00,69.00,169.00,69.00,169.00,122.00,142.00,122.00
141.00,70.00,169.00,70.00,169.00,124.00,141.00,124.00
141.00,70.00,169.00,70.00,169.00,124.00,141.00,124.00
141.00,70.00,169.00,70.00,169.00,124.00,141.00,124.00
141.00,71.00,170.00,71.00,170.00,124.00,141.00,124.00
141.00,71.00,170.00,71.00,170.00,124.00,141.00,124.00
139.00,72.00,168.00,72.00,168.00,126.00,139.00,126.00
140.00,73.00,168.00,73.00,168.00,126.00,140.00,126.00
140.00,73.00,169.00,73.00,169.00,127.00,140.00,127.00
141.00,73.00,170.00,73.00,170.00,126.00,141.00,126.00
141.00,75.00,168.00,75.00,168.00,127.00,141.00,127.00
137.00,75.00,163.00,75.00,163.00,130.00,137.00,130.00
138.00,76.00,164.00,76.00,164.00,130.00,138.00,130.00
139.00,75.00,165.00,75.00,165.00,128.00,139.00,128.00
137.00,75.00,163.00,75.00,163.00,129.00,137.00,129.00
