1
141.00,27.00,171.00,27.00,171.00,150.00,141.00,150.00
141.00,26.00,171.00,26.00,171.00,149.00,141.00,149.00
140.00,26.00,170.00,26.00,170.00,150.00,140.00,150.00
140.00,26.00,170.00,26.00,170.00,150.00,140.00,150.00
139.00,27.00,169.00,27.00,169.00,151.00,139.00,151.00
139.00,27.00,169.00,27.00,169.00,151.00,139.00,151.00
138.00,27.00,168.00,27.00,168.00,151.00,138.00,151.00
137.00,28.00,168.00,28.00,168.00,153.00,137.00,153.00
137.00,28.00,167.00,28.00,167.00,153.00,137.00,153.00
137.00,29.00,167.00,29.00,167.00,153.00,137.00,153.00
137.00,29.00,166.00,29.00,166.00,154.00,137.00,154.00
136.00,29.00,166.00,29.00,166.00,154.00,136.00,154.00
136.00,30.00,166.00,30.00,166.00,154.00,136.00,154.00
135.00,31.00,165.00,31.00,165.00,156.00,135.00,156.00
134.00,32.00,164.00,32.00,164.00,156.00,134.00,156.00
134.00,32.00,164.00,32.00,164.00,156.00,134.00,156.00
133.00,33.00,163.00,33.00,163.00,156.00,133.00,156.00
133.00,32.00,163.00,32.00,163.00,157.00,133.00,157.00
134.00,32.00,163.00,32.00,163.00,155.00,134.00,155.00
134.00,31.00,164.00,31.00,164.00,154.00,134.00,154.00
135.00,31.00,164.00,31.00,164.00,154.00,135.00,154.00
135.00,31.00,165.00,31.00,165.00,154.00,135.00,154.00
136.00,30.00,165.00,30.00,165.00,154.00,136.00,154.00
135.00,29.00,165.00,29.00,165.00,154.00,135.00,154.00
136.00,31.00,166.00,31.00,166.00,154.00,136.00,154.00
137.00,30.00,166.00,30.00,166.00,153.00,137.00,153.00
137.00,29.00,167.00,29.00,167.00,154.00,137.00,154.00
137.00,30.00,167.00,30.00,167.00,154.00,137.00,154.00
138.00,31.00,168.00,31.00,168.00,154.00,138.00,154.00
138.00,30.00,168.00,30.00,168.00,154.00,138.00,154.00
138.00,31.00,168.00,31.00,168.00,154.00,138.00,154.00
139.00,31.00,169.00,31.00,169.00,155.00,139.00,155.00
139.00,32.00,168.00,32.00,168.00,155.00,139.00,155.00
139.00,33.00,169.00,33.00,169.00,157.00,139.00,157.00
138.00,33.00,168.00,33.00,168.00,156.00,138.00,156.00
138.00,33.00,167.00,33.00,167.00,157.00,138.00,157.00
137.00,34.00,167.00,34.00,167.00,158.00,137.00,158.00
137.00,35.00,166.00,35.00,166.00,158.00,137.00,158.00
136.00,34.00,165.00,34.00,165.00,159.00,136.00,159.00
135.00,35.00,165.00,35.00,165.00,158.00,135.00,158.00
135.00,34.00,165.00,34.00,165.00,158.00,135.00,158.00
135.00,35.00,165.00,35.00,165.00,158.00,135.00,158.00
134.00,34.00,164.00,34.00,164.00,158.00,134.00,158.00
135.00,34.00,165.00,34.00,165.00,158.00,135.00,158.00
135.00,34.00,165.00,34.00,165.00,158.00,135.00,158.00
135.00,35.00,165.00,35.00,165.00,159.00,135.00,159.00
135.00,35.00,165.00,35.00,165.00,159.00,135.00,159.00
134.00,35.00,164.00,35.00,164.00,160.00,134.00,160.00
135.00,35.00,165.00,35.00,165.00,160.00,135.00,160.00
135.00,37.00,165.00,37.00,165.00,160.00,135.00,160.00
135.00,36.00,165.00,36.00,165.00,160.00,135.00,160.00
135.00,36.00,165.00,36.00,165.00,160.00,135.00,160.00
134.00,37.00,164.00,37.00,164.00,160.00,134.00,160.00
134.00,37.00,164.00,37.00,164.00,160.00,134.00,160.00
134.00,37.00,164.00,37.00,164.00,160.00,134.00,160.00
133.00,37.00,163.00,37.00,163.00,161.00,133.00,161.00
133.00,37.00,163.00,37.00,163.00,159.00,133.00,159.00
134.00,37.00,164.00,37.00,164.00,160.00,134.00,160.00
135.00,37.00,164.00,37.00,164.00,160.00,135.00,160.00
135.00,38.00,164.00,38.00,164.00,158.00,135.00,158.00
136.00,37.00,165.00,37.00,165.00,158.00,136.00,158.00
136.00,36.00,166.00,36.00,166.00,157.00,136.00,157.00
137.00,37.00,166.00,37.00,166.00,158.00,137.00,158.00
138.00,36.00,167.00,36.00,167.00,156.00,138.00,156.00
139.00,37.00,168.00,37.00,168.00,156.00,139.00,156.00
139.00,38.00,167.00,38.00,167.00,155.00,139.00,155.00
140.00,37.00,168.00,37.00,168.00,153.00,140.00,153.00
140.00,39.00,168.00,39.00,168.00,154.00,140.00,154.00
140.00,38.00,169.00,38.00,169.00,154.00,140.00,154.00
140.00,40.00,169.00,40.00,169.00,153.00,140.00,153.00
141.00,40.00,169.00,40.00,169.00,153.00,141.00,153.00
140.00,41.00,169.00,41.00,169.00,153.00,140.00,153.00
139.00,41.00,169.00,41.00,169.00,153.00,139.00,153.00
138.00,46.00,167.00,46.00,167.00,154.00,138.00,154.00
136.00,47.00,165.00,47.00,165.00,152.00,136.00,152.00
132.00,49.00,161.00,49.00,161.00,152.00,132.00,152.00
127.00,49.00,156.00,49.00,156.00,150.00,127.00,150.00
125.00,48.00,155.00,48.00,155.00,150.00,125.00,150.00
118.00,48.00,148.00,48.00,148.00,149.00,118.00,149.00
113.00,48.00,142.00,48.00,142.00,146.00,113.00,146.00
111.00,47.00,140.00,47.00,140.00,147.00,111.00,147.00
107.00,46.00,135.00,46.00,135.00,144.00,107.00,144.00
103.00,45.00,132.00,45.00,132.00,142.00,103.00,142.00
103.00,45.00,131.00,45.00,131.00,139.00,103.00,139.00
103.00,46.00,131.00,46.00,131.00,139.00,103.00,139.00
101.00,47.00,129.00,47.00,129.00,137.00,101.00,137.00
101.00,49.00,128.00,49.00,128.00,136.00,101.00,136.00
100.00,53.00,128.00,53.00,128.00,137.00,100.00,137.00
113.00,47.00,140.00,47.00,140.00,127.00,113.00,127.00
106.00,54.00,132.00,54.00,132.00,131.00,106.00,131.00
115.00,58.00,140.00,58.00,140.00,133.00,115.00,133.00
116.00,55.00,142.00,55.00,142.00,132.00,116.00,132.00
119.00,55.00,145.00,55.00,145.00,134.00,119.00,134.00
123.00,53.00,148.00,53.00,148.00,135.00,123.00,135.00
136.00,45.00,162.00,45.00,162.00,134.00,136.00,134.00
139.00,41.00,165.00,41.00,165.00,130.00,139.00,130.00
136.00,44.00,163.00,44.00,163.00,133.00,136.00,133.00
129.00,43.00,157.00,43.00,157.00,128.00,129.00,128.00
129.00,46.00,157.00,46.00,157.00,127.00,129.00,127.00
124.00,45.00,150.00,45.00,150.00,125.00,124.00,125.00
125.00,39.00,152.00,39.00,152.00,119.00,125.00,119.00
130.00,45.00,158.00,45.00,158.00,125.00,130.00,125.00
133.00,45.00,160.00,45.00,160.00,129.00,133.00,129.00
135.00,43.00,160.00,43.00,160.00,128.00,135.00,128.00
131.00,44.00,157.00,44.00,157.00,129.00,131.00,129.00
128.00,48.00,155.00,48.00,155.00,133.00,128.00,133.00
133.00,46.00,162.00,46.00,162.00,126.00,133.00,126.00
132.00,48.00,160.00,48.00,160.00,130.00,132.00,130.00
137.00,46.00,164.00,46.00,164.00,128.00,137.00,128.00
142.00,39.00,169.00,39.00,169.00,124.00,142.00,124.00
141.00,45.00,167.00,45.00,167.00,126.00,141.00,126.00
146.00,45.00,171.00,45.00,171.00,128.00,146.00,128.00
144.00,45.00,172.00,45.00,172.00,134.00,144.00,134.00
143.00,45.00,171.00,45.00,171.00,136.00,143.00,136.00
142.00,50.00,169.00,50.00,169.00,138.00,142.00,138.00
142.00,50.00,168.00,50.00,168.00,139.00,142.00,139.00
140.00,48.00,166.00,48.00,166.00,138.00,140.00,138.00
140.00,48.00,165.00,48.00,165.00,136.00,140.00,136.00
140.00,43.00,167.00,43.00,167.00,136.00,140.00,136.00
139.00,43.00,166.00,43.00,166.00,135.00,139.00,135.00
137.00,46.00,167.00,46.00,167.00,141.00,137.00,141.00
138.00,49.00,165.00,49.00,165.00,141.00,138.00,141.00
134.00,57.00,160.00,57.00,160.00,149.00,134.00,149.00
141.00,51.00,166.00,51.00,166.00,139.00,141.00,139.00
144.00,50.00,169.00,50.00,169.00,136.00,144.00,136.00
143.00,50.00,169.00,50.00,169.00,140.00,143.00,140.00
145.00,52.00,170.00,52.00,170.00,141.00,145.00,141.00
144.00,53.00,169.00,53.00,169.00,140.00,144.00,140.00
140.00,54.00,166.00,54.00,166.00,138.00,140.00,138.00
139.00,60.00,166.00,60.00,166.00,147.00,139.00,147.00
139.00,66.00,166.00,66.00,166.00,154.00,139.00,154.00
140.00,68.00,167.00,68.00,167.00,156.00,140.00,156.00
137.00,71.00,165.00,71.00,165.00,168.00,137.00,168.00
138.00,72.00,168.00,72.00,168.00,174.00,138.00,174.00
141.00,74.00,171.00,74.00,171.00,182.00,141.00,182.00
138.00,77.00,168.00,77.00,168.00,184.00,138.00,184.00
136.00,84.00,163.00,84.00,163.00,190.00,136.00,190.00
133.00,81.00,160.00,81.00,160.00,189.00,133.00,189.00
128.00,66.00,155.00,66.00,155.00,173.00,128.00,173.00
2
0
0
0
0
1
135.00,-3.00,205.00,-3.00,205.00,132.00,135.00,132.00
138.00,-0.00,202.00,-0.00,202.00,133.00,138.00,133.00
125.00,17.00,210.00,17.00,210.00,151.00,125.00,151.00
140.00,25.00,223.00,25.00,223.00,157.00,140.00,157.00
145.00,24.00,228.00,24.00,228.00,156.00,145.00,156.00
137.00,46.00,219.00,46.00,219.00,177.00,137.00,177.00
152.00,78.00,234.00,78.00,234.00,209.00,152.00,209.00
156.00,63.00,238.00,63.00,238.00,195.00,156.00,195.00
147.00,64.00,229.00,64.00,229.00,196.00,147.00,196.00
138.00,60.00,219.00,60.00,219.00,190.00,138.00,190.00
134.00,63.00,216.00,63.00,216.00,195.00,134.00,195.00
137.00,63.00,218.00,63.00,218.00,194.00,137.00,194.00
138.00,48.00,218.00,48.00,218.00,177.00,138.00,177.00
138.00,40.00,218.00,40.00,218.00,169.00,138.00,169.00
127.00,51.00,207.00,51.00,207.00,180.00,127.00,180.00
109.00,57.00,188.00,57.00,188.00,185.00,109.00,185.00
115.00,38.00,194.00,38.00,194.00,167.00,115.00,167.00
96.00,13.00,175.00,13.00,175.00,142.00,96.00,142.00
98.00,-4.00,177.00,-4.00,177.00,125.00,98.00,125.00
112.00,2.00,191.00,2.00,191.00,131.00,112.00,131.00
127.00,-2.00,206.00,-2.00,206.00,126.00,127.00,126.00
127.00,6.00,206.00,6.00,206.00,135.00,127.00,135.00
112.00,-6.00,192.00,-6.00,192.00,124.00,112.00,124.00
123.00,4.00,202.00,4.00,202.00,132.00,123.00,132.00
120.00,-6.00,199.00,-6.00,199.00,122.00,120.00,122.00
124.00,-1.00,203.00,-1.00,203.00,127.00,124.00,127.00
135.00,-5.00,214.00,-5.00,214.00,123.00,135.00,123.00
141.00,10.00,219.00,10.00,219.00,136.00,141.00,136.00
140.00,4.00,220.00,4.00,220.00,133.00,140.00,133.00
145.00,8.00,226.00,8.00,226.00,138.00,145.00,138.00
154.00,13.00,235.00,13.00,235.00,144.00,154.00,144.00
217.00,28.00,298.00,28.00,298.00,160.00,217.00,160.00
2
0
0
0
0
1
166.00,60.00,205.00,60.00,205.00,150.00,166.00,150.00
166.00,62.00,205.00,62.00,205.00,149.00,166.00,149.00
166.00,63.00,206.00,63.00,206.00,148.00,166.00,148.00
167.00,63.00,204.00,63.00,204.00,145.00,167.00,145.00
167.00,62.00,209.00,62.00,209.00,149.00,167.00,149.00
167.00,62.00,210.00,62.00,210.00,145.00,167.00,145.00
166.00,62.00,208.00,62.00,208.00,145.00,166.00,145.00
167.00,59.00,207.00,59.00,207.00,142.00,167.00,142.00
167.00,61.00,207.00,61.00,207.00,141.00,167.00,141.00
168.00,59.00,207.00,59.00,207.00,138.00,168.00,138.00
169.00,59.00,207.00,59.00,207.00,139.00,169.00,139.00
170.00,59.00,209.00,59.00,209.00,141.00,170.00,141.00
172.00,58.00,211.00,58.00,211.00,143.00,172.00,143.00
176.00,59.00,213.00,59.00,213.00,142.00,176.00,142.00
178.00,60.00,215.00,60.00,215.00,141.00,178.00,141.00
180.00,62.00,217.00,62.00,217.00,140.00,180.00,140.00
181.00,62.00,218.00,62.00,218.00,139.00,181.00,139.00
180.00,65.00,217.00,65.00,217.00,140.00,180.00,140.00
179.00,63.00,213.00,63.00,213.00,136.00,179.00,136.00
176.00,61.00,210.00,61.00,210.00,134.00,176.00,134.00
175.00,63.00,208.00,63.00,208.00,135.00,175.00,135.00
174.00,63.00,209.00,63.00,209.00,136.00,174.00,136.00
173.00,64.00,207.00,64.00,207.00,136.00,173.00,136.00
171.00,65.00,205.00,65.00,205.00,135.00,171.00,135.00
170.00,67.00,204.00,67.00,204.00,135.00,170.00,135.00
169.00,68.00,202.00,68.00,202.00,136.00,169.00,136.00
168.00,67.00,199.00,67.00,199.00,136.00,168.00,136.00
169.00,66.00,201.00,66.00,201.00,134.00,169.00,134.00
169.00,66.00,202.00,66.00,202.00,134.00,169.00,134.00
169.00,65.00,202.00,65.00,202.00,133.00,169.00,133.00
173.00,62.00,206.00,62.00,206.00,132.00,173.00,132.00
174.00,61.00,208.00,61.00,208.00,132.00,174.00,132.00
174.00,61.00,208.00,61.00,208.00,133.00,174.00,133.00
176.00,59.00,211.00,59.00,211.00,131.00,176.00,131.00
177.00,57.00,213.00,57.00,213.00,131.00,177.00,131.00
177.00,55.00,213.00,55.00,213.00,130.00,177.00,130.00
179.00,55.00,215.00,55.00,215.00,129.00,179.00,129.00
180.00,52.00,217.00,52.00,217.00,126.00,180.00,126.00
181.00,53.00,218.00,53.00,218.00,127.00,181.00,127.00
182.00,56.00,218.00,56.00,218.00,130.00,182.00,130.00
184.00,61.00,218.00,61.00,218.00,133.00,184.00,133.00
185.00,61.00,219.00,61.00,219.00,133.00,185.00,133.00
186.00,61.00,220.00,61.00,220.00,134.00,186.00,134.00
188.00,60.00,222.00,60.00,222.00,133.00,188.00,133.00
187.00,59.00,221.00,59.00,221.00,132.00,187.00,132.00
189.00,60.00,223.00,60.00,223.00,133.00,189.00,133.00
190.00,60.00,224.00,60.00,224.00,134.00,190.00,134.00
190.00,60.00,224.00,60.00,224.00,134.00,190.00,134.00
191.00,61.00,225.00,61.00,225.00,135.00,191.00,135.00
192.00,59.00,226.00,59.00,226.00,134.00,192.00,134.00
192.00,55.00,227.00,55.00,227.00,130.00,192.00,130.00
193.00,58.00,228.00,58.00,228.00,133.00,193.00,133.00
193.00,58.00,229.00,58.00,229.00,132.00,193.00,132.00
193.00,58.00,228.00,58.00,228.00,132.00,193.00,132.00
194.00,62.00,228.00,62.00,228.00,134.00,194.00,134.00
195.00,60.00,229.00,60.00,229.00,134.00,195.00,134.00
195.00,60.00,229.00,60.00,229.00,133.00,195.00,133.00
196.00,63.00,230.00,63.00,230.00,136.00,196.00,136.00
195.00,61.00,229.00,61.00,229.00,133.00,195.00,133.00
196.00,60.00,230.00,60.00,230.00,133.00,196.00,133.00
197.00,61.00,230.00,61.00,230.00,133.00,197.00,133.00
197.00,61.00,230.00,61.00,230.00,133.00,197.00,133.00
197.00,62.00,230.00,62.00,230.00,133.00,197.00,133.00
197.00,63.00,230.00,63.00,230.00,134.00,197.00,134.00
196.00,64.00,230.00,64.00,230.00,135.00,196.00,135.00
197.00,62.00,231.00,62.00,231.00,133.00,197.00,133.00
197.00,63.00,230.00,63.00,230.00,134.00,197.00,134.00
197.00,61.00,230.00,61.00,230.00,131.00,197.00,131.00
197.00,63.00,230.00,63.00,230.00,132.00,197.00,132.00
197.00,62.00,230.00,62.00,230.00,133.00,197.00,133.00
198.00,63.00,230.00,63.00,230.00,133.00,198.00,133.00
198.00,63.00,231.00,63.00,231.00,132.00,198.00,132.00
196.00,64.00,229.00,64.00,229.00,134.00,196.00,134.00
196.00,63.00,228.00,63.00,228.00,132.00,196.00,132.00
195.00,64.00,228.00,64.00,228.00,134.00,195.00,134.00
195.00,64.00,228.00,64.00,228.00,134.00,195.00,134.00
193.00,67.00,225.00,67.00,225.00,136.00,193.00,136.00
193.00,65.00,225.00,65.00,225.00,134.00,193.00,134.00
192.00,67.00,225.00,67.00,225.00,136.00,192.00,136.00
190.00,68.00,224.00,68.00,224.00,138.00,190.00,138.00
191.00,64.00,225.00,64.00,225.00,133.00,191.00,133.00
189.00,66.00,223.00,66.00,223.00,135.00,189.00,135.00
188.00,66.00,222.00,66.00,222.00,135.00,188.00,135.00
188.00,66.00,222.00,66.00,222.00,133.00,188.00,133.00
188.00,67.00,222.00,67.00,222.00,137.00,188.00,137.00
187.00,65.00,221.00,65.00,221.00,133.00,187.00,133.00
187.00,67.00,220.00,67.00,220.00,135.00,187.00,135.00
188.00,66.00,222.00,66.00,222.00,133.00,188.00,133.00
186.00,68.00,220.00,68.00,220.00,138.00,186.00,138.00
187.00,66.00,221.00,66.00,221.00,135.00,187.00,135.00
187.00,67.00,221.00,67.00,221.00,136.00,187.00,136.00
188.00,67.00,220.00,67.00,220.00,136.00,188.00,136.00
187.00,68.00,219.00,68.00,219.00,138.00,187.00,138.00
187.00,69.00,220.00,69.00,220.00,139.00,187.00,139.00
188.00,69.00,221.00,69.00,221.00,140.00,188.00,140.00
188.00,69.00,221.00,69.00,221.00,140.00,188.00,140.00
187.00,70.00,220.00,70.00,220.00,140.00,187.00,140.00
188.00,69.00,221.00,69.00,221.00,140.00,188.00,140.00
188.00,69.00,221.00,69.00,221.00,138.00,188.00,138.00
188.00,70.00,221.00,70.00,221.00,141.00,188.00,141.00
188.00,69.00,221.00,69.00,221.00,139.00,188.00,139.00
189.00,68.00,221.00,68.00,221.00,138.00,189.00,138.00
189.00,68.00,221.00,68.00,221.00,138.00,189.00,138.00
188.00,70.00,221.00,70.00,221.00,141.00,188.00,141.00
190.00,68.00,223.00,68.00,223.00,138.00,190.00,138.00
189.00,70.00,221.00,70.00,221.00,139.00,189.00,139.00
190.00,70.00,222.00,70.00,222.00,140.00,190.00,140.00
191.00,68.00,223.00,68.00,223.00,137.00,191.00,137.00
192.00,69.00,223.00,69.00,223.00,137.00,192.00,137.00
192.00,68.00,224.00,68.00,224.00,137.00,192.00,137.00
192.00,68.00,224.00,68.00,224.00,138.00,192.00,138.00
192.00,67.00,225.00,67.00,225.00,137.00,192.00,137.00
192.00,69.00,225.00,69.00,225.00,140.00,192.00,140.00
192.00,68.00,224.00,68.00,224.00,139.00,192.00,139.00
193.00,66.00,225.00,66.00,225.00,137.00,193.00,137.00
193.00,68.00,225.00,68.00,225.00,139.00,193.00,139.00
192.00,66.00,225.00,66.00,225.00,137.00,192.00,137.00
193.00,65.00,226.00,65.00,226.00,137.00,193.00,137.00
192.00,65.00,224.00,65.00,224.00,137.00,192.00,137.00
192.00,65.00,224.00,65.00,224.00,137.00,192.00,137.00
191.00,66.00,223.00,66.00,223.00,138.00,191.00,138.00
191.00,65.00,223.00,65.00,223.00,136.00,191.00,136.00
191.00,65.00,223.00,65.00,223.00,135.00,191.00,135.00
191.00,64.00,222.00,64.00,222.00,132.00,191.00,132.00
191.00,65.00,222.00,65.00,222.00,133.00,191.00,133.00
190.00,64.00,220.00,64.00,220.00,130.00,190.00,130.00
191.00,65.00,221.00,65.00,221.00,132.00,191.00,132.00
190.00,65.00,221.00,65.00,221.00,133.00,190.00,133.00
190.00,64.00,221.00,64.00,221.00,131.00,190.00,131.00
189.00,66.00,220.00,66.00,220.00,136.00,189.00,136.00
187.00,65.00,220.00,65.00,220.00,132.00,187.00,132.00
187.00,63.00,219.00,63.00,219.00,130.00,187.00,130.00
185.00,63.00,219.00,63.00,219.00,130.00,185.00,130.00
183.00,62.00,217.00,62.00,217.00,129.00,183.00,129.00
182.00,63.00,217.00,63.00,217.00,130.00,182.00,130.00
183.00,67.00,218.00,67.00,218.00,137.00,183.00,137.00
182.00,67.00,217.00,67.00,217.00,138.00,182.00,138.00
179.00,67.00,216.00,67.00,216.00,137.00,179.00,137.00
175.00,68.00,212.00,68.00,212.00,136.00,175.00,136.00
174.00,71.00,212.00,71.00,212.00,138.00,174.00,138.00
174.00,72.00,213.00,72.00,213.00,140.00,174.00,140.00
172.00,73.00,211.00,73.00,211.00,144.00,172.00,144.00
169.00,71.00,206.00,71.00,206.00,143.00,169.00,143.00
168.00,70.00,205.00,70.00,205.00,142.00,168.00,142.00
165.00,67.00,201.00,67.00,201.00,138.00,165.00,138.00
162.00,66.00,199.00,66.00,199.00,137.00,162.00,137.00
160.00,64.00,198.00,64.00,198.00,137.00,160.00,137.00
158.00,63.00,196.00,63.00,196.00,138.00,158.00,138.00
159.00,64.00,198.00,64.00,198.00,140.00,159.00,140.00
157.00,63.00,193.00,63.00,193.00,136.00,157.00,136.00
155.00,63.00,192.00,63.00,192.00,136.00,155.00,136.00
152.00,62.00,189.00,62.00,189.00,134.00,152.00,134.00
149.00,62.00,188.00,62.00,188.00,134.00,149.00,134.00
147.00,61.00,187.00,61.00,187.00,134.00,147.00,134.00
147.00,61.00,186.00,61.00,186.00,133.00,147.00,133.00
146.00,60.00,184.00,60.00,184.00,132.00,146.00,132.00
146.00,59.00,183.00,59.00,183.00,133.00,146.00,133.00
146.00,60.00,186.00,60.00,186.00,137.00,146.00,137.00
146.00,60.00,183.00,60.00,183.00,132.00,146.00,132.00
146.00,62.00,185.00,62.00,185.00,133.00,146.00,133.00
146.00,63.00,185.00,63.00,185.00,136.00,146.00,136.00
146.00,63.00,185.00,63.00,185.00,136.00,146.00,136.00
148.00,63.00,183.00,63.00,183.00,138.00,148.00,138.00
150.00,62.00,182.00,62.00,182.00,132.00,150.00,132.00
150.00,61.00,181.00,61.00,181.00,132.00,150.00,132.00
150.00,58.00,182.00,58.00,182.00,131.00,150.00,131.00
151.00,56.00,185.00,56.00,185.00,130.00,151.00,130.00
153.00,56.00,187.00,56.00,187.00,131.00,153.00,131.00
155.00,55.00,190.00,55.00,190.00,127.00,155.00,127.00
157.00,51.00,194.00,51.00,194.00,125.00,157.00,125.00
161.00,55.00,195.00,55.00,195.00,127.00,161.00,127.00
165.00,57.00,197.00,57.00,197.00,126.00,165.00,126.00
167.00,56.00,199.00,56.00,199.00,124.00,167.00,124.00
168.00,55.00,201.00,55.00,201.00,121.00,168.00,121.00
170.00,55.00,203.00,55.00,203.00,123.00,170.00,123.00
175.00,61.00,207.00,61.00,207.00,128.00,175.00,128.00
175.00,61.00,208.00,61.00,208.00,129.00,175.00,129.00
177.00,65.00,210.00,65.00,210.00,131.00,177.00,131.00
178.00,66.00,212.00,66.00,212.00,132.00,178.00,132.00
179.00,67.00,213.00,67.00,213.00,132.00,179.00,132.00
178.00,70.00,214.00,70.00,214.00,135.00,178.00,135.00
179.00,72.00,215.00,72.00,215.00,136.00,179.00,136.00
179.00,73.00,215.00,73.00,215.00,135.00,179.00,135.00
179.00,76.00,214.00,76.00,214.00,138.00,179.00,138.00
182.00,77.00,219.00,77.00,219.00,140.00,182.00,140.00
183.00,77.00,221.00,77.00,221.00,140.00,183.00,140.00
187.00,78.00,224.00,78.00,224.00,141.00,187.00,141.00
195.00,77.00,231.00,77.00,231.00,142.00,195.00,142.00
195.00,76.00,232.00,76.00,232.00,140.00,195.00,140.00
195.00,73.00,235.00,73.00,235.00,137.00,195.00,137.00
195.00,71.00,234.00,71.00,234.00,137.00,195.00,137.00
194.00,71.00,231.00,71.00,231.00,136.00,194.00,136.00
192.00,72.00,227.00,72.00,227.00,137.00,192.00,137.00
193.00,69.00,226.00,69.00,226.00,135.00,193.00,135.00
193.00,69.00,226.00,69.00,226.00,134.00,193.00,134.00
192.00,65.00,226.00,65.00,226.00,131.00,192.00,131.00
192.00,67.00,228.00,67.00,228.00,133.00,192.00,133.00
190.00,67.00,229.00,67.00,229.00,133.00,190.00,133.00
194.00,69.00,231.00,69.00,231.00,131.00,194.00,131.00
185.00,70.00,222.00,70.00,222.00,130.00,185.00,130.00
186.00,70.00,222.00,70.00,222.00,130.00,186.00,130.00
188.00,70.00,221.00,70.00,221.00,129.00,188.00,129.00
189.00,66.00,222.00,66.00,222.00,127.00,189.00,127.00
189.00,62.00,223.00,62.00,223.00,126.00,189.00,126.00
191.00,56.00,224.00,56.00,224.00,121.00,191.00,121.00
190.00,40.00,221.00,40.00,221.00,101.00,190.00,101.00
185.00,29.00,216.00,29.00,216.00,87.00,185.00,87.00
183.00,25.00,215.00,25.00,215.00,82.00,183.00,82.00
180.00,28.00,214.00,28.00,214.00,84.00,180.00,84.00
180.00,26.00,214.00,26.00,214.00,82.00,180.00,82.00
183.00,18.00,217.00,18.00,217.00,73.00,183.00,73.00
183.00,15.00,216.00,15.00,216.00,70.00,183.00,70.00
183.00,11.00,214.00,11.00,214.00,75.00,183.00,75.00
184.00,16.00,218.00,16.00,218.00,71.00,184.00,71.00
184.00,15.00,217.00,15.00,217.00,70.00,184.00,70.00
185.00,16.00,217.00,16.00,217.00,71.00,185.00,71.00
178.00,18.00,212.00,18.00,212.00,74.00,178.00,74.00
166.00,24.00,201.00,24.00,201.00,79.00,166.00,79.00
164.00,26.00,200.00,26.00,200.00,82.00,164.00,82.00
163.00,23.00,200.00,23.00,200.00,78.00,163.00,78.00
163.00,26.00,198.00,26.00,198.00,80.00,163.00,80.00
164.00,24.00,195.00,24.00,195.00,79.00,164.00,79.00
163.00,23.00,195.00,23.00,195.00,78.00,163.00,78.00
165.00,24.00,193.00,24.00,193.00,78.00,165.00,78.00
165.00,28.00,194.00,28.00,194.00,81.00,165.00,81.00
165.00,38.00,194.00,38.00,194.00,95.00,165.00,95.00
156.00,47.00,192.00,47.00,192.00,101.00,156.00,101.00
159.00,49.00,193.00,49.00,193.00,103.00,159.00,103.00
161.00,51.00,195.00,51.00,195.00,106.00,161.00,106.00
159.00,56.00,196.00,56.00,196.00,110.00,159.00,110.00
160.00,58.00,197.00,58.00,197.00,111.00,160.00,111.00
162.00,72.00,196.00,72.00,196.00,127.00,162.00,127.00
164.00,76.00,196.00,76.00,196.00,131.00,164.00,131.00
165.00,78.00,196.00,78.00,196.00,132.00,165.00,132.00
162.00,65.00,194.00,65.00,194.00,117.00,162.00,117.00
162.00,60.00,195.00,60.00,195.00,111.00,162.00,111.00
161.00,59.00,193.00,59.00,193.00,109.00,161.00,109.00
168.00,52.00,196.00,52.00,196.00,103.00,168.00,103.00
164.00,53.00,191.00,53.00,191.00,103.00,164.00,103.00
162.00,55.00,189.00,55.00,189.00,104.00,162.00,104.00
155.00,58.00,181.00,58.00,181.00,106.00,155.00,106.00
154.00,62.00,186.00,62.00,186.00,105.00,154.00,105.00
156.00,61.00,188.00,61.00,188.00,102.00,156.00,102.00
157.00,59.00,186.00,59.00,186.00,101.00,157.00,101.00
156.00,59.00,185.00,59.00,185.00,103.00,156.00,103.00
155.00,59.00,184.00,59.00,184.00,104.00,155.00,104.00
153.00,61.00,180.00,61.00,180.00,103.00,153.00,103.00
150.00,64.00,178.00,64.00,178.00,105.00,150.00,105.00
147.00,63.00,176.00,63.00,176.00,105.00,147.00,105.00
144.00,64.00,172.00,64.00,172.00,105.00,144.00,105.00
138.00,66.00,167.00,66.00,167.00,106.00,138.00,106.00
135.00,68.00,163.00,68.00,163.00,108.00,135.00,108.00
135.00,73.00,161.00,73.00,161.00,114.00,135.00,114.00
136.00,76.00,163.00,76.00,163.00,117.00,136.00,117.00
135.00,77.00,163.00,77.00,163.00,119.00,135.00,119.00
136.00,73.00,163.00,73.00,163.00,112.00,136.00,112.00
138.00,70.00,163.00,70.00,163.00,109.00,138.00,109.00
139.00,70.00,164.00,70.00,164.00,110.00,139.00,110.00
140.00,68.00,164.00,68.00,164.00,107.00,140.00,107.00
142.00,68.00,165.00,68.00,165.00,106.00,142.00,106.00
142.00,67.00,164.00,67.00,164.00,106.00,142.00,106.00
144.00,67.00,167.00,67.00,167.00,105.00,144.00,105.00
146.00,67.00,170.00,67.00,170.00,105.00,146.00,105.00
148.00,66.00,172.00,66.00,172.00,104.00,148.00,104.00
148.00,65.00,173.00,65.00,173.00,104.00,148.00,104.00
149.00,68.00,174.00,68.00,174.00,107.00,149.00,107.00
151.00,68.00,176.00,68.00,176.00,107.00,151.00,107.00
152.00,68.00,176.00,68.00,176.00,105.00,152.00,105.00
152.00,69.00,176.00,69.00,176.00,106.00,152.00,106.00
151.00,70.00,176.00,70.00,176.00,108.00,151.00,108.00
151.00,70.00,176.00,70.00,176.00,108.00,151.00,108.00
152.00,69.00,177.00,69.00,177.00,108.00,152.00,108.00
153.00,68.00,179.00,68.00,179.00,107.00,153.00,107.00
153.00,70.00,179.00,70.00,179.00,110.00,153.00,110.00
153.00,68.00,178.00,68.00,178.00,107.00,153.00,107.00
153.00,68.00,179.00,68.00,179.00,107.00,153.00,107.00
152.00,68.00,178.00,68.00,178.00,108.00,152.00,108.00
151.00,68.00,178.00,68.00,178.00,108.00,151.00,108.00
151.00,67.00,178.00,67.00,178.00,108.00,151.00,108.00
151.00,66.00,177.00,66.00,177.00,107.00,151.00,107.00
151.00,66.00,178.00,66.00,178.00,107.00,151.00,107.00
152.00,66.00,179.00,66.00,179.00,108.00,152.00,108.00
152.00,65.00,179.00,65.00,179.00,108.00,152.00,108.00
152.00,64.00,179.00,64.00,179.00,108.00,152.00,108.00
154.00,64.00,180.00,64.00,180.00,108.00,154.00,108.00
154.00,62.00,181.00,62.00,181.00,106.00,154.00,106.00
153.00,62.00,180.00,62.00,180.00,108.00,153.00,108.00
153.00,61.00,180.00,61.00,180.00,107.00,153.00,107.00
155.00,61.00,180.00,61.00,180.00,107.00,155.00,107.00
154.00,62.00,179.00,62.00,179.00,109.00,154.00,109.00
155.00,62.00,180.00,62.00,180.00,108.00,155.00,108.00
154.00,63.00,180.00,63.00,180.00,111.00,154.00,111.00
156.00,62.00,182.00,62.00,182.00,109.00,156.00,109.00
155.00,63.00,181.00,63.00,181.00,110.00,155.00,110.00
154.00,65.00,180.00,65.00,180.00,112.00,154.00,112.00
156.00,65.00,182.00,65.00,182.00,110.00,156.00,110.00
156.00,66.00,182.00,66.00,182.00,111.00,156.00,111.00
158.00,66.00,183.00,66.00,183.00,110.00,158.00,110.00
157.00,65.00,182.00,65.00,182.00,110.00,157.00,110.00
157.00,67.00,182.00,67.00,182.00,112.00,157.00,112.00
158.00,67.00,183.00,67.00,183.00,111.00,158.00,111.00
158.00,69.00,184.00,69.00,184.00,114.00,158.00,114.00
158.00,69.00,184.00,69.00,184.00,114.00,158.00,114.00
158.00,69.00,184.00,69.00,184.00,114.00,158.00,114.00
158.00,69.00,182.00,69.00,182.00,113.00,158.00,113.00
158.00,70.00,182.00,70.00,182.00,114.00,158.00,114.00
156.00,71.00,181.00,71.00,181.00,117.00,156.00,117.00
154.00,71.00,180.00,71.00,180.00,119.00,154.00,119.00
155.00,71.00,182.00,71.00,182.00,118.00,155.00,118.00
154.00,72.00,180.00,72.00,180.00,120.00,154.00,120.00
154.00,74.00,180.00,74.00,180.00,123.00,154.00,123.00
155.00,73.00,181.00,73.00,181.00,121.00,155.00,121.00
154.00,74.00,179.00,74.00,179.00,123.00,154.00,123.00
154.00,72.00,180.00,72.00,180.00,121.00,154.00,121.00
154.00,74.00,180.00,74.00,180.00,124.00,154.00,124.00
153.00,74.00,179.00,74.00,179.00,124.00,153.00,124.00
153.00,74.00,179.00,74.00,179.00,125.00,153.00,125.00
152.00,73.00,178.00,73.00,178.00,125.00,152.00,125.00
152.00,72.00,179.00,72.00,179.00,124.00,152.00,124.00
151.00,71.00,179.00,71.00,179.00,122.00,151.00,122.00
150.00,72.00,178.00,72.00,178.00,123.00,150.00,123.00
149.00,72.00,177.00,72.00,177.00,124.00,149.00,124.00
148.00,72.00,177.00,72.00,177.00,125.00,148.00,125.00
146.00,71.00,176.00,71.00,176.00,125.00,146.00,125.00
145.00,72.00,174.00,72.00,174.00,126.00,145.00,126.00
143.00,73.00,171.00,73.00,171.00,127.00,143.00,127.00
142.00,73.00,169.00,73.00,169.00,126.00,142.00,126.00
141.00,74.00,168.00,74.00,168.00,127.00,141.00,127.00
139.00,74.00,167.00,74.00,167.00,126.00,139.00,126.00
138.00,73.00,166.00,73.00,166.00,126.00,138.00,126.00
138.00,69.00,166.00,69.00,166.00,122.00,138.00,122.00
138.00,67.00,165.00,67.00,165.00,120.00,138.00,120.00
138.00,67.00,167.00,67.00,167.00,122.00,138.00,122.00
139.00,66.00,168.00,66.00,168.00,124.00,139.00,124.00
140.00,66.00,170.00,66.00,170.00,125.00,140.00,125.00
141.00,64.00,171.00,64.00,171.00,123.00,141.00,123.00
142.00,62.00,172.00,62.00,172.00,124.00,142.00,124.00
143.00,61.00,171.00,61.00,171.00,121.00,143.00,121.00
144.00,61.00,172.00,61.00,172.00,121.00,144.00,121.00
145.00,61.00,173.00,61.00,173.00,121.00,145.00,121.00
144.00,60.00,173.00,60.00,173.00,120.00,144.00,120.00
145.00,60.00,174.00,60.00,174.00,118.00,145.00,118.00
144.00,62.00,173.00,62.00,173.00,120.00,144.00,120.00
143.00,62.00,173.00,62.00,173.00,121.00,143.00,121.00
143.00,63.00,173.00,63.00,173.00,122.00,143.00,122.00
143.00,66.00,172.00,66.00,172.00,125.00,143.00,125.00
142.00,66.00,171.00,66.00,171.00,124.00,142.00,124.00
143.00,66.00,172.00,66.00,172.00,125.00,143.00,125.00
142.00,66.00,171.00,66.00,171.00,125.00,142.00,125.00
141.00,65.00,170.00,65.00,170.00,124.00,141.00,124.00
141.00,64.00,170.00,64.00,170.00,124.00,141.00,124.00
140.00,64.00,169.00,64.00,169.00,124.00,140.00,124.00
142.00,65.00,170.00,65.00,170.00,124.00,142.00,124.00
141.00,66.00,170.00,66.00,170.00,125.00,141.00,125.00
140.00,65.00,169.00,65.00,169.00,125.00,140.00,125.00
140.00,65.00,169.00,65.00,169.00,125.00,140.00,125.00
140.00,65.00,169.00,65.00,169.00,125.00,140.00,125.00
141.00,65.00,169.00,65.00,169.00,125.00,141.00,125.00
142.00,65.00,170.00,65.00,170.00,124.00,142.00,124.00
140.00,64.00,170.00,64.00,170.00,125.00,140.00,125.00
143.00,65.00,172.00,65.00,172.00,125.00,143.00,125.00
144.00,66.00,172.00,66.00,172.00,124.00,144.00,124.00
143.00,64.00,172.00,64.00,172.00,125.00,143.00,125.00
144.00,65.00,172.00,65.00,172.00,124.00,144.00,124.00
143.00,65.00,171.00,65.00,171.00,125.00,143.00,125.00
143.00,64.00,171.00,64.00,171.00,123.00,143.00,123.00
144.00,64.00,172.00,64.00,172.00,123.00,144.00,123.00
144.00,63.00,172.00,63.00,172.00,121.00,144.00,121.00
144.00,63.00,173.00,63.00,173.00,121.00,144.00,121.00
144.00,64.00,173.00,64.00,173.00,123.00,144.00,123.00
144.00,64.00,172.00,64.00,172.00,122.00,144.00,122.00
143.00,66.00,172.00,66.00,172.00,125.00,143.00,125.00
143.00,67.00,172.00,67.00,172.00,125.00,143.00,125.00
143.00,66.00,172.00,66.00,172.00,123.00,143.00,123.00
143.00,66.00,172.00,66.00,172.00,122.00,143.00,122.00
141.00,68.00,171.00,68.00,171.00,127.00,141.00,127.00
142.00,68.00,171.00,68.00,171.00,125.00,142.00,125.00
141.00,66.00,172.00,66.00,172.00,124.00,141.00,124.00
141.00,66.00,171.00,66.00,171.00,125.00,141.00,125.00
141.00,67.00,171.00,67.00,171.00,126.00,141.00,126.00
141.00,68.00,171.00,68.00,171.00,126.00,141.00,126.00
141.00,67.00,172.00,67.00,172.00,125.00,141.00,125.00
140.00,68.00,171.00,68.00,171.00,125.00,140.00,125.00
