1
141.00,27.00,171.00,27.00,171.00,150.00,141.00,150.00
141.00,26.00,170.00,26.00,170.00,150.00,141.00,150.00
140.00,26.00,170.00,26.00,170.00,150.00,140.00,150.00
140.00,26.00,170.00,26.00,170.00,150.00,140.00,150.00
139.00,27.00,169.00,27.00,169.00,151.00,139.00,151.00
139.00,27.00,170.00,27.00,170.00,151.00,139.00,151.00
138.00,27.00,168.00,27.00,168.00,151.00,138.00,151.00
137.00,27.00,168.00,27.00,168.00,152.00,137.00,152.00
137.00,28.00,168.00,28.00,168.00,152.00,137.00,152.00
137.00,29.00,167.00,29.00,167.00,154.00,137.00,154.00
136.00,30.00,166.00,30.00,166.00,153.00,136.00,153.00
136.00,30.00,166.00,30.00,166.00,154.00,136.00,154.00
135.00,30.00,166.00,30.00,166.00,153.00,135.00,153.00
135.00,32.00,166.00,32.00,166.00,155.00,135.00,155.00
134.00,32.00,164.00,32.00,164.00,155.00,134.00,155.00
134.00,33.00,164.00,33.00,164.00,157.00,134.00,157.00
133.00,32.00,163.00,32.00,163.00,156.00,133.00,156.00
134.00,32.00,164.00,32.00,164.00,155.00,134.00,155.00
133.00,32.00,163.00,32.00,163.00,155.00,133.00,155.00
134.00,31.00,164.00,31.00,164.00,154.00,134.00,154.00
134.00,31.00,164.00,31.00,164.00,152.00,134.00,152.00
135.00,30.00,165.00,30.00,165.00,152.00,135.00,152.00
135.00,30.00,165.00,30.00,165.00,153.00,135.00,153.00
135.00,30.00,165.00,30.00,165.00,152.00,135.00,152.00
136.00,31.00,166.00,31.00,166.00,153.00,136.00,153.00
137.00,29.00,167.00,29.00,167.00,152.00,137.00,152.00
137.00,30.00,167.00,30.00,167.00,154.00,137.00,154.00
138.00,31.00,167.00,31.00,167.00,153.00,138.00,153.00
138.00,31.00,167.00,31.00,167.00,153.00,138.00,153.00
139.00,31.00,168.00,31.00,168.00,154.00,139.00,154.00
139.00,32.00,168.00,32.00,168.00,154.00,139.00,154.00
139.00,32.00,168.00,32.00,168.00,155.00,139.00,155.00
139.00,32.00,168.00,32.00,168.00,156.00,139.00,156.00
139.00,33.00,168.00,33.00,168.00,156.00,139.00,156.00
138.00,33.00,168.00,33.00,168.00,157.00,138.00,157.00
138.00,33.00,168.00,33.00,168.00,157.00,138.00,157.00
137.00,34.00,167.00,34.00,167.00,157.00,137.00,157.00
136.00,34.00,166.00,34.00,166.00,158.00,136.00,158.00
136.00,34.00,166.00,34.00,166.00,159.00,136.00,159.00
135.00,34.00,165.00,34.00,165.00,157.00,135.00,157.00
134.00,34.00,164.00,34.00,164.00,158.00,134.00,158.00
134.00,35.00,164.00,35.00,164.00,158.00,134.00,158.00
134.00,34.00,164.00,34.00,164.00,158.00,134.00,158.00
135.00,34.00,164.00,34.00,164.00,157.00,135.00,157.00
134.00,35.00,164.00,35.00,164.00,157.00,134.00,157.00
135.00,34.00,165.00,34.00,165.00,158.00,135.00,158.00
135.00,35.00,165.00,35.00,165.00,159.00,135.00,159.00
134.00,35.00,164.00,35.00,164.00,158.00,134.00,158.00
135.00,35.00,165.00,35.00,165.00,159.00,135.00,159.00
135.00,36.00,165.00,36.00,165.00,159.00,135.00,159.00
135.00,36.00,165.00,36.00,165.00,160.00,135.00,160.00
134.00,37.00,164.00,37.00,164.00,161.00,134.00,161.00
134.00,37.00,165.00,37.00,165.00,159.00,134.00,159.00
134.00,36.00,164.00,36.00,164.00,160.00,134.00,160.00
133.00,37.00,164.00,37.00,164.00,160.00,133.00,160.00
133.00,36.00,164.00,36.00,164.00,160.00,133.00,160.00
133.00,36.00,163.00,36.00,163.00,159.00,133.00,159.00
134.00,36.00,164.00,36.00,164.00,159.00,134.00,159.00
134.00,36.00,164.00,36.00,164.00,159.00,134.00,159.00
134.00,36.00,165.00,36.00,165.00,158.00,134.00,158.00
135.00,36.00,165.00,36.00,165.00,158.00,135.00,158.00
136.00,37.00,166.00,37.00,166.00,158.00,136.00,158.00
137.00,37.00,167.00,37.00,167.00,157.00,137.00,157.00
137.00,37.00,167.00,37.00,167.00,158.00,137.00,158.00
138.00,39.00,167.00,39.00,167.00,157.00,138.00,157.00
138.00,40.00,168.00,40.00,168.00,158.00,138.00,158.00
139.00,40.00,168.00,40.00,168.00,157.00,139.00,157.00
139.00,41.00,167.00,41.00,167.00,157.00,139.00,157.00
139.00,40.00,168.00,40.00,168.00,155.00,139.00,155.00
140.00,43.00,168.00,43.00,168.00,157.00,140.00,157.00
140.00,44.00,168.00,44.00,168.00,155.00,140.00,155.00
140.00,43.00,169.00,43.00,169.00,156.00,140.00,156.00
140.00,46.00,168.00,46.00,168.00,157.00,140.00,157.00
137.00,49.00,167.00,49.00,167.00,157.00,137.00,157.00
136.00,50.00,165.00,50.00,165.00,157.00,136.00,157.00
131.00,52.00,161.00,52.00,161.00,156.00,131.00,156.00
126.00,51.00,157.00,51.00,157.00,154.00,126.00,154.00
123.00,48.00,155.00,48.00,155.00,151.00,123.00,151.00
117.00,49.00,149.00,49.00,149.00,149.00,117.00,149.00
110.00,47.00,143.00,47.00,143.00,147.00,110.00,147.00
108.00,46.00,140.00,46.00,140.00,146.00,108.00,146.00
103.00,45.00,136.00,45.00,136.00,146.00,103.00,146.00
99.00,46.00,133.00,46.00,133.00,146.00,99.00,146.00
101.00,46.00,133.00,46.00,133.00,144.00,101.00,144.00
101.00,48.00,130.00,48.00,130.00,143.00,101.00,143.00
99.00,51.00,126.00,51.00,126.00,143.00,99.00,143.00
101.00,51.00,128.00,51.00,128.00,141.00,101.00,141.00
102.00,53.00,131.00,53.00,131.00,138.00,102.00,138.00
116.00,45.00,142.00,45.00,142.00,142.00,116.00,142.00
107.00,58.00,135.00,58.00,135.00,137.00,107.00,137.00
113.00,60.00,142.00,60.00,142.00,137.00,113.00,137.00
119.00,53.00,147.00,53.00,147.00,133.00,119.00,133.00
122.00,54.00,149.00,54.00,149.00,136.00,122.00,136.00
124.00,53.00,152.00,53.00,152.00,138.00,124.00,138.00
134.00,46.00,162.00,46.00,162.00,135.00,134.00,135.00
138.00,46.00,165.00,46.00,165.00,134.00,138.00,134.00
132.00,48.00,164.00,48.00,164.00,136.00,132.00,136.00
129.00,46.00,158.00,46.00,158.00,129.00,129.00,129.00
128.00,48.00,157.00,48.00,157.00,127.00,128.00,127.00
125.00,48.00,152.00,48.00,152.00,125.00,125.00,125.00
119.00,49.00,147.00,49.00,147.00,129.00,119.00,129.00
130.00,47.00,156.00,47.00,156.00,128.00,130.00,128.00
131.00,47.00,157.00,47.00,157.00,131.00,131.00,131.00
132.00,45.00,158.00,45.00,158.00,130.00,132.00,130.00
129.00,46.00,156.00,46.00,156.00,134.00,129.00,134.00
127.00,50.00,156.00,50.00,156.00,134.00,127.00,134.00
134.00,48.00,163.00,48.00,163.00,128.00,134.00,128.00
127.00,52.00,157.00,52.00,157.00,129.00,127.00,129.00
134.00,52.00,162.00,52.00,162.00,128.00,134.00,128.00
137.00,49.00,165.00,49.00,165.00,126.00,137.00,126.00
138.00,50.00,166.00,50.00,166.00,127.00,138.00,127.00
139.00,47.00,169.00,47.00,169.00,128.00,139.00,128.00
140.00,47.00,169.00,47.00,169.00,132.00,140.00,132.00
140.00,47.00,172.00,47.00,172.00,135.00,140.00,135.00
142.00,50.00,171.00,50.00,171.00,135.00,142.00,135.00
140.00,53.00,168.00,53.00,168.00,136.00,140.00,136.00
139.00,51.00,168.00,51.00,168.00,136.00,139.00,136.00
138.00,49.00,166.00,49.00,166.00,133.00,138.00,133.00
139.00,50.00,168.00,50.00,168.00,137.00,139.00,137.00
138.00,49.00,166.00,49.00,166.00,135.00,138.00,135.00
136.00,53.00,165.00,53.00,165.00,138.00,136.00,138.00
136.00,57.00,165.00,57.00,165.00,143.00,136.00,143.00
133.00,62.00,161.00,62.00,161.00,146.00,133.00,146.00
140.00,58.00,168.00,58.00,168.00,138.00,140.00,138.00
145.00,54.00,171.00,54.00,171.00,133.00,145.00,133.00
145.00,55.00,171.00,55.00,171.00,134.00,145.00,134.00
144.00,55.00,170.00,55.00,170.00,136.00,144.00,136.00
142.00,55.00,169.00,55.00,169.00,135.00,142.00,135.00
141.00,56.00,170.00,56.00,170.00,135.00,141.00,135.00
138.00,60.00,168.00,60.00,168.00,136.00,138.00,136.00
138.00,67.00,167.00,67.00,167.00,144.00,138.00,144.00
138.00,69.00,167.00,69.00,167.00,144.00,138.00,144.00
139.00,73.00,167.00,73.00,167.00,149.00,139.00,149.00
140.00,78.00,168.00,78.00,168.00,156.00,140.00,156.00
141.00,81.00,169.00,81.00,169.00,162.00,141.00,162.00
137.00,86.00,166.00,86.00,166.00,174.00,137.00,174.00
134.00,85.00,161.00,85.00,161.00,163.00,134.00,163.00
127.00,76.00,158.00,76.00,158.00,158.00,127.00,158.00
129.00,71.00,156.00,71.00,156.00,150.00,129.00,150.00
130.00,65.00,157.00,65.00,157.00,143.00,130.00,143.00
132.00,59.00,159.00,59.00,159.00,136.00,132.00,136.00
135.00,56.00,162.00,56.00,162.00,133.00,135.00,133.00
138.00,49.00,165.00,49.00,165.00,126.00,138.00,126.00
141.00,47.00,170.00,47.00,170.00,113.00,141.00,113.00
147.00,43.00,176.00,43.00,176.00,111.00,147.00,111.00
153.00,37.00,182.00,37.00,182.00,109.00,153.00,109.00
153.00,40.00,184.00,40.00,184.00,111.00,153.00,111.00
156.00,46.00,186.00,46.00,186.00,119.00,156.00,119.00
156.00,55.00,183.00,55.00,183.00,129.00,156.00,129.00
154.00,62.00,180.00,62.00,180.00,135.00,154.00,135.00
153.00,86.00,179.00,86.00,179.00,158.00,153.00,158.00
146.00,101.00,172.00,101.00,172.00,172.00,146.00,172.00
153.00,112.00,179.00,112.00,179.00,182.00,153.00,182.00
157.00,95.00,183.00,95.00,183.00,164.00,157.00,164.00
168.00,95.00,196.00,95.00,196.00,165.00,168.00,165.00
168.00,98.00,196.00,98.00,196.00,175.00,168.00,175.00
166.00,99.00,194.00,99.00,194.00,180.00,166.00,180.00
162.00,92.00,190.00,92.00,190.00,168.00,162.00,168.00
157.00,84.00,183.00,84.00,183.00,159.00,157.00,159.00
148.00,77.00,175.00,77.00,175.00,150.00,148.00,150.00
132.00,71.00,160.00,71.00,160.00,143.00,132.00,143.00
126.00,67.00,156.00,67.00,156.00,138.00,126.00,138.00
125.00,54.00,150.00,54.00,150.00,122.00,125.00,122.00
118.00,46.00,145.00,46.00,145.00,105.00,118.00,105.00
118.00,41.00,145.00,41.00,145.00,102.00,118.00,102.00
124.00,40.00,149.00,40.00,149.00,111.00,124.00,111.00
131.00,38.00,158.00,38.00,158.00,102.00,131.00,102.00
131.00,41.00,156.00,41.00,156.00,112.00,131.00,112.00
139.00,36.00,165.00,36.00,165.00,99.00,139.00,99.00
147.00,31.00,172.00,31.00,172.00,99.00,147.00,99.00
154.00,33.00,178.00,33.00,178.00,101.00,154.00,101.00
158.00,38.00,182.00,38.00,182.00,105.00,158.00,105.00
162.00,40.00,187.00,40.00,187.00,107.00,162.00,107.00
162.00,42.00,189.00,42.00,189.00,110.00,162.00,110.00
163.00,50.00,191.00,50.00,191.00,113.00,163.00,113.00
161.00,55.00,186.00,55.00,186.00,125.00,161.00,125.00
161.00,56.00,188.00,56.00,188.00,120.00,161.00,120.00
160.00,58.00,185.00,58.00,185.00,128.00,160.00,128.00
159.00,55.00,184.00,55.00,184.00,125.00,159.00,125.00
163.00,59.00,188.00,59.00,188.00,128.00,163.00,128.00
163.00,62.00,188.00,62.00,188.00,124.00,163.00,124.00
171.00,62.00,197.00,62.00,197.00,130.00,171.00,130.00
170.00,63.00,197.00,63.00,197.00,134.00,170.00,134.00
170.00,69.00,196.00,69.00,196.00,140.00,170.00,140.00
172.00,70.00,200.00,70.00,200.00,140.00,172.00,140.00
172.00,74.00,200.00,74.00,200.00,142.00,172.00,142.00
170.00,71.00,197.00,71.00,197.00,139.00,170.00,139.00
169.00,73.00,196.00,73.00,196.00,139.00,169.00,139.00
170.00,74.00,198.00,74.00,198.00,140.00,170.00,140.00
167.00,73.00,194.00,73.00,194.00,136.00,167.00,136.00
171.00,71.00,197.00,71.00,197.00,133.00,171.00,133.00
169.00,66.00,194.00,66.00,194.00,126.00,169.00,126.00
180.00,67.00,205.00,67.00,205.00,127.00,180.00,127.00
177.00,67.00,201.00,67.00,201.00,128.00,177.00,128.00
175.00,66.00,199.00,66.00,199.00,127.00,175.00,127.00
179.00,65.00,203.00,65.00,203.00,126.00,179.00,126.00
185.00,68.00,209.00,68.00,209.00,129.00,185.00,129.00
189.00,67.00,213.00,67.00,213.00,128.00,189.00,128.00
180.00,69.00,204.00,69.00,204.00,130.00,180.00,130.00
180.00,69.00,205.00,69.00,205.00,129.00,180.00,129.00
183.00,70.00,207.00,70.00,207.00,129.00,183.00,129.00
181.00,70.00,205.00,70.00,205.00,129.00,181.00,129.00
175.00,68.00,200.00,68.00,200.00,129.00,175.00,129.00
175.00,67.00,199.00,67.00,199.00,129.00,175.00,129.00
173.00,70.00,198.00,70.00,198.00,129.00,173.00,129.00
172.00,70.00,198.00,70.00,198.00,129.00,172.00,129.00
172.00,69.00,196.00,69.00,196.00,128.00,172.00,128.00
172.00,70.00,196.00,70.00,196.00,128.00,172.00,128.00
172.00,70.00,196.00,70.00,196.00,127.00,172.00,127.00
171.00,66.00,194.00,66.00,194.00,124.00,171.00,124.00
170.00,72.00,194.00,72.00,194.00,128.00,170.00,128.00
171.00,70.00,195.00,70.00,195.00,127.00,171.00,127.00
172.00,70.00,196.00,70.00,196.00,126.00,172.00,126.00
176.00,65.00,199.00,65.00,199.00,121.00,176.00,121.00
177.00,60.00,199.00,60.00,199.00,118.00,177.00,118.00
178.00,59.00,200.00,59.00,200.00,116.00,178.00,116.00
181.00,54.00,203.00,54.00,203.00,108.00,181.00,108.00
183.00,52.00,205.00,52.00,205.00,106.00,183.00,106.00
184.00,52.00,205.00,52.00,205.00,106.00,184.00,106.00
185.00,52.00,206.00,52.00,206.00,105.00,185.00,105.00
187.00,50.00,207.00,50.00,207.00,102.00,187.00,102.00
187.00,51.00,207.00,51.00,207.00,103.00,187.00,103.00
189.00,53.00,209.00,53.00,209.00,104.00,189.00,104.00
190.00,58.00,210.00,58.00,210.00,110.00,190.00,110.00
190.00,62.00,211.00,62.00,211.00,115.00,190.00,115.00
191.00,66.00,211.00,66.00,211.00,120.00,191.00,120.00
192.00,65.00,212.00,65.00,212.00,117.00,192.00,117.00
193.00,71.00,213.00,71.00,213.00,124.00,193.00,124.00
193.00,72.00,214.00,72.00,214.00,126.00,193.00,126.00
194.00,69.00,214.00,69.00,214.00,121.00,194.00,121.00
195.00,66.00,215.00,66.00,215.00,117.00,195.00,117.00
196.00,64.00,216.00,64.00,216.00,114.00,196.00,114.00
197.00,66.00,217.00,66.00,217.00,115.00,197.00,115.00
198.00,66.00,217.00,66.00,217.00,115.00,198.00,115.00
198.00,67.00,217.00,67.00,217.00,114.00,198.00,114.00
199.00,67.00,217.00,67.00,217.00,114.00,199.00,114.00
199.00,71.00,218.00,71.00,218.00,120.00,199.00,120.00
200.00,65.00,218.00,65.00,218.00,112.00,200.00,112.00
201.00,66.00,219.00,66.00,219.00,113.00,201.00,113.00
201.00,67.00,219.00,67.00,219.00,114.00,201.00,114.00
200.00,67.00,219.00,67.00,219.00,117.00,200.00,117.00
201.00,67.00,219.00,67.00,219.00,115.00,201.00,115.00
200.00,67.00,219.00,67.00,219.00,116.00,200.00,116.00
200.00,67.00,220.00,67.00,220.00,117.00,200.00,117.00
201.00,67.00,220.00,67.00,220.00,116.00,201.00,116.00
201.00,67.00,220.00,67.00,220.00,117.00,201.00,117.00
200.00,69.00,220.00,69.00,220.00,119.00,200.00,119.00
201.00,69.00,221.00,69.00,221.00,119.00,201.00,119.00
201.00,69.00,221.00,69.00,221.00,119.00,201.00,119.00
202.00,67.00,221.00,67.00,221.00,114.00,202.00,114.00
202.00,68.00,220.00,68.00,220.00,116.00,202.00,116.00
203.00,67.00,221.00,67.00,221.00,115.00,203.00,115.00
203.00,67.00,221.00,67.00,221.00,114.00,203.00,114.00
201.00,68.00,220.00,68.00,220.00,116.00,201.00,116.00
201.00,69.00,219.00,69.00,219.00,117.00,201.00,117.00
200.00,69.00,218.00,69.00,218.00,116.00,200.00,116.00
200.00,69.00,218.00,69.00,218.00,115.00,200.00,115.00
199.00,69.00,218.00,69.00,218.00,115.00,199.00,115.00
198.00,69.00,217.00,69.00,217.00,116.00,198.00,116.00
198.00,68.00,216.00,68.00,216.00,113.00,198.00,113.00
198.00,68.00,217.00,68.00,217.00,115.00,198.00,115.00
197.00,68.00,216.00,68.00,216.00,115.00,197.00,115.00
196.00,68.00,215.00,68.00,215.00,115.00,196.00,115.00
196.00,67.00,215.00,67.00,215.00,114.00,196.00,114.00
195.00,66.00,214.00,66.00,214.00,114.00,195.00,114.00
194.00,66.00,214.00,66.00,214.00,115.00,194.00,115.00
194.00,67.00,214.00,67.00,214.00,116.00,194.00,116.00
192.00,68.00,212.00,68.00,212.00,117.00,192.00,117.00
191.00,66.00,211.00,66.00,211.00,116.00,191.00,116.00
192.00,66.00,212.00,66.00,212.00,114.00,192.00,114.00
192.00,68.00,212.00,68.00,212.00,116.00,192.00,116.00
191.00,69.00,212.00,69.00,212.00,118.00,191.00,118.00
191.00,69.00,211.00,69.00,211.00,117.00,191.00,117.00
191.00,69.00,211.00,69.00,211.00,117.00,191.00,117.00
193.00,70.00,212.00,70.00,212.00,118.00,193.00,118.00
192.00,70.00,211.00,70.00,211.00,118.00,192.00,118.00
192.00,71.00,212.00,71.00,212.00,119.00,192.00,119.00
192.00,72.00,212.00,72.00,212.00,120.00,192.00,120.00
192.00,71.00,212.00,71.00,212.00,119.00,192.00,119.00
192.00,72.00,212.00,72.00,212.00,120.00,192.00,120.00
192.00,73.00,211.00,73.00,211.00,120.00,192.00,120.00
192.00,73.00,212.00,73.00,212.00,121.00,192.00,121.00
192.00,73.00,212.00,73.00,212.00,120.00,192.00,120.00
192.00,72.00,211.00,72.00,211.00,119.00,192.00,119.00
193.00,71.00,212.00,71.00,212.00,120.00,193.00,120.00
194.00,72.00,212.00,72.00,212.00,120.00,194.00,120.00
194.00,73.00,213.00,73.00,213.00,122.00,194.00,122.00
194.00,72.00,212.00,72.00,212.00,120.00,194.00,120.00
194.00,72.00,213.00,72.00,213.00,120.00,194.00,120.00
195.00,72.00,213.00,72.00,213.00,119.00,195.00,119.00
195.00,73.00,214.00,73.00,214.00,120.00,195.00,120.00
195.00,71.00,214.00,71.00,214.00,118.00,195.00,118.00
196.00,71.00,215.00,71.00,215.00,118.00,196.00,118.00
197.00,70.00,215.00,70.00,215.00,118.00,197.00,118.00
197.00,70.00,216.00,70.00,216.00,119.00,197.00,119.00
197.00,70.00,216.00,70.00,216.00,118.00,197.00,118.00
197.00,70.00,216.00,70.00,216.00,118.00,197.00,118.00
197.00,71.00,216.00,71.00,216.00,118.00,197.00,118.00
197.00,71.00,217.00,71.00,217.00,119.00,197.00,119.00
197.00,70.00,216.00,70.00,216.00,117.00,197.00,117.00
197.00,69.00,216.00,69.00,216.00,118.00,197.00,118.00
196.00,68.00,215.00,68.00,215.00,116.00,196.00,116.00
197.00,67.00,216.00,67.00,216.00,116.00,197.00,116.00
196.00,68.00,215.00,68.00,215.00,117.00,196.00,117.00
195.00,67.00,214.00,67.00,214.00,116.00,195.00,116.00
195.00,68.00,214.00,68.00,214.00,117.00,195.00,117.00
195.00,69.00,214.00,69.00,214.00,117.00,195.00,117.00
195.00,70.00,213.00,70.00,213.00,117.00,195.00,117.00
194.00,69.00,213.00,69.00,213.00,117.00,194.00,117.00
194.00,68.00,213.00,68.00,213.00,116.00,194.00,116.00
193.00,68.00,212.00,68.00,212.00,117.00,193.00,117.00
193.00,67.00,212.00,67.00,212.00,117.00,193.00,117.00
193.00,67.00,212.00,67.00,212.00,117.00,193.00,117.00
192.00,66.00,211.00,66.00,211.00,114.00,192.00,114.00
191.00,65.00,209.00,65.00,209.00,111.00,191.00,111.00
190.00,67.00,209.00,67.00,209.00,114.00,190.00,114.00
190.00,67.00,209.00,67.00,209.00,114.00,190.00,114.00
187.00,66.00,206.00,66.00,206.00,111.00,187.00,111.00
190.00,74.00,209.00,74.00,209.00,121.00,190.00,121.00
190.00,78.00,208.00,78.00,208.00,124.00,190.00,124.00
190.00,77.00,208.00,77.00,208.00,122.00,190.00,122.00
188.00,82.00,207.00,82.00,207.00,127.00,188.00,127.00
189.00,86.00,209.00,86.00,209.00,131.00,189.00,131.00
188.00,87.00,208.00,87.00,208.00,132.00,188.00,132.00
187.00,88.00,207.00,88.00,207.00,132.00,187.00,132.00
184.00,86.00,204.00,86.00,204.00,130.00,184.00,130.00
181.00,84.00,201.00,84.00,201.00,129.00,181.00,129.00
178.00,83.00,199.00,83.00,199.00,130.00,178.00,130.00
168.00,74.00,188.00,74.00,188.00,122.00,168.00,122.00
164.00,72.00,183.00,72.00,183.00,116.00,164.00,116.00
166.00,71.00,187.00,71.00,187.00,119.00,166.00,119.00
167.00,72.00,189.00,72.00,189.00,123.00,167.00,123.00
165.00,72.00,187.00,72.00,187.00,122.00,165.00,122.00
163.00,69.00,184.00,69.00,184.00,118.00,163.00,118.00
164.00,69.00,182.00,69.00,182.00,114.00,164.00,114.00
164.00,73.00,182.00,73.00,182.00,117.00,164.00,117.00
161.00,77.00,179.00,77.00,179.00,120.00,161.00,120.00
159.00,75.00,178.00,75.00,178.00,118.00,159.00,118.00
156.00,74.00,177.00,74.00,177.00,119.00,156.00,119.00
155.00,74.00,175.00,74.00,175.00,120.00,155.00,120.00
156.00,71.00,176.00,71.00,176.00,119.00,156.00,119.00
155.00,71.00,176.00,71.00,176.00,117.00,155.00,117.00
156.00,73.00,176.00,73.00,176.00,118.00,156.00,118.00
157.00,74.00,177.00,74.00,177.00,119.00,157.00,119.00
157.00,75.00,176.00,75.00,176.00,119.00,157.00,119.00
156.00,73.00,175.00,73.00,175.00,116.00,156.00,116.00
157.00,72.00,175.00,72.00,175.00,115.00,157.00,115.00
155.00,66.00,171.00,66.00,171.00,107.00,155.00,107.00
155.00,64.00,171.00,64.00,171.00,105.00,155.00,105.00
156.00,59.00,172.00,59.00,172.00,97.00,156.00,97.00
158.00,59.00,174.00,59.00,174.00,98.00,158.00,98.00
161.00,57.00,177.00,57.00,177.00,96.00,161.00,96.00
165.00,56.00,182.00,56.00,182.00,97.00,165.00,97.00
166.00,55.00,182.00,55.00,182.00,96.00,166.00,96.00
170.00,58.00,187.00,58.00,187.00,100.00,170.00,100.00
174.00,60.00,191.00,60.00,191.00,102.00,174.00,102.00
176.00,59.00,193.00,59.00,193.00,102.00,176.00,102.00
178.00,60.00,195.00,60.00,195.00,104.00,178.00,104.00
179.00,61.00,197.00,61.00,197.00,106.00,179.00,106.00
181.00,62.00,199.00,62.00,199.00,106.00,181.00,106.00
182.00,64.00,201.00,64.00,201.00,109.00,182.00,109.00
184.00,68.00,203.00,68.00,203.00,114.00,184.00,114.00
184.00,69.00,203.00,69.00,203.00,114.00,184.00,114.00
186.00,73.00,204.00,73.00,204.00,115.00,186.00,115.00
187.00,77.00,204.00,77.00,204.00,118.00,187.00,118.00
187.00,80.00,204.00,80.00,204.00,120.00,187.00,120.00
190.00,82.00,208.00,82.00,208.00,120.00,190.00,120.00
192.00,85.00,210.00,85.00,210.00,124.00,192.00,124.00
193.00,85.00,212.00,85.00,212.00,123.00,193.00,123.00
197.00,84.00,215.00,84.00,215.00,122.00,197.00,122.00
200.00,82.00,218.00,82.00,218.00,118.00,200.00,118.00
202.00,80.00,219.00,80.00,219.00,116.00,202.00,116.00
202.00,75.00,220.00,75.00,220.00,113.00,202.00,113.00
202.00,69.00,220.00,69.00,220.00,108.00,202.00,108.00
201.00,70.00,217.00,70.00,217.00,108.00,201.00,108.00
199.00,71.00,216.00,71.00,216.00,109.00,199.00,109.00
198.00,70.00,215.00,70.00,215.00,108.00,198.00,108.00
198.00,71.00,215.00,71.00,215.00,109.00,198.00,109.00
197.00,70.00,214.00,70.00,214.00,105.00,197.00,105.00
194.00,68.00,212.00,68.00,212.00,103.00,194.00,103.00
194.00,67.00,212.00,67.00,212.00,102.00,194.00,102.00
193.00,68.00,211.00,68.00,211.00,101.00,193.00,101.00
191.00,69.00,209.00,69.00,209.00,103.00,191.00,103.00
193.00,71.00,210.00,71.00,210.00,105.00,193.00,105.00
195.00,73.00,211.00,73.00,211.00,107.00,195.00,107.00
197.00,67.00,213.00,67.00,213.00,101.00,197.00,101.00
198.00,64.00,214.00,64.00,214.00,98.00,198.00,98.00
199.00,60.00,215.00,60.00,215.00,97.00,199.00,97.00
199.00,56.00,215.00,56.00,215.00,95.00,199.00,95.00
198.00,54.00,215.00,54.00,215.00,94.00,198.00,94.00
195.00,47.00,211.00,47.00,211.00,84.00,195.00,84.00
188.00,42.00,206.00,42.00,206.00,77.00,188.00,77.00
184.00,40.00,202.00,40.00,202.00,74.00,184.00,74.00
188.00,41.00,206.00,41.00,206.00,74.00,188.00,74.00
187.00,38.00,204.00,38.00,204.00,70.00,187.00,70.00
187.00,37.00,204.00,37.00,204.00,70.00,187.00,70.00
187.00,32.00,205.00,32.00,205.00,67.00,187.00,67.00
190.00,23.00,207.00,23.00,207.00,58.00,190.00,58.00
190.00,24.00,207.00,24.00,207.00,59.00,190.00,59.00
180.00,32.00,199.00,32.00,199.00,68.00,180.00,68.00
176.00,33.00,195.00,33.00,195.00,72.00,176.00,72.00
174.00,32.00,194.00,32.00,194.00,72.00,174.00,72.00
173.00,33.00,191.00,33.00,191.00,73.00,173.00,73.00
171.00,35.00,189.00,35.00,189.00,73.00,171.00,73.00
171.00,39.00,189.00,39.00,189.00,76.00,171.00,76.00
168.00,38.00,186.00,38.00,186.00,72.00,168.00,72.00
169.00,49.00,188.00,49.00,188.00,82.00,169.00,82.00
170.00,49.00,188.00,49.00,188.00,82.00,170.00,82.00
166.00,51.00,184.00,51.00,184.00,84.00,166.00,84.00
166.00,54.00,185.00,54.00,185.00,89.00,166.00,89.00
167.00,55.00,185.00,55.00,185.00,91.00,167.00,91.00
168.00,60.00,187.00,60.00,187.00,98.00,168.00,98.00
168.00,67.00,187.00,67.00,187.00,108.00,168.00,108.00
169.00,72.00,187.00,72.00,187.00,112.00,169.00,112.00
170.00,76.00,187.00,76.00,187.00,116.00,170.00,116.00
171.00,78.00,187.00,78.00,187.00,117.00,171.00,117.00
172.00,78.00,188.00,78.00,188.00,117.00,172.00,117.00
172.00,75.00,188.00,75.00,188.00,116.00,172.00,116.00
171.00,71.00,188.00,71.00,188.00,111.00,171.00,111.00
172.00,70.00,189.00,70.00,189.00,110.00,172.00,110.00
169.00,63.00,186.00,63.00,186.00,99.00,169.00,99.00
166.00,64.00,183.00,64.00,183.00,97.00,166.00,97.00
166.00,63.00,182.00,63.00,182.00,95.00,166.00,95.00
162.00,64.00,180.00,64.00,180.00,97.00,162.00,97.00
162.00,62.00,180.00,62.00,180.00,98.00,162.00,98.00
162.00,60.00,181.00,60.00,181.00,96.00,162.00,96.00
162.00,61.00,180.00,61.00,180.00,96.00,162.00,96.00
161.00,60.00,179.00,60.00,179.00,96.00,161.00,96.00
159.00,58.00,178.00,58.00,178.00,95.00,159.00,95.00
158.00,61.00,175.00,61.00,175.00,98.00,158.00,98.00
154.00,64.00,171.00,64.00,171.00,97.00,154.00,97.00
150.00,64.00,168.00,64.00,168.00,97.00,150.00,97.00
148.00,67.00,165.00,67.00,165.00,100.00,148.00,100.00
142.00,71.00,161.00,71.00,161.00,106.00,142.00,106.00
140.00,72.00,159.00,72.00,159.00,106.00,140.00,106.00
140.00,76.00,157.00,76.00,157.00,109.00,140.00,109.00
141.00,79.00,157.00,79.00,157.00,111.00,141.00,111.00
141.00,79.00,157.00,79.00,157.00,111.00,141.00,111.00
141.00,76.00,157.00,76.00,157.00,109.00,141.00,109.00
142.00,73.00,158.00,73.00,158.00,106.00,142.00,106.00
143.00,72.00,159.00,72.00,159.00,106.00,143.00,106.00
144.00,70.00,159.00,70.00,159.00,104.00,144.00,104.00
146.00,69.00,161.00,69.00,161.00,103.00,146.00,103.00
146.00,69.00,161.00,69.00,161.00,103.00,146.00,103.00
147.00,70.00,163.00,70.00,163.00,104.00,147.00,104.00
149.00,72.00,165.00,72.00,165.00,106.00,149.00,106.00
151.00,71.00,167.00,71.00,167.00,105.00,151.00,105.00
151.00,71.00,167.00,71.00,167.00,106.00,151.00,106.00
151.00,72.00,167.00,72.00,167.00,107.00,151.00,107.00
152.00,73.00,168.00,73.00,168.00,108.00,152.00,108.00
152.00,74.00,169.00,74.00,169.00,109.00,152.00,109.00
153.00,74.00,170.00,74.00,170.00,110.00,153.00,110.00
153.00,74.00,170.00,74.00,170.00,110.00,153.00,110.00
153.00,74.00,170.00,74.00,170.00,110.00,153.00,110.00
154.00,75.00,171.00,75.00,171.00,110.00,154.00,110.00
153.00,75.00,170.00,75.00,170.00,110.00,153.00,110.00
154.00,74.00,170.00,74.00,170.00,110.00,154.00,110.00
154.00,74.00,170.00,74.00,170.00,109.00,154.00,109.00
154.00,74.00,170.00,74.00,170.00,109.00,154.00,109.00
154.00,74.00,170.00,74.00,170.00,109.00,154.00,109.00
154.00,73.00,170.00,73.00,170.00,108.00,154.00,108.00
154.00,72.00,170.00,72.00,170.00,108.00,154.00,108.00
154.00,71.00,171.00,71.00,171.00,108.00,154.00,108.00
154.00,70.00,171.00,70.00,171.00,107.00,154.00,107.00
154.00,70.00,171.00,70.00,171.00,108.00,154.00,108.00
154.00,70.00,170.00,70.00,170.00,109.00,154.00,109.00
155.00,69.00,171.00,69.00,171.00,107.00,155.00,107.00
156.00,69.00,172.00,69.00,172.00,108.00,156.00,108.00
156.00,68.00,172.00,68.00,172.00,108.00,156.00,108.00
157.00,67.00,173.00,67.00,173.00,107.00,157.00,107.00
157.00,67.00,172.00,67.00,172.00,108.00,157.00,108.00
157.00,66.00,172.00,66.00,172.00,108.00,157.00,108.00
158.00,66.00,173.00,66.00,173.00,108.00,158.00,108.00
158.00,66.00,173.00,66.00,173.00,108.00,158.00,108.00
158.00,67.00,173.00,67.00,173.00,109.00,158.00,109.00
158.00,68.00,173.00,68.00,173.00,110.00,158.00,110.00
158.00,68.00,173.00,68.00,173.00,110.00,158.00,110.00
158.00,68.00,173.00,68.00,173.00,110.00,158.00,110.00
158.00,69.00,174.00,69.00,174.00,110.00,158.00,110.00
158.00,70.00,174.00,70.00,174.00,111.00,158.00,111.00
158.00,72.00,174.00,72.00,174.00,112.00,158.00,112.00
160.00,68.00,175.00,68.00,175.00,106.00,160.00,106.00
161.00,69.00,176.00,69.00,176.00,107.00,161.00,107.00
161.00,68.00,176.00,68.00,176.00,106.00,161.00,106.00
161.00,71.00,176.00,71.00,176.00,111.00,161.00,111.00
162.00,70.00,177.00,70.00,177.00,109.00,162.00,109.00
162.00,70.00,177.00,70.00,177.00,110.00,162.00,110.00
161.00,72.00,176.00,72.00,176.00,113.00,161.00,113.00
160.00,73.00,175.00,73.00,175.00,114.00,160.00,114.00
160.00,74.00,175.00,74.00,175.00,115.00,160.00,115.00
159.00,74.00,174.00,74.00,174.00,115.00,159.00,115.00
159.00,74.00,174.00,74.00,174.00,116.00,159.00,116.00
159.00,76.00,175.00,76.00,175.00,118.00,159.00,118.00
159.00,78.00,175.00,78.00,175.00,121.00,159.00,121.00
159.00,76.00,175.00,76.00,175.00,118.00,159.00,118.00
159.00,74.00,175.00,74.00,175.00,117.00,159.00,117.00
160.00,73.00,177.00,73.00,177.00,115.00,160.00,115.00
159.00,73.00,176.00,73.00,176.00,114.00,159.00,114.00
159.00,73.00,176.00,73.00,176.00,115.00,159.00,115.00
158.00,73.00,176.00,73.00,176.00,115.00,158.00,115.00
157.00,73.00,174.00,73.00,174.00,115.00,157.00,115.00
157.00,75.00,174.00,75.00,174.00,116.00,157.00,116.00
154.00,79.00,171.00,79.00,171.00,122.00,154.00,122.00
154.00,77.00,171.00,77.00,171.00,119.00,154.00,119.00
153.00,79.00,169.00,79.00,169.00,122.00,153.00,122.00
151.00,78.00,168.00,78.00,168.00,122.00,151.00,122.00
150.00,78.00,167.00,78.00,167.00,122.00,150.00,122.00
149.00,78.00,165.00,78.00,165.00,123.00,149.00,123.00
147.00,78.00,164.00,78.00,164.00,124.00,147.00,124.00
147.00,77.00,163.00,77.00,163.00,123.00,147.00,123.00
144.00,77.00,161.00,77.00,161.00,125.00,144.00,125.00
142.00,78.00,159.00,78.00,159.00,126.00,142.00,126.00
141.00,77.00,159.00,77.00,159.00,128.00,141.00,128.00
141.00,76.00,160.00,76.00,160.00,126.00,141.00,126.00
141.00,75.00,161.00,75.00,161.00,125.00,141.00,125.00
141.00,76.00,160.00,76.00,160.00,126.00,141.00,126.00
143.00,74.00,161.00,74.00,161.00,123.00,143.00,123.00
145.00,73.00,163.00,73.00,163.00,123.00,145.00,123.00
145.00,71.00,162.00,71.00,162.00,119.00,145.00,119.00
147.00,70.00,163.00,70.00,163.00,118.00,147.00,118.00
148.00,69.00,164.00,69.00,164.00,117.00,148.00,117.00
148.00,67.00,164.00,67.00,164.00,116.00,148.00,116.00
148.00,67.00,165.00,67.00,165.00,117.00,148.00,117.00
148.00,67.00,164.00,67.00,164.00,118.00,148.00,118.00
148.00,69.00,164.00,69.00,164.00,120.00,148.00,120.00
148.00,67.00,165.00,67.00,165.00,118.00,148.00,118.00
147.00,67.00,164.00,67.00,164.00,118.00,147.00,118.00
148.00,68.00,165.00,68.00,165.00,119.00,148.00,119.00
147.00,68.00,164.00,68.00,164.00,119.00,147.00,119.00
147.00,69.00,164.00,69.00,164.00,119.00,147.00,119.00
147.00,70.00,163.00,70.00,163.00,119.00,147.00,119.00
146.00,70.00,162.00,70.00,162.00,120.00,146.00,120.00
145.00,70.00,161.00,70.00,161.00,120.00,145.00,120.00
145.00,70.00,161.00,70.00,161.00,120.00,145.00,120.00
145.00,70.00,161.00,70.00,161.00,120.00,145.00,120.00
145.00,71.00,161.00,71.00,161.00,121.00,145.00,121.00
145.00,70.00,161.00,70.00,161.00,120.00,145.00,120.00
144.00,71.00,160.00,71.00,160.00,123.00,144.00,123.00
145.00,69.00,161.00,69.00,161.00,120.00,145.00,120.00
145.00,70.00,161.00,70.00,161.00,121.00,145.00,121.00
144.00,69.00,160.00,69.00,160.00,121.00,144.00,121.00
145.00,70.00,161.00,70.00,161.00,122.00,145.00,122.00
146.00,69.00,162.00,69.00,162.00,122.00,146.00,122.00
146.00,69.00,163.00,69.00,163.00,124.00,146.00,124.00
147.00,68.00,163.00,68.00,163.00,123.00,147.00,123.00
147.00,67.00,164.00,67.00,164.00,123.00,147.00,123.00
148.00,67.00,165.00,67.00,165.00,122.00,148.00,122.00
148.00,68.00,164.00,68.00,164.00,123.00,148.00,123.00
148.00,67.00,165.00,67.00,165.00,123.00,148.00,123.00
148.00,67.00,164.00,67.00,164.00,122.00,148.00,122.00
148.00,67.00,164.00,67.00,164.00,122.00,148.00,122.00
148.00,67.00,164.00,67.00,164.00,122.00,148.00,122.00
148.00,66.00,165.00,66.00,165.00,122.00,148.00,122.00
147.00,67.00,164.00,67.00,164.00,124.00,147.00,124.00
147.00,66.00,165.00,66.00,165.00,125.00,147.00,125.00
146.00,68.00,164.00,68.00,164.00,127.00,146.00,127.00
146.00,68.00,164.00,68.00,164.00,128.00,146.00,128.00
146.00,68.00,164.00,68.00,164.00,127.00,146.00,127.00
145.00,69.00,163.00,69.00,163.00,130.00,145.00,130.00
145.00,69.00,163.00,69.00,163.00,129.00,145.00,129.00
145.00,69.00,164.00,69.00,164.00,131.00,145.00,131.00
145.00,69.00,164.00,69.00,164.00,131.00,145.00,131.00
145.00,70.00,164.00,70.00,164.00,132.00,145.00,132.00
144.00,70.00,163.00,70.00,163.00,132.00,144.00,132.00
144.00,70.00,163.00,70.00,163.00,132.00,144.00,132.00
144.00,71.00,163.00,71.00,163.00,133.00,144.00,133.00
