1
141.00,26.00,171.00,26.00,171.00,150.00,141.00,150.00
141.00,25.00,171.00,25.00,171.00,149.00,141.00,149.00
140.00,26.00,170.00,26.00,170.00,150.00,140.00,150.00
140.00,26.00,170.00,26.00,170.00,150.00,140.00,150.00
140.00,27.00,169.00,27.00,169.00,150.00,140.00,150.00
139.00,27.00,169.00,27.00,169.00,150.00,139.00,150.00
138.00,28.00,168.00,28.00,168.00,151.00,138.00,151.00
137.00,27.00,167.00,27.00,167.00,151.00,137.00,151.00
137.00,29.00,167.00,29.00,167.00,151.00,137.00,151.00
137.00,29.00,167.00,29.00,167.00,151.00,137.00,151.00
136.00,30.00,166.00,30.00,166.00,153.00,136.00,153.00
136.00,30.00,166.00,30.00,166.00,152.00,136.00,152.00
136.00,32.00,166.00,32.00,166.00,153.00,136.00,153.00
135.00,32.00,165.00,32.00,165.00,155.00,135.00,155.00
134.00,32.00,165.00,32.00,165.00,154.00,134.00,154.00
134.00,32.00,164.00,32.00,164.00,155.00,134.00,155.00
133.00,32.00,164.00,32.00,164.00,156.00,133.00,156.00
134.00,33.00,164.00,33.00,164.00,156.00,134.00,156.00
133.00,32.00,163.00,32.00,163.00,155.00,133.00,155.00
134.00,31.00,164.00,31.00,164.00,153.00,134.00,153.00
134.00,31.00,164.00,31.00,164.00,154.00,134.00,154.00
135.00,30.00,165.00,30.00,165.00,152.00,135.00,152.00
135.00,29.00,165.00,29.00,165.00,152.00,135.00,152.00
135.00,30.00,165.00,30.00,165.00,151.00,135.00,151.00
136.00,31.00,166.00,31.00,166.00,153.00,136.00,153.00
137.00,30.00,167.00,30.00,167.00,151.00,137.00,151.00
137.00,31.00,167.00,31.00,167.00,152.00,137.00,152.00
137.00,31.00,167.00,31.00,167.00,152.00,137.00,152.00
138.00,32.00,168.00,32.00,168.00,153.00,138.00,153.00
138.00,31.00,168.00,31.00,168.00,153.00,138.00,153.00
139.00,32.00,168.00,32.00,168.00,153.00,139.00,153.00
139.00,31.00,169.00,31.00,169.00,153.00,139.00,153.00
139.00,33.00,169.00,33.00,169.00,155.00,139.00,155.00
139.00,33.00,168.00,33.00,168.00,155.00,139.00,155.00
138.00,34.00,167.00,34.00,167.00,156.00,138.00,156.00
138.00,35.00,167.00,35.00,167.00,156.00,138.00,156.00
137.00,35.00,166.00,35.00,166.00,156.00,137.00,156.00
136.00,35.00,165.00,35.00,165.00,156.00,136.00,156.00
136.00,35.00,165.00,35.00,165.00,155.00,136.00,155.00
135.00,36.00,165.00,36.00,165.00,156.00,135.00,156.00
135.00,35.00,164.00,35.00,164.00,156.00,135.00,156.00
135.00,36.00,165.00,36.00,165.00,155.00,135.00,155.00
135.00,36.00,164.00,36.00,164.00,156.00,135.00,156.00
135.00,34.00,164.00,34.00,164.00,155.00,135.00,155.00
134.00,36.00,163.00,36.00,163.00,156.00,134.00,156.00
135.00,35.00,164.00,35.00,164.00,157.00,135.00,157.00
135.00,35.00,165.00,35.00,165.00,157.00,135.00,157.00
135.00,35.00,165.00,35.00,165.00,156.00,135.00,156.00
135.00,37.00,165.00,37.00,165.00,157.00,135.00,157.00
135.00,37.00,164.00,37.00,164.00,159.00,135.00,159.00
135.00,38.00,165.00,38.00,165.00,158.00,135.00,158.00
134.00,38.00,164.00,38.00,164.00,158.00,134.00,158.00
134.00,37.00,164.00,37.00,164.00,157.00,134.00,157.00
134.00,38.00,164.00,38.00,164.00,158.00,134.00,158.00
134.00,37.00,164.00,37.00,164.00,157.00,134.00,157.00
133.00,37.00,163.00,37.00,163.00,157.00,133.00,157.00
133.00,38.00,163.00,38.00,163.00,157.00,133.00,157.00
134.00,39.00,164.00,39.00,164.00,157.00,134.00,157.00
135.00,39.00,164.00,39.00,164.00,156.00,135.00,156.00
135.00,40.00,163.00,40.00,163.00,155.00,135.00,155.00
137.00,39.00,165.00,39.00,165.00,154.00,137.00,154.00
137.00,39.00,165.00,39.00,165.00,154.00,137.00,154.00
138.00,39.00,165.00,39.00,165.00,154.00,138.00,154.00
138.00,40.00,166.00,40.00,166.00,153.00,138.00,153.00
139.00,40.00,166.00,40.00,166.00,152.00,139.00,152.00
140.00,41.00,167.00,41.00,167.00,152.00,140.00,152.00
140.00,42.00,167.00,42.00,167.00,152.00,140.00,152.00
140.00,42.00,167.00,42.00,167.00,152.00,140.00,152.00
140.00,43.00,167.00,43.00,167.00,152.00,140.00,152.00
141.00,45.00,168.00,45.00,168.00,152.00,141.00,152.00
141.00,45.00,168.00,45.00,168.00,151.00,141.00,151.00
141.00,45.00,168.00,45.00,168.00,151.00,141.00,151.00
140.00,46.00,167.00,46.00,167.00,152.00,140.00,152.00
138.00,48.00,165.00,48.00,165.00,152.00,138.00,152.00
137.00,48.00,164.00,48.00,164.00,152.00,137.00,152.00
133.00,50.00,160.00,50.00,160.00,151.00,133.00,151.00
127.00,50.00,155.00,50.00,155.00,149.00,127.00,149.00
125.00,49.00,154.00,49.00,154.00,146.00,125.00,146.00
119.00,48.00,149.00,48.00,149.00,145.00,119.00,145.00
113.00,47.00,142.00,47.00,142.00,143.00,113.00,143.00
110.00,47.00,138.00,47.00,138.00,143.00,110.00,143.00
108.00,45.00,136.00,45.00,136.00,138.00,108.00,138.00
102.00,46.00,131.00,46.00,131.00,140.00,102.00,140.00
102.00,46.00,129.00,46.00,129.00,138.00,102.00,138.00
102.00,47.00,130.00,47.00,130.00,138.00,102.00,138.00
101.00,50.00,127.00,50.00,127.00,134.00,101.00,134.00
104.00,49.00,130.00,49.00,130.00,134.00,104.00,134.00
100.00,54.00,127.00,54.00,127.00,132.00,100.00,132.00
111.00,49.00,138.00,49.00,138.00,129.00,111.00,129.00
107.00,54.00,133.00,54.00,133.00,129.00,107.00,129.00
114.00,58.00,140.00,58.00,140.00,130.00,114.00,130.00
114.00,57.00,142.00,57.00,142.00,131.00,114.00,131.00
118.00,52.00,144.00,52.00,144.00,142.00,118.00,142.00
122.00,55.00,148.00,55.00,148.00,133.00,122.00,133.00
134.00,46.00,160.00,46.00,160.00,130.00,134.00,130.00
138.00,44.00,165.00,44.00,165.00,130.00,138.00,130.00
134.00,44.00,162.00,44.00,162.00,131.00,134.00,131.00
129.00,47.00,158.00,47.00,158.00,128.00,129.00,128.00
128.00,48.00,157.00,48.00,157.00,126.00,128.00,126.00
131.00,46.00,157.00,46.00,157.00,134.00,131.00,134.00
126.00,48.00,153.00,48.00,153.00,125.00,126.00,125.00
131.00,45.00,159.00,45.00,159.00,124.00,131.00,124.00
132.00,46.00,159.00,46.00,159.00,128.00,132.00,128.00
130.00,47.00,157.00,47.00,157.00,128.00,130.00,128.00
129.00,47.00,156.00,47.00,156.00,130.00,129.00,130.00
128.00,48.00,155.00,48.00,155.00,129.00,128.00,129.00
132.00,51.00,160.00,51.00,160.00,128.00,132.00,128.00
131.00,54.00,158.00,54.00,158.00,127.00,131.00,127.00
134.00,55.00,160.00,55.00,160.00,128.00,134.00,128.00
137.00,55.00,162.00,55.00,162.00,128.00,137.00,128.00
138.00,53.00,163.00,53.00,163.00,125.00,138.00,125.00
143.00,52.00,166.00,52.00,166.00,133.00,143.00,133.00
143.00,50.00,168.00,50.00,168.00,125.00,143.00,125.00
145.00,52.00,171.00,52.00,171.00,133.00,145.00,133.00
142.00,55.00,167.00,55.00,167.00,134.00,142.00,134.00
142.00,56.00,167.00,56.00,167.00,135.00,142.00,135.00
140.00,55.00,165.00,55.00,165.00,133.00,140.00,133.00
141.00,56.00,165.00,56.00,165.00,129.00,141.00,129.00
139.00,52.00,166.00,52.00,166.00,133.00,139.00,133.00
139.00,49.00,166.00,49.00,166.00,134.00,139.00,134.00
137.00,51.00,165.00,51.00,165.00,135.00,137.00,135.00
136.00,61.00,162.00,61.00,162.00,144.00,136.00,144.00
132.00,64.00,156.00,64.00,156.00,146.00,132.00,146.00
143.00,59.00,168.00,59.00,168.00,136.00,143.00,136.00
145.00,55.00,169.00,55.00,169.00,131.00,145.00,131.00
145.00,56.00,169.00,56.00,169.00,133.00,145.00,133.00
146.00,56.00,171.00,56.00,171.00,135.00,146.00,135.00
143.00,57.00,168.00,57.00,168.00,136.00,143.00,136.00
142.00,59.00,167.00,59.00,167.00,135.00,142.00,135.00
140.00,62.00,165.00,62.00,165.00,137.00,140.00,137.00
142.00,67.00,166.00,67.00,166.00,144.00,142.00,144.00
141.00,70.00,165.00,70.00,165.00,145.00,141.00,145.00
139.00,76.00,163.00,76.00,163.00,153.00,139.00,153.00
141.00,78.00,165.00,78.00,165.00,159.00,141.00,159.00
142.00,80.00,166.00,80.00,166.00,166.00,142.00,166.00
139.00,84.00,166.00,84.00,166.00,175.00,139.00,175.00
137.00,84.00,161.00,84.00,161.00,166.00,137.00,166.00
131.00,78.00,156.00,78.00,156.00,162.00,131.00,162.00
129.00,73.00,154.00,73.00,154.00,157.00,129.00,157.00
131.00,84.00,156.00,84.00,156.00,168.00,131.00,168.00
2
0
0
0
0
1
154.00,5.00,197.00,5.00,197.00,135.00,154.00,135.00
156.00,8.00,195.00,8.00,195.00,140.00,156.00,140.00
152.00,35.00,200.00,35.00,200.00,165.00,152.00,165.00
154.00,40.00,201.00,40.00,201.00,167.00,154.00,167.00
150.00,69.00,196.00,69.00,196.00,192.00,150.00,192.00
159.00,95.00,205.00,95.00,205.00,219.00,159.00,219.00
161.00,91.00,207.00,91.00,207.00,216.00,161.00,216.00
177.00,87.00,224.00,87.00,224.00,214.00,177.00,214.00
171.00,70.00,217.00,70.00,217.00,194.00,171.00,194.00
167.00,67.00,213.00,67.00,213.00,191.00,167.00,191.00
160.00,58.00,205.00,58.00,205.00,180.00,160.00,180.00
160.00,59.00,203.00,59.00,203.00,164.00,160.00,164.00
157.00,57.00,201.00,57.00,201.00,159.00,157.00,159.00
145.00,54.00,190.00,54.00,190.00,176.00,145.00,176.00
125.00,48.00,171.00,48.00,171.00,168.00,125.00,168.00
124.00,47.00,171.00,47.00,171.00,158.00,124.00,158.00
113.00,40.00,158.00,40.00,158.00,162.00,113.00,162.00
121.00,28.00,166.00,28.00,166.00,150.00,121.00,150.00
147.00,20.00,191.00,20.00,191.00,139.00,147.00,139.00
150.00,5.00,193.00,5.00,193.00,122.00,150.00,122.00
154.00,20.00,197.00,20.00,197.00,138.00,154.00,138.00
155.00,10.00,197.00,10.00,197.00,126.00,155.00,126.00
144.00,17.00,186.00,17.00,186.00,133.00,144.00,133.00
145.00,8.00,187.00,8.00,187.00,124.00,145.00,124.00
146.00,8.00,187.00,8.00,187.00,122.00,146.00,122.00
156.00,18.00,191.00,18.00,191.00,118.00,156.00,118.00
161.00,19.00,195.00,19.00,195.00,119.00,161.00,119.00
160.00,24.00,199.00,24.00,199.00,122.00,160.00,122.00
160.00,28.00,202.00,28.00,202.00,141.00,160.00,141.00
156.00,36.00,198.00,36.00,198.00,149.00,156.00,149.00
158.00,37.00,200.00,37.00,200.00,150.00,158.00,150.00
159.00,39.00,200.00,39.00,200.00,149.00,159.00,149.00
160.00,40.00,201.00,40.00,201.00,150.00,160.00,150.00
154.00,38.00,195.00,38.00,195.00,148.00,154.00,148.00
152.00,46.00,193.00,46.00,193.00,157.00,152.00,157.00
160.00,33.00,201.00,33.00,201.00,143.00,160.00,143.00
162.00,36.00,198.00,36.00,198.00,130.00,162.00,130.00
169.00,39.00,205.00,39.00,205.00,140.00,169.00,140.00
172.00,49.00,210.00,49.00,210.00,143.00,172.00,143.00
174.00,54.00,214.00,54.00,214.00,146.00,174.00,146.00
170.00,47.00,209.00,47.00,209.00,142.00,170.00,142.00
168.00,48.00,207.00,48.00,207.00,141.00,168.00,141.00
168.00,45.00,205.00,45.00,205.00,136.00,168.00,136.00
170.00,47.00,207.00,47.00,207.00,135.00,170.00,135.00
167.00,46.00,205.00,46.00,205.00,134.00,167.00,134.00
170.00,46.00,209.00,46.00,209.00,134.00,170.00,134.00
171.00,44.00,210.00,44.00,210.00,133.00,171.00,133.00
174.00,42.00,211.00,42.00,211.00,130.00,174.00,130.00
171.00,43.00,208.00,43.00,208.00,129.00,171.00,129.00
177.00,41.00,214.00,41.00,214.00,129.00,177.00,129.00
178.00,41.00,215.00,41.00,215.00,129.00,178.00,129.00
180.00,41.00,216.00,41.00,216.00,130.00,180.00,130.00
183.00,40.00,218.00,40.00,218.00,129.00,183.00,129.00
183.00,42.00,218.00,42.00,218.00,130.00,183.00,130.00
182.00,42.00,217.00,42.00,217.00,129.00,182.00,129.00
180.00,46.00,216.00,46.00,216.00,130.00,180.00,130.00
175.00,44.00,213.00,44.00,213.00,129.00,175.00,129.00
175.00,43.00,213.00,43.00,213.00,130.00,175.00,130.00
174.00,44.00,211.00,44.00,211.00,132.00,174.00,132.00
172.00,45.00,210.00,45.00,210.00,131.00,172.00,131.00
174.00,45.00,213.00,45.00,213.00,130.00,174.00,130.00
171.00,47.00,208.00,47.00,208.00,131.00,171.00,131.00
169.00,47.00,205.00,47.00,205.00,131.00,169.00,131.00
170.00,45.00,206.00,45.00,206.00,131.00,170.00,131.00
170.00,47.00,206.00,47.00,206.00,130.00,170.00,130.00
170.00,45.00,206.00,45.00,206.00,129.00,170.00,129.00
172.00,47.00,207.00,47.00,207.00,131.00,172.00,131.00
174.00,44.00,208.00,44.00,208.00,126.00,174.00,126.00
175.00,45.00,211.00,45.00,211.00,128.00,175.00,128.00
176.00,44.00,212.00,44.00,212.00,128.00,176.00,128.00
177.00,40.00,213.00,40.00,213.00,126.00,177.00,126.00
179.00,38.00,214.00,38.00,214.00,126.00,179.00,126.00
180.00,38.00,215.00,38.00,215.00,125.00,180.00,125.00
181.00,35.00,217.00,35.00,217.00,124.00,181.00,124.00
182.00,36.00,218.00,36.00,218.00,124.00,182.00,124.00
182.00,35.00,218.00,35.00,218.00,123.00,182.00,123.00
183.00,35.00,219.00,35.00,219.00,124.00,183.00,124.00
184.00,36.00,221.00,36.00,221.00,125.00,184.00,125.00
185.00,36.00,221.00,36.00,221.00,125.00,185.00,125.00
185.00,36.00,220.00,36.00,220.00,122.00,185.00,122.00
187.00,38.00,223.00,38.00,223.00,127.00,187.00,127.00
188.00,39.00,223.00,39.00,223.00,126.00,188.00,126.00
189.00,40.00,223.00,40.00,223.00,126.00,189.00,126.00
191.00,40.00,224.00,40.00,224.00,126.00,191.00,126.00
190.00,40.00,223.00,40.00,223.00,125.00,190.00,125.00
191.00,40.00,224.00,40.00,224.00,125.00,191.00,125.00
193.00,39.00,226.00,39.00,226.00,124.00,193.00,124.00
193.00,38.00,226.00,38.00,226.00,123.00,193.00,123.00
195.00,38.00,227.00,38.00,227.00,124.00,195.00,124.00
195.00,39.00,227.00,39.00,227.00,124.00,195.00,124.00
195.00,37.00,227.00,37.00,227.00,120.00,195.00,120.00
196.00,37.00,229.00,37.00,229.00,122.00,196.00,122.00
196.00,38.00,228.00,38.00,228.00,123.00,196.00,123.00
196.00,42.00,229.00,42.00,229.00,128.00,196.00,128.00
196.00,39.00,229.00,39.00,229.00,125.00,196.00,125.00
196.00,40.00,227.00,40.00,227.00,122.00,196.00,122.00
197.00,41.00,230.00,41.00,230.00,125.00,197.00,125.00
197.00,41.00,230.00,41.00,230.00,125.00,197.00,125.00
197.00,41.00,229.00,41.00,229.00,124.00,197.00,124.00
198.00,39.00,230.00,39.00,230.00,123.00,198.00,123.00
199.00,40.00,231.00,40.00,231.00,123.00,199.00,123.00
199.00,42.00,230.00,42.00,230.00,124.00,199.00,124.00
198.00,42.00,229.00,42.00,229.00,123.00,198.00,123.00
199.00,42.00,230.00,42.00,230.00,124.00,199.00,124.00
199.00,41.00,230.00,41.00,230.00,123.00,199.00,123.00
199.00,41.00,230.00,41.00,230.00,122.00,199.00,122.00
199.00,43.00,230.00,43.00,230.00,124.00,199.00,124.00
198.00,41.00,229.00,41.00,229.00,122.00,198.00,122.00
199.00,44.00,230.00,44.00,230.00,125.00,199.00,125.00
197.00,46.00,229.00,46.00,229.00,127.00,197.00,127.00
196.00,46.00,228.00,46.00,228.00,126.00,196.00,126.00
197.00,45.00,229.00,45.00,229.00,125.00,197.00,125.00
195.00,46.00,227.00,46.00,227.00,125.00,195.00,125.00
195.00,46.00,227.00,46.00,227.00,127.00,195.00,127.00
194.00,47.00,225.00,47.00,225.00,127.00,194.00,127.00
193.00,47.00,223.00,47.00,223.00,127.00,193.00,127.00
193.00,46.00,224.00,46.00,224.00,128.00,193.00,128.00
192.00,50.00,222.00,50.00,222.00,131.00,192.00,131.00
192.00,49.00,222.00,49.00,222.00,130.00,192.00,130.00
192.00,48.00,221.00,48.00,221.00,129.00,192.00,129.00
192.00,48.00,220.00,48.00,220.00,128.00,192.00,128.00
191.00,49.00,219.00,49.00,219.00,129.00,191.00,129.00
191.00,47.00,219.00,47.00,219.00,127.00,191.00,127.00
191.00,48.00,219.00,48.00,219.00,128.00,191.00,128.00
190.00,49.00,218.00,49.00,218.00,128.00,190.00,128.00
190.00,48.00,219.00,48.00,219.00,128.00,190.00,128.00
190.00,48.00,219.00,48.00,219.00,129.00,190.00,129.00
190.00,49.00,218.00,49.00,218.00,128.00,190.00,128.00
191.00,49.00,219.00,49.00,219.00,130.00,191.00,130.00
191.00,49.00,219.00,49.00,219.00,129.00,191.00,129.00
191.00,51.00,219.00,51.00,219.00,130.00,191.00,130.00
191.00,52.00,219.00,52.00,219.00,131.00,191.00,131.00
190.00,52.00,217.00,52.00,217.00,130.00,190.00,130.00
190.00,54.00,218.00,54.00,218.00,134.00,190.00,134.00
191.00,52.00,218.00,52.00,218.00,131.00,191.00,131.00
191.00,52.00,219.00,52.00,219.00,130.00,191.00,130.00
191.00,52.00,219.00,52.00,219.00,131.00,191.00,131.00
191.00,51.00,219.00,51.00,219.00,130.00,191.00,130.00
191.00,53.00,219.00,53.00,219.00,133.00,191.00,133.00
192.00,52.00,219.00,52.00,219.00,130.00,192.00,130.00
192.00,53.00,219.00,53.00,219.00,130.00,192.00,130.00
192.00,54.00,219.00,54.00,219.00,130.00,192.00,130.00
193.00,53.00,221.00,53.00,221.00,130.00,193.00,130.00
193.00,53.00,221.00,53.00,221.00,128.00,193.00,128.00
193.00,52.00,220.00,52.00,220.00,128.00,193.00,128.00
194.00,51.00,221.00,51.00,221.00,127.00,194.00,127.00
194.00,52.00,221.00,52.00,221.00,129.00,194.00,129.00
195.00,51.00,222.00,51.00,222.00,129.00,195.00,129.00
195.00,51.00,222.00,51.00,222.00,128.00,195.00,128.00
195.00,51.00,222.00,51.00,222.00,128.00,195.00,128.00
195.00,51.00,222.00,51.00,222.00,128.00,195.00,128.00
196.00,49.00,222.00,49.00,222.00,126.00,196.00,126.00
195.00,51.00,221.00,51.00,221.00,129.00,195.00,129.00
196.00,48.00,223.00,48.00,223.00,127.00,196.00,127.00
195.00,49.00,222.00,49.00,222.00,126.00,195.00,126.00
195.00,49.00,222.00,49.00,222.00,126.00,195.00,126.00
195.00,47.00,223.00,47.00,223.00,125.00,195.00,125.00
194.00,47.00,221.00,47.00,221.00,124.00,194.00,124.00
193.00,46.00,220.00,46.00,220.00,123.00,193.00,123.00
193.00,48.00,220.00,48.00,220.00,127.00,193.00,127.00
193.00,47.00,220.00,47.00,220.00,125.00,193.00,125.00
192.00,48.00,219.00,48.00,219.00,126.00,192.00,126.00
192.00,47.00,219.00,47.00,219.00,124.00,192.00,124.00
192.00,48.00,220.00,48.00,220.00,126.00,192.00,126.00
191.00,48.00,219.00,48.00,219.00,125.00,191.00,125.00
191.00,48.00,219.00,48.00,219.00,126.00,191.00,126.00
190.00,47.00,219.00,47.00,219.00,123.00,190.00,123.00
189.00,47.00,217.00,47.00,217.00,121.00,189.00,121.00
189.00,48.00,217.00,48.00,217.00,122.00,189.00,122.00
187.00,49.00,215.00,49.00,215.00,122.00,187.00,122.00
186.00,49.00,215.00,49.00,215.00,122.00,186.00,122.00
187.00,50.00,217.00,50.00,217.00,124.00,187.00,124.00
186.00,52.00,218.00,52.00,218.00,127.00,186.00,127.00
182.00,54.00,213.00,54.00,213.00,127.00,182.00,127.00
180.00,53.00,211.00,53.00,211.00,124.00,180.00,124.00
176.00,57.00,209.00,57.00,209.00,131.00,176.00,131.00
177.00,60.00,211.00,60.00,211.00,133.00,177.00,133.00
175.00,60.00,209.00,60.00,209.00,133.00,175.00,133.00
174.00,61.00,208.00,61.00,208.00,134.00,174.00,134.00
167.00,60.00,201.00,60.00,201.00,133.00,167.00,133.00
171.00,63.00,205.00,63.00,205.00,136.00,171.00,136.00
165.00,59.00,198.00,59.00,198.00,128.00,165.00,128.00
164.00,55.00,197.00,55.00,197.00,124.00,164.00,124.00
163.00,55.00,197.00,55.00,197.00,126.00,163.00,126.00
163.00,53.00,198.00,53.00,198.00,124.00,163.00,124.00
165.00,53.00,200.00,53.00,200.00,127.00,165.00,127.00
163.00,52.00,198.00,52.00,198.00,125.00,163.00,125.00
161.00,53.00,194.00,53.00,194.00,125.00,161.00,125.00
157.00,52.00,191.00,52.00,191.00,123.00,157.00,123.00
151.00,52.00,183.00,52.00,183.00,122.00,151.00,122.00
147.00,54.00,179.00,54.00,179.00,123.00,147.00,123.00
144.00,51.00,175.00,51.00,175.00,122.00,144.00,122.00
144.00,46.00,176.00,46.00,176.00,121.00,144.00,121.00
145.00,45.00,177.00,45.00,177.00,119.00,145.00,119.00
150.00,49.00,183.00,49.00,183.00,125.00,150.00,125.00
149.00,46.00,181.00,46.00,181.00,122.00,149.00,122.00
149.00,48.00,182.00,48.00,182.00,122.00,149.00,122.00
145.00,53.00,176.00,53.00,176.00,126.00,145.00,126.00
147.00,54.00,178.00,54.00,178.00,126.00,147.00,126.00
149.00,45.00,179.00,45.00,179.00,116.00,149.00,116.00
149.00,43.00,181.00,43.00,181.00,116.00,149.00,116.00
149.00,40.00,180.00,40.00,180.00,115.00,149.00,115.00
149.00,36.00,180.00,36.00,180.00,107.00,149.00,107.00
152.00,35.00,182.00,35.00,182.00,105.00,152.00,105.00
154.00,37.00,184.00,37.00,184.00,106.00,154.00,106.00
156.00,37.00,188.00,37.00,188.00,106.00,156.00,106.00
161.00,37.00,191.00,37.00,191.00,107.00,161.00,107.00
162.00,37.00,191.00,37.00,191.00,107.00,162.00,107.00
166.00,37.00,197.00,37.00,197.00,111.00,166.00,111.00
169.00,37.00,199.00,37.00,199.00,111.00,169.00,111.00
170.00,38.00,199.00,38.00,199.00,112.00,170.00,112.00
174.00,39.00,202.00,39.00,202.00,114.00,174.00,114.00
176.00,35.00,203.00,35.00,203.00,111.00,176.00,111.00
177.00,34.00,204.00,34.00,204.00,111.00,177.00,111.00
178.00,38.00,208.00,38.00,208.00,117.00,178.00,117.00
176.00,42.00,208.00,42.00,208.00,123.00,176.00,123.00
178.00,46.00,211.00,46.00,211.00,127.00,178.00,127.00
177.00,48.00,212.00,48.00,212.00,129.00,177.00,129.00
176.00,52.00,212.00,52.00,212.00,131.00,176.00,131.00
175.00,53.00,211.00,53.00,211.00,132.00,175.00,132.00
176.00,55.00,213.00,55.00,213.00,132.00,176.00,132.00
180.00,61.00,218.00,61.00,218.00,136.00,180.00,136.00
180.00,62.00,217.00,62.00,217.00,135.00,180.00,135.00
185.00,69.00,222.00,69.00,222.00,141.00,185.00,141.00
193.00,61.00,230.00,61.00,230.00,136.00,193.00,136.00
196.00,58.00,231.00,58.00,231.00,133.00,196.00,133.00
197.00,54.00,233.00,54.00,233.00,130.00,197.00,130.00
199.00,45.00,230.00,45.00,230.00,125.00,199.00,125.00
198.00,39.00,229.00,39.00,229.00,122.00,198.00,122.00
194.00,39.00,223.00,39.00,223.00,121.00,194.00,121.00
193.00,39.00,226.00,39.00,226.00,121.00,193.00,121.00
193.00,37.00,225.00,37.00,225.00,120.00,193.00,120.00
190.00,36.00,222.00,36.00,222.00,117.00,190.00,117.00
189.00,44.00,225.00,44.00,225.00,122.00,189.00,122.00
191.00,45.00,228.00,45.00,228.00,122.00,191.00,122.00
188.00,46.00,228.00,46.00,228.00,120.00,188.00,120.00
187.00,50.00,227.00,50.00,227.00,124.00,187.00,124.00
186.00,51.00,224.00,51.00,224.00,127.00,186.00,127.00
187.00,45.00,224.00,45.00,224.00,120.00,187.00,120.00
189.00,42.00,222.00,42.00,222.00,118.00,189.00,118.00
190.00,41.00,221.00,41.00,221.00,121.00,190.00,121.00
193.00,38.00,222.00,38.00,222.00,116.00,193.00,116.00
192.00,30.00,224.00,30.00,224.00,111.00,192.00,111.00
192.00,26.00,224.00,26.00,224.00,107.00,192.00,107.00
184.00,8.00,219.00,8.00,219.00,88.00,184.00,88.00
182.00,4.00,219.00,4.00,219.00,84.00,182.00,84.00
182.00,4.00,218.00,4.00,218.00,84.00,182.00,84.00
182.00,6.00,218.00,6.00,218.00,81.00,182.00,81.00
184.00,4.00,220.00,4.00,220.00,79.00,184.00,79.00
183.00,-0.00,219.00,-0.00,219.00,87.00,183.00,87.00
184.00,5.00,219.00,5.00,219.00,79.00,184.00,79.00
186.00,6.00,222.00,6.00,222.00,80.00,186.00,80.00
185.00,10.00,221.00,10.00,221.00,83.00,185.00,83.00
182.00,8.00,218.00,8.00,218.00,82.00,182.00,82.00
175.00,8.00,213.00,8.00,213.00,85.00,175.00,85.00
173.00,11.00,209.00,11.00,209.00,89.00,173.00,89.00
170.00,8.00,201.00,8.00,201.00,89.00,170.00,89.00
168.00,8.00,199.00,8.00,199.00,86.00,168.00,86.00
168.00,8.00,198.00,8.00,198.00,86.00,168.00,86.00
164.00,16.00,195.00,16.00,195.00,91.00,164.00,91.00
172.00,17.00,201.00,17.00,201.00,88.00,172.00,88.00
172.00,15.00,200.00,15.00,200.00,86.00,172.00,86.00
183.00,16.00,212.00,16.00,212.00,84.00,183.00,84.00
168.00,25.00,198.00,25.00,198.00,95.00,168.00,95.00
161.00,37.00,192.00,37.00,192.00,104.00,161.00,104.00
164.00,39.00,194.00,39.00,194.00,109.00,164.00,109.00
167.00,41.00,196.00,41.00,196.00,110.00,167.00,110.00
167.00,47.00,195.00,47.00,195.00,117.00,167.00,117.00
170.00,59.00,194.00,59.00,194.00,128.00,170.00,128.00
170.00,65.00,194.00,65.00,194.00,130.00,170.00,130.00
171.00,62.00,195.00,62.00,195.00,128.00,171.00,128.00
172.00,61.00,196.00,61.00,196.00,127.00,172.00,127.00
169.00,53.00,197.00,53.00,197.00,122.00,169.00,122.00
174.00,53.00,199.00,53.00,199.00,119.00,174.00,119.00
172.00,45.00,197.00,45.00,197.00,108.00,172.00,108.00
165.00,35.00,193.00,35.00,193.00,103.00,165.00,103.00
167.00,36.00,195.00,36.00,195.00,103.00,167.00,103.00
158.00,37.00,186.00,37.00,186.00,103.00,158.00,103.00
161.00,34.00,189.00,34.00,189.00,99.00,161.00,99.00
159.00,47.00,188.00,47.00,188.00,105.00,159.00,105.00
160.00,45.00,187.00,45.00,187.00,104.00,160.00,104.00
159.00,43.00,186.00,43.00,186.00,105.00,159.00,105.00
157.00,43.00,184.00,43.00,184.00,105.00,157.00,105.00
156.00,48.00,181.00,48.00,181.00,108.00,156.00,108.00
153.00,50.00,178.00,50.00,178.00,106.00,153.00,106.00
151.00,51.00,176.00,51.00,176.00,105.00,151.00,105.00
146.00,52.00,171.00,52.00,171.00,106.00,146.00,106.00
142.00,56.00,167.00,56.00,167.00,112.00,142.00,112.00
142.00,58.00,167.00,58.00,167.00,111.00,142.00,111.00
140.00,67.00,165.00,67.00,165.00,120.00,140.00,120.00
139.00,70.00,163.00,70.00,163.00,123.00,139.00,123.00
139.00,68.00,163.00,68.00,163.00,122.00,139.00,122.00
141.00,65.00,164.00,65.00,164.00,118.00,141.00,118.00
142.00,63.00,165.00,63.00,165.00,117.00,142.00,117.00
143.00,62.00,166.00,62.00,166.00,116.00,143.00,116.00
144.00,60.00,167.00,60.00,167.00,115.00,144.00,115.00
144.00,59.00,168.00,59.00,168.00,116.00,144.00,116.00
145.00,58.00,169.00,58.00,169.00,115.00,145.00,115.00
147.00,60.00,170.00,60.00,170.00,116.00,147.00,116.00
149.00,59.00,172.00,59.00,172.00,115.00,149.00,115.00
150.00,59.00,175.00,59.00,175.00,115.00,150.00,115.00
151.00,59.00,176.00,59.00,176.00,114.00,151.00,114.00
152.00,61.00,177.00,61.00,177.00,117.00,152.00,117.00
152.00,62.00,178.00,62.00,178.00,117.00,152.00,117.00
152.00,62.00,178.00,62.00,178.00,117.00,152.00,117.00
153.00,64.00,178.00,64.00,178.00,119.00,153.00,119.00
153.00,64.00,178.00,64.00,178.00,119.00,153.00,119.00
153.00,64.00,179.00,64.00,179.00,120.00,153.00,120.00
153.00,64.00,178.00,64.00,178.00,120.00,153.00,120.00
153.00,63.00,178.00,63.00,178.00,120.00,153.00,120.00
154.00,64.00,179.00,64.00,179.00,119.00,154.00,119.00
154.00,64.00,179.00,64.00,179.00,119.00,154.00,119.00
154.00,63.00,179.00,63.00,179.00,119.00,154.00,119.00
154.00,63.00,178.00,63.00,178.00,118.00,154.00,118.00
154.00,63.00,179.00,63.00,179.00,119.00,154.00,119.00
154.00,62.00,179.00,62.00,179.00,117.00,154.00,117.00
155.00,61.00,179.00,61.00,179.00,116.00,155.00,116.00
155.00,61.00,179.00,61.00,179.00,117.00,155.00,117.00
155.00,60.00,179.00,60.00,179.00,116.00,155.00,116.00
155.00,60.00,179.00,60.00,179.00,114.00,155.00,114.00
156.00,60.00,179.00,60.00,179.00,114.00,156.00,114.00
157.00,58.00,181.00,58.00,181.00,111.00,157.00,111.00
157.00,57.00,181.00,57.00,181.00,110.00,157.00,110.00
157.00,58.00,180.00,58.00,180.00,111.00,157.00,111.00
157.00,59.00,180.00,59.00,180.00,115.00,157.00,115.00
158.00,57.00,180.00,57.00,180.00,109.00,158.00,109.00
158.00,57.00,180.00,57.00,180.00,110.00,158.00,110.00
158.00,57.00,180.00,57.00,180.00,110.00,158.00,110.00
159.00,57.00,181.00,57.00,181.00,109.00,159.00,109.00
159.00,57.00,180.00,57.00,180.00,107.00,159.00,107.00
159.00,59.00,179.00,59.00,179.00,110.00,159.00,110.00
159.00,59.00,180.00,59.00,180.00,110.00,159.00,110.00
160.00,60.00,181.00,60.00,181.00,111.00,160.00,111.00
160.00,60.00,181.00,60.00,181.00,109.00,160.00,109.00
161.00,61.00,182.00,61.00,182.00,109.00,161.00,109.00
161.00,62.00,182.00,62.00,182.00,110.00,161.00,110.00
162.00,61.00,183.00,61.00,183.00,106.00,162.00,106.00
162.00,62.00,183.00,62.00,183.00,105.00,162.00,105.00
161.00,63.00,182.00,63.00,182.00,108.00,161.00,108.00
162.00,63.00,183.00,63.00,183.00,108.00,162.00,108.00
162.00,64.00,183.00,64.00,183.00,108.00,162.00,108.00
162.00,63.00,182.00,63.00,182.00,106.00,162.00,106.00
161.00,65.00,183.00,65.00,183.00,109.00,161.00,109.00
161.00,64.00,181.00,64.00,181.00,109.00,161.00,109.00
160.00,64.00,181.00,64.00,181.00,108.00,160.00,108.00
160.00,64.00,181.00,64.00,181.00,106.00,160.00,106.00
160.00,65.00,182.00,65.00,182.00,109.00,160.00,109.00
160.00,67.00,183.00,67.00,183.00,111.00,160.00,111.00
160.00,66.00,183.00,66.00,183.00,111.00,160.00,111.00
160.00,65.00,183.00,65.00,183.00,109.00,160.00,109.00
160.00,65.00,182.00,65.00,182.00,110.00,160.00,110.00
160.00,68.00,183.00,68.00,183.00,114.00,160.00,114.00
160.00,66.00,182.00,66.00,182.00,112.00,160.00,112.00
158.00,67.00,180.00,67.00,180.00,115.00,158.00,115.00
157.00,67.00,181.00,67.00,181.00,115.00,157.00,115.00
157.00,66.00,183.00,66.00,183.00,116.00,157.00,116.00
154.00,67.00,179.00,67.00,179.00,120.00,154.00,120.00
153.00,68.00,177.00,68.00,177.00,121.00,153.00,121.00
152.00,68.00,176.00,68.00,176.00,122.00,152.00,122.00
151.00,68.00,176.00,68.00,176.00,120.00,151.00,120.00
150.00,67.00,175.00,67.00,175.00,120.00,150.00,120.00
148.00,68.00,172.00,68.00,172.00,122.00,148.00,122.00
146.00,68.00,171.00,68.00,171.00,124.00,146.00,124.00
145.00,68.00,170.00,68.00,170.00,124.00,145.00,124.00
144.00,68.00,170.00,68.00,170.00,125.00,144.00,125.00
142.00,68.00,168.00,68.00,168.00,124.00,142.00,124.00
141.00,68.00,168.00,68.00,168.00,126.00,141.00,126.00
141.00,66.00,170.00,66.00,170.00,123.00,141.00,123.00
141.00,64.00,168.00,64.00,168.00,121.00,141.00,121.00
142.00,64.00,170.00,64.00,170.00,121.00,142.00,121.00
143.00,63.00,170.00,63.00,170.00,120.00,143.00,120.00
143.00,62.00,170.00,62.00,170.00,121.00,143.00,121.00
145.00,63.00,171.00,63.00,171.00,122.00,145.00,122.00
146.00,60.00,171.00,60.00,171.00,119.00,146.00,119.00
147.00,59.00,171.00,59.00,171.00,119.00,147.00,119.00
147.00,58.00,172.00,58.00,172.00,121.00,147.00,121.00
148.00,57.00,172.00,57.00,172.00,120.00,148.00,120.00
147.00,57.00,171.00,57.00,171.00,118.00,147.00,118.00
147.00,57.00,171.00,57.00,171.00,118.00,147.00,118.00
147.00,57.00,171.00,57.00,171.00,121.00,147.00,121.00
147.00,57.00,172.00,57.00,172.00,122.00,147.00,122.00
147.00,57.00,171.00,57.00,171.00,120.00,147.00,120.00
147.00,59.00,171.00,59.00,171.00,123.00,147.00,123.00
146.00,58.00,171.00,58.00,171.00,122.00,146.00,122.00
146.00,57.00,171.00,57.00,171.00,122.00,146.00,122.00
145.00,58.00,170.00,58.00,170.00,124.00,145.00,124.00
145.00,58.00,169.00,58.00,169.00,124.00,145.00,124.00
144.00,57.00,170.00,57.00,170.00,126.00,144.00,126.00
144.00,57.00,169.00,57.00,169.00,125.00,144.00,125.00
144.00,58.00,167.00,58.00,167.00,124.00,144.00,124.00
144.00,58.00,168.00,58.00,168.00,122.00,144.00,122.00
144.00,58.00,168.00,58.00,168.00,124.00,144.00,124.00
144.00,59.00,170.00,59.00,170.00,125.00,144.00,125.00
144.00,59.00,169.00,59.00,169.00,127.00,144.00,127.00
144.00,58.00,168.00,58.00,168.00,124.00,144.00,124.00
145.00,57.00,169.00,57.00,169.00,124.00,145.00,124.00
145.00,57.00,171.00,57.00,171.00,127.00,145.00,127.00
146.00,57.00,172.00,57.00,172.00,127.00,146.00,127.00
146.00,57.00,171.00,57.00,171.00,127.00,146.00,127.00
146.00,56.00,172.00,56.00,172.00,126.00,146.00,126.00
147.00,56.00,173.00,56.00,173.00,125.00,147.00,125.00
147.00,55.00,174.00,55.00,174.00,129.00,147.00,129.00
147.00,54.00,174.00,54.00,174.00,126.00,147.00,126.00
147.00,55.00,174.00,55.00,174.00,128.00,147.00,128.00
147.00,55.00,173.00,55.00,173.00,124.00,147.00,124.00
147.00,55.00,172.00,55.00,172.00,124.00,147.00,124.00
147.00,55.00,172.00,55.00,172.00,122.00,147.00,122.00
147.00,55.00,172.00,55.00,172.00,123.00,147.00,123.00
147.00,56.00,172.00,56.00,172.00,124.00,147.00,124.00
146.00,57.00,171.00,57.00,171.00,124.00,146.00,124.00
146.00,59.00,171.00,59.00,171.00,125.00,146.00,125.00
146.00,59.00,172.00,59.00,172.00,124.00,146.00,124.00
146.00,59.00,172.00,59.00,172.00,125.00,146.00,125.00
145.00,60.00,172.00,60.00,172.00,126.00,145.00,126.00
145.00,60.00,172.00,60.00,172.00,126.00,145.00,126.00
145.00,60.00,172.00,60.00,172.00,126.00,145.00,126.00
145.00,60.00,173.00,60.00,173.00,126.00,145.00,126.00
144.00,60.00,171.00,60.00,171.00,127.00,144.00,127.00
145.00,61.00,172.00,61.00,172.00,128.00,145.00,128.00
144.00,60.00,171.00,60.00,171.00,125.00,144.00,125.00
