1
493.00,402.00,536.00,402.00,536.00,444.00,493.00,444.00
497.00,389.00,539.00,389.00,539.00,432.00,497.00,432.00
498.00,381.00,538.00,381.00,538.00,420.00,498.00,420.00
499.00,374.00,539.00,374.00,539.00,415.00,499.00,415.00
501.00,371.00,538.00,371.00,538.00,409.00,501.00,409.00
502.00,370.00,540.00,370.00,540.00,407.00,502.00,407.00
502.00,373.00,540.00,373.00,540.00,409.00,502.00,409.00
504.00,377.00,540.00,377.00,540.00,414.00,504.00,414.00
503.00,384.00,543.00,384.00,543.00,423.00,503.00,423.00
505.00,395.00,544.00,395.00,544.00,436.00,505.00,436.00
508.00,409.00,548.00,409.00,548.00,452.00,508.00,452.00
509.00,427.00,550.00,427.00,550.00,470.00,509.00,470.00
506.00,421.00,550.00,421.00,550.00,464.00,506.00,464.00
511.00,396.00,556.00,396.00,556.00,440.00,511.00,440.00
506.00,373.00,551.00,373.00,551.00,416.00,506.00,416.00
511.00,354.00,552.00,354.00,552.00,396.00,511.00,396.00
511.00,337.00,549.00,337.00,549.00,382.00,511.00,382.00
509.00,324.00,548.00,324.00,548.00,370.00,509.00,370.00
511.00,311.00,548.00,311.00,548.00,358.00,511.00,358.00
510.00,304.00,546.00,304.00,546.00,349.00,510.00,349.00
510.00,300.00,547.00,300.00,547.00,341.00,510.00,341.00
510.00,299.00,545.00,299.00,545.00,338.00,510.00,338.00
512.00,301.00,548.00,301.00,548.00,339.00,512.00,339.00
513.00,306.00,547.00,306.00,547.00,345.00,513.00,345.00
515.00,316.00,548.00,316.00,548.00,356.00,515.00,356.00
509.00,326.00,548.00,326.00,548.00,369.00,509.00,369.00
514.00,340.00,551.00,340.00,551.00,383.00,514.00,383.00
514.00,359.00,554.00,359.00,554.00,398.00,514.00,398.00
513.00,376.00,553.00,376.00,553.00,418.00,513.00,418.00
513.00,400.00,555.00,400.00,555.00,442.00,513.00,442.00
512.00,421.00,550.00,421.00,550.00,463.00,512.00,463.00
516.00,433.00,557.00,433.00,557.00,474.00,516.00,474.00
518.00,410.00,559.00,410.00,559.00,449.00,518.00,449.00
521.00,391.00,561.00,391.00,561.00,429.00,521.00,429.00
522.00,374.00,565.00,374.00,565.00,411.00,522.00,411.00
527.00,360.00,568.00,360.00,568.00,398.00,527.00,398.00
530.00,348.00,570.00,348.00,570.00,390.00,530.00,390.00
532.00,338.00,571.00,338.00,571.00,380.00,532.00,380.00
534.00,333.00,572.00,333.00,572.00,375.00,534.00,375.00
536.00,331.00,576.00,331.00,576.00,373.00,536.00,373.00
540.00,330.00,578.00,330.00,578.00,373.00,540.00,373.00
544.00,333.00,582.00,333.00,582.00,376.00,544.00,376.00
549.00,341.00,587.00,341.00,587.00,379.00,549.00,379.00
551.00,349.00,589.00,349.00,589.00,390.00,551.00,390.00
551.00,359.00,592.00,359.00,592.00,405.00,551.00,405.00
555.00,377.00,598.00,377.00,598.00,420.00,555.00,420.00
558.00,397.00,602.00,397.00,602.00,441.00,558.00,441.00
556.00,377.00,596.00,377.00,596.00,417.00,556.00,417.00
547.00,352.00,586.00,352.00,586.00,394.00,547.00,394.00
545.00,329.00,579.00,329.00,579.00,368.00,545.00,368.00
534.00,307.00,571.00,307.00,571.00,347.00,534.00,347.00
526.00,287.00,565.00,287.00,565.00,327.00,526.00,327.00
522.00,273.00,560.00,273.00,560.00,310.00,522.00,310.00
514.00,257.00,550.00,257.00,550.00,298.00,514.00,298.00
508.00,249.00,544.00,249.00,544.00,288.00,508.00,288.00
501.00,244.00,538.00,244.00,538.00,282.00,501.00,282.00
494.00,239.00,528.00,239.00,528.00,279.00,494.00,279.00
487.00,240.00,521.00,240.00,521.00,279.00,487.00,279.00
477.00,241.00,513.00,241.00,513.00,281.00,477.00,281.00
470.00,245.00,506.00,245.00,506.00,288.00,470.00,288.00
462.00,256.00,500.00,256.00,500.00,299.00,462.00,299.00
457.00,271.00,493.00,271.00,493.00,315.00,457.00,315.00
446.00,288.00,485.00,288.00,485.00,336.00,446.00,336.00
440.00,309.00,480.00,309.00,480.00,357.00,440.00,357.00
430.00,333.00,473.00,333.00,473.00,379.00,430.00,379.00
425.00,359.00,468.00,359.00,468.00,407.00,425.00,407.00
410.00,355.00,450.00,355.00,450.00,399.00,410.00,399.00
409.00,383.00,450.00,383.00,450.00,425.00,409.00,425.00
410.00,368.00,453.00,368.00,453.00,411.00,410.00,411.00
408.00,355.00,450.00,355.00,450.00,398.00,408.00,398.00
401.00,345.00,443.00,345.00,443.00,388.00,401.00,388.00
397.00,341.00,441.00,341.00,441.00,384.00,397.00,384.00
397.00,342.00,440.00,342.00,440.00,380.00,397.00,380.00
397.00,342.00,438.00,342.00,438.00,382.00,397.00,382.00
396.00,346.00,437.00,346.00,437.00,387.00,396.00,387.00
396.00,353.00,436.00,353.00,436.00,394.00,396.00,394.00
392.00,367.00,432.00,367.00,432.00,406.00,392.00,406.00
391.00,380.00,431.00,380.00,431.00,420.00,391.00,420.00
388.00,396.00,429.00,396.00,429.00,437.00,388.00,437.00
387.00,414.00,426.00,414.00,426.00,457.00,387.00,457.00
384.00,436.00,423.00,436.00,423.00,481.00,384.00,481.00
384.00,463.00,422.00,463.00,422.00,500.00,384.00,500.00
385.00,444.00,425.00,444.00,425.00,488.00,385.00,488.00
386.00,426.00,426.00,426.00,426.00,467.00,386.00,467.00
390.00,409.00,426.00,409.00,426.00,451.00,390.00,451.00
391.00,398.00,426.00,398.00,426.00,436.00,391.00,436.00
391.00,388.00,427.00,388.00,427.00,427.00,391.00,427.00
392.00,380.00,425.00,380.00,425.00,417.00,392.00,417.00
393.00,376.00,428.00,376.00,428.00,410.00,393.00,410.00
392.00,374.00,428.00,374.00,428.00,408.00,392.00,408.00
389.00,375.00,427.00,375.00,427.00,410.00,389.00,410.00
396.00,377.00,431.00,377.00,431.00,415.00,396.00,415.00
396.00,385.00,432.00,385.00,432.00,423.00,396.00,423.00
399.00,395.00,434.00,395.00,434.00,434.00,399.00,434.00
397.00,407.00,434.00,407.00,434.00,450.00,397.00,450.00
397.00,424.00,439.00,424.00,439.00,469.00,397.00,469.00
402.00,444.00,439.00,444.00,439.00,489.00,402.00,489.00
403.00,460.00,442.00,460.00,442.00,502.00,403.00,502.00
408.00,435.00,447.00,435.00,447.00,480.00,408.00,480.00
413.00,412.00,455.00,412.00,455.00,458.00,413.00,458.00
419.00,392.00,459.00,392.00,459.00,436.00,419.00,436.00
426.00,378.00,462.00,378.00,462.00,417.00,426.00,417.00
432.00,364.00,472.00,364.00,472.00,402.00,432.00,402.00
437.00,352.00,477.00,352.00,477.00,392.00,437.00,392.00
