1
494.00,402.00,536.00,402.00,536.00,444.00,494.00,444.00
496.00,391.00,538.00,391.00,538.00,431.00,496.00,431.00
499.00,381.00,537.00,381.00,537.00,420.00,499.00,420.00
501.00,375.00,540.00,375.00,540.00,413.00,501.00,413.00
502.00,372.00,539.00,372.00,539.00,408.00,502.00,408.00
502.00,371.00,541.00,371.00,541.00,406.00,502.00,406.00
502.00,374.00,541.00,374.00,541.00,408.00,502.00,408.00
503.00,378.00,542.00,378.00,542.00,413.00,503.00,413.00
503.00,385.00,544.00,385.00,544.00,423.00,503.00,423.00
505.00,394.00,544.00,394.00,544.00,435.00,505.00,435.00
508.00,409.00,551.00,409.00,551.00,452.00,508.00,452.00
508.00,425.00,551.00,425.00,551.00,469.00,508.00,469.00
507.00,421.00,551.00,421.00,551.00,464.00,507.00,464.00
510.00,396.00,554.00,396.00,554.00,440.00,510.00,440.00
508.00,373.00,554.00,373.00,554.00,416.00,508.00,416.00
511.00,355.00,553.00,355.00,553.00,395.00,511.00,395.00
511.00,340.00,553.00,340.00,553.00,380.00,511.00,380.00
507.00,326.00,551.00,326.00,551.00,368.00,507.00,368.00
511.00,312.00,551.00,312.00,551.00,358.00,511.00,358.00
509.00,305.00,548.00,305.00,548.00,348.00,509.00,348.00
510.00,300.00,547.00,300.00,547.00,343.00,510.00,343.00
511.00,298.00,547.00,298.00,547.00,338.00,511.00,338.00
513.00,302.00,549.00,302.00,549.00,339.00,513.00,339.00
513.00,307.00,549.00,307.00,549.00,345.00,513.00,345.00
515.00,317.00,549.00,317.00,549.00,356.00,515.00,356.00
509.00,329.00,552.00,329.00,552.00,369.00,509.00,369.00
513.00,341.00,553.00,341.00,553.00,380.00,513.00,380.00
514.00,359.00,555.00,359.00,555.00,397.00,514.00,397.00
513.00,377.00,553.00,377.00,553.00,417.00,513.00,417.00
514.00,400.00,556.00,400.00,556.00,443.00,514.00,443.00
515.00,422.00,557.00,422.00,557.00,466.00,515.00,466.00
515.00,433.00,560.00,433.00,560.00,475.00,515.00,475.00
518.00,410.00,563.00,410.00,563.00,450.00,518.00,450.00
521.00,391.00,563.00,391.00,563.00,428.00,521.00,428.00
522.00,375.00,567.00,375.00,567.00,411.00,522.00,411.00
527.00,360.00,571.00,360.00,571.00,398.00,527.00,398.00
529.00,348.00,573.00,348.00,573.00,388.00,529.00,388.00
531.00,340.00,574.00,340.00,574.00,380.00,531.00,380.00
534.00,333.00,577.00,333.00,577.00,373.00,534.00,373.00
536.00,332.00,579.00,332.00,579.00,372.00,536.00,372.00
539.00,333.00,581.00,333.00,581.00,371.00,539.00,371.00
543.00,335.00,586.00,335.00,586.00,373.00,543.00,373.00
547.00,341.00,590.00,341.00,590.00,378.00,547.00,378.00
549.00,351.00,592.00,351.00,592.00,388.00,549.00,388.00
551.00,360.00,593.00,360.00,593.00,403.00,551.00,403.00
554.00,377.00,599.00,377.00,599.00,418.00,554.00,418.00
558.00,400.00,604.00,400.00,604.00,439.00,558.00,439.00
554.00,377.00,598.00,377.00,598.00,416.00,554.00,416.00
547.00,352.00,590.00,352.00,590.00,391.00,547.00,391.00
541.00,328.00,582.00,328.00,582.00,367.00,541.00,367.00
532.00,307.00,574.00,307.00,574.00,346.00,532.00,346.00
524.00,288.00,566.00,288.00,566.00,328.00,524.00,328.00
520.00,273.00,561.00,273.00,561.00,310.00,520.00,310.00
515.00,257.00,553.00,257.00,553.00,298.00,515.00,298.00
508.00,249.00,545.00,249.00,545.00,289.00,508.00,289.00
501.00,243.00,538.00,243.00,538.00,283.00,501.00,283.00
496.00,240.00,529.00,240.00,529.00,281.00,496.00,281.00
487.00,240.00,523.00,240.00,523.00,279.00,487.00,279.00
478.00,243.00,515.00,243.00,515.00,281.00,478.00,281.00
470.00,246.00,508.00,246.00,508.00,288.00,470.00,288.00
462.00,258.00,501.00,258.00,501.00,299.00,462.00,299.00
457.00,272.00,493.00,272.00,493.00,314.00,457.00,314.00
447.00,288.00,486.00,288.00,486.00,337.00,447.00,337.00
439.00,312.00,483.00,312.00,483.00,356.00,439.00,356.00
431.00,334.00,476.00,334.00,476.00,378.00,431.00,378.00
426.00,361.00,471.00,361.00,471.00,406.00,426.00,406.00
2
0
0
0
0
1
393.00,335.00,453.00,335.00,453.00,395.00,393.00,395.00
393.00,336.00,453.00,336.00,453.00,395.00,393.00,395.00
391.00,336.00,454.00,336.00,454.00,397.00,391.00,397.00
390.00,338.00,454.00,338.00,454.00,403.00,390.00,403.00
384.00,352.00,440.00,352.00,440.00,410.00,384.00,410.00
380.00,365.00,442.00,365.00,442.00,427.00,380.00,427.00
380.00,382.00,443.00,382.00,443.00,452.00,380.00,452.00
377.00,406.00,437.00,406.00,437.00,466.00,377.00,466.00
379.00,429.00,435.00,429.00,435.00,495.00,379.00,495.00
379.00,456.00,436.00,456.00,436.00,514.00,379.00,514.00
381.00,438.00,437.00,438.00,437.00,497.00,381.00,497.00
380.00,417.00,437.00,417.00,437.00,478.00,380.00,478.00
382.00,399.00,437.00,399.00,437.00,463.00,382.00,463.00
382.00,388.00,435.00,388.00,435.00,447.00,382.00,447.00
384.00,380.00,437.00,380.00,437.00,437.00,384.00,437.00
386.00,372.00,436.00,372.00,436.00,425.00,386.00,425.00
386.00,369.00,437.00,369.00,437.00,418.00,386.00,418.00
387.00,368.00,438.00,368.00,438.00,416.00,387.00,416.00
387.00,368.00,439.00,368.00,439.00,416.00,387.00,416.00
389.00,370.00,441.00,370.00,441.00,422.00,389.00,422.00
389.00,378.00,440.00,378.00,440.00,434.00,389.00,434.00
392.00,385.00,445.00,385.00,445.00,446.00,392.00,446.00
387.00,399.00,444.00,399.00,444.00,461.00,387.00,461.00
388.00,419.00,447.00,419.00,447.00,480.00,388.00,480.00
397.00,438.00,450.00,438.00,450.00,498.00,397.00,498.00
398.00,454.00,452.00,454.00,452.00,511.00,398.00,511.00
404.00,428.00,457.00,428.00,457.00,490.00,404.00,490.00
405.00,401.00,462.00,401.00,462.00,465.00,405.00,465.00
412.00,384.00,468.00,384.00,468.00,446.00,412.00,446.00
422.00,371.00,472.00,371.00,472.00,426.00,422.00,426.00
425.00,357.00,482.00,357.00,482.00,413.00,425.00,413.00
432.00,347.00,489.00,347.00,489.00,404.00,432.00,404.00
