1
494.00,402.00,537.00,402.00,537.00,443.00,494.00,443.00
497.00,390.00,539.00,390.00,539.00,431.00,497.00,431.00
497.00,382.00,538.00,382.00,538.00,420.00,497.00,420.00
498.00,375.00,539.00,375.00,539.00,413.00,498.00,413.00
500.00,372.00,538.00,372.00,538.00,408.00,500.00,408.00
501.00,372.00,540.00,372.00,540.00,406.00,501.00,406.00
501.00,374.00,541.00,374.00,541.00,407.00,501.00,407.00
502.00,378.00,541.00,378.00,541.00,412.00,502.00,412.00
502.00,385.00,545.00,385.00,545.00,421.00,502.00,421.00
503.00,394.00,545.00,394.00,545.00,436.00,503.00,436.00
507.00,409.00,548.00,409.00,548.00,451.00,507.00,451.00
508.00,428.00,550.00,428.00,550.00,469.00,508.00,469.00
508.00,422.00,551.00,422.00,551.00,464.00,508.00,464.00
511.00,396.00,557.00,396.00,557.00,441.00,511.00,441.00
507.00,375.00,553.00,375.00,553.00,415.00,507.00,415.00
509.00,354.00,553.00,354.00,553.00,395.00,509.00,395.00
511.00,338.00,551.00,338.00,551.00,380.00,511.00,380.00
508.00,324.00,549.00,324.00,549.00,367.00,508.00,367.00
512.00,311.00,549.00,311.00,549.00,359.00,512.00,359.00
510.00,304.00,546.00,304.00,546.00,347.00,510.00,347.00
510.00,299.00,548.00,299.00,548.00,341.00,510.00,341.00
512.00,299.00,547.00,299.00,547.00,336.00,512.00,336.00
514.00,302.00,548.00,302.00,548.00,338.00,514.00,338.00
515.00,307.00,549.00,307.00,549.00,344.00,515.00,344.00
515.00,315.00,550.00,315.00,550.00,357.00,515.00,357.00
509.00,326.00,549.00,326.00,549.00,368.00,509.00,368.00
511.00,340.00,554.00,340.00,554.00,381.00,511.00,381.00
512.00,358.00,557.00,358.00,557.00,399.00,512.00,399.00
512.00,377.00,553.00,377.00,553.00,416.00,512.00,416.00
512.00,400.00,555.00,400.00,555.00,442.00,512.00,442.00
514.00,425.00,555.00,425.00,555.00,470.00,514.00,470.00
516.00,433.00,559.00,433.00,559.00,475.00,516.00,475.00
517.00,410.00,562.00,410.00,562.00,449.00,517.00,449.00
519.00,391.00,564.00,391.00,564.00,428.00,519.00,428.00
520.00,375.00,568.00,375.00,568.00,411.00,520.00,411.00
525.00,360.00,570.00,360.00,570.00,398.00,525.00,398.00
527.00,348.00,573.00,348.00,573.00,390.00,527.00,390.00
528.00,339.00,574.00,339.00,574.00,380.00,528.00,380.00
533.00,332.00,577.00,332.00,577.00,375.00,533.00,375.00
533.00,329.00,579.00,329.00,579.00,373.00,533.00,373.00
538.00,330.00,581.00,330.00,581.00,374.00,538.00,374.00
544.00,334.00,584.00,334.00,584.00,374.00,544.00,374.00
547.00,340.00,589.00,340.00,589.00,378.00,547.00,378.00
550.00,350.00,591.00,350.00,591.00,389.00,550.00,389.00
551.00,359.00,593.00,359.00,593.00,404.00,551.00,404.00
554.00,378.00,600.00,378.00,600.00,419.00,554.00,419.00
560.00,398.00,604.00,398.00,604.00,438.00,560.00,438.00
552.00,378.00,598.00,378.00,598.00,416.00,552.00,416.00
548.00,352.00,589.00,352.00,589.00,392.00,548.00,392.00
541.00,329.00,581.00,329.00,581.00,370.00,541.00,370.00
532.00,308.00,572.00,308.00,572.00,347.00,532.00,347.00
523.00,286.00,565.00,286.00,565.00,328.00,523.00,328.00
522.00,272.00,561.00,272.00,561.00,311.00,522.00,311.00
515.00,257.00,552.00,257.00,552.00,300.00,515.00,300.00
507.00,249.00,546.00,249.00,546.00,288.00,507.00,288.00
502.00,243.00,538.00,243.00,538.00,282.00,502.00,282.00
495.00,239.00,528.00,239.00,528.00,279.00,495.00,279.00
487.00,239.00,522.00,239.00,522.00,278.00,487.00,278.00
477.00,240.00,515.00,240.00,515.00,281.00,477.00,281.00
471.00,245.00,509.00,245.00,509.00,288.00,471.00,288.00
462.00,255.00,501.00,255.00,501.00,299.00,462.00,299.00
456.00,270.00,495.00,270.00,495.00,314.00,456.00,314.00
447.00,287.00,487.00,287.00,487.00,336.00,447.00,336.00
439.00,309.00,482.00,309.00,482.00,358.00,439.00,358.00
427.00,334.00,475.00,334.00,475.00,380.00,427.00,380.00
424.00,360.00,473.00,360.00,473.00,408.00,424.00,408.00
413.00,372.00,454.00,372.00,454.00,414.00,413.00,414.00
410.00,383.00,455.00,383.00,455.00,424.00,410.00,424.00
410.00,367.00,456.00,367.00,456.00,412.00,410.00,412.00
403.00,355.00,449.00,355.00,449.00,398.00,403.00,398.00
398.00,344.00,446.00,344.00,446.00,388.00,398.00,388.00
395.00,341.00,444.00,341.00,444.00,383.00,395.00,383.00
393.00,341.00,441.00,341.00,441.00,380.00,393.00,380.00
394.00,342.00,442.00,342.00,442.00,383.00,394.00,383.00
394.00,346.00,442.00,346.00,442.00,388.00,394.00,388.00
395.00,349.00,442.00,349.00,442.00,392.00,395.00,392.00
389.00,365.00,434.00,365.00,434.00,404.00,389.00,404.00
389.00,378.00,434.00,378.00,434.00,421.00,389.00,421.00
386.00,395.00,431.00,395.00,431.00,437.00,386.00,437.00
386.00,414.00,428.00,414.00,428.00,455.00,386.00,455.00
385.00,436.00,424.00,436.00,424.00,481.00,385.00,481.00
385.00,463.00,423.00,463.00,423.00,501.00,385.00,501.00
384.00,443.00,424.00,443.00,424.00,487.00,384.00,487.00
386.00,426.00,425.00,426.00,425.00,467.00,386.00,467.00
387.00,409.00,427.00,409.00,427.00,451.00,387.00,451.00
389.00,396.00,429.00,396.00,429.00,438.00,389.00,438.00
389.00,386.00,430.00,386.00,430.00,428.00,389.00,428.00
387.00,378.00,427.00,378.00,427.00,419.00,387.00,419.00
388.00,375.00,429.00,375.00,429.00,412.00,388.00,412.00
389.00,374.00,431.00,374.00,431.00,409.00,389.00,409.00
387.00,374.00,429.00,374.00,429.00,409.00,387.00,409.00
394.00,377.00,432.00,377.00,432.00,416.00,394.00,416.00
396.00,386.00,434.00,386.00,434.00,424.00,396.00,424.00
398.00,394.00,435.00,394.00,435.00,433.00,398.00,433.00
396.00,408.00,435.00,408.00,435.00,449.00,396.00,449.00
396.00,425.00,439.00,425.00,439.00,468.00,396.00,468.00
402.00,444.00,439.00,444.00,439.00,487.00,402.00,487.00
402.00,461.00,442.00,461.00,442.00,502.00,402.00,502.00
408.00,435.00,448.00,435.00,448.00,479.00,408.00,479.00
413.00,413.00,455.00,413.00,455.00,459.00,413.00,459.00
415.00,392.00,462.00,392.00,462.00,436.00,415.00,436.00
425.00,377.00,463.00,377.00,463.00,419.00,425.00,419.00
432.00,365.00,473.00,365.00,473.00,402.00,432.00,402.00
436.00,353.00,479.00,353.00,479.00,393.00,436.00,393.00
