1
494.00,402.00,537.00,402.00,537.00,444.00,494.00,444.00
496.00,390.00,541.00,390.00,541.00,430.00,496.00,430.00
498.00,381.00,539.00,381.00,539.00,420.00,498.00,420.00
499.00,375.00,540.00,375.00,540.00,413.00,499.00,413.00
501.00,371.00,540.00,371.00,540.00,407.00,501.00,407.00
502.00,371.00,542.00,371.00,542.00,406.00,502.00,406.00
501.00,374.00,543.00,374.00,543.00,408.00,501.00,408.00
502.00,377.00,543.00,377.00,543.00,413.00,502.00,413.00
502.00,385.00,545.00,385.00,545.00,422.00,502.00,422.00
505.00,394.00,546.00,394.00,546.00,435.00,505.00,435.00
507.00,410.00,550.00,410.00,550.00,451.00,507.00,451.00
507.00,425.00,549.00,425.00,549.00,469.00,507.00,469.00
507.00,422.00,551.00,422.00,551.00,463.00,507.00,463.00
510.00,396.00,557.00,396.00,557.00,440.00,510.00,440.00
507.00,374.00,555.00,374.00,555.00,415.00,507.00,415.00
510.00,354.00,553.00,354.00,553.00,396.00,510.00,396.00
511.00,337.00,554.00,337.00,554.00,382.00,511.00,382.00
508.00,326.00,551.00,326.00,551.00,370.00,508.00,370.00
509.00,311.00,551.00,311.00,551.00,358.00,509.00,358.00
508.00,305.00,548.00,305.00,548.00,349.00,508.00,349.00
509.00,299.00,548.00,299.00,548.00,342.00,509.00,342.00
508.00,298.00,546.00,298.00,546.00,337.00,508.00,337.00
512.00,302.00,550.00,302.00,550.00,339.00,512.00,339.00
512.00,308.00,549.00,308.00,549.00,344.00,512.00,344.00
515.00,316.00,551.00,316.00,551.00,354.00,515.00,354.00
508.00,328.00,550.00,328.00,550.00,368.00,508.00,368.00
513.00,341.00,553.00,341.00,553.00,379.00,513.00,379.00
513.00,359.00,554.00,359.00,554.00,397.00,513.00,397.00
514.00,377.00,554.00,377.00,554.00,416.00,514.00,416.00
512.00,400.00,554.00,400.00,554.00,442.00,512.00,442.00
511.00,422.00,552.00,422.00,552.00,464.00,511.00,464.00
516.00,435.00,558.00,435.00,558.00,474.00,516.00,474.00
518.00,412.00,560.00,412.00,560.00,449.00,518.00,449.00
520.00,391.00,563.00,391.00,563.00,428.00,520.00,428.00
522.00,375.00,569.00,375.00,569.00,411.00,522.00,411.00
526.00,361.00,569.00,361.00,569.00,398.00,526.00,398.00
528.00,348.00,571.00,348.00,571.00,388.00,528.00,388.00
530.00,338.00,573.00,338.00,573.00,380.00,530.00,380.00
533.00,332.00,576.00,332.00,576.00,374.00,533.00,374.00
535.00,330.00,579.00,330.00,579.00,373.00,535.00,373.00
537.00,330.00,580.00,330.00,580.00,374.00,537.00,374.00
544.00,334.00,585.00,334.00,585.00,375.00,544.00,375.00
548.00,342.00,589.00,342.00,589.00,378.00,548.00,378.00
551.00,351.00,591.00,351.00,591.00,388.00,551.00,388.00
551.00,360.00,593.00,360.00,593.00,402.00,551.00,402.00
555.00,379.00,600.00,379.00,600.00,419.00,555.00,419.00
558.00,400.00,603.00,400.00,603.00,438.00,558.00,438.00
555.00,376.00,597.00,376.00,597.00,416.00,555.00,416.00
548.00,352.00,588.00,352.00,588.00,390.00,548.00,390.00
543.00,330.00,581.00,330.00,581.00,366.00,543.00,366.00
533.00,308.00,574.00,308.00,574.00,346.00,533.00,346.00
523.00,288.00,565.00,288.00,565.00,327.00,523.00,327.00
520.00,274.00,561.00,274.00,561.00,310.00,520.00,310.00
515.00,259.00,553.00,259.00,553.00,298.00,515.00,298.00
507.00,250.00,546.00,250.00,546.00,287.00,507.00,287.00
500.00,244.00,539.00,244.00,539.00,281.00,500.00,281.00
494.00,240.00,530.00,240.00,530.00,280.00,494.00,280.00
487.00,240.00,523.00,240.00,523.00,279.00,487.00,279.00
478.00,242.00,516.00,242.00,516.00,280.00,478.00,280.00
471.00,247.00,509.00,247.00,509.00,288.00,471.00,288.00
462.00,257.00,500.00,257.00,500.00,299.00,462.00,299.00
457.00,270.00,495.00,270.00,495.00,315.00,457.00,315.00
445.00,288.00,485.00,288.00,485.00,335.00,445.00,335.00
438.00,310.00,481.00,310.00,481.00,356.00,438.00,356.00
429.00,334.00,475.00,334.00,475.00,380.00,429.00,380.00
425.00,360.00,472.00,360.00,472.00,407.00,425.00,407.00
413.00,369.00,454.00,369.00,454.00,410.00,413.00,410.00
410.00,384.00,453.00,384.00,453.00,423.00,410.00,423.00
409.00,368.00,453.00,368.00,453.00,411.00,409.00,411.00
407.00,356.00,451.00,356.00,451.00,398.00,407.00,398.00
401.00,346.00,445.00,346.00,445.00,387.00,401.00,387.00
396.00,343.00,441.00,343.00,441.00,382.00,396.00,382.00
396.00,342.00,441.00,342.00,441.00,378.00,396.00,378.00
395.00,343.00,440.00,343.00,440.00,380.00,395.00,380.00
396.00,347.00,440.00,347.00,440.00,386.00,396.00,386.00
396.00,355.00,438.00,355.00,438.00,393.00,396.00,393.00
389.00,367.00,434.00,367.00,434.00,404.00,389.00,404.00
390.00,379.00,432.00,379.00,432.00,419.00,390.00,419.00
388.00,396.00,430.00,396.00,430.00,435.00,388.00,435.00
387.00,416.00,427.00,416.00,427.00,455.00,387.00,455.00
383.00,437.00,424.00,437.00,424.00,481.00,383.00,481.00
384.00,464.00,422.00,464.00,422.00,499.00,384.00,499.00
385.00,445.00,425.00,445.00,425.00,486.00,385.00,486.00
385.00,427.00,426.00,427.00,426.00,466.00,385.00,466.00
389.00,410.00,427.00,410.00,427.00,451.00,389.00,451.00
390.00,398.00,428.00,398.00,428.00,434.00,390.00,434.00
390.00,387.00,430.00,387.00,430.00,424.00,390.00,424.00
390.00,379.00,429.00,379.00,429.00,415.00,390.00,415.00
390.00,376.00,429.00,376.00,429.00,409.00,390.00,409.00
390.00,375.00,430.00,375.00,430.00,406.00,390.00,406.00
386.00,376.00,428.00,376.00,428.00,407.00,386.00,407.00
395.00,379.00,432.00,379.00,432.00,412.00,395.00,412.00
394.00,386.00,433.00,386.00,433.00,421.00,394.00,421.00
398.00,396.00,435.00,396.00,435.00,431.00,398.00,431.00
396.00,408.00,435.00,408.00,435.00,448.00,396.00,448.00
397.00,425.00,440.00,425.00,440.00,467.00,397.00,467.00
401.00,446.00,440.00,446.00,440.00,486.00,401.00,486.00
402.00,462.00,442.00,462.00,442.00,501.00,402.00,501.00
408.00,436.00,449.00,436.00,449.00,479.00,408.00,479.00
412.00,413.00,454.00,413.00,454.00,457.00,412.00,457.00
417.00,393.00,460.00,393.00,460.00,435.00,417.00,435.00
426.00,378.00,464.00,378.00,464.00,416.00,426.00,416.00
432.00,365.00,473.00,365.00,473.00,402.00,432.00,402.00
437.00,353.00,479.00,353.00,479.00,392.00,437.00,392.00
