1
494.00,402.00,536.00,402.00,536.00,445.00,494.00,445.00
497.00,390.00,540.00,390.00,540.00,430.00,497.00,430.00
499.00,381.00,538.00,381.00,538.00,419.00,499.00,419.00
501.00,374.00,540.00,374.00,540.00,414.00,501.00,414.00
502.00,371.00,539.00,371.00,539.00,408.00,502.00,408.00
502.00,371.00,539.00,371.00,539.00,407.00,502.00,407.00
503.00,373.00,540.00,373.00,540.00,408.00,503.00,408.00
503.00,377.00,541.00,377.00,541.00,413.00,503.00,413.00
503.00,384.00,544.00,384.00,544.00,423.00,503.00,423.00
505.00,394.00,544.00,394.00,544.00,436.00,505.00,436.00
508.00,408.00,550.00,408.00,550.00,452.00,508.00,452.00
507.00,425.00,550.00,425.00,550.00,469.00,507.00,469.00
506.00,421.00,551.00,421.00,551.00,463.00,506.00,463.00
510.00,396.00,556.00,396.00,556.00,440.00,510.00,440.00
505.00,373.00,553.00,373.00,553.00,416.00,505.00,416.00
511.00,353.00,553.00,353.00,553.00,395.00,511.00,395.00
511.00,337.00,552.00,337.00,552.00,381.00,511.00,381.00
508.00,324.00,552.00,324.00,552.00,369.00,508.00,369.00
511.00,310.00,550.00,310.00,550.00,359.00,511.00,359.00
509.00,303.00,547.00,303.00,547.00,348.00,509.00,348.00
510.00,299.00,548.00,299.00,548.00,341.00,510.00,341.00
510.00,298.00,546.00,298.00,546.00,338.00,510.00,338.00
513.00,300.00,550.00,300.00,550.00,339.00,513.00,339.00
513.00,306.00,550.00,306.00,550.00,344.00,513.00,344.00
514.00,315.00,550.00,315.00,550.00,356.00,514.00,356.00
509.00,326.00,550.00,326.00,550.00,369.00,509.00,369.00
512.00,340.00,552.00,340.00,552.00,383.00,512.00,383.00
515.00,359.00,554.00,359.00,554.00,399.00,515.00,399.00
513.00,376.00,553.00,376.00,553.00,417.00,513.00,417.00
513.00,400.00,556.00,400.00,556.00,442.00,513.00,442.00
514.00,425.00,556.00,425.00,556.00,470.00,514.00,470.00
516.00,434.00,559.00,434.00,559.00,474.00,516.00,474.00
517.00,411.00,562.00,411.00,562.00,449.00,517.00,449.00
520.00,390.00,563.00,390.00,563.00,429.00,520.00,429.00
521.00,374.00,566.00,374.00,566.00,410.00,521.00,410.00
528.00,359.00,571.00,359.00,571.00,399.00,528.00,399.00
529.00,347.00,571.00,347.00,571.00,390.00,529.00,390.00
531.00,337.00,572.00,337.00,572.00,381.00,531.00,381.00
534.00,332.00,576.00,332.00,576.00,376.00,534.00,376.00
536.00,330.00,578.00,330.00,578.00,373.00,536.00,373.00
539.00,330.00,579.00,330.00,579.00,374.00,539.00,374.00
544.00,333.00,584.00,333.00,584.00,375.00,544.00,375.00
548.00,341.00,589.00,341.00,589.00,379.00,548.00,379.00
552.00,351.00,590.00,351.00,590.00,388.00,552.00,388.00
552.00,360.00,592.00,360.00,592.00,403.00,552.00,403.00
555.00,378.00,599.00,378.00,599.00,418.00,555.00,418.00
559.00,399.00,604.00,399.00,604.00,439.00,559.00,439.00
557.00,378.00,599.00,378.00,599.00,417.00,557.00,417.00
548.00,352.00,589.00,352.00,589.00,393.00,548.00,393.00
542.00,328.00,580.00,328.00,580.00,370.00,542.00,370.00
533.00,307.00,571.00,307.00,571.00,346.00,533.00,346.00
524.00,286.00,565.00,286.00,565.00,329.00,524.00,329.00
521.00,271.00,560.00,271.00,560.00,311.00,521.00,311.00
514.00,257.00,553.00,257.00,553.00,299.00,514.00,299.00
507.00,248.00,547.00,248.00,547.00,288.00,507.00,288.00
500.00,242.00,540.00,242.00,540.00,284.00,500.00,284.00
494.00,238.00,532.00,238.00,532.00,280.00,494.00,280.00
485.00,240.00,526.00,240.00,526.00,278.00,485.00,278.00
476.00,241.00,517.00,241.00,517.00,281.00,476.00,281.00
468.00,246.00,510.00,246.00,510.00,287.00,468.00,287.00
461.00,256.00,503.00,256.00,503.00,298.00,461.00,298.00
455.00,271.00,496.00,271.00,496.00,313.00,455.00,313.00
445.00,288.00,487.00,288.00,487.00,335.00,445.00,335.00
439.00,310.00,483.00,310.00,483.00,358.00,439.00,358.00
429.00,334.00,477.00,334.00,477.00,380.00,429.00,380.00
423.00,361.00,471.00,361.00,471.00,406.00,423.00,406.00
415.00,382.00,457.00,382.00,457.00,424.00,415.00,424.00
409.00,382.00,453.00,382.00,453.00,424.00,409.00,424.00
408.00,366.00,455.00,366.00,455.00,412.00,408.00,412.00
404.00,353.00,451.00,353.00,451.00,399.00,404.00,399.00
399.00,345.00,445.00,345.00,445.00,390.00,399.00,390.00
396.00,342.00,442.00,342.00,442.00,383.00,396.00,383.00
396.00,342.00,441.00,342.00,441.00,381.00,396.00,381.00
397.00,343.00,439.00,343.00,439.00,383.00,397.00,383.00
397.00,346.00,440.00,346.00,440.00,387.00,397.00,387.00
396.00,352.00,439.00,352.00,439.00,393.00,396.00,393.00
390.00,365.00,434.00,365.00,434.00,407.00,390.00,407.00
389.00,377.00,432.00,377.00,432.00,421.00,389.00,421.00
388.00,395.00,430.00,395.00,430.00,436.00,388.00,436.00
386.00,415.00,428.00,415.00,428.00,455.00,386.00,455.00
383.00,436.00,424.00,436.00,424.00,481.00,383.00,481.00
383.00,462.00,423.00,462.00,423.00,501.00,383.00,501.00
383.00,445.00,425.00,445.00,425.00,486.00,383.00,486.00
384.00,425.00,427.00,425.00,427.00,467.00,384.00,467.00
388.00,408.00,428.00,408.00,428.00,451.00,388.00,451.00
390.00,397.00,428.00,397.00,428.00,437.00,390.00,437.00
390.00,386.00,430.00,386.00,430.00,427.00,390.00,427.00
389.00,378.00,429.00,378.00,429.00,419.00,389.00,419.00
390.00,375.00,430.00,375.00,430.00,413.00,390.00,413.00
390.00,373.00,430.00,373.00,430.00,410.00,390.00,410.00
387.00,374.00,427.00,374.00,427.00,410.00,387.00,410.00
393.00,377.00,432.00,377.00,432.00,415.00,393.00,415.00
396.00,385.00,433.00,385.00,433.00,423.00,396.00,423.00
399.00,395.00,434.00,395.00,434.00,433.00,399.00,433.00
396.00,408.00,435.00,408.00,435.00,449.00,396.00,449.00
397.00,424.00,440.00,424.00,440.00,467.00,397.00,467.00
404.00,445.00,441.00,445.00,441.00,486.00,404.00,486.00
402.00,460.00,443.00,460.00,443.00,502.00,402.00,502.00
408.00,434.00,450.00,434.00,450.00,480.00,408.00,480.00
412.00,412.00,454.00,412.00,454.00,458.00,412.00,458.00
416.00,393.00,460.00,393.00,460.00,436.00,416.00,436.00
426.00,378.00,463.00,378.00,463.00,418.00,426.00,418.00
433.00,365.00,472.00,365.00,472.00,403.00,433.00,403.00
438.00,353.00,478.00,353.00,478.00,395.00,438.00,395.00
