1
494.00,402.00,536.00,402.00,536.00,444.00,494.00,444.00
496.00,390.00,540.00,390.00,540.00,430.00,496.00,430.00
498.00,382.00,538.00,382.00,538.00,420.00,498.00,420.00
500.00,374.00,539.00,374.00,539.00,413.00,500.00,413.00
501.00,372.00,538.00,372.00,538.00,407.00,501.00,407.00
503.00,371.00,539.00,371.00,539.00,406.00,503.00,406.00
503.00,373.00,540.00,373.00,540.00,407.00,503.00,407.00
504.00,378.00,540.00,378.00,540.00,414.00,504.00,414.00
504.00,386.00,541.00,386.00,541.00,423.00,504.00,423.00
506.00,394.00,542.00,394.00,542.00,434.00,506.00,434.00
509.00,409.00,549.00,409.00,549.00,452.00,509.00,452.00
510.00,427.00,550.00,427.00,550.00,469.00,510.00,469.00
507.00,421.00,552.00,421.00,552.00,464.00,507.00,464.00
510.00,396.00,554.00,396.00,554.00,441.00,510.00,441.00
506.00,373.00,551.00,373.00,551.00,417.00,506.00,417.00
510.00,353.00,552.00,353.00,552.00,398.00,510.00,398.00
511.00,337.00,552.00,337.00,552.00,383.00,511.00,383.00
509.00,324.00,549.00,324.00,549.00,370.00,509.00,370.00
513.00,311.00,550.00,311.00,550.00,360.00,513.00,360.00
510.00,304.00,547.00,304.00,547.00,348.00,510.00,348.00
510.00,299.00,547.00,299.00,547.00,341.00,510.00,341.00
512.00,299.00,546.00,299.00,546.00,338.00,512.00,338.00
514.00,302.00,549.00,302.00,549.00,338.00,514.00,338.00
514.00,306.00,549.00,306.00,549.00,344.00,514.00,344.00
515.00,316.00,550.00,316.00,550.00,355.00,515.00,355.00
510.00,327.00,549.00,327.00,549.00,367.00,510.00,367.00
513.00,340.00,551.00,340.00,551.00,382.00,513.00,382.00
514.00,358.00,555.00,358.00,555.00,399.00,514.00,399.00
513.00,377.00,553.00,377.00,553.00,417.00,513.00,417.00
514.00,400.00,555.00,400.00,555.00,442.00,514.00,442.00
514.00,415.00,555.00,415.00,555.00,458.00,514.00,458.00
515.00,433.00,557.00,433.00,557.00,474.00,515.00,474.00
519.00,410.00,561.00,410.00,561.00,450.00,519.00,450.00
521.00,391.00,561.00,391.00,561.00,428.00,521.00,428.00
523.00,375.00,566.00,375.00,566.00,411.00,523.00,411.00
527.00,359.00,568.00,359.00,568.00,399.00,527.00,399.00
528.00,347.00,570.00,347.00,570.00,389.00,528.00,389.00
530.00,339.00,573.00,339.00,573.00,381.00,530.00,381.00
533.00,333.00,576.00,333.00,576.00,375.00,533.00,375.00
535.00,330.00,577.00,330.00,577.00,372.00,535.00,372.00
537.00,331.00,580.00,331.00,580.00,372.00,537.00,372.00
544.00,334.00,584.00,334.00,584.00,375.00,544.00,375.00
549.00,340.00,587.00,340.00,587.00,378.00,549.00,378.00
551.00,350.00,590.00,350.00,590.00,389.00,551.00,389.00
551.00,360.00,592.00,360.00,592.00,404.00,551.00,404.00
554.00,378.00,600.00,378.00,600.00,418.00,554.00,418.00
560.00,400.00,602.00,400.00,602.00,438.00,560.00,438.00
556.00,376.00,598.00,376.00,598.00,417.00,556.00,417.00
548.00,351.00,588.00,351.00,588.00,392.00,548.00,392.00
546.00,329.00,580.00,329.00,580.00,368.00,546.00,368.00
535.00,308.00,571.00,308.00,571.00,347.00,535.00,347.00
524.00,286.00,562.00,286.00,562.00,329.00,524.00,329.00
522.00,272.00,559.00,272.00,559.00,311.00,522.00,311.00
516.00,257.00,552.00,257.00,552.00,299.00,516.00,299.00
507.00,248.00,545.00,248.00,545.00,288.00,507.00,288.00
502.00,243.00,539.00,243.00,539.00,283.00,502.00,283.00
495.00,239.00,530.00,239.00,530.00,281.00,495.00,281.00
487.00,239.00,524.00,239.00,524.00,279.00,487.00,279.00
477.00,241.00,517.00,241.00,517.00,280.00,477.00,280.00
471.00,247.00,511.00,247.00,511.00,287.00,471.00,287.00
462.00,257.00,503.00,257.00,503.00,297.00,462.00,297.00
455.00,271.00,495.00,271.00,495.00,314.00,455.00,314.00
447.00,287.00,487.00,287.00,487.00,335.00,447.00,335.00
438.00,309.00,483.00,309.00,483.00,358.00,438.00,358.00
430.00,332.00,475.00,332.00,475.00,382.00,430.00,382.00
424.00,360.00,473.00,360.00,473.00,409.00,424.00,409.00
409.00,361.00,450.00,361.00,450.00,404.00,409.00,404.00
410.00,381.00,452.00,381.00,452.00,425.00,410.00,425.00
410.00,367.00,453.00,367.00,453.00,412.00,410.00,412.00
406.00,354.00,448.00,354.00,448.00,399.00,406.00,399.00
402.00,344.00,444.00,344.00,444.00,388.00,402.00,388.00
397.00,342.00,442.00,342.00,442.00,383.00,397.00,383.00
395.00,342.00,439.00,342.00,439.00,379.00,395.00,379.00
397.00,343.00,438.00,343.00,438.00,380.00,397.00,380.00
398.00,347.00,438.00,347.00,438.00,387.00,398.00,387.00
397.00,352.00,437.00,352.00,437.00,393.00,397.00,393.00
392.00,366.00,431.00,366.00,431.00,406.00,392.00,406.00
392.00,380.00,431.00,380.00,431.00,420.00,392.00,420.00
388.00,396.00,430.00,396.00,430.00,435.00,388.00,435.00
388.00,415.00,427.00,415.00,427.00,456.00,388.00,456.00
383.00,437.00,423.00,437.00,423.00,480.00,383.00,480.00
384.00,462.00,422.00,462.00,422.00,500.00,384.00,500.00
384.00,444.00,425.00,444.00,425.00,487.00,384.00,487.00
386.00,426.00,424.00,426.00,424.00,466.00,386.00,466.00
389.00,408.00,426.00,408.00,426.00,452.00,389.00,452.00
391.00,397.00,427.00,397.00,427.00,436.00,391.00,436.00
391.00,387.00,427.00,387.00,427.00,426.00,391.00,426.00
392.00,379.00,426.00,379.00,426.00,418.00,392.00,418.00
391.00,376.00,426.00,376.00,426.00,411.00,391.00,411.00
392.00,373.00,428.00,373.00,428.00,408.00,392.00,408.00
391.00,374.00,427.00,374.00,427.00,409.00,391.00,409.00
398.00,378.00,430.00,378.00,430.00,415.00,398.00,415.00
397.00,386.00,431.00,386.00,431.00,423.00,397.00,423.00
399.00,395.00,434.00,395.00,434.00,432.00,399.00,432.00
397.00,408.00,435.00,408.00,435.00,447.00,397.00,447.00
399.00,426.00,440.00,426.00,440.00,466.00,399.00,466.00
403.00,446.00,440.00,446.00,440.00,487.00,403.00,487.00
403.00,462.00,441.00,462.00,441.00,500.00,403.00,500.00
410.00,436.00,449.00,436.00,449.00,479.00,410.00,479.00
414.00,413.00,452.00,413.00,452.00,457.00,414.00,457.00
417.00,394.00,459.00,394.00,459.00,436.00,417.00,436.00
428.00,378.00,462.00,378.00,462.00,418.00,428.00,418.00
432.00,365.00,470.00,365.00,470.00,402.00,432.00,402.00
438.00,354.00,477.00,354.00,477.00,392.00,438.00,392.00
