1
260.46,157.96,287.82,235.48,186.70,271.16,159.34,193.64
262.94,155.76,283.35,237.41,177.94,263.76,157.53,182.12
265.00,152.21,282.80,237.63,179.05,259.24,161.25,173.82
258.99,141.63,292.32,230.51,194.12,267.33,160.79,178.45
260.67,139.29,291.96,229.27,193.33,263.58,162.03,173.60
262.80,138.60,290.71,229.32,190.72,260.09,162.81,169.37
262.30,135.90,292.70,227.10,192.80,260.40,162.40,169.20
172.02,147.22,280.23,150.60,277.43,240.26,169.22,236.88
168.78,147.63,280.90,150.18,278.87,239.68,166.75,237.13
168.80,147.60,280.93,150.21,278.84,239.69,166.72,237.09
166.80,147.59,280.93,150.18,278.89,239.68,164.77,237.09
169.48,146.52,281.62,151.19,277.87,241.04,165.73,236.36
164.92,148.37,280.97,151.27,278.73,240.64,162.68,237.74
167.68,147.12,281.67,152.30,277.63,241.12,163.64,235.94
181.54,147.57,278.61,152.54,274.07,241.13,176.99,236.15
180.91,148.77,283.99,151.35,281.78,239.82,178.69,237.24
194.90,140.55,291.27,162.58,270.92,251.61,174.55,229.58
193.19,147.58,287.71,155.14,280.77,241.82,186.26,234.26
196.04,147.13,288.49,154.43,281.61,241.57,189.16,234.28
198.27,147.05,292.38,154.68,285.29,242.13,191.18,234.50
201.47,146.20,297.86,156.09,288.92,243.27,192.52,233.39
208.11,144.58,305.55,157.75,293.76,244.97,196.32,231.80
214.00,151.00,311.00,151.00,311.00,240.00,214.00,240.00
221.18,146.76,320.04,157.16,310.85,244.41,212.00,234.00
231.67,147.75,325.57,156.96,316.98,244.61,223.08,235.40
243.57,143.95,338.32,160.95,322.38,249.74,227.64,232.73
252.02,150.24,342.40,158.85,333.93,247.76,243.56,239.15
265.19,147.04,357.31,165.46,339.69,253.54,247.58,235.12
273.62,152.57,382.44,165.89,371.63,254.16,262.82,240.83
294.14,144.66,382.76,180.10,348.41,265.97,259.79,230.52
291.03,156.09,385.28,170.43,371.86,258.63,277.61,244.29
296.38,159.92,404.57,173.45,393.86,259.11,285.68,245.58
295.67,166.03,410.31,171.12,406.65,253.30,292.01,248.20
297.00,168.00,409.00,168.00,409.00,249.00,297.00,249.00
412.16,163.01,416.96,243.00,299.08,250.07,294.28,170.08
298.00,168.00,412.00,168.00,412.00,249.00,298.00,249.00
410.03,161.89,415.56,242.13,298.70,250.19,293.17,169.95
297.23,167.24,413.17,169.51,411.57,250.95,295.63,248.68
300.06,164.92,408.33,174.20,401.31,256.08,293.05,246.80
299.61,163.07,405.32,175.27,395.65,259.00,289.95,246.80
297.42,162.47,405.32,175.28,395.42,258.73,287.52,245.93
287.00,167.00,396.00,167.00,396.00,248.00,287.00,248.00
283.56,163.79,383.79,166.29,381.72,249.07,281.49,246.56
288.30,156.75,383.22,172.20,369.24,258.09,274.32,242.63
282.43,154.43,382.45,170.34,368.55,257.70,268.53,241.79
283.52,145.18,378.57,178.73,348.20,264.78,253.15,231.23
271.96,147.36,361.16,168.11,340.63,256.38,251.43,235.64
261.93,145.01,354.00,165.22,334.42,254.43,242.34,234.22
248.90,148.51,339.37,157.13,330.78,247.31,240.31,238.70
238.28,148.10,328.57,153.99,322.70,243.94,232.41,238.05
230.99,145.08,319.51,152.16,312.70,237.26,224.19,230.17
241.06,125.88,324.34,168.59,290.19,235.18,206.91,192.47
221.21,130.88,302.93,156.96,281.53,224.02,199.81,197.94
216.30,125.30,289.88,156.57,263.06,219.68,189.48,188.40
200.85,127.72,277.14,151.33,257.08,216.12,180.80,192.51
173.98,135.37,265.87,141.12,261.15,216.57,169.26,210.83
206.33,113.61,256.30,155.25,205.39,216.33,155.43,174.69
185.20,113.78,248.01,154.80,197.04,232.84,134.24,191.83
141.88,133.53,232.87,140.91,226.61,218.13,135.61,210.75
126.39,137.45,212.71,140.83,209.73,216.85,123.41,213.47
118.00,141.00,193.00,141.00,193.00,216.00,118.00,216.00
171.61,133.41,213.04,219.86,124.25,262.40,82.83,175.96
172.51,142.88,193.93,235.71,100.45,257.28,79.03,164.46
169.84,150.57,180.22,243.98,90.00,254.00,79.62,160.60
79.00,157.00,170.00,157.00,170.00,248.00,79.00,248.00
153.14,159.98,165.58,247.06,82.28,258.96,69.84,171.88
155.59,168.68,158.37,252.09,68.17,255.09,65.39,171.69
136.68,161.03,153.96,248.88,71.64,265.07,54.36,177.23
92.15,154.85,172.82,207.28,131.81,270.37,51.14,217.94
56.00,171.00,134.00,171.00,134.00,255.00,56.00,255.00
111.05,157.55,154.57,248.07,69.82,288.82,26.30,198.30
103.75,163.57,155.35,235.60,75.29,292.95,23.69,220.92
110.17,161.27,160.51,241.81,74.93,295.29,24.60,214.75
99.50,167.50,168.00,236.00,126.00,278.00,57.50,209.50
98.28,165.02,175.44,238.02,133.58,282.28,56.41,209.28
160.46,171.01,172.45,248.93,90.84,261.49,78.86,183.56
144.82,182.20,192.77,240.07,129.80,292.25,81.86,234.38
145.57,176.83,205.93,229.88,145.36,298.80,85.00,245.76
148.49,180.39,212.39,231.51,157.56,300.05,93.66,248.93
180.80,178.54,215.67,244.05,133.61,287.72,98.74,222.22
215.21,201.39,224.21,251.75,128.37,268.86,119.38,218.50
229.21,202.37,236.96,254.06,143.90,268.01,136.15,216.33
148.00,209.00,247.00,209.00,247.00,261.00,148.00,261.00
261.55,206.72,263.20,262.64,164.49,265.54,162.84,209.62
175.00,208.00,275.00,208.00,275.00,261.00,175.00,261.00
308.36,182.64,324.03,228.75,204.33,269.45,188.65,223.34
329.90,199.69,334.70,248.96,210.54,261.07,205.74,211.81
225.57,202.62,341.06,210.07,337.97,258.00,222.48,250.55
237.36,202.12,352.15,208.17,349.59,256.82,234.80,250.78
308.84,168.11,359.76,223.88,291.47,286.23,240.55,230.46
305.53,169.46,364.48,223.63,308.57,284.47,249.62,230.30
266.00,177.00,361.00,177.00,361.00,253.00,266.00,253.00
275.00,177.00,371.00,177.00,371.00,252.00,275.00,252.00
284.00,176.00,378.00,176.00,378.00,250.00,284.00,250.00
291.00,176.00,379.00,176.00,379.00,249.00,291.00,249.00
294.00,176.00,384.00,176.00,384.00,248.00,294.00,248.00
389.49,175.30,390.96,246.19,296.25,248.16,294.78,177.28
401.90,174.26,404.50,245.64,297.27,249.54,294.68,178.16
408.45,164.04,411.71,247.09,297.45,251.57,294.20,168.52
302.40,163.52,410.44,174.78,401.82,257.56,293.78,246.31
306.28,155.86,405.60,174.88,388.89,262.15,289.57,243.13
300.73,152.59,386.96,166.11,373.03,254.95,286.80,241.42
293.97,149.58,385.72,159.97,375.49,250.30,283.75,239.91
288.56,146.16,380.07,154.64,371.55,246.61,280.04,238.13
365.70,146.08,367.94,209.76,283.88,212.71,281.65,149.03
320.18,171.56,322.91,209.79,290.58,212.10,287.85,173.87
315.14,140.79,323.45,208.87,284.30,213.65,276.00,145.56
256.11,136.01,332.24,140.97,327.47,214.16,251.34,209.20
244.00,137.00,325.00,137.00,325.00,211.00,244.00,211.00
233.00,135.00,326.00,135.00,326.00,213.00,233.00,213.00
305.91,120.86,327.44,198.38,242.13,222.07,220.60,144.56
224.34,117.37,305.93,144.10,280.33,222.25,198.74,195.52
205.19,125.37,293.32,135.54,284.09,215.51,195.96,205.34
197.52,122.70,281.91,137.11,268.60,215.03,184.21,200.62
214.15,107.40,289.52,155.72,251.60,214.87,176.23,166.56
258.25,127.80,265.59,208.49,174.16,216.80,166.83,136.11
225.57,111.56,265.08,176.02,196.67,217.94,157.16,153.48
173.69,113.91,238.48,141.32,202.32,226.79,137.53,199.38
147.30,130.90,222.62,141.66,211.42,220.06,136.10,209.30
187.00,140.35,193.91,211.72,129.06,217.99,122.16,146.63
190.81,144.24,193.09,212.83,125.00,215.10,122.72,146.51
121.00,149.00,192.00,149.00,192.00,214.00,121.00,214.00
171.35,140.37,217.69,221.46,148.88,260.78,102.54,179.69
165.83,147.18,210.01,228.18,135.04,269.07,90.86,188.08
103.58,164.46,192.09,172.76,184.41,254.63,95.91,246.33
167.51,161.78,187.15,250.19,101.81,269.15,82.16,180.74
80.28,169.19,181.47,172.80,178.52,255.41,77.33,251.80
76.00,170.00,176.00,170.00,176.00,256.00,76.00,256.00
171.03,169.40,173.20,255.95,79.31,258.29,77.14,171.75
147.22,170.41,198.99,218.72,133.15,289.27,81.38,240.95
152.00,178.00,200.00,226.00,133.00,293.00,85.00,245.00
161.95,181.20,208.57,231.70,138.46,296.42,91.84,245.91
161.43,188.95,210.59,242.33,147.32,300.60,98.16,247.23
130.21,203.47,217.55,237.44,191.22,305.14,103.88,271.17
142.21,206.48,226.34,240.14,198.76,309.10,114.62,275.45
160.20,205.60,236.20,243.60,200.80,314.40,124.80,276.40
244.22,221.94,252.89,297.05,148.21,309.13,139.54,234.01
251.78,217.47,264.12,276.08,160.35,297.93,148.01,239.31
187.95,203.39,271.78,247.52,239.05,309.71,155.22,265.59
214.76,201.54,299.42,262.01,252.05,328.32,167.39,267.85
218.67,201.84,296.87,248.43,251.49,324.61,173.29,278.02
209.33,214.85,311.95,237.85,291.81,327.71,189.18,304.71
219.08,216.06,326.65,234.77,310.81,325.84,203.24,307.13
268.36,195.52,337.96,247.72,295.48,304.36,225.88,252.16
295.00,192.00,352.00,249.00,296.50,304.50,239.50,247.50
325.74,193.79,362.03,251.85,290.12,296.80,253.83,238.73
266.00,212.00,371.00,212.00,371.00,275.00,266.00,275.00
378.47,211.85,379.26,261.38,278.53,263.01,277.73,213.47
282.00,209.00,388.00,209.00,388.00,262.00,282.00,262.00
393.31,175.61,395.58,259.61,283.23,262.64,280.96,178.65
395.10,175.18,397.67,257.42,290.65,260.76,288.08,178.53
394.10,175.20,396.70,257.03,292.84,260.32,290.24,178.50
394.18,174.27,397.62,255.66,298.71,259.84,295.27,178.45
297.81,171.62,397.18,175.76,393.72,258.70,294.35,254.56
293.00,175.00,398.00,175.00,398.00,256.00,293.00,256.00
303.12,158.69,404.84,175.25,389.72,268.12,288.00,251.56
301.45,156.27,402.28,175.18,384.30,271.06,283.47,252.15
302.98,150.58,402.25,173.94,378.85,273.38,279.58,250.02
293.15,148.10,400.80,165.56,384.11,268.50,276.45,251.05
286.64,144.52,397.10,160.30,382.22,264.46,271.76,248.68
279.21,143.23,385.54,154.04,374.75,260.09,268.43,249.28
310.00,122.00,372.50,184.50,312.50,244.50,250.00,182.00
259.46,138.14,348.98,143.41,344.49,219.62,254.98,214.35
253.02,134.71,341.01,139.88,336.24,220.90,248.25,215.72
242.64,133.42,338.03,136.00,335.80,218.40,240.41,215.82
234.48,131.20,339.66,134.38,337.10,218.76,231.92,215.57
227.32,130.88,333.30,132.51,331.98,218.29,226.01,216.66
219.00,130.00,326.00,130.00,326.00,217.00,219.00,217.00
212.00,129.00,317.00,129.00,317.00,217.00,212.00,217.00
210.48,115.12,313.00,138.07,292.86,228.04,190.34,205.09
195.18,122.11,301.13,132.37,292.36,222.91,186.42,212.65
206.08,106.21,294.46,144.64,260.09,223.69,171.71,185.27
222.42,99.96,302.67,159.28,254.58,224.34,174.33,165.03
199.27,106.64,292.50,155.20,256.64,224.06,163.40,175.50
264.38,129.54,267.97,219.36,164.34,223.51,160.75,133.69
249.34,125.85,266.02,217.63,168.34,235.39,151.66,143.61
220.26,112.20,263.17,182.86,193.68,225.05,150.77,154.39
175.74,114.87,241.51,152.27,190.24,242.45,124.46,205.05
124.00,140.00,235.00,140.00,235.00,222.00,124.00,222.00
235.23,140.68,237.15,221.14,122.12,223.88,120.20,143.42
156.80,113.82,237.99,161.87,188.55,245.41,107.36,197.36
225.96,130.55,254.38,242.43,152.43,268.32,124.02,156.44
230.86,133.90,252.15,247.47,154.10,265.86,132.80,152.29
236.58,138.47,248.71,253.77,146.22,264.56,134.08,149.25
243.19,140.79,250.97,257.60,161.44,263.57,153.65,146.76
237.08,135.64,257.22,252.48,165.73,268.25,145.59,151.42
234.18,132.64,263.83,248.42,182.71,269.20,153.06,153.41
228.44,130.08,268.43,243.38,193.10,269.96,153.12,156.66
262.54,133.04,284.30,251.54,194.73,267.99,172.97,149.50
198.76,141.91,281.96,154.60,263.67,274.49,180.47,261.80
268.70,135.48,286.48,254.47,209.83,265.92,192.05,146.94
242.15,121.28,300.93,229.04,219.59,273.41,160.81,165.65
191.42,140.93,285.45,149.80,274.09,270.20,180.06,261.33
270.02,130.69,293.29,251.71,215.11,266.75,191.83,145.72
270.91,128.40,295.82,249.39,212.55,266.53,187.64,145.54
230.25,116.19,297.35,194.85,253.32,232.41,186.23,153.75
234.72,114.44,299.65,194.44,252.35,232.83,187.43,152.83
195.76,136.94,285.61,141.22,279.50,269.55,189.65,265.27
176.00,137.00,282.00,137.00,282.00,228.00,176.00,228.00
233.31,112.84,299.39,196.45,253.12,233.01,187.04,149.40
