1
260.46,157.96,287.82,235.48,186.70,271.16,159.34,193.64
262.62,155.52,283.70,237.21,178.57,264.34,157.49,182.65
266.15,153.50,281.21,238.85,180.01,256.70,164.95,171.36
259.45,141.21,292.86,230.30,194.12,267.33,160.71,178.23
257.28,137.02,293.98,226.73,196.56,266.59,159.86,176.88
255.69,134.09,294.69,223.79,198.59,265.57,159.60,175.87
253.19,131.49,296.47,220.21,202.14,266.23,158.86,177.51
175.38,146.77,279.50,151.10,275.77,240.62,171.66,236.28
165.85,147.56,280.90,150.18,278.87,239.68,163.82,237.06
166.85,147.55,280.93,150.21,278.84,239.69,164.77,237.04
166.83,147.59,280.93,150.18,278.89,239.68,164.79,237.09
172.39,146.64,281.58,151.19,277.83,241.03,168.65,236.49
178.88,147.34,279.73,152.39,275.29,241.11,174.45,236.07
168.58,147.21,282.66,152.39,278.63,241.16,164.55,235.98
180.04,148.61,278.93,151.36,276.48,239.76,177.58,237.02
180.91,148.77,283.99,151.35,281.78,239.82,178.69,237.24
184.89,147.93,286.12,153.89,280.98,241.35,179.74,235.40
197.09,147.11,288.28,156.23,279.58,243.16,188.40,234.04
198.76,147.33,288.54,154.61,281.49,241.63,191.70,234.35
199.26,147.13,292.38,154.68,285.29,242.13,192.17,234.58
201.64,144.77,299.55,157.33,288.43,244.03,190.53,231.48
209.96,141.19,309.00,161.00,291.73,247.35,192.69,227.54
213.00,151.00,311.00,151.00,311.00,240.00,213.00,240.00
220.08,147.93,319.21,155.02,312.92,243.14,213.78,236.06
231.71,147.36,325.61,156.57,316.98,244.61,223.08,235.40
244.49,144.40,339.41,161.43,323.52,249.94,228.61,232.90
253.75,148.97,344.22,160.28,333.18,248.52,242.72,237.22
261.55,152.89,353.85,159.99,347.01,248.85,254.71,241.75
274.61,152.59,380.66,166.13,369.42,254.24,263.36,240.71
295.45,143.62,382.71,181.02,346.09,266.47,258.83,229.07
291.03,156.09,385.28,170.43,371.86,258.63,277.61,244.29
295.23,160.48,402.64,172.16,393.35,257.60,285.94,245.93
299.63,163.34,405.38,174.35,396.75,257.24,291.00,246.23
411.53,164.83,414.62,245.25,297.64,249.74,294.55,169.32
411.98,162.28,417.49,242.07,298.64,250.27,293.14,170.47
303.72,165.15,411.21,174.64,403.95,256.94,296.46,247.45
298.00,168.00,413.00,168.00,413.00,249.00,298.00,249.00
301.65,165.01,411.21,174.54,404.04,257.00,294.48,247.48
300.30,164.80,408.32,174.48,400.99,256.33,292.97,246.65
298.13,164.01,407.25,174.31,399.46,256.91,290.34,246.62
297.42,162.47,405.32,175.28,395.42,258.73,287.52,245.93
287.00,167.00,396.00,167.00,396.00,248.00,287.00,248.00
283.00,165.00,381.00,165.00,381.00,247.00,283.00,247.00
288.37,156.27,382.80,171.64,368.74,258.00,274.32,242.63
282.43,154.43,382.45,170.34,368.55,257.70,268.53,241.79
275.72,153.56,383.08,167.88,371.31,256.17,263.95,241.86
271.37,147.94,361.04,167.15,342.03,255.86,252.36,236.65
254.00,156.00,348.00,156.00,348.00,245.00,254.00,245.00
248.78,148.61,339.23,157.02,330.84,247.24,240.39,238.83
242.35,142.54,335.31,158.63,319.59,249.49,226.62,233.40
229.00,149.00,318.00,149.00,318.00,240.00,229.00,240.00
220.00,147.00,311.00,147.00,311.00,239.00,220.00,239.00
220.25,131.59,302.10,155.96,282.00,223.43,200.16,199.05
227.60,120.25,290.07,159.29,249.06,224.91,186.58,185.87
201.59,127.27,277.63,151.98,256.58,216.76,180.53,192.05
175.64,134.66,264.96,141.54,259.14,217.24,169.82,210.37
206.39,113.05,257.18,155.90,194.00,230.78,143.21,187.93
184.69,113.80,247.76,154.53,197.27,232.71,134.20,191.98
141.83,135.23,229.08,139.95,224.97,216.13,137.71,211.42
174.95,131.99,217.42,197.12,160.26,234.40,117.79,169.27
191.58,140.41,193.35,214.49,118.93,216.26,117.17,142.19
178.54,139.95,193.58,213.66,95.00,233.78,79.95,160.07
170.02,140.65,197.97,232.49,107.49,260.03,79.53,168.19
165.68,147.80,181.84,242.06,95.38,256.88,79.22,162.62
79.00,158.00,170.00,158.00,170.00,248.00,79.00,248.00
151.41,159.43,165.84,246.03,83.62,259.73,69.19,173.14
155.58,168.55,158.37,252.09,67.54,255.12,64.75,171.57
63.00,171.00,153.00,171.00,153.00,253.00,63.00,253.00
91.85,155.30,172.52,207.74,131.81,270.37,51.14,217.94
131.46,170.26,134.38,254.95,57.37,257.61,54.45,172.92
84.46,156.68,159.06,189.51,111.99,296.48,37.39,263.65
104.15,159.85,157.38,234.15,75.29,292.95,22.07,218.65
110.77,164.81,159.35,240.86,75.30,294.56,26.72,218.51
99.90,167.51,167.24,237.02,124.66,278.26,57.32,208.75
98.45,166.54,175.65,237.49,134.65,282.11,57.44,211.16
160.24,164.49,173.00,249.00,89.40,261.62,76.64,177.11
176.94,201.62,184.32,249.57,92.34,263.72,84.97,215.77
148.42,173.02,207.96,228.84,142.91,298.23,83.37,242.41
148.99,172.49,213.15,233.08,150.22,299.71,86.06,239.11
164.77,165.88,219.09,241.93,145.22,294.70,90.89,218.65
215.22,200.34,225.38,253.16,129.17,271.66,119.01,218.84
230.52,204.77,235.49,259.41,142.26,267.89,137.30,213.25
148.00,209.00,248.00,209.00,248.00,267.00,148.00,267.00
162.00,209.00,263.00,209.00,263.00,264.00,162.00,264.00
174.00,208.00,276.00,208.00,276.00,264.00,174.00,264.00
309.71,178.67,327.67,225.92,206.40,272.01,188.45,224.75
208.00,207.00,339.00,207.00,339.00,259.00,208.00,259.00
225.51,202.78,342.06,210.07,339.01,258.88,222.46,251.59
237.94,201.43,351.08,210.01,347.37,258.89,234.23,250.32
307.42,168.45,359.68,224.63,292.79,286.85,240.53,230.67
304.88,169.77,364.15,223.81,308.90,284.40,249.63,230.37
266.00,177.00,361.00,177.00,361.00,253.00,266.00,253.00
302.17,162.93,382.67,197.43,349.88,273.95,269.38,239.45
284.00,176.00,378.00,176.00,378.00,250.00,284.00,250.00
291.00,176.00,379.00,176.00,379.00,249.00,291.00,249.00
294.00,176.00,384.00,176.00,384.00,248.00,294.00,248.00
382.52,175.46,383.97,246.35,296.23,248.14,294.78,177.25
404.87,173.46,407.48,245.55,297.26,249.53,294.65,177.45
408.56,164.88,411.79,247.09,297.45,251.57,294.23,169.36
302.73,163.30,413.29,175.36,404.24,258.28,293.69,246.22
304.79,156.62,410.57,174.63,395.72,261.91,289.93,243.90
299.30,153.24,386.85,165.25,374.66,254.05,287.11,242.04
294.02,149.50,385.76,160.09,375.34,250.42,283.60,239.84
285.89,148.22,380.27,153.56,375.09,245.06,280.71,239.72
366.08,146.15,368.43,209.72,282.96,212.89,280.60,149.31
357.44,141.75,361.74,208.40,277.67,213.83,273.37,147.17
330.03,132.91,348.49,201.22,281.14,219.42,262.68,151.11
256.21,135.67,334.39,141.12,329.26,214.58,251.08,209.12
244.37,134.88,330.33,136.75,328.66,213.60,242.70,211.73
325.86,131.70,330.05,209.87,233.98,215.02,229.80,136.85
305.66,120.10,330.05,204.66,244.55,229.32,220.16,144.76
213.00,132.00,304.00,132.00,304.00,211.00,213.00,211.00
205.21,125.14,293.35,135.31,284.11,215.40,195.97,205.23
214.60,109.80,287.80,146.40,253.40,215.20,180.20,178.60
266.08,128.13,271.51,209.63,184.83,215.41,179.39,133.91
254.86,125.72,267.09,207.29,178.10,220.64,165.86,139.07
242.34,127.70,252.88,205.94,169.43,217.17,158.90,138.94
173.46,113.99,238.44,141.28,202.54,226.77,137.56,199.48
147.30,130.05,223.80,141.82,211.66,220.72,135.16,208.95
125.00,141.00,211.00,141.00,211.00,214.00,125.00,214.00
123.00,145.00,192.00,145.00,192.00,214.00,123.00,214.00
189.28,145.00,205.20,237.64,131.87,250.24,115.95,157.60
171.57,140.84,217.84,221.39,149.02,260.92,102.75,180.38
169.80,147.64,210.34,230.86,130.00,270.00,89.46,186.78
103.50,164.36,192.28,172.68,184.59,254.74,95.80,246.42
87.05,167.85,186.57,174.83,180.88,255.97,81.35,248.99
82.87,169.66,180.93,172.39,178.63,255.41,80.56,252.68
150.55,157.40,179.06,253.31,101.24,276.44,72.73,180.54
170.98,169.33,173.20,255.94,76.29,258.43,74.07,171.82
147.22,170.41,201.06,220.65,134.75,291.70,80.91,241.45
145.51,172.61,202.46,218.17,142.66,292.93,85.71,247.37
100.76,208.05,195.24,214.57,190.03,290.00,95.55,283.49
186.55,199.26,219.51,268.47,130.31,310.95,97.35,241.74
202.57,204.22,228.91,273.84,133.14,310.08,106.79,240.46
142.21,206.48,228.24,240.90,200.66,309.86,114.62,275.45
161.52,204.28,234.91,243.42,196.93,314.63,123.54,275.49
141.00,228.00,248.00,228.00,248.00,308.00,141.00,308.00
165.65,213.63,262.70,240.10,244.91,305.34,147.85,278.87
185.20,203.60,273.20,247.60,239.80,314.40,151.80,270.40
216.04,200.94,303.06,265.27,254.31,331.23,167.29,266.91
192.00,217.64,298.20,236.79,282.28,325.08,176.08,305.93
208.02,215.16,312.69,237.20,293.65,327.66,188.97,305.63
224.25,210.51,327.71,239.25,302.26,330.85,198.80,302.11
266.42,195.05,339.06,247.75,284.66,322.74,212.02,270.03
295.00,191.00,353.00,249.00,296.50,305.50,238.50,247.50
307.57,189.55,363.97,248.51,307.00,303.00,250.60,244.04
266.00,212.00,374.00,212.00,374.00,276.00,266.00,276.00
378.98,211.80,379.84,262.34,278.56,264.06,277.70,213.51
384.51,202.92,389.80,257.57,286.89,267.53,281.60,212.88
393.27,175.55,395.60,259.57,283.27,262.69,280.94,178.67
395.04,175.10,397.69,257.27,290.67,260.72,288.02,178.55
394.13,175.20,396.73,257.02,292.87,260.32,290.27,178.50
393.56,174.35,396.94,255.59,298.69,259.68,295.31,178.45
296.99,173.45,395.83,176.45,393.36,258.16,294.51,255.17
293.00,175.00,400.00,175.00,400.00,256.00,293.00,256.00
303.15,158.54,404.87,175.09,389.70,268.30,287.97,251.74
301.45,156.27,403.06,175.32,385.04,271.45,283.43,252.39
299.81,151.96,402.12,172.42,382.31,271.46,280.00,251.00
293.15,148.10,400.80,165.56,384.11,268.50,276.45,251.05
285.98,145.00,398.09,160.20,383.94,264.57,271.83,249.37
279.22,143.12,385.55,153.94,374.75,260.09,268.43,249.28
309.50,122.50,371.00,184.00,311.50,243.50,250.00,182.00
260.69,137.05,343.58,143.43,337.68,220.21,254.78,213.83
251.98,135.35,339.99,139.23,336.44,219.68,248.44,215.80
241.00,135.00,336.00,135.00,336.00,218.00,241.00,218.00
235.48,131.08,338.69,134.20,336.13,218.73,232.92,215.60
330.58,130.11,332.33,217.61,229.35,219.67,227.60,132.17
218.00,130.00,327.00,130.00,327.00,217.00,218.00,217.00
220.62,114.49,318.88,139.69,295.84,229.52,197.58,204.33
209.21,116.85,311.02,136.60,293.55,226.64,191.74,206.89
256.92,97.35,324.75,172.55,258.62,232.21,190.78,157.00
207.22,105.40,295.08,144.94,259.64,223.69,171.78,184.15
200.94,106.13,292.58,148.42,257.92,223.50,166.29,181.21
214.51,102.25,298.78,164.53,254.58,224.34,170.31,162.05
264.38,129.54,267.97,219.36,165.38,223.46,161.79,133.65
247.81,125.04,266.27,217.35,170.12,236.58,151.65,144.27
219.13,111.42,263.29,182.07,193.99,225.38,149.83,154.73
173.53,115.35,240.10,151.29,191.00,242.22,124.43,206.27
123.00,140.00,235.00,140.00,235.00,222.00,123.00,222.00
232.74,134.99,247.51,248.28,132.13,263.33,117.35,150.04
120.77,141.44,233.40,143.94,231.60,224.79,118.97,222.29
225.70,129.43,256.03,241.80,153.17,269.56,122.84,157.19
231.95,132.43,254.94,245.62,154.47,266.03,131.48,152.84
237.78,139.19,248.48,254.83,145.85,264.33,135.14,148.69
238.95,138.01,253.37,255.45,150.40,268.09,135.97,150.65
237.80,135.68,258.34,252.76,166.05,268.96,145.50,151.88
233.50,131.22,266.58,245.62,183.69,269.58,150.61,155.19
228.56,130.77,267.15,244.12,192.60,269.50,154.01,156.15
258.06,129.24,287.29,246.18,198.12,268.47,168.88,151.53
193.31,142.23,279.78,152.78,265.13,272.97,178.66,262.42
275.41,142.56,279.39,263.89,194.50,266.67,190.52,145.34
243.19,122.34,300.74,229.51,219.04,273.39,161.49,166.22
196.79,139.55,288.56,155.13,268.26,274.70,176.49,259.12
192.89,139.56,287.73,151.17,272.82,272.96,177.98,261.34
254.96,119.91,303.19,236.76,215.67,272.88,167.44,156.03
275.38,128.79,296.81,252.33,208.20,267.70,186.77,144.16
282.20,136.53,286.73,263.33,198.91,266.47,194.38,139.66
282.90,136.39,285.63,264.52,184.27,266.68,181.54,138.54
269.71,122.44,296.97,248.72,187.89,272.27,160.62,145.99
271.45,123.33,294.31,250.48,178.55,271.29,155.69,144.15
