1
260.46,157.96,287.82,235.48,186.70,271.16,159.34,193.64
262.62,155.52,283.70,237.21,178.57,264.34,157.49,182.65
266.04,153.38,281.36,238.73,176.66,257.52,161.34,172.17
259.03,141.74,292.32,230.51,194.12,267.33,160.84,178.56
257.72,137.31,293.66,227.14,196.07,266.17,160.14,176.34
254.66,134.48,294.29,223.65,199.09,265.96,159.46,176.79
253.19,131.49,296.47,220.21,202.14,266.23,158.86,177.51
165.19,147.01,281.23,150.63,278.43,240.29,162.39,236.67
165.83,147.56,280.90,150.18,278.87,239.68,163.79,237.06
179.31,147.41,278.58,152.03,274.48,240.19,175.21,235.57
164.85,147.54,280.93,150.18,278.89,239.68,162.82,237.04
173.42,146.63,281.56,151.24,277.74,241.10,169.60,236.49
165.89,148.40,280.94,151.27,278.71,240.64,163.66,237.77
176.78,148.64,278.87,151.20,276.66,239.69,174.57,237.14
180.82,147.27,280.84,152.82,275.92,241.50,175.89,235.94
181.23,148.81,283.99,151.37,281.78,239.82,179.02,237.25
189.54,144.22,288.52,158.36,275.88,246.84,176.90,232.70
194.19,147.66,287.71,155.14,280.77,241.82,187.25,234.34
195.69,147.71,288.14,153.88,282.32,241.22,189.86,235.06
198.27,147.05,292.38,154.68,285.29,242.13,191.18,234.50
202.14,146.37,297.85,156.19,288.92,243.27,193.21,233.46
208.57,142.59,307.32,159.05,292.78,246.30,194.03,229.84
213.00,151.00,312.00,151.00,312.00,240.00,213.00,240.00
221.22,146.44,320.07,156.85,310.85,244.41,212.00,234.00
231.68,147.16,325.52,156.18,317.03,244.52,223.18,235.50
243.53,145.54,336.86,159.90,323.13,249.17,229.80,234.82
252.40,150.12,342.80,159.35,333.76,247.93,243.36,238.71
265.15,147.23,356.69,165.54,339.12,253.42,247.58,235.12
273.56,152.07,382.50,165.41,371.59,254.52,262.65,241.18
295.45,143.62,382.71,181.02,346.09,266.47,258.83,229.07
290.14,156.48,385.11,169.74,372.81,257.88,277.84,244.63
296.38,159.92,405.43,173.55,394.72,259.22,285.68,245.58
299.49,163.44,406.27,174.33,397.81,257.27,291.02,246.37
414.15,162.89,418.95,242.88,297.97,250.14,293.17,170.15
304.82,164.74,405.29,175.24,396.69,257.53,296.22,247.04
299.23,167.28,413.15,169.51,411.55,250.93,297.63,248.70
414.18,162.99,418.88,242.95,299.00,250.00,294.30,170.04
297.24,167.22,413.15,169.54,411.52,251.01,295.61,248.69
299.93,164.77,411.29,174.74,403.96,256.59,292.60,246.62
300.10,162.89,403.30,175.53,393.11,258.79,289.90,246.15
296.41,163.08,405.38,174.35,396.78,257.49,287.80,246.22
287.00,167.00,396.00,167.00,396.00,248.00,287.00,248.00
284.40,163.81,382.79,166.27,380.72,249.02,282.34,246.56
288.33,156.56,383.25,172.02,369.24,258.09,274.32,242.63
282.43,154.43,382.45,170.34,368.55,257.70,268.53,241.79
275.65,154.15,382.28,168.37,370.59,256.08,263.95,241.86
272.47,147.12,361.88,169.47,340.00,257.00,250.59,234.65
262.65,144.06,354.99,166.05,333.81,255.00,241.47,233.02
248.94,148.41,339.51,157.25,330.63,248.28,240.05,239.44
238.89,146.09,333.64,155.56,324.64,245.56,229.89,236.09
229.82,146.92,318.64,150.09,315.51,237.66,226.70,234.49
250.96,121.78,332.29,179.50,287.71,242.31,206.38,184.60
210.00,145.00,300.00,145.00,300.00,237.00,210.00,237.00
227.60,120.25,290.07,159.29,249.67,223.92,187.20,184.88
202.00,127.00,277.90,152.30,256.50,216.50,180.60,191.20
177.92,132.64,266.29,143.03,257.32,219.27,168.96,208.88
208.98,112.85,258.81,157.86,192.62,231.14,142.79,186.13
183.75,113.84,247.75,154.33,197.97,233.02,133.97,192.53
141.78,135.12,229.09,139.84,224.97,216.13,137.65,211.41
206.34,136.48,211.22,214.55,127.80,219.76,122.92,141.69
118.00,141.00,193.00,141.00,193.00,216.00,118.00,216.00
170.72,132.33,214.98,217.01,128.25,262.35,83.98,177.67
171.35,142.10,194.18,235.32,101.80,257.95,78.97,164.72
166.00,148.00,181.70,242.22,94.95,256.68,79.24,162.46
147.17,146.74,174.85,241.63,95.28,264.83,67.61,169.95
154.86,160.61,165.10,246.68,80.80,256.71,70.55,170.65
154.59,168.71,157.37,252.12,68.14,255.10,65.36,171.69
150.50,168.64,153.42,253.26,62.57,256.39,59.65,171.77
92.18,154.84,173.28,207.65,132.07,270.93,50.97,218.12
89.00,156.79,163.93,196.23,127.92,264.64,53.00,225.21
111.05,157.55,154.76,248.46,70.00,289.21,26.30,198.30
104.67,165.42,155.57,235.41,75.83,293.39,24.94,223.41
108.83,161.78,159.35,240.86,75.32,294.55,24.80,215.46
113.78,168.99,164.95,241.82,81.22,300.66,30.04,227.83
95.67,175.99,175.83,232.69,141.63,281.03,61.47,224.33
158.63,168.77,172.50,248.91,92.01,262.84,78.14,182.71
93.00,202.36,186.62,215.13,177.42,282.60,83.80,269.84
145.63,176.77,205.99,229.81,145.36,298.80,85.00,245.76
148.47,174.02,212.18,234.08,150.29,299.73,86.58,239.66
164.70,166.78,218.62,242.27,145.22,294.70,91.30,219.22
214.88,201.13,224.58,253.52,128.93,271.23,119.23,218.85
229.83,203.65,236.31,255.46,143.14,267.11,136.66,215.29
148.00,209.00,247.00,209.00,247.00,262.00,148.00,262.00
163.00,209.00,262.00,209.00,262.00,264.00,163.00,264.00
263.96,192.46,281.73,243.24,187.93,276.08,170.15,225.30
306.76,179.79,324.72,227.05,206.40,272.01,188.45,224.75
209.07,204.91,338.04,210.00,336.02,261.16,207.05,256.07
225.40,203.26,341.06,210.06,338.25,257.72,222.59,250.92
222.00,181.00,354.00,181.00,354.00,317.00,222.00,317.00
307.94,168.86,358.72,223.65,291.67,285.80,240.89,231.01
298.34,171.07,362.61,222.49,314.22,282.98,249.95,231.56
266.00,178.00,361.00,178.00,361.00,253.00,266.00,253.00
275.00,177.00,371.00,177.00,371.00,253.00,275.00,253.00
284.00,176.00,378.00,176.00,378.00,250.00,284.00,250.00
291.00,176.00,379.00,176.00,379.00,250.00,291.00,250.00
294.00,176.00,382.00,176.00,382.00,248.00,294.00,248.00
382.51,175.51,383.99,246.33,296.25,248.16,294.78,177.34
395.80,174.48,398.39,245.86,297.27,249.54,294.68,178.16
403.79,166.50,405.44,249.13,297.23,251.30,295.57,168.67
302.26,163.62,413.31,174.95,404.87,257.68,293.82,246.35
306.28,155.86,406.56,175.07,389.82,262.52,289.54,243.32
295.40,154.85,389.08,162.50,381.82,251.45,288.14,243.81
293.69,150.07,385.48,159.25,376.45,249.54,284.66,240.37
287.21,146.68,376.83,153.32,369.99,245.63,280.37,238.99
286.07,142.11,371.56,152.61,360.22,244.92,274.74,234.42
354.27,143.14,356.82,209.20,282.08,212.07,279.54,146.02
337.43,135.38,349.88,203.84,275.17,217.42,262.72,148.96
256.17,135.88,334.28,141.20,329.28,214.50,251.17,209.17
244.38,134.94,333.40,136.92,331.70,213.70,242.67,211.73
325.88,131.55,330.15,209.79,234.02,215.04,229.75,136.80
304.22,118.87,328.75,196.94,244.06,223.55,219.53,145.49
224.53,116.80,306.12,143.52,280.24,222.54,198.65,195.82
205.19,125.37,293.32,135.54,284.11,215.40,195.97,205.23
201.98,118.70,283.22,141.03,262.64,215.85,181.41,193.51
266.61,129.92,269.21,210.41,183.78,213.17,181.18,132.67
254.90,126.01,267.09,207.29,178.10,220.64,165.90,139.36
242.60,128.37,251.98,206.48,168.54,216.50,159.17,138.38
172.95,114.49,237.87,141.44,202.53,226.58,137.61,199.63
147.30,130.05,224.77,141.97,212.64,220.87,135.16,208.95
125.00,141.00,210.00,141.00,210.00,213.00,125.00,213.00
123.00,145.00,192.00,145.00,192.00,214.00,123.00,214.00
121.00,149.00,192.00,149.00,192.00,214.00,121.00,214.00
171.57,140.84,217.84,221.39,149.02,260.92,102.75,180.38
163.11,143.89,211.55,225.86,137.03,269.89,88.59,187.92
101.69,165.75,190.71,171.50,185.37,254.25,96.35,248.51
87.58,168.59,185.61,174.03,181.12,254.90,83.09,249.45
82.28,169.16,181.61,172.91,178.49,255.55,79.16,251.80
77.00,170.00,176.00,170.00,176.00,256.00,77.00,256.00
171.03,169.40,173.20,255.95,77.26,258.34,75.09,171.80
147.22,170.41,200.02,219.69,134.18,290.24,81.38,240.95
144.91,174.22,201.31,219.83,142.67,292.35,86.27,246.75
159.63,180.70,208.53,230.89,140.35,297.33,91.44,247.14
160.86,188.05,211.77,241.87,148.48,301.74,97.57,247.92
124.99,201.44,218.76,237.91,192.43,305.61,98.66,269.15
143.24,205.37,228.29,241.46,198.55,311.57,113.49,275.48
159.80,205.40,237.00,244.00,201.00,316.00,123.80,277.40
204.58,190.02,255.38,255.52,175.16,317.73,124.36,252.23
152.00,229.00,260.00,229.00,260.00,293.00,152.00,293.00
186.90,202.66,272.98,248.14,238.16,314.05,152.08,268.57
215.26,201.34,299.99,262.63,252.24,328.64,167.51,267.35
195.46,216.23,297.30,238.45,278.29,325.57,176.45,303.35
221.72,205.51,310.51,244.26,273.30,329.53,184.51,290.79
226.30,209.87,326.58,240.60,299.54,328.81,199.27,298.08
283.00,194.00,339.00,250.00,282.50,306.50,226.50,250.50
300.29,192.08,351.99,250.23,291.28,304.19,239.59,246.03
258.88,212.62,359.82,223.24,354.19,276.65,253.26,266.03
366.74,211.05,368.87,268.52,268.34,272.25,266.21,214.77
378.44,211.84,379.34,265.33,278.63,267.04,277.72,213.55
384.41,202.93,389.61,256.59,286.79,266.54,281.60,212.88
393.48,175.82,395.51,258.74,283.09,261.49,281.06,178.56
394.07,175.17,396.68,257.33,290.66,260.69,288.05,178.54
394.07,175.16,396.71,257.01,292.88,260.36,290.24,178.51
394.17,175.20,396.73,255.93,298.51,259.05,295.95,178.32
295.00,175.00,393.00,175.00,393.00,256.00,295.00,256.00
293.00,176.00,396.00,176.00,396.00,256.00,293.00,256.00
303.12,158.69,403.23,174.99,388.14,267.70,288.03,251.40
301.18,156.50,402.01,174.42,384.95,270.39,284.12,252.47
301.32,151.34,402.08,173.08,380.68,272.32,279.91,250.59
300.21,142.25,401.57,172.85,370.67,275.22,269.30,244.62
286.66,144.38,398.10,160.30,383.20,264.60,271.76,248.68
278.00,149.00,382.00,149.00,382.00,253.00,278.00,253.00
310.00,122.00,371.50,183.50,311.50,243.50,250.00,182.00
259.31,137.99,345.95,142.94,341.58,219.35,254.95,214.40
252.33,135.16,339.37,139.30,335.58,218.84,248.54,214.69
242.63,133.17,340.52,136.19,337.98,218.80,240.08,215.79
236.00,133.00,336.00,133.00,336.00,217.00,236.00,217.00
228.00,131.00,332.00,131.00,332.00,217.00,228.00,217.00
218.00,130.00,326.00,130.00,326.00,217.00,218.00,217.00
223.08,111.93,318.22,140.62,291.17,230.32,196.03,201.63
209.02,116.81,311.02,136.60,293.55,226.64,191.55,206.85
196.15,122.50,301.10,132.65,292.36,222.91,187.41,212.75
207.22,105.40,295.08,144.94,259.64,223.69,171.78,184.15
200.80,106.44,292.05,148.56,257.54,223.33,166.29,181.21
171.00,130.00,272.00,130.00,272.00,220.00,171.00,220.00
263.10,129.76,268.31,218.22,167.77,224.13,162.57,135.67
249.63,126.14,265.95,217.51,168.21,234.96,151.89,143.59
219.58,111.13,263.74,181.79,193.99,225.38,149.83,154.73
212.81,113.49,258.09,185.94,194.27,225.83,148.99,153.38
162.44,114.29,238.38,156.81,189.87,243.45,113.93,200.92
234.55,140.73,236.42,221.18,122.09,223.84,120.22,143.39
151.86,115.81,235.30,159.98,190.76,244.11,107.33,199.94
195.27,122.37,248.02,179.52,173.22,248.57,120.46,191.42
231.42,136.28,249.06,249.21,153.16,264.19,135.51,151.26
233.20,136.81,249.30,251.52,148.26,265.70,132.16,151.00
233.89,135.54,254.02,252.34,154.06,269.58,133.93,152.77
237.11,135.81,257.28,252.81,166.93,268.39,146.76,151.39
234.06,131.53,265.94,246.56,183.33,269.45,151.45,154.42
250.56,128.97,281.27,244.84,190.35,268.94,159.63,153.07
238.63,132.15,271.28,247.68,198.99,268.11,166.34,152.58
195.92,142.54,279.63,152.31,265.58,272.72,181.87,262.95
273.67,140.23,281.63,261.63,196.03,267.24,188.07,145.85
242.82,121.53,300.71,229.59,219.37,273.16,161.48,165.10
186.26,143.26,282.00,145.10,279.67,266.17,183.94,264.33
267.73,128.46,294.45,249.31,215.29,266.82,188.56,145.97
222.50,118.50,294.50,190.50,254.00,231.00,182.00,159.00
230.33,116.28,297.35,194.85,253.32,232.41,186.30,153.83
278.90,132.80,290.57,256.79,200.29,265.29,188.62,141.29
194.57,137.16,284.99,140.39,280.40,268.73,189.98,265.50
192.53,135.03,285.66,142.52,275.66,266.85,182.52,259.35
237.84,112.88,298.61,200.66,247.34,236.15,186.57,148.38
