1
187.00,18.00,275.00,18.00,275.00,111.00,187.00,111.00
188.00,18.00,277.00,18.00,277.00,111.00,188.00,111.00
187.00,17.00,276.00,17.00,276.00,110.00,187.00,110.00
187.00,18.00,275.00,18.00,275.00,111.00,187.00,111.00
186.00,18.00,275.00,18.00,275.00,111.00,186.00,111.00
186.00,18.00,274.00,18.00,274.00,112.00,186.00,112.00
186.00,19.00,274.00,19.00,274.00,114.00,186.00,114.00
186.00,19.00,273.00,19.00,273.00,113.00,186.00,113.00
186.00,20.00,272.00,20.00,272.00,114.00,186.00,114.00
186.00,20.00,272.00,20.00,272.00,116.00,186.00,116.00
186.00,22.00,270.00,22.00,270.00,117.00,186.00,117.00
186.00,22.00,269.00,22.00,269.00,118.00,186.00,118.00
187.00,24.00,270.00,24.00,270.00,119.00,187.00,119.00
187.00,25.00,268.00,25.00,268.00,120.00,187.00,120.00
186.00,26.00,267.00,26.00,267.00,120.00,186.00,120.00
186.00,26.00,267.00,26.00,267.00,121.00,186.00,121.00
186.00,27.00,267.00,27.00,267.00,121.00,186.00,121.00
186.00,26.00,267.00,26.00,267.00,121.00,186.00,121.00
185.00,30.00,267.00,30.00,267.00,123.00,185.00,123.00
185.00,30.00,265.00,30.00,265.00,123.00,185.00,123.00
186.00,32.00,266.00,32.00,266.00,124.00,186.00,124.00
184.00,32.00,266.00,32.00,266.00,124.00,184.00,124.00
186.00,30.00,266.00,30.00,266.00,124.00,186.00,124.00
185.00,34.00,265.00,34.00,265.00,126.00,185.00,126.00
185.00,32.00,263.00,32.00,263.00,125.00,185.00,125.00
185.00,35.00,265.00,35.00,265.00,126.00,185.00,126.00
184.00,36.00,264.00,36.00,264.00,127.00,184.00,127.00
185.00,36.00,266.00,36.00,266.00,126.00,185.00,126.00
186.00,37.00,265.00,37.00,265.00,125.00,186.00,125.00
187.00,39.00,265.00,39.00,265.00,127.00,187.00,127.00
189.00,39.00,265.00,39.00,265.00,128.00,189.00,128.00
190.00,38.00,267.00,38.00,267.00,127.00,190.00,127.00
189.00,39.00,267.00,39.00,267.00,125.00,189.00,125.00
192.00,38.00,269.00,38.00,269.00,124.00,192.00,124.00
193.00,36.00,269.00,36.00,269.00,123.00,193.00,123.00
196.00,36.00,271.00,36.00,271.00,124.00,196.00,124.00
197.00,37.00,272.00,37.00,272.00,123.00,197.00,123.00
197.00,39.00,272.00,39.00,272.00,123.00,197.00,123.00
198.00,37.00,274.00,37.00,274.00,124.00,198.00,124.00
198.00,36.00,274.00,36.00,274.00,124.00,198.00,124.00
200.00,38.00,277.00,38.00,277.00,126.00,200.00,126.00
200.00,39.00,278.00,39.00,278.00,125.00,200.00,125.00
203.00,42.00,280.00,42.00,280.00,127.00,203.00,127.00
205.00,41.00,281.00,41.00,281.00,126.00,205.00,126.00
206.00,35.00,279.00,35.00,279.00,123.00,206.00,123.00
207.00,35.00,280.00,35.00,280.00,122.00,207.00,122.00
206.00,38.00,280.00,38.00,280.00,124.00,206.00,124.00
205.00,36.00,280.00,36.00,280.00,123.00,205.00,123.00
204.00,31.00,278.00,31.00,278.00,117.00,204.00,117.00
203.00,30.00,277.00,30.00,277.00,116.00,203.00,116.00
202.00,34.00,277.00,34.00,277.00,120.00,202.00,120.00
200.00,31.00,276.00,31.00,276.00,117.00,200.00,117.00
199.00,33.00,273.00,33.00,273.00,117.00,199.00,117.00
199.00,31.00,273.00,31.00,273.00,116.00,199.00,116.00
196.00,34.00,272.00,34.00,272.00,118.00,196.00,118.00
195.00,31.00,271.00,31.00,271.00,117.00,195.00,117.00
195.00,34.00,268.00,34.00,268.00,121.00,195.00,121.00
197.00,35.00,269.00,35.00,269.00,123.00,197.00,123.00
196.00,36.00,269.00,36.00,269.00,123.00,196.00,123.00
193.00,36.00,268.00,36.00,268.00,122.00,193.00,122.00
189.00,33.00,266.00,33.00,266.00,122.00,189.00,122.00
191.00,36.00,268.00,36.00,268.00,124.00,191.00,124.00
188.00,38.00,268.00,38.00,268.00,128.00,188.00,128.00
184.00,38.00,265.00,38.00,265.00,124.00,184.00,124.00
182.00,40.00,262.00,40.00,262.00,125.00,182.00,125.00
179.00,37.00,260.00,37.00,260.00,123.00,179.00,123.00
175.00,38.00,254.00,38.00,254.00,124.00,175.00,124.00
174.00,44.00,251.00,44.00,251.00,129.00,174.00,129.00
168.00,47.00,245.00,47.00,245.00,130.00,168.00,130.00
163.00,49.00,243.00,49.00,243.00,129.00,163.00,129.00
159.00,56.00,238.00,56.00,238.00,135.00,159.00,135.00
150.00,57.00,230.00,57.00,230.00,135.00,150.00,135.00
145.00,58.00,224.00,58.00,224.00,136.00,145.00,136.00
142.00,59.00,222.00,59.00,222.00,138.00,142.00,138.00
140.00,57.00,222.00,57.00,222.00,142.00,140.00,142.00
140.00,56.00,221.00,56.00,221.00,142.00,140.00,142.00
138.00,58.00,220.00,58.00,220.00,141.00,138.00,141.00
133.00,59.00,218.00,59.00,218.00,143.00,133.00,143.00
130.00,63.00,215.00,63.00,215.00,146.00,130.00,146.00
126.00,64.00,212.00,64.00,212.00,147.00,126.00,147.00
123.00,67.00,209.00,67.00,209.00,149.00,123.00,149.00
122.00,69.00,208.00,69.00,208.00,150.00,122.00,150.00
120.00,68.00,207.00,68.00,207.00,150.00,120.00,150.00
118.00,71.00,203.00,71.00,203.00,153.00,118.00,153.00
116.00,70.00,203.00,70.00,203.00,152.00,116.00,152.00
111.00,73.00,200.00,73.00,200.00,155.00,111.00,155.00
109.00,70.00,197.00,70.00,197.00,155.00,109.00,155.00
109.00,68.00,195.00,68.00,195.00,153.00,109.00,153.00
104.00,77.00,191.00,77.00,191.00,160.00,104.00,160.00
100.00,81.00,189.00,81.00,189.00,163.00,100.00,163.00
95.00,83.00,186.00,83.00,186.00,167.00,95.00,167.00
93.00,81.00,182.00,81.00,182.00,166.00,93.00,166.00
90.00,87.00,180.00,87.00,180.00,170.00,90.00,170.00
91.00,85.00,179.00,85.00,179.00,171.00,91.00,171.00
90.00,86.00,178.00,86.00,178.00,172.00,90.00,172.00
93.00,85.00,178.00,85.00,178.00,172.00,93.00,172.00
91.00,93.00,177.00,93.00,177.00,178.00,91.00,178.00
89.00,98.00,177.00,98.00,177.00,182.00,89.00,182.00
88.00,100.00,177.00,100.00,177.00,183.00,88.00,183.00
84.00,104.00,176.00,104.00,176.00,187.00,84.00,187.00
83.00,105.00,176.00,105.00,176.00,188.00,83.00,188.00
83.00,105.00,174.00,105.00,174.00,189.00,83.00,189.00
86.00,112.00,175.00,112.00,175.00,196.00,86.00,196.00
85.00,122.00,173.00,122.00,173.00,199.00,85.00,199.00
90.00,124.00,177.00,124.00,177.00,197.00,90.00,197.00
91.00,126.00,178.00,126.00,178.00,199.00,91.00,199.00
98.00,127.00,183.00,127.00,183.00,197.00,98.00,197.00
101.00,126.00,186.00,126.00,186.00,197.00,101.00,197.00
105.00,126.00,189.00,126.00,189.00,197.00,105.00,197.00
109.00,124.00,192.00,124.00,192.00,197.00,109.00,197.00
116.00,120.00,196.00,120.00,196.00,194.00,116.00,194.00
118.00,117.00,198.00,117.00,198.00,193.00,118.00,193.00
122.00,113.00,199.00,113.00,199.00,190.00,122.00,190.00
123.00,110.00,200.00,110.00,200.00,190.00,123.00,190.00
126.00,106.00,203.00,106.00,203.00,188.00,126.00,188.00
127.00,108.00,205.00,108.00,205.00,184.00,127.00,184.00
132.00,109.00,208.00,109.00,208.00,182.00,132.00,182.00
137.00,106.00,214.00,106.00,214.00,182.00,137.00,182.00
142.00,108.00,215.00,108.00,215.00,183.00,142.00,183.00
151.00,93.00,226.00,93.00,226.00,169.00,151.00,169.00
155.00,92.00,226.00,92.00,226.00,169.00,155.00,169.00
160.00,88.00,229.00,88.00,229.00,163.00,160.00,163.00
163.00,78.00,235.00,78.00,235.00,154.00,163.00,154.00
172.00,65.00,244.00,65.00,244.00,143.00,172.00,143.00
175.00,65.00,247.00,65.00,247.00,139.00,175.00,139.00
180.00,55.00,255.00,55.00,255.00,132.00,180.00,132.00
182.00,54.00,260.00,54.00,260.00,132.00,182.00,132.00
185.00,53.00,261.00,53.00,261.00,130.00,185.00,130.00
188.00,53.00,264.00,53.00,264.00,128.00,188.00,128.00
191.00,54.00,264.00,54.00,264.00,128.00,191.00,128.00
195.00,55.00,266.00,55.00,266.00,127.00,195.00,127.00
197.00,53.00,269.00,53.00,269.00,127.00,197.00,127.00
202.00,62.00,274.00,62.00,274.00,135.00,202.00,135.00
210.00,68.00,281.00,68.00,281.00,142.00,210.00,142.00
218.00,69.00,284.00,69.00,284.00,145.00,218.00,145.00
213.00,67.00,278.00,67.00,278.00,144.00,213.00,144.00
211.00,68.00,275.00,68.00,275.00,144.00,211.00,144.00
213.00,69.00,280.00,69.00,280.00,146.00,213.00,146.00
216.00,72.00,282.00,72.00,282.00,146.00,216.00,146.00
221.00,74.00,284.00,74.00,284.00,148.00,221.00,148.00
223.00,71.00,286.00,71.00,286.00,150.00,223.00,150.00
226.00,77.00,290.00,77.00,290.00,154.00,226.00,154.00
223.00,75.00,287.00,75.00,287.00,154.00,223.00,154.00
223.00,75.00,289.00,75.00,289.00,155.00,223.00,155.00
219.00,71.00,286.00,71.00,286.00,154.00,219.00,154.00
217.00,79.00,287.00,79.00,287.00,161.00,217.00,161.00
217.00,82.00,288.00,82.00,288.00,163.00,217.00,163.00
216.00,77.00,288.00,77.00,288.00,160.00,216.00,160.00
214.00,75.00,286.00,75.00,286.00,156.00,214.00,156.00
213.00,78.00,285.00,78.00,285.00,160.00,213.00,160.00
212.00,84.00,285.00,84.00,285.00,164.00,212.00,164.00
211.00,87.00,285.00,87.00,285.00,164.00,211.00,164.00
209.00,93.00,285.00,93.00,285.00,168.00,209.00,168.00
209.00,96.00,284.00,96.00,284.00,169.00,209.00,169.00
211.00,96.00,286.00,96.00,286.00,169.00,211.00,169.00
206.00,91.00,280.00,91.00,280.00,165.00,206.00,165.00
204.00,115.00,273.00,115.00,273.00,189.00,204.00,189.00
204.00,128.00,270.00,128.00,270.00,199.00,204.00,199.00
207.00,132.00,273.00,132.00,273.00,201.00,207.00,201.00
204.00,134.00,271.00,134.00,271.00,201.00,204.00,201.00
209.00,129.00,275.00,129.00,275.00,199.00,209.00,199.00
210.00,135.00,275.00,135.00,275.00,205.00,210.00,205.00
210.00,138.00,276.00,138.00,276.00,207.00,210.00,207.00
210.00,139.00,276.00,139.00,276.00,206.00,210.00,206.00
210.00,140.00,275.00,140.00,275.00,207.00,210.00,207.00
206.00,140.00,271.00,140.00,271.00,211.00,206.00,211.00
210.00,138.00,275.00,138.00,275.00,207.00,210.00,207.00
209.00,141.00,274.00,141.00,274.00,209.00,209.00,209.00
210.00,143.00,274.00,143.00,274.00,209.00,210.00,209.00
213.00,145.00,276.00,145.00,276.00,209.00,213.00,209.00
213.00,143.00,275.00,143.00,275.00,208.00,213.00,208.00
210.00,144.00,273.00,144.00,273.00,210.00,210.00,210.00
214.00,145.00,276.00,145.00,276.00,207.00,214.00,207.00
208.00,142.00,273.00,142.00,273.00,206.00,208.00,206.00
207.00,140.00,272.00,140.00,272.00,204.00,207.00,204.00
203.00,134.00,269.00,134.00,269.00,199.00,203.00,199.00
198.00,131.00,266.00,131.00,266.00,197.00,198.00,197.00
196.00,126.00,265.00,126.00,265.00,193.00,196.00,193.00
197.00,130.00,265.00,130.00,265.00,196.00,197.00,196.00
191.00,125.00,260.00,125.00,260.00,193.00,191.00,193.00
188.00,122.00,257.00,122.00,257.00,193.00,188.00,193.00
186.00,121.00,255.00,121.00,255.00,191.00,186.00,191.00
182.00,122.00,252.00,122.00,252.00,191.00,182.00,191.00
176.00,119.00,245.00,119.00,245.00,189.00,176.00,189.00
174.00,116.00,242.00,116.00,242.00,187.00,174.00,187.00
171.00,113.00,237.00,113.00,237.00,187.00,171.00,187.00
170.00,108.00,236.00,108.00,236.00,187.00,170.00,187.00
171.00,104.00,236.00,104.00,236.00,184.00,171.00,184.00
171.00,104.00,236.00,104.00,236.00,183.00,171.00,183.00
169.00,98.00,234.00,98.00,234.00,180.00,169.00,180.00
165.00,93.00,231.00,93.00,231.00,175.00,165.00,175.00
160.00,91.00,228.00,91.00,228.00,171.00,160.00,171.00
152.00,87.00,220.00,87.00,220.00,164.00,152.00,164.00
153.00,81.00,221.00,81.00,221.00,161.00,153.00,161.00
145.00,81.00,216.00,81.00,216.00,157.00,145.00,157.00
137.00,79.00,211.00,79.00,211.00,151.00,137.00,151.00
130.00,72.00,206.00,72.00,206.00,148.00,130.00,148.00
123.00,75.00,201.00,75.00,201.00,149.00,123.00,149.00
121.00,73.00,198.00,73.00,198.00,145.00,121.00,145.00
118.00,69.00,197.00,69.00,197.00,145.00,118.00,145.00
114.00,63.00,191.00,63.00,191.00,140.00,114.00,140.00
115.00,66.00,191.00,66.00,191.00,140.00,115.00,140.00
110.00,66.00,187.00,66.00,187.00,141.00,110.00,141.00
105.00,61.00,183.00,61.00,183.00,141.00,105.00,141.00
100.00,57.00,176.00,57.00,176.00,138.00,100.00,138.00
97.00,51.00,174.00,51.00,174.00,136.00,97.00,136.00
93.00,45.00,171.00,45.00,171.00,132.00,93.00,132.00
90.00,39.00,170.00,39.00,170.00,128.00,90.00,128.00
91.00,37.00,170.00,37.00,170.00,126.00,91.00,126.00
89.00,35.00,169.00,35.00,169.00,123.00,89.00,123.00
91.00,36.00,168.00,36.00,168.00,123.00,91.00,123.00
90.00,34.00,168.00,34.00,168.00,122.00,90.00,122.00
85.00,34.00,165.00,34.00,165.00,116.00,85.00,116.00
74.00,33.00,158.00,33.00,158.00,114.00,74.00,114.00
69.00,32.00,156.00,32.00,156.00,113.00,69.00,113.00
65.00,33.00,152.00,33.00,152.00,117.00,65.00,117.00
60.00,31.00,148.00,31.00,148.00,118.00,60.00,118.00
58.00,33.00,145.00,33.00,145.00,116.00,58.00,116.00
55.00,35.00,141.00,35.00,141.00,123.00,55.00,123.00
54.00,32.00,143.00,32.00,143.00,121.00,54.00,121.00
53.00,34.00,140.00,34.00,140.00,124.00,53.00,124.00
50.00,36.00,138.00,36.00,138.00,129.00,50.00,129.00
50.00,39.00,138.00,39.00,138.00,132.00,50.00,132.00
50.00,39.00,137.00,39.00,137.00,132.00,50.00,132.00
51.00,42.00,139.00,42.00,139.00,135.00,51.00,135.00
51.00,43.00,140.00,43.00,140.00,136.00,51.00,136.00
55.00,47.00,142.00,47.00,142.00,140.00,55.00,140.00
55.00,48.00,143.00,48.00,143.00,141.00,55.00,141.00
57.00,51.00,145.00,51.00,145.00,145.00,57.00,145.00
59.00,53.00,147.00,53.00,147.00,144.00,59.00,144.00
63.00,56.00,152.00,56.00,152.00,141.00,63.00,141.00
66.00,55.00,155.00,55.00,155.00,142.00,66.00,142.00
66.00,56.00,156.00,56.00,156.00,142.00,66.00,142.00
73.00,55.00,162.00,55.00,162.00,139.00,73.00,139.00
72.00,56.00,162.00,56.00,162.00,142.00,72.00,142.00
78.00,57.00,165.00,57.00,165.00,140.00,78.00,140.00
75.00,57.00,165.00,57.00,165.00,142.00,75.00,142.00
76.00,59.00,168.00,59.00,168.00,143.00,76.00,143.00
81.00,55.00,172.00,55.00,172.00,141.00,81.00,141.00
81.00,53.00,173.00,53.00,173.00,144.00,81.00,144.00
85.00,53.00,176.00,53.00,176.00,143.00,85.00,143.00
90.00,60.00,176.00,60.00,176.00,143.00,90.00,143.00
100.00,59.00,182.00,59.00,182.00,144.00,100.00,144.00
97.00,53.00,183.00,53.00,183.00,144.00,97.00,144.00
99.00,58.00,185.00,58.00,185.00,148.00,99.00,148.00
96.00,63.00,185.00,63.00,185.00,150.00,96.00,150.00
102.00,62.00,189.00,62.00,189.00,149.00,102.00,149.00
100.00,66.00,189.00,66.00,189.00,152.00,100.00,152.00
105.00,65.00,192.00,65.00,192.00,149.00,105.00,149.00
107.00,71.00,193.00,71.00,193.00,150.00,107.00,150.00
111.00,76.00,197.00,76.00,197.00,153.00,111.00,153.00
112.00,79.00,201.00,79.00,201.00,156.00,112.00,156.00
114.00,81.00,205.00,81.00,205.00,159.00,114.00,159.00
118.00,84.00,209.00,84.00,209.00,161.00,118.00,161.00
125.00,83.00,215.00,83.00,215.00,161.00,125.00,161.00
130.00,87.00,218.00,87.00,218.00,166.00,130.00,166.00
135.00,92.00,221.00,92.00,221.00,169.00,135.00,169.00
141.00,90.00,227.00,90.00,227.00,170.00,141.00,170.00
145.00,92.00,229.00,92.00,229.00,173.00,145.00,173.00
149.00,89.00,233.00,89.00,233.00,172.00,149.00,172.00
154.00,97.00,235.00,97.00,235.00,177.00,154.00,177.00
154.00,102.00,238.00,102.00,238.00,179.00,154.00,179.00
159.00,105.00,240.00,105.00,240.00,179.00,159.00,179.00
163.00,109.00,242.00,109.00,242.00,180.00,163.00,180.00
165.00,108.00,244.00,108.00,244.00,180.00,165.00,180.00
173.00,103.00,252.00,103.00,252.00,178.00,173.00,178.00
174.00,102.00,254.00,102.00,254.00,178.00,174.00,178.00
180.00,108.00,258.00,108.00,258.00,183.00,180.00,183.00
179.00,109.00,257.00,109.00,257.00,183.00,179.00,183.00
184.00,112.00,261.00,112.00,261.00,187.00,184.00,187.00
185.00,118.00,265.00,118.00,265.00,193.00,185.00,193.00
226.00,122.00,307.00,122.00,307.00,205.00,226.00,205.00
222.00,117.00,301.00,117.00,301.00,193.00,222.00,193.00
228.00,115.00,306.00,115.00,306.00,190.00,228.00,190.00
227.00,117.00,305.00,117.00,305.00,194.00,227.00,194.00
236.00,119.00,313.00,119.00,313.00,196.00,236.00,196.00
234.00,120.00,311.00,120.00,311.00,198.00,234.00,198.00
219.00,120.00,297.00,120.00,297.00,197.00,219.00,197.00
219.00,124.00,302.00,124.00,302.00,209.00,219.00,209.00
225.00,122.00,305.00,122.00,305.00,202.00,225.00,202.00
226.00,124.00,305.00,124.00,305.00,202.00,226.00,202.00
228.00,127.00,308.00,127.00,308.00,208.00,228.00,208.00
234.00,123.00,313.00,123.00,313.00,204.00,234.00,204.00
232.00,121.00,312.00,121.00,312.00,204.00,232.00,204.00
235.00,117.00,314.00,117.00,314.00,202.00,235.00,202.00
235.00,111.00,313.00,111.00,313.00,196.00,235.00,196.00
237.00,94.00,315.00,94.00,315.00,179.00,237.00,179.00
240.00,87.00,319.00,87.00,319.00,171.00,240.00,171.00
234.00,79.00,312.00,79.00,312.00,163.00,234.00,163.00
228.00,76.00,307.00,76.00,307.00,162.00,228.00,162.00
228.00,63.00,308.00,63.00,308.00,153.00,228.00,153.00
218.00,63.00,300.00,63.00,300.00,151.00,218.00,151.00
207.00,70.00,292.00,70.00,292.00,150.00,207.00,150.00
207.00,58.00,288.00,58.00,288.00,138.00,207.00,138.00
201.00,56.00,282.00,56.00,282.00,134.00,201.00,134.00
200.00,50.00,284.00,50.00,284.00,132.00,200.00,132.00
196.00,41.00,279.00,41.00,279.00,126.00,196.00,126.00
196.00,43.00,279.00,43.00,279.00,131.00,196.00,131.00
198.00,47.00,280.00,47.00,280.00,131.00,198.00,131.00
195.00,49.00,280.00,49.00,280.00,134.00,195.00,134.00
191.00,46.00,276.00,46.00,276.00,131.00,191.00,131.00
189.00,42.00,275.00,42.00,275.00,128.00,189.00,128.00
185.00,44.00,271.00,44.00,271.00,129.00,185.00,129.00
179.00,45.00,264.00,45.00,264.00,131.00,179.00,131.00
174.00,41.00,258.00,41.00,258.00,129.00,174.00,129.00
169.00,42.00,248.00,42.00,248.00,128.00,169.00,128.00
163.00,46.00,243.00,46.00,243.00,132.00,163.00,132.00
152.00,48.00,234.00,48.00,234.00,134.00,152.00,134.00
146.00,46.00,230.00,46.00,230.00,133.00,146.00,133.00
141.00,49.00,225.00,49.00,225.00,134.00,141.00,134.00
137.00,47.00,221.00,47.00,221.00,132.00,137.00,132.00
135.00,44.00,219.00,44.00,219.00,131.00,135.00,131.00
132.00,47.00,216.00,47.00,216.00,132.00,132.00,132.00
130.00,47.00,214.00,47.00,214.00,131.00,130.00,131.00
130.00,44.00,214.00,44.00,214.00,128.00,130.00,128.00
123.00,47.00,206.00,47.00,206.00,131.00,123.00,131.00
123.00,44.00,207.00,44.00,207.00,129.00,123.00,129.00
119.00,44.00,204.00,44.00,204.00,133.00,119.00,133.00
120.00,42.00,203.00,42.00,203.00,130.00,120.00,130.00
119.00,43.00,203.00,43.00,203.00,130.00,119.00,130.00
117.00,41.00,202.00,41.00,202.00,126.00,117.00,126.00
115.00,42.00,198.00,42.00,198.00,127.00,115.00,127.00
115.00,43.00,197.00,43.00,197.00,130.00,115.00,130.00
114.00,43.00,193.00,43.00,193.00,130.00,114.00,130.00
113.00,44.00,191.00,44.00,191.00,131.00,113.00,131.00
