1
187.00,17.00,276.00,17.00,276.00,110.00,187.00,110.00
187.00,18.00,276.00,18.00,276.00,111.00,187.00,111.00
187.00,18.00,275.00,18.00,275.00,111.00,187.00,111.00
187.00,18.00,276.00,18.00,276.00,111.00,187.00,111.00
186.00,18.00,274.00,18.00,274.00,112.00,186.00,112.00
186.00,18.00,274.00,18.00,274.00,113.00,186.00,113.00
186.00,18.00,275.00,18.00,275.00,113.00,186.00,113.00
185.00,19.00,274.00,19.00,274.00,114.00,185.00,114.00
185.00,20.00,273.00,20.00,273.00,115.00,185.00,115.00
185.00,20.00,272.00,20.00,272.00,116.00,185.00,116.00
185.00,21.00,271.00,21.00,271.00,117.00,185.00,117.00
185.00,23.00,270.00,23.00,270.00,118.00,185.00,118.00
185.00,24.00,269.00,24.00,269.00,120.00,185.00,120.00
187.00,25.00,268.00,25.00,268.00,119.00,187.00,119.00
188.00,27.00,268.00,27.00,268.00,119.00,188.00,119.00
185.00,26.00,267.00,26.00,267.00,120.00,185.00,120.00
186.00,26.00,267.00,26.00,267.00,121.00,186.00,121.00
186.00,27.00,267.00,27.00,267.00,121.00,186.00,121.00
185.00,29.00,266.00,29.00,266.00,122.00,185.00,122.00
187.00,30.00,267.00,30.00,267.00,123.00,187.00,123.00
185.00,32.00,266.00,32.00,266.00,125.00,185.00,125.00
184.00,33.00,265.00,33.00,265.00,125.00,184.00,125.00
185.00,35.00,265.00,35.00,265.00,127.00,185.00,127.00
185.00,37.00,264.00,37.00,264.00,127.00,185.00,127.00
185.00,38.00,264.00,38.00,264.00,127.00,185.00,127.00
185.00,36.00,265.00,36.00,265.00,126.00,185.00,126.00
184.00,37.00,264.00,37.00,264.00,127.00,184.00,127.00
185.00,37.00,265.00,37.00,265.00,127.00,185.00,127.00
185.00,35.00,266.00,35.00,266.00,127.00,185.00,127.00
188.00,37.00,266.00,37.00,266.00,128.00,188.00,128.00
188.00,37.00,265.00,37.00,265.00,127.00,188.00,127.00
189.00,40.00,266.00,40.00,266.00,128.00,189.00,128.00
189.00,38.00,267.00,38.00,267.00,126.00,189.00,126.00
192.00,41.00,268.00,41.00,268.00,127.00,192.00,127.00
194.00,38.00,270.00,38.00,270.00,125.00,194.00,125.00
196.00,38.00,271.00,38.00,271.00,126.00,196.00,126.00
197.00,39.00,271.00,39.00,271.00,124.00,197.00,124.00
199.00,42.00,271.00,42.00,271.00,124.00,199.00,124.00
200.00,39.00,273.00,39.00,273.00,125.00,200.00,125.00
201.00,40.00,275.00,40.00,275.00,125.00,201.00,125.00
201.00,40.00,277.00,40.00,277.00,124.00,201.00,124.00
203.00,43.00,277.00,43.00,277.00,126.00,203.00,126.00
203.00,47.00,278.00,47.00,278.00,127.00,203.00,127.00
206.00,42.00,280.00,42.00,280.00,123.00,206.00,123.00
204.00,39.00,278.00,39.00,278.00,123.00,204.00,123.00
207.00,40.00,280.00,40.00,280.00,125.00,207.00,125.00
205.00,40.00,278.00,40.00,278.00,124.00,205.00,124.00
202.00,36.00,277.00,36.00,277.00,120.00,202.00,120.00
204.00,38.00,277.00,38.00,277.00,122.00,204.00,122.00
203.00,35.00,277.00,35.00,277.00,120.00,203.00,120.00
201.00,34.00,275.00,34.00,275.00,120.00,201.00,120.00
199.00,34.00,274.00,34.00,274.00,121.00,199.00,121.00
198.00,35.00,271.00,35.00,271.00,121.00,198.00,121.00
196.00,32.00,271.00,32.00,271.00,118.00,196.00,118.00
195.00,33.00,271.00,33.00,271.00,119.00,195.00,119.00
192.00,32.00,269.00,32.00,269.00,120.00,192.00,120.00
192.00,31.00,269.00,31.00,269.00,123.00,192.00,123.00
192.00,31.00,268.00,31.00,268.00,124.00,192.00,124.00
192.00,32.00,269.00,32.00,269.00,123.00,192.00,123.00
190.00,34.00,268.00,34.00,268.00,124.00,190.00,124.00
189.00,33.00,268.00,33.00,268.00,124.00,189.00,124.00
188.00,32.00,267.00,32.00,267.00,123.00,188.00,123.00
186.00,31.00,268.00,31.00,268.00,126.00,186.00,126.00
183.00,30.00,265.00,30.00,265.00,124.00,183.00,124.00
180.00,31.00,262.00,31.00,262.00,125.00,180.00,125.00
179.00,35.00,260.00,35.00,260.00,129.00,179.00,129.00
178.00,35.00,258.00,35.00,258.00,129.00,178.00,129.00
176.00,37.00,254.00,37.00,254.00,131.00,176.00,131.00
172.00,40.00,250.00,40.00,250.00,134.00,172.00,134.00
163.00,46.00,243.00,46.00,243.00,135.00,163.00,135.00
158.00,49.00,238.00,49.00,238.00,137.00,158.00,137.00
154.00,50.00,235.00,50.00,235.00,140.00,154.00,140.00
144.00,53.00,227.00,53.00,227.00,141.00,144.00,141.00
139.00,53.00,225.00,53.00,225.00,142.00,139.00,142.00
137.00,51.00,225.00,51.00,225.00,145.00,137.00,145.00
134.00,54.00,223.00,54.00,223.00,147.00,134.00,147.00
136.00,57.00,222.00,57.00,222.00,145.00,136.00,145.00
131.00,58.00,219.00,58.00,219.00,148.00,131.00,148.00
127.00,61.00,214.00,61.00,214.00,149.00,127.00,149.00
125.00,62.00,212.00,62.00,212.00,149.00,125.00,149.00
122.00,65.00,209.00,65.00,209.00,152.00,122.00,152.00
120.00,65.00,208.00,65.00,208.00,150.00,120.00,150.00
117.00,66.00,207.00,66.00,207.00,152.00,117.00,152.00
114.00,68.00,204.00,68.00,204.00,156.00,114.00,156.00
112.00,70.00,202.00,70.00,202.00,156.00,112.00,156.00
107.00,72.00,200.00,72.00,200.00,158.00,107.00,158.00
104.00,70.00,197.00,70.00,197.00,158.00,104.00,158.00
102.00,70.00,195.00,70.00,195.00,159.00,102.00,159.00
97.00,74.00,190.00,74.00,190.00,165.00,97.00,165.00
97.00,79.00,189.00,79.00,189.00,167.00,97.00,167.00
93.00,76.00,184.00,76.00,184.00,169.00,93.00,169.00
91.00,78.00,184.00,78.00,184.00,171.00,91.00,171.00
91.00,82.00,181.00,82.00,181.00,173.00,91.00,173.00
88.00,83.00,180.00,83.00,180.00,175.00,88.00,175.00
82.00,87.00,179.00,87.00,179.00,180.00,82.00,180.00
90.00,84.00,179.00,84.00,179.00,173.00,90.00,173.00
89.00,91.00,178.00,91.00,178.00,180.00,89.00,180.00
87.00,98.00,176.00,98.00,176.00,184.00,87.00,184.00
85.00,106.00,174.00,106.00,174.00,191.00,85.00,191.00
84.00,108.00,173.00,108.00,173.00,191.00,84.00,191.00
82.00,108.00,171.00,108.00,171.00,191.00,82.00,191.00
83.00,111.00,171.00,111.00,171.00,194.00,83.00,194.00
84.00,114.00,169.00,114.00,169.00,196.00,84.00,196.00
86.00,122.00,170.00,122.00,170.00,200.00,86.00,200.00
89.00,125.00,174.00,125.00,174.00,200.00,89.00,200.00
93.00,125.00,177.00,125.00,177.00,199.00,93.00,199.00
96.00,126.00,181.00,126.00,181.00,200.00,96.00,200.00
100.00,126.00,185.00,126.00,185.00,199.00,100.00,199.00
104.00,125.00,190.00,125.00,190.00,201.00,104.00,201.00
107.00,120.00,194.00,120.00,194.00,201.00,107.00,201.00
109.00,118.00,196.00,118.00,196.00,202.00,109.00,202.00
116.00,110.00,202.00,110.00,202.00,197.00,116.00,197.00
120.00,106.00,204.00,106.00,204.00,194.00,120.00,194.00
122.00,102.00,204.00,102.00,204.00,194.00,122.00,194.00
123.00,101.00,203.00,101.00,203.00,191.00,123.00,191.00
125.00,102.00,207.00,102.00,207.00,190.00,125.00,190.00
130.00,103.00,210.00,103.00,210.00,189.00,130.00,189.00
136.00,101.00,215.00,101.00,215.00,188.00,136.00,188.00
141.00,97.00,219.00,97.00,219.00,191.00,141.00,191.00
148.00,87.00,227.00,87.00,227.00,178.00,148.00,178.00
153.00,84.00,231.00,84.00,231.00,177.00,153.00,177.00
159.00,83.00,233.00,83.00,233.00,172.00,159.00,172.00
162.00,72.00,238.00,72.00,238.00,164.00,162.00,164.00
167.00,65.00,249.00,65.00,249.00,147.00,167.00,147.00
175.00,57.00,252.00,57.00,252.00,145.00,175.00,145.00
179.00,56.00,256.00,56.00,256.00,144.00,179.00,144.00
182.00,50.00,261.00,50.00,261.00,136.00,182.00,136.00
185.00,48.00,264.00,48.00,264.00,132.00,185.00,132.00
189.00,51.00,268.00,51.00,268.00,133.00,189.00,133.00
189.00,47.00,267.00,47.00,267.00,130.00,189.00,130.00
190.00,50.00,267.00,50.00,267.00,134.00,190.00,134.00
194.00,55.00,271.00,55.00,271.00,136.00,194.00,136.00
198.00,56.00,274.00,56.00,274.00,137.00,198.00,137.00
204.00,58.00,280.00,58.00,280.00,141.00,204.00,141.00
209.00,71.00,290.00,71.00,290.00,152.00,209.00,152.00
210.00,66.00,284.00,66.00,284.00,152.00,210.00,152.00
209.00,60.00,283.00,60.00,283.00,149.00,209.00,149.00
212.00,70.00,288.00,70.00,288.00,154.00,212.00,154.00
213.00,72.00,289.00,72.00,289.00,156.00,213.00,156.00
215.00,70.00,289.00,70.00,289.00,156.00,215.00,156.00
218.00,69.00,290.00,69.00,290.00,156.00,218.00,156.00
218.00,76.00,289.00,76.00,289.00,160.00,218.00,160.00
220.00,75.00,292.00,75.00,292.00,161.00,220.00,161.00
219.00,73.00,291.00,73.00,291.00,159.00,219.00,159.00
218.00,76.00,290.00,76.00,290.00,162.00,218.00,162.00
214.00,80.00,286.00,80.00,286.00,166.00,214.00,166.00
216.00,81.00,289.00,81.00,289.00,166.00,216.00,166.00
214.00,88.00,288.00,88.00,288.00,169.00,214.00,169.00
212.00,89.00,287.00,89.00,287.00,169.00,212.00,169.00
213.00,82.00,286.00,82.00,286.00,163.00,213.00,163.00
212.00,86.00,287.00,86.00,287.00,167.00,212.00,167.00
209.00,91.00,287.00,91.00,287.00,170.00,209.00,170.00
210.00,99.00,287.00,99.00,287.00,176.00,210.00,176.00
213.00,100.00,290.00,100.00,290.00,175.00,213.00,175.00
212.00,101.00,289.00,101.00,289.00,178.00,212.00,178.00
203.00,97.00,280.00,97.00,280.00,176.00,203.00,176.00
198.00,97.00,277.00,97.00,277.00,176.00,198.00,176.00
201.00,128.00,272.00,128.00,272.00,204.00,201.00,204.00
205.00,129.00,276.00,129.00,276.00,202.00,205.00,202.00
205.00,129.00,274.00,129.00,274.00,200.00,205.00,200.00
205.00,131.00,273.00,131.00,273.00,203.00,205.00,203.00
207.00,136.00,274.00,136.00,274.00,208.00,207.00,208.00
209.00,140.00,276.00,140.00,276.00,208.00,209.00,208.00
207.00,141.00,274.00,141.00,274.00,210.00,207.00,210.00
210.00,145.00,276.00,145.00,276.00,211.00,210.00,211.00
208.00,143.00,274.00,143.00,274.00,210.00,208.00,210.00
210.00,147.00,276.00,147.00,276.00,213.00,210.00,213.00
211.00,147.00,276.00,147.00,276.00,212.00,211.00,212.00
211.00,147.00,276.00,147.00,276.00,212.00,211.00,212.00
211.00,146.00,274.00,146.00,274.00,211.00,211.00,211.00
213.00,146.00,275.00,146.00,275.00,209.00,213.00,209.00
211.00,149.00,274.00,149.00,274.00,213.00,211.00,213.00
213.00,146.00,275.00,146.00,275.00,208.00,213.00,208.00
211.00,147.00,274.00,147.00,274.00,208.00,211.00,208.00
206.00,142.00,267.00,142.00,267.00,205.00,206.00,205.00
206.00,137.00,267.00,137.00,267.00,200.00,206.00,200.00
202.00,131.00,263.00,131.00,263.00,195.00,202.00,195.00
200.00,134.00,262.00,134.00,262.00,198.00,200.00,198.00
199.00,136.00,263.00,136.00,263.00,201.00,199.00,201.00
194.00,128.00,255.00,128.00,255.00,194.00,194.00,194.00
194.00,128.00,254.00,128.00,254.00,194.00,194.00,194.00
189.00,123.00,250.00,123.00,250.00,189.00,189.00,189.00
188.00,128.00,249.00,128.00,249.00,193.00,188.00,193.00
179.00,123.00,241.00,123.00,241.00,190.00,179.00,190.00
177.00,116.00,238.00,116.00,238.00,185.00,177.00,185.00
173.00,114.00,234.00,114.00,234.00,187.00,173.00,187.00
174.00,113.00,232.00,113.00,232.00,187.00,174.00,187.00
172.00,109.00,230.00,109.00,230.00,185.00,172.00,185.00
173.00,105.00,231.00,105.00,231.00,181.00,173.00,181.00
169.00,100.00,227.00,100.00,227.00,178.00,169.00,178.00
168.00,96.00,226.00,96.00,226.00,173.00,168.00,173.00
160.00,93.00,221.00,93.00,221.00,172.00,160.00,172.00
156.00,87.00,218.00,87.00,218.00,164.00,156.00,164.00
154.00,84.00,216.00,84.00,216.00,162.00,154.00,162.00
145.00,79.00,210.00,79.00,210.00,159.00,145.00,159.00
138.00,79.00,206.00,79.00,206.00,156.00,138.00,156.00
133.00,75.00,201.00,75.00,201.00,152.00,133.00,152.00
128.00,73.00,198.00,73.00,198.00,149.00,128.00,149.00
123.00,72.00,192.00,72.00,192.00,148.00,123.00,148.00
120.00,70.00,190.00,70.00,190.00,148.00,120.00,148.00
115.00,67.00,186.00,67.00,186.00,144.00,115.00,144.00
115.00,65.00,186.00,65.00,186.00,142.00,115.00,142.00
111.00,63.00,184.00,63.00,184.00,142.00,111.00,142.00
106.00,59.00,179.00,59.00,179.00,140.00,106.00,140.00
102.00,52.00,173.00,52.00,173.00,138.00,102.00,138.00
100.00,50.00,172.00,50.00,172.00,137.00,100.00,137.00
92.00,41.00,168.00,41.00,168.00,131.00,92.00,131.00
90.00,35.00,166.00,35.00,166.00,130.00,90.00,130.00
92.00,35.00,167.00,35.00,167.00,129.00,92.00,129.00
91.00,32.00,167.00,32.00,167.00,124.00,91.00,124.00
89.00,30.00,165.00,30.00,165.00,124.00,89.00,124.00
91.00,31.00,166.00,31.00,166.00,124.00,91.00,124.00
86.00,32.00,165.00,32.00,165.00,119.00,86.00,119.00
79.00,33.00,159.00,33.00,159.00,117.00,79.00,117.00
71.00,32.00,154.00,32.00,154.00,116.00,71.00,116.00
66.00,33.00,148.00,33.00,148.00,117.00,66.00,117.00
64.00,33.00,148.00,33.00,148.00,117.00,64.00,117.00
60.00,34.00,144.00,34.00,144.00,117.00,60.00,117.00
56.00,34.00,142.00,34.00,142.00,121.00,56.00,121.00
54.00,33.00,140.00,33.00,140.00,122.00,54.00,122.00
56.00,39.00,140.00,39.00,140.00,126.00,56.00,126.00
50.00,37.00,134.00,37.00,134.00,127.00,50.00,127.00
52.00,42.00,134.00,42.00,134.00,129.00,52.00,129.00
51.00,43.00,135.00,43.00,135.00,131.00,51.00,131.00
53.00,47.00,136.00,47.00,136.00,132.00,53.00,132.00
53.00,47.00,137.00,47.00,137.00,135.00,53.00,135.00
55.00,50.00,140.00,50.00,140.00,137.00,55.00,137.00
56.00,51.00,140.00,51.00,140.00,139.00,56.00,139.00
58.00,53.00,143.00,53.00,143.00,142.00,58.00,142.00
58.00,56.00,145.00,56.00,145.00,146.00,58.00,146.00
64.00,56.00,151.00,56.00,151.00,139.00,64.00,139.00
64.00,55.00,153.00,55.00,153.00,142.00,64.00,142.00
68.00,54.00,158.00,54.00,158.00,141.00,68.00,141.00
68.00,56.00,159.00,56.00,159.00,144.00,68.00,144.00
70.00,54.00,162.00,54.00,162.00,144.00,70.00,144.00
77.00,55.00,166.00,55.00,166.00,143.00,77.00,143.00
74.00,55.00,166.00,55.00,166.00,145.00,74.00,145.00
78.00,56.00,168.00,56.00,168.00,146.00,78.00,146.00
78.00,55.00,171.00,55.00,171.00,143.00,78.00,143.00
81.00,54.00,174.00,54.00,174.00,142.00,81.00,142.00
84.00,55.00,175.00,55.00,175.00,143.00,84.00,143.00
91.00,60.00,176.00,60.00,176.00,146.00,91.00,146.00
95.00,54.00,180.00,54.00,180.00,139.00,95.00,139.00
97.00,56.00,181.00,56.00,181.00,146.00,97.00,146.00
99.00,58.00,183.00,58.00,183.00,145.00,99.00,145.00
99.00,66.00,182.00,66.00,182.00,147.00,99.00,147.00
99.00,65.00,184.00,65.00,184.00,147.00,99.00,147.00
101.00,66.00,186.00,66.00,186.00,148.00,101.00,148.00
104.00,67.00,190.00,67.00,190.00,147.00,104.00,147.00
108.00,71.00,192.00,71.00,192.00,150.00,108.00,150.00
110.00,72.00,195.00,72.00,195.00,153.00,110.00,153.00
112.00,74.00,200.00,74.00,200.00,156.00,112.00,156.00
117.00,78.00,205.00,78.00,205.00,161.00,117.00,161.00
119.00,80.00,210.00,80.00,210.00,166.00,119.00,166.00
126.00,77.00,219.00,77.00,219.00,167.00,126.00,167.00
130.00,80.00,222.00,80.00,222.00,172.00,130.00,172.00
135.00,84.00,226.00,84.00,226.00,175.00,135.00,175.00
139.00,84.00,230.00,84.00,230.00,176.00,139.00,176.00
144.00,85.00,233.00,85.00,233.00,179.00,144.00,179.00
148.00,85.00,235.00,85.00,235.00,179.00,148.00,179.00
150.00,89.00,236.00,89.00,236.00,179.00,150.00,179.00
154.00,97.00,240.00,97.00,240.00,185.00,154.00,185.00
157.00,101.00,243.00,101.00,243.00,188.00,157.00,188.00
163.00,97.00,247.00,97.00,247.00,184.00,163.00,184.00
167.00,97.00,251.00,97.00,251.00,180.00,167.00,180.00
171.00,97.00,252.00,97.00,252.00,180.00,171.00,180.00
174.00,98.00,256.00,98.00,256.00,181.00,174.00,181.00
179.00,100.00,261.00,100.00,261.00,183.00,179.00,183.00
180.00,104.00,261.00,104.00,261.00,188.00,180.00,188.00
183.00,103.00,264.00,103.00,264.00,190.00,183.00,190.00
176.00,104.00,263.00,104.00,263.00,191.00,176.00,191.00
182.00,113.00,268.00,113.00,268.00,194.00,182.00,194.00
226.00,112.00,310.00,112.00,310.00,193.00,226.00,193.00
224.00,114.00,308.00,114.00,308.00,193.00,224.00,193.00
224.00,116.00,308.00,116.00,308.00,195.00,224.00,195.00
230.00,121.00,315.00,121.00,315.00,201.00,230.00,201.00
222.00,121.00,307.00,121.00,307.00,202.00,222.00,202.00
214.00,123.00,296.00,123.00,296.00,201.00,214.00,201.00
208.00,125.00,285.00,125.00,285.00,202.00,208.00,202.00
214.00,123.00,292.00,123.00,292.00,203.00,214.00,203.00
220.00,126.00,304.00,126.00,304.00,209.00,220.00,209.00
226.00,127.00,312.00,127.00,312.00,213.00,226.00,213.00
231.00,124.00,316.00,124.00,316.00,207.00,231.00,207.00
234.00,125.00,318.00,125.00,318.00,212.00,234.00,212.00
235.00,117.00,316.00,117.00,316.00,205.00,235.00,205.00
235.00,111.00,312.00,111.00,312.00,195.00,235.00,195.00
238.00,97.00,313.00,97.00,313.00,179.00,238.00,179.00
233.00,92.00,308.00,92.00,308.00,171.00,233.00,171.00
234.00,83.00,310.00,83.00,310.00,161.00,234.00,161.00
232.00,79.00,308.00,79.00,308.00,157.00,232.00,157.00
232.00,71.00,308.00,71.00,308.00,151.00,232.00,151.00
221.00,71.00,298.00,71.00,298.00,150.00,221.00,150.00
216.00,64.00,293.00,64.00,293.00,140.00,216.00,140.00
209.00,63.00,284.00,63.00,284.00,137.00,209.00,137.00
207.00,58.00,282.00,58.00,282.00,135.00,207.00,135.00
202.00,53.00,281.00,53.00,281.00,131.00,202.00,131.00
200.00,48.00,280.00,48.00,280.00,127.00,200.00,127.00
193.00,48.00,275.00,48.00,275.00,129.00,193.00,129.00
198.00,51.00,279.00,51.00,279.00,131.00,198.00,131.00
195.00,49.00,277.00,49.00,277.00,130.00,195.00,130.00
195.00,49.00,277.00,49.00,277.00,131.00,195.00,131.00
192.00,47.00,273.00,47.00,273.00,129.00,192.00,129.00
188.00,42.00,269.00,42.00,269.00,124.00,188.00,124.00
181.00,44.00,261.00,44.00,261.00,126.00,181.00,126.00
178.00,43.00,255.00,43.00,255.00,126.00,178.00,126.00
172.00,45.00,246.00,45.00,246.00,129.00,172.00,129.00
164.00,51.00,238.00,51.00,238.00,135.00,164.00,135.00
157.00,47.00,234.00,47.00,234.00,130.00,157.00,130.00
148.00,47.00,228.00,47.00,228.00,133.00,148.00,133.00
144.00,53.00,225.00,53.00,225.00,140.00,144.00,140.00
139.00,50.00,220.00,50.00,220.00,135.00,139.00,135.00
137.00,47.00,219.00,47.00,219.00,136.00,137.00,136.00
132.00,46.00,216.00,46.00,216.00,134.00,132.00,134.00
129.00,45.00,212.00,45.00,212.00,132.00,129.00,132.00
126.00,48.00,209.00,48.00,209.00,134.00,126.00,134.00
123.00,46.00,206.00,46.00,206.00,131.00,123.00,131.00
120.00,46.00,203.00,46.00,203.00,133.00,120.00,133.00
123.00,44.00,206.00,44.00,206.00,128.00,123.00,128.00
119.00,45.00,201.00,45.00,201.00,132.00,119.00,132.00
118.00,42.00,202.00,42.00,202.00,127.00,118.00,127.00
116.00,44.00,201.00,44.00,201.00,128.00,116.00,128.00
114.00,44.00,197.00,44.00,197.00,128.00,114.00,128.00
111.00,42.00,195.00,42.00,195.00,128.00,111.00,128.00
112.00,43.00,193.00,43.00,193.00,129.00,112.00,129.00
111.00,45.00,192.00,45.00,192.00,131.00,111.00,131.00
