1
187.00,18.00,276.00,18.00,276.00,111.00,187.00,111.00
188.00,18.00,276.00,18.00,276.00,111.00,188.00,111.00
188.00,18.00,276.00,18.00,276.00,110.00,188.00,110.00
187.00,18.00,276.00,18.00,276.00,110.00,187.00,110.00
187.00,18.00,275.00,18.00,275.00,111.00,187.00,111.00
187.00,19.00,275.00,19.00,275.00,113.00,187.00,113.00
186.00,19.00,274.00,19.00,274.00,113.00,186.00,113.00
187.00,19.00,273.00,19.00,273.00,114.00,187.00,114.00
186.00,20.00,272.00,20.00,272.00,115.00,186.00,115.00
186.00,21.00,272.00,21.00,272.00,116.00,186.00,116.00
186.00,22.00,270.00,22.00,270.00,117.00,186.00,117.00
186.00,23.00,269.00,23.00,269.00,119.00,186.00,119.00
187.00,24.00,269.00,24.00,269.00,120.00,187.00,120.00
186.00,26.00,268.00,26.00,268.00,120.00,186.00,120.00
185.00,26.00,267.00,26.00,267.00,119.00,185.00,119.00
185.00,28.00,267.00,28.00,267.00,120.00,185.00,120.00
185.00,28.00,266.00,28.00,266.00,120.00,185.00,120.00
185.00,30.00,265.00,30.00,265.00,120.00,185.00,120.00
185.00,30.00,266.00,30.00,266.00,120.00,185.00,120.00
186.00,32.00,266.00,32.00,266.00,123.00,186.00,123.00
185.00,33.00,264.00,33.00,264.00,123.00,185.00,123.00
184.00,36.00,265.00,36.00,265.00,123.00,184.00,123.00
184.00,36.00,263.00,36.00,263.00,123.00,184.00,123.00
183.00,36.00,263.00,36.00,263.00,124.00,183.00,124.00
183.00,40.00,263.00,40.00,263.00,126.00,183.00,126.00
183.00,38.00,263.00,38.00,263.00,124.00,183.00,124.00
184.00,37.00,264.00,37.00,264.00,124.00,184.00,124.00
184.00,40.00,265.00,40.00,265.00,124.00,184.00,124.00
186.00,41.00,266.00,41.00,266.00,124.00,186.00,124.00
187.00,41.00,266.00,41.00,266.00,125.00,187.00,125.00
188.00,41.00,266.00,41.00,266.00,126.00,188.00,126.00
188.00,40.00,266.00,40.00,266.00,125.00,188.00,125.00
188.00,43.00,268.00,43.00,268.00,125.00,188.00,125.00
191.00,42.00,268.00,42.00,268.00,123.00,191.00,123.00
197.00,42.00,270.00,42.00,270.00,124.00,197.00,124.00
197.00,41.00,270.00,41.00,270.00,123.00,197.00,123.00
199.00,43.00,271.00,43.00,271.00,123.00,199.00,123.00
200.00,42.00,272.00,42.00,272.00,122.00,200.00,122.00
202.00,43.00,273.00,43.00,273.00,123.00,202.00,123.00
203.00,42.00,275.00,42.00,275.00,123.00,203.00,123.00
204.00,42.00,276.00,42.00,276.00,123.00,204.00,123.00
205.00,42.00,276.00,42.00,276.00,124.00,205.00,124.00
204.00,40.00,276.00,40.00,276.00,122.00,204.00,122.00
207.00,38.00,279.00,38.00,279.00,122.00,207.00,122.00
208.00,37.00,279.00,37.00,279.00,124.00,208.00,124.00
208.00,41.00,278.00,41.00,278.00,127.00,208.00,127.00
207.00,38.00,277.00,38.00,277.00,124.00,207.00,124.00
206.00,38.00,277.00,38.00,277.00,124.00,206.00,124.00
203.00,32.00,275.00,32.00,275.00,119.00,203.00,119.00
204.00,34.00,276.00,34.00,276.00,120.00,204.00,120.00
202.00,36.00,275.00,36.00,275.00,120.00,202.00,120.00
202.00,37.00,274.00,37.00,274.00,119.00,202.00,119.00
201.00,36.00,272.00,36.00,272.00,119.00,201.00,119.00
197.00,32.00,270.00,32.00,270.00,118.00,197.00,118.00
196.00,34.00,270.00,34.00,270.00,118.00,196.00,118.00
193.00,32.00,268.00,32.00,268.00,117.00,193.00,117.00
195.00,30.00,269.00,30.00,269.00,120.00,195.00,120.00
192.00,33.00,268.00,33.00,268.00,123.00,192.00,123.00
193.00,33.00,268.00,33.00,268.00,122.00,193.00,122.00
192.00,36.00,266.00,36.00,266.00,122.00,192.00,122.00
189.00,36.00,267.00,36.00,267.00,122.00,189.00,122.00
189.00,34.00,267.00,34.00,267.00,122.00,189.00,122.00
185.00,36.00,266.00,36.00,266.00,125.00,185.00,125.00
183.00,38.00,266.00,38.00,266.00,125.00,183.00,125.00
182.00,38.00,263.00,38.00,263.00,125.00,182.00,125.00
179.00,39.00,259.00,39.00,259.00,125.00,179.00,125.00
177.00,41.00,256.00,41.00,256.00,126.00,177.00,126.00
174.00,43.00,251.00,43.00,251.00,128.00,174.00,128.00
168.00,50.00,246.00,50.00,246.00,133.00,168.00,133.00
162.00,54.00,242.00,54.00,242.00,134.00,162.00,134.00
157.00,54.00,236.00,54.00,236.00,133.00,157.00,133.00
152.00,57.00,230.00,57.00,230.00,135.00,152.00,135.00
144.00,57.00,225.00,57.00,225.00,137.00,144.00,137.00
144.00,60.00,225.00,60.00,225.00,139.00,144.00,139.00
141.00,56.00,224.00,56.00,224.00,140.00,141.00,140.00
139.00,58.00,223.00,58.00,223.00,142.00,139.00,142.00
138.00,60.00,222.00,60.00,222.00,140.00,138.00,140.00
133.00,62.00,219.00,62.00,219.00,143.00,133.00,143.00
128.00,65.00,215.00,65.00,215.00,146.00,128.00,146.00
127.00,66.00,212.00,66.00,212.00,146.00,127.00,146.00
124.00,66.00,209.00,66.00,209.00,147.00,124.00,147.00
124.00,68.00,208.00,68.00,208.00,147.00,124.00,147.00
122.00,71.00,205.00,71.00,205.00,150.00,122.00,150.00
118.00,68.00,203.00,68.00,203.00,152.00,118.00,152.00
116.00,71.00,201.00,71.00,201.00,153.00,116.00,153.00
114.00,74.00,200.00,74.00,200.00,155.00,114.00,155.00
110.00,75.00,196.00,75.00,196.00,156.00,110.00,156.00
107.00,74.00,193.00,74.00,193.00,157.00,107.00,157.00
103.00,76.00,191.00,76.00,191.00,160.00,103.00,160.00
99.00,80.00,186.00,80.00,186.00,162.00,99.00,162.00
95.00,82.00,184.00,82.00,184.00,164.00,95.00,164.00
92.00,85.00,181.00,85.00,181.00,168.00,92.00,168.00
92.00,85.00,179.00,85.00,179.00,169.00,92.00,169.00
92.00,86.00,180.00,86.00,180.00,171.00,92.00,171.00
89.00,87.00,177.00,87.00,177.00,173.00,89.00,173.00
92.00,88.00,179.00,88.00,179.00,175.00,92.00,175.00
89.00,93.00,175.00,93.00,175.00,179.00,89.00,179.00
87.00,100.00,175.00,100.00,175.00,185.00,87.00,185.00
85.00,105.00,173.00,105.00,173.00,189.00,85.00,189.00
90.00,102.00,172.00,102.00,172.00,183.00,90.00,183.00
84.00,108.00,172.00,108.00,172.00,192.00,84.00,192.00
85.00,108.00,171.00,108.00,171.00,192.00,85.00,192.00
84.00,114.00,169.00,114.00,169.00,196.00,84.00,196.00
88.00,120.00,173.00,120.00,173.00,197.00,88.00,197.00
88.00,123.00,174.00,123.00,174.00,197.00,88.00,197.00
95.00,125.00,180.00,125.00,180.00,197.00,95.00,197.00
95.00,126.00,182.00,126.00,182.00,199.00,95.00,199.00
99.00,125.00,185.00,125.00,185.00,198.00,99.00,198.00
103.00,125.00,189.00,125.00,189.00,199.00,103.00,199.00
109.00,121.00,193.00,121.00,193.00,197.00,109.00,197.00
114.00,119.00,197.00,119.00,197.00,195.00,114.00,195.00
118.00,115.00,199.00,115.00,199.00,192.00,118.00,192.00
121.00,109.00,199.00,109.00,199.00,190.00,121.00,190.00
124.00,106.00,203.00,106.00,203.00,188.00,124.00,188.00
124.00,104.00,201.00,104.00,201.00,189.00,124.00,189.00
127.00,106.00,207.00,106.00,207.00,185.00,127.00,185.00
131.00,106.00,210.00,106.00,210.00,182.00,131.00,182.00
136.00,108.00,214.00,108.00,214.00,184.00,136.00,184.00
143.00,106.00,217.00,106.00,217.00,183.00,143.00,183.00
151.00,98.00,223.00,98.00,223.00,176.00,151.00,176.00
154.00,90.00,226.00,90.00,226.00,170.00,154.00,170.00
159.00,87.00,229.00,87.00,229.00,165.00,159.00,165.00
164.00,78.00,236.00,78.00,236.00,159.00,164.00,159.00
171.00,63.00,243.00,63.00,243.00,147.00,171.00,147.00
178.00,60.00,252.00,60.00,252.00,141.00,178.00,141.00
180.00,56.00,254.00,56.00,254.00,139.00,180.00,139.00
184.00,57.00,257.00,57.00,257.00,139.00,184.00,139.00
187.00,55.00,259.00,55.00,259.00,135.00,187.00,135.00
190.00,51.00,262.00,51.00,262.00,130.00,190.00,130.00
192.00,50.00,264.00,50.00,264.00,128.00,192.00,128.00
195.00,47.00,265.00,47.00,265.00,126.00,195.00,126.00
197.00,53.00,269.00,53.00,269.00,129.00,197.00,129.00
200.00,60.00,271.00,60.00,271.00,137.00,200.00,137.00
209.00,65.00,276.00,65.00,276.00,143.00,209.00,143.00
212.00,67.00,278.00,67.00,278.00,146.00,212.00,146.00
212.00,62.00,277.00,62.00,277.00,143.00,212.00,143.00
209.00,75.00,279.00,75.00,279.00,150.00,209.00,150.00
214.00,70.00,280.00,70.00,280.00,148.00,214.00,148.00
215.00,70.00,282.00,70.00,282.00,149.00,215.00,149.00
220.00,73.00,286.00,73.00,286.00,150.00,220.00,150.00
222.00,70.00,285.00,70.00,285.00,150.00,222.00,150.00
221.00,80.00,284.00,80.00,284.00,156.00,221.00,156.00
224.00,77.00,287.00,77.00,287.00,154.00,224.00,154.00
221.00,74.00,286.00,74.00,286.00,155.00,221.00,155.00
220.00,78.00,286.00,78.00,286.00,159.00,220.00,159.00
219.00,79.00,286.00,79.00,286.00,162.00,219.00,162.00
216.00,78.00,285.00,78.00,285.00,163.00,216.00,163.00
215.00,81.00,284.00,81.00,284.00,165.00,215.00,165.00
214.00,77.00,284.00,77.00,284.00,161.00,214.00,161.00
213.00,79.00,285.00,79.00,285.00,164.00,213.00,164.00
211.00,85.00,284.00,85.00,284.00,170.00,211.00,170.00
210.00,86.00,285.00,86.00,285.00,168.00,210.00,168.00
208.00,87.00,284.00,87.00,284.00,168.00,208.00,168.00
209.00,97.00,283.00,97.00,283.00,177.00,209.00,177.00
208.00,94.00,281.00,94.00,281.00,173.00,208.00,173.00
204.00,84.00,278.00,84.00,278.00,166.00,204.00,166.00
206.00,97.00,277.00,97.00,277.00,177.00,206.00,177.00
206.00,119.00,272.00,119.00,272.00,193.00,206.00,193.00
207.00,128.00,271.00,128.00,271.00,198.00,207.00,198.00
206.00,127.00,269.00,127.00,269.00,198.00,206.00,198.00
208.00,130.00,270.00,130.00,270.00,201.00,208.00,201.00
211.00,129.00,272.00,129.00,272.00,201.00,211.00,201.00
208.00,134.00,271.00,134.00,271.00,207.00,208.00,207.00
211.00,138.00,274.00,138.00,274.00,207.00,211.00,207.00
210.00,136.00,272.00,136.00,272.00,206.00,210.00,206.00
210.00,140.00,271.00,140.00,271.00,209.00,210.00,209.00
209.00,143.00,271.00,143.00,271.00,212.00,209.00,212.00
212.00,139.00,273.00,139.00,273.00,207.00,212.00,207.00
211.00,144.00,272.00,144.00,272.00,210.00,211.00,210.00
213.00,143.00,273.00,143.00,273.00,209.00,213.00,209.00
214.00,144.00,274.00,144.00,274.00,209.00,214.00,209.00
214.00,143.00,274.00,143.00,274.00,208.00,214.00,208.00
213.00,136.00,271.00,136.00,271.00,200.00,213.00,200.00
209.00,138.00,269.00,138.00,269.00,202.00,209.00,202.00
205.00,141.00,268.00,141.00,268.00,206.00,205.00,206.00
205.00,138.00,267.00,138.00,267.00,202.00,205.00,202.00
201.00,132.00,263.00,132.00,263.00,196.00,201.00,196.00
198.00,132.00,261.00,132.00,261.00,195.00,198.00,195.00
195.00,128.00,257.00,128.00,257.00,193.00,195.00,193.00
192.00,127.00,253.00,127.00,253.00,193.00,192.00,193.00
191.00,120.00,251.00,120.00,251.00,188.00,191.00,188.00
189.00,121.00,250.00,121.00,250.00,185.00,189.00,185.00
184.00,121.00,247.00,121.00,247.00,187.00,184.00,187.00
176.00,120.00,240.00,120.00,240.00,187.00,176.00,187.00
176.00,118.00,238.00,118.00,238.00,186.00,176.00,186.00
174.00,114.00,234.00,114.00,234.00,184.00,174.00,184.00
174.00,109.00,232.00,109.00,232.00,184.00,174.00,184.00
173.00,106.00,231.00,106.00,231.00,183.00,173.00,183.00
173.00,103.00,232.00,103.00,232.00,182.00,173.00,182.00
171.00,96.00,231.00,96.00,231.00,175.00,171.00,175.00
168.00,97.00,229.00,97.00,229.00,175.00,168.00,175.00
163.00,92.00,226.00,92.00,226.00,169.00,163.00,169.00
158.00,88.00,223.00,88.00,223.00,162.00,158.00,162.00
152.00,82.00,218.00,82.00,218.00,156.00,152.00,156.00
145.00,77.00,212.00,77.00,212.00,153.00,145.00,153.00
141.00,80.00,208.00,80.00,208.00,152.00,141.00,152.00
133.00,76.00,204.00,76.00,204.00,151.00,133.00,151.00
128.00,73.00,200.00,73.00,200.00,147.00,128.00,147.00
123.00,69.00,196.00,69.00,196.00,143.00,123.00,143.00
122.00,70.00,195.00,70.00,195.00,143.00,122.00,143.00
116.00,66.00,189.00,66.00,189.00,141.00,116.00,141.00
114.00,65.00,187.00,65.00,187.00,140.00,114.00,140.00
110.00,64.00,185.00,64.00,185.00,139.00,110.00,139.00
107.00,60.00,181.00,60.00,181.00,137.00,107.00,137.00
100.00,55.00,174.00,55.00,174.00,136.00,100.00,136.00
97.00,49.00,172.00,49.00,172.00,135.00,97.00,135.00
92.00,46.00,169.00,46.00,169.00,134.00,92.00,134.00
92.00,41.00,170.00,41.00,170.00,130.00,92.00,130.00
90.00,39.00,169.00,39.00,169.00,127.00,90.00,127.00
87.00,36.00,167.00,36.00,167.00,123.00,87.00,123.00
86.00,32.00,167.00,32.00,167.00,123.00,86.00,123.00
84.00,31.00,167.00,31.00,167.00,124.00,84.00,124.00
80.00,32.00,167.00,32.00,167.00,121.00,80.00,121.00
71.00,32.00,160.00,32.00,160.00,118.00,71.00,118.00
67.00,37.00,156.00,37.00,156.00,122.00,67.00,122.00
62.00,34.00,151.00,34.00,151.00,121.00,62.00,121.00
58.00,33.00,150.00,33.00,150.00,120.00,58.00,120.00
55.00,34.00,147.00,34.00,147.00,123.00,55.00,123.00
51.00,34.00,142.00,34.00,142.00,126.00,51.00,126.00
50.00,33.00,142.00,33.00,142.00,125.00,50.00,125.00
48.00,35.00,140.00,35.00,140.00,130.00,48.00,130.00
47.00,37.00,136.00,37.00,136.00,132.00,47.00,132.00
47.00,38.00,137.00,38.00,137.00,134.00,47.00,134.00
48.00,41.00,140.00,41.00,140.00,135.00,48.00,135.00
48.00,43.00,139.00,43.00,139.00,136.00,48.00,136.00
50.00,45.00,141.00,45.00,141.00,138.00,50.00,138.00
52.00,47.00,141.00,47.00,141.00,139.00,52.00,139.00
54.00,53.00,141.00,53.00,141.00,144.00,54.00,144.00
57.00,53.00,144.00,53.00,144.00,144.00,57.00,144.00
57.00,55.00,147.00,55.00,147.00,145.00,57.00,145.00
58.00,57.00,151.00,57.00,151.00,143.00,58.00,143.00
62.00,58.00,154.00,58.00,154.00,143.00,62.00,143.00
65.00,57.00,158.00,57.00,158.00,142.00,65.00,142.00
68.00,57.00,161.00,57.00,161.00,142.00,68.00,142.00
68.00,57.00,164.00,57.00,164.00,143.00,68.00,143.00
68.00,57.00,165.00,57.00,165.00,145.00,68.00,145.00
73.00,58.00,169.00,58.00,169.00,144.00,73.00,144.00
75.00,59.00,170.00,59.00,170.00,144.00,75.00,144.00
73.00,59.00,171.00,59.00,171.00,145.00,73.00,145.00
79.00,53.00,175.00,53.00,175.00,143.00,79.00,143.00
85.00,54.00,177.00,54.00,177.00,141.00,85.00,141.00
89.00,62.00,176.00,62.00,176.00,143.00,89.00,143.00
96.00,59.00,178.00,59.00,178.00,140.00,96.00,140.00
97.00,56.00,179.00,56.00,179.00,143.00,97.00,143.00
98.00,58.00,182.00,58.00,182.00,147.00,98.00,147.00
98.00,60.00,184.00,60.00,184.00,147.00,98.00,147.00
97.00,61.00,185.00,61.00,185.00,151.00,97.00,151.00
99.00,60.00,188.00,60.00,188.00,152.00,99.00,152.00
105.00,61.00,191.00,61.00,191.00,150.00,105.00,150.00
108.00,65.00,194.00,65.00,194.00,150.00,108.00,150.00
110.00,74.00,196.00,74.00,196.00,155.00,110.00,155.00
114.00,78.00,199.00,78.00,199.00,157.00,114.00,157.00
116.00,78.00,203.00,78.00,203.00,158.00,116.00,158.00
120.00,80.00,208.00,80.00,208.00,161.00,120.00,161.00
126.00,85.00,213.00,85.00,213.00,167.00,126.00,167.00
132.00,91.00,216.00,91.00,216.00,171.00,132.00,171.00
140.00,89.00,225.00,89.00,225.00,170.00,140.00,170.00
141.00,91.00,225.00,91.00,225.00,174.00,141.00,174.00
146.00,91.00,229.00,91.00,229.00,177.00,146.00,177.00
150.00,88.00,233.00,88.00,233.00,175.00,150.00,175.00
152.00,92.00,236.00,92.00,236.00,179.00,152.00,179.00
155.00,96.00,240.00,96.00,240.00,181.00,155.00,181.00
158.00,99.00,242.00,99.00,242.00,182.00,158.00,182.00
163.00,102.00,245.00,102.00,245.00,182.00,163.00,182.00
167.00,100.00,247.00,100.00,247.00,179.00,167.00,179.00
174.00,101.00,253.00,101.00,253.00,179.00,174.00,179.00
178.00,104.00,255.00,104.00,255.00,181.00,178.00,181.00
182.00,102.00,260.00,102.00,260.00,180.00,182.00,180.00
181.00,103.00,257.00,103.00,257.00,182.00,181.00,182.00
184.00,112.00,260.00,112.00,260.00,189.00,184.00,189.00
182.00,111.00,260.00,111.00,260.00,195.00,182.00,195.00
174.00,111.00,252.00,111.00,252.00,195.00,174.00,195.00
216.00,115.00,295.00,115.00,295.00,200.00,216.00,200.00
223.00,119.00,303.00,119.00,303.00,195.00,223.00,195.00
227.00,117.00,305.00,117.00,305.00,193.00,227.00,193.00
230.00,121.00,306.00,121.00,306.00,197.00,230.00,197.00
227.00,122.00,302.00,122.00,302.00,199.00,227.00,199.00
227.00,123.00,301.00,123.00,301.00,197.00,227.00,197.00
212.00,124.00,282.00,124.00,282.00,198.00,212.00,198.00
220.00,124.00,291.00,124.00,291.00,200.00,220.00,200.00
223.00,128.00,294.00,128.00,294.00,204.00,223.00,204.00
227.00,132.00,298.00,132.00,298.00,206.00,227.00,206.00
235.00,128.00,307.00,128.00,307.00,203.00,235.00,203.00
237.00,128.00,309.00,128.00,309.00,205.00,237.00,205.00
237.00,129.00,308.00,129.00,308.00,207.00,237.00,207.00
235.00,138.00,305.00,138.00,305.00,216.00,235.00,216.00
234.00,134.00,304.00,134.00,304.00,211.00,234.00,211.00
231.00,100.00,297.00,100.00,297.00,176.00,231.00,176.00
236.00,84.00,301.00,84.00,301.00,158.00,236.00,158.00
235.00,80.00,299.00,80.00,299.00,155.00,235.00,155.00
234.00,73.00,300.00,73.00,300.00,148.00,234.00,148.00
227.00,71.00,295.00,71.00,295.00,146.00,227.00,146.00
215.00,71.00,285.00,71.00,285.00,143.00,215.00,143.00
216.00,59.00,286.00,59.00,286.00,134.00,216.00,134.00
210.00,59.00,281.00,59.00,281.00,133.00,210.00,133.00
206.00,56.00,276.00,56.00,276.00,130.00,206.00,130.00
201.00,52.00,273.00,52.00,273.00,129.00,201.00,129.00
202.00,52.00,273.00,52.00,273.00,131.00,202.00,131.00
204.00,53.00,276.00,53.00,276.00,128.00,204.00,128.00
203.00,54.00,274.00,54.00,274.00,129.00,203.00,129.00
199.00,53.00,270.00,53.00,270.00,128.00,199.00,128.00
197.00,52.00,268.00,52.00,268.00,127.00,197.00,127.00
187.00,50.00,261.00,50.00,261.00,127.00,187.00,127.00
182.00,53.00,256.00,53.00,256.00,130.00,182.00,130.00
177.00,51.00,250.00,51.00,250.00,130.00,177.00,130.00
169.00,51.00,241.00,51.00,241.00,132.00,169.00,132.00
163.00,54.00,235.00,54.00,235.00,134.00,163.00,134.00
158.00,54.00,228.00,54.00,228.00,132.00,158.00,132.00
150.00,53.00,225.00,53.00,225.00,132.00,150.00,132.00
148.00,54.00,221.00,54.00,221.00,132.00,148.00,132.00
144.00,54.00,217.00,54.00,217.00,131.00,144.00,131.00
139.00,54.00,212.00,54.00,212.00,130.00,139.00,130.00
136.00,53.00,210.00,53.00,210.00,129.00,136.00,129.00
135.00,49.00,210.00,49.00,210.00,125.00,135.00,125.00
131.00,50.00,207.00,50.00,207.00,127.00,131.00,127.00
130.00,49.00,206.00,49.00,206.00,127.00,130.00,127.00
129.00,46.00,204.00,46.00,204.00,125.00,129.00,125.00
129.00,46.00,204.00,46.00,204.00,124.00,129.00,124.00
126.00,45.00,200.00,45.00,200.00,125.00,126.00,125.00
123.00,45.00,198.00,45.00,198.00,124.00,123.00,124.00
121.00,44.00,197.00,44.00,197.00,123.00,121.00,123.00
118.00,45.00,194.00,45.00,194.00,125.00,118.00,125.00
114.00,45.00,190.00,45.00,190.00,129.00,114.00,129.00
115.00,44.00,190.00,44.00,190.00,130.00,115.00,130.00
117.00,41.00,192.00,41.00,192.00,127.00,117.00,127.00
