1
187.00,17.00,276.00,17.00,276.00,110.00,187.00,110.00
187.00,18.00,276.00,18.00,276.00,110.00,187.00,110.00
187.00,18.00,276.00,18.00,276.00,110.00,187.00,110.00
187.00,18.00,276.00,18.00,276.00,110.00,187.00,110.00
186.00,18.00,275.00,18.00,275.00,111.00,186.00,111.00
186.00,18.00,275.00,18.00,275.00,112.00,186.00,112.00
185.00,18.00,274.00,18.00,274.00,112.00,185.00,112.00
186.00,19.00,274.00,19.00,274.00,114.00,186.00,114.00
185.00,18.00,272.00,18.00,272.00,115.00,185.00,115.00
184.00,18.00,271.00,18.00,271.00,116.00,184.00,116.00
185.00,19.00,270.00,19.00,270.00,118.00,185.00,118.00
185.00,20.00,270.00,20.00,270.00,120.00,185.00,120.00
184.00,22.00,270.00,22.00,270.00,121.00,184.00,121.00
185.00,23.00,269.00,23.00,269.00,120.00,185.00,120.00
186.00,24.00,269.00,24.00,269.00,122.00,186.00,122.00
185.00,24.00,267.00,24.00,267.00,123.00,185.00,123.00
185.00,25.00,268.00,25.00,268.00,123.00,185.00,123.00
185.00,25.00,268.00,25.00,268.00,123.00,185.00,123.00
185.00,27.00,268.00,27.00,268.00,123.00,185.00,123.00
184.00,27.00,266.00,27.00,266.00,124.00,184.00,124.00
184.00,30.00,265.00,30.00,265.00,125.00,184.00,125.00
184.00,32.00,264.00,32.00,264.00,125.00,184.00,125.00
184.00,34.00,263.00,34.00,263.00,125.00,184.00,125.00
184.00,35.00,264.00,35.00,264.00,126.00,184.00,126.00
184.00,36.00,263.00,36.00,263.00,126.00,184.00,126.00
184.00,36.00,263.00,36.00,263.00,126.00,184.00,126.00
185.00,38.00,264.00,38.00,264.00,126.00,185.00,126.00
186.00,40.00,265.00,40.00,265.00,126.00,186.00,126.00
187.00,40.00,264.00,40.00,264.00,124.00,187.00,124.00
189.00,40.00,265.00,40.00,265.00,127.00,189.00,127.00
186.00,41.00,264.00,41.00,264.00,126.00,186.00,126.00
189.00,41.00,266.00,41.00,266.00,127.00,189.00,127.00
190.00,43.00,267.00,43.00,267.00,127.00,190.00,127.00
194.00,41.00,269.00,41.00,269.00,125.00,194.00,125.00
196.00,42.00,268.00,42.00,268.00,125.00,196.00,125.00
198.00,42.00,270.00,42.00,270.00,125.00,198.00,125.00
200.00,42.00,272.00,42.00,272.00,124.00,200.00,124.00
201.00,43.00,272.00,43.00,272.00,123.00,201.00,123.00
204.00,43.00,274.00,43.00,274.00,125.00,204.00,125.00
204.00,43.00,276.00,43.00,276.00,124.00,204.00,124.00
205.00,45.00,276.00,45.00,276.00,125.00,205.00,125.00
207.00,47.00,276.00,47.00,276.00,126.00,207.00,126.00
207.00,45.00,278.00,45.00,278.00,125.00,207.00,125.00
208.00,42.00,279.00,42.00,279.00,121.00,208.00,121.00
209.00,43.00,279.00,43.00,279.00,125.00,209.00,125.00
209.00,39.00,279.00,39.00,279.00,122.00,209.00,122.00
208.00,37.00,278.00,37.00,278.00,120.00,208.00,120.00
207.00,37.00,277.00,37.00,277.00,119.00,207.00,119.00
207.00,37.00,277.00,37.00,277.00,120.00,207.00,120.00
206.00,36.00,276.00,36.00,276.00,120.00,206.00,120.00
203.00,31.00,273.00,31.00,273.00,114.00,203.00,114.00
203.00,36.00,273.00,36.00,273.00,117.00,203.00,117.00
201.00,34.00,270.00,34.00,270.00,115.00,201.00,115.00
201.00,33.00,271.00,33.00,271.00,116.00,201.00,116.00
198.00,36.00,269.00,36.00,269.00,118.00,198.00,118.00
197.00,33.00,268.00,33.00,268.00,117.00,197.00,117.00
196.00,35.00,267.00,35.00,267.00,123.00,196.00,123.00
198.00,36.00,267.00,36.00,267.00,125.00,198.00,125.00
197.00,38.00,266.00,38.00,266.00,123.00,197.00,123.00
195.00,40.00,266.00,40.00,266.00,124.00,195.00,124.00
194.00,37.00,266.00,37.00,266.00,120.00,194.00,120.00
191.00,41.00,265.00,41.00,265.00,123.00,191.00,123.00
189.00,43.00,264.00,43.00,264.00,124.00,189.00,124.00
188.00,41.00,261.00,41.00,261.00,122.00,188.00,122.00
188.00,43.00,261.00,43.00,261.00,123.00,188.00,123.00
182.00,43.00,254.00,43.00,254.00,123.00,182.00,123.00
178.00,45.00,250.00,45.00,250.00,127.00,178.00,127.00
176.00,48.00,246.00,48.00,246.00,129.00,176.00,129.00
173.00,50.00,244.00,50.00,244.00,131.00,173.00,131.00
166.00,54.00,240.00,54.00,240.00,132.00,166.00,132.00
159.00,56.00,234.00,56.00,234.00,134.00,159.00,134.00
155.00,57.00,230.00,57.00,230.00,137.00,155.00,137.00
149.00,58.00,226.00,58.00,226.00,139.00,149.00,139.00
145.00,60.00,224.00,60.00,224.00,141.00,145.00,141.00
142.00,55.00,223.00,55.00,223.00,144.00,142.00,144.00
140.00,57.00,222.00,57.00,222.00,143.00,140.00,143.00
139.00,61.00,220.00,61.00,220.00,144.00,139.00,144.00
136.00,60.00,218.00,60.00,218.00,144.00,136.00,144.00
131.00,63.00,213.00,63.00,213.00,146.00,131.00,146.00
129.00,67.00,211.00,67.00,211.00,148.00,129.00,148.00
126.00,68.00,208.00,68.00,208.00,148.00,126.00,148.00
124.00,71.00,206.00,71.00,206.00,150.00,124.00,150.00
122.00,69.00,206.00,69.00,206.00,152.00,122.00,152.00
119.00,71.00,203.00,71.00,203.00,156.00,119.00,156.00
116.00,74.00,201.00,74.00,201.00,156.00,116.00,156.00
112.00,73.00,199.00,73.00,199.00,156.00,112.00,156.00
108.00,71.00,196.00,71.00,196.00,156.00,108.00,156.00
105.00,73.00,194.00,73.00,194.00,160.00,105.00,160.00
102.00,73.00,191.00,73.00,191.00,162.00,102.00,162.00
97.00,81.00,188.00,81.00,188.00,170.00,97.00,170.00
93.00,78.00,184.00,78.00,184.00,168.00,93.00,168.00
91.00,81.00,182.00,81.00,182.00,171.00,91.00,171.00
93.00,80.00,182.00,80.00,182.00,172.00,93.00,172.00
89.00,83.00,180.00,83.00,180.00,174.00,89.00,174.00
89.00,85.00,180.00,85.00,180.00,177.00,89.00,177.00
91.00,86.00,177.00,86.00,177.00,177.00,91.00,177.00
92.00,89.00,175.00,89.00,175.00,178.00,92.00,178.00
92.00,96.00,174.00,96.00,174.00,184.00,92.00,184.00
89.00,104.00,173.00,104.00,173.00,188.00,89.00,188.00
88.00,105.00,174.00,105.00,174.00,189.00,88.00,189.00
89.00,106.00,176.00,106.00,176.00,190.00,89.00,190.00
84.00,109.00,171.00,109.00,171.00,195.00,84.00,195.00
88.00,111.00,171.00,111.00,171.00,196.00,88.00,196.00
90.00,119.00,170.00,119.00,170.00,198.00,90.00,198.00
92.00,123.00,174.00,123.00,174.00,200.00,92.00,200.00
92.00,123.00,175.00,123.00,175.00,197.00,92.00,197.00
96.00,125.00,181.00,125.00,181.00,200.00,96.00,200.00
102.00,124.00,185.00,124.00,185.00,199.00,102.00,199.00
105.00,125.00,188.00,125.00,188.00,200.00,105.00,200.00
109.00,123.00,191.00,123.00,191.00,200.00,109.00,200.00
114.00,114.00,195.00,114.00,195.00,196.00,114.00,196.00
117.00,115.00,196.00,115.00,196.00,196.00,117.00,196.00
122.00,109.00,200.00,109.00,200.00,192.00,122.00,192.00
124.00,105.00,201.00,105.00,201.00,191.00,124.00,191.00
124.00,105.00,200.00,105.00,200.00,189.00,124.00,189.00
128.00,107.00,204.00,107.00,204.00,187.00,128.00,187.00
134.00,106.00,207.00,106.00,207.00,183.00,134.00,183.00
140.00,106.00,211.00,106.00,211.00,184.00,140.00,184.00
145.00,106.00,214.00,106.00,214.00,184.00,145.00,184.00
153.00,95.00,223.00,95.00,223.00,173.00,153.00,173.00
157.00,92.00,224.00,92.00,224.00,171.00,157.00,171.00
161.00,87.00,227.00,87.00,227.00,165.00,161.00,165.00
166.00,76.00,233.00,76.00,233.00,155.00,166.00,155.00
174.00,66.00,239.00,66.00,239.00,147.00,174.00,147.00
180.00,61.00,248.00,61.00,248.00,143.00,180.00,143.00
184.00,55.00,253.00,55.00,253.00,138.00,184.00,138.00
186.00,56.00,257.00,56.00,257.00,139.00,186.00,139.00
190.00,52.00,260.00,52.00,260.00,132.00,190.00,132.00
193.00,53.00,264.00,53.00,264.00,130.00,193.00,130.00
195.00,51.00,264.00,51.00,264.00,127.00,195.00,127.00
196.00,56.00,263.00,56.00,263.00,134.00,196.00,134.00
201.00,55.00,268.00,55.00,268.00,131.00,201.00,131.00
203.00,65.00,269.00,65.00,269.00,141.00,203.00,141.00
210.00,61.00,275.00,61.00,275.00,140.00,210.00,140.00
218.00,69.00,281.00,69.00,281.00,145.00,218.00,145.00
211.00,67.00,279.00,67.00,279.00,144.00,211.00,144.00
218.00,70.00,280.00,70.00,280.00,148.00,218.00,148.00
218.00,73.00,282.00,73.00,282.00,148.00,218.00,148.00
218.00,74.00,282.00,74.00,282.00,149.00,218.00,149.00
222.00,73.00,286.00,73.00,286.00,149.00,222.00,149.00
227.00,76.00,289.00,76.00,289.00,153.00,227.00,153.00
228.00,81.00,289.00,81.00,289.00,154.00,228.00,154.00
230.00,85.00,290.00,85.00,290.00,156.00,230.00,156.00
234.00,84.00,292.00,84.00,292.00,155.00,234.00,155.00
232.00,82.00,289.00,82.00,289.00,154.00,232.00,154.00
228.00,84.00,288.00,84.00,288.00,156.00,228.00,156.00
225.00,85.00,286.00,85.00,286.00,158.00,225.00,158.00
219.00,81.00,281.00,81.00,281.00,155.00,219.00,155.00
218.00,85.00,281.00,85.00,281.00,157.00,218.00,157.00
217.00,86.00,280.00,86.00,280.00,158.00,217.00,158.00
213.00,94.00,277.00,94.00,277.00,166.00,213.00,166.00
212.00,92.00,278.00,92.00,278.00,162.00,212.00,162.00
212.00,102.00,276.00,102.00,276.00,170.00,212.00,170.00
215.00,106.00,279.00,106.00,279.00,174.00,215.00,174.00
211.00,109.00,274.00,109.00,274.00,179.00,211.00,179.00
209.00,96.00,272.00,96.00,272.00,169.00,209.00,169.00
209.00,122.00,266.00,122.00,266.00,197.00,209.00,197.00
211.00,131.00,269.00,131.00,269.00,201.00,211.00,201.00
212.00,136.00,271.00,136.00,271.00,202.00,212.00,202.00
211.00,134.00,270.00,134.00,270.00,202.00,211.00,202.00
211.00,133.00,269.00,133.00,269.00,204.00,211.00,204.00
211.00,138.00,269.00,138.00,269.00,211.00,211.00,211.00
212.00,140.00,272.00,140.00,272.00,210.00,212.00,210.00
213.00,143.00,273.00,143.00,273.00,209.00,213.00,209.00
211.00,146.00,271.00,146.00,271.00,214.00,211.00,214.00
213.00,144.00,273.00,144.00,273.00,211.00,213.00,211.00
212.00,144.00,271.00,144.00,271.00,211.00,212.00,211.00
213.00,147.00,270.00,147.00,270.00,214.00,213.00,214.00
214.00,146.00,270.00,146.00,270.00,211.00,214.00,211.00
216.00,147.00,271.00,147.00,271.00,211.00,216.00,211.00
214.00,145.00,268.00,145.00,268.00,210.00,214.00,210.00
216.00,147.00,272.00,147.00,272.00,211.00,216.00,211.00
213.00,150.00,270.00,150.00,270.00,211.00,213.00,211.00
210.00,145.00,267.00,145.00,267.00,207.00,210.00,207.00
209.00,138.00,266.00,138.00,266.00,201.00,209.00,201.00
208.00,134.00,264.00,134.00,264.00,197.00,208.00,197.00
205.00,134.00,262.00,134.00,262.00,197.00,205.00,197.00
202.00,131.00,260.00,131.00,260.00,194.00,202.00,194.00
198.00,129.00,256.00,129.00,256.00,192.00,198.00,192.00
196.00,127.00,254.00,127.00,254.00,192.00,196.00,192.00
193.00,128.00,250.00,128.00,250.00,194.00,193.00,194.00
193.00,129.00,252.00,129.00,252.00,190.00,193.00,190.00
186.00,129.00,244.00,129.00,244.00,192.00,186.00,192.00
181.00,124.00,238.00,124.00,238.00,188.00,181.00,188.00
178.00,121.00,234.00,121.00,234.00,187.00,178.00,187.00
176.00,118.00,229.00,118.00,229.00,187.00,176.00,187.00
175.00,112.00,227.00,112.00,227.00,184.00,175.00,184.00
174.00,110.00,225.00,110.00,225.00,185.00,174.00,185.00
173.00,103.00,225.00,103.00,225.00,177.00,173.00,177.00
172.00,103.00,222.00,103.00,222.00,176.00,172.00,176.00
168.00,100.00,220.00,100.00,220.00,172.00,168.00,172.00
164.00,96.00,218.00,96.00,218.00,165.00,164.00,165.00
158.00,95.00,214.00,95.00,214.00,162.00,158.00,162.00
156.00,90.00,210.00,90.00,210.00,158.00,156.00,158.00
153.00,87.00,207.00,87.00,207.00,152.00,153.00,152.00
148.00,83.00,205.00,83.00,205.00,146.00,148.00,146.00
142.00,82.00,200.00,82.00,200.00,145.00,142.00,145.00
132.00,82.00,191.00,82.00,191.00,146.00,132.00,146.00
131.00,79.00,190.00,79.00,190.00,143.00,131.00,143.00
128.00,76.00,189.00,76.00,189.00,140.00,128.00,140.00
121.00,72.00,184.00,72.00,184.00,135.00,121.00,135.00
121.00,74.00,181.00,74.00,181.00,136.00,121.00,136.00
115.00,73.00,176.00,73.00,176.00,136.00,115.00,136.00
115.00,63.00,175.00,63.00,175.00,131.00,115.00,131.00
111.00,64.00,170.00,64.00,170.00,133.00,111.00,133.00
111.00,59.00,169.00,59.00,169.00,132.00,111.00,132.00
106.00,53.00,166.00,53.00,166.00,127.00,106.00,127.00
105.00,48.00,164.00,48.00,164.00,122.00,105.00,122.00
105.00,46.00,165.00,46.00,165.00,119.00,105.00,119.00
101.00,43.00,163.00,43.00,163.00,117.00,101.00,117.00
103.00,44.00,165.00,44.00,165.00,119.00,103.00,119.00
100.00,43.00,161.00,43.00,161.00,117.00,100.00,117.00
92.00,44.00,158.00,44.00,158.00,113.00,92.00,113.00
83.00,44.00,150.00,44.00,150.00,111.00,83.00,111.00
73.00,40.00,143.00,40.00,143.00,109.00,73.00,109.00
70.00,41.00,142.00,41.00,142.00,111.00,70.00,111.00
67.00,40.00,140.00,40.00,140.00,111.00,67.00,111.00
63.00,43.00,138.00,43.00,138.00,115.00,63.00,115.00
66.00,46.00,140.00,46.00,140.00,119.00,66.00,119.00
63.00,46.00,139.00,46.00,139.00,123.00,63.00,123.00
62.00,50.00,135.00,50.00,135.00,125.00,62.00,125.00
57.00,48.00,130.00,48.00,130.00,126.00,57.00,126.00
55.00,46.00,130.00,46.00,130.00,127.00,55.00,127.00
56.00,47.00,134.00,47.00,134.00,129.00,56.00,129.00
56.00,49.00,136.00,49.00,136.00,132.00,56.00,132.00
56.00,50.00,136.00,50.00,136.00,133.00,56.00,133.00
55.00,52.00,137.00,52.00,137.00,139.00,55.00,139.00
60.00,53.00,140.00,53.00,140.00,140.00,60.00,140.00
62.00,56.00,141.00,56.00,141.00,143.00,62.00,143.00
63.00,58.00,146.00,58.00,146.00,143.00,63.00,143.00
64.00,61.00,148.00,61.00,148.00,140.00,64.00,140.00
66.00,61.00,150.00,61.00,150.00,141.00,66.00,141.00
68.00,60.00,154.00,60.00,154.00,140.00,68.00,140.00
70.00,60.00,159.00,60.00,159.00,141.00,70.00,141.00
72.00,57.00,162.00,57.00,162.00,142.00,72.00,142.00
75.00,55.00,165.00,55.00,165.00,141.00,75.00,141.00
75.00,56.00,167.00,56.00,167.00,144.00,75.00,144.00
72.00,58.00,168.00,58.00,168.00,146.00,72.00,146.00
74.00,56.00,173.00,56.00,173.00,143.00,74.00,143.00
79.00,52.00,176.00,52.00,176.00,145.00,79.00,145.00
90.00,51.00,179.00,51.00,179.00,141.00,90.00,141.00
96.00,55.00,179.00,55.00,179.00,142.00,96.00,142.00
101.00,54.00,182.00,54.00,182.00,139.00,101.00,139.00
99.00,54.00,182.00,54.00,182.00,147.00,99.00,147.00
102.00,57.00,185.00,57.00,185.00,149.00,102.00,149.00
100.00,61.00,184.00,61.00,184.00,146.00,100.00,146.00
101.00,61.00,189.00,61.00,189.00,148.00,101.00,148.00
100.00,64.00,190.00,64.00,190.00,152.00,100.00,152.00
107.00,63.00,193.00,63.00,193.00,147.00,107.00,147.00
110.00,67.00,194.00,67.00,194.00,148.00,110.00,148.00
111.00,73.00,195.00,73.00,195.00,152.00,111.00,152.00
113.00,80.00,197.00,80.00,197.00,159.00,113.00,159.00
117.00,82.00,201.00,82.00,201.00,163.00,117.00,163.00
120.00,80.00,206.00,80.00,206.00,161.00,120.00,161.00
126.00,85.00,211.00,85.00,211.00,168.00,126.00,168.00
134.00,86.00,217.00,86.00,217.00,169.00,134.00,169.00
139.00,90.00,221.00,90.00,221.00,172.00,139.00,172.00
144.00,91.00,225.00,91.00,225.00,176.00,144.00,176.00
144.00,91.00,228.00,91.00,228.00,181.00,144.00,181.00
149.00,91.00,231.00,91.00,231.00,181.00,149.00,181.00
153.00,93.00,234.00,93.00,234.00,183.00,153.00,183.00
154.00,97.00,239.00,97.00,239.00,186.00,154.00,186.00
158.00,101.00,240.00,101.00,240.00,188.00,158.00,188.00
163.00,99.00,246.00,99.00,246.00,183.00,163.00,183.00
165.00,101.00,246.00,101.00,246.00,184.00,165.00,184.00
173.00,101.00,252.00,101.00,252.00,181.00,173.00,181.00
181.00,103.00,257.00,103.00,257.00,181.00,181.00,181.00
183.00,109.00,258.00,109.00,258.00,187.00,183.00,187.00
184.00,105.00,260.00,105.00,260.00,184.00,184.00,184.00
184.00,110.00,259.00,110.00,259.00,190.00,184.00,190.00
195.00,119.00,269.00,119.00,269.00,201.00,195.00,201.00
213.00,114.00,288.00,114.00,288.00,187.00,213.00,187.00
228.00,117.00,303.00,117.00,303.00,187.00,228.00,187.00
230.00,119.00,306.00,119.00,306.00,189.00,230.00,189.00
231.00,118.00,307.00,118.00,307.00,187.00,231.00,187.00
231.00,127.00,308.00,127.00,308.00,198.00,231.00,198.00
229.00,130.00,306.00,130.00,306.00,201.00,229.00,201.00
222.00,125.00,297.00,125.00,297.00,196.00,222.00,196.00
220.00,132.00,295.00,132.00,295.00,206.00,220.00,206.00
223.00,125.00,298.00,125.00,298.00,197.00,223.00,197.00
224.00,130.00,301.00,130.00,301.00,203.00,224.00,203.00
227.00,133.00,301.00,133.00,301.00,204.00,227.00,204.00
234.00,130.00,308.00,130.00,308.00,202.00,234.00,202.00
235.00,126.00,307.00,126.00,307.00,200.00,235.00,200.00
239.00,115.00,310.00,115.00,310.00,189.00,239.00,189.00
235.00,123.00,308.00,123.00,308.00,203.00,235.00,203.00
240.00,105.00,310.00,105.00,310.00,182.00,240.00,182.00
238.00,96.00,306.00,96.00,306.00,171.00,238.00,171.00
235.00,83.00,304.00,83.00,304.00,157.00,235.00,157.00
235.00,79.00,302.00,79.00,302.00,153.00,235.00,153.00
236.00,73.00,304.00,73.00,304.00,147.00,236.00,147.00
229.00,67.00,299.00,67.00,299.00,141.00,229.00,141.00
225.00,63.00,298.00,63.00,298.00,135.00,225.00,135.00
213.00,60.00,285.00,60.00,285.00,131.00,213.00,131.00
207.00,56.00,281.00,56.00,281.00,131.00,207.00,131.00
204.00,50.00,280.00,50.00,280.00,125.00,204.00,125.00
200.00,47.00,276.00,47.00,276.00,125.00,200.00,125.00
198.00,49.00,274.00,49.00,274.00,131.00,198.00,131.00
196.00,50.00,274.00,50.00,274.00,129.00,196.00,129.00
199.00,51.00,277.00,51.00,277.00,129.00,199.00,129.00
196.00,50.00,274.00,50.00,274.00,128.00,196.00,128.00
193.00,47.00,270.00,47.00,270.00,124.00,193.00,124.00
186.00,48.00,265.00,48.00,265.00,123.00,186.00,123.00
182.00,48.00,260.00,48.00,260.00,126.00,182.00,126.00
178.00,42.00,253.00,42.00,253.00,125.00,178.00,125.00
172.00,42.00,246.00,42.00,246.00,126.00,172.00,126.00
163.00,50.00,241.00,50.00,241.00,133.00,163.00,133.00
156.00,48.00,233.00,48.00,233.00,131.00,156.00,131.00
148.00,47.00,228.00,47.00,228.00,131.00,148.00,131.00
145.00,49.00,225.00,49.00,225.00,133.00,145.00,133.00
139.00,48.00,218.00,48.00,218.00,132.00,139.00,132.00
135.00,48.00,215.00,48.00,215.00,133.00,135.00,133.00
132.00,47.00,214.00,47.00,214.00,132.00,132.00,132.00
130.00,45.00,212.00,45.00,212.00,130.00,130.00,130.00
128.00,45.00,212.00,45.00,212.00,128.00,128.00,128.00
126.00,43.00,208.00,43.00,208.00,127.00,126.00,127.00
124.00,42.00,208.00,42.00,208.00,127.00,124.00,127.00
124.00,44.00,207.00,44.00,207.00,127.00,124.00,127.00
122.00,41.00,204.00,41.00,204.00,126.00,122.00,126.00
120.00,42.00,205.00,42.00,205.00,125.00,120.00,125.00
117.00,43.00,202.00,43.00,202.00,126.00,117.00,126.00
115.00,42.00,200.00,42.00,200.00,126.00,115.00,126.00
113.00,42.00,198.00,42.00,198.00,128.00,113.00,128.00
112.00,41.00,196.00,41.00,196.00,130.00,112.00,130.00
112.00,42.00,193.00,42.00,193.00,131.00,112.00,131.00
