1
187.00,18.00,276.00,18.00,276.00,110.00,187.00,110.00
187.00,18.00,276.00,18.00,276.00,110.00,187.00,110.00
187.00,18.00,276.00,18.00,276.00,110.00,187.00,110.00
187.00,19.00,276.00,19.00,276.00,111.00,187.00,111.00
186.00,19.00,274.00,19.00,274.00,112.00,186.00,112.00
186.00,18.00,274.00,18.00,274.00,113.00,186.00,113.00
186.00,19.00,274.00,19.00,274.00,113.00,186.00,113.00
186.00,19.00,273.00,19.00,273.00,114.00,186.00,114.00
186.00,20.00,272.00,20.00,272.00,114.00,186.00,114.00
186.00,20.00,271.00,20.00,271.00,116.00,186.00,116.00
186.00,21.00,270.00,21.00,270.00,117.00,186.00,117.00
186.00,23.00,269.00,23.00,269.00,119.00,186.00,119.00
186.00,23.00,268.00,23.00,268.00,120.00,186.00,120.00
187.00,25.00,269.00,25.00,269.00,121.00,187.00,121.00
186.00,26.00,268.00,26.00,268.00,120.00,186.00,120.00
187.00,26.00,269.00,26.00,269.00,122.00,187.00,122.00
185.00,27.00,267.00,27.00,267.00,122.00,185.00,122.00
186.00,28.00,267.00,28.00,267.00,123.00,186.00,123.00
184.00,29.00,266.00,29.00,266.00,123.00,184.00,123.00
185.00,28.00,266.00,28.00,266.00,123.00,185.00,123.00
184.00,29.00,265.00,29.00,265.00,123.00,184.00,123.00
184.00,32.00,265.00,32.00,265.00,125.00,184.00,125.00
184.00,33.00,266.00,33.00,266.00,127.00,184.00,127.00
184.00,33.00,265.00,33.00,265.00,127.00,184.00,127.00
184.00,35.00,264.00,35.00,264.00,127.00,184.00,127.00
184.00,34.00,264.00,34.00,264.00,126.00,184.00,126.00
184.00,37.00,264.00,37.00,264.00,128.00,184.00,128.00
182.00,36.00,262.00,36.00,262.00,126.00,182.00,126.00
187.00,37.00,266.00,37.00,266.00,126.00,187.00,126.00
186.00,37.00,265.00,37.00,265.00,126.00,186.00,126.00
187.00,37.00,266.00,37.00,266.00,126.00,187.00,126.00
188.00,38.00,266.00,38.00,266.00,126.00,188.00,126.00
187.00,40.00,266.00,40.00,266.00,125.00,187.00,125.00
192.00,42.00,268.00,42.00,268.00,125.00,192.00,125.00
196.00,38.00,270.00,38.00,270.00,122.00,196.00,122.00
196.00,37.00,270.00,37.00,270.00,122.00,196.00,122.00
198.00,43.00,272.00,43.00,272.00,123.00,198.00,123.00
199.00,42.00,272.00,42.00,272.00,122.00,199.00,122.00
203.00,44.00,273.00,44.00,273.00,123.00,203.00,123.00
204.00,44.00,275.00,44.00,275.00,123.00,204.00,123.00
204.00,47.00,276.00,47.00,276.00,125.00,204.00,125.00
205.00,46.00,276.00,46.00,276.00,124.00,205.00,124.00
205.00,44.00,278.00,44.00,278.00,122.00,205.00,122.00
207.00,44.00,279.00,44.00,279.00,124.00,207.00,124.00
209.00,43.00,279.00,43.00,279.00,124.00,209.00,124.00
210.00,44.00,280.00,44.00,280.00,126.00,210.00,126.00
207.00,42.00,278.00,42.00,278.00,123.00,207.00,123.00
207.00,42.00,278.00,42.00,278.00,124.00,207.00,124.00
206.00,39.00,277.00,39.00,277.00,122.00,206.00,122.00
205.00,36.00,276.00,36.00,276.00,119.00,205.00,119.00
205.00,40.00,276.00,40.00,276.00,121.00,205.00,121.00
204.00,38.00,273.00,38.00,273.00,118.00,204.00,118.00
202.00,43.00,272.00,43.00,272.00,120.00,202.00,120.00
202.00,39.00,271.00,39.00,271.00,117.00,202.00,117.00
198.00,41.00,270.00,41.00,270.00,118.00,198.00,118.00
198.00,36.00,267.00,36.00,267.00,116.00,198.00,116.00
196.00,36.00,267.00,36.00,267.00,121.00,196.00,121.00
197.00,40.00,268.00,40.00,268.00,124.00,197.00,124.00
194.00,36.00,265.00,36.00,265.00,120.00,194.00,120.00
194.00,41.00,268.00,41.00,268.00,123.00,194.00,123.00
194.00,40.00,267.00,40.00,267.00,120.00,194.00,120.00
192.00,40.00,266.00,40.00,266.00,119.00,192.00,119.00
189.00,43.00,265.00,43.00,265.00,122.00,189.00,122.00
187.00,47.00,265.00,47.00,265.00,124.00,187.00,124.00
184.00,42.00,261.00,42.00,261.00,122.00,184.00,122.00
180.00,43.00,257.00,43.00,257.00,124.00,180.00,124.00
178.00,47.00,253.00,47.00,253.00,128.00,178.00,128.00
175.00,51.00,246.00,51.00,246.00,131.00,175.00,131.00
171.00,54.00,244.00,54.00,244.00,134.00,171.00,134.00
165.00,60.00,238.00,60.00,238.00,136.00,165.00,136.00
163.00,59.00,235.00,59.00,235.00,134.00,163.00,134.00
153.00,61.00,226.00,61.00,226.00,134.00,153.00,134.00
149.00,61.00,224.00,61.00,224.00,136.00,149.00,136.00
147.00,61.00,223.00,61.00,223.00,138.00,147.00,138.00
144.00,55.00,222.00,55.00,222.00,139.00,144.00,139.00
142.00,57.00,221.00,57.00,221.00,140.00,142.00,140.00
139.00,62.00,220.00,62.00,220.00,142.00,139.00,142.00
133.00,64.00,216.00,64.00,216.00,144.00,133.00,144.00
134.00,65.00,214.00,65.00,214.00,144.00,134.00,144.00
129.00,68.00,210.00,68.00,210.00,147.00,129.00,147.00
127.00,70.00,208.00,70.00,208.00,149.00,127.00,149.00
125.00,73.00,205.00,73.00,205.00,151.00,125.00,151.00
124.00,72.00,203.00,72.00,203.00,151.00,124.00,151.00
122.00,73.00,201.00,73.00,201.00,154.00,122.00,154.00
119.00,79.00,200.00,79.00,200.00,157.00,119.00,157.00
117.00,74.00,199.00,74.00,199.00,155.00,117.00,155.00
111.00,75.00,196.00,75.00,196.00,157.00,111.00,157.00
107.00,77.00,193.00,77.00,193.00,159.00,107.00,159.00
103.00,81.00,189.00,81.00,189.00,164.00,103.00,164.00
98.00,85.00,184.00,85.00,184.00,167.00,98.00,167.00
97.00,87.00,183.00,87.00,183.00,170.00,97.00,170.00
95.00,86.00,182.00,86.00,182.00,170.00,95.00,170.00
97.00,83.00,181.00,83.00,181.00,169.00,97.00,169.00
96.00,81.00,180.00,81.00,180.00,169.00,96.00,169.00
94.00,86.00,178.00,86.00,178.00,175.00,94.00,175.00
94.00,86.00,177.00,86.00,177.00,176.00,94.00,176.00
95.00,90.00,175.00,90.00,175.00,177.00,95.00,177.00
92.00,95.00,174.00,95.00,174.00,184.00,92.00,184.00
91.00,98.00,174.00,98.00,174.00,187.00,91.00,187.00
93.00,100.00,173.00,100.00,173.00,186.00,93.00,186.00
87.00,107.00,170.00,107.00,170.00,191.00,87.00,191.00
88.00,109.00,169.00,109.00,169.00,193.00,88.00,193.00
88.00,112.00,167.00,112.00,167.00,197.00,88.00,197.00
91.00,122.00,168.00,122.00,168.00,197.00,91.00,197.00
94.00,127.00,172.00,127.00,172.00,197.00,94.00,197.00
94.00,127.00,175.00,127.00,175.00,197.00,94.00,197.00
97.00,128.00,178.00,128.00,178.00,199.00,97.00,199.00
102.00,125.00,183.00,125.00,183.00,198.00,102.00,198.00
107.00,126.00,189.00,126.00,189.00,199.00,107.00,199.00
111.00,122.00,194.00,122.00,194.00,198.00,111.00,198.00
115.00,120.00,196.00,120.00,196.00,197.00,115.00,197.00
119.00,116.00,198.00,116.00,198.00,192.00,119.00,192.00
123.00,114.00,199.00,114.00,199.00,191.00,123.00,191.00
126.00,109.00,202.00,109.00,202.00,190.00,126.00,190.00
128.00,110.00,201.00,110.00,201.00,189.00,128.00,189.00
128.00,110.00,203.00,110.00,203.00,185.00,128.00,185.00
133.00,111.00,206.00,111.00,206.00,183.00,133.00,183.00
139.00,111.00,211.00,111.00,211.00,184.00,139.00,184.00
143.00,108.00,213.00,108.00,213.00,181.00,143.00,181.00
153.00,94.00,223.00,94.00,223.00,171.00,153.00,171.00
158.00,92.00,225.00,92.00,225.00,171.00,158.00,171.00
164.00,89.00,231.00,89.00,231.00,166.00,164.00,166.00
166.00,78.00,235.00,78.00,235.00,156.00,166.00,156.00
172.00,69.00,239.00,69.00,239.00,147.00,172.00,147.00
180.00,64.00,250.00,64.00,250.00,142.00,180.00,142.00
182.00,59.00,254.00,59.00,254.00,137.00,182.00,137.00
186.00,57.00,258.00,57.00,258.00,135.00,186.00,135.00
192.00,59.00,263.00,59.00,263.00,135.00,192.00,135.00
190.00,53.00,262.00,53.00,262.00,128.00,190.00,128.00
195.00,50.00,266.00,50.00,266.00,126.00,195.00,126.00
194.00,54.00,264.00,54.00,264.00,129.00,194.00,129.00
198.00,60.00,269.00,60.00,269.00,133.00,198.00,133.00
203.00,64.00,271.00,64.00,271.00,138.00,203.00,138.00
211.00,66.00,276.00,66.00,276.00,142.00,211.00,142.00
217.00,70.00,280.00,70.00,280.00,143.00,217.00,143.00
219.00,71.00,280.00,71.00,280.00,144.00,219.00,144.00
217.00,74.00,280.00,74.00,280.00,147.00,217.00,147.00
212.00,78.00,278.00,78.00,278.00,149.00,212.00,149.00
216.00,73.00,280.00,73.00,280.00,145.00,216.00,145.00
221.00,73.00,285.00,73.00,285.00,149.00,221.00,149.00
225.00,78.00,287.00,78.00,287.00,153.00,225.00,153.00
229.00,79.00,290.00,79.00,290.00,154.00,229.00,154.00
229.00,81.00,290.00,81.00,290.00,154.00,229.00,154.00
233.00,81.00,291.00,81.00,291.00,153.00,233.00,153.00
228.00,81.00,288.00,81.00,288.00,154.00,228.00,154.00
228.00,86.00,289.00,86.00,289.00,158.00,228.00,158.00
221.00,83.00,286.00,83.00,286.00,158.00,221.00,158.00
219.00,85.00,284.00,85.00,284.00,160.00,219.00,160.00
216.00,86.00,284.00,86.00,284.00,160.00,216.00,160.00
215.00,84.00,283.00,84.00,283.00,159.00,215.00,159.00
213.00,90.00,280.00,90.00,280.00,166.00,213.00,166.00
211.00,91.00,283.00,91.00,283.00,166.00,211.00,166.00
210.00,104.00,281.00,104.00,281.00,175.00,210.00,175.00
208.00,100.00,279.00,100.00,279.00,173.00,208.00,173.00
209.00,101.00,280.00,101.00,280.00,175.00,209.00,175.00
206.00,91.00,278.00,91.00,278.00,170.00,206.00,170.00
205.00,105.00,271.00,105.00,271.00,182.00,205.00,182.00
208.00,128.00,270.00,128.00,270.00,199.00,208.00,199.00
207.00,131.00,270.00,131.00,270.00,200.00,207.00,200.00
208.00,132.00,271.00,132.00,271.00,199.00,208.00,199.00
210.00,133.00,272.00,133.00,272.00,203.00,210.00,203.00
209.00,135.00,270.00,135.00,270.00,207.00,209.00,207.00
211.00,137.00,273.00,137.00,273.00,206.00,211.00,206.00
211.00,140.00,273.00,140.00,273.00,208.00,211.00,208.00
212.00,144.00,274.00,144.00,274.00,211.00,212.00,211.00
209.00,143.00,271.00,143.00,271.00,212.00,209.00,212.00
211.00,143.00,270.00,143.00,270.00,209.00,211.00,209.00
213.00,142.00,272.00,142.00,272.00,208.00,213.00,208.00
211.00,148.00,271.00,148.00,271.00,213.00,211.00,213.00
215.00,144.00,273.00,144.00,273.00,207.00,215.00,207.00
214.00,147.00,273.00,147.00,273.00,211.00,214.00,211.00
212.00,145.00,272.00,145.00,272.00,210.00,212.00,210.00
213.00,145.00,273.00,145.00,273.00,208.00,213.00,208.00
211.00,144.00,271.00,144.00,271.00,207.00,211.00,207.00
209.00,138.00,268.00,138.00,268.00,202.00,209.00,202.00
207.00,138.00,266.00,138.00,266.00,201.00,207.00,201.00
204.00,132.00,264.00,132.00,264.00,195.00,204.00,195.00
202.00,133.00,263.00,133.00,263.00,196.00,202.00,196.00
200.00,137.00,262.00,137.00,262.00,200.00,200.00,200.00
195.00,128.00,256.00,128.00,256.00,194.00,195.00,194.00
194.00,127.00,252.00,127.00,252.00,192.00,194.00,192.00
192.00,125.00,251.00,125.00,251.00,189.00,192.00,189.00
187.00,126.00,247.00,126.00,247.00,191.00,187.00,191.00
179.00,124.00,240.00,124.00,240.00,190.00,179.00,190.00
176.00,116.00,237.00,116.00,237.00,184.00,176.00,184.00
174.00,114.00,233.00,114.00,233.00,185.00,174.00,185.00
176.00,110.00,232.00,110.00,232.00,184.00,176.00,184.00
175.00,108.00,230.00,108.00,230.00,183.00,175.00,183.00
173.00,108.00,229.00,108.00,229.00,184.00,173.00,184.00
169.00,99.00,225.00,99.00,225.00,177.00,169.00,177.00
171.00,97.00,228.00,97.00,228.00,174.00,171.00,174.00
161.00,91.00,221.00,91.00,221.00,168.00,161.00,168.00
160.00,87.00,220.00,87.00,220.00,162.00,160.00,162.00
155.00,85.00,214.00,85.00,214.00,161.00,155.00,161.00
147.00,81.00,209.00,81.00,209.00,155.00,147.00,155.00
141.00,83.00,205.00,83.00,205.00,153.00,141.00,153.00
135.00,77.00,201.00,77.00,201.00,150.00,135.00,150.00
131.00,76.00,198.00,76.00,198.00,147.00,131.00,147.00
125.00,75.00,193.00,75.00,193.00,146.00,125.00,146.00
127.00,69.00,196.00,69.00,196.00,142.00,127.00,142.00
120.00,66.00,189.00,66.00,189.00,138.00,120.00,138.00
119.00,68.00,188.00,68.00,188.00,140.00,119.00,140.00
113.00,68.00,184.00,68.00,184.00,141.00,113.00,141.00
109.00,63.00,179.00,63.00,179.00,140.00,109.00,140.00
105.00,54.00,174.00,54.00,174.00,137.00,105.00,137.00
102.00,52.00,173.00,52.00,173.00,138.00,102.00,138.00
100.00,46.00,172.00,46.00,172.00,135.00,100.00,135.00
95.00,38.00,169.00,38.00,169.00,129.00,95.00,129.00
95.00,38.00,169.00,38.00,169.00,126.00,95.00,126.00
98.00,39.00,170.00,39.00,170.00,124.00,98.00,124.00
95.00,35.00,167.00,35.00,167.00,124.00,95.00,124.00
91.00,33.00,166.00,33.00,166.00,126.00,91.00,126.00
84.00,35.00,164.00,35.00,164.00,119.00,84.00,119.00
78.00,35.00,159.00,35.00,159.00,117.00,78.00,117.00
72.00,35.00,153.00,35.00,153.00,116.00,72.00,116.00
68.00,38.00,147.00,38.00,147.00,118.00,68.00,118.00
66.00,35.00,146.00,35.00,146.00,115.00,66.00,115.00
62.00,38.00,145.00,38.00,145.00,118.00,62.00,118.00
60.00,39.00,145.00,39.00,145.00,119.00,60.00,119.00
59.00,41.00,141.00,41.00,141.00,123.00,59.00,123.00
57.00,43.00,137.00,43.00,137.00,125.00,57.00,125.00
54.00,42.00,136.00,42.00,136.00,128.00,54.00,128.00
54.00,46.00,133.00,46.00,133.00,131.00,54.00,131.00
55.00,49.00,134.00,49.00,134.00,133.00,55.00,133.00
57.00,48.00,137.00,48.00,137.00,132.00,57.00,132.00
56.00,50.00,138.00,50.00,138.00,135.00,56.00,135.00
58.00,52.00,138.00,52.00,138.00,137.00,58.00,137.00
61.00,56.00,139.00,56.00,139.00,141.00,61.00,141.00
64.00,61.00,140.00,61.00,140.00,142.00,64.00,142.00
65.00,63.00,143.00,63.00,143.00,143.00,65.00,143.00
67.00,65.00,147.00,65.00,147.00,141.00,67.00,141.00
69.00,62.00,150.00,62.00,150.00,139.00,69.00,139.00
70.00,62.00,154.00,62.00,154.00,141.00,70.00,141.00
71.00,62.00,158.00,62.00,158.00,141.00,71.00,141.00
73.00,60.00,160.00,60.00,160.00,141.00,73.00,141.00
77.00,59.00,165.00,59.00,165.00,141.00,77.00,141.00
76.00,60.00,166.00,60.00,166.00,142.00,76.00,142.00
76.00,63.00,167.00,63.00,167.00,142.00,76.00,142.00
77.00,60.00,171.00,60.00,171.00,142.00,77.00,142.00
83.00,57.00,175.00,57.00,175.00,145.00,83.00,145.00
86.00,56.00,176.00,56.00,176.00,143.00,86.00,143.00
93.00,58.00,177.00,58.00,177.00,143.00,93.00,143.00
98.00,55.00,181.00,55.00,181.00,141.00,98.00,141.00
102.00,54.00,183.00,54.00,183.00,146.00,102.00,146.00
103.00,59.00,183.00,59.00,183.00,151.00,103.00,151.00
106.00,61.00,186.00,61.00,186.00,146.00,106.00,146.00
104.00,65.00,187.00,65.00,187.00,151.00,104.00,151.00
106.00,65.00,188.00,65.00,188.00,151.00,106.00,151.00
106.00,70.00,187.00,70.00,187.00,154.00,106.00,154.00
111.00,74.00,191.00,74.00,191.00,153.00,111.00,153.00
115.00,75.00,194.00,75.00,194.00,153.00,115.00,153.00
115.00,84.00,196.00,84.00,196.00,159.00,115.00,159.00
115.00,87.00,199.00,87.00,199.00,164.00,115.00,164.00
121.00,84.00,207.00,84.00,207.00,163.00,121.00,163.00
126.00,84.00,213.00,84.00,213.00,165.00,126.00,165.00
131.00,87.00,216.00,87.00,216.00,171.00,131.00,171.00
137.00,90.00,220.00,90.00,220.00,173.00,137.00,173.00
142.00,92.00,225.00,92.00,225.00,179.00,142.00,179.00
145.00,87.00,229.00,87.00,229.00,179.00,145.00,179.00
149.00,88.00,231.00,88.00,231.00,182.00,149.00,182.00
152.00,91.00,234.00,91.00,234.00,182.00,152.00,182.00
155.00,96.00,238.00,96.00,238.00,184.00,155.00,184.00
159.00,99.00,242.00,99.00,242.00,183.00,159.00,183.00
162.00,103.00,245.00,103.00,245.00,185.00,162.00,185.00
169.00,99.00,250.00,99.00,250.00,180.00,169.00,180.00
173.00,97.00,252.00,97.00,252.00,180.00,173.00,180.00
186.00,108.00,265.00,108.00,265.00,189.00,186.00,189.00
221.00,129.00,304.00,129.00,304.00,209.00,221.00,209.00
235.00,139.00,318.00,139.00,318.00,217.00,235.00,217.00
234.00,142.00,314.00,142.00,314.00,229.00,234.00,229.00
237.00,138.00,319.00,138.00,319.00,216.00,237.00,216.00
236.00,136.00,321.00,136.00,321.00,216.00,236.00,216.00
229.00,122.00,310.00,122.00,310.00,202.00,229.00,202.00
228.00,120.00,306.00,120.00,306.00,196.00,228.00,196.00
231.00,121.00,311.00,121.00,311.00,200.00,231.00,200.00
237.00,129.00,319.00,129.00,319.00,209.00,237.00,209.00
241.00,131.00,325.00,131.00,325.00,212.00,241.00,212.00
239.00,133.00,322.00,133.00,322.00,214.00,239.00,214.00
244.00,133.00,324.00,133.00,324.00,212.00,244.00,212.00
239.00,135.00,322.00,135.00,322.00,216.00,239.00,216.00
223.00,123.00,298.00,123.00,298.00,201.00,223.00,201.00
230.00,126.00,308.00,126.00,308.00,206.00,230.00,206.00
232.00,128.00,311.00,128.00,311.00,211.00,232.00,211.00
236.00,126.00,312.00,126.00,312.00,209.00,236.00,209.00
236.00,118.00,309.00,118.00,309.00,201.00,236.00,201.00
237.00,114.00,309.00,114.00,309.00,200.00,237.00,200.00
237.00,106.00,308.00,106.00,308.00,189.00,237.00,189.00
237.00,94.00,306.00,94.00,306.00,176.00,237.00,176.00
235.00,84.00,305.00,84.00,305.00,164.00,235.00,164.00
234.00,77.00,304.00,77.00,304.00,159.00,234.00,159.00
234.00,68.00,303.00,68.00,303.00,151.00,234.00,151.00
222.00,70.00,296.00,70.00,296.00,154.00,222.00,154.00
217.00,64.00,295.00,64.00,295.00,145.00,217.00,145.00
211.00,57.00,288.00,57.00,288.00,137.00,211.00,137.00
205.00,58.00,282.00,58.00,282.00,138.00,205.00,138.00
200.00,51.00,278.00,51.00,278.00,131.00,200.00,131.00
196.00,50.00,277.00,50.00,277.00,132.00,196.00,132.00
194.00,47.00,274.00,47.00,274.00,131.00,194.00,131.00
192.00,51.00,273.00,51.00,273.00,132.00,192.00,132.00
193.00,52.00,275.00,52.00,275.00,133.00,193.00,133.00
194.00,52.00,276.00,52.00,276.00,133.00,194.00,133.00
190.00,49.00,271.00,49.00,271.00,129.00,190.00,129.00
182.00,49.00,263.00,49.00,263.00,128.00,182.00,128.00
180.00,49.00,260.00,49.00,260.00,128.00,180.00,128.00
177.00,44.00,254.00,44.00,254.00,127.00,177.00,127.00
171.00,47.00,244.00,47.00,244.00,130.00,171.00,130.00
164.00,55.00,237.00,55.00,237.00,135.00,164.00,135.00
156.00,52.00,228.00,52.00,228.00,132.00,156.00,132.00
153.00,52.00,227.00,52.00,227.00,132.00,153.00,132.00
146.00,56.00,222.00,56.00,222.00,135.00,146.00,135.00
140.00,53.00,217.00,53.00,217.00,133.00,140.00,133.00
140.00,52.00,214.00,52.00,214.00,132.00,140.00,132.00
134.00,55.00,210.00,55.00,210.00,134.00,134.00,134.00
130.00,51.00,209.00,51.00,209.00,132.00,130.00,132.00
130.00,47.00,210.00,47.00,210.00,130.00,130.00,130.00
127.00,47.00,208.00,47.00,208.00,129.00,127.00,129.00
127.00,44.00,206.00,44.00,206.00,127.00,127.00,127.00
126.00,39.00,206.00,39.00,206.00,125.00,126.00,125.00
125.00,45.00,204.00,45.00,204.00,128.00,125.00,128.00
124.00,42.00,203.00,42.00,203.00,126.00,124.00,126.00
119.00,45.00,199.00,45.00,199.00,128.00,119.00,128.00
116.00,43.00,197.00,43.00,197.00,128.00,116.00,128.00
114.00,44.00,196.00,44.00,196.00,132.00,114.00,132.00
112.00,44.00,193.00,44.00,193.00,133.00,112.00,133.00
114.00,42.00,194.00,42.00,194.00,133.00,114.00,133.00
