1
261.00,112.00,380.00,112.00,380.00,209.00,261.00,209.00
261.00,112.00,380.00,112.00,380.00,211.00,261.00,211.00
262.00,115.00,380.00,115.00,380.00,212.00,262.00,212.00
262.00,116.00,379.00,116.00,379.00,214.00,262.00,214.00
264.00,118.00,379.00,118.00,379.00,215.00,264.00,215.00
263.00,118.00,380.00,118.00,380.00,216.00,263.00,216.00
267.00,119.00,383.00,119.00,383.00,218.00,267.00,218.00
268.00,119.00,385.00,119.00,385.00,219.00,268.00,219.00
275.00,119.00,390.00,119.00,390.00,220.00,275.00,220.00
275.00,120.00,391.00,120.00,391.00,220.00,275.00,220.00
278.00,120.00,393.00,120.00,393.00,222.00,278.00,222.00
281.00,120.00,398.00,120.00,398.00,224.00,281.00,224.00
283.00,121.00,400.00,121.00,400.00,225.00,283.00,225.00
280.00,120.00,399.00,120.00,399.00,226.00,280.00,226.00
284.00,123.00,410.00,123.00,410.00,226.00,284.00,226.00
290.00,123.00,409.00,123.00,409.00,231.00,290.00,231.00
302.00,127.00,421.00,127.00,421.00,237.00,302.00,237.00
310.00,128.00,431.00,128.00,431.00,239.00,310.00,239.00
310.00,131.00,429.00,131.00,429.00,241.00,310.00,241.00
314.00,133.00,435.00,133.00,435.00,242.00,314.00,242.00
314.00,142.00,437.00,142.00,437.00,244.00,314.00,244.00
315.00,137.00,435.00,137.00,435.00,243.00,315.00,243.00
314.00,139.00,438.00,139.00,438.00,242.00,314.00,242.00
319.00,140.00,443.00,140.00,443.00,245.00,319.00,245.00
313.00,143.00,438.00,143.00,438.00,247.00,313.00,247.00
317.00,145.00,439.00,145.00,439.00,246.00,317.00,246.00
318.00,146.00,440.00,146.00,440.00,248.00,318.00,248.00
320.00,143.00,442.00,143.00,442.00,246.00,320.00,246.00
319.00,145.00,438.00,145.00,438.00,246.00,319.00,246.00
321.00,140.00,442.00,140.00,442.00,244.00,321.00,244.00
326.00,134.00,450.00,134.00,450.00,242.00,326.00,242.00
326.00,134.00,453.00,134.00,453.00,246.00,326.00,246.00
329.00,132.00,453.00,132.00,453.00,241.00,329.00,241.00
335.00,130.00,458.00,130.00,458.00,238.00,335.00,238.00
340.00,130.00,461.00,130.00,461.00,238.00,340.00,238.00
344.00,126.00,464.00,126.00,464.00,235.00,344.00,235.00
344.00,127.00,465.00,127.00,465.00,236.00,344.00,236.00
344.00,127.00,465.00,127.00,465.00,237.00,344.00,237.00
350.00,125.00,468.00,125.00,468.00,237.00,350.00,237.00
348.00,123.00,463.00,123.00,463.00,235.00,348.00,235.00
346.00,120.00,460.00,120.00,460.00,233.00,346.00,233.00
345.00,120.00,461.00,120.00,461.00,233.00,345.00,233.00
351.00,124.00,465.00,124.00,465.00,236.00,351.00,236.00
346.00,122.00,459.00,122.00,459.00,232.00,346.00,232.00
346.00,124.00,461.00,124.00,461.00,236.00,346.00,236.00
351.00,128.00,463.00,128.00,463.00,237.00,351.00,237.00
349.00,129.00,463.00,129.00,463.00,238.00,349.00,238.00
349.00,129.00,463.00,129.00,463.00,237.00,349.00,237.00
349.00,132.00,461.00,132.00,461.00,237.00,349.00,237.00
354.00,138.00,468.00,138.00,468.00,245.00,354.00,245.00
360.00,141.00,471.00,141.00,471.00,246.00,360.00,246.00
364.00,145.00,474.00,145.00,474.00,248.00,364.00,248.00
360.00,145.00,472.00,145.00,472.00,247.00,360.00,247.00
367.00,148.00,475.00,148.00,475.00,247.00,367.00,247.00
364.00,146.00,474.00,146.00,474.00,244.00,364.00,244.00
366.00,147.00,474.00,147.00,474.00,243.00,366.00,243.00
368.00,149.00,473.00,149.00,473.00,245.00,368.00,245.00
366.00,152.00,470.00,152.00,470.00,244.00,366.00,244.00
367.00,152.00,470.00,152.00,470.00,241.00,367.00,241.00
368.00,152.00,469.00,152.00,469.00,240.00,368.00,240.00
367.00,151.00,468.00,151.00,468.00,236.00,367.00,236.00
363.00,148.00,464.00,148.00,464.00,232.00,363.00,232.00
362.00,148.00,463.00,148.00,463.00,230.00,362.00,230.00
357.00,144.00,460.00,144.00,460.00,226.00,357.00,226.00
356.00,143.00,457.00,143.00,457.00,222.00,356.00,222.00
352.00,143.00,451.00,143.00,451.00,218.00,352.00,218.00
352.00,142.00,449.00,142.00,449.00,216.00,352.00,216.00
338.00,142.00,441.00,142.00,441.00,222.00,338.00,222.00
348.00,145.00,444.00,145.00,444.00,217.00,348.00,217.00
351.00,146.00,444.00,146.00,444.00,216.00,351.00,216.00
344.00,145.00,446.00,145.00,446.00,224.00,344.00,224.00
329.00,145.00,432.00,145.00,432.00,225.00,329.00,225.00
338.00,142.00,440.00,142.00,440.00,221.00,338.00,221.00
340.00,140.00,442.00,140.00,442.00,219.00,340.00,219.00
332.00,136.00,434.00,136.00,434.00,215.00,332.00,215.00
334.00,135.00,436.00,135.00,436.00,215.00,334.00,215.00
330.00,137.00,432.00,137.00,432.00,217.00,330.00,217.00
329.00,132.00,431.00,132.00,431.00,212.00,329.00,212.00
312.00,107.00,412.00,107.00,412.00,186.00,312.00,186.00
2
0
0
0
0
1
346.00,129.00,370.00,129.00,370.00,172.00,346.00,172.00
345.00,128.00,370.00,128.00,370.00,172.00,345.00,172.00
343.00,129.00,367.00,129.00,367.00,171.00,343.00,171.00
342.00,126.00,366.00,126.00,366.00,168.00,342.00,168.00
342.00,126.00,365.00,126.00,365.00,168.00,342.00,168.00
342.00,124.00,365.00,124.00,365.00,168.00,342.00,168.00
341.00,124.00,365.00,124.00,365.00,168.00,341.00,168.00
341.00,123.00,365.00,123.00,365.00,167.00,341.00,167.00
339.00,122.00,362.00,122.00,362.00,167.00,339.00,167.00
340.00,123.00,363.00,123.00,363.00,167.00,340.00,167.00
339.00,123.00,364.00,123.00,364.00,168.00,339.00,168.00
337.00,124.00,364.00,124.00,364.00,169.00,337.00,169.00
337.00,127.00,364.00,127.00,364.00,170.00,337.00,170.00
337.00,127.00,364.00,127.00,364.00,170.00,337.00,170.00
337.00,126.00,361.00,126.00,361.00,170.00,337.00,170.00
335.00,127.00,358.00,127.00,358.00,170.00,335.00,170.00
336.00,127.00,359.00,127.00,359.00,171.00,336.00,171.00
336.00,130.00,359.00,130.00,359.00,173.00,336.00,173.00
336.00,129.00,359.00,129.00,359.00,173.00,336.00,173.00
335.00,128.00,357.00,128.00,357.00,172.00,335.00,172.00
335.00,130.00,356.00,130.00,356.00,171.00,335.00,171.00
333.00,132.00,355.00,132.00,355.00,174.00,333.00,174.00
334.00,132.00,358.00,132.00,358.00,175.00,334.00,175.00
335.00,132.00,360.00,132.00,360.00,173.00,335.00,173.00
335.00,133.00,359.00,133.00,359.00,173.00,335.00,173.00
334.00,132.00,358.00,132.00,358.00,171.00,334.00,171.00
333.00,133.00,356.00,133.00,356.00,172.00,333.00,172.00
331.00,136.00,355.00,136.00,355.00,178.00,331.00,178.00
331.00,135.00,354.00,135.00,354.00,175.00,331.00,175.00
332.00,132.00,355.00,132.00,355.00,171.00,332.00,171.00
332.00,131.00,354.00,131.00,354.00,169.00,332.00,169.00
333.00,132.00,355.00,132.00,355.00,169.00,333.00,169.00
332.00,131.00,354.00,131.00,354.00,169.00,332.00,169.00
332.00,130.00,353.00,130.00,353.00,169.00,332.00,169.00
332.00,132.00,353.00,132.00,353.00,171.00,332.00,171.00
332.00,132.00,354.00,132.00,354.00,173.00,332.00,173.00
333.00,135.00,355.00,135.00,355.00,174.00,333.00,174.00
333.00,134.00,355.00,134.00,355.00,173.00,333.00,173.00
332.00,136.00,356.00,136.00,356.00,175.00,332.00,175.00
330.00,135.00,353.00,135.00,353.00,176.00,330.00,176.00
329.00,136.00,354.00,136.00,354.00,179.00,329.00,179.00
326.00,137.00,352.00,137.00,352.00,180.00,326.00,180.00
322.00,140.00,349.00,140.00,349.00,183.00,322.00,183.00
321.00,141.00,347.00,141.00,347.00,183.00,321.00,183.00
321.00,144.00,347.00,144.00,347.00,186.00,321.00,186.00
323.00,146.00,351.00,146.00,351.00,188.00,323.00,188.00
330.00,144.00,355.00,144.00,355.00,186.00,330.00,186.00
333.00,144.00,358.00,144.00,358.00,186.00,333.00,186.00
334.00,143.00,359.00,143.00,359.00,185.00,334.00,185.00
333.00,142.00,358.00,142.00,358.00,184.00,333.00,184.00
330.00,143.00,355.00,143.00,355.00,185.00,330.00,185.00
335.00,145.00,360.00,145.00,360.00,187.00,335.00,187.00
336.00,141.00,361.00,141.00,361.00,183.00,336.00,183.00
321.00,150.00,346.00,150.00,346.00,191.00,321.00,191.00
2
0
0
0
0
1
313.00,135.00,370.00,135.00,370.00,168.00,313.00,168.00
314.00,135.00,370.00,135.00,370.00,168.00,314.00,168.00
313.00,135.00,368.00,135.00,368.00,167.00,313.00,167.00
313.00,137.00,367.00,137.00,367.00,169.00,313.00,169.00
313.00,137.00,367.00,137.00,367.00,169.00,313.00,169.00
314.00,137.00,367.00,137.00,367.00,168.00,314.00,168.00
315.00,137.00,366.00,137.00,366.00,170.00,315.00,170.00
318.00,137.00,368.00,137.00,368.00,170.00,318.00,170.00
319.00,138.00,370.00,138.00,370.00,172.00,319.00,172.00
320.00,138.00,371.00,138.00,371.00,172.00,320.00,172.00
319.00,140.00,372.00,140.00,372.00,172.00,319.00,172.00
319.00,141.00,371.00,141.00,371.00,172.00,319.00,172.00
317.00,143.00,369.00,143.00,369.00,174.00,317.00,174.00
314.00,145.00,373.00,145.00,373.00,176.00,314.00,176.00
311.00,146.00,370.00,146.00,370.00,177.00,311.00,177.00
318.00,144.00,367.00,144.00,367.00,175.00,318.00,175.00
317.00,145.00,366.00,145.00,366.00,175.00,317.00,175.00
313.00,147.00,371.00,147.00,371.00,178.00,313.00,178.00
315.00,149.00,372.00,149.00,372.00,179.00,315.00,179.00
318.00,147.00,375.00,147.00,375.00,177.00,318.00,177.00
317.00,142.00,374.00,142.00,374.00,172.00,317.00,172.00
315.00,142.00,373.00,142.00,373.00,173.00,315.00,173.00
317.00,144.00,375.00,144.00,375.00,175.00,317.00,175.00
355.00,146.00,412.00,146.00,412.00,176.00,355.00,176.00
354.00,127.00,410.00,127.00,410.00,157.00,354.00,157.00
346.00,133.00,401.00,133.00,401.00,163.00,346.00,163.00
369.00,116.00,424.00,116.00,424.00,146.00,369.00,146.00
367.00,121.00,422.00,121.00,422.00,151.00,367.00,151.00
368.00,119.00,423.00,119.00,423.00,149.00,368.00,149.00
360.00,143.00,415.00,143.00,415.00,173.00,360.00,173.00
361.00,123.00,417.00,123.00,417.00,154.00,361.00,154.00
358.00,119.00,414.00,119.00,414.00,150.00,358.00,150.00
358.00,121.00,413.00,121.00,413.00,152.00,358.00,152.00
366.00,117.00,421.00,117.00,421.00,148.00,366.00,148.00
370.00,113.00,426.00,113.00,426.00,144.00,370.00,144.00
378.00,115.00,434.00,115.00,434.00,146.00,378.00,146.00
371.00,113.00,428.00,113.00,428.00,144.00,371.00,144.00
375.00,115.00,431.00,115.00,431.00,139.00,375.00,139.00
380.00,114.00,434.00,114.00,434.00,137.00,380.00,137.00
383.00,112.00,436.00,112.00,436.00,135.00,383.00,135.00
389.00,110.00,440.00,110.00,440.00,133.00,389.00,133.00
389.00,109.00,443.00,109.00,443.00,132.00,389.00,132.00
395.00,107.00,448.00,107.00,448.00,132.00,395.00,132.00
396.00,105.00,450.00,105.00,450.00,130.00,396.00,130.00
396.00,103.00,450.00,103.00,450.00,130.00,396.00,130.00
396.00,102.00,453.00,102.00,453.00,129.00,396.00,129.00
400.00,100.00,457.00,100.00,457.00,127.00,400.00,127.00
400.00,99.00,459.00,99.00,459.00,126.00,400.00,126.00
403.00,99.00,463.00,99.00,463.00,125.00,403.00,125.00
409.00,97.00,467.00,97.00,467.00,123.00,409.00,123.00
413.00,96.00,471.00,96.00,471.00,121.00,413.00,121.00
417.00,95.00,475.00,95.00,475.00,120.00,417.00,120.00
418.00,92.00,475.00,92.00,475.00,118.00,418.00,118.00
419.00,92.00,475.00,92.00,475.00,119.00,419.00,119.00
418.00,95.00,473.00,95.00,473.00,122.00,418.00,122.00
430.00,101.00,481.00,101.00,481.00,127.00,430.00,127.00
430.00,103.00,480.00,103.00,480.00,129.00,430.00,129.00
428.00,103.00,481.00,103.00,481.00,131.00,428.00,131.00
424.00,105.00,479.00,105.00,479.00,133.00,424.00,133.00
422.00,106.00,475.00,106.00,475.00,133.00,422.00,133.00
421.00,106.00,473.00,106.00,473.00,134.00,421.00,134.00
418.00,105.00,471.00,105.00,471.00,133.00,418.00,133.00
418.00,106.00,470.00,106.00,470.00,134.00,418.00,134.00
415.00,106.00,467.00,106.00,467.00,132.00,415.00,132.00
420.00,112.00,473.00,112.00,473.00,136.00,420.00,136.00
429.00,113.00,479.00,113.00,479.00,140.00,429.00,140.00
429.00,113.00,478.00,113.00,478.00,141.00,429.00,141.00
432.00,116.00,481.00,116.00,481.00,143.00,432.00,143.00
434.00,118.00,483.00,118.00,483.00,145.00,434.00,145.00
435.00,120.00,483.00,120.00,483.00,146.00,435.00,146.00
434.00,120.00,483.00,120.00,483.00,146.00,434.00,146.00
433.00,122.00,484.00,122.00,484.00,149.00,433.00,149.00
435.00,124.00,486.00,124.00,486.00,152.00,435.00,152.00
437.00,126.00,488.00,126.00,488.00,155.00,437.00,155.00
438.00,127.00,488.00,127.00,488.00,155.00,438.00,155.00
434.00,126.00,485.00,126.00,485.00,152.00,434.00,152.00
438.00,130.00,488.00,130.00,488.00,155.00,438.00,155.00
444.00,132.00,492.00,132.00,492.00,159.00,444.00,159.00
440.00,130.00,491.00,130.00,491.00,158.00,440.00,158.00
446.00,134.00,495.00,134.00,495.00,161.00,446.00,161.00
447.00,132.00,497.00,132.00,497.00,160.00,447.00,160.00
451.00,134.00,500.00,134.00,500.00,161.00,451.00,161.00
455.00,136.00,503.00,136.00,503.00,163.00,455.00,163.00
456.00,136.00,503.00,136.00,503.00,163.00,456.00,163.00
457.00,135.00,504.00,135.00,504.00,162.00,457.00,162.00
455.00,132.00,503.00,132.00,503.00,159.00,455.00,159.00
458.00,134.00,504.00,134.00,504.00,161.00,458.00,161.00
457.00,133.00,504.00,133.00,504.00,160.00,457.00,160.00
459.00,133.00,505.00,133.00,505.00,160.00,459.00,160.00
455.00,130.00,502.00,130.00,502.00,157.00,455.00,157.00
458.00,132.00,504.00,132.00,504.00,159.00,458.00,159.00
455.00,131.00,502.00,131.00,502.00,159.00,455.00,159.00
445.00,124.00,486.00,124.00,486.00,151.00,445.00,151.00
445.00,125.00,486.00,125.00,486.00,152.00,445.00,152.00
444.00,126.00,484.00,126.00,484.00,152.00,444.00,152.00
437.00,145.00,478.00,145.00,478.00,166.00,437.00,166.00
436.00,149.00,477.00,149.00,477.00,170.00,436.00,170.00
436.00,136.00,477.00,136.00,477.00,157.00,436.00,157.00
431.00,136.00,472.00,136.00,472.00,157.00,431.00,157.00
429.00,143.00,470.00,143.00,470.00,164.00,429.00,164.00
427.00,145.00,469.00,145.00,469.00,167.00,427.00,167.00
423.00,148.00,465.00,148.00,465.00,170.00,423.00,170.00
422.00,150.00,464.00,150.00,464.00,172.00,422.00,172.00
419.00,152.00,461.00,152.00,461.00,174.00,419.00,174.00
433.00,164.00,475.00,164.00,475.00,186.00,433.00,186.00
433.00,165.00,475.00,165.00,475.00,187.00,433.00,187.00
445.00,178.00,487.00,178.00,487.00,200.00,445.00,200.00
425.00,161.00,466.00,161.00,466.00,183.00,425.00,183.00
420.00,173.00,461.00,173.00,461.00,195.00,420.00,195.00
431.00,188.00,472.00,188.00,472.00,210.00,431.00,210.00
425.00,197.00,466.00,197.00,466.00,219.00,425.00,219.00
424.00,195.00,466.00,195.00,466.00,219.00,424.00,219.00
419.00,193.00,464.00,193.00,464.00,217.00,419.00,217.00
419.00,190.00,464.00,190.00,464.00,214.00,419.00,214.00
418.00,188.00,463.00,188.00,463.00,213.00,418.00,213.00
415.00,187.00,463.00,187.00,463.00,212.00,415.00,212.00
412.00,185.00,461.00,185.00,461.00,209.00,412.00,209.00
409.00,183.00,459.00,183.00,459.00,208.00,409.00,208.00
406.00,182.00,455.00,182.00,455.00,207.00,406.00,207.00
403.00,180.00,450.00,180.00,450.00,204.00,403.00,204.00
400.00,178.00,447.00,178.00,447.00,202.00,400.00,202.00
398.00,177.00,447.00,177.00,447.00,201.00,398.00,201.00
396.00,176.00,443.00,176.00,443.00,199.00,396.00,199.00
393.00,174.00,440.00,174.00,440.00,198.00,393.00,198.00
391.00,173.00,439.00,173.00,439.00,197.00,391.00,197.00
390.00,172.00,437.00,172.00,437.00,196.00,390.00,196.00
389.00,171.00,437.00,171.00,437.00,194.00,389.00,194.00
387.00,170.00,438.00,170.00,438.00,193.00,387.00,193.00
385.00,170.00,437.00,170.00,437.00,192.00,385.00,192.00
383.00,169.00,435.00,169.00,435.00,191.00,383.00,191.00
382.00,169.00,434.00,169.00,434.00,189.00,382.00,189.00
380.00,168.00,430.00,168.00,430.00,187.00,380.00,187.00
2
0
0
0
0
1
396.00,157.00,462.00,157.00,462.00,249.00,396.00,249.00
395.00,156.00,460.00,156.00,460.00,248.00,395.00,248.00
395.00,157.00,459.00,157.00,459.00,250.00,395.00,250.00
393.00,159.00,459.00,159.00,459.00,250.00,393.00,250.00
392.00,160.00,459.00,160.00,459.00,251.00,392.00,251.00
392.00,160.00,460.00,160.00,460.00,253.00,392.00,253.00
391.00,159.00,458.00,159.00,458.00,253.00,391.00,253.00
391.00,158.00,456.00,158.00,456.00,251.00,391.00,251.00
390.00,160.00,452.00,160.00,452.00,253.00,390.00,253.00
389.00,162.00,451.00,162.00,451.00,257.00,389.00,257.00
389.00,163.00,450.00,163.00,450.00,256.00,389.00,256.00
388.00,165.00,456.00,165.00,456.00,261.00,388.00,261.00
388.00,167.00,456.00,167.00,456.00,263.00,388.00,263.00
388.00,164.00,456.00,164.00,456.00,259.00,388.00,259.00
384.00,170.00,451.00,170.00,451.00,263.00,384.00,263.00
371.00,185.00,437.00,185.00,437.00,277.00,371.00,277.00
349.00,183.00,414.00,183.00,414.00,274.00,349.00,274.00
350.00,183.00,414.00,183.00,414.00,273.00,350.00,273.00
368.00,184.00,433.00,184.00,433.00,275.00,368.00,275.00
361.00,191.00,426.00,191.00,426.00,282.00,361.00,282.00
407.00,204.00,472.00,204.00,472.00,295.00,407.00,295.00
426.00,217.00,490.00,217.00,490.00,307.00,426.00,307.00
426.00,221.00,490.00,221.00,490.00,311.00,426.00,311.00
2
0
0
