1
261.00,111.00,379.00,111.00,379.00,209.00,261.00,209.00
261.00,112.00,380.00,112.00,380.00,213.00,261.00,213.00
262.00,114.00,381.00,114.00,381.00,212.00,262.00,212.00
262.00,116.00,380.00,116.00,380.00,214.00,262.00,214.00
263.00,118.00,379.00,118.00,379.00,214.00,263.00,214.00
265.00,118.00,382.00,118.00,382.00,216.00,265.00,216.00
265.00,119.00,383.00,119.00,383.00,217.00,265.00,217.00
269.00,119.00,384.00,119.00,384.00,219.00,269.00,219.00
273.00,119.00,389.00,119.00,389.00,221.00,273.00,221.00
274.00,121.00,390.00,121.00,390.00,222.00,274.00,222.00
274.00,119.00,392.00,119.00,392.00,221.00,274.00,221.00
278.00,119.00,397.00,119.00,397.00,224.00,278.00,224.00
282.00,119.00,400.00,119.00,400.00,225.00,282.00,225.00
279.00,118.00,400.00,118.00,400.00,226.00,279.00,226.00
279.00,120.00,401.00,120.00,401.00,227.00,279.00,227.00
289.00,125.00,406.00,125.00,406.00,231.00,289.00,231.00
302.00,126.00,419.00,126.00,419.00,236.00,302.00,236.00
306.00,127.00,423.00,127.00,423.00,237.00,306.00,237.00
312.00,128.00,430.00,128.00,430.00,240.00,312.00,240.00
306.00,137.00,436.00,137.00,436.00,242.00,306.00,242.00
309.00,138.00,438.00,138.00,438.00,243.00,309.00,243.00
313.00,137.00,442.00,137.00,442.00,243.00,313.00,243.00
302.00,138.00,427.00,138.00,427.00,241.00,302.00,241.00
309.00,140.00,435.00,140.00,435.00,243.00,309.00,243.00
302.00,140.00,429.00,140.00,429.00,244.00,302.00,244.00
334.00,151.00,459.00,151.00,459.00,253.00,334.00,253.00
321.00,144.00,447.00,144.00,447.00,247.00,321.00,247.00
301.00,108.00,429.00,108.00,429.00,212.00,301.00,212.00
2
0
0
0
0
1
351.00,145.00,454.00,145.00,454.00,224.00,351.00,224.00
351.00,143.00,456.00,143.00,456.00,223.00,351.00,223.00
350.00,142.00,457.00,142.00,457.00,222.00,350.00,222.00
348.00,141.00,459.00,141.00,459.00,223.00,348.00,223.00
347.00,140.00,459.00,140.00,459.00,221.00,347.00,221.00
346.00,139.00,458.00,139.00,458.00,221.00,346.00,221.00
345.00,140.00,457.00,140.00,457.00,221.00,345.00,221.00
347.00,140.00,456.00,140.00,456.00,220.00,347.00,220.00
350.00,145.00,455.00,145.00,455.00,220.00,350.00,220.00
349.00,143.00,455.00,143.00,455.00,221.00,349.00,221.00
349.00,144.00,454.00,144.00,454.00,222.00,349.00,222.00
355.00,148.00,460.00,148.00,460.00,223.00,355.00,223.00
356.00,147.00,460.00,147.00,460.00,230.00,356.00,230.00
358.00,148.00,462.00,148.00,462.00,232.00,358.00,232.00
359.00,150.00,465.00,150.00,465.00,236.00,359.00,236.00
358.00,150.00,463.00,150.00,463.00,236.00,358.00,236.00
359.00,150.00,465.00,150.00,465.00,236.00,359.00,236.00
364.00,152.00,468.00,152.00,468.00,239.00,364.00,239.00
363.00,153.00,468.00,153.00,468.00,241.00,363.00,241.00
363.00,153.00,469.00,153.00,469.00,239.00,363.00,239.00
362.00,153.00,470.00,153.00,470.00,237.00,362.00,237.00
364.00,155.00,473.00,155.00,473.00,241.00,364.00,241.00
363.00,153.00,471.00,153.00,471.00,238.00,363.00,238.00
361.00,155.00,471.00,155.00,471.00,238.00,361.00,238.00
361.00,155.00,472.00,155.00,472.00,237.00,361.00,237.00
366.00,158.00,473.00,158.00,473.00,238.00,366.00,238.00
366.00,157.00,471.00,157.00,471.00,234.00,366.00,234.00
363.00,155.00,468.00,155.00,468.00,232.00,363.00,232.00
361.00,155.00,466.00,155.00,466.00,230.00,361.00,230.00
358.00,152.00,461.00,152.00,461.00,225.00,358.00,225.00
356.00,151.00,461.00,151.00,461.00,224.00,356.00,224.00
355.00,147.00,453.00,147.00,453.00,216.00,355.00,216.00
354.00,146.00,446.00,146.00,446.00,213.00,354.00,213.00
349.00,142.00,444.00,142.00,444.00,212.00,349.00,212.00
348.00,146.00,443.00,146.00,443.00,216.00,348.00,216.00
348.00,144.00,443.00,144.00,443.00,214.00,348.00,214.00
345.00,143.00,441.00,143.00,441.00,213.00,345.00,213.00
343.00,144.00,438.00,144.00,438.00,213.00,343.00,213.00
344.00,135.00,439.00,135.00,439.00,204.00,344.00,204.00
2
0
0
0
0
1
341.00,124.00,378.00,124.00,378.00,192.00,341.00,192.00
345.98,114.06,392.92,155.97,367.00,185.00,320.06,143.09
347.23,113.47,392.69,162.29,364.00,189.00,318.55,140.18
334.00,122.00,370.00,122.00,370.00,183.00,334.00,183.00
353.65,127.63,371.58,132.52,361.43,169.75,343.49,164.86
346.50,105.50,381.00,140.00,355.00,166.00,320.50,131.50
327.00,115.00,370.00,115.00,370.00,162.00,327.00,162.00
365.01,123.23,366.75,161.42,326.19,163.26,324.46,125.07
366.47,112.25,378.13,150.72,325.06,166.80,313.40,128.33
364.46,117.66,373.36,156.22,324.79,167.43,315.89,128.87
363.38,123.08,368.29,162.34,323.62,167.92,318.71,128.66
365.74,124.96,369.54,164.27,324.54,168.62,320.74,129.32
361.70,124.76,367.88,163.05,323.83,170.16,317.66,131.86
362.74,124.31,370.27,163.21,324.19,172.13,316.66,133.23
322.00,125.00,364.00,125.00,364.00,172.00,322.00,172.00
322.00,126.00,363.00,126.00,363.00,174.00,322.00,174.00
322.00,128.00,362.00,128.00,362.00,177.00,322.00,177.00
321.00,129.00,362.00,129.00,362.00,181.00,321.00,181.00
322.00,130.00,367.00,130.00,367.00,182.00,322.00,182.00
320.00,130.00,359.00,130.00,359.00,183.00,320.00,183.00
320.00,128.00,360.00,128.00,360.00,185.00,320.00,185.00
319.00,129.00,359.00,129.00,359.00,185.00,319.00,185.00
318.00,132.00,358.00,132.00,358.00,188.00,318.00,188.00
318.00,133.00,360.00,133.00,360.00,187.00,318.00,187.00
318.00,133.00,363.00,133.00,363.00,187.00,318.00,187.00
317.00,134.00,362.00,134.00,362.00,187.00,317.00,187.00
317.00,134.00,361.00,134.00,361.00,188.00,317.00,188.00
316.00,135.00,356.00,135.00,356.00,190.00,316.00,190.00
351.45,132.02,370.45,162.78,319.31,194.37,300.31,163.60
350.50,128.50,378.50,156.50,332.50,202.50,304.50,174.50
349.64,129.46,380.10,157.89,355.62,184.12,325.16,155.68
351.46,130.83,378.59,164.73,352.61,185.51,325.49,151.61
316.00,141.00,356.00,141.00,356.00,196.00,316.00,196.00
320.36,138.94,347.51,144.55,336.20,199.18,309.06,193.56
319.54,139.76,345.32,144.05,336.27,198.38,310.49,194.08
357.50,138.10,371.94,172.22,345.42,183.44,330.98,149.32
339.58,139.48,373.83,143.09,370.28,176.87,336.02,173.27
338.12,146.90,362.49,149.61,359.62,175.40,335.26,172.70
315.00,145.00,344.00,145.00,344.00,188.00,315.00,188.00
314.00,144.00,345.00,144.00,345.00,187.00,314.00,187.00
315.00,143.00,342.00,143.00,342.00,189.00,315.00,189.00
313.00,145.00,344.00,145.00,344.00,190.00,313.00,190.00
321.76,140.96,343.00,142.00,340.53,192.61,319.29,191.58
329.61,133.90,353.53,140.19,338.79,196.21,314.87,189.91
315.00,144.00,346.00,144.00,346.00,192.00,315.00,192.00
313.00,144.00,348.00,144.00,348.00,193.00,313.00,193.00
316.82,142.98,351.62,146.15,346.73,199.98,311.93,196.81
312.00,145.00,351.00,145.00,351.00,195.00,312.00,195.00
313.52,142.75,342.83,145.68,337.43,199.74,308.12,196.81
308.00,147.00,340.00,147.00,340.00,199.00,308.00,199.00
351.14,141.52,371.58,160.18,348.00,186.00,327.56,167.34
350.00,139.00,372.00,161.00,347.00,186.00,325.00,164.00
323.00,132.00,362.00,132.00,362.00,187.00,323.00,187.00
329.00,131.00,368.00,131.00,368.00,186.00,329.00,186.00
326.00,134.00,366.00,134.00,366.00,190.00,326.00,190.00
330.00,131.00,370.00,131.00,370.00,187.00,330.00,187.00
331.00,134.00,371.00,134.00,371.00,190.00,331.00,190.00
333.00,133.00,374.00,133.00,374.00,190.00,333.00,190.00
328.00,132.00,369.00,132.00,369.00,188.00,328.00,188.00
307.00,129.00,348.00,129.00,348.00,185.00,307.00,185.00
2
0
0
0
0
1
313.00,135.00,371.00,135.00,371.00,167.00,313.00,167.00
313.00,135.00,371.00,135.00,371.00,167.00,313.00,167.00
313.00,136.00,370.00,136.00,370.00,167.00,313.00,167.00
313.00,137.00,369.00,137.00,369.00,168.00,313.00,168.00
313.00,137.00,369.00,137.00,369.00,170.00,313.00,170.00
313.00,137.00,368.00,137.00,368.00,168.00,313.00,168.00
312.00,134.00,371.00,134.00,371.00,166.00,312.00,166.00
318.00,138.00,368.00,138.00,368.00,170.00,318.00,170.00
320.00,138.00,370.00,138.00,370.00,171.00,320.00,171.00
320.00,139.00,371.00,139.00,371.00,172.00,320.00,172.00
320.00,140.00,371.00,140.00,371.00,172.00,320.00,172.00
319.00,141.00,371.00,141.00,371.00,172.00,319.00,172.00
317.00,142.00,370.00,142.00,370.00,174.00,317.00,174.00
313.00,144.00,373.00,144.00,373.00,177.00,313.00,177.00
318.00,143.00,368.00,143.00,368.00,173.00,318.00,173.00
318.00,143.00,367.00,143.00,367.00,174.00,318.00,174.00
316.00,144.00,366.00,144.00,366.00,174.00,316.00,174.00
314.00,145.00,374.00,145.00,374.00,178.00,314.00,178.00
316.00,146.00,377.00,146.00,377.00,180.00,316.00,180.00
315.00,146.00,376.00,146.00,376.00,180.00,315.00,180.00
316.00,140.00,377.00,140.00,377.00,174.00,316.00,174.00
313.00,142.00,374.00,142.00,374.00,176.00,313.00,176.00
331.00,135.00,392.00,135.00,392.00,169.00,331.00,169.00
351.00,132.00,412.00,132.00,412.00,166.00,351.00,166.00
348.00,126.00,409.00,126.00,409.00,160.00,348.00,160.00
350.00,126.00,410.00,126.00,410.00,160.00,350.00,160.00
364.00,143.00,424.00,143.00,424.00,177.00,364.00,177.00
358.00,147.00,419.00,147.00,419.00,181.00,358.00,181.00
363.00,139.00,425.00,139.00,425.00,173.00,363.00,173.00
360.00,149.00,422.00,149.00,422.00,183.00,360.00,183.00
360.00,140.00,422.00,140.00,422.00,174.00,360.00,174.00
361.00,124.00,423.00,124.00,423.00,158.00,361.00,158.00
358.00,119.00,419.00,119.00,419.00,153.00,358.00,153.00
361.00,116.00,422.00,116.00,422.00,150.00,361.00,150.00
365.00,113.00,426.00,113.00,426.00,147.00,365.00,147.00
376.00,114.00,437.00,114.00,437.00,148.00,376.00,148.00
374.00,111.00,435.00,111.00,435.00,145.00,374.00,145.00
372.00,113.00,433.00,113.00,433.00,147.00,372.00,147.00
378.00,112.00,438.00,112.00,438.00,146.00,378.00,146.00
372.00,112.00,432.00,112.00,432.00,146.00,372.00,146.00
387.00,107.00,447.00,107.00,447.00,141.00,387.00,141.00
389.00,105.00,450.00,105.00,450.00,140.00,389.00,140.00
390.00,104.00,451.00,104.00,451.00,139.00,390.00,139.00
386.00,116.00,446.00,116.00,446.00,150.00,386.00,150.00
392.00,101.00,453.00,101.00,453.00,130.00,392.00,130.00
394.00,100.00,456.00,100.00,456.00,129.00,394.00,129.00
395.00,99.00,460.00,99.00,460.00,128.00,395.00,128.00
397.00,98.00,461.00,98.00,461.00,126.00,397.00,126.00
400.00,97.00,466.00,97.00,466.00,124.00,400.00,124.00
404.00,96.00,470.00,96.00,470.00,125.00,404.00,125.00
410.00,95.00,473.00,95.00,473.00,122.00,410.00,122.00
413.00,94.00,476.00,94.00,476.00,120.00,413.00,120.00
416.00,92.00,478.00,92.00,478.00,119.00,416.00,119.00
416.00,91.00,474.00,91.00,474.00,119.00,416.00,119.00
414.00,91.00,473.00,91.00,473.00,119.00,414.00,119.00
419.00,95.00,472.00,95.00,472.00,123.00,419.00,123.00
430.00,101.00,480.00,101.00,480.00,131.00,430.00,131.00
428.00,101.00,480.00,101.00,480.00,133.00,428.00,133.00
426.00,103.00,479.00,103.00,479.00,135.00,426.00,135.00
421.00,104.00,475.00,104.00,475.00,134.00,421.00,134.00
419.00,105.00,473.00,105.00,473.00,135.00,419.00,135.00
419.00,104.00,472.00,104.00,472.00,134.00,419.00,134.00
417.00,104.00,471.00,104.00,471.00,134.00,417.00,134.00
413.00,104.00,468.00,104.00,468.00,133.00,413.00,133.00
416.00,109.00,471.00,109.00,471.00,137.00,416.00,137.00
421.00,108.00,474.00,108.00,474.00,138.00,421.00,138.00
424.00,110.00,476.00,110.00,476.00,140.00,424.00,140.00
428.00,113.00,480.00,113.00,480.00,143.00,428.00,143.00
422.00,111.00,476.00,111.00,476.00,141.00,422.00,141.00
427.00,114.00,478.00,114.00,478.00,144.00,427.00,144.00
430.00,117.00,482.00,117.00,482.00,147.00,430.00,147.00
432.00,120.00,484.00,120.00,484.00,149.00,432.00,149.00
433.00,122.00,484.00,122.00,484.00,152.00,433.00,152.00
439.00,127.00,487.00,127.00,487.00,156.00,439.00,156.00
435.00,124.00,486.00,124.00,486.00,154.00,435.00,154.00
432.00,124.00,485.00,124.00,485.00,153.00,432.00,153.00
435.00,127.00,487.00,127.00,487.00,156.00,435.00,156.00
439.00,129.00,489.00,129.00,489.00,158.00,439.00,158.00
434.00,126.00,487.00,126.00,487.00,156.00,434.00,156.00
437.00,128.00,489.00,128.00,489.00,159.00,437.00,159.00
441.00,129.00,494.00,129.00,494.00,161.00,441.00,161.00
439.00,128.00,490.00,128.00,490.00,158.00,439.00,158.00
445.00,131.00,494.00,131.00,494.00,160.00,445.00,160.00
449.00,132.00,499.00,132.00,499.00,162.00,449.00,162.00
451.00,132.00,501.00,132.00,501.00,162.00,451.00,162.00
450.00,130.00,501.00,130.00,501.00,162.00,450.00,162.00
454.00,132.00,503.00,132.00,503.00,164.00,454.00,164.00
453.00,131.00,503.00,131.00,503.00,164.00,453.00,164.00
448.00,127.00,501.00,127.00,501.00,160.00,448.00,160.00
447.00,127.00,499.00,127.00,499.00,159.00,447.00,159.00
446.00,123.00,494.00,123.00,494.00,153.00,446.00,153.00
446.00,123.00,494.00,123.00,494.00,156.00,446.00,156.00
443.00,124.00,489.00,124.00,489.00,155.00,443.00,155.00
444.00,125.00,488.00,125.00,488.00,156.00,444.00,156.00
444.00,130.00,487.00,130.00,487.00,153.00,444.00,153.00
438.00,139.00,482.00,139.00,482.00,162.00,438.00,162.00
433.00,151.00,477.00,151.00,477.00,174.00,433.00,174.00
434.00,145.00,477.00,145.00,477.00,167.00,434.00,167.00
432.00,146.00,475.00,146.00,475.00,168.00,432.00,168.00
440.00,151.00,483.00,151.00,483.00,173.00,440.00,173.00
454.00,147.00,497.00,147.00,497.00,169.00,454.00,169.00
455.00,144.00,498.00,144.00,498.00,166.00,455.00,166.00
454.00,164.00,497.00,164.00,497.00,186.00,454.00,186.00
465.00,178.00,508.00,178.00,508.00,200.00,465.00,200.00
450.00,190.00,493.00,190.00,493.00,212.00,450.00,212.00
451.00,182.00,494.00,182.00,494.00,204.00,451.00,204.00
448.00,188.00,490.00,188.00,490.00,210.00,448.00,210.00
2
0
0
0
0
1
436.00,143.00,473.00,143.00,473.00,197.00,436.00,197.00
436.00,142.00,472.00,142.00,472.00,196.00,436.00,196.00
436.00,144.00,471.00,144.00,471.00,194.00,436.00,194.00
435.00,147.00,471.00,147.00,471.00,194.00,435.00,194.00
434.00,148.00,472.00,148.00,472.00,192.00,434.00,192.00
435.00,148.00,474.00,148.00,474.00,192.00,435.00,192.00
434.00,149.00,475.00,149.00,475.00,192.00,434.00,192.00
435.00,142.00,472.00,142.00,472.00,197.00,435.00,197.00
432.00,151.00,475.00,151.00,475.00,192.00,432.00,192.00
432.00,149.00,473.00,149.00,473.00,192.00,432.00,192.00
433.00,141.00,470.00,141.00,470.00,196.00,433.00,196.00
433.00,149.00,472.00,149.00,472.00,192.00,433.00,192.00
430.00,147.00,469.00,147.00,469.00,192.00,430.00,192.00
430.00,146.00,468.00,146.00,468.00,194.00,430.00,194.00
429.00,146.00,466.00,146.00,466.00,193.00,429.00,193.00
429.00,146.00,466.00,146.00,466.00,199.00,429.00,199.00
425.00,151.00,463.00,151.00,463.00,199.00,425.00,199.00
427.00,149.00,463.00,149.00,463.00,197.00,427.00,197.00
427.00,151.00,464.00,151.00,464.00,203.00,427.00,203.00
426.00,151.00,464.00,151.00,464.00,203.00,426.00,203.00
431.00,147.00,466.00,147.00,466.00,196.00,431.00,196.00
429.00,150.00,465.00,150.00,465.00,199.00,429.00,199.00
429.00,150.00,465.00,150.00,465.00,199.00,429.00,199.00
430.00,149.00,466.00,149.00,466.00,197.00,430.00,197.00
429.00,150.00,464.00,150.00,464.00,199.00,429.00,199.00
429.00,147.00,462.00,147.00,462.00,195.00,429.00,195.00
415.00,157.00,454.00,157.00,454.00,211.00,415.00,211.00
410.00,163.00,450.00,163.00,450.00,219.00,410.00,219.00
409.00,168.00,450.00,168.00,450.00,222.00,409.00,222.00
413.00,161.00,450.00,161.00,450.00,212.00,413.00,212.00
422.00,164.00,457.00,164.00,457.00,211.00,422.00,211.00
426.00,159.00,457.00,159.00,457.00,205.00,426.00,205.00
421.00,162.00,455.00,162.00,455.00,208.00,421.00,208.00
414.00,165.00,449.00,165.00,449.00,213.00,414.00,213.00
410.00,165.00,441.00,165.00,441.00,214.00,410.00,214.00
407.00,172.00,435.00,172.00,435.00,220.00,407.00,220.00
405.00,175.00,433.00,175.00,433.00,225.00,405.00,225.00
407.00,176.00,435.00,176.00,435.00,222.00,407.00,222.00
406.00,181.00,436.00,181.00,436.00,228.00,406.00,228.00
406.00,179.00,434.00,179.00,434.00,225.00,406.00,225.00
407.00,179.00,435.00,179.00,435.00,225.00,407.00,225.00
407.00,179.00,435.00,179.00,435.00,224.00,407.00,224.00
407.00,182.00,436.00,182.00,436.00,227.00,407.00,227.00
406.00,185.00,436.00,185.00,436.00,230.00,406.00,230.00
407.00,182.00,437.00,182.00,437.00,228.00,407.00,228.00
403.00,178.00,439.00,178.00,439.00,229.00,403.00,229.00
398.00,180.00,434.00,180.00,434.00,231.00,398.00,231.00
369.00,184.00,405.00,184.00,405.00,235.00,369.00,235.00
371.00,188.00,407.00,188.00,407.00,238.00,371.00,238.00
372.00,188.00,408.00,188.00,408.00,238.00,372.00,238.00
375.00,188.00,412.00,188.00,412.00,239.00,375.00,239.00
