1
262.00,111.00,379.00,111.00,379.00,209.00,262.00,209.00
264.00,112.00,379.00,112.00,379.00,211.00,264.00,211.00
264.00,115.00,378.00,115.00,378.00,212.00,264.00,212.00
265.00,116.00,378.00,116.00,378.00,214.00,265.00,214.00
267.00,118.00,379.00,118.00,379.00,215.00,267.00,215.00
267.00,118.00,380.00,118.00,380.00,216.00,267.00,216.00
267.00,119.00,381.00,119.00,381.00,217.00,267.00,217.00
270.00,119.00,384.00,119.00,384.00,219.00,270.00,219.00
273.00,120.00,389.00,120.00,389.00,219.00,273.00,219.00
276.00,121.00,392.00,121.00,392.00,220.00,276.00,220.00
279.00,121.00,396.00,121.00,396.00,222.00,279.00,222.00
279.00,120.00,396.00,120.00,396.00,223.00,279.00,223.00
278.00,120.00,396.00,120.00,396.00,224.00,278.00,224.00
280.00,121.00,399.00,121.00,399.00,226.00,280.00,226.00
279.00,120.00,399.00,120.00,399.00,227.00,279.00,227.00
286.00,123.00,405.00,123.00,405.00,229.00,286.00,229.00
303.00,128.00,421.00,128.00,421.00,236.00,303.00,236.00
307.00,129.00,427.00,129.00,427.00,237.00,307.00,237.00
310.00,130.00,431.00,130.00,431.00,237.00,310.00,237.00
313.00,133.00,437.00,133.00,437.00,235.00,313.00,235.00
312.00,141.00,437.00,141.00,437.00,243.00,312.00,243.00
312.00,137.00,436.00,137.00,436.00,238.00,312.00,238.00
314.00,127.00,439.00,127.00,439.00,229.00,314.00,229.00
309.00,142.00,434.00,142.00,434.00,244.00,309.00,244.00
253.00,121.00,376.00,121.00,376.00,221.00,253.00,221.00
266.00,133.00,390.00,133.00,390.00,234.00,266.00,234.00
221.00,114.00,346.00,114.00,346.00,216.00,221.00,216.00
235.00,114.00,360.00,114.00,360.00,217.00,235.00,217.00
265.00,94.00,390.00,94.00,390.00,197.00,265.00,197.00
2
0
0
0
0
1
347.00,137.00,459.00,137.00,459.00,226.00,347.00,226.00
346.00,136.00,459.00,136.00,459.00,226.00,346.00,226.00
344.00,135.00,458.00,135.00,458.00,226.00,344.00,226.00
344.00,134.00,460.00,134.00,460.00,225.00,344.00,225.00
344.00,134.00,457.00,134.00,457.00,225.00,344.00,225.00
343.00,134.00,457.00,134.00,457.00,224.00,343.00,224.00
343.00,133.00,456.00,133.00,456.00,222.00,343.00,222.00
342.00,134.00,455.00,134.00,455.00,222.00,342.00,222.00
344.00,136.00,456.00,136.00,456.00,224.00,344.00,224.00
344.00,137.00,456.00,137.00,456.00,224.00,344.00,224.00
346.00,138.00,458.00,138.00,458.00,228.00,346.00,228.00
346.00,139.00,460.00,139.00,460.00,231.00,346.00,231.00
347.00,139.00,460.00,139.00,460.00,232.00,347.00,232.00
347.00,142.00,461.00,142.00,461.00,233.00,347.00,233.00
346.00,142.00,459.00,142.00,459.00,234.00,346.00,234.00
350.00,144.00,465.00,144.00,465.00,237.00,350.00,237.00
351.00,144.00,465.00,144.00,465.00,237.00,351.00,237.00
354.00,148.00,467.00,148.00,467.00,239.00,354.00,239.00
351.00,147.00,467.00,147.00,467.00,237.00,351.00,237.00
355.00,147.00,472.00,147.00,472.00,239.00,355.00,239.00
353.00,145.00,470.00,145.00,470.00,236.00,353.00,236.00
354.00,146.00,470.00,146.00,470.00,235.00,354.00,235.00
353.00,151.00,470.00,151.00,470.00,236.00,353.00,236.00
361.00,152.00,477.00,152.00,477.00,240.00,361.00,240.00
364.00,154.00,477.00,154.00,477.00,238.00,364.00,238.00
364.00,156.00,476.00,156.00,476.00,239.00,364.00,239.00
360.00,154.00,472.00,154.00,472.00,236.00,360.00,236.00
356.00,151.00,470.00,151.00,470.00,232.00,356.00,232.00
354.00,149.00,467.00,149.00,467.00,229.00,354.00,229.00
351.00,148.00,464.00,148.00,464.00,226.00,351.00,226.00
350.00,148.00,460.00,148.00,460.00,225.00,350.00,225.00
346.00,138.00,453.00,138.00,453.00,223.00,346.00,223.00
349.00,145.00,448.00,145.00,448.00,218.00,349.00,218.00
337.00,141.00,443.00,141.00,443.00,225.00,337.00,225.00
339.00,137.00,446.00,137.00,446.00,222.00,339.00,222.00
342.00,143.00,446.00,143.00,446.00,226.00,342.00,226.00
328.00,141.00,432.00,141.00,432.00,224.00,328.00,224.00
332.00,142.00,437.00,142.00,437.00,226.00,332.00,226.00
341.00,100.00,445.00,100.00,445.00,183.00,341.00,183.00
2
0
0
0
0
1
348.00,138.00,383.00,138.00,383.00,193.00,348.00,193.00
347.00,138.00,382.00,138.00,382.00,192.00,347.00,192.00
344.00,133.00,379.00,133.00,379.00,191.00,344.00,191.00
341.00,129.00,376.00,129.00,376.00,183.00,341.00,183.00
339.00,128.00,375.00,128.00,375.00,183.00,339.00,183.00
338.00,127.00,374.00,127.00,374.00,183.00,338.00,183.00
337.00,127.00,374.00,127.00,374.00,183.00,337.00,183.00
337.00,127.00,373.00,127.00,373.00,180.00,337.00,180.00
337.00,126.00,372.00,126.00,372.00,179.00,337.00,179.00
337.00,126.00,372.00,126.00,372.00,178.00,337.00,178.00
336.00,125.00,370.00,125.00,370.00,178.00,336.00,178.00
335.00,124.00,370.00,124.00,370.00,177.00,335.00,177.00
334.00,123.00,370.00,123.00,370.00,175.00,334.00,175.00
333.00,123.00,368.00,123.00,368.00,175.00,333.00,175.00
333.00,123.00,367.00,123.00,367.00,174.00,333.00,174.00
331.00,123.00,366.00,123.00,366.00,175.00,331.00,175.00
331.00,125.00,367.00,125.00,367.00,176.00,331.00,176.00
330.00,127.00,367.00,127.00,367.00,177.00,330.00,177.00
331.00,127.00,368.00,127.00,368.00,178.00,331.00,178.00
329.00,125.00,365.00,125.00,365.00,177.00,329.00,177.00
328.00,127.00,363.00,127.00,363.00,178.00,328.00,178.00
329.00,129.00,363.00,129.00,363.00,180.00,329.00,180.00
328.00,130.00,361.00,130.00,361.00,180.00,328.00,180.00
329.00,130.00,362.00,130.00,362.00,179.00,329.00,179.00
328.00,130.00,361.00,130.00,361.00,179.00,328.00,179.00
327.00,131.00,360.00,131.00,360.00,179.00,327.00,179.00
326.00,131.00,359.00,131.00,359.00,180.00,326.00,180.00
327.00,132.00,361.00,132.00,361.00,179.00,327.00,179.00
326.00,133.00,363.00,133.00,363.00,182.00,326.00,182.00
326.00,134.00,362.00,134.00,362.00,183.00,326.00,183.00
325.00,134.00,361.00,134.00,361.00,184.00,325.00,184.00
324.00,134.00,360.00,134.00,360.00,185.00,324.00,185.00
322.00,133.00,358.00,133.00,358.00,184.00,322.00,184.00
323.00,134.00,358.00,134.00,358.00,185.00,323.00,185.00
324.00,134.00,358.00,134.00,358.00,184.00,324.00,184.00
324.00,130.00,357.00,130.00,357.00,180.00,324.00,180.00
325.00,129.00,359.00,129.00,359.00,179.00,325.00,179.00
325.00,129.00,359.00,129.00,359.00,179.00,325.00,179.00
325.00,127.00,358.00,127.00,358.00,179.00,325.00,179.00
325.00,128.00,358.00,128.00,358.00,179.00,325.00,179.00
325.00,130.00,358.00,130.00,358.00,180.00,325.00,180.00
325.00,131.00,359.00,131.00,359.00,180.00,325.00,180.00
325.00,132.00,359.00,132.00,359.00,181.00,325.00,181.00
323.00,132.00,358.00,132.00,358.00,182.00,323.00,182.00
321.00,133.00,357.00,133.00,357.00,184.00,321.00,184.00
320.00,136.00,358.00,136.00,358.00,186.00,320.00,186.00
319.00,137.00,356.00,137.00,356.00,187.00,319.00,187.00
317.00,140.00,351.00,140.00,351.00,189.00,317.00,189.00
315.00,141.00,351.00,141.00,351.00,190.00,315.00,190.00
317.00,139.00,351.00,139.00,351.00,194.00,317.00,194.00
320.00,139.00,355.00,139.00,355.00,195.00,320.00,195.00
319.00,144.00,354.00,144.00,354.00,200.00,319.00,200.00
322.00,137.00,358.00,137.00,358.00,195.00,322.00,195.00
325.00,142.00,362.00,142.00,362.00,201.00,325.00,201.00
310.00,127.00,348.00,127.00,348.00,187.00,310.00,187.00
293.00,126.00,332.00,126.00,332.00,178.00,293.00,178.00
2
0
0
0
0
1
314.00,133.00,377.00,133.00,377.00,171.00,314.00,171.00
312.00,133.00,376.00,133.00,376.00,170.00,312.00,170.00
312.00,133.00,375.00,133.00,375.00,170.00,312.00,170.00
312.00,133.00,374.00,133.00,374.00,168.00,312.00,168.00
312.00,133.00,373.00,133.00,373.00,168.00,312.00,168.00
311.00,135.00,372.00,135.00,372.00,169.00,311.00,169.00
312.00,136.00,371.00,136.00,371.00,169.00,312.00,169.00
311.00,135.00,370.00,135.00,370.00,170.00,311.00,170.00
309.00,132.00,375.00,132.00,375.00,170.00,309.00,170.00
308.00,133.00,374.00,133.00,374.00,171.00,308.00,171.00
309.00,135.00,375.00,135.00,375.00,173.00,309.00,173.00
312.00,134.00,377.00,134.00,377.00,172.00,312.00,172.00
309.00,134.00,374.00,134.00,374.00,172.00,309.00,172.00
314.00,137.00,378.00,137.00,378.00,174.00,314.00,174.00
313.00,139.00,376.00,139.00,376.00,175.00,313.00,175.00
311.00,139.00,374.00,139.00,374.00,175.00,311.00,175.00
310.00,140.00,374.00,140.00,374.00,177.00,310.00,177.00
307.00,140.00,371.00,140.00,371.00,177.00,307.00,177.00
307.00,140.00,372.00,140.00,372.00,177.00,307.00,177.00
311.00,142.00,376.00,142.00,376.00,179.00,311.00,179.00
319.00,146.00,384.00,146.00,384.00,183.00,319.00,183.00
327.00,151.00,392.00,151.00,392.00,188.00,327.00,188.00
314.00,144.00,379.00,144.00,379.00,181.00,314.00,181.00
325.00,149.00,390.00,149.00,390.00,186.00,325.00,186.00
322.00,146.00,387.00,146.00,387.00,183.00,322.00,183.00
346.00,162.00,411.00,162.00,411.00,199.00,346.00,199.00
348.00,161.00,413.00,161.00,413.00,198.00,348.00,198.00
345.00,154.00,410.00,154.00,410.00,191.00,345.00,191.00
348.00,135.00,414.00,135.00,414.00,172.00,348.00,172.00
358.00,138.00,424.00,138.00,424.00,175.00,358.00,175.00
2
0
0
0
0
1
350.00,122.00,418.00,122.00,418.00,147.00,350.00,147.00
353.00,120.00,424.00,120.00,424.00,145.00,353.00,145.00
357.00,116.00,434.00,116.00,434.00,141.00,357.00,141.00
361.00,115.00,439.00,115.00,439.00,140.00,361.00,140.00
362.00,115.00,440.00,115.00,440.00,140.00,362.00,140.00
367.00,114.00,442.00,114.00,442.00,139.00,367.00,139.00
370.00,111.00,447.00,111.00,447.00,136.00,370.00,136.00
375.00,110.00,451.00,110.00,451.00,135.00,375.00,135.00
376.00,108.00,455.00,108.00,455.00,133.00,376.00,133.00
380.00,107.00,459.00,107.00,459.00,133.00,380.00,133.00
382.00,106.00,462.00,106.00,462.00,131.00,382.00,131.00
381.00,104.00,464.00,104.00,464.00,130.00,381.00,130.00
381.00,102.00,467.00,102.00,467.00,128.00,381.00,128.00
385.00,101.00,471.00,101.00,471.00,128.00,385.00,128.00
387.00,100.00,470.00,100.00,470.00,127.00,387.00,127.00
388.00,100.00,474.00,100.00,474.00,127.00,388.00,127.00
393.00,98.00,477.00,98.00,477.00,126.00,393.00,126.00
398.00,97.00,484.00,97.00,484.00,123.00,398.00,123.00
399.00,97.00,486.00,97.00,486.00,122.00,399.00,122.00
399.00,94.00,485.00,94.00,485.00,119.00,399.00,119.00
400.00,90.00,479.00,90.00,479.00,117.00,400.00,117.00
399.00,92.00,477.00,92.00,477.00,120.00,399.00,120.00
395.00,92.00,469.00,92.00,469.00,119.00,395.00,119.00
400.00,93.00,469.00,93.00,469.00,120.00,400.00,120.00
413.00,104.00,481.00,104.00,481.00,132.00,413.00,132.00
414.00,109.00,483.00,109.00,483.00,138.00,414.00,138.00
409.00,109.00,479.00,109.00,479.00,136.00,409.00,136.00
403.00,109.00,476.00,109.00,476.00,137.00,403.00,137.00
404.00,108.00,476.00,108.00,476.00,136.00,404.00,136.00
399.00,108.00,473.00,108.00,473.00,135.00,399.00,135.00
402.00,110.00,475.00,110.00,475.00,138.00,402.00,138.00
404.00,112.00,479.00,112.00,479.00,140.00,404.00,140.00
409.00,113.00,481.00,113.00,481.00,142.00,409.00,142.00
404.00,111.00,476.00,111.00,476.00,139.00,404.00,139.00
407.00,113.00,480.00,113.00,480.00,142.00,407.00,142.00
402.00,112.00,477.00,112.00,477.00,141.00,402.00,141.00
399.00,109.00,474.00,109.00,474.00,138.00,399.00,138.00
404.00,114.00,478.00,114.00,478.00,144.00,404.00,144.00
416.00,122.00,489.00,122.00,489.00,152.00,416.00,152.00
419.00,123.00,490.00,123.00,490.00,156.00,419.00,156.00
419.00,125.00,490.00,125.00,490.00,156.00,419.00,156.00
422.00,128.00,494.00,128.00,494.00,160.00,422.00,160.00
421.00,127.00,491.00,127.00,491.00,159.00,421.00,159.00
422.00,129.00,492.00,129.00,492.00,161.00,422.00,161.00
422.00,130.00,494.00,130.00,494.00,163.00,422.00,163.00
422.00,131.00,494.00,131.00,494.00,165.00,422.00,165.00
423.00,132.00,496.00,132.00,496.00,166.00,423.00,166.00
422.00,131.00,496.00,131.00,496.00,165.00,422.00,165.00
410.00,126.00,487.00,126.00,487.00,157.00,410.00,157.00
413.00,126.00,490.00,126.00,490.00,156.00,413.00,156.00
413.00,126.00,490.00,126.00,490.00,157.00,413.00,157.00
415.00,127.00,493.00,127.00,493.00,159.00,415.00,159.00
419.00,127.00,495.00,127.00,495.00,159.00,419.00,159.00
417.00,127.00,494.00,127.00,494.00,159.00,417.00,159.00
425.00,131.00,504.00,131.00,504.00,167.00,425.00,167.00
425.00,132.00,507.00,132.00,507.00,168.00,425.00,168.00
423.00,131.00,502.00,131.00,502.00,166.00,423.00,166.00
423.00,129.00,502.00,129.00,502.00,163.00,423.00,163.00
419.00,128.00,500.00,128.00,500.00,164.00,419.00,164.00
418.00,126.00,498.00,126.00,498.00,163.00,418.00,163.00
417.00,128.00,497.00,128.00,497.00,165.00,417.00,165.00
418.00,128.00,494.00,128.00,494.00,164.00,418.00,164.00
420.00,139.00,501.00,139.00,501.00,173.00,420.00,173.00
420.00,137.00,500.00,137.00,500.00,171.00,420.00,171.00
417.00,132.00,498.00,132.00,498.00,166.00,417.00,166.00
417.00,133.00,498.00,133.00,498.00,167.00,417.00,167.00
415.00,142.00,497.00,142.00,497.00,177.00,415.00,177.00
412.00,145.00,494.00,145.00,494.00,180.00,412.00,180.00
410.00,143.00,493.00,143.00,493.00,178.00,410.00,178.00
408.00,144.00,489.00,144.00,489.00,178.00,408.00,178.00
400.00,144.00,481.00,144.00,481.00,178.00,400.00,178.00
411.00,169.00,490.00,169.00,490.00,202.00,411.00,202.00
420.00,181.00,497.00,181.00,497.00,213.00,420.00,213.00
2
0
0
0
0
1
440.00,143.00,471.00,143.00,471.00,196.00,440.00,196.00
439.00,144.00,468.00,144.00,468.00,196.00,439.00,196.00
439.00,143.00,467.00,143.00,467.00,195.00,439.00,195.00
440.00,146.00,466.00,146.00,466.00,193.00,440.00,193.00
439.00,149.00,466.00,149.00,466.00,192.00,439.00,192.00
438.00,150.00,468.00,150.00,468.00,191.00,438.00,191.00
438.00,149.00,468.00,149.00,468.00,189.00,438.00,189.00
438.00,149.00,470.00,149.00,470.00,189.00,438.00,189.00
438.00,144.00,468.00,144.00,468.00,197.00,438.00,197.00
434.00,149.00,469.00,149.00,469.00,188.00,434.00,188.00
437.00,143.00,467.00,143.00,467.00,196.00,437.00,196.00
437.00,144.00,467.00,144.00,467.00,197.00,437.00,197.00
437.00,143.00,467.00,143.00,467.00,196.00,437.00,196.00
436.00,142.00,467.00,142.00,467.00,196.00,436.00,196.00
437.00,141.00,468.00,141.00,468.00,196.00,437.00,196.00
430.00,148.00,462.00,148.00,462.00,194.00,430.00,194.00
431.00,147.00,461.00,147.00,461.00,201.00,431.00,201.00
429.00,154.00,461.00,154.00,461.00,203.00,429.00,203.00
433.00,150.00,463.00,150.00,463.00,202.00,433.00,202.00
428.00,153.00,462.00,153.00,462.00,206.00,428.00,206.00
426.00,155.00,460.00,155.00,460.00,208.00,426.00,208.00
430.00,153.00,460.00,153.00,460.00,206.00,430.00,206.00
430.00,150.00,462.00,150.00,462.00,201.00,430.00,201.00
433.00,148.00,463.00,148.00,463.00,202.00,433.00,202.00
431.00,151.00,462.00,151.00,462.00,202.00,431.00,202.00
432.00,151.00,462.00,151.00,462.00,202.00,432.00,202.00
431.00,149.00,460.00,149.00,460.00,200.00,431.00,200.00
428.00,152.00,455.00,152.00,455.00,204.00,428.00,204.00
417.00,162.00,446.00,162.00,446.00,216.00,417.00,216.00
418.00,160.00,446.00,160.00,446.00,211.00,418.00,211.00
418.00,162.00,446.00,162.00,446.00,212.00,418.00,212.00
427.00,161.00,454.00,161.00,454.00,211.00,427.00,211.00
428.00,158.00,455.00,158.00,455.00,207.00,428.00,207.00
422.00,161.00,452.00,161.00,452.00,209.00,422.00,209.00
417.00,161.00,446.00,161.00,446.00,211.00,417.00,211.00
413.00,164.00,439.00,164.00,439.00,214.00,413.00,214.00
410.00,168.00,434.00,168.00,434.00,218.00,410.00,218.00
408.00,172.00,432.00,172.00,432.00,223.00,408.00,223.00
409.00,176.00,434.00,176.00,434.00,226.00,409.00,226.00
409.00,179.00,434.00,179.00,434.00,229.00,409.00,229.00
409.00,179.00,434.00,179.00,434.00,228.00,409.00,228.00
410.00,178.00,434.00,178.00,434.00,226.00,410.00,226.00
410.00,177.00,434.00,177.00,434.00,225.00,410.00,225.00
409.00,175.00,438.00,175.00,438.00,228.00,409.00,228.00
410.00,180.00,436.00,180.00,436.00,229.00,410.00,229.00
411.00,179.00,437.00,179.00,437.00,228.00,411.00,228.00
409.00,181.00,438.00,181.00,438.00,232.00,409.00,232.00
406.00,177.00,435.00,177.00,435.00,228.00,406.00,228.00
382.00,181.00,411.00,181.00,411.00,233.00,382.00,233.00
376.00,190.00,405.00,190.00,405.00,242.00,376.00,242.00
375.00,191.00,406.00,191.00,406.00,246.00,375.00,246.00
378.00,187.00,407.00,187.00,407.00,239.00,378.00,239.00
