1
555.00,270.00,827.00,270.00,827.00,557.00,555.00,557.00
555.00,259.00,837.00,259.00,837.00,561.00,555.00,561.00
562.00,228.00,834.00,228.00,834.00,527.00,562.00,527.00
564.00,227.00,852.00,227.00,852.00,560.00,564.00,560.00
579.00,255.00,864.00,255.00,864.00,579.00,579.00,579.00
583.00,255.00,875.00,255.00,875.00,578.00,583.00,578.00
555.00,250.00,855.00,250.00,855.00,579.00,555.00,579.00
580.00,252.00,859.00,252.00,859.00,559.00,580.00,559.00
572.00,266.00,844.00,266.00,844.00,572.00,572.00,572.00
567.00,264.00,838.00,264.00,838.00,570.00,567.00,570.00
556.00,249.00,840.00,249.00,840.00,549.00,556.00,549.00
562.00,253.00,842.00,253.00,842.00,553.00,562.00,553.00
556.00,225.00,858.00,225.00,858.00,522.00,556.00,522.00
547.00,226.00,865.00,226.00,865.00,520.00,547.00,520.00
547.00,243.00,860.00,243.00,860.00,522.00,547.00,522.00
570.00,239.00,880.00,239.00,880.00,516.00,570.00,516.00
574.00,224.00,886.00,224.00,886.00,510.00,574.00,510.00
608.00,249.00,915.00,249.00,915.00,542.00,608.00,542.00
604.00,240.00,916.00,240.00,916.00,532.00,604.00,532.00
596.00,217.00,905.00,217.00,905.00,526.00,596.00,526.00
602.00,226.00,902.00,226.00,902.00,523.00,602.00,523.00
587.00,223.00,887.00,223.00,887.00,519.00,587.00,519.00
577.00,210.00,870.00,210.00,870.00,507.00,577.00,507.00
597.00,139.00,898.00,139.00,898.00,452.00,597.00,452.00
584.00,135.00,881.00,135.00,881.00,433.00,584.00,433.00
584.00,129.00,863.00,129.00,863.00,417.00,584.00,417.00
589.00,132.00,873.00,132.00,873.00,417.00,589.00,417.00
589.00,115.00,856.00,115.00,856.00,395.00,589.00,395.00
596.00,124.00,871.00,124.00,871.00,403.00,596.00,403.00
605.00,121.00,869.00,121.00,869.00,391.00,605.00,391.00
605.00,132.00,876.00,132.00,876.00,392.00,605.00,392.00
612.00,137.00,880.00,137.00,880.00,392.00,612.00,392.00
633.00,165.00,886.00,165.00,886.00,410.00,633.00,410.00
625.00,181.00,879.00,181.00,879.00,423.00,625.00,423.00
605.00,176.00,848.00,176.00,848.00,420.00,605.00,420.00
602.00,186.00,846.00,186.00,846.00,435.00,602.00,435.00
592.00,168.00,832.00,168.00,832.00,416.00,592.00,416.00
564.00,166.00,805.00,166.00,805.00,421.00,564.00,421.00
542.00,225.00,789.00,225.00,789.00,455.00,542.00,455.00
531.00,217.00,772.00,217.00,772.00,433.00,531.00,433.00
512.00,246.00,767.00,246.00,767.00,460.00,512.00,460.00
523.00,220.00,782.00,220.00,782.00,446.00,523.00,446.00
473.00,232.00,726.00,232.00,726.00,460.00,473.00,460.00
482.00,218.00,727.00,218.00,727.00,453.00,482.00,453.00
468.00,208.00,721.00,208.00,721.00,443.00,468.00,443.00
466.00,208.00,722.00,208.00,722.00,443.00,466.00,443.00
498.00,214.00,744.00,214.00,744.00,453.00,498.00,453.00
520.00,221.00,770.00,221.00,770.00,481.00,520.00,481.00
536.00,244.00,781.00,244.00,781.00,510.00,536.00,510.00
553.00,295.00,796.00,295.00,796.00,568.00,553.00,568.00
568.00,305.00,805.00,305.00,805.00,574.00,568.00,574.00
588.00,325.00,838.00,325.00,838.00,614.00,588.00,614.00
568.00,381.00,797.00,381.00,797.00,647.00,568.00,647.00
591.00,406.00,827.00,406.00,827.00,671.00,591.00,671.00
515.00,429.00,745.00,429.00,745.00,671.00,515.00,671.00
552.00,444.00,768.00,444.00,768.00,683.00,552.00,683.00
561.00,464.00,780.00,464.00,780.00,705.00,561.00,705.00
546.00,512.00,785.00,512.00,785.00,736.00,546.00,736.00
572.00,533.00,813.00,533.00,813.00,746.00,572.00,746.00
570.00,542.00,811.00,542.00,811.00,747.00,570.00,747.00
