1
556.00,278.00,825.00,278.00,825.00,556.00,556.00,556.00
553.00,266.00,838.00,266.00,838.00,560.00,553.00,560.00
563.00,231.00,839.00,231.00,839.00,535.00,563.00,535.00
569.00,248.00,863.00,248.00,863.00,572.00,569.00,572.00
579.00,261.00,873.00,261.00,873.00,581.00,579.00,581.00
579.00,257.00,880.00,257.00,880.00,574.00,579.00,574.00
564.00,253.00,871.00,253.00,871.00,569.00,564.00,569.00
561.00,256.00,845.00,256.00,845.00,550.00,561.00,550.00
559.00,259.00,841.00,259.00,841.00,552.00,559.00,552.00
552.00,256.00,844.00,256.00,844.00,554.00,552.00,554.00
562.00,261.00,845.00,261.00,845.00,552.00,562.00,552.00
563.00,258.00,848.00,258.00,848.00,548.00,563.00,548.00
560.00,230.00,874.00,230.00,874.00,516.00,560.00,516.00
542.00,232.00,870.00,232.00,870.00,516.00,542.00,516.00
561.00,245.00,887.00,245.00,887.00,515.00,561.00,515.00
565.00,247.00,884.00,247.00,884.00,515.00,565.00,515.00
573.00,232.00,884.00,232.00,884.00,505.00,573.00,505.00
620.00,266.00,922.00,266.00,922.00,543.00,620.00,543.00
607.00,251.00,917.00,251.00,917.00,534.00,607.00,534.00
595.00,238.00,910.00,238.00,910.00,536.00,595.00,536.00
601.00,240.00,906.00,240.00,906.00,526.00,601.00,526.00
587.00,213.00,899.00,213.00,899.00,522.00,587.00,522.00
578.00,176.00,881.00,176.00,881.00,501.00,578.00,501.00
584.00,137.00,893.00,137.00,893.00,459.00,584.00,459.00
562.00,123.00,870.00,123.00,870.00,431.00,562.00,431.00
572.00,129.00,871.00,129.00,871.00,425.00,572.00,425.00
578.00,139.00,875.00,139.00,875.00,425.00,578.00,425.00
589.00,118.00,867.00,118.00,867.00,396.00,589.00,396.00
581.00,124.00,868.00,124.00,868.00,407.00,581.00,407.00
602.00,122.00,880.00,122.00,880.00,394.00,602.00,394.00
603.00,132.00,885.00,132.00,885.00,397.00,603.00,397.00
617.00,136.00,904.00,136.00,904.00,397.00,617.00,397.00
632.00,189.00,915.00,189.00,915.00,446.00,632.00,446.00
626.00,201.00,907.00,201.00,907.00,464.00,626.00,464.00
610.00,214.00,890.00,214.00,890.00,480.00,610.00,480.00
585.00,164.00,865.00,164.00,865.00,437.00,585.00,437.00
564.00,169.00,842.00,169.00,842.00,441.00,564.00,441.00
532.00,159.00,805.00,159.00,805.00,435.00,532.00,435.00
532.00,216.00,805.00,216.00,805.00,467.00,532.00,467.00
509.00,249.00,788.00,249.00,788.00,475.00,509.00,475.00
513.00,236.00,788.00,236.00,788.00,470.00,513.00,470.00
522.00,205.00,793.00,205.00,793.00,435.00,522.00,435.00
444.00,219.00,730.00,219.00,730.00,466.00,444.00,466.00
462.00,211.00,737.00,211.00,737.00,452.00,462.00,452.00
454.00,204.00,736.00,204.00,736.00,444.00,454.00,444.00
461.00,211.00,735.00,211.00,735.00,446.00,461.00,446.00
480.00,209.00,753.00,209.00,753.00,458.00,480.00,458.00
505.00,215.00,776.00,215.00,776.00,487.00,505.00,487.00
531.00,242.00,791.00,242.00,791.00,518.00,531.00,518.00
536.00,295.00,791.00,295.00,791.00,568.00,536.00,568.00
573.00,312.00,829.00,312.00,829.00,589.00,573.00,589.00
578.00,334.00,838.00,334.00,838.00,618.00,578.00,618.00
574.00,378.00,826.00,378.00,826.00,663.00,574.00,663.00
518.00,409.00,764.00,409.00,764.00,678.00,518.00,678.00
514.00,420.00,758.00,420.00,758.00,682.00,514.00,682.00
538.00,425.00,773.00,425.00,773.00,679.00,538.00,679.00
552.00,471.00,790.00,471.00,790.00,716.00,552.00,716.00
542.00,520.00,787.00,520.00,787.00,747.00,542.00,747.00
586.00,552.00,844.00,552.00,844.00,757.00,586.00,757.00
574.00,548.00,820.00,548.00,820.00,753.00,574.00,753.00
