1
660.00,127.00,693.00,127.00,693.00,195.00,660.00,195.00
659.00,125.00,691.00,125.00,691.00,194.00,659.00,194.00
658.00,132.00,689.00,132.00,689.00,201.00,658.00,201.00
658.00,140.00,690.00,140.00,690.00,208.00,658.00,208.00
657.00,142.00,688.00,142.00,688.00,208.00,657.00,208.00
657.00,140.00,688.00,140.00,688.00,205.00,657.00,205.00
657.00,138.00,689.00,138.00,689.00,204.00,657.00,204.00
656.00,138.00,687.00,138.00,687.00,204.00,656.00,204.00
654.00,143.00,685.00,143.00,685.00,207.00,654.00,207.00
651.00,146.00,683.00,146.00,683.00,212.00,651.00,212.00
651.00,147.00,682.00,147.00,682.00,210.00,651.00,210.00
651.00,144.00,681.00,144.00,681.00,208.00,651.00,208.00
650.00,137.00,680.00,137.00,680.00,201.00,650.00,201.00
646.00,133.00,676.00,133.00,676.00,196.00,646.00,196.00
640.00,132.00,670.00,132.00,670.00,195.00,640.00,195.00
634.00,138.00,664.00,138.00,664.00,201.00,634.00,201.00
629.00,146.00,659.00,146.00,659.00,210.00,629.00,210.00
627.00,154.00,657.00,154.00,657.00,217.00,627.00,217.00
627.00,160.00,657.00,160.00,657.00,220.00,627.00,220.00
627.00,158.00,656.00,158.00,656.00,218.00,627.00,218.00
628.00,155.00,658.00,155.00,658.00,217.00,628.00,217.00
631.00,155.00,661.00,155.00,661.00,215.00,631.00,215.00
633.00,153.00,663.00,153.00,663.00,213.00,633.00,213.00
636.00,152.00,665.00,152.00,665.00,211.00,636.00,211.00
636.00,150.00,665.00,150.00,665.00,209.00,636.00,209.00
637.00,148.00,666.00,148.00,666.00,206.00,637.00,206.00
637.00,139.00,666.00,139.00,666.00,198.00,637.00,198.00
637.00,132.00,666.00,132.00,666.00,190.00,637.00,190.00
637.00,133.00,667.00,133.00,667.00,190.00,637.00,190.00
638.00,139.00,668.00,139.00,668.00,197.00,638.00,197.00
639.00,146.00,668.00,146.00,668.00,203.00,639.00,203.00
639.00,142.00,668.00,142.00,668.00,200.00,639.00,200.00
639.00,147.00,668.00,147.00,668.00,204.00,639.00,204.00
640.00,161.00,671.00,161.00,671.00,218.00,640.00,218.00
642.00,165.00,672.00,165.00,672.00,221.00,642.00,221.00
641.00,153.00,670.00,153.00,670.00,209.00,641.00,209.00
641.00,145.00,670.00,145.00,670.00,201.00,641.00,201.00
642.00,141.00,671.00,141.00,671.00,196.00,642.00,196.00
642.00,134.00,671.00,134.00,671.00,189.00,642.00,189.00
642.00,133.00,671.00,133.00,671.00,188.00,642.00,188.00
640.00,133.00,668.00,133.00,668.00,189.00,640.00,189.00
638.00,128.00,665.00,128.00,665.00,183.00,638.00,183.00
638.00,126.00,665.00,126.00,665.00,180.00,638.00,180.00
639.00,129.00,667.00,129.00,667.00,183.00,639.00,183.00
640.00,133.00,667.00,133.00,667.00,187.00,640.00,187.00
638.00,137.00,665.00,137.00,665.00,189.00,638.00,189.00
639.00,138.00,666.00,138.00,666.00,191.00,639.00,191.00
641.00,137.00,668.00,137.00,668.00,190.00,641.00,190.00
642.00,134.00,670.00,134.00,670.00,187.00,642.00,187.00
642.00,135.00,671.00,135.00,671.00,188.00,642.00,188.00
643.00,139.00,672.00,139.00,672.00,192.00,643.00,192.00
645.00,142.00,673.00,142.00,673.00,196.00,645.00,196.00
645.00,143.00,674.00,143.00,674.00,197.00,645.00,197.00
644.00,141.00,673.00,141.00,673.00,194.00,644.00,194.00
644.00,140.00,673.00,140.00,673.00,194.00,644.00,194.00
644.00,144.00,673.00,144.00,673.00,198.00,644.00,198.00
644.00,149.00,673.00,149.00,673.00,202.00,644.00,202.00
644.00,153.00,673.00,153.00,673.00,206.00,644.00,206.00
645.00,156.00,674.00,156.00,674.00,209.00,645.00,209.00
647.00,157.00,676.00,157.00,676.00,210.00,647.00,210.00
648.00,155.00,675.00,155.00,675.00,209.00,648.00,209.00
647.00,154.00,675.00,154.00,675.00,208.00,647.00,208.00
647.00,153.00,675.00,153.00,675.00,207.00,647.00,207.00
646.00,153.00,674.00,153.00,674.00,208.00,646.00,208.00
648.00,152.00,676.00,152.00,676.00,206.00,648.00,206.00
650.00,154.00,678.00,154.00,678.00,207.00,650.00,207.00
654.00,157.00,683.00,157.00,683.00,208.00,654.00,208.00
657.00,159.00,686.00,159.00,686.00,213.00,657.00,213.00
658.00,156.00,687.00,156.00,687.00,209.00,658.00,209.00
659.00,152.00,688.00,152.00,688.00,204.00,659.00,204.00
661.00,146.00,690.00,146.00,690.00,197.00,661.00,197.00
662.00,141.00,691.00,141.00,691.00,194.00,662.00,194.00
662.00,142.00,691.00,142.00,691.00,195.00,662.00,195.00
660.00,141.00,690.00,141.00,690.00,193.00,660.00,193.00
658.00,131.00,688.00,131.00,688.00,183.00,658.00,183.00
657.00,133.00,687.00,133.00,687.00,186.00,657.00,186.00
660.00,138.00,689.00,138.00,689.00,191.00,660.00,191.00
662.00,149.00,691.00,149.00,691.00,202.00,662.00,202.00
665.00,162.00,694.00,162.00,694.00,216.00,665.00,216.00
668.00,169.00,696.00,169.00,696.00,222.00,668.00,222.00
669.00,170.00,696.00,170.00,696.00,221.00,669.00,221.00
670.00,167.00,696.00,167.00,696.00,218.00,670.00,218.00
662.00,163.00,691.00,163.00,691.00,219.00,662.00,219.00
664.00,161.00,693.00,161.00,693.00,220.00,664.00,220.00
669.00,162.00,697.00,162.00,697.00,215.00,669.00,215.00
674.00,155.00,703.00,155.00,703.00,217.00,674.00,217.00
666.00,148.00,693.00,148.00,693.00,207.00,666.00,207.00
662.00,146.00,690.00,146.00,690.00,202.00,662.00,202.00
658.00,148.00,686.00,148.00,686.00,202.00,658.00,202.00
656.00,152.00,684.00,152.00,684.00,206.00,656.00,206.00
654.00,154.00,681.00,154.00,681.00,207.00,654.00,207.00
651.00,156.00,679.00,156.00,679.00,210.00,651.00,210.00
650.00,160.00,678.00,160.00,678.00,214.00,650.00,214.00
649.00,160.00,677.00,160.00,677.00,215.00,649.00,215.00
650.00,159.00,677.00,159.00,677.00,216.00,650.00,216.00
651.00,160.00,678.00,160.00,678.00,216.00,651.00,216.00
651.00,158.00,679.00,158.00,679.00,213.00,651.00,213.00
652.00,158.00,680.00,158.00,680.00,213.00,652.00,213.00
652.00,158.00,680.00,158.00,680.00,213.00,652.00,213.00
652.00,160.00,679.00,160.00,679.00,214.00,652.00,214.00
651.00,161.00,679.00,161.00,679.00,216.00,651.00,216.00
650.00,158.00,677.00,158.00,677.00,214.00,650.00,214.00
648.00,156.00,675.00,156.00,675.00,211.00,648.00,211.00
647.00,158.00,674.00,158.00,674.00,215.00,647.00,215.00
646.00,160.00,673.00,160.00,673.00,217.00,646.00,217.00
647.00,156.00,674.00,156.00,674.00,215.00,647.00,215.00
648.00,155.00,674.00,155.00,674.00,213.00,648.00,213.00
648.00,157.00,674.00,157.00,674.00,216.00,648.00,216.00
649.00,161.00,674.00,161.00,674.00,219.00,649.00,219.00
651.00,162.00,675.00,162.00,675.00,219.00,651.00,219.00
651.00,157.00,676.00,157.00,676.00,215.00,651.00,215.00
651.00,158.00,675.00,158.00,675.00,214.00,651.00,214.00
650.00,162.00,674.00,162.00,674.00,219.00,650.00,219.00
648.00,167.00,673.00,167.00,673.00,224.00,648.00,224.00
648.00,169.00,672.00,169.00,672.00,226.00,648.00,226.00
646.00,167.00,670.00,167.00,670.00,224.00,646.00,224.00
644.00,164.00,669.00,164.00,669.00,221.00,644.00,221.00
644.00,166.00,668.00,166.00,668.00,222.00,644.00,222.00
644.00,165.00,669.00,165.00,669.00,222.00,644.00,222.00
644.00,162.00,670.00,162.00,670.00,220.00,644.00,220.00
645.00,161.00,670.00,161.00,670.00,217.00,645.00,217.00
645.00,162.00,670.00,162.00,670.00,220.00,645.00,220.00
644.00,160.00,669.00,160.00,669.00,216.00,644.00,216.00
643.00,156.00,668.00,156.00,668.00,213.00,643.00,213.00
642.00,156.00,667.00,156.00,667.00,213.00,642.00,213.00
642.00,158.00,668.00,158.00,668.00,214.00,642.00,214.00
643.00,159.00,668.00,159.00,668.00,215.00,643.00,215.00
643.00,160.00,669.00,160.00,669.00,215.00,643.00,215.00
642.00,159.00,669.00,159.00,669.00,215.00,642.00,215.00
641.00,159.00,668.00,159.00,668.00,216.00,641.00,216.00
640.00,161.00,666.00,161.00,666.00,218.00,640.00,218.00
638.00,160.00,664.00,160.00,664.00,217.00,638.00,217.00
639.00,156.00,665.00,156.00,665.00,215.00,639.00,215.00
640.00,153.00,667.00,153.00,667.00,214.00,640.00,214.00
642.00,147.00,668.00,147.00,668.00,208.00,642.00,208.00
644.00,143.00,671.00,143.00,671.00,203.00,644.00,203.00
645.00,140.00,671.00,140.00,671.00,199.00,645.00,199.00
644.00,141.00,670.00,141.00,670.00,200.00,644.00,200.00
644.00,140.00,670.00,140.00,670.00,200.00,644.00,200.00
643.00,142.00,670.00,142.00,670.00,200.00,643.00,200.00
643.00,144.00,670.00,144.00,670.00,203.00,643.00,203.00
643.00,147.00,671.00,147.00,671.00,205.00,643.00,205.00
644.00,150.00,671.00,150.00,671.00,209.00,644.00,209.00
645.00,151.00,672.00,151.00,672.00,209.00,645.00,209.00
645.00,151.00,672.00,151.00,672.00,211.00,645.00,211.00
645.00,153.00,673.00,153.00,673.00,213.00,645.00,213.00
643.00,156.00,671.00,156.00,671.00,215.00,643.00,215.00
643.00,155.00,670.00,155.00,670.00,216.00,643.00,216.00
642.00,156.00,670.00,156.00,670.00,218.00,642.00,218.00
642.00,158.00,671.00,158.00,671.00,221.00,642.00,221.00
643.00,161.00,673.00,161.00,673.00,224.00,643.00,224.00
645.00,164.00,674.00,164.00,674.00,229.00,645.00,229.00
646.00,165.00,676.00,165.00,676.00,228.00,646.00,228.00
647.00,166.00,676.00,166.00,676.00,230.00,647.00,230.00
647.00,167.00,676.00,167.00,676.00,231.00,647.00,231.00
647.00,166.00,677.00,166.00,677.00,230.00,647.00,230.00
648.00,166.00,678.00,166.00,678.00,231.00,648.00,231.00
650.00,166.00,679.00,166.00,679.00,230.00,650.00,230.00
651.00,165.00,681.00,165.00,681.00,230.00,651.00,230.00
650.00,165.00,680.00,165.00,680.00,229.00,650.00,229.00
650.00,162.00,679.00,162.00,679.00,228.00,650.00,228.00
649.00,159.00,679.00,159.00,679.00,225.00,649.00,225.00
648.00,160.00,678.00,160.00,678.00,226.00,648.00,226.00
647.00,162.00,677.00,162.00,677.00,230.00,647.00,230.00
647.00,160.00,677.00,160.00,677.00,229.00,647.00,229.00
646.00,157.00,677.00,157.00,677.00,225.00,646.00,225.00
646.00,156.00,677.00,156.00,677.00,226.00,646.00,226.00
647.00,157.00,677.00,157.00,677.00,226.00,647.00,226.00
649.00,157.00,680.00,157.00,680.00,226.00,649.00,226.00
649.00,155.00,682.00,155.00,682.00,225.00,649.00,225.00
650.00,155.00,684.00,155.00,684.00,226.00,650.00,226.00
650.00,156.00,683.00,156.00,683.00,227.00,650.00,227.00
651.00,157.00,683.00,157.00,683.00,229.00,651.00,229.00
652.00,158.00,685.00,158.00,685.00,231.00,652.00,231.00
653.00,157.00,687.00,157.00,687.00,231.00,653.00,231.00
655.00,157.00,688.00,157.00,688.00,232.00,655.00,232.00
656.00,158.00,689.00,158.00,689.00,233.00,656.00,233.00
653.00,157.00,687.00,157.00,687.00,231.00,653.00,231.00
653.00,154.00,686.00,154.00,686.00,227.00,653.00,227.00
653.00,154.00,688.00,154.00,688.00,229.00,653.00,229.00
653.00,158.00,689.00,158.00,689.00,233.00,653.00,233.00
655.00,159.00,690.00,159.00,690.00,235.00,655.00,235.00
655.00,155.00,691.00,155.00,691.00,233.00,655.00,233.00
656.00,155.00,691.00,155.00,691.00,231.00,656.00,231.00
656.00,153.00,691.00,153.00,691.00,233.00,656.00,233.00
656.00,151.00,692.00,151.00,692.00,229.00,656.00,229.00
659.00,148.00,695.00,148.00,695.00,228.00,659.00,228.00
660.00,145.00,698.00,145.00,698.00,227.00,660.00,227.00
662.00,141.00,700.00,141.00,700.00,224.00,662.00,224.00
664.00,140.00,702.00,140.00,702.00,226.00,664.00,226.00
