1
660.00,126.00,692.00,126.00,692.00,194.00,660.00,194.00
660.00,125.00,692.00,125.00,692.00,194.00,660.00,194.00
658.00,132.00,689.00,132.00,689.00,201.00,658.00,201.00
658.00,139.00,689.00,139.00,689.00,208.00,658.00,208.00
657.00,142.00,688.00,142.00,688.00,209.00,657.00,209.00
657.00,139.00,688.00,139.00,688.00,206.00,657.00,206.00
657.00,137.00,688.00,137.00,688.00,204.00,657.00,204.00
656.00,138.00,687.00,138.00,687.00,204.00,656.00,204.00
654.00,143.00,685.00,143.00,685.00,208.00,654.00,208.00
652.00,146.00,683.00,146.00,683.00,211.00,652.00,211.00
651.00,147.00,682.00,147.00,682.00,212.00,651.00,212.00
651.00,144.00,682.00,144.00,682.00,208.00,651.00,208.00
649.00,137.00,681.00,137.00,681.00,202.00,649.00,202.00
645.00,132.00,677.00,132.00,677.00,196.00,645.00,196.00
640.00,131.00,670.00,131.00,670.00,194.00,640.00,194.00
634.00,137.00,665.00,137.00,665.00,201.00,634.00,201.00
629.00,146.00,659.00,146.00,659.00,210.00,629.00,210.00
627.00,153.00,657.00,153.00,657.00,217.00,627.00,217.00
626.00,159.00,658.00,159.00,658.00,221.00,626.00,221.00
627.00,158.00,657.00,158.00,657.00,219.00,627.00,219.00
628.00,155.00,658.00,155.00,658.00,217.00,628.00,217.00
631.00,154.00,661.00,154.00,661.00,215.00,631.00,215.00
633.00,152.00,663.00,152.00,663.00,213.00,633.00,213.00
635.00,151.00,665.00,151.00,665.00,212.00,635.00,212.00
636.00,149.00,666.00,149.00,666.00,209.00,636.00,209.00
636.00,146.00,667.00,146.00,667.00,206.00,636.00,206.00
636.00,138.00,666.00,138.00,666.00,198.00,636.00,198.00
636.00,131.00,666.00,131.00,666.00,189.00,636.00,189.00
637.00,132.00,667.00,132.00,667.00,191.00,637.00,191.00
638.00,137.00,668.00,137.00,668.00,197.00,638.00,197.00
639.00,145.00,668.00,145.00,668.00,204.00,639.00,204.00
639.00,140.00,669.00,140.00,669.00,200.00,639.00,200.00
638.00,145.00,668.00,145.00,668.00,204.00,638.00,204.00
641.00,159.00,671.00,159.00,671.00,219.00,641.00,219.00
643.00,164.00,672.00,164.00,672.00,223.00,643.00,223.00
641.00,153.00,670.00,153.00,670.00,210.00,641.00,210.00
641.00,144.00,670.00,144.00,670.00,201.00,641.00,201.00
642.00,139.00,671.00,139.00,671.00,196.00,642.00,196.00
642.00,133.00,672.00,133.00,672.00,190.00,642.00,190.00
642.00,131.00,672.00,131.00,672.00,188.00,642.00,188.00
641.00,132.00,669.00,132.00,669.00,189.00,641.00,189.00
637.00,127.00,667.00,127.00,667.00,184.00,637.00,184.00
637.00,125.00,666.00,125.00,666.00,182.00,637.00,182.00
639.00,128.00,668.00,128.00,668.00,183.00,639.00,183.00
639.00,132.00,668.00,132.00,668.00,187.00,639.00,187.00
637.00,135.00,667.00,135.00,667.00,189.00,637.00,189.00
638.00,137.00,666.00,137.00,666.00,192.00,638.00,192.00
640.00,136.00,668.00,136.00,668.00,190.00,640.00,190.00
641.00,133.00,670.00,133.00,670.00,187.00,641.00,187.00
641.00,134.00,670.00,134.00,670.00,187.00,641.00,187.00
643.00,138.00,672.00,138.00,672.00,191.00,643.00,191.00
645.00,142.00,673.00,142.00,673.00,196.00,645.00,196.00
645.00,143.00,673.00,143.00,673.00,196.00,645.00,196.00
645.00,140.00,672.00,140.00,672.00,194.00,645.00,194.00
645.00,140.00,673.00,140.00,673.00,194.00,645.00,194.00
644.00,143.00,672.00,143.00,672.00,198.00,644.00,198.00
644.00,148.00,672.00,148.00,672.00,202.00,644.00,202.00
644.00,152.00,672.00,152.00,672.00,205.00,644.00,205.00
646.00,155.00,674.00,155.00,674.00,209.00,646.00,209.00
648.00,157.00,676.00,157.00,676.00,210.00,648.00,210.00
648.00,154.00,676.00,154.00,676.00,208.00,648.00,208.00
647.00,154.00,674.00,154.00,674.00,209.00,647.00,209.00
647.00,153.00,675.00,153.00,675.00,208.00,647.00,208.00
648.00,154.00,675.00,154.00,675.00,208.00,648.00,208.00
648.00,153.00,676.00,153.00,676.00,207.00,648.00,207.00
651.00,153.00,679.00,153.00,679.00,206.00,651.00,206.00
654.00,155.00,682.00,155.00,682.00,209.00,654.00,209.00
657.00,158.00,685.00,158.00,685.00,213.00,657.00,213.00
659.00,155.00,688.00,155.00,688.00,208.00,659.00,208.00
660.00,151.00,689.00,151.00,689.00,205.00,660.00,205.00
661.00,146.00,690.00,146.00,690.00,199.00,661.00,199.00
662.00,140.00,691.00,140.00,691.00,195.00,662.00,195.00
662.00,141.00,690.00,141.00,690.00,195.00,662.00,195.00
661.00,140.00,690.00,140.00,690.00,193.00,661.00,193.00
659.00,131.00,687.00,131.00,687.00,184.00,659.00,184.00
658.00,131.00,687.00,131.00,687.00,187.00,658.00,187.00
660.00,137.00,689.00,137.00,689.00,192.00,660.00,192.00
662.00,148.00,691.00,148.00,691.00,204.00,662.00,204.00
664.00,161.00,694.00,161.00,694.00,217.00,664.00,217.00
668.00,167.00,696.00,167.00,696.00,223.00,668.00,223.00
667.00,168.00,697.00,168.00,697.00,223.00,667.00,223.00
667.00,165.00,696.00,165.00,696.00,219.00,667.00,219.00
662.00,161.00,692.00,161.00,692.00,219.00,662.00,219.00
664.00,161.00,694.00,161.00,694.00,221.00,664.00,221.00
669.00,160.00,699.00,160.00,699.00,215.00,669.00,215.00
671.00,152.00,701.00,152.00,701.00,207.00,671.00,207.00
665.00,147.00,694.00,147.00,694.00,209.00,665.00,209.00
662.00,145.00,691.00,145.00,691.00,201.00,662.00,201.00
657.00,148.00,687.00,148.00,687.00,203.00,657.00,203.00
655.00,151.00,684.00,151.00,684.00,206.00,655.00,206.00
653.00,153.00,682.00,153.00,682.00,208.00,653.00,208.00
650.00,155.00,679.00,155.00,679.00,211.00,650.00,211.00
649.00,159.00,677.00,159.00,677.00,214.00,649.00,214.00
649.00,160.00,678.00,160.00,678.00,215.00,649.00,215.00
649.00,159.00,678.00,159.00,678.00,215.00,649.00,215.00
650.00,160.00,679.00,160.00,679.00,216.00,650.00,216.00
651.00,157.00,680.00,157.00,680.00,214.00,651.00,214.00
651.00,157.00,680.00,157.00,680.00,213.00,651.00,213.00
651.00,157.00,680.00,157.00,680.00,215.00,651.00,215.00
651.00,159.00,680.00,159.00,680.00,215.00,651.00,215.00
650.00,159.00,680.00,159.00,680.00,217.00,650.00,217.00
650.00,157.00,678.00,157.00,678.00,215.00,650.00,215.00
647.00,155.00,677.00,155.00,677.00,211.00,647.00,211.00
647.00,158.00,675.00,158.00,675.00,215.00,647.00,215.00
646.00,160.00,675.00,160.00,675.00,217.00,646.00,217.00
647.00,157.00,674.00,157.00,674.00,215.00,647.00,215.00
647.00,155.00,674.00,155.00,674.00,213.00,647.00,213.00
648.00,157.00,675.00,157.00,675.00,216.00,648.00,216.00
649.00,161.00,675.00,161.00,675.00,218.00,649.00,218.00
650.00,162.00,676.00,162.00,676.00,219.00,650.00,219.00
650.00,157.00,677.00,157.00,677.00,214.00,650.00,214.00
650.00,158.00,676.00,158.00,676.00,215.00,650.00,215.00
650.00,163.00,677.00,163.00,677.00,220.00,650.00,220.00
648.00,167.00,674.00,167.00,674.00,224.00,648.00,224.00
647.00,170.00,673.00,170.00,673.00,226.00,647.00,226.00
646.00,167.00,672.00,167.00,672.00,224.00,646.00,224.00
643.00,165.00,670.00,165.00,670.00,221.00,643.00,221.00
644.00,167.00,670.00,167.00,670.00,224.00,644.00,224.00
643.00,165.00,670.00,165.00,670.00,221.00,643.00,221.00
643.00,163.00,670.00,163.00,670.00,219.00,643.00,219.00
644.00,162.00,670.00,162.00,670.00,218.00,644.00,218.00
644.00,163.00,671.00,163.00,671.00,219.00,644.00,219.00
643.00,161.00,670.00,161.00,670.00,217.00,643.00,217.00
641.00,156.00,668.00,156.00,668.00,213.00,641.00,213.00
642.00,156.00,668.00,156.00,668.00,213.00,642.00,213.00
641.00,157.00,668.00,157.00,668.00,214.00,641.00,214.00
642.00,158.00,669.00,158.00,669.00,217.00,642.00,217.00
642.00,159.00,670.00,159.00,670.00,217.00,642.00,217.00
640.00,159.00,668.00,159.00,668.00,216.00,640.00,216.00
640.00,159.00,669.00,159.00,669.00,216.00,640.00,216.00
639.00,160.00,667.00,160.00,667.00,219.00,639.00,219.00
638.00,159.00,666.00,159.00,666.00,218.00,638.00,218.00
638.00,157.00,666.00,157.00,666.00,215.00,638.00,215.00
639.00,153.00,668.00,153.00,668.00,212.00,639.00,212.00
642.00,148.00,670.00,148.00,670.00,209.00,642.00,209.00
643.00,143.00,671.00,143.00,671.00,203.00,643.00,203.00
644.00,139.00,672.00,139.00,672.00,200.00,644.00,200.00
644.00,140.00,672.00,140.00,672.00,201.00,644.00,201.00
642.00,138.00,671.00,138.00,671.00,201.00,642.00,201.00
642.00,140.00,670.00,140.00,670.00,202.00,642.00,202.00
642.00,142.00,671.00,142.00,671.00,204.00,642.00,204.00
642.00,145.00,670.00,145.00,670.00,208.00,642.00,208.00
642.00,148.00,671.00,148.00,671.00,210.00,642.00,210.00
643.00,149.00,672.00,149.00,672.00,211.00,643.00,211.00
643.00,150.00,672.00,150.00,672.00,213.00,643.00,213.00
644.00,152.00,673.00,152.00,673.00,215.00,644.00,215.00
643.00,154.00,672.00,154.00,672.00,216.00,643.00,216.00
642.00,154.00,672.00,154.00,672.00,217.00,642.00,217.00
640.00,155.00,671.00,155.00,671.00,219.00,640.00,219.00
641.00,157.00,672.00,157.00,672.00,222.00,641.00,222.00
642.00,160.00,673.00,160.00,673.00,226.00,642.00,226.00
644.00,163.00,674.00,163.00,674.00,229.00,644.00,229.00
646.00,163.00,675.00,163.00,675.00,229.00,646.00,229.00
646.00,165.00,676.00,165.00,676.00,231.00,646.00,231.00
646.00,166.00,676.00,166.00,676.00,233.00,646.00,233.00
647.00,166.00,677.00,166.00,677.00,231.00,647.00,231.00
647.00,166.00,678.00,166.00,678.00,231.00,647.00,231.00
649.00,166.00,679.00,166.00,679.00,232.00,649.00,232.00
650.00,165.00,680.00,165.00,680.00,231.00,650.00,231.00
649.00,164.00,680.00,164.00,680.00,230.00,649.00,230.00
649.00,162.00,679.00,162.00,679.00,228.00,649.00,228.00
648.00,158.00,679.00,158.00,679.00,225.00,648.00,225.00
648.00,159.00,679.00,159.00,679.00,227.00,648.00,227.00
646.00,162.00,678.00,162.00,678.00,231.00,646.00,231.00
645.00,160.00,678.00,160.00,678.00,230.00,645.00,230.00
645.00,158.00,677.00,158.00,677.00,227.00,645.00,227.00
646.00,157.00,678.00,157.00,678.00,226.00,646.00,226.00
646.00,157.00,678.00,157.00,678.00,227.00,646.00,227.00
648.00,158.00,681.00,158.00,681.00,228.00,648.00,228.00
649.00,155.00,683.00,155.00,683.00,226.00,649.00,226.00
649.00,154.00,683.00,154.00,683.00,226.00,649.00,226.00
648.00,155.00,683.00,155.00,683.00,229.00,648.00,229.00
649.00,156.00,684.00,156.00,684.00,231.00,649.00,231.00
651.00,157.00,686.00,157.00,686.00,232.00,651.00,232.00
651.00,157.00,687.00,157.00,687.00,234.00,651.00,234.00
653.00,156.00,690.00,156.00,690.00,232.00,653.00,232.00
654.00,158.00,690.00,158.00,690.00,233.00,654.00,233.00
652.00,156.00,688.00,156.00,688.00,232.00,652.00,232.00
652.00,153.00,688.00,153.00,688.00,229.00,652.00,229.00
651.00,154.00,689.00,154.00,689.00,230.00,651.00,230.00
652.00,158.00,690.00,158.00,690.00,235.00,652.00,235.00
653.00,159.00,690.00,159.00,690.00,237.00,653.00,237.00
653.00,153.00,691.00,153.00,691.00,234.00,653.00,234.00
653.00,153.00,692.00,153.00,692.00,233.00,653.00,233.00
654.00,153.00,692.00,153.00,692.00,234.00,654.00,234.00
654.00,150.00,694.00,150.00,694.00,231.00,654.00,231.00
656.00,147.00,696.00,147.00,696.00,230.00,656.00,230.00
658.00,145.00,698.00,145.00,698.00,226.00,658.00,226.00
660.00,141.00,700.00,141.00,700.00,224.00,660.00,224.00
662.00,141.00,702.00,141.00,702.00,225.00,662.00,225.00
