1
294.00,138.00,374.00,138.00,374.00,225.00,294.00,225.00
291.00,140.00,373.00,140.00,373.00,230.00,291.00,230.00
291.00,144.00,371.00,144.00,371.00,234.00,291.00,234.00
292.00,146.00,373.00,146.00,373.00,236.00,292.00,236.00
296.00,147.00,377.00,147.00,377.00,237.00,296.00,237.00
300.00,147.00,380.00,147.00,380.00,235.00,300.00,235.00
303.00,148.00,382.00,148.00,382.00,235.00,303.00,235.00
303.00,148.00,383.00,148.00,383.00,235.00,303.00,235.00
301.00,150.00,384.00,150.00,384.00,237.00,301.00,237.00
302.00,149.00,382.00,149.00,382.00,238.00,302.00,238.00
307.00,149.00,386.00,149.00,386.00,238.00,307.00,238.00
312.00,145.00,398.00,145.00,398.00,238.00,312.00,238.00
319.00,140.00,404.00,140.00,404.00,232.00,319.00,232.00
326.00,136.00,408.00,136.00,408.00,228.00,326.00,228.00
329.00,131.00,409.00,131.00,409.00,225.00,329.00,225.00
328.00,130.00,410.00,130.00,410.00,222.00,328.00,222.00
327.00,128.00,411.00,128.00,411.00,223.00,327.00,223.00
329.00,126.00,413.00,126.00,413.00,224.00,329.00,224.00
331.00,121.00,418.00,121.00,418.00,220.00,331.00,220.00
336.00,118.00,424.00,118.00,424.00,214.00,336.00,214.00
341.00,113.00,429.00,113.00,429.00,211.00,341.00,211.00
346.00,109.00,436.00,109.00,436.00,210.00,346.00,210.00
347.00,110.00,441.00,110.00,441.00,211.00,347.00,211.00
355.00,115.00,452.00,115.00,452.00,220.00,355.00,220.00
364.00,122.00,463.00,122.00,463.00,227.00,364.00,227.00
368.00,126.00,466.00,126.00,466.00,229.00,368.00,229.00
372.00,118.00,457.00,118.00,457.00,219.00,372.00,219.00
364.00,101.00,450.00,101.00,450.00,203.00,364.00,203.00
341.00,90.00,441.00,90.00,441.00,198.00,341.00,198.00
336.00,84.00,430.00,84.00,430.00,188.00,336.00,188.00
330.00,81.00,423.00,81.00,423.00,182.00,330.00,182.00
329.00,79.00,423.00,79.00,423.00,183.00,329.00,183.00
329.00,79.00,421.00,79.00,421.00,185.00,329.00,185.00
331.00,89.00,425.00,89.00,425.00,191.00,331.00,191.00
352.00,109.00,436.00,109.00,436.00,208.00,352.00,208.00
340.00,70.00,424.00,70.00,424.00,169.00,340.00,169.00
366.00,130.00,462.00,130.00,462.00,234.00,366.00,234.00
363.00,123.00,458.00,123.00,458.00,232.00,363.00,232.00
368.00,112.00,452.00,112.00,452.00,211.00,368.00,211.00
353.00,97.00,449.00,97.00,449.00,205.00,353.00,205.00
348.00,86.00,449.00,86.00,449.00,196.00,348.00,196.00
348.00,83.00,449.00,83.00,449.00,188.00,348.00,188.00
351.00,82.00,446.00,82.00,446.00,185.00,351.00,185.00
353.00,81.00,447.00,81.00,447.00,185.00,353.00,185.00
356.00,90.00,449.00,90.00,449.00,198.00,356.00,198.00
360.00,99.00,453.00,99.00,453.00,208.00,360.00,208.00
366.00,109.00,449.00,109.00,449.00,209.00,366.00,209.00
374.00,133.00,464.00,133.00,464.00,238.00,374.00,238.00
374.00,139.00,468.00,139.00,468.00,250.00,374.00,250.00
372.00,140.00,456.00,140.00,456.00,243.00,372.00,243.00
362.00,111.00,455.00,111.00,455.00,226.00,362.00,226.00
358.00,105.00,452.00,105.00,452.00,211.00,358.00,211.00
355.00,105.00,447.00,105.00,447.00,201.00,355.00,201.00
349.00,112.00,443.00,112.00,443.00,211.00,349.00,211.00
349.00,119.00,441.00,119.00,441.00,217.00,349.00,217.00
351.00,123.00,437.00,123.00,437.00,224.00,351.00,224.00
346.00,129.00,423.00,129.00,423.00,224.00,346.00,224.00
329.00,108.00,403.00,108.00,403.00,199.00,329.00,199.00
342.00,113.00,418.00,113.00,418.00,208.00,342.00,208.00
384.00,122.00,461.00,122.00,461.00,218.00,384.00,218.00
399.00,110.00,475.00,110.00,475.00,205.00,399.00,205.00
363.00,124.00,439.00,124.00,439.00,219.00,363.00,219.00
312.00,130.00,399.00,130.00,399.00,227.00,312.00,227.00
313.00,131.00,394.00,131.00,394.00,218.00,313.00,218.00
309.00,128.00,388.00,128.00,388.00,213.00,309.00,213.00
306.00,129.00,384.00,129.00,384.00,216.00,306.00,216.00
302.00,134.00,378.00,134.00,378.00,225.00,302.00,225.00
302.00,142.00,377.00,142.00,377.00,234.00,302.00,234.00
306.00,161.00,377.00,161.00,377.00,249.00,306.00,249.00
299.00,182.00,370.00,182.00,370.00,270.00,299.00,270.00
303.00,196.00,374.00,196.00,374.00,286.00,303.00,286.00
292.00,197.00,367.00,197.00,367.00,291.00,292.00,291.00
289.00,177.00,360.00,177.00,360.00,265.00,289.00,265.00
282.00,155.00,355.00,155.00,355.00,245.00,282.00,245.00
274.00,143.00,348.00,143.00,348.00,233.00,274.00,233.00
270.00,135.00,346.00,135.00,346.00,222.00,270.00,222.00
267.00,134.00,340.00,134.00,340.00,215.00,267.00,215.00
269.00,133.00,342.00,133.00,342.00,215.00,269.00,215.00
269.00,138.00,341.00,138.00,341.00,223.00,269.00,223.00
259.00,147.00,332.00,147.00,332.00,238.00,259.00,238.00
263.00,164.00,333.00,164.00,333.00,253.00,263.00,253.00
253.00,179.00,327.00,179.00,327.00,274.00,253.00,274.00
252.00,188.00,330.00,188.00,330.00,283.00,252.00,283.00
248.00,190.00,326.00,190.00,326.00,286.00,248.00,286.00
245.00,178.00,322.00,178.00,322.00,277.00,245.00,277.00
244.00,175.00,321.00,175.00,321.00,268.00,244.00,268.00
239.00,175.00,317.00,175.00,317.00,265.00,239.00,265.00
238.00,180.00,313.00,180.00,313.00,266.00,238.00,266.00
234.00,186.00,308.00,186.00,308.00,273.00,234.00,273.00
237.00,191.00,307.00,191.00,307.00,281.00,237.00,281.00
235.00,203.00,305.00,203.00,305.00,293.00,235.00,293.00
223.00,194.00,293.00,194.00,293.00,285.00,223.00,285.00
243.00,178.00,314.00,178.00,314.00,270.00,243.00,270.00
297.00,164.00,369.00,164.00,369.00,257.00,297.00,257.00
300.00,173.00,372.00,173.00,372.00,266.00,300.00,266.00
294.00,173.00,367.00,173.00,367.00,267.00,294.00,267.00
293.00,180.00,366.00,180.00,366.00,274.00,293.00,274.00
2
0
0
0
0
1
261.00,144.00,320.00,144.00,320.00,206.00,261.00,206.00
250.00,157.00,309.00,157.00,309.00,219.00,250.00,219.00
252.00,168.00,311.00,168.00,311.00,230.00,252.00,230.00
235.00,193.00,296.00,193.00,296.00,257.00,235.00,257.00
247.00,188.00,309.00,188.00,309.00,253.00,247.00,253.00
233.00,213.00,296.00,213.00,296.00,279.00,233.00,279.00
251.00,198.00,314.00,198.00,314.00,264.00,251.00,264.00
2
0
0
0
0
1
237.00,144.00,295.00,144.00,295.00,208.00,237.00,208.00
238.00,154.00,297.00,154.00,297.00,219.00,238.00,219.00
262.00,181.00,320.00,181.00,320.00,245.00,262.00,245.00
246.00,178.00,305.00,178.00,305.00,243.00,246.00,243.00
249.00,130.00,301.00,130.00,301.00,194.00,249.00,194.00
243.00,137.00,303.00,137.00,303.00,203.00,243.00,203.00
243.00,156.00,301.00,156.00,301.00,220.00,243.00,220.00
246.00,133.00,307.00,133.00,307.00,197.00,246.00,197.00
246.00,134.00,313.00,134.00,313.00,199.00,246.00,199.00
256.00,131.00,320.00,131.00,320.00,198.00,256.00,198.00
254.00,135.00,319.00,135.00,319.00,196.00,254.00,196.00
258.00,132.00,325.00,132.00,325.00,200.00,258.00,200.00
270.00,130.00,333.00,130.00,333.00,200.00,270.00,200.00
296.00,165.00,359.00,165.00,359.00,235.00,296.00,235.00
274.00,139.00,337.00,139.00,337.00,214.00,274.00,214.00
276.00,143.00,339.00,143.00,339.00,215.00,276.00,215.00
275.00,151.00,343.00,151.00,343.00,219.00,275.00,219.00
279.00,162.00,343.00,162.00,343.00,231.00,279.00,231.00
280.00,159.00,348.00,159.00,348.00,229.00,280.00,229.00
279.00,154.00,349.00,154.00,349.00,221.00,279.00,221.00
285.00,154.00,350.00,154.00,350.00,219.00,285.00,219.00
286.00,151.00,350.00,151.00,350.00,216.00,286.00,216.00
291.00,166.00,348.00,166.00,348.00,231.00,291.00,231.00
282.00,149.00,345.00,149.00,345.00,218.00,282.00,218.00
278.00,149.00,342.00,149.00,342.00,221.00,278.00,221.00
280.00,151.00,343.00,151.00,343.00,222.00,280.00,222.00
277.00,152.00,339.00,152.00,339.00,220.00,277.00,220.00
276.00,150.00,338.00,150.00,338.00,216.00,276.00,216.00
272.00,157.00,340.00,157.00,340.00,233.00,272.00,233.00
263.00,141.00,335.00,141.00,335.00,213.00,263.00,213.00
255.00,140.00,330.00,140.00,330.00,213.00,255.00,213.00
251.00,142.00,321.00,142.00,321.00,209.00,251.00,209.00
242.00,140.00,316.00,140.00,316.00,215.00,242.00,215.00
233.00,144.00,307.00,144.00,307.00,211.00,233.00,211.00
227.00,165.00,298.00,165.00,298.00,235.00,227.00,235.00
218.00,161.00,289.00,161.00,289.00,231.00,218.00,231.00
219.00,161.00,285.00,161.00,285.00,232.00,219.00,232.00
223.00,146.00,286.00,146.00,286.00,216.00,223.00,216.00
213.00,142.00,283.00,142.00,283.00,218.00,213.00,218.00
208.00,142.00,279.00,142.00,279.00,216.00,208.00,216.00
205.00,147.00,277.00,147.00,277.00,219.00,205.00,219.00
205.00,146.00,277.00,146.00,277.00,218.00,205.00,218.00
204.00,144.00,278.00,144.00,278.00,222.00,204.00,222.00
202.00,147.00,279.00,147.00,279.00,224.00,202.00,224.00
208.00,146.00,282.00,146.00,282.00,228.00,208.00,228.00
209.00,146.00,288.00,146.00,288.00,230.00,209.00,230.00
215.00,153.00,294.00,153.00,294.00,230.00,215.00,230.00
220.00,156.00,303.00,156.00,303.00,237.00,220.00,237.00
226.00,160.00,310.00,160.00,310.00,239.00,226.00,239.00
237.00,160.00,318.00,160.00,318.00,240.00,237.00,240.00
259.00,163.00,330.00,163.00,330.00,241.00,259.00,241.00
260.00,164.00,339.00,164.00,339.00,238.00,260.00,238.00
266.00,170.00,345.00,170.00,345.00,238.00,266.00,238.00
268.00,171.00,350.00,171.00,350.00,249.00,268.00,249.00
271.00,175.00,356.00,175.00,356.00,256.00,271.00,256.00
276.00,180.00,356.00,180.00,356.00,258.00,276.00,258.00
280.00,180.00,358.00,180.00,358.00,253.00,280.00,253.00
282.00,182.00,360.00,182.00,360.00,256.00,282.00,256.00
283.00,183.00,362.00,183.00,362.00,253.00,283.00,253.00
294.00,190.00,369.00,190.00,369.00,263.00,294.00,263.00
299.00,182.00,372.00,182.00,372.00,260.00,299.00,260.00
307.00,185.00,382.00,185.00,382.00,260.00,307.00,260.00
305.00,188.00,382.00,188.00,382.00,264.00,305.00,264.00
311.00,186.00,385.00,186.00,385.00,258.00,311.00,258.00
316.00,176.00,387.00,176.00,387.00,252.00,316.00,252.00
309.00,185.00,389.00,185.00,389.00,255.00,309.00,255.00
322.00,181.00,402.00,181.00,402.00,250.00,322.00,250.00
333.00,168.00,403.00,168.00,403.00,243.00,333.00,243.00
328.00,177.00,402.00,177.00,402.00,243.00,328.00,243.00
340.00,173.00,419.00,173.00,419.00,248.00,340.00,248.00
338.00,174.00,422.00,174.00,422.00,260.00,338.00,260.00
355.00,183.00,432.00,183.00,432.00,266.00,355.00,266.00
355.00,183.00,427.00,183.00,427.00,260.00,355.00,260.00
346.00,174.00,419.00,174.00,419.00,252.00,346.00,252.00
346.00,161.00,423.00,161.00,423.00,245.00,346.00,245.00
340.00,156.00,417.00,156.00,417.00,238.00,340.00,238.00
336.00,156.00,414.00,156.00,414.00,235.00,336.00,235.00
336.00,156.00,406.00,156.00,406.00,237.00,336.00,237.00
336.00,162.00,410.00,162.00,410.00,252.00,336.00,252.00
331.00,169.00,410.00,169.00,410.00,262.00,331.00,262.00
334.00,174.00,412.00,174.00,412.00,257.00,334.00,257.00
342.00,188.00,413.00,188.00,413.00,265.00,342.00,265.00
343.00,171.00,415.00,171.00,415.00,248.00,343.00,248.00
335.00,163.00,413.00,163.00,413.00,253.00,335.00,253.00
344.00,177.00,420.00,177.00,420.00,257.00,344.00,257.00
338.00,150.00,407.00,150.00,407.00,228.00,338.00,228.00
338.00,147.00,407.00,147.00,407.00,216.00,338.00,216.00
339.00,142.00,403.00,142.00,403.00,209.00,339.00,209.00
342.00,171.00,415.00,171.00,415.00,248.00,342.00,248.00
332.00,160.00,401.00,160.00,401.00,234.00,332.00,234.00
338.00,164.00,403.00,164.00,403.00,232.00,338.00,232.00
322.00,176.00,392.00,176.00,392.00,246.00,322.00,246.00
316.00,164.00,389.00,164.00,389.00,238.00,316.00,238.00
308.00,159.00,377.00,159.00,377.00,233.00,308.00,233.00
304.00,161.00,370.00,161.00,370.00,237.00,304.00,237.00
306.00,159.00,365.00,159.00,365.00,223.00,306.00,223.00
304.00,162.00,364.00,162.00,364.00,225.00,304.00,225.00
299.00,167.00,360.00,167.00,360.00,235.00,299.00,235.00
298.00,170.00,358.00,170.00,358.00,236.00,298.00,236.00
294.00,179.00,355.00,179.00,355.00,249.00,294.00,249.00
292.00,192.00,355.00,192.00,355.00,260.00,292.00,260.00
296.00,200.00,359.00,200.00,359.00,265.00,296.00,265.00
297.00,190.00,362.00,190.00,362.00,254.00,297.00,254.00
296.00,184.00,359.00,184.00,359.00,251.00,296.00,251.00
297.00,182.00,359.00,182.00,359.00,246.00,297.00,246.00
296.00,181.00,358.00,181.00,358.00,241.00,296.00,241.00
297.00,181.00,359.00,181.00,359.00,241.00,297.00,241.00
294.00,185.00,359.00,185.00,359.00,255.00,294.00,255.00
295.00,185.00,356.00,185.00,356.00,253.00,295.00,253.00
294.00,194.00,355.00,194.00,355.00,256.00,294.00,256.00
298.00,193.00,359.00,193.00,359.00,254.00,298.00,254.00
297.00,186.00,355.00,186.00,355.00,251.00,297.00,251.00
291.00,170.00,347.00,170.00,347.00,236.00,291.00,236.00
291.00,169.00,346.00,169.00,346.00,231.00,291.00,231.00
290.00,167.00,342.00,167.00,342.00,222.00,290.00,222.00
286.00,166.00,338.00,166.00,338.00,220.00,286.00,220.00
287.00,169.00,340.00,169.00,340.00,227.00,287.00,227.00
286.00,175.00,340.00,175.00,340.00,232.00,286.00,232.00
288.00,182.00,342.00,182.00,342.00,240.00,288.00,240.00
287.00,187.00,342.00,187.00,342.00,244.00,287.00,244.00
291.00,189.00,344.00,189.00,344.00,246.00,291.00,246.00
296.00,174.00,344.00,174.00,344.00,226.00,296.00,226.00
295.00,176.00,346.00,176.00,346.00,230.00,295.00,230.00
299.00,185.00,350.00,185.00,350.00,236.00,299.00,236.00
301.00,191.00,349.00,191.00,349.00,241.00,301.00,241.00
303.00,188.00,353.00,188.00,353.00,240.00,303.00,240.00
309.00,179.00,355.00,179.00,355.00,232.00,309.00,232.00
300.00,159.00,357.00,159.00,357.00,219.00,300.00,219.00
300.00,160.00,347.00,160.00,347.00,213.00,300.00,213.00
301.00,155.00,348.00,155.00,348.00,204.00,301.00,204.00
303.00,151.00,347.00,151.00,347.00,196.00,303.00,196.00
263.00,136.00,314.00,136.00,314.00,188.00,263.00,188.00
265.00,138.00,315.00,138.00,315.00,192.00,265.00,192.00
284.00,136.00,330.00,136.00,330.00,190.00,284.00,190.00
301.00,157.00,348.00,157.00,348.00,206.00,301.00,206.00
305.00,161.00,351.00,161.00,351.00,209.00,305.00,209.00
307.00,150.00,351.00,150.00,351.00,199.00,307.00,199.00
307.00,141.00,350.00,141.00,350.00,191.00,307.00,191.00
294.00,130.00,340.00,130.00,340.00,180.00,294.00,180.00
280.00,123.00,327.00,123.00,327.00,175.00,280.00,175.00
303.00,133.00,345.00,133.00,345.00,177.00,303.00,177.00
303.00,132.00,347.00,132.00,347.00,177.00,303.00,177.00
303.00,134.00,347.00,134.00,347.00,179.00,303.00,179.00
300.00,139.00,345.00,139.00,345.00,183.00,300.00,183.00
297.00,144.00,339.00,144.00,339.00,187.00,297.00,187.00
298.00,137.00,338.00,137.00,338.00,183.00,298.00,183.00
295.00,133.00,335.00,133.00,335.00,180.00,295.00,180.00
293.00,124.00,335.00,124.00,335.00,173.00,293.00,173.00
292.00,124.00,332.00,124.00,332.00,167.00,292.00,167.00
291.00,126.00,332.00,126.00,332.00,169.00,291.00,169.00
290.00,129.00,330.00,129.00,330.00,171.00,290.00,171.00
289.00,132.00,330.00,132.00,330.00,174.00,289.00,174.00
287.00,138.00,329.00,138.00,329.00,184.00,287.00,184.00
287.00,148.00,329.00,148.00,329.00,194.00,287.00,194.00
285.00,155.00,327.00,155.00,327.00,198.00,285.00,198.00
283.00,150.00,325.00,150.00,325.00,193.00,283.00,193.00
282.00,148.00,326.00,148.00,326.00,191.00,282.00,191.00
283.00,149.00,326.00,149.00,326.00,188.00,283.00,188.00
283.00,149.00,326.00,149.00,326.00,189.00,283.00,189.00
286.00,147.00,328.00,147.00,328.00,186.00,286.00,186.00
290.00,150.00,334.00,150.00,334.00,189.00,290.00,189.00
291.00,156.00,336.00,156.00,336.00,195.00,291.00,195.00
294.00,161.00,336.00,161.00,336.00,201.00,294.00,201.00
289.00,165.00,336.00,165.00,336.00,209.00,289.00,209.00
294.00,159.00,338.00,159.00,338.00,201.00,294.00,201.00
289.00,156.00,334.00,156.00,334.00,203.00,289.00,203.00
291.00,151.00,332.00,151.00,332.00,196.00,291.00,196.00
295.00,144.00,337.00,144.00,337.00,182.00,295.00,182.00
295.00,147.00,337.00,147.00,337.00,187.00,295.00,187.00
295.00,144.00,337.00,144.00,337.00,182.00,295.00,182.00
298.00,146.00,337.00,146.00,337.00,186.00,298.00,186.00
296.00,151.00,336.00,151.00,336.00,191.00,296.00,191.00
297.00,149.00,338.00,149.00,338.00,188.00,297.00,188.00
299.00,148.00,336.00,148.00,336.00,188.00,299.00,188.00
302.00,141.00,339.00,141.00,339.00,180.00,302.00,180.00
304.00,138.00,339.00,138.00,339.00,175.00,304.00,175.00
307.00,133.00,344.00,133.00,344.00,169.00,307.00,169.00
308.00,132.00,346.00,132.00,346.00,168.00,308.00,168.00
308.00,130.00,347.00,130.00,347.00,168.00,308.00,168.00
310.00,138.00,351.00,138.00,351.00,177.00,310.00,177.00
310.00,143.00,349.00,143.00,349.00,181.00,310.00,181.00
307.00,143.00,347.00,143.00,347.00,179.00,307.00,179.00
308.00,142.00,346.00,142.00,346.00,179.00,308.00,179.00
306.00,136.00,345.00,136.00,345.00,175.00,306.00,175.00
306.00,131.00,346.00,131.00,346.00,169.00,306.00,169.00
306.00,126.00,345.00,126.00,345.00,163.00,306.00,163.00
306.00,125.00,345.00,125.00,345.00,161.00,306.00,161.00
308.00,126.00,346.00,126.00,346.00,162.00,308.00,162.00
314.00,124.00,352.00,124.00,352.00,165.00,314.00,165.00
314.00,139.00,352.00,139.00,352.00,180.00,314.00,180.00
312.00,152.00,348.00,152.00,348.00,192.00,312.00,192.00
310.00,148.00,347.00,148.00,347.00,184.00,310.00,184.00
313.00,148.00,349.00,148.00,349.00,186.00,313.00,186.00
315.00,144.00,351.00,144.00,351.00,183.00,315.00,183.00
315.00,140.00,351.00,140.00,351.00,180.00,315.00,180.00
318.00,130.00,355.00,130.00,355.00,168.00,318.00,168.00
315.00,133.00,353.00,133.00,353.00,170.00,315.00,170.00
316.00,130.00,353.00,130.00,353.00,165.00,316.00,165.00
312.00,136.00,351.00,136.00,351.00,175.00,312.00,175.00
312.00,138.00,351.00,138.00,351.00,177.00,312.00,177.00
310.00,143.00,349.00,143.00,349.00,182.00,310.00,182.00
314.00,142.00,352.00,142.00,352.00,181.00,314.00,181.00
318.00,135.00,354.00,135.00,354.00,174.00,318.00,174.00
315.00,126.00,350.00,126.00,350.00,168.00,315.00,168.00
310.00,124.00,345.00,124.00,345.00,165.00,310.00,165.00
311.00,119.00,346.00,119.00,346.00,156.00,311.00,156.00
309.00,119.00,346.00,119.00,346.00,154.00,309.00,154.00
309.00,122.00,346.00,122.00,346.00,160.00,309.00,160.00
304.00,127.00,340.00,127.00,340.00,165.00,304.00,165.00
302.00,134.00,336.00,134.00,336.00,171.00,302.00,171.00
295.00,142.00,332.00,142.00,332.00,178.00,295.00,178.00
296.00,138.00,333.00,138.00,333.00,173.00,296.00,173.00
301.00,129.00,338.00,129.00,338.00,166.00,301.00,166.00
306.00,118.00,340.00,118.00,340.00,154.00,306.00,154.00
301.00,121.00,335.00,121.00,335.00,156.00,301.00,156.00
301.00,113.00,336.00,113.00,336.00,148.00,301.00,148.00
301.00,117.00,335.00,117.00,335.00,150.00,301.00,150.00
308.00,120.00,341.00,120.00,341.00,157.00,308.00,157.00
306.00,126.00,342.00,126.00,342.00,164.00,306.00,164.00
306.00,138.00,341.00,138.00,341.00,176.00,306.00,176.00
301.00,142.00,337.00,142.00,337.00,176.00,301.00,176.00
306.00,140.00,341.00,140.00,341.00,180.00,306.00,180.00
308.00,134.00,342.00,134.00,342.00,173.00,308.00,173.00
308.00,130.00,344.00,130.00,344.00,170.00,308.00,170.00
307.00,125.00,344.00,125.00,344.00,163.00,307.00,163.00
306.00,124.00,345.00,124.00,345.00,160.00,306.00,160.00
310.00,125.00,346.00,125.00,346.00,161.00,310.00,161.00
313.00,129.00,348.00,129.00,348.00,169.00,313.00,169.00
315.00,131.00,350.00,131.00,350.00,170.00,315.00,170.00
315.00,133.00,350.00,133.00,350.00,168.00,315.00,168.00
318.00,132.00,352.00,132.00,352.00,167.00,318.00,167.00
324.00,132.00,358.00,132.00,358.00,167.00,324.00,167.00
319.00,134.00,356.00,134.00,356.00,173.00,319.00,173.00
322.00,131.00,357.00,131.00,357.00,170.00,322.00,170.00
322.00,132.00,353.00,132.00,353.00,168.00,322.00,168.00
318.00,138.00,354.00,138.00,354.00,176.00,318.00,176.00
315.00,145.00,345.00,145.00,345.00,178.00,315.00,178.00
315.00,144.00,349.00,144.00,349.00,181.00,315.00,181.00
314.00,142.00,347.00,142.00,347.00,178.00,314.00,178.00
311.00,145.00,341.00,145.00,341.00,178.00,311.00,178.00
309.00,145.00,340.00,145.00,340.00,175.00,309.00,175.00
308.00,135.00,336.00,135.00,336.00,166.00,308.00,166.00
309.00,141.00,338.00,141.00,338.00,172.00,309.00,172.00
311.00,136.00,343.00,136.00,343.00,171.00,311.00,171.00
300.00,135.00,332.00,135.00,332.00,170.00,300.00,170.00
314.00,134.00,346.00,134.00,346.00,169.00,314.00,169.00
321.00,134.00,353.00,134.00,353.00,169.00,321.00,169.00
324.00,122.00,356.00,122.00,356.00,157.00,324.00,157.00
310.00,143.00,342.00,143.00,342.00,178.00,310.00,178.00
312.00,130.00,344.00,130.00,344.00,165.00,312.00,165.00
316.00,101.00,348.00,101.00,348.00,136.00,316.00,136.00
294.00,103.00,325.00,103.00,325.00,137.00,294.00,137.00
295.00,112.00,326.00,112.00,326.00,146.00,295.00,146.00
321.00,109.00,351.00,109.00,351.00,142.00,321.00,142.00
2
0
0
0
0
1
319.00,137.00,353.00,137.00,353.00,181.00,319.00,181.00
324.00,143.00,359.00,143.00,359.00,188.00,324.00,188.00
327.00,152.00,360.00,152.00,360.00,196.00,327.00,196.00
334.00,160.00,367.00,160.00,367.00,204.00,334.00,204.00
338.00,171.00,371.00,171.00,371.00,215.00,338.00,215.00
325.00,159.00,358.00,159.00,358.00,204.00,325.00,204.00
2
0
0
0
0
1
349.00,167.00,385.00,167.00,385.00,207.00,349.00,207.00
341.00,176.00,382.00,176.00,382.00,222.00,341.00,222.00
335.00,180.00,376.00,180.00,376.00,226.00,335.00,226.00
