1
295.00,136.00,374.00,136.00,374.00,226.00,295.00,226.00
291.00,140.00,373.00,140.00,373.00,233.00,291.00,233.00
291.00,143.00,371.00,143.00,371.00,236.00,291.00,236.00
293.00,145.00,374.00,145.00,374.00,236.00,293.00,236.00
296.00,147.00,376.00,147.00,376.00,236.00,296.00,236.00
301.00,147.00,380.00,147.00,380.00,236.00,301.00,236.00
303.00,148.00,382.00,148.00,382.00,234.00,303.00,234.00
303.00,147.00,382.00,147.00,382.00,234.00,303.00,234.00
302.00,149.00,383.00,149.00,383.00,236.00,302.00,236.00
302.00,150.00,383.00,150.00,383.00,239.00,302.00,239.00
306.00,147.00,388.00,147.00,388.00,237.00,306.00,237.00
311.00,143.00,398.00,143.00,398.00,238.00,311.00,238.00
320.00,137.00,406.00,137.00,406.00,233.00,320.00,233.00
325.00,134.00,407.00,134.00,407.00,227.00,325.00,227.00
329.00,130.00,409.00,130.00,409.00,225.00,329.00,225.00
329.00,129.00,411.00,129.00,411.00,222.00,329.00,222.00
328.00,127.00,412.00,127.00,412.00,224.00,328.00,224.00
328.00,125.00,413.00,125.00,413.00,225.00,328.00,225.00
329.00,119.00,419.00,119.00,419.00,221.00,329.00,221.00
334.00,116.00,425.00,116.00,425.00,217.00,334.00,217.00
341.00,110.00,430.00,110.00,430.00,212.00,341.00,212.00
346.00,108.00,435.00,108.00,435.00,211.00,346.00,211.00
348.00,109.00,440.00,109.00,440.00,211.00,348.00,211.00
355.00,114.00,448.00,114.00,448.00,216.00,355.00,216.00
365.00,125.00,461.00,125.00,461.00,227.00,365.00,227.00
371.00,125.00,466.00,125.00,466.00,231.00,371.00,231.00
375.00,122.00,458.00,122.00,458.00,219.00,375.00,219.00
361.00,104.00,446.00,104.00,446.00,204.00,361.00,204.00
344.00,91.00,438.00,91.00,438.00,196.00,344.00,196.00
337.00,86.00,428.00,86.00,428.00,188.00,337.00,188.00
332.00,83.00,420.00,83.00,420.00,181.00,332.00,181.00
330.00,80.00,420.00,80.00,420.00,181.00,330.00,181.00
330.00,79.00,419.00,79.00,419.00,185.00,330.00,185.00
331.00,90.00,424.00,90.00,424.00,194.00,331.00,194.00
348.00,111.00,434.00,111.00,434.00,212.00,348.00,212.00
345.00,54.00,431.00,54.00,431.00,154.00,345.00,154.00
362.00,62.00,449.00,62.00,449.00,163.00,362.00,163.00
369.00,122.00,459.00,122.00,459.00,228.00,369.00,228.00
363.00,108.00,451.00,108.00,451.00,211.00,363.00,211.00
352.00,99.00,447.00,99.00,447.00,207.00,352.00,207.00
349.00,85.00,446.00,85.00,446.00,195.00,349.00,195.00
348.00,82.00,448.00,82.00,448.00,190.00,348.00,190.00
350.00,81.00,446.00,81.00,446.00,185.00,350.00,185.00
353.00,80.00,447.00,80.00,447.00,189.00,353.00,189.00
355.00,88.00,449.00,88.00,449.00,199.00,355.00,199.00
359.00,98.00,450.00,98.00,450.00,207.00,359.00,207.00
368.00,118.00,459.00,118.00,459.00,225.00,368.00,225.00
374.00,132.00,465.00,132.00,465.00,240.00,374.00,240.00
376.00,137.00,466.00,137.00,466.00,247.00,376.00,247.00
371.00,139.00,459.00,139.00,459.00,242.00,371.00,242.00
362.00,114.00,452.00,114.00,452.00,225.00,362.00,225.00
358.00,108.00,452.00,108.00,452.00,214.00,358.00,214.00
352.00,110.00,451.00,110.00,451.00,213.00,352.00,213.00
346.00,113.00,447.00,113.00,447.00,216.00,346.00,216.00
347.00,118.00,442.00,118.00,442.00,222.00,347.00,222.00
346.00,124.00,436.00,124.00,436.00,228.00,346.00,228.00
348.00,139.00,431.00,139.00,431.00,235.00,348.00,235.00
320.00,84.00,399.00,84.00,399.00,182.00,320.00,182.00
2
0
0
0
0
1
311.00,123.00,385.00,123.00,385.00,216.00,311.00,216.00
309.00,124.00,381.00,124.00,381.00,220.00,309.00,220.00
309.00,129.00,380.00,129.00,380.00,227.00,309.00,227.00
309.00,140.00,378.00,140.00,378.00,239.00,309.00,239.00
305.00,156.00,379.00,156.00,379.00,255.00,305.00,255.00
305.00,174.00,379.00,174.00,379.00,274.00,305.00,274.00
308.00,196.00,380.00,196.00,380.00,295.00,308.00,295.00
304.00,194.00,374.00,194.00,374.00,294.00,304.00,294.00
332.00,193.00,406.00,193.00,406.00,292.00,332.00,292.00
291.00,150.00,366.00,150.00,366.00,250.00,291.00,250.00
280.00,135.00,352.00,135.00,352.00,235.00,280.00,235.00
276.00,129.00,346.00,129.00,346.00,225.00,276.00,225.00
276.00,131.00,340.00,131.00,340.00,222.00,276.00,222.00
273.00,132.00,337.00,132.00,337.00,223.00,273.00,223.00
269.00,134.00,338.00,134.00,338.00,229.00,269.00,229.00
265.00,147.00,334.00,147.00,334.00,240.00,265.00,240.00
264.00,160.00,337.00,160.00,337.00,259.00,264.00,259.00
262.00,182.00,336.00,182.00,336.00,282.00,262.00,282.00
258.00,187.00,335.00,187.00,335.00,289.00,258.00,289.00
259.00,189.00,333.00,189.00,333.00,289.00,259.00,289.00
257.00,176.00,325.00,176.00,325.00,273.00,257.00,273.00
250.00,170.00,319.00,170.00,319.00,262.00,250.00,262.00
246.00,173.00,316.00,173.00,316.00,261.00,246.00,261.00
242.00,182.00,312.00,182.00,312.00,266.00,242.00,266.00
241.00,188.00,309.00,188.00,309.00,274.00,241.00,274.00
238.00,193.00,309.00,193.00,309.00,288.00,238.00,288.00
234.00,205.00,305.00,205.00,305.00,300.00,234.00,300.00
227.00,191.00,299.00,191.00,299.00,287.00,227.00,287.00
255.00,179.00,328.00,179.00,328.00,276.00,255.00,276.00
2
0
0
0
0
1
234.00,203.00,306.00,203.00,306.00,258.00,234.00,258.00
236.00,195.00,313.00,195.00,313.00,253.00,236.00,253.00
241.00,193.00,313.00,193.00,313.00,251.00,241.00,251.00
248.00,188.00,316.00,188.00,316.00,245.00,248.00,245.00
240.00,171.00,308.00,171.00,308.00,228.00,240.00,228.00
242.00,174.00,312.00,174.00,312.00,232.00,242.00,232.00
243.00,164.00,313.00,164.00,313.00,222.00,243.00,222.00
218.00,194.00,289.00,194.00,289.00,253.00,218.00,253.00
221.00,199.00,292.00,199.00,292.00,258.00,221.00,258.00
2
0
0
0
0
1
231.00,143.00,288.00,143.00,288.00,206.00,231.00,206.00
207.00,134.00,264.00,134.00,264.00,197.00,207.00,197.00
239.00,139.00,296.00,139.00,296.00,202.00,239.00,202.00
229.00,120.00,286.00,120.00,286.00,183.00,229.00,183.00
192.00,108.00,249.00,108.00,249.00,171.00,192.00,171.00
232.00,105.00,289.00,105.00,289.00,168.00,232.00,168.00
2
0
0
0
0
1
245.00,134.00,327.00,134.00,327.00,215.00,245.00,215.00
249.00,131.00,332.00,131.00,332.00,218.00,249.00,218.00
258.00,127.00,338.00,127.00,338.00,211.00,258.00,211.00
302.00,138.00,382.00,138.00,382.00,222.00,302.00,222.00
262.00,140.00,341.00,140.00,341.00,227.00,262.00,227.00
261.00,142.00,340.00,142.00,340.00,229.00,261.00,229.00
257.00,146.00,343.00,146.00,343.00,230.00,257.00,230.00
257.00,146.00,344.00,146.00,344.00,229.00,257.00,229.00
259.00,148.00,347.00,148.00,347.00,230.00,259.00,230.00
260.00,147.00,349.00,147.00,349.00,230.00,260.00,230.00
268.00,145.00,352.00,145.00,352.00,227.00,268.00,227.00
271.00,149.00,348.00,149.00,348.00,231.00,271.00,231.00
271.00,150.00,351.00,150.00,351.00,235.00,271.00,235.00
269.00,148.00,348.00,148.00,348.00,233.00,269.00,233.00
263.00,148.00,341.00,148.00,341.00,237.00,263.00,237.00
262.00,149.00,340.00,149.00,340.00,232.00,262.00,232.00
262.00,152.00,340.00,152.00,340.00,231.00,262.00,231.00
261.00,151.00,337.00,151.00,337.00,231.00,261.00,231.00
252.00,146.00,338.00,146.00,338.00,233.00,252.00,233.00
245.00,137.00,338.00,137.00,338.00,218.00,245.00,218.00
235.00,133.00,332.00,133.00,332.00,226.00,235.00,226.00
232.00,134.00,324.00,134.00,324.00,221.00,232.00,221.00
222.00,131.00,318.00,131.00,318.00,222.00,222.00,222.00
212.00,142.00,307.00,142.00,307.00,226.00,212.00,226.00
210.00,144.00,303.00,144.00,303.00,230.00,210.00,230.00
201.00,143.00,296.00,143.00,296.00,229.00,201.00,229.00
201.00,152.00,285.00,152.00,285.00,238.00,201.00,238.00
202.00,138.00,288.00,138.00,288.00,225.00,202.00,225.00
196.00,140.00,283.00,140.00,283.00,227.00,196.00,227.00
194.00,138.00,278.00,138.00,278.00,224.00,194.00,224.00
190.00,141.00,279.00,141.00,279.00,234.00,190.00,234.00
190.00,139.00,277.00,139.00,277.00,231.00,190.00,231.00
192.00,140.00,278.00,140.00,278.00,233.00,192.00,233.00
191.00,138.00,278.00,138.00,278.00,233.00,191.00,233.00
196.00,140.00,284.00,140.00,284.00,235.00,196.00,235.00
196.00,143.00,289.00,143.00,289.00,234.00,196.00,234.00
203.00,151.00,293.00,151.00,293.00,240.00,203.00,240.00
206.00,153.00,303.00,153.00,303.00,242.00,206.00,242.00
214.00,151.00,309.00,151.00,309.00,237.00,214.00,237.00
234.00,151.00,317.00,151.00,317.00,238.00,234.00,238.00
247.00,160.00,335.00,160.00,335.00,248.00,247.00,248.00
242.00,161.00,342.00,161.00,342.00,251.00,242.00,251.00
248.00,167.00,348.00,167.00,348.00,254.00,248.00,254.00
256.00,170.00,353.00,170.00,353.00,259.00,256.00,259.00
257.00,171.00,355.00,171.00,355.00,262.00,257.00,262.00
263.00,175.00,360.00,175.00,360.00,265.00,263.00,265.00
269.00,177.00,363.00,177.00,363.00,265.00,269.00,265.00
276.00,180.00,363.00,180.00,363.00,267.00,276.00,267.00
276.00,176.00,367.00,176.00,367.00,264.00,276.00,264.00
291.00,177.00,376.00,177.00,376.00,265.00,291.00,265.00
296.00,174.00,380.00,174.00,380.00,261.00,296.00,261.00
295.00,181.00,387.00,181.00,387.00,270.00,295.00,270.00
297.00,183.00,385.00,183.00,385.00,267.00,297.00,267.00
303.00,186.00,392.00,186.00,392.00,276.00,303.00,276.00
309.00,181.00,390.00,181.00,390.00,265.00,309.00,265.00
302.00,183.00,394.00,183.00,394.00,260.00,302.00,260.00
310.00,177.00,406.00,177.00,406.00,260.00,310.00,260.00
329.00,168.00,410.00,168.00,410.00,252.00,329.00,252.00
325.00,173.00,415.00,173.00,415.00,250.00,325.00,250.00
333.00,173.00,422.00,173.00,422.00,257.00,333.00,257.00
331.00,175.00,418.00,175.00,418.00,259.00,331.00,259.00
344.00,182.00,424.00,182.00,424.00,264.00,344.00,264.00
346.00,188.00,427.00,188.00,427.00,271.00,346.00,271.00
337.00,178.00,416.00,178.00,416.00,259.00,337.00,259.00
344.00,164.00,424.00,164.00,424.00,246.00,344.00,246.00
335.00,159.00,419.00,159.00,419.00,257.00,335.00,257.00
334.00,156.00,416.00,156.00,416.00,243.00,334.00,243.00
328.00,151.00,407.00,151.00,407.00,241.00,328.00,241.00
327.00,162.00,406.00,162.00,406.00,256.00,327.00,256.00
328.00,170.00,409.00,170.00,409.00,263.00,328.00,263.00
336.00,176.00,415.00,176.00,415.00,256.00,336.00,256.00
335.00,190.00,414.00,190.00,414.00,278.00,335.00,278.00
337.00,178.00,417.00,178.00,417.00,265.00,337.00,265.00
334.00,170.00,413.00,170.00,413.00,258.00,334.00,258.00
338.00,172.00,414.00,172.00,414.00,249.00,338.00,249.00
332.00,148.00,411.00,148.00,411.00,238.00,332.00,238.00
334.00,145.00,409.00,145.00,409.00,225.00,334.00,225.00
335.00,143.00,406.00,143.00,406.00,223.00,335.00,223.00
335.00,165.00,409.00,165.00,409.00,240.00,335.00,240.00
325.00,163.00,402.00,163.00,402.00,248.00,325.00,248.00
326.00,170.00,405.00,170.00,405.00,253.00,326.00,253.00
315.00,177.00,395.00,177.00,395.00,256.00,315.00,256.00
317.00,168.00,391.00,168.00,391.00,245.00,317.00,245.00
301.00,163.00,376.00,163.00,376.00,238.00,301.00,238.00
299.00,153.00,372.00,153.00,372.00,234.00,299.00,234.00
296.00,154.00,368.00,154.00,368.00,229.00,296.00,229.00
291.00,155.00,365.00,155.00,365.00,234.00,291.00,234.00
290.00,156.00,363.00,156.00,363.00,235.00,290.00,235.00
288.00,163.00,362.00,163.00,362.00,243.00,288.00,243.00
288.00,176.00,357.00,176.00,357.00,257.00,288.00,257.00
287.00,187.00,358.00,187.00,358.00,263.00,287.00,263.00
288.00,191.00,362.00,191.00,362.00,267.00,288.00,267.00
292.00,187.00,364.00,187.00,364.00,261.00,292.00,261.00
292.00,177.00,363.00,177.00,363.00,254.00,292.00,254.00
292.00,172.00,364.00,172.00,364.00,248.00,292.00,248.00
289.00,176.00,361.00,176.00,361.00,243.00,289.00,243.00
290.00,174.00,361.00,174.00,361.00,241.00,290.00,241.00
289.00,175.00,361.00,175.00,361.00,247.00,289.00,247.00
289.00,179.00,360.00,179.00,360.00,254.00,289.00,254.00
288.00,187.00,359.00,187.00,359.00,265.00,288.00,265.00
288.00,189.00,358.00,189.00,358.00,262.00,288.00,262.00
286.00,183.00,356.00,183.00,356.00,259.00,286.00,259.00
283.00,167.00,354.00,167.00,354.00,239.00,283.00,239.00
280.00,165.00,349.00,165.00,349.00,235.00,280.00,235.00
279.00,163.00,345.00,163.00,345.00,229.00,279.00,229.00
278.00,164.00,344.00,164.00,344.00,230.00,278.00,230.00
279.00,162.00,344.00,162.00,344.00,229.00,279.00,229.00
276.00,168.00,345.00,168.00,345.00,245.00,276.00,245.00
275.00,173.00,345.00,173.00,345.00,249.00,275.00,249.00
278.00,178.00,347.00,178.00,347.00,249.00,278.00,249.00
277.00,183.00,345.00,183.00,345.00,252.00,277.00,252.00
282.00,170.00,347.00,170.00,347.00,237.00,282.00,237.00
289.00,169.00,353.00,169.00,353.00,237.00,289.00,237.00
288.00,180.00,353.00,180.00,353.00,249.00,288.00,249.00
291.00,187.00,353.00,187.00,353.00,250.00,291.00,250.00
294.00,182.00,356.00,182.00,356.00,250.00,294.00,250.00
300.00,173.00,359.00,173.00,359.00,243.00,300.00,243.00
289.00,164.00,360.00,164.00,360.00,236.00,289.00,236.00
293.00,151.00,352.00,151.00,352.00,219.00,293.00,219.00
291.00,147.00,351.00,147.00,351.00,212.00,291.00,212.00
290.00,142.00,359.00,142.00,359.00,212.00,290.00,212.00
278.00,141.00,339.00,141.00,339.00,205.00,278.00,205.00
258.00,131.00,322.00,131.00,322.00,198.00,258.00,198.00
295.00,145.00,353.00,145.00,353.00,209.00,295.00,209.00
297.00,152.00,356.00,152.00,356.00,219.00,297.00,219.00
296.00,150.00,356.00,150.00,356.00,215.00,296.00,215.00
299.00,143.00,358.00,143.00,358.00,209.00,299.00,209.00
295.00,130.00,358.00,130.00,358.00,198.00,295.00,198.00
280.00,114.00,342.00,114.00,342.00,184.00,280.00,184.00
257.00,107.00,318.00,107.00,318.00,180.00,257.00,180.00
256.00,117.00,316.00,117.00,316.00,184.00,256.00,184.00
285.00,120.00,344.00,120.00,344.00,181.00,285.00,181.00
292.00,122.00,352.00,122.00,352.00,183.00,292.00,183.00
292.00,126.00,351.00,126.00,351.00,191.00,292.00,191.00
291.00,136.00,348.00,136.00,348.00,197.00,291.00,197.00
288.00,132.00,346.00,132.00,346.00,196.00,288.00,196.00
286.00,126.00,341.00,126.00,341.00,188.00,286.00,188.00
283.00,120.00,339.00,120.00,339.00,182.00,283.00,182.00
284.00,120.00,336.00,120.00,336.00,179.00,284.00,179.00
284.00,121.00,336.00,121.00,336.00,175.00,284.00,175.00
280.00,121.00,336.00,121.00,336.00,179.00,280.00,179.00
279.00,123.00,336.00,123.00,336.00,183.00,279.00,183.00
277.00,127.00,335.00,127.00,335.00,189.00,277.00,189.00
277.00,140.00,332.00,140.00,332.00,203.00,277.00,203.00
276.00,145.00,332.00,145.00,332.00,203.00,276.00,203.00
276.00,144.00,332.00,144.00,332.00,199.00,276.00,199.00
278.00,146.00,333.00,146.00,333.00,198.00,278.00,198.00
276.00,144.00,332.00,144.00,332.00,195.00,276.00,195.00
278.00,145.00,333.00,145.00,333.00,195.00,278.00,195.00
283.00,144.00,335.00,144.00,335.00,193.00,283.00,193.00
286.00,143.00,340.00,143.00,340.00,194.00,286.00,194.00
286.00,150.00,341.00,150.00,341.00,202.00,286.00,202.00
288.00,153.00,342.00,153.00,342.00,208.00,288.00,208.00
289.00,153.00,345.00,153.00,345.00,207.00,289.00,207.00
289.00,155.00,344.00,155.00,344.00,209.00,289.00,209.00
288.00,147.00,341.00,147.00,341.00,199.00,288.00,199.00
291.00,143.00,339.00,143.00,339.00,194.00,291.00,194.00
292.00,138.00,340.00,138.00,340.00,188.00,292.00,188.00
291.00,139.00,339.00,139.00,339.00,189.00,291.00,189.00
291.00,137.00,338.00,137.00,338.00,187.00,291.00,187.00
292.00,142.00,340.00,142.00,340.00,193.00,292.00,193.00
290.00,144.00,342.00,144.00,342.00,194.00,290.00,194.00
288.00,141.00,343.00,141.00,343.00,194.00,288.00,194.00
292.00,141.00,343.00,141.00,343.00,195.00,292.00,195.00
294.00,136.00,344.00,136.00,344.00,191.00,294.00,191.00
297.00,129.00,347.00,129.00,347.00,181.00,297.00,181.00
299.00,126.00,348.00,126.00,348.00,177.00,299.00,177.00
300.00,127.00,350.00,127.00,350.00,176.00,300.00,176.00
302.00,125.00,353.00,125.00,353.00,178.00,302.00,178.00
302.00,135.00,354.00,135.00,354.00,188.00,302.00,188.00
303.00,138.00,357.00,138.00,357.00,190.00,303.00,190.00
298.00,138.00,353.00,138.00,353.00,190.00,298.00,190.00
300.00,136.00,356.00,136.00,356.00,190.00,300.00,190.00
297.00,134.00,350.00,134.00,350.00,188.00,297.00,188.00
300.00,124.00,351.00,124.00,351.00,177.00,300.00,177.00
301.00,120.00,352.00,120.00,352.00,171.00,301.00,171.00
301.00,120.00,352.00,120.00,352.00,170.00,301.00,170.00
305.00,118.00,358.00,118.00,358.00,172.00,305.00,172.00
301.00,132.00,353.00,132.00,353.00,185.00,301.00,185.00
302.00,139.00,353.00,139.00,353.00,191.00,302.00,191.00
297.00,142.00,349.00,142.00,349.00,196.00,297.00,196.00
301.00,145.00,351.00,145.00,351.00,196.00,301.00,196.00
306.00,143.00,356.00,143.00,356.00,196.00,306.00,196.00
306.00,140.00,357.00,140.00,357.00,192.00,306.00,192.00
307.00,133.00,359.00,133.00,359.00,188.00,307.00,188.00
304.00,130.00,357.00,130.00,357.00,184.00,304.00,184.00
306.00,127.00,358.00,127.00,358.00,177.00,306.00,177.00
307.00,125.00,359.00,125.00,359.00,177.00,307.00,177.00
308.00,124.00,358.00,124.00,358.00,178.00,308.00,178.00
308.00,131.00,357.00,131.00,357.00,187.00,308.00,187.00
309.00,133.00,356.00,133.00,356.00,188.00,309.00,188.00
307.00,137.00,356.00,137.00,356.00,192.00,307.00,192.00
303.00,136.00,354.00,136.00,354.00,188.00,303.00,188.00
310.00,120.00,357.00,120.00,357.00,177.00,310.00,177.00
308.00,114.00,355.00,114.00,355.00,170.00,308.00,170.00
305.00,113.00,353.00,113.00,353.00,165.00,305.00,165.00
302.00,112.00,351.00,112.00,351.00,164.00,302.00,164.00
302.00,114.00,351.00,114.00,351.00,166.00,302.00,166.00
298.00,119.00,346.00,119.00,346.00,173.00,298.00,173.00
296.00,124.00,344.00,124.00,344.00,182.00,296.00,182.00
290.00,132.00,336.00,132.00,336.00,182.00,290.00,182.00
289.00,129.00,338.00,129.00,338.00,184.00,289.00,184.00
291.00,122.00,340.00,122.00,340.00,180.00,291.00,180.00
293.00,115.00,341.00,115.00,341.00,172.00,293.00,172.00
292.00,114.00,339.00,114.00,339.00,168.00,292.00,168.00
291.00,112.00,341.00,112.00,341.00,167.00,291.00,167.00
291.00,113.00,339.00,113.00,339.00,168.00,291.00,168.00
296.00,115.00,344.00,115.00,344.00,172.00,296.00,172.00
294.00,122.00,343.00,122.00,343.00,182.00,294.00,182.00
293.00,133.00,342.00,133.00,342.00,190.00,293.00,190.00
291.00,138.00,340.00,138.00,340.00,191.00,291.00,191.00
294.00,136.00,344.00,136.00,344.00,195.00,294.00,195.00
298.00,128.00,349.00,128.00,349.00,187.00,298.00,187.00
300.00,123.00,349.00,123.00,349.00,178.00,300.00,178.00
302.00,118.00,350.00,118.00,350.00,172.00,302.00,172.00
302.00,117.00,349.00,117.00,349.00,171.00,302.00,171.00
304.00,120.00,350.00,120.00,350.00,176.00,304.00,176.00
306.00,121.00,354.00,121.00,354.00,178.00,306.00,178.00
309.00,125.00,357.00,125.00,357.00,182.00,309.00,182.00
310.00,130.00,357.00,130.00,357.00,185.00,310.00,185.00
308.00,131.00,355.00,131.00,355.00,187.00,308.00,187.00
309.00,128.00,358.00,128.00,358.00,181.00,309.00,181.00
310.00,129.00,360.00,129.00,360.00,183.00,310.00,183.00
307.00,130.00,357.00,130.00,357.00,185.00,307.00,185.00
307.00,133.00,351.00,133.00,351.00,185.00,307.00,185.00
308.00,129.00,352.00,129.00,352.00,180.00,308.00,180.00
301.00,132.00,353.00,132.00,353.00,185.00,301.00,185.00
303.00,133.00,354.00,133.00,354.00,185.00,303.00,185.00
301.00,132.00,351.00,132.00,351.00,183.00,301.00,183.00
304.00,132.00,348.00,132.00,348.00,183.00,304.00,183.00
302.00,128.00,346.00,128.00,346.00,178.00,302.00,178.00
298.00,118.00,340.00,118.00,340.00,172.00,298.00,172.00
298.00,121.00,340.00,121.00,340.00,174.00,298.00,174.00
294.00,126.00,342.00,126.00,342.00,175.00,294.00,175.00
285.00,92.00,330.00,92.00,330.00,148.00,285.00,148.00
285.00,93.00,334.00,93.00,334.00,143.00,285.00,143.00
289.00,92.00,338.00,92.00,338.00,142.00,289.00,142.00
307.00,106.00,356.00,106.00,356.00,156.00,307.00,156.00
307.00,96.00,356.00,96.00,356.00,146.00,307.00,146.00
293.00,99.00,342.00,99.00,342.00,149.00,293.00,149.00
287.00,97.00,333.00,97.00,333.00,153.00,287.00,153.00
286.00,104.00,336.00,104.00,336.00,155.00,286.00,155.00
286.00,106.00,326.00,106.00,326.00,161.00,286.00,161.00
285.00,114.00,334.00,114.00,334.00,164.00,285.00,164.00
285.00,110.00,334.00,110.00,334.00,160.00,285.00,160.00
289.00,105.00,328.00,105.00,328.00,162.00,289.00,162.00
286.00,105.00,328.00,105.00,328.00,165.00,286.00,165.00
282.00,105.00,326.00,105.00,326.00,167.00,282.00,167.00
279.00,118.00,328.00,118.00,328.00,168.00,279.00,168.00
284.00,116.00,327.00,116.00,327.00,174.00,284.00,174.00
290.00,126.00,341.00,126.00,341.00,178.00,290.00,178.00
282.00,119.00,334.00,119.00,334.00,173.00,282.00,173.00
283.00,121.00,335.00,121.00,335.00,175.00,283.00,175.00
2
0
0
0
0
1
346.00,150.00,386.00,150.00,386.00,207.00,346.00,207.00
342.00,155.00,384.00,155.00,384.00,211.00,342.00,211.00
343.00,157.00,384.00,157.00,384.00,214.00,343.00,214.00
343.00,162.00,380.00,162.00,380.00,214.00,343.00,214.00
361.00,165.00,398.00,165.00,398.00,217.00,361.00,217.00
370.00,157.00,407.00,157.00,407.00,208.00,370.00,208.00
