1
294.00,137.00,375.00,137.00,375.00,225.00,294.00,225.00
291.00,141.00,373.00,141.00,373.00,233.00,291.00,233.00
291.00,144.00,372.00,144.00,372.00,238.00,291.00,238.00
293.00,146.00,375.00,146.00,375.00,238.00,293.00,238.00
296.00,147.00,376.00,147.00,376.00,238.00,296.00,238.00
301.00,147.00,380.00,147.00,380.00,235.00,301.00,235.00
302.00,148.00,382.00,148.00,382.00,234.00,302.00,234.00
302.00,147.00,383.00,147.00,383.00,234.00,302.00,234.00
299.00,148.00,387.00,148.00,387.00,238.00,299.00,238.00
299.00,148.00,387.00,148.00,387.00,241.00,299.00,241.00
304.00,149.00,390.00,149.00,390.00,239.00,304.00,239.00
310.00,145.00,399.00,145.00,399.00,237.00,310.00,237.00
318.00,140.00,405.00,140.00,405.00,230.00,318.00,230.00
325.00,136.00,408.00,136.00,408.00,227.00,325.00,227.00
328.00,132.00,409.00,132.00,409.00,224.00,328.00,224.00
326.00,129.00,412.00,129.00,412.00,223.00,326.00,223.00
325.00,129.00,413.00,129.00,413.00,225.00,325.00,225.00
327.00,127.00,416.00,127.00,416.00,226.00,327.00,226.00
328.00,122.00,421.00,122.00,421.00,221.00,328.00,221.00
333.00,118.00,426.00,118.00,426.00,216.00,333.00,216.00
340.00,112.00,431.00,112.00,431.00,213.00,340.00,213.00
345.00,109.00,435.00,109.00,435.00,208.00,345.00,208.00
351.00,111.00,441.00,111.00,441.00,214.00,351.00,214.00
360.00,117.00,448.00,117.00,448.00,220.00,360.00,220.00
366.00,126.00,458.00,126.00,458.00,228.00,366.00,228.00
370.00,128.00,464.00,128.00,464.00,230.00,370.00,230.00
375.00,123.00,458.00,123.00,458.00,222.00,375.00,222.00
359.00,106.00,444.00,106.00,444.00,207.00,359.00,207.00
342.00,91.00,438.00,91.00,438.00,199.00,342.00,199.00
338.00,86.00,428.00,86.00,428.00,189.00,338.00,189.00
332.00,82.00,421.00,82.00,421.00,183.00,332.00,183.00
329.00,81.00,422.00,81.00,422.00,182.00,329.00,182.00
330.00,80.00,422.00,80.00,422.00,185.00,330.00,185.00
332.00,91.00,424.00,91.00,424.00,193.00,332.00,193.00
348.00,110.00,433.00,110.00,433.00,210.00,348.00,210.00
339.00,62.00,424.00,62.00,424.00,162.00,339.00,162.00
346.00,62.00,430.00,62.00,430.00,161.00,346.00,161.00
371.00,125.00,455.00,125.00,455.00,224.00,371.00,224.00
365.00,113.00,450.00,113.00,450.00,214.00,365.00,214.00
356.00,96.00,446.00,96.00,446.00,200.00,356.00,200.00
351.00,87.00,445.00,87.00,445.00,194.00,351.00,194.00
352.00,84.00,445.00,84.00,445.00,189.00,352.00,189.00
354.00,84.00,444.00,84.00,444.00,185.00,354.00,185.00
357.00,84.00,444.00,84.00,444.00,188.00,357.00,188.00
359.00,91.00,445.00,91.00,445.00,193.00,359.00,193.00
363.00,101.00,448.00,101.00,448.00,204.00,363.00,204.00
373.00,121.00,459.00,121.00,459.00,223.00,373.00,223.00
377.00,136.00,463.00,136.00,463.00,239.00,377.00,239.00
376.00,142.00,464.00,142.00,464.00,245.00,376.00,245.00
372.00,138.00,457.00,138.00,457.00,240.00,372.00,240.00
366.00,113.00,451.00,113.00,451.00,226.00,366.00,226.00
361.00,106.00,449.00,106.00,449.00,215.00,361.00,215.00
357.00,107.00,445.00,107.00,445.00,210.00,357.00,210.00
353.00,109.00,440.00,109.00,440.00,212.00,353.00,212.00
353.00,116.00,438.00,116.00,438.00,216.00,353.00,216.00
353.00,123.00,434.00,123.00,434.00,226.00,353.00,226.00
349.00,141.00,431.00,141.00,431.00,240.00,349.00,240.00
330.00,101.00,403.00,101.00,403.00,197.00,330.00,197.00
337.00,99.00,417.00,99.00,417.00,195.00,337.00,195.00
391.00,115.00,473.00,115.00,473.00,213.00,391.00,213.00
393.00,110.00,474.00,110.00,474.00,206.00,393.00,206.00
328.00,142.00,409.00,142.00,409.00,238.00,328.00,238.00
317.00,129.00,395.00,129.00,395.00,223.00,317.00,223.00
316.00,126.00,390.00,126.00,390.00,212.00,316.00,212.00
310.00,129.00,385.00,129.00,385.00,215.00,310.00,215.00
309.00,128.00,384.00,128.00,384.00,217.00,309.00,217.00
307.00,131.00,380.00,131.00,380.00,222.00,307.00,222.00
306.00,142.00,376.00,142.00,376.00,232.00,306.00,232.00
304.00,160.00,374.00,160.00,374.00,251.00,304.00,251.00
304.00,178.00,378.00,178.00,378.00,266.00,304.00,266.00
308.00,202.00,378.00,202.00,378.00,288.00,308.00,288.00
301.00,197.00,370.00,197.00,370.00,286.00,301.00,286.00
324.00,166.00,396.00,166.00,396.00,252.00,324.00,252.00
285.00,160.00,356.00,160.00,356.00,244.00,285.00,244.00
273.00,143.00,343.00,143.00,343.00,231.00,273.00,231.00
271.00,133.00,343.00,133.00,343.00,220.00,271.00,220.00
272.00,133.00,343.00,133.00,343.00,217.00,272.00,217.00
271.00,132.00,341.00,132.00,341.00,215.00,271.00,215.00
270.00,139.00,342.00,139.00,342.00,221.00,270.00,221.00
265.00,151.00,333.00,151.00,333.00,235.00,265.00,235.00
257.00,165.00,331.00,165.00,331.00,250.00,257.00,250.00
256.00,178.00,326.00,178.00,326.00,269.00,256.00,269.00
257.00,185.00,330.00,185.00,330.00,277.00,257.00,277.00
251.00,190.00,326.00,190.00,326.00,282.00,251.00,282.00
246.00,179.00,320.00,179.00,320.00,274.00,246.00,274.00
245.00,170.00,319.00,170.00,319.00,260.00,245.00,260.00
243.00,173.00,318.00,173.00,318.00,263.00,243.00,263.00
240.00,180.00,314.00,180.00,314.00,265.00,240.00,265.00
236.00,187.00,309.00,187.00,309.00,272.00,236.00,272.00
233.00,188.00,310.00,188.00,310.00,277.00,233.00,277.00
234.00,206.00,310.00,206.00,310.00,294.00,234.00,294.00
230.00,205.00,305.00,205.00,305.00,292.00,230.00,292.00
293.00,157.00,368.00,157.00,368.00,244.00,293.00,244.00
301.00,168.00,373.00,168.00,373.00,252.00,301.00,252.00
302.00,173.00,375.00,173.00,375.00,256.00,302.00,256.00
296.00,172.00,372.00,172.00,372.00,259.00,296.00,259.00
296.00,176.00,372.00,176.00,372.00,263.00,296.00,263.00
2
0
0
0
0
1
261.00,142.00,321.00,142.00,321.00,205.00,261.00,205.00
250.00,160.00,310.00,160.00,310.00,223.00,250.00,223.00
251.00,163.00,312.00,163.00,312.00,227.00,251.00,227.00
275.00,202.00,336.00,202.00,336.00,266.00,275.00,266.00
250.00,197.00,313.00,197.00,313.00,263.00,250.00,263.00
213.00,217.00,276.00,217.00,276.00,283.00,213.00,283.00
233.00,205.00,295.00,205.00,295.00,270.00,233.00,270.00
2
0
0
0
0
1
236.00,145.00,295.00,145.00,295.00,210.00,236.00,210.00
241.00,154.00,299.00,154.00,299.00,218.00,241.00,218.00
269.00,172.00,326.00,172.00,326.00,235.00,269.00,235.00
253.00,149.00,309.00,149.00,309.00,211.00,253.00,211.00
251.00,129.00,301.00,129.00,301.00,190.00,251.00,190.00
245.00,149.00,302.00,149.00,302.00,212.00,245.00,212.00
244.00,165.00,301.00,165.00,301.00,225.00,244.00,225.00
251.00,134.00,308.00,134.00,308.00,191.00,251.00,191.00
252.00,142.00,313.00,142.00,313.00,199.00,252.00,199.00
259.00,133.00,318.00,133.00,318.00,192.00,259.00,192.00
259.00,135.00,319.00,135.00,319.00,190.00,259.00,190.00
266.00,133.00,324.00,133.00,324.00,190.00,266.00,190.00
272.00,137.00,329.00,137.00,329.00,197.00,272.00,197.00
292.00,169.00,350.00,169.00,350.00,232.00,292.00,232.00
277.00,174.00,331.00,174.00,331.00,236.00,277.00,236.00
281.00,147.00,337.00,147.00,337.00,211.00,281.00,211.00
281.00,151.00,342.00,151.00,342.00,209.00,281.00,209.00
283.00,159.00,343.00,159.00,343.00,219.00,283.00,219.00
285.00,161.00,345.00,161.00,345.00,222.00,285.00,222.00
281.00,152.00,349.00,152.00,349.00,212.00,281.00,212.00
290.00,158.00,349.00,158.00,349.00,216.00,290.00,216.00
291.00,153.00,350.00,153.00,350.00,212.00,291.00,212.00
292.00,177.00,346.00,177.00,346.00,242.00,292.00,242.00
286.00,155.00,347.00,155.00,347.00,216.00,286.00,216.00
282.00,150.00,343.00,150.00,343.00,215.00,282.00,215.00
282.00,154.00,343.00,154.00,343.00,216.00,282.00,216.00
280.00,153.00,339.00,153.00,339.00,212.00,280.00,212.00
279.00,150.00,339.00,150.00,339.00,211.00,279.00,211.00
275.00,152.00,339.00,152.00,339.00,219.00,275.00,219.00
267.00,143.00,335.00,143.00,335.00,203.00,267.00,203.00
257.00,143.00,332.00,143.00,332.00,205.00,257.00,205.00
254.00,143.00,323.00,143.00,323.00,200.00,254.00,200.00
245.00,139.00,316.00,139.00,316.00,203.00,245.00,203.00
239.00,147.00,308.00,147.00,308.00,202.00,239.00,202.00
230.00,146.00,302.00,146.00,302.00,204.00,230.00,204.00
224.00,145.00,295.00,145.00,295.00,204.00,224.00,204.00
226.00,147.00,288.00,147.00,288.00,208.00,226.00,208.00
225.00,147.00,287.00,147.00,287.00,209.00,225.00,209.00
216.00,143.00,284.00,143.00,284.00,208.00,216.00,208.00
212.00,148.00,278.00,148.00,278.00,211.00,212.00,211.00
211.00,149.00,275.00,149.00,275.00,210.00,211.00,210.00
210.00,150.00,274.00,150.00,274.00,211.00,210.00,211.00
208.00,148.00,276.00,148.00,276.00,212.00,208.00,212.00
207.00,152.00,277.00,152.00,277.00,220.00,207.00,220.00
210.00,148.00,283.00,148.00,283.00,221.00,210.00,221.00
212.00,146.00,289.00,146.00,289.00,220.00,212.00,220.00
216.00,154.00,293.00,154.00,293.00,225.00,216.00,225.00
223.00,160.00,300.00,160.00,300.00,231.00,223.00,231.00
231.00,161.00,308.00,161.00,308.00,229.00,231.00,229.00
243.00,160.00,314.00,160.00,314.00,227.00,243.00,227.00
264.00,162.00,331.00,162.00,331.00,234.00,264.00,234.00
262.00,167.00,340.00,167.00,340.00,233.00,262.00,233.00
266.00,173.00,343.00,173.00,343.00,237.00,266.00,237.00
270.00,172.00,349.00,172.00,349.00,242.00,270.00,242.00
273.00,177.00,354.00,177.00,354.00,249.00,273.00,249.00
277.00,179.00,357.00,179.00,357.00,251.00,277.00,251.00
282.00,181.00,360.00,181.00,360.00,251.00,282.00,251.00
283.00,183.00,357.00,183.00,357.00,250.00,283.00,250.00
288.00,186.00,363.00,186.00,363.00,250.00,288.00,250.00
294.00,189.00,368.00,189.00,368.00,255.00,294.00,255.00
305.00,181.00,370.00,181.00,370.00,251.00,305.00,251.00
307.00,186.00,380.00,186.00,380.00,257.00,307.00,257.00
306.00,189.00,381.00,189.00,381.00,259.00,306.00,259.00
314.00,187.00,386.00,187.00,386.00,251.00,314.00,251.00
324.00,185.00,387.00,185.00,387.00,254.00,324.00,254.00
313.00,186.00,387.00,186.00,387.00,245.00,313.00,245.00
321.00,182.00,398.00,182.00,398.00,245.00,321.00,245.00
332.00,170.00,396.00,170.00,396.00,240.00,332.00,240.00
331.00,176.00,405.00,176.00,405.00,236.00,331.00,236.00
341.00,174.00,420.00,174.00,420.00,244.00,341.00,244.00
340.00,176.00,422.00,176.00,422.00,255.00,340.00,255.00
358.00,184.00,431.00,184.00,431.00,261.00,358.00,261.00
363.00,171.00,431.00,171.00,431.00,245.00,363.00,245.00
348.00,177.00,416.00,177.00,416.00,251.00,348.00,251.00
350.00,159.00,425.00,159.00,425.00,236.00,350.00,236.00
345.00,154.00,421.00,154.00,421.00,229.00,345.00,229.00
340.00,153.00,415.00,153.00,415.00,226.00,340.00,226.00
339.00,155.00,408.00,155.00,408.00,230.00,339.00,230.00
341.00,162.00,411.00,162.00,411.00,240.00,341.00,240.00
336.00,167.00,411.00,167.00,411.00,246.00,336.00,246.00
338.00,176.00,411.00,176.00,411.00,251.00,338.00,251.00
342.00,188.00,414.00,188.00,414.00,260.00,342.00,260.00
345.00,175.00,416.00,175.00,416.00,248.00,345.00,248.00
336.00,167.00,410.00,167.00,410.00,250.00,336.00,250.00
350.00,184.00,424.00,184.00,424.00,264.00,350.00,264.00
342.00,152.00,408.00,152.00,408.00,228.00,342.00,228.00
342.00,148.00,406.00,148.00,406.00,212.00,342.00,212.00
345.00,143.00,405.00,143.00,405.00,207.00,345.00,207.00
342.00,160.00,413.00,160.00,413.00,237.00,342.00,237.00
329.00,163.00,401.00,163.00,401.00,235.00,329.00,235.00
336.00,172.00,403.00,172.00,403.00,240.00,336.00,240.00
326.00,179.00,394.00,179.00,394.00,246.00,326.00,246.00
318.00,167.00,391.00,167.00,391.00,237.00,318.00,237.00
312.00,162.00,378.00,162.00,378.00,231.00,312.00,231.00
310.00,159.00,371.00,159.00,371.00,226.00,310.00,226.00
309.00,160.00,368.00,160.00,368.00,221.00,309.00,221.00
307.00,164.00,366.00,164.00,366.00,224.00,307.00,224.00
304.00,165.00,362.00,165.00,362.00,226.00,304.00,226.00
300.00,169.00,360.00,169.00,360.00,232.00,300.00,232.00
295.00,182.00,356.00,182.00,356.00,253.00,295.00,253.00
296.00,193.00,357.00,193.00,357.00,258.00,296.00,258.00
300.00,202.00,360.00,202.00,360.00,262.00,300.00,262.00
303.00,191.00,361.00,191.00,361.00,249.00,303.00,249.00
300.00,187.00,359.00,187.00,359.00,250.00,300.00,250.00
302.00,184.00,360.00,184.00,360.00,245.00,302.00,245.00
301.00,182.00,359.00,182.00,359.00,239.00,301.00,239.00
302.00,182.00,360.00,182.00,360.00,238.00,302.00,238.00
298.00,183.00,359.00,183.00,359.00,243.00,298.00,243.00
300.00,188.00,360.00,188.00,360.00,252.00,300.00,252.00
298.00,195.00,355.00,195.00,355.00,254.00,298.00,254.00
304.00,196.00,358.00,196.00,358.00,252.00,304.00,252.00
302.00,187.00,357.00,187.00,357.00,249.00,302.00,249.00
296.00,171.00,348.00,171.00,348.00,235.00,296.00,235.00
294.00,170.00,345.00,170.00,345.00,229.00,294.00,229.00
292.00,169.00,343.00,169.00,343.00,224.00,292.00,224.00
293.00,167.00,340.00,167.00,340.00,221.00,293.00,221.00
289.00,169.00,339.00,169.00,339.00,226.00,289.00,226.00
291.00,176.00,341.00,176.00,341.00,234.00,291.00,234.00
290.00,184.00,343.00,184.00,343.00,241.00,290.00,241.00
292.00,189.00,342.00,189.00,342.00,244.00,292.00,244.00
295.00,188.00,344.00,188.00,344.00,242.00,295.00,242.00
300.00,173.00,345.00,173.00,345.00,226.00,300.00,226.00
299.00,176.00,348.00,176.00,348.00,229.00,299.00,229.00
302.00,187.00,350.00,187.00,350.00,240.00,302.00,240.00
303.00,192.00,350.00,192.00,350.00,242.00,303.00,242.00
302.00,191.00,350.00,191.00,350.00,244.00,302.00,244.00
301.00,175.00,359.00,175.00,359.00,241.00,301.00,241.00
303.00,172.00,349.00,172.00,349.00,230.00,303.00,230.00
304.00,163.00,348.00,163.00,348.00,220.00,304.00,220.00
303.00,158.00,346.00,158.00,346.00,210.00,303.00,210.00
261.00,134.00,310.00,134.00,310.00,194.00,261.00,194.00
265.00,140.00,313.00,140.00,313.00,194.00,265.00,194.00
268.00,141.00,316.00,141.00,316.00,196.00,268.00,196.00
302.00,157.00,346.00,157.00,346.00,207.00,302.00,207.00
305.00,164.00,349.00,164.00,349.00,214.00,305.00,214.00
305.00,164.00,350.00,164.00,350.00,214.00,305.00,214.00
303.00,143.00,357.00,143.00,357.00,205.00,303.00,205.00
289.00,128.00,335.00,128.00,335.00,185.00,289.00,185.00
264.00,111.00,314.00,111.00,314.00,170.00,264.00,170.00
267.00,116.00,315.00,116.00,315.00,173.00,267.00,173.00
281.00,126.00,325.00,126.00,325.00,177.00,281.00,177.00
304.00,129.00,345.00,129.00,345.00,175.00,304.00,175.00
305.00,135.00,344.00,135.00,344.00,182.00,305.00,182.00
302.00,137.00,344.00,137.00,344.00,184.00,302.00,184.00
301.00,143.00,340.00,143.00,340.00,187.00,301.00,187.00
298.00,137.00,338.00,137.00,338.00,183.00,298.00,183.00
296.00,131.00,335.00,131.00,335.00,178.00,296.00,178.00
295.00,125.00,334.00,125.00,334.00,173.00,295.00,173.00
295.00,123.00,332.00,123.00,332.00,166.00,295.00,166.00
294.00,123.00,331.00,123.00,331.00,165.00,294.00,165.00
294.00,128.00,330.00,128.00,330.00,170.00,294.00,170.00
292.00,132.00,329.00,132.00,329.00,176.00,292.00,176.00
291.00,137.00,330.00,137.00,330.00,185.00,291.00,185.00
288.00,146.00,329.00,146.00,329.00,192.00,288.00,192.00
287.00,153.00,328.00,153.00,328.00,196.00,287.00,196.00
286.00,149.00,325.00,149.00,325.00,192.00,286.00,192.00
284.00,150.00,325.00,150.00,325.00,193.00,284.00,193.00
285.00,150.00,325.00,150.00,325.00,188.00,285.00,188.00
287.00,148.00,327.00,148.00,327.00,186.00,287.00,186.00
288.00,149.00,329.00,149.00,329.00,186.00,288.00,186.00
291.00,149.00,334.00,149.00,334.00,187.00,291.00,187.00
291.00,155.00,335.00,155.00,335.00,195.00,291.00,195.00
294.00,162.00,335.00,162.00,335.00,201.00,294.00,201.00
291.00,166.00,334.00,166.00,334.00,209.00,291.00,209.00
292.00,162.00,334.00,162.00,334.00,203.00,292.00,203.00
290.00,157.00,332.00,157.00,332.00,201.00,290.00,201.00
292.00,147.00,334.00,147.00,334.00,193.00,292.00,193.00
295.00,144.00,335.00,144.00,335.00,182.00,295.00,182.00
297.00,148.00,337.00,148.00,337.00,185.00,297.00,185.00
295.00,143.00,333.00,143.00,333.00,180.00,295.00,180.00
300.00,148.00,335.00,148.00,335.00,187.00,300.00,187.00
299.00,151.00,335.00,151.00,335.00,186.00,299.00,186.00
298.00,150.00,336.00,150.00,336.00,185.00,298.00,185.00
302.00,148.00,335.00,148.00,335.00,189.00,302.00,189.00
303.00,141.00,337.00,141.00,337.00,182.00,303.00,182.00
306.00,137.00,340.00,137.00,340.00,175.00,306.00,175.00
310.00,131.00,346.00,131.00,346.00,167.00,310.00,167.00
310.00,131.00,345.00,131.00,345.00,166.00,310.00,166.00
312.00,131.00,347.00,131.00,347.00,168.00,312.00,168.00
313.00,138.00,349.00,138.00,349.00,173.00,313.00,173.00
311.00,143.00,348.00,143.00,348.00,179.00,311.00,179.00
311.00,145.00,345.00,145.00,345.00,177.00,311.00,177.00
310.00,144.00,345.00,144.00,345.00,178.00,310.00,178.00
310.00,137.00,345.00,137.00,345.00,175.00,310.00,175.00
309.00,132.00,344.00,132.00,344.00,168.00,309.00,168.00
308.00,128.00,343.00,128.00,343.00,163.00,308.00,163.00
309.00,124.00,344.00,124.00,344.00,158.00,309.00,158.00
312.00,127.00,345.00,127.00,345.00,161.00,312.00,161.00
315.00,132.00,345.00,132.00,345.00,168.00,315.00,168.00
313.00,141.00,349.00,141.00,349.00,180.00,313.00,180.00
313.00,150.00,346.00,150.00,346.00,189.00,313.00,189.00
312.00,150.00,348.00,150.00,348.00,185.00,312.00,185.00
315.00,151.00,349.00,151.00,349.00,188.00,315.00,188.00
317.00,148.00,349.00,148.00,349.00,184.00,317.00,184.00
319.00,141.00,352.00,141.00,352.00,177.00,319.00,177.00
319.00,132.00,356.00,132.00,356.00,171.00,319.00,171.00
318.00,134.00,353.00,134.00,353.00,168.00,318.00,168.00
317.00,132.00,354.00,132.00,354.00,164.00,317.00,164.00
316.00,134.00,352.00,134.00,352.00,168.00,316.00,168.00
315.00,139.00,351.00,139.00,351.00,177.00,315.00,177.00
312.00,142.00,350.00,142.00,350.00,179.00,312.00,179.00
315.00,140.00,353.00,140.00,353.00,177.00,315.00,177.00
318.00,133.00,355.00,133.00,355.00,172.00,318.00,172.00
314.00,126.00,351.00,126.00,351.00,167.00,314.00,167.00
315.00,119.00,351.00,119.00,351.00,158.00,315.00,158.00
310.00,120.00,347.00,120.00,347.00,158.00,310.00,158.00
308.00,118.00,346.00,118.00,346.00,155.00,308.00,155.00
310.00,118.00,347.00,118.00,347.00,156.00,310.00,156.00
306.00,125.00,342.00,125.00,342.00,165.00,306.00,165.00
304.00,130.00,339.00,130.00,339.00,170.00,304.00,170.00
299.00,136.00,336.00,136.00,336.00,171.00,299.00,171.00
299.00,135.00,337.00,135.00,337.00,172.00,299.00,172.00
300.00,130.00,337.00,130.00,337.00,168.00,300.00,168.00
300.00,124.00,337.00,124.00,337.00,162.00,300.00,162.00
300.00,121.00,335.00,121.00,335.00,158.00,300.00,158.00
298.00,116.00,336.00,116.00,336.00,151.00,298.00,151.00
299.00,120.00,337.00,120.00,337.00,155.00,299.00,155.00
304.00,122.00,339.00,122.00,339.00,160.00,304.00,160.00
301.00,130.00,338.00,130.00,338.00,170.00,301.00,170.00
301.00,141.00,338.00,141.00,338.00,179.00,301.00,179.00
299.00,143.00,337.00,143.00,337.00,178.00,299.00,178.00
303.00,140.00,340.00,140.00,340.00,180.00,303.00,180.00
307.00,134.00,342.00,134.00,342.00,175.00,307.00,175.00
309.00,129.00,344.00,129.00,344.00,167.00,309.00,167.00
309.00,123.00,346.00,123.00,346.00,161.00,309.00,161.00
307.00,123.00,346.00,123.00,346.00,160.00,307.00,160.00
312.00,124.00,348.00,124.00,348.00,162.00,312.00,162.00
314.00,130.00,348.00,130.00,348.00,168.00,314.00,168.00
316.00,132.00,350.00,132.00,350.00,169.00,316.00,169.00
316.00,133.00,351.00,133.00,351.00,167.00,316.00,167.00
317.00,133.00,353.00,133.00,353.00,166.00,317.00,166.00
322.00,133.00,356.00,133.00,356.00,164.00,322.00,164.00
317.00,135.00,354.00,135.00,354.00,170.00,317.00,170.00
314.00,137.00,354.00,137.00,354.00,177.00,314.00,177.00
319.00,135.00,351.00,135.00,351.00,172.00,319.00,172.00
314.00,136.00,354.00,136.00,354.00,176.00,314.00,176.00
312.00,140.00,352.00,140.00,352.00,180.00,312.00,180.00
311.00,142.00,350.00,142.00,350.00,181.00,311.00,181.00
311.00,138.00,350.00,138.00,350.00,177.00,311.00,177.00
311.00,138.00,349.00,138.00,349.00,176.00,311.00,176.00
309.00,137.00,347.00,137.00,347.00,175.00,309.00,175.00
305.00,129.00,342.00,129.00,342.00,166.00,305.00,166.00
309.00,133.00,346.00,133.00,346.00,170.00,309.00,170.00
299.00,142.00,336.00,142.00,336.00,179.00,299.00,179.00
302.00,123.00,338.00,123.00,338.00,159.00,302.00,159.00
302.00,137.00,338.00,137.00,338.00,173.00,302.00,173.00
289.00,141.00,326.00,141.00,326.00,178.00,289.00,178.00
317.00,131.00,355.00,131.00,355.00,169.00,317.00,169.00
304.00,143.00,342.00,143.00,342.00,181.00,304.00,181.00
281.00,145.00,319.00,145.00,319.00,183.00,281.00,183.00
2
0
0
0
0
1
310.00,130.00,343.00,130.00,343.00,179.00,310.00,179.00
310.00,131.00,343.00,131.00,343.00,181.00,310.00,181.00
311.00,132.00,342.00,132.00,342.00,183.00,311.00,183.00
311.00,135.00,342.00,135.00,342.00,183.00,311.00,183.00
315.00,137.00,346.00,137.00,346.00,186.00,315.00,186.00
319.00,143.00,351.00,143.00,351.00,193.00,319.00,193.00
334.00,129.00,366.00,129.00,366.00,179.00,334.00,179.00
334.00,133.00,366.00,133.00,366.00,183.00,334.00,183.00
335.00,126.00,366.00,126.00,366.00,175.00,335.00,175.00
347.00,133.00,378.00,133.00,378.00,182.00,347.00,182.00
352.00,140.00,383.00,140.00,383.00,190.00,352.00,190.00
353.00,143.00,384.00,143.00,384.00,192.00,353.00,192.00
332.00,108.00,364.00,108.00,364.00,158.00,332.00,158.00
334.00,112.00,367.00,112.00,367.00,163.00,334.00,163.00
2
0
0
0
0
