1
296.00,138.00,374.00,138.00,374.00,226.00,296.00,226.00
291.00,140.00,372.00,140.00,372.00,231.00,291.00,231.00
291.00,144.00,372.00,144.00,372.00,235.00,291.00,235.00
293.00,147.00,373.00,147.00,373.00,237.00,293.00,237.00
297.00,147.00,376.00,147.00,376.00,237.00,297.00,237.00
300.00,147.00,380.00,147.00,380.00,236.00,300.00,236.00
303.00,147.00,382.00,147.00,382.00,234.00,303.00,234.00
303.00,147.00,383.00,147.00,383.00,235.00,303.00,235.00
301.00,149.00,385.00,149.00,385.00,237.00,301.00,237.00
300.00,149.00,385.00,149.00,385.00,239.00,300.00,239.00
304.00,147.00,390.00,147.00,390.00,239.00,304.00,239.00
310.00,143.00,398.00,143.00,398.00,237.00,310.00,237.00
319.00,138.00,404.00,138.00,404.00,232.00,319.00,232.00
325.00,134.00,407.00,134.00,407.00,227.00,325.00,227.00
328.00,130.00,408.00,130.00,408.00,224.00,328.00,224.00
326.00,127.00,411.00,127.00,411.00,222.00,326.00,222.00
325.00,127.00,413.00,127.00,413.00,225.00,325.00,225.00
325.00,126.00,415.00,126.00,415.00,225.00,325.00,225.00
327.00,120.00,420.00,120.00,420.00,222.00,327.00,222.00
332.00,116.00,425.00,116.00,425.00,217.00,332.00,217.00
340.00,110.00,430.00,110.00,430.00,212.00,340.00,212.00
344.00,107.00,435.00,107.00,435.00,212.00,344.00,212.00
349.00,108.00,442.00,108.00,442.00,214.00,349.00,214.00
352.00,112.00,452.00,112.00,452.00,221.00,352.00,221.00
364.00,122.00,461.00,122.00,461.00,230.00,364.00,230.00
368.00,124.00,466.00,124.00,466.00,231.00,368.00,231.00
373.00,114.00,457.00,114.00,457.00,213.00,373.00,213.00
365.00,102.00,449.00,102.00,449.00,200.00,365.00,200.00
346.00,90.00,438.00,90.00,438.00,198.00,346.00,198.00
337.00,85.00,427.00,85.00,427.00,190.00,337.00,190.00
332.00,81.00,420.00,81.00,420.00,183.00,332.00,183.00
330.00,79.00,420.00,79.00,420.00,183.00,330.00,183.00
328.00,79.00,420.00,79.00,420.00,188.00,328.00,188.00
334.00,90.00,427.00,90.00,427.00,197.00,334.00,197.00
349.00,111.00,434.00,111.00,434.00,210.00,349.00,210.00
340.00,62.00,425.00,62.00,425.00,160.00,340.00,160.00
366.00,79.00,452.00,79.00,452.00,178.00,366.00,178.00
363.00,124.00,457.00,124.00,457.00,230.00,363.00,230.00
368.00,112.00,455.00,112.00,455.00,212.00,368.00,212.00
355.00,97.00,446.00,97.00,446.00,206.00,355.00,206.00
352.00,86.00,445.00,86.00,445.00,197.00,352.00,197.00
352.00,82.00,445.00,82.00,445.00,189.00,352.00,189.00
353.00,81.00,444.00,81.00,444.00,186.00,353.00,186.00
355.00,81.00,445.00,81.00,445.00,186.00,355.00,186.00
357.00,89.00,448.00,89.00,448.00,194.00,357.00,194.00
360.00,99.00,450.00,99.00,450.00,206.00,360.00,206.00
355.00,99.00,442.00,99.00,442.00,198.00,355.00,198.00
367.00,119.00,456.00,119.00,456.00,221.00,367.00,221.00
375.00,143.00,466.00,143.00,466.00,249.00,375.00,249.00
372.00,139.00,460.00,139.00,460.00,238.00,372.00,238.00
364.00,119.00,450.00,119.00,450.00,228.00,364.00,228.00
360.00,104.00,449.00,104.00,449.00,213.00,360.00,213.00
357.00,107.00,448.00,107.00,448.00,210.00,357.00,210.00
353.00,108.00,441.00,108.00,441.00,209.00,353.00,209.00
351.00,114.00,438.00,114.00,438.00,218.00,351.00,218.00
345.00,120.00,432.00,120.00,432.00,225.00,345.00,225.00
344.00,143.00,430.00,143.00,430.00,240.00,344.00,240.00
329.00,101.00,414.00,101.00,414.00,197.00,329.00,197.00
359.00,121.00,443.00,121.00,443.00,216.00,359.00,216.00
387.00,109.00,472.00,109.00,472.00,199.00,387.00,199.00
390.00,105.00,475.00,105.00,475.00,201.00,390.00,201.00
335.00,126.00,420.00,126.00,420.00,222.00,335.00,222.00
315.00,126.00,402.00,126.00,402.00,222.00,315.00,222.00
310.00,123.00,394.00,123.00,394.00,215.00,310.00,215.00
305.00,124.00,390.00,124.00,390.00,215.00,305.00,215.00
306.00,127.00,386.00,127.00,386.00,219.00,306.00,219.00
302.00,131.00,381.00,131.00,381.00,229.00,302.00,229.00
301.00,142.00,378.00,142.00,378.00,237.00,301.00,237.00
298.00,155.00,379.00,155.00,379.00,248.00,298.00,248.00
297.00,166.00,379.00,166.00,379.00,260.00,297.00,260.00
301.00,194.00,380.00,194.00,380.00,289.00,301.00,289.00
292.00,192.00,375.00,192.00,375.00,289.00,292.00,289.00
325.00,156.00,410.00,156.00,410.00,255.00,325.00,255.00
280.00,146.00,363.00,146.00,363.00,244.00,280.00,244.00
271.00,133.00,355.00,133.00,355.00,235.00,271.00,235.00
266.00,129.00,350.00,129.00,350.00,227.00,266.00,227.00
267.00,129.00,347.00,129.00,347.00,221.00,267.00,221.00
268.00,127.00,347.00,127.00,347.00,221.00,268.00,221.00
264.00,133.00,345.00,133.00,345.00,228.00,264.00,228.00
257.00,143.00,339.00,143.00,339.00,240.00,257.00,240.00
257.00,160.00,338.00,160.00,338.00,254.00,257.00,254.00
251.00,174.00,333.00,174.00,333.00,276.00,251.00,276.00
249.00,183.00,334.00,183.00,334.00,284.00,249.00,284.00
247.00,189.00,329.00,189.00,329.00,288.00,247.00,288.00
243.00,177.00,322.00,177.00,322.00,276.00,243.00,276.00
244.00,171.00,322.00,171.00,322.00,264.00,244.00,264.00
239.00,173.00,315.00,173.00,315.00,266.00,239.00,266.00
239.00,178.00,314.00,178.00,314.00,267.00,239.00,267.00
235.00,183.00,311.00,183.00,311.00,274.00,235.00,274.00
235.00,188.00,311.00,188.00,311.00,278.00,235.00,278.00
232.00,206.00,306.00,206.00,306.00,296.00,232.00,296.00
218.00,186.00,292.00,186.00,292.00,274.00,218.00,274.00
216.00,190.00,291.00,190.00,291.00,279.00,216.00,279.00
212.00,177.00,285.00,177.00,285.00,264.00,212.00,264.00
206.00,179.00,279.00,179.00,279.00,266.00,206.00,266.00
200.00,167.00,273.00,167.00,273.00,254.00,200.00,254.00
195.00,175.00,268.00,175.00,268.00,262.00,195.00,262.00
2
0
0
0
0
1
252.00,144.00,311.00,144.00,311.00,207.00,252.00,207.00
234.00,165.00,293.00,165.00,293.00,228.00,234.00,228.00
254.00,164.00,314.00,164.00,314.00,228.00,254.00,228.00
247.00,192.00,307.00,192.00,307.00,256.00,247.00,256.00
249.00,188.00,309.00,188.00,309.00,252.00,249.00,252.00
227.00,211.00,288.00,211.00,288.00,276.00,227.00,276.00
254.00,195.00,314.00,195.00,314.00,259.00,254.00,259.00
2
0
0
0
0
1
236.00,145.00,296.00,145.00,296.00,211.00,236.00,211.00
239.00,152.00,299.00,152.00,299.00,218.00,239.00,218.00
258.00,172.00,318.00,172.00,318.00,238.00,258.00,238.00
236.00,164.00,296.00,164.00,296.00,231.00,236.00,231.00
250.00,128.00,303.00,128.00,303.00,194.00,250.00,194.00
243.00,148.00,303.00,148.00,303.00,215.00,243.00,215.00
245.00,162.00,302.00,162.00,302.00,223.00,245.00,223.00
249.00,132.00,310.00,132.00,310.00,196.00,249.00,196.00
250.00,141.00,314.00,141.00,314.00,204.00,250.00,204.00
258.00,131.00,319.00,131.00,319.00,196.00,258.00,196.00
256.00,133.00,320.00,133.00,320.00,193.00,256.00,193.00
262.00,131.00,326.00,131.00,326.00,192.00,262.00,192.00
273.00,134.00,328.00,134.00,328.00,195.00,273.00,195.00
293.00,167.00,349.00,167.00,349.00,231.00,293.00,231.00
279.00,167.00,333.00,167.00,333.00,229.00,279.00,229.00
281.00,144.00,341.00,144.00,341.00,213.00,281.00,213.00
279.00,149.00,343.00,149.00,343.00,213.00,279.00,213.00
284.00,162.00,344.00,162.00,344.00,227.00,284.00,227.00
285.00,158.00,347.00,158.00,347.00,223.00,285.00,223.00
282.00,153.00,348.00,153.00,348.00,218.00,282.00,218.00
288.00,153.00,351.00,153.00,351.00,218.00,288.00,218.00
288.00,149.00,352.00,149.00,352.00,214.00,288.00,214.00
291.00,161.00,349.00,161.00,349.00,230.00,291.00,230.00
287.00,150.00,346.00,150.00,346.00,216.00,287.00,216.00
278.00,145.00,344.00,145.00,344.00,216.00,278.00,216.00
283.00,149.00,344.00,149.00,344.00,220.00,283.00,220.00
281.00,149.00,339.00,149.00,339.00,219.00,281.00,219.00
279.00,147.00,340.00,147.00,340.00,216.00,279.00,216.00
275.00,153.00,340.00,153.00,340.00,230.00,275.00,230.00
267.00,140.00,335.00,140.00,335.00,210.00,267.00,210.00
259.00,137.00,332.00,137.00,332.00,210.00,259.00,210.00
253.00,137.00,323.00,137.00,323.00,206.00,253.00,206.00
245.00,137.00,316.00,137.00,316.00,209.00,245.00,209.00
236.00,140.00,308.00,140.00,308.00,207.00,236.00,207.00
227.00,164.00,299.00,164.00,299.00,234.00,227.00,234.00
220.00,152.00,291.00,152.00,291.00,225.00,220.00,225.00
222.00,145.00,288.00,145.00,288.00,219.00,222.00,219.00
224.00,141.00,287.00,141.00,287.00,217.00,224.00,217.00
213.00,137.00,285.00,137.00,285.00,217.00,213.00,217.00
207.00,139.00,277.00,139.00,277.00,220.00,207.00,220.00
208.00,141.00,277.00,141.00,277.00,219.00,208.00,219.00
208.00,142.00,277.00,142.00,277.00,216.00,208.00,216.00
207.00,142.00,279.00,142.00,279.00,219.00,207.00,219.00
206.00,141.00,280.00,141.00,280.00,223.00,206.00,223.00
209.00,142.00,281.00,142.00,281.00,229.00,209.00,229.00
212.00,145.00,287.00,145.00,287.00,229.00,212.00,229.00
213.00,150.00,297.00,150.00,297.00,232.00,213.00,232.00
220.00,154.00,304.00,154.00,304.00,236.00,220.00,236.00
228.00,156.00,308.00,156.00,308.00,238.00,228.00,238.00
240.00,158.00,316.00,158.00,316.00,236.00,240.00,236.00
262.00,160.00,330.00,160.00,330.00,238.00,262.00,238.00
259.00,165.00,338.00,165.00,338.00,241.00,259.00,241.00
266.00,169.00,343.00,169.00,343.00,240.00,266.00,240.00
268.00,168.00,351.00,168.00,351.00,249.00,268.00,249.00
271.00,173.00,355.00,173.00,355.00,256.00,271.00,256.00
276.00,178.00,356.00,178.00,356.00,257.00,276.00,257.00
282.00,179.00,359.00,179.00,359.00,253.00,282.00,253.00
285.00,181.00,358.00,181.00,358.00,254.00,285.00,254.00
286.00,182.00,361.00,182.00,361.00,250.00,286.00,250.00
303.00,183.00,371.00,183.00,371.00,262.00,303.00,262.00
305.00,180.00,372.00,180.00,372.00,257.00,305.00,257.00
307.00,184.00,380.00,184.00,380.00,259.00,307.00,259.00
306.00,188.00,380.00,188.00,380.00,263.00,306.00,263.00
313.00,185.00,386.00,185.00,386.00,254.00,313.00,254.00
317.00,187.00,385.00,187.00,385.00,264.00,317.00,264.00
311.00,183.00,390.00,183.00,390.00,253.00,311.00,253.00
319.00,180.00,401.00,180.00,401.00,249.00,319.00,249.00
335.00,168.00,403.00,168.00,403.00,245.00,335.00,245.00
330.00,175.00,406.00,175.00,406.00,247.00,330.00,247.00
341.00,172.00,417.00,172.00,417.00,248.00,341.00,248.00
339.00,173.00,421.00,173.00,421.00,260.00,339.00,260.00
355.00,183.00,431.00,183.00,431.00,268.00,355.00,268.00
363.00,187.00,431.00,187.00,431.00,264.00,363.00,264.00
349.00,173.00,417.00,173.00,417.00,250.00,349.00,250.00
347.00,157.00,424.00,157.00,424.00,241.00,347.00,241.00
346.00,150.00,418.00,150.00,418.00,233.00,346.00,233.00
340.00,153.00,414.00,153.00,414.00,233.00,340.00,233.00
339.00,153.00,408.00,153.00,408.00,238.00,339.00,238.00
339.00,159.00,411.00,159.00,411.00,246.00,339.00,246.00
338.00,166.00,412.00,166.00,412.00,255.00,338.00,255.00
341.00,172.00,413.00,172.00,413.00,252.00,341.00,252.00
345.00,189.00,413.00,189.00,413.00,265.00,345.00,265.00
345.00,171.00,415.00,171.00,415.00,248.00,345.00,248.00
339.00,161.00,412.00,161.00,412.00,251.00,339.00,251.00
342.00,167.00,413.00,167.00,413.00,246.00,342.00,246.00
342.00,149.00,408.00,149.00,408.00,230.00,342.00,230.00
342.00,147.00,408.00,147.00,408.00,220.00,342.00,220.00
342.00,140.00,405.00,140.00,405.00,208.00,342.00,208.00
343.00,170.00,411.00,170.00,411.00,245.00,343.00,245.00
332.00,160.00,402.00,160.00,402.00,239.00,332.00,239.00
338.00,166.00,402.00,166.00,402.00,238.00,338.00,238.00
325.00,176.00,393.00,176.00,393.00,248.00,325.00,248.00
319.00,165.00,388.00,165.00,388.00,240.00,319.00,240.00
313.00,157.00,379.00,157.00,379.00,234.00,313.00,234.00
310.00,157.00,373.00,157.00,373.00,227.00,310.00,227.00
310.00,153.00,369.00,153.00,369.00,215.00,310.00,215.00
307.00,162.00,366.00,162.00,366.00,226.00,307.00,226.00
304.00,167.00,362.00,167.00,362.00,233.00,304.00,233.00
302.00,167.00,358.00,167.00,358.00,233.00,302.00,233.00
294.00,182.00,356.00,182.00,356.00,258.00,294.00,258.00
297.00,190.00,357.00,190.00,357.00,261.00,297.00,261.00
302.00,200.00,362.00,200.00,362.00,266.00,302.00,266.00
303.00,192.00,362.00,192.00,362.00,257.00,303.00,257.00
302.00,184.00,361.00,184.00,361.00,253.00,302.00,253.00
303.00,179.00,361.00,179.00,361.00,246.00,303.00,246.00
302.00,181.00,359.00,181.00,359.00,241.00,302.00,241.00
304.00,179.00,361.00,179.00,361.00,238.00,304.00,238.00
301.00,181.00,360.00,181.00,360.00,244.00,301.00,244.00
301.00,183.00,360.00,183.00,360.00,250.00,301.00,250.00
302.00,191.00,357.00,191.00,357.00,250.00,302.00,250.00
306.00,192.00,359.00,192.00,359.00,251.00,306.00,251.00
303.00,186.00,354.00,186.00,354.00,249.00,303.00,249.00
298.00,167.00,347.00,167.00,347.00,235.00,298.00,235.00
296.00,166.00,344.00,166.00,344.00,229.00,296.00,229.00
294.00,163.00,341.00,163.00,341.00,221.00,294.00,221.00
293.00,162.00,340.00,162.00,340.00,220.00,293.00,220.00
291.00,166.00,339.00,166.00,339.00,227.00,291.00,227.00
293.00,171.00,342.00,171.00,342.00,231.00,293.00,231.00
293.00,179.00,343.00,179.00,343.00,238.00,293.00,238.00
292.00,185.00,343.00,185.00,343.00,242.00,292.00,242.00
294.00,186.00,343.00,186.00,343.00,243.00,294.00,243.00
303.00,173.00,344.00,173.00,344.00,226.00,303.00,226.00
304.00,175.00,347.00,175.00,347.00,228.00,304.00,228.00
307.00,184.00,349.00,184.00,349.00,233.00,307.00,233.00
307.00,189.00,351.00,189.00,351.00,238.00,307.00,238.00
309.00,186.00,352.00,186.00,352.00,235.00,309.00,235.00
313.00,178.00,354.00,178.00,354.00,230.00,313.00,230.00
302.00,164.00,352.00,164.00,352.00,220.00,302.00,220.00
308.00,160.00,347.00,160.00,347.00,212.00,308.00,212.00
307.00,153.00,345.00,153.00,345.00,202.00,307.00,202.00
298.00,146.00,339.00,146.00,339.00,195.00,298.00,195.00
298.00,146.00,339.00,146.00,339.00,194.00,298.00,194.00
283.00,144.00,328.00,144.00,328.00,195.00,283.00,195.00
306.00,156.00,346.00,156.00,346.00,202.00,306.00,202.00
306.00,161.00,348.00,161.00,348.00,211.00,306.00,211.00
309.00,161.00,350.00,161.00,350.00,209.00,309.00,209.00
312.00,150.00,351.00,150.00,351.00,199.00,312.00,199.00
309.00,138.00,348.00,138.00,348.00,188.00,309.00,188.00
308.00,135.00,348.00,135.00,348.00,185.00,308.00,185.00
309.00,131.00,347.00,131.00,347.00,178.00,309.00,178.00
309.00,130.00,347.00,130.00,347.00,174.00,309.00,174.00
307.00,130.00,347.00,130.00,347.00,177.00,307.00,177.00
307.00,133.00,347.00,133.00,347.00,177.00,307.00,177.00
304.00,137.00,343.00,137.00,343.00,181.00,304.00,181.00
303.00,142.00,340.00,142.00,340.00,188.00,303.00,188.00
302.00,137.00,337.00,137.00,337.00,182.00,302.00,182.00
298.00,132.00,334.00,132.00,334.00,178.00,298.00,178.00
297.00,124.00,334.00,124.00,334.00,173.00,297.00,173.00
298.00,124.00,333.00,124.00,333.00,169.00,298.00,169.00
296.00,123.00,332.00,123.00,332.00,165.00,296.00,165.00
295.00,126.00,329.00,126.00,329.00,168.00,295.00,168.00
294.00,131.00,329.00,131.00,329.00,172.00,294.00,172.00
292.00,138.00,330.00,138.00,330.00,183.00,292.00,183.00
290.00,147.00,329.00,147.00,329.00,191.00,290.00,191.00
288.00,153.00,328.00,153.00,328.00,196.00,288.00,196.00
287.00,151.00,326.00,151.00,326.00,193.00,287.00,193.00
286.00,148.00,325.00,148.00,325.00,188.00,286.00,188.00
287.00,150.00,325.00,150.00,325.00,185.00,287.00,185.00
288.00,147.00,325.00,147.00,325.00,182.00,288.00,182.00
289.00,148.00,327.00,148.00,327.00,185.00,289.00,185.00
292.00,149.00,332.00,149.00,332.00,185.00,292.00,185.00
294.00,155.00,332.00,155.00,332.00,191.00,294.00,191.00
295.00,161.00,332.00,161.00,332.00,198.00,295.00,198.00
294.00,162.00,333.00,162.00,333.00,202.00,294.00,202.00
295.00,160.00,333.00,160.00,333.00,200.00,295.00,200.00
291.00,153.00,329.00,153.00,329.00,195.00,291.00,195.00
293.00,150.00,331.00,150.00,331.00,191.00,293.00,191.00
297.00,142.00,336.00,142.00,336.00,179.00,297.00,179.00
299.00,146.00,339.00,146.00,339.00,183.00,299.00,183.00
297.00,143.00,335.00,143.00,335.00,180.00,297.00,180.00
301.00,145.00,335.00,145.00,335.00,184.00,301.00,184.00
299.00,152.00,334.00,152.00,334.00,188.00,299.00,188.00
298.00,150.00,334.00,150.00,334.00,186.00,298.00,186.00
302.00,148.00,335.00,148.00,335.00,188.00,302.00,188.00
303.00,141.00,337.00,141.00,337.00,180.00,303.00,180.00
307.00,137.00,340.00,137.00,340.00,175.00,307.00,175.00
309.00,132.00,344.00,132.00,344.00,170.00,309.00,170.00
309.00,131.00,343.00,131.00,343.00,165.00,309.00,165.00
311.00,130.00,345.00,130.00,345.00,167.00,311.00,167.00
313.00,138.00,349.00,138.00,349.00,175.00,313.00,175.00
311.00,143.00,347.00,143.00,347.00,180.00,311.00,180.00
310.00,143.00,345.00,143.00,345.00,177.00,310.00,177.00
310.00,143.00,345.00,143.00,345.00,177.00,310.00,177.00
309.00,136.00,345.00,136.00,345.00,173.00,309.00,173.00
307.00,129.00,344.00,129.00,344.00,167.00,307.00,167.00
307.00,125.00,343.00,125.00,343.00,163.00,307.00,163.00
308.00,123.00,343.00,123.00,343.00,160.00,308.00,160.00
309.00,125.00,343.00,125.00,343.00,161.00,309.00,161.00
314.00,128.00,346.00,128.00,346.00,165.00,314.00,165.00
315.00,138.00,351.00,138.00,351.00,177.00,315.00,177.00
313.00,149.00,344.00,149.00,344.00,188.00,313.00,188.00
312.00,146.00,349.00,146.00,349.00,182.00,312.00,182.00
315.00,148.00,350.00,148.00,350.00,187.00,315.00,187.00
316.00,145.00,349.00,145.00,349.00,183.00,316.00,183.00
320.00,139.00,355.00,139.00,355.00,178.00,320.00,178.00
319.00,130.00,355.00,130.00,355.00,168.00,319.00,168.00
316.00,130.00,354.00,130.00,354.00,168.00,316.00,168.00
316.00,129.00,353.00,129.00,353.00,165.00,316.00,165.00
314.00,132.00,354.00,132.00,354.00,172.00,314.00,172.00
314.00,135.00,352.00,135.00,352.00,176.00,314.00,176.00
311.00,139.00,350.00,139.00,350.00,180.00,311.00,180.00
315.00,136.00,354.00,136.00,354.00,176.00,315.00,176.00
319.00,133.00,358.00,133.00,358.00,175.00,319.00,175.00
317.00,120.00,355.00,120.00,355.00,164.00,317.00,164.00
313.00,118.00,351.00,118.00,351.00,162.00,313.00,162.00
311.00,116.00,349.00,116.00,349.00,157.00,311.00,157.00
310.00,115.00,349.00,115.00,349.00,156.00,310.00,156.00
310.00,117.00,349.00,117.00,349.00,159.00,310.00,159.00
307.00,122.00,345.00,122.00,345.00,163.00,307.00,163.00
305.00,126.00,341.00,126.00,341.00,168.00,305.00,168.00
300.00,132.00,337.00,132.00,337.00,171.00,300.00,171.00
297.00,132.00,336.00,132.00,336.00,171.00,297.00,171.00
301.00,124.00,341.00,124.00,341.00,165.00,301.00,165.00
303.00,118.00,340.00,118.00,340.00,158.00,303.00,158.00
300.00,118.00,336.00,118.00,336.00,159.00,300.00,159.00
298.00,113.00,336.00,113.00,336.00,151.00,298.00,151.00
301.00,116.00,338.00,116.00,338.00,153.00,301.00,153.00
305.00,120.00,341.00,120.00,341.00,160.00,305.00,160.00
302.00,125.00,341.00,125.00,341.00,167.00,302.00,167.00
304.00,137.00,341.00,137.00,341.00,177.00,304.00,177.00
299.00,142.00,338.00,142.00,338.00,180.00,299.00,180.00
303.00,140.00,340.00,140.00,340.00,181.00,303.00,181.00
305.00,131.00,342.00,131.00,342.00,172.00,305.00,172.00
308.00,126.00,345.00,126.00,345.00,168.00,308.00,168.00
307.00,121.00,345.00,121.00,345.00,161.00,307.00,161.00
306.00,122.00,345.00,122.00,345.00,162.00,306.00,162.00
312.00,123.00,348.00,123.00,348.00,162.00,312.00,162.00
312.00,126.00,349.00,126.00,349.00,167.00,312.00,167.00
314.00,130.00,350.00,130.00,350.00,172.00,314.00,172.00
312.00,130.00,351.00,130.00,351.00,172.00,312.00,172.00
316.00,130.00,354.00,130.00,354.00,170.00,316.00,170.00
317.00,132.00,355.00,132.00,355.00,171.00,317.00,171.00
313.00,136.00,353.00,136.00,353.00,177.00,313.00,177.00
316.00,135.00,355.00,135.00,355.00,178.00,316.00,178.00
318.00,132.00,351.00,132.00,351.00,175.00,318.00,175.00
317.00,123.00,360.00,123.00,360.00,169.00,317.00,169.00
315.00,125.00,359.00,125.00,359.00,172.00,315.00,172.00
306.00,119.00,350.00,119.00,350.00,166.00,306.00,166.00
307.00,128.00,350.00,128.00,350.00,174.00,307.00,174.00
310.00,133.00,352.00,133.00,352.00,178.00,310.00,178.00
308.00,131.00,350.00,131.00,350.00,176.00,308.00,176.00
303.00,119.00,344.00,119.00,344.00,163.00,303.00,163.00
284.00,140.00,325.00,140.00,325.00,184.00,284.00,184.00
2
0
0
0
0
1
311.00,128.00,339.00,128.00,339.00,170.00,311.00,170.00
310.00,126.00,338.00,126.00,338.00,168.00,310.00,168.00
308.00,130.00,337.00,130.00,337.00,172.00,308.00,172.00
307.00,126.00,336.00,126.00,336.00,172.00,307.00,172.00
307.00,127.00,335.00,127.00,335.00,172.00,307.00,172.00
306.00,126.00,335.00,126.00,335.00,172.00,306.00,172.00
307.00,126.00,335.00,126.00,335.00,173.00,307.00,173.00
306.00,127.00,335.00,127.00,335.00,175.00,306.00,175.00
305.00,130.00,335.00,130.00,335.00,174.00,305.00,174.00
306.00,122.00,338.00,122.00,338.00,175.00,306.00,175.00
307.00,127.00,340.00,127.00,340.00,180.00,307.00,180.00
309.00,138.00,339.00,138.00,339.00,184.00,309.00,184.00
314.00,146.00,345.00,146.00,345.00,193.00,314.00,193.00
313.00,149.00,344.00,149.00,344.00,196.00,313.00,196.00
318.00,153.00,349.00,153.00,349.00,199.00,318.00,199.00
2
0
0
0
0
1
344.00,155.00,387.00,155.00,387.00,209.00,344.00,209.00
345.00,160.00,386.00,160.00,386.00,213.00,345.00,213.00
344.00,163.00,383.00,163.00,383.00,216.00,344.00,216.00
338.00,156.00,377.00,156.00,377.00,210.00,338.00,210.00
318.00,153.00,357.00,153.00,357.00,207.00,318.00,207.00
