1
481.00,496.00,517.00,496.00,517.00,612.00,481.00,612.00
485.00,486.00,521.00,486.00,521.00,598.00,485.00,598.00
490.00,472.00,526.00,472.00,526.00,588.00,490.00,588.00
489.00,458.00,526.00,458.00,526.00,572.00,489.00,572.00
486.00,441.00,522.00,441.00,522.00,556.00,486.00,556.00
487.00,426.00,524.00,426.00,524.00,543.00,487.00,543.00
489.00,414.00,525.00,414.00,525.00,530.00,489.00,530.00
487.00,399.00,523.00,399.00,523.00,515.00,487.00,515.00
485.00,383.00,522.00,383.00,522.00,500.00,485.00,500.00
487.00,372.00,525.00,372.00,525.00,488.00,487.00,488.00
489.00,362.00,527.00,362.00,527.00,478.00,489.00,478.00
489.00,353.00,527.00,353.00,527.00,467.00,489.00,467.00
493.00,346.00,531.00,346.00,531.00,458.00,493.00,458.00
494.00,333.00,532.00,333.00,532.00,445.00,494.00,445.00
489.00,321.00,526.00,321.00,526.00,431.00,489.00,431.00
487.00,312.00,522.00,312.00,522.00,421.00,487.00,421.00
488.00,303.00,523.00,303.00,523.00,414.00,488.00,414.00
497.00,297.00,534.00,297.00,534.00,407.00,497.00,407.00
511.00,298.00,547.00,298.00,547.00,410.00,511.00,410.00
521.00,299.00,558.00,299.00,558.00,410.00,521.00,410.00
527.00,296.00,564.00,296.00,564.00,406.00,527.00,406.00
530.00,292.00,567.00,292.00,567.00,403.00,530.00,403.00
517.00,288.00,553.00,288.00,553.00,400.00,517.00,400.00
488.00,270.00,524.00,270.00,524.00,385.00,488.00,385.00
476.00,267.00,511.00,267.00,511.00,381.00,476.00,381.00
474.00,267.00,510.00,267.00,510.00,378.00,474.00,378.00
482.00,271.00,518.00,271.00,518.00,380.00,482.00,380.00
491.00,273.00,526.00,273.00,526.00,383.00,491.00,383.00
504.00,277.00,539.00,277.00,539.00,386.00,504.00,386.00
520.00,288.00,555.00,288.00,555.00,397.00,520.00,397.00
537.00,302.00,572.00,302.00,572.00,410.00,537.00,410.00
550.00,311.00,585.00,311.00,585.00,419.00,550.00,419.00
556.00,317.00,591.00,317.00,591.00,427.00,556.00,427.00
546.00,320.00,582.00,320.00,582.00,430.00,546.00,430.00
541.00,313.00,578.00,313.00,578.00,422.00,541.00,422.00
539.00,305.00,575.00,305.00,575.00,416.00,539.00,416.00
541.00,301.00,578.00,301.00,578.00,412.00,541.00,412.00
544.00,296.00,581.00,296.00,581.00,409.00,544.00,409.00
546.00,290.00,584.00,290.00,584.00,406.00,546.00,406.00
548.00,283.00,586.00,283.00,586.00,399.00,548.00,399.00
549.00,275.00,586.00,275.00,586.00,391.00,549.00,391.00
548.00,266.00,586.00,266.00,586.00,386.00,548.00,386.00
547.00,260.00,585.00,260.00,585.00,379.00,547.00,379.00
546.00,254.00,585.00,254.00,585.00,375.00,546.00,375.00
547.00,251.00,584.00,251.00,584.00,370.00,547.00,370.00
546.00,246.00,584.00,246.00,584.00,370.00,546.00,370.00
545.00,243.00,585.00,243.00,585.00,368.00,545.00,368.00
542.00,242.00,584.00,242.00,584.00,367.00,542.00,367.00
536.00,240.00,580.00,240.00,580.00,364.00,536.00,364.00
534.00,238.00,578.00,238.00,578.00,364.00,534.00,364.00
530.00,235.00,576.00,235.00,576.00,363.00,530.00,363.00
526.00,235.00,572.00,235.00,572.00,363.00,526.00,363.00
523.00,241.00,569.00,241.00,569.00,371.00,523.00,371.00
517.00,245.00,562.00,245.00,562.00,376.00,517.00,376.00
511.00,256.00,555.00,256.00,555.00,388.00,511.00,388.00
506.00,266.00,550.00,266.00,550.00,403.00,506.00,403.00
501.00,270.00,543.00,270.00,543.00,408.00,501.00,408.00
498.00,273.00,542.00,273.00,542.00,415.00,498.00,415.00
495.00,274.00,538.00,274.00,538.00,419.00,495.00,419.00
493.00,273.00,536.00,273.00,536.00,421.00,493.00,421.00
491.00,270.00,536.00,270.00,536.00,421.00,491.00,421.00
491.00,270.00,538.00,270.00,538.00,421.00,491.00,421.00
490.00,271.00,538.00,271.00,538.00,422.00,490.00,422.00
489.00,270.00,538.00,270.00,538.00,424.00,489.00,424.00
488.00,268.00,539.00,268.00,539.00,422.00,488.00,422.00
490.00,269.00,541.00,269.00,541.00,423.00,490.00,423.00
490.00,267.00,542.00,267.00,542.00,423.00,490.00,423.00
490.00,265.00,542.00,265.00,542.00,421.00,490.00,421.00
491.00,259.00,545.00,259.00,545.00,418.00,491.00,418.00
493.00,254.00,545.00,254.00,545.00,418.00,493.00,418.00
489.00,247.00,544.00,247.00,544.00,416.00,489.00,416.00
487.00,243.00,543.00,243.00,543.00,416.00,487.00,416.00
487.00,239.00,542.00,239.00,542.00,412.00,487.00,412.00
487.00,235.00,543.00,235.00,543.00,412.00,487.00,412.00
487.00,232.00,543.00,232.00,543.00,413.00,487.00,413.00
487.00,231.00,543.00,231.00,543.00,413.00,487.00,413.00
481.00,234.00,542.00,234.00,542.00,412.00,481.00,412.00
483.00,235.00,541.00,235.00,541.00,412.00,483.00,412.00
478.00,235.00,539.00,235.00,539.00,412.00,478.00,412.00
471.00,235.00,533.00,235.00,533.00,412.00,471.00,412.00
467.00,234.00,531.00,234.00,531.00,415.00,467.00,415.00
468.00,235.00,533.00,235.00,533.00,419.00,468.00,419.00
469.00,235.00,535.00,235.00,535.00,424.00,469.00,424.00
469.00,233.00,538.00,233.00,538.00,427.00,469.00,427.00
474.00,232.00,541.00,232.00,541.00,432.00,474.00,432.00
474.00,233.00,542.00,233.00,542.00,435.00,474.00,435.00
476.00,230.00,546.00,230.00,546.00,435.00,476.00,435.00
478.00,232.00,545.00,232.00,545.00,433.00,478.00,433.00
482.00,232.00,547.00,232.00,547.00,438.00,482.00,438.00
480.00,234.00,548.00,234.00,548.00,442.00,480.00,442.00
480.00,235.00,551.00,235.00,551.00,446.00,480.00,446.00
480.00,236.00,550.00,236.00,550.00,447.00,480.00,447.00
478.00,236.00,552.00,236.00,552.00,442.00,478.00,442.00
480.00,237.00,553.00,237.00,553.00,441.00,480.00,441.00
479.00,236.00,554.00,236.00,554.00,441.00,479.00,441.00
478.00,233.00,553.00,233.00,553.00,444.00,478.00,444.00
477.00,229.00,555.00,229.00,555.00,448.00,477.00,448.00
477.00,228.00,554.00,228.00,554.00,449.00,477.00,449.00
478.00,224.00,554.00,224.00,554.00,455.00,478.00,455.00
477.00,218.00,554.00,218.00,554.00,460.00,477.00,460.00
476.00,217.00,556.00,217.00,556.00,461.00,476.00,461.00
478.00,217.00,555.00,217.00,555.00,460.00,478.00,460.00
478.00,219.00,559.00,219.00,559.00,457.00,478.00,457.00
483.00,219.00,561.00,219.00,561.00,458.00,483.00,458.00
487.00,218.00,562.00,218.00,562.00,455.00,487.00,455.00
485.00,214.00,564.00,214.00,564.00,453.00,485.00,453.00
487.00,212.00,566.00,212.00,566.00,461.00,487.00,461.00
485.00,214.00,566.00,214.00,566.00,462.00,485.00,462.00
485.00,212.00,574.00,212.00,574.00,462.00,485.00,462.00
489.00,216.00,575.00,216.00,575.00,463.00,489.00,463.00
493.00,218.00,579.00,218.00,579.00,471.00,493.00,471.00
490.00,212.00,580.00,212.00,580.00,477.00,490.00,477.00
490.00,223.00,584.00,223.00,584.00,493.00,490.00,493.00
491.00,223.00,587.00,223.00,587.00,502.00,491.00,502.00
494.00,226.00,587.00,226.00,587.00,510.00,494.00,510.00
494.00,218.00,587.00,218.00,587.00,505.00,494.00,505.00
494.00,217.00,591.00,217.00,591.00,506.00,494.00,506.00
492.00,215.00,594.00,215.00,594.00,505.00,492.00,505.00
495.00,210.00,600.00,210.00,600.00,507.00,495.00,507.00
493.00,215.00,598.00,215.00,598.00,510.00,493.00,510.00
500.00,208.00,602.00,208.00,602.00,516.00,500.00,516.00
498.00,207.00,603.00,207.00,603.00,520.00,498.00,520.00
483.00,207.00,590.00,207.00,590.00,517.00,483.00,517.00
470.00,212.00,575.00,212.00,575.00,525.00,470.00,525.00
443.00,205.00,553.00,205.00,553.00,525.00,443.00,525.00
400.00,207.00,508.00,207.00,508.00,527.00,400.00,527.00
332.00,185.00,441.00,185.00,441.00,513.00,332.00,513.00
262.00,187.00,371.00,187.00,371.00,521.00,262.00,521.00
193.00,235.00,301.00,235.00,301.00,573.00,193.00,573.00
134.00,322.00,240.00,322.00,240.00,661.00,134.00,661.00
