1
524.00,232.00,597.00,232.00,597.00,265.00,524.00,265.00
526.00,235.00,601.00,235.00,601.00,270.00,526.00,270.00
520.00,243.00,591.00,243.00,591.00,280.00,520.00,280.00
515.00,245.00,603.00,245.00,603.00,281.00,515.00,281.00
525.00,246.00,612.00,246.00,612.00,282.00,525.00,282.00
533.00,258.00,607.00,258.00,607.00,292.00,533.00,292.00
539.00,261.00,610.00,261.00,610.00,293.00,539.00,293.00
538.00,265.00,614.00,265.00,614.00,297.00,538.00,297.00
540.00,269.00,613.00,269.00,613.00,300.00,540.00,300.00
539.00,272.00,613.00,272.00,613.00,303.00,539.00,303.00
542.00,273.00,610.00,273.00,610.00,308.00,542.00,308.00
540.00,274.00,616.00,274.00,616.00,308.00,540.00,308.00
528.00,277.00,616.00,277.00,616.00,313.00,528.00,313.00
531.00,287.00,613.00,287.00,613.00,322.00,531.00,322.00
539.00,287.00,625.00,287.00,625.00,322.00,539.00,322.00
553.00,295.00,629.00,295.00,629.00,329.00,553.00,329.00
552.00,297.00,629.00,297.00,629.00,330.00,552.00,330.00
549.00,299.00,620.00,299.00,620.00,334.00,549.00,334.00
542.00,300.00,619.00,300.00,619.00,338.00,542.00,338.00
532.00,302.00,614.00,302.00,614.00,341.00,532.00,341.00
534.00,316.00,624.00,316.00,624.00,353.00,534.00,353.00
544.00,320.00,630.00,320.00,630.00,359.00,544.00,359.00
546.00,321.00,625.00,321.00,625.00,360.00,546.00,360.00
547.00,323.00,619.00,323.00,619.00,363.00,547.00,363.00
547.00,326.00,618.00,326.00,618.00,366.00,547.00,366.00
531.00,338.00,627.00,338.00,627.00,374.00,531.00,374.00
546.00,345.00,622.00,345.00,622.00,377.00,546.00,377.00
555.00,339.00,629.00,339.00,629.00,377.00,555.00,377.00
544.00,326.00,619.00,326.00,619.00,368.00,544.00,368.00
539.00,350.00,623.00,350.00,623.00,384.00,539.00,384.00
548.00,354.00,623.00,354.00,623.00,393.00,548.00,393.00
561.00,354.00,633.00,354.00,633.00,390.00,561.00,390.00
549.00,339.00,623.00,339.00,623.00,378.00,549.00,378.00
545.00,360.00,617.00,360.00,617.00,397.00,545.00,397.00
539.00,355.00,620.00,355.00,620.00,395.00,539.00,395.00
552.00,349.00,623.00,349.00,623.00,389.00,552.00,389.00
546.00,336.00,621.00,336.00,621.00,380.00,546.00,380.00
549.00,332.00,618.00,332.00,618.00,375.00,549.00,375.00
550.00,354.00,621.00,354.00,621.00,390.00,550.00,390.00
545.00,352.00,623.00,352.00,623.00,388.00,545.00,388.00
546.00,338.00,614.00,338.00,614.00,379.00,546.00,379.00
541.00,327.00,609.00,327.00,609.00,369.00,541.00,369.00
541.00,327.00,612.00,327.00,612.00,370.00,541.00,370.00
541.00,329.00,610.00,329.00,610.00,367.00,541.00,367.00
545.00,326.00,614.00,326.00,614.00,363.00,545.00,363.00
532.00,319.00,601.00,319.00,601.00,358.00,532.00,358.00
529.00,312.00,600.00,312.00,600.00,351.00,529.00,351.00
533.00,312.00,597.00,312.00,597.00,348.00,533.00,348.00
528.00,306.00,604.00,306.00,604.00,344.00,528.00,344.00
523.00,307.00,615.00,307.00,615.00,342.00,523.00,342.00
523.00,304.00,603.00,304.00,603.00,343.00,523.00,343.00
529.00,301.00,607.00,301.00,607.00,339.00,529.00,339.00
527.00,300.00,608.00,300.00,608.00,337.00,527.00,337.00
520.00,300.00,591.00,300.00,591.00,336.00,520.00,336.00
522.00,299.00,593.00,299.00,593.00,338.00,522.00,338.00
512.00,308.00,616.00,308.00,616.00,346.00,512.00,346.00
517.00,310.00,599.00,310.00,599.00,352.00,517.00,352.00
524.00,310.00,598.00,310.00,598.00,348.00,524.00,348.00
527.00,310.00,593.00,310.00,593.00,349.00,527.00,349.00
522.00,314.00,592.00,314.00,592.00,351.00,522.00,351.00
515.00,317.00,596.00,317.00,596.00,358.00,515.00,358.00
516.00,324.00,603.00,324.00,603.00,366.00,516.00,366.00
526.00,330.00,603.00,330.00,603.00,368.00,526.00,368.00
542.00,327.00,613.00,327.00,613.00,365.00,542.00,365.00
525.00,341.00,595.00,341.00,595.00,376.00,525.00,376.00
526.00,346.00,604.00,346.00,604.00,385.00,526.00,385.00
519.00,352.00,612.00,352.00,612.00,394.00,519.00,394.00
538.00,354.00,621.00,354.00,621.00,389.00,538.00,389.00
527.00,336.00,604.00,336.00,604.00,379.00,527.00,379.00
525.00,358.00,606.00,358.00,606.00,398.00,525.00,398.00
518.00,362.00,612.00,362.00,612.00,399.00,518.00,399.00
533.00,358.00,612.00,358.00,612.00,395.00,533.00,395.00
536.00,341.00,614.00,341.00,614.00,383.00,536.00,383.00
537.00,339.00,604.00,339.00,604.00,379.00,537.00,379.00
530.00,347.00,600.00,347.00,600.00,386.00,530.00,386.00
539.00,336.00,628.00,336.00,628.00,374.00,539.00,374.00
527.00,342.00,609.00,342.00,609.00,380.00,527.00,380.00
562.00,333.00,640.00,333.00,640.00,373.00,562.00,373.00
549.00,333.00,624.00,333.00,624.00,371.00,549.00,371.00
533.00,332.00,608.00,332.00,608.00,375.00,533.00,375.00
536.00,332.00,613.00,332.00,613.00,374.00,536.00,374.00
541.00,335.00,630.00,335.00,630.00,376.00,541.00,376.00
532.00,338.00,620.00,338.00,620.00,382.00,532.00,382.00
541.00,338.00,617.00,338.00,617.00,377.00,541.00,377.00
550.00,337.00,619.00,337.00,619.00,374.00,550.00,374.00
551.00,339.00,620.00,339.00,620.00,376.00,551.00,376.00
553.00,339.00,624.00,339.00,624.00,378.00,553.00,378.00
547.00,339.00,629.00,339.00,629.00,380.00,547.00,380.00
543.00,347.00,634.00,347.00,634.00,386.00,543.00,386.00
552.00,350.00,635.00,350.00,635.00,389.00,552.00,389.00
559.00,354.00,627.00,354.00,627.00,392.00,559.00,392.00
561.00,359.00,630.00,359.00,630.00,397.00,561.00,397.00
564.00,365.00,634.00,365.00,634.00,401.00,564.00,401.00
564.00,364.00,642.00,364.00,642.00,405.00,564.00,405.00
562.00,370.00,650.00,370.00,650.00,412.00,562.00,412.00
575.00,375.00,644.00,375.00,644.00,414.00,575.00,414.00
569.00,382.00,653.00,382.00,653.00,417.00,569.00,417.00
576.00,385.00,657.00,385.00,657.00,428.00,576.00,428.00
582.00,388.00,664.00,388.00,664.00,429.00,582.00,429.00
588.00,384.00,658.00,384.00,658.00,425.00,588.00,425.00
591.00,384.00,659.00,384.00,659.00,425.00,591.00,425.00
590.00,385.00,660.00,385.00,660.00,426.00,590.00,426.00
589.00,385.00,664.00,385.00,664.00,424.00,589.00,424.00
597.00,377.00,667.00,377.00,667.00,419.00,597.00,419.00
595.00,360.00,669.00,360.00,669.00,406.00,595.00,406.00
594.00,369.00,661.00,369.00,661.00,411.00,594.00,411.00
594.00,366.00,666.00,366.00,666.00,408.00,594.00,408.00
591.00,365.00,671.00,365.00,671.00,405.00,591.00,405.00
596.00,360.00,679.00,360.00,679.00,404.00,596.00,404.00
608.00,348.00,686.00,348.00,686.00,388.00,608.00,388.00
620.00,331.00,705.00,331.00,705.00,374.00,620.00,374.00
600.00,346.00,685.00,346.00,685.00,388.00,600.00,388.00
594.00,344.00,680.00,344.00,680.00,381.00,594.00,381.00
603.00,336.00,686.00,336.00,686.00,377.00,603.00,377.00
614.00,316.00,683.00,316.00,683.00,358.00,614.00,358.00
596.00,329.00,685.00,329.00,685.00,367.00,596.00,367.00
632.00,335.00,712.00,335.00,712.00,374.00,632.00,374.00
2
0
0
0
0
1
586.00,278.00,670.00,278.00,670.00,318.00,586.00,318.00
595.00,275.00,675.00,275.00,675.00,319.00,595.00,319.00
583.00,254.00,663.00,254.00,663.00,303.00,583.00,303.00
586.00,253.00,662.00,253.00,662.00,303.00,586.00,303.00
590.00,257.00,662.00,257.00,662.00,302.00,590.00,302.00
585.00,255.00,665.00,255.00,665.00,299.00,585.00,299.00
585.00,252.00,671.00,252.00,671.00,299.00,585.00,299.00
586.00,246.00,668.00,246.00,668.00,292.00,586.00,292.00
580.00,246.00,657.00,246.00,657.00,293.00,580.00,293.00
584.00,243.00,656.00,243.00,656.00,290.00,584.00,290.00
578.00,242.00,650.00,242.00,650.00,290.00,578.00,290.00
571.00,245.00,648.00,245.00,648.00,290.00,571.00,290.00
570.00,251.00,648.00,251.00,648.00,295.00,570.00,295.00
570.00,248.00,647.00,248.00,647.00,291.00,570.00,291.00
570.00,238.00,651.00,238.00,651.00,284.00,570.00,284.00
575.00,235.00,651.00,235.00,651.00,284.00,575.00,284.00
574.00,237.00,650.00,237.00,650.00,285.00,574.00,285.00
561.00,252.00,637.00,252.00,637.00,295.00,561.00,295.00
567.00,253.00,642.00,253.00,642.00,298.00,567.00,298.00
587.00,251.00,664.00,251.00,664.00,294.00,587.00,294.00
586.00,249.00,661.00,249.00,661.00,291.00,586.00,291.00
577.00,245.00,656.00,245.00,656.00,287.00,577.00,287.00
583.00,247.00,659.00,247.00,659.00,288.00,583.00,288.00
582.00,249.00,663.00,249.00,663.00,291.00,582.00,291.00
577.00,253.00,665.00,253.00,665.00,295.00,577.00,295.00
578.00,258.00,665.00,258.00,665.00,301.00,578.00,301.00
565.00,261.00,652.00,261.00,652.00,306.00,565.00,306.00
571.00,267.00,655.00,267.00,655.00,311.00,571.00,311.00
576.00,271.00,658.00,271.00,658.00,313.00,576.00,313.00
577.00,272.00,656.00,272.00,656.00,316.00,577.00,316.00
579.00,277.00,656.00,277.00,656.00,323.00,579.00,323.00
576.00,288.00,662.00,288.00,662.00,331.00,576.00,331.00
569.00,311.00,656.00,311.00,656.00,354.00,569.00,354.00
584.00,319.00,661.00,319.00,661.00,362.00,584.00,362.00
587.00,319.00,670.00,319.00,670.00,361.00,587.00,361.00
581.00,320.00,668.00,320.00,668.00,368.00,581.00,368.00
593.00,327.00,677.00,327.00,677.00,372.00,593.00,372.00
591.00,349.00,679.00,349.00,679.00,388.00,591.00,388.00
602.00,354.00,680.00,354.00,680.00,392.00,602.00,392.00
606.00,352.00,684.00,352.00,684.00,393.00,606.00,393.00
604.00,358.00,689.00,358.00,689.00,399.00,604.00,399.00
618.00,365.00,683.00,365.00,683.00,410.00,618.00,410.00
618.00,362.00,685.00,362.00,685.00,413.00,618.00,413.00
622.00,363.00,686.00,363.00,686.00,414.00,622.00,414.00
612.00,370.00,688.00,370.00,688.00,418.00,612.00,418.00
620.00,375.00,698.00,375.00,698.00,419.00,620.00,419.00
620.00,369.00,695.00,369.00,695.00,421.00,620.00,421.00
626.00,367.00,689.00,367.00,689.00,419.00,626.00,419.00
625.00,375.00,687.00,375.00,687.00,425.00,625.00,425.00
615.00,382.00,696.00,382.00,696.00,430.00,615.00,430.00
612.00,391.00,694.00,391.00,694.00,434.00,612.00,434.00
611.00,374.00,686.00,374.00,686.00,430.00,611.00,430.00
615.00,373.00,680.00,373.00,680.00,422.00,615.00,422.00
609.00,383.00,685.00,383.00,685.00,424.00,609.00,424.00
608.00,382.00,689.00,382.00,689.00,427.00,608.00,427.00
604.00,379.00,682.00,379.00,682.00,421.00,604.00,421.00
605.00,360.00,678.00,360.00,678.00,409.00,605.00,409.00
604.00,357.00,675.00,357.00,675.00,404.00,604.00,404.00
598.00,364.00,678.00,364.00,678.00,405.00,598.00,405.00
598.00,364.00,678.00,364.00,678.00,401.00,598.00,401.00
593.00,357.00,675.00,357.00,675.00,397.00,593.00,397.00
593.00,337.00,672.00,337.00,672.00,385.00,593.00,385.00
596.00,329.00,663.00,329.00,663.00,378.00,596.00,378.00
591.00,329.00,663.00,329.00,663.00,376.00,591.00,376.00
584.00,333.00,668.00,333.00,668.00,374.00,584.00,374.00
586.00,331.00,664.00,331.00,664.00,374.00,586.00,374.00
593.00,316.00,674.00,316.00,674.00,357.00,593.00,357.00
585.00,304.00,656.00,304.00,656.00,353.00,585.00,353.00
587.00,299.00,652.00,299.00,652.00,349.00,587.00,349.00
582.00,298.00,650.00,298.00,650.00,346.00,582.00,346.00
578.00,302.00,659.00,302.00,659.00,343.00,578.00,343.00
582.00,302.00,659.00,302.00,659.00,337.00,582.00,337.00
587.00,296.00,661.00,296.00,661.00,337.00,587.00,337.00
592.00,293.00,659.00,293.00,659.00,333.00,592.00,333.00
580.00,286.00,659.00,286.00,659.00,330.00,580.00,330.00
582.00,279.00,657.00,279.00,657.00,324.00,582.00,324.00
573.00,284.00,665.00,284.00,665.00,326.00,573.00,326.00
573.00,294.00,665.00,294.00,665.00,329.00,573.00,329.00
573.00,294.00,656.00,294.00,656.00,328.00,573.00,328.00
581.00,293.00,657.00,293.00,657.00,329.00,581.00,329.00
580.00,289.00,653.00,289.00,653.00,332.00,580.00,332.00
578.00,281.00,655.00,281.00,655.00,328.00,578.00,328.00
572.00,289.00,656.00,289.00,656.00,332.00,572.00,332.00
573.00,300.00,666.00,300.00,666.00,335.00,573.00,335.00
570.00,304.00,652.00,304.00,652.00,342.00,570.00,342.00
574.00,306.00,647.00,306.00,647.00,346.00,574.00,346.00
572.00,304.00,650.00,304.00,650.00,347.00,572.00,347.00
574.00,302.00,647.00,302.00,647.00,344.00,574.00,344.00
573.00,303.00,649.00,303.00,649.00,347.00,573.00,347.00
567.00,313.00,656.00,313.00,656.00,356.00,567.00,356.00
568.00,322.00,660.00,322.00,660.00,360.00,568.00,360.00
580.00,322.00,649.00,322.00,649.00,363.00,580.00,363.00
571.00,326.00,652.00,326.00,652.00,369.00,571.00,369.00
576.00,326.00,653.00,326.00,653.00,372.00,576.00,372.00
581.00,330.00,661.00,330.00,661.00,375.00,581.00,375.00
580.00,335.00,663.00,335.00,663.00,382.00,580.00,382.00
591.00,345.00,657.00,345.00,657.00,388.00,591.00,388.00
589.00,344.00,657.00,344.00,657.00,390.00,589.00,390.00
588.00,350.00,662.00,350.00,662.00,395.00,588.00,395.00
592.00,358.00,675.00,358.00,675.00,398.00,592.00,398.00
585.00,366.00,668.00,366.00,668.00,408.00,585.00,408.00
602.00,368.00,683.00,368.00,683.00,413.00,602.00,413.00
604.00,368.00,681.00,368.00,681.00,417.00,604.00,417.00
598.00,378.00,685.00,378.00,685.00,421.00,598.00,421.00
596.00,385.00,683.00,385.00,683.00,426.00,596.00,426.00
608.00,384.00,684.00,384.00,684.00,428.00,608.00,428.00
608.00,379.00,681.00,379.00,681.00,433.00,608.00,433.00
609.00,384.00,684.00,384.00,684.00,433.00,609.00,433.00
612.00,388.00,688.00,388.00,688.00,434.00,612.00,434.00
614.00,388.00,689.00,388.00,689.00,435.00,614.00,435.00
610.00,381.00,687.00,381.00,687.00,432.00,610.00,432.00
613.00,375.00,687.00,375.00,687.00,422.00,613.00,422.00
610.00,380.00,692.00,380.00,692.00,422.00,610.00,422.00
612.00,379.00,687.00,379.00,687.00,419.00,612.00,419.00
613.00,373.00,694.00,373.00,694.00,414.00,613.00,414.00
609.00,361.00,693.00,361.00,693.00,404.00,609.00,404.00
607.00,363.00,682.00,363.00,682.00,409.00,607.00,409.00
600.00,363.00,687.00,363.00,687.00,405.00,600.00,405.00
600.00,364.00,686.00,364.00,686.00,400.00,600.00,400.00
602.00,358.00,687.00,358.00,687.00,398.00,602.00,398.00
602.00,348.00,688.00,348.00,688.00,393.00,602.00,393.00
601.00,335.00,672.00,335.00,672.00,386.00,601.00,386.00
595.00,339.00,671.00,339.00,671.00,384.00,595.00,384.00
592.00,339.00,681.00,339.00,681.00,381.00,592.00,381.00
598.00,336.00,681.00,336.00,681.00,380.00,598.00,380.00
603.00,330.00,684.00,330.00,684.00,371.00,603.00,371.00
596.00,311.00,669.00,311.00,669.00,357.00,596.00,357.00
601.00,304.00,672.00,304.00,672.00,352.00,601.00,352.00
598.00,305.00,670.00,305.00,670.00,349.00,598.00,349.00
579.00,294.00,671.00,294.00,671.00,335.00,579.00,335.00
587.00,305.00,667.00,305.00,667.00,350.00,587.00,350.00
598.00,287.00,674.00,287.00,674.00,331.00,598.00,331.00
599.00,287.00,674.00,287.00,674.00,330.00,599.00,330.00
590.00,285.00,669.00,285.00,669.00,328.00,590.00,328.00
601.00,278.00,675.00,278.00,675.00,323.00,601.00,323.00
598.00,274.00,679.00,274.00,679.00,321.00,598.00,321.00
606.00,283.00,680.00,283.00,680.00,326.00,606.00,326.00
600.00,278.00,675.00,278.00,675.00,319.00,600.00,319.00
595.00,265.00,669.00,265.00,669.00,309.00,595.00,309.00
598.00,268.00,670.00,268.00,670.00,312.00,598.00,312.00
592.00,267.00,670.00,267.00,670.00,311.00,592.00,311.00
593.00,271.00,671.00,271.00,671.00,314.00,593.00,314.00
579.00,276.00,660.00,276.00,660.00,324.00,579.00,324.00
587.00,275.00,662.00,275.00,662.00,322.00,587.00,322.00
587.00,279.00,666.00,279.00,666.00,322.00,587.00,322.00
592.00,274.00,668.00,274.00,668.00,318.00,592.00,318.00
589.00,280.00,671.00,280.00,671.00,326.00,589.00,326.00
588.00,290.00,680.00,290.00,680.00,333.00,588.00,333.00
581.00,294.00,657.00,294.00,657.00,345.00,581.00,345.00
591.00,300.00,662.00,300.00,662.00,344.00,591.00,344.00
591.00,304.00,668.00,304.00,668.00,344.00,591.00,344.00
589.00,305.00,661.00,305.00,661.00,352.00,589.00,352.00
584.00,315.00,669.00,315.00,669.00,359.00,584.00,359.00
581.00,324.00,669.00,324.00,669.00,365.00,581.00,365.00
581.00,330.00,663.00,330.00,663.00,376.00,581.00,376.00
583.00,338.00,667.00,338.00,667.00,378.00,583.00,378.00
588.00,345.00,668.00,345.00,668.00,388.00,588.00,388.00
586.00,353.00,664.00,353.00,664.00,397.00,586.00,397.00
584.00,364.00,675.00,364.00,675.00,405.00,584.00,405.00
576.00,372.00,659.00,372.00,659.00,408.00,576.00,408.00
595.00,373.00,666.00,373.00,666.00,414.00,595.00,414.00
594.00,370.00,664.00,370.00,664.00,418.00,594.00,418.00
589.00,380.00,671.00,380.00,671.00,424.00,589.00,424.00
594.00,391.00,677.00,391.00,677.00,433.00,594.00,433.00
597.00,391.00,673.00,391.00,673.00,438.00,597.00,438.00
597.00,384.00,670.00,384.00,670.00,431.00,597.00,431.00
598.00,390.00,686.00,390.00,686.00,432.00,598.00,432.00
600.00,397.00,683.00,397.00,683.00,441.00,600.00,441.00
608.00,392.00,686.00,392.00,686.00,440.00,608.00,440.00
613.00,384.00,688.00,384.00,688.00,435.00,613.00,435.00
611.00,384.00,693.00,384.00,693.00,436.00,611.00,436.00
595.00,404.00,689.00,404.00,689.00,447.00,595.00,447.00
617.00,399.00,700.00,399.00,700.00,447.00,617.00,447.00
621.00,399.00,713.00,399.00,713.00,445.00,621.00,445.00
628.00,387.00,707.00,387.00,707.00,439.00,628.00,439.00
632.00,386.00,716.00,386.00,716.00,440.00,632.00,440.00
617.00,401.00,715.00,401.00,715.00,453.00,617.00,453.00
635.00,399.00,723.00,399.00,723.00,447.00,635.00,447.00
634.00,397.00,724.00,397.00,724.00,445.00,634.00,445.00
643.00,383.00,722.00,383.00,722.00,438.00,643.00,438.00
635.00,387.00,725.00,387.00,725.00,440.00,635.00,440.00
628.00,399.00,713.00,399.00,713.00,452.00,628.00,452.00
637.00,396.00,728.00,396.00,728.00,445.00,637.00,445.00
628.00,394.00,715.00,394.00,715.00,447.00,628.00,447.00
643.00,381.00,728.00,381.00,728.00,432.00,643.00,432.00
635.00,387.00,727.00,387.00,727.00,436.00,635.00,436.00
638.00,382.00,720.00,382.00,720.00,434.00,638.00,434.00
621.00,390.00,708.00,390.00,708.00,442.00,621.00,442.00
616.00,388.00,706.00,388.00,706.00,440.00,616.00,440.00
594.00,386.00,686.00,386.00,686.00,435.00,594.00,435.00
608.00,373.00,692.00,373.00,692.00,427.00,608.00,427.00
594.00,385.00,679.00,385.00,679.00,436.00,594.00,436.00
572.00,384.00,665.00,384.00,665.00,433.00,572.00,433.00
569.00,389.00,661.00,389.00,661.00,438.00,569.00,438.00
543.00,380.00,640.00,380.00,640.00,433.00,543.00,433.00
545.00,372.00,635.00,372.00,635.00,423.00,545.00,423.00
511.00,373.00,608.00,373.00,608.00,422.00,511.00,422.00
506.00,369.00,590.00,369.00,590.00,421.00,506.00,421.00
467.00,378.00,552.00,378.00,552.00,427.00,467.00,427.00
459.00,372.00,549.00,372.00,549.00,424.00,459.00,424.00
431.00,367.00,525.00,367.00,525.00,420.00,431.00,420.00
408.00,356.00,499.00,356.00,499.00,410.00,408.00,410.00
377.00,361.00,473.00,361.00,473.00,412.00,377.00,412.00
360.00,357.00,445.00,357.00,445.00,408.00,360.00,408.00
336.00,365.00,429.00,365.00,429.00,414.00,336.00,414.00
302.00,361.00,385.00,361.00,385.00,418.00,302.00,418.00
268.00,344.00,364.00,344.00,364.00,393.00,268.00,393.00
246.00,343.00,341.00,343.00,341.00,393.00,246.00,393.00
221.00,340.00,314.00,340.00,314.00,390.00,221.00,390.00
190.00,334.00,288.00,334.00,288.00,390.00,190.00,390.00
157.00,342.00,253.00,342.00,253.00,392.00,157.00,392.00
153.00,334.00,233.00,334.00,233.00,384.00,153.00,384.00
108.00,326.00,205.00,326.00,205.00,374.00,108.00,374.00
75.00,307.00,163.00,307.00,163.00,362.00,75.00,362.00
43.00,304.00,136.00,304.00,136.00,360.00,43.00,360.00
