1
518.00,232.00,605.00,232.00,605.00,267.00,518.00,267.00
525.00,237.00,597.00,237.00,597.00,269.00,525.00,269.00
515.00,244.00,603.00,244.00,603.00,280.00,515.00,280.00
517.00,245.00,606.00,245.00,606.00,281.00,517.00,281.00
529.00,245.00,618.00,245.00,618.00,281.00,529.00,281.00
535.00,258.00,610.00,258.00,610.00,291.00,535.00,291.00
538.00,260.00,612.00,260.00,612.00,294.00,538.00,294.00
539.00,264.00,614.00,264.00,614.00,298.00,539.00,298.00
539.00,269.00,615.00,269.00,615.00,300.00,539.00,300.00
539.00,273.00,614.00,273.00,614.00,304.00,539.00,304.00
541.00,274.00,612.00,274.00,612.00,308.00,541.00,308.00
530.00,273.00,619.00,273.00,619.00,308.00,530.00,308.00
529.00,280.00,617.00,280.00,617.00,315.00,529.00,315.00
534.00,288.00,617.00,288.00,617.00,321.00,534.00,321.00
542.00,283.00,632.00,283.00,632.00,319.00,542.00,319.00
555.00,295.00,633.00,295.00,633.00,328.00,555.00,328.00
549.00,298.00,623.00,298.00,623.00,332.00,549.00,332.00
550.00,299.00,622.00,299.00,622.00,333.00,550.00,333.00
544.00,301.00,619.00,301.00,619.00,336.00,544.00,336.00
532.00,302.00,618.00,302.00,618.00,340.00,532.00,340.00
533.00,318.00,627.00,318.00,627.00,353.00,533.00,353.00
547.00,323.00,631.00,323.00,631.00,355.00,547.00,355.00
546.00,323.00,628.00,323.00,628.00,357.00,546.00,357.00
543.00,323.00,619.00,323.00,619.00,361.00,543.00,361.00
548.00,329.00,618.00,329.00,618.00,365.00,548.00,365.00
535.00,339.00,631.00,339.00,631.00,375.00,535.00,375.00
550.00,342.00,630.00,342.00,630.00,377.00,550.00,377.00
556.00,337.00,635.00,337.00,635.00,377.00,556.00,377.00
541.00,326.00,622.00,326.00,622.00,366.00,541.00,366.00
536.00,350.00,628.00,350.00,628.00,385.00,536.00,385.00
546.00,354.00,628.00,354.00,628.00,393.00,546.00,393.00
559.00,355.00,636.00,355.00,636.00,391.00,559.00,391.00
548.00,337.00,628.00,337.00,628.00,377.00,548.00,377.00
537.00,358.00,629.00,358.00,629.00,393.00,537.00,393.00
538.00,357.00,620.00,357.00,620.00,394.00,538.00,394.00
550.00,350.00,625.00,350.00,625.00,387.00,550.00,387.00
543.00,339.00,622.00,339.00,622.00,377.00,543.00,377.00
546.00,346.00,618.00,346.00,618.00,384.00,546.00,384.00
549.00,352.00,624.00,352.00,624.00,386.00,549.00,386.00
542.00,354.00,620.00,354.00,620.00,387.00,542.00,387.00
547.00,340.00,619.00,340.00,619.00,376.00,547.00,376.00
537.00,329.00,612.00,329.00,612.00,366.00,537.00,366.00
538.00,331.00,613.00,331.00,613.00,368.00,538.00,368.00
541.00,330.00,612.00,330.00,612.00,367.00,541.00,367.00
539.00,326.00,614.00,326.00,614.00,362.00,539.00,362.00
529.00,318.00,606.00,318.00,606.00,355.00,529.00,355.00
529.00,313.00,601.00,313.00,601.00,350.00,529.00,350.00
531.00,313.00,600.00,313.00,600.00,347.00,531.00,347.00
526.00,306.00,604.00,306.00,604.00,343.00,526.00,343.00
524.00,307.00,615.00,307.00,615.00,341.00,524.00,341.00
523.00,303.00,605.00,303.00,605.00,341.00,523.00,341.00
527.00,301.00,617.00,301.00,617.00,339.00,527.00,339.00
527.00,300.00,615.00,300.00,615.00,337.00,527.00,337.00
517.00,301.00,594.00,301.00,594.00,336.00,517.00,336.00
520.00,301.00,595.00,301.00,595.00,337.00,520.00,337.00
515.00,309.00,622.00,309.00,622.00,345.00,515.00,345.00
515.00,310.00,607.00,310.00,607.00,351.00,515.00,351.00
524.00,309.00,607.00,309.00,607.00,346.00,524.00,346.00
527.00,311.00,599.00,311.00,599.00,348.00,527.00,348.00
520.00,315.00,597.00,315.00,597.00,350.00,520.00,350.00
513.00,317.00,597.00,317.00,597.00,356.00,513.00,356.00
514.00,327.00,601.00,327.00,601.00,365.00,514.00,365.00
525.00,331.00,609.00,331.00,609.00,368.00,525.00,368.00
537.00,326.00,618.00,326.00,618.00,364.00,537.00,364.00
524.00,340.00,599.00,340.00,599.00,375.00,524.00,375.00
523.00,345.00,607.00,345.00,607.00,383.00,523.00,383.00
520.00,354.00,617.00,354.00,617.00,390.00,520.00,390.00
535.00,356.00,622.00,356.00,622.00,391.00,535.00,391.00
521.00,340.00,603.00,340.00,603.00,377.00,521.00,377.00
526.00,361.00,614.00,361.00,614.00,397.00,526.00,397.00
521.00,363.00,618.00,363.00,618.00,397.00,521.00,397.00
535.00,358.00,623.00,358.00,623.00,392.00,535.00,392.00
532.00,346.00,611.00,346.00,611.00,384.00,532.00,384.00
534.00,342.00,609.00,342.00,609.00,377.00,534.00,377.00
528.00,350.00,604.00,350.00,604.00,384.00,528.00,384.00
553.00,333.00,644.00,333.00,644.00,367.00,553.00,367.00
530.00,342.00,619.00,342.00,619.00,378.00,530.00,378.00
550.00,338.00,634.00,338.00,634.00,377.00,550.00,377.00
529.00,337.00,613.00,337.00,613.00,375.00,529.00,375.00
536.00,334.00,621.00,334.00,621.00,373.00,536.00,373.00
536.00,334.00,623.00,334.00,623.00,373.00,536.00,373.00
543.00,336.00,635.00,336.00,635.00,375.00,543.00,375.00
542.00,339.00,647.00,339.00,647.00,379.00,542.00,379.00
538.00,338.00,634.00,338.00,634.00,378.00,538.00,378.00
545.00,338.00,630.00,338.00,630.00,373.00,545.00,373.00
550.00,340.00,627.00,340.00,627.00,376.00,550.00,376.00
546.00,340.00,632.00,340.00,632.00,377.00,546.00,377.00
543.00,340.00,631.00,340.00,631.00,379.00,543.00,379.00
542.00,349.00,635.00,349.00,635.00,387.00,542.00,387.00
550.00,351.00,641.00,351.00,641.00,386.00,550.00,386.00
557.00,355.00,632.00,355.00,632.00,392.00,557.00,392.00
559.00,359.00,640.00,359.00,640.00,396.00,559.00,396.00
562.00,363.00,642.00,363.00,642.00,399.00,562.00,399.00
561.00,365.00,646.00,365.00,646.00,403.00,561.00,403.00
562.00,372.00,652.00,372.00,652.00,408.00,562.00,408.00
570.00,379.00,653.00,379.00,653.00,415.00,570.00,415.00
572.00,384.00,658.00,384.00,658.00,420.00,572.00,420.00
574.00,389.00,664.00,389.00,664.00,425.00,574.00,425.00
580.00,391.00,668.00,391.00,668.00,426.00,580.00,426.00
586.00,388.00,664.00,388.00,664.00,422.00,586.00,422.00
588.00,385.00,668.00,385.00,668.00,420.00,588.00,420.00
586.00,388.00,664.00,388.00,664.00,422.00,586.00,422.00
586.00,387.00,668.00,387.00,668.00,422.00,586.00,422.00
591.00,382.00,666.00,382.00,666.00,418.00,591.00,418.00
595.00,362.00,679.00,362.00,679.00,402.00,595.00,402.00
599.00,366.00,675.00,366.00,675.00,402.00,599.00,402.00
591.00,370.00,669.00,370.00,669.00,406.00,591.00,406.00
592.00,369.00,677.00,369.00,677.00,402.00,592.00,402.00
600.00,364.00,684.00,364.00,684.00,400.00,600.00,400.00
608.00,351.00,688.00,351.00,688.00,387.00,608.00,387.00
610.00,341.00,697.00,341.00,697.00,378.00,610.00,378.00
601.00,349.00,683.00,349.00,683.00,384.00,601.00,384.00
596.00,346.00,682.00,346.00,682.00,379.00,596.00,379.00
605.00,337.00,692.00,337.00,692.00,373.00,605.00,373.00
616.00,323.00,695.00,323.00,695.00,359.00,616.00,359.00
615.00,337.00,719.00,337.00,719.00,371.00,615.00,371.00
642.00,343.00,724.00,343.00,724.00,378.00,642.00,378.00
2
0
0
0
0
1
586.00,278.00,669.00,278.00,669.00,318.00,586.00,318.00
594.00,276.00,675.00,276.00,675.00,321.00,594.00,321.00
582.00,252.00,663.00,252.00,663.00,304.00,582.00,304.00
583.00,251.00,660.00,251.00,660.00,302.00,583.00,302.00
584.00,258.00,667.00,258.00,667.00,304.00,584.00,304.00
583.00,251.00,668.00,251.00,668.00,298.00,583.00,298.00
584.00,251.00,671.00,251.00,671.00,299.00,584.00,299.00
584.00,241.00,669.00,241.00,669.00,288.00,584.00,288.00
579.00,244.00,659.00,244.00,659.00,294.00,579.00,294.00
578.00,230.00,662.00,230.00,662.00,276.00,578.00,276.00
577.00,242.00,652.00,242.00,652.00,289.00,577.00,289.00
569.00,242.00,651.00,242.00,651.00,288.00,569.00,288.00
569.00,249.00,654.00,249.00,654.00,296.00,569.00,296.00
565.00,247.00,649.00,247.00,649.00,294.00,565.00,294.00
569.00,238.00,652.00,238.00,652.00,286.00,569.00,286.00
574.00,235.00,654.00,235.00,654.00,282.00,574.00,282.00
572.00,235.00,651.00,235.00,651.00,284.00,572.00,284.00
564.00,247.00,665.00,247.00,665.00,290.00,564.00,290.00
564.00,252.00,649.00,252.00,649.00,300.00,564.00,300.00
598.00,252.00,683.00,252.00,683.00,299.00,598.00,299.00
602.00,249.00,686.00,249.00,686.00,295.00,602.00,295.00
577.00,245.00,660.00,245.00,660.00,287.00,577.00,287.00
581.00,245.00,664.00,245.00,664.00,287.00,581.00,287.00
578.00,247.00,667.00,247.00,667.00,291.00,578.00,291.00
574.00,251.00,669.00,251.00,669.00,296.00,574.00,296.00
576.00,258.00,669.00,258.00,669.00,301.00,576.00,301.00
564.00,261.00,665.00,261.00,665.00,307.00,564.00,307.00
571.00,265.00,660.00,265.00,660.00,310.00,571.00,310.00
578.00,269.00,664.00,269.00,664.00,312.00,578.00,312.00
578.00,271.00,659.00,271.00,659.00,316.00,578.00,316.00
577.00,276.00,657.00,276.00,657.00,322.00,577.00,322.00
578.00,287.00,663.00,287.00,663.00,331.00,578.00,331.00
571.00,309.00,660.00,309.00,660.00,353.00,571.00,353.00
586.00,318.00,667.00,318.00,667.00,362.00,586.00,362.00
586.00,318.00,672.00,318.00,672.00,360.00,586.00,360.00
582.00,320.00,668.00,320.00,668.00,368.00,582.00,368.00
595.00,324.00,681.00,324.00,681.00,371.00,595.00,371.00
597.00,346.00,681.00,346.00,681.00,392.00,597.00,392.00
605.00,351.00,689.00,351.00,689.00,397.00,605.00,397.00
604.00,350.00,688.00,350.00,688.00,396.00,604.00,396.00
606.00,356.00,694.00,356.00,694.00,398.00,606.00,398.00
610.00,367.00,694.00,367.00,694.00,413.00,610.00,413.00
614.00,359.00,687.00,359.00,687.00,411.00,614.00,411.00
617.00,356.00,689.00,356.00,689.00,413.00,617.00,413.00
608.00,368.00,694.00,368.00,694.00,418.00,608.00,418.00
619.00,376.00,704.00,376.00,704.00,423.00,619.00,423.00
617.00,366.00,696.00,366.00,696.00,419.00,617.00,419.00
624.00,367.00,697.00,367.00,697.00,420.00,624.00,420.00
621.00,372.00,690.00,372.00,690.00,425.00,621.00,425.00
609.00,378.00,701.00,378.00,701.00,432.00,609.00,432.00
614.00,404.00,698.00,404.00,698.00,450.00,614.00,450.00
612.00,374.00,688.00,374.00,688.00,427.00,612.00,427.00
613.00,374.00,681.00,374.00,681.00,423.00,613.00,423.00
607.00,380.00,689.00,380.00,689.00,424.00,607.00,424.00
612.00,380.00,693.00,380.00,693.00,425.00,612.00,425.00
611.00,380.00,691.00,380.00,691.00,424.00,611.00,424.00
606.00,359.00,678.00,359.00,678.00,408.00,606.00,408.00
604.00,356.00,674.00,356.00,674.00,405.00,604.00,405.00
598.00,363.00,679.00,363.00,679.00,405.00,598.00,405.00
598.00,364.00,679.00,364.00,679.00,400.00,598.00,400.00
596.00,359.00,672.00,359.00,672.00,402.00,596.00,402.00
595.00,339.00,668.00,339.00,668.00,385.00,595.00,385.00
597.00,329.00,660.00,329.00,660.00,378.00,597.00,378.00
589.00,329.00,664.00,329.00,664.00,375.00,589.00,375.00
584.00,332.00,669.00,332.00,669.00,373.00,584.00,373.00
588.00,331.00,663.00,331.00,663.00,374.00,588.00,374.00
591.00,319.00,671.00,319.00,671.00,358.00,591.00,358.00
585.00,304.00,653.00,304.00,653.00,354.00,585.00,354.00
587.00,295.00,653.00,295.00,653.00,348.00,587.00,348.00
581.00,298.00,649.00,298.00,649.00,347.00,581.00,347.00
578.00,301.00,662.00,301.00,662.00,343.00,578.00,343.00
585.00,300.00,658.00,300.00,658.00,336.00,585.00,336.00
593.00,297.00,664.00,297.00,664.00,338.00,593.00,338.00
601.00,292.00,671.00,292.00,671.00,332.00,601.00,332.00
583.00,288.00,657.00,288.00,657.00,329.00,583.00,329.00
584.00,280.00,654.00,280.00,654.00,324.00,584.00,324.00
583.00,283.00,663.00,283.00,663.00,325.00,583.00,325.00
585.00,292.00,672.00,292.00,672.00,328.00,585.00,328.00
576.00,294.00,654.00,294.00,654.00,330.00,576.00,330.00
579.00,294.00,655.00,294.00,655.00,332.00,579.00,332.00
588.00,290.00,661.00,290.00,661.00,331.00,588.00,331.00
579.00,280.00,651.00,280.00,651.00,327.00,579.00,327.00
580.00,286.00,655.00,286.00,655.00,331.00,580.00,331.00
579.00,299.00,664.00,299.00,664.00,335.00,579.00,335.00
572.00,304.00,649.00,304.00,649.00,343.00,572.00,343.00
575.00,306.00,648.00,306.00,648.00,346.00,575.00,346.00
576.00,305.00,647.00,305.00,647.00,345.00,576.00,345.00
576.00,303.00,645.00,303.00,645.00,343.00,576.00,343.00
577.00,304.00,648.00,304.00,648.00,346.00,577.00,346.00
576.00,311.00,657.00,311.00,657.00,352.00,576.00,352.00
573.00,322.00,656.00,322.00,656.00,362.00,573.00,362.00
587.00,321.00,655.00,321.00,655.00,362.00,587.00,362.00
577.00,325.00,650.00,325.00,650.00,366.00,577.00,366.00
577.00,324.00,648.00,324.00,648.00,372.00,577.00,372.00
572.00,336.00,652.00,336.00,652.00,378.00,572.00,378.00
581.00,334.00,666.00,334.00,666.00,383.00,581.00,383.00
597.00,345.00,660.00,345.00,660.00,388.00,597.00,388.00
590.00,345.00,656.00,345.00,656.00,388.00,590.00,388.00
590.00,349.00,661.00,349.00,661.00,394.00,590.00,394.00
599.00,356.00,677.00,356.00,677.00,395.00,599.00,395.00
588.00,365.00,663.00,365.00,663.00,408.00,588.00,408.00
607.00,366.00,677.00,366.00,677.00,410.00,607.00,410.00
605.00,369.00,680.00,369.00,680.00,417.00,605.00,417.00
601.00,376.00,685.00,376.00,685.00,421.00,601.00,421.00
607.00,382.00,684.00,382.00,684.00,425.00,607.00,425.00
614.00,382.00,684.00,382.00,684.00,428.00,614.00,428.00
609.00,374.00,681.00,374.00,681.00,431.00,609.00,431.00
610.00,383.00,685.00,383.00,685.00,433.00,610.00,433.00
617.00,386.00,694.00,386.00,694.00,433.00,617.00,433.00
618.00,386.00,690.00,386.00,690.00,430.00,618.00,430.00
612.00,381.00,686.00,381.00,686.00,430.00,612.00,430.00
614.00,376.00,685.00,376.00,685.00,422.00,614.00,422.00
612.00,379.00,691.00,379.00,691.00,420.00,612.00,420.00
615.00,381.00,685.00,381.00,685.00,420.00,615.00,420.00
620.00,372.00,696.00,372.00,696.00,414.00,620.00,414.00
611.00,364.00,684.00,364.00,684.00,411.00,611.00,411.00
606.00,362.00,678.00,362.00,678.00,409.00,606.00,409.00
600.00,363.00,686.00,363.00,686.00,407.00,600.00,407.00
605.00,365.00,685.00,365.00,685.00,403.00,605.00,403.00
603.00,358.00,682.00,358.00,682.00,399.00,603.00,399.00
605.00,352.00,687.00,352.00,687.00,394.00,605.00,394.00
601.00,337.00,670.00,337.00,670.00,385.00,601.00,385.00
594.00,339.00,671.00,339.00,671.00,383.00,594.00,383.00
595.00,339.00,675.00,339.00,675.00,378.00,595.00,378.00
596.00,337.00,675.00,337.00,675.00,374.00,596.00,374.00
602.00,331.00,672.00,331.00,672.00,370.00,602.00,370.00
601.00,314.00,666.00,314.00,666.00,355.00,601.00,355.00
602.00,311.00,667.00,311.00,667.00,352.00,602.00,352.00
592.00,302.00,665.00,302.00,665.00,341.00,592.00,341.00
603.00,304.00,681.00,304.00,681.00,341.00,603.00,341.00
588.00,305.00,665.00,305.00,665.00,348.00,588.00,348.00
604.00,287.00,674.00,287.00,674.00,330.00,604.00,330.00
602.00,288.00,672.00,288.00,672.00,330.00,602.00,330.00
606.00,288.00,672.00,288.00,672.00,325.00,606.00,325.00
603.00,282.00,671.00,282.00,671.00,322.00,603.00,322.00
601.00,276.00,678.00,276.00,678.00,318.00,601.00,318.00
607.00,283.00,676.00,283.00,676.00,326.00,607.00,326.00
602.00,278.00,671.00,278.00,671.00,317.00,602.00,317.00
600.00,264.00,668.00,264.00,668.00,310.00,600.00,310.00
598.00,271.00,670.00,271.00,670.00,312.00,598.00,312.00
593.00,269.00,670.00,269.00,670.00,312.00,593.00,312.00
596.00,266.00,672.00,266.00,672.00,309.00,596.00,309.00
587.00,274.00,672.00,274.00,672.00,318.00,587.00,318.00
587.00,275.00,665.00,275.00,665.00,320.00,587.00,320.00
589.00,280.00,669.00,280.00,669.00,321.00,589.00,321.00
597.00,274.00,664.00,274.00,664.00,315.00,597.00,315.00
590.00,282.00,670.00,282.00,670.00,322.00,590.00,322.00
600.00,290.00,681.00,290.00,681.00,329.00,600.00,329.00
590.00,293.00,663.00,293.00,663.00,336.00,590.00,336.00
593.00,299.00,663.00,299.00,663.00,337.00,593.00,337.00
593.00,306.00,662.00,306.00,662.00,343.00,593.00,343.00
591.00,309.00,659.00,309.00,659.00,350.00,591.00,350.00
589.00,316.00,666.00,316.00,666.00,357.00,589.00,357.00
588.00,325.00,666.00,325.00,666.00,363.00,588.00,363.00
588.00,329.00,663.00,329.00,663.00,371.00,588.00,371.00
587.00,338.00,663.00,338.00,663.00,375.00,587.00,375.00
591.00,347.00,665.00,347.00,665.00,387.00,591.00,387.00
591.00,353.00,664.00,353.00,664.00,396.00,591.00,396.00
587.00,362.00,666.00,362.00,666.00,404.00,587.00,404.00
586.00,372.00,658.00,372.00,658.00,408.00,586.00,408.00
600.00,375.00,669.00,375.00,669.00,412.00,600.00,412.00
593.00,369.00,662.00,369.00,662.00,416.00,593.00,416.00
592.00,380.00,670.00,380.00,670.00,423.00,592.00,423.00
602.00,391.00,676.00,391.00,676.00,430.00,602.00,430.00
603.00,392.00,670.00,392.00,670.00,434.00,603.00,434.00
602.00,382.00,672.00,382.00,672.00,426.00,602.00,426.00
604.00,391.00,683.00,391.00,683.00,431.00,604.00,431.00
607.00,399.00,681.00,399.00,681.00,438.00,607.00,438.00
614.00,395.00,680.00,395.00,680.00,436.00,614.00,436.00
615.00,383.00,683.00,383.00,683.00,428.00,615.00,428.00
616.00,389.00,690.00,389.00,690.00,435.00,616.00,435.00
597.00,405.00,676.00,405.00,676.00,444.00,597.00,444.00
623.00,404.00,698.00,404.00,698.00,445.00,623.00,445.00
627.00,403.00,704.00,403.00,704.00,444.00,627.00,444.00
631.00,398.00,705.00,398.00,705.00,441.00,631.00,441.00
636.00,389.00,715.00,389.00,715.00,436.00,636.00,436.00
615.00,407.00,698.00,407.00,698.00,452.00,615.00,452.00
639.00,404.00,715.00,404.00,715.00,447.00,639.00,447.00
647.00,398.00,722.00,398.00,722.00,440.00,647.00,440.00
649.00,392.00,721.00,392.00,721.00,437.00,649.00,437.00
649.00,395.00,723.00,395.00,723.00,436.00,649.00,436.00
628.00,411.00,695.00,411.00,695.00,456.00,628.00,456.00
639.00,401.00,719.00,401.00,719.00,444.00,639.00,444.00
633.00,397.00,715.00,397.00,715.00,441.00,633.00,441.00
649.00,387.00,723.00,387.00,723.00,430.00,649.00,430.00
644.00,391.00,725.00,391.00,725.00,432.00,644.00,432.00
641.00,391.00,717.00,391.00,717.00,433.00,641.00,433.00
629.00,393.00,710.00,393.00,710.00,435.00,629.00,435.00
632.00,390.00,708.00,390.00,708.00,432.00,632.00,432.00
618.00,387.00,695.00,387.00,695.00,429.00,618.00,429.00
614.00,385.00,687.00,385.00,687.00,427.00,614.00,427.00
602.00,390.00,675.00,390.00,675.00,432.00,602.00,432.00
583.00,387.00,663.00,387.00,663.00,430.00,583.00,430.00
588.00,393.00,668.00,393.00,668.00,433.00,588.00,433.00
571.00,382.00,647.00,382.00,647.00,425.00,571.00,425.00
547.00,379.00,624.00,379.00,624.00,422.00,547.00,422.00
528.00,379.00,603.00,379.00,603.00,423.00,528.00,423.00
510.00,378.00,586.00,378.00,586.00,419.00,510.00,419.00
478.00,381.00,557.00,381.00,557.00,421.00,478.00,421.00
466.00,373.00,545.00,373.00,545.00,420.00,466.00,420.00
441.00,369.00,525.00,369.00,525.00,414.00,441.00,414.00
411.00,365.00,492.00,365.00,492.00,409.00,411.00,409.00
387.00,364.00,471.00,364.00,471.00,409.00,387.00,409.00
364.00,362.00,440.00,362.00,440.00,406.00,364.00,406.00
345.00,364.00,428.00,364.00,428.00,410.00,345.00,410.00
308.00,364.00,391.00,364.00,391.00,413.00,308.00,413.00
284.00,347.00,366.00,347.00,366.00,392.00,284.00,392.00
259.00,346.00,342.00,346.00,342.00,390.00,259.00,390.00
230.00,347.00,308.00,347.00,308.00,389.00,230.00,389.00
203.00,340.00,292.00,340.00,292.00,387.00,203.00,387.00
163.00,343.00,258.00,343.00,258.00,390.00,163.00,390.00
156.00,335.00,236.00,335.00,236.00,381.00,156.00,381.00
118.00,325.00,205.00,325.00,205.00,367.00,118.00,367.00
91.00,313.00,167.00,313.00,167.00,356.00,91.00,356.00
57.00,309.00,135.00,309.00,135.00,355.00,57.00,355.00
