1
518.00,233.00,605.00,233.00,605.00,268.00,518.00,268.00
526.00,236.00,600.00,236.00,600.00,270.00,526.00,270.00
507.00,245.00,594.00,245.00,594.00,281.00,507.00,281.00
530.00,245.00,594.00,245.00,594.00,281.00,530.00,281.00
532.00,248.00,603.00,248.00,603.00,284.00,532.00,284.00
534.00,258.00,609.00,258.00,609.00,291.00,534.00,291.00
539.00,261.00,611.00,261.00,611.00,294.00,539.00,294.00
538.00,263.00,614.00,263.00,614.00,297.00,538.00,297.00
539.00,268.00,615.00,268.00,615.00,301.00,539.00,301.00
540.00,273.00,613.00,273.00,613.00,304.00,540.00,304.00
544.00,275.00,610.00,275.00,610.00,307.00,544.00,307.00
538.00,275.00,618.00,275.00,618.00,308.00,538.00,308.00
525.00,276.00,613.00,276.00,613.00,313.00,525.00,313.00
531.00,289.00,615.00,289.00,615.00,321.00,531.00,321.00
538.00,286.00,626.00,286.00,626.00,323.00,538.00,323.00
553.00,295.00,632.00,295.00,632.00,328.00,553.00,328.00
547.00,297.00,624.00,297.00,624.00,330.00,547.00,330.00
548.00,299.00,625.00,299.00,625.00,332.00,548.00,332.00
541.00,300.00,621.00,300.00,621.00,336.00,541.00,336.00
534.00,303.00,619.00,303.00,619.00,340.00,534.00,340.00
532.00,317.00,626.00,317.00,626.00,353.00,532.00,353.00
542.00,322.00,635.00,322.00,635.00,357.00,542.00,357.00
546.00,324.00,626.00,324.00,626.00,358.00,546.00,358.00
548.00,324.00,620.00,324.00,620.00,361.00,548.00,361.00
549.00,330.00,617.00,330.00,617.00,366.00,549.00,366.00
533.00,339.00,633.00,339.00,633.00,374.00,533.00,374.00
548.00,343.00,629.00,343.00,629.00,377.00,548.00,377.00
556.00,337.00,637.00,337.00,637.00,377.00,556.00,377.00
543.00,327.00,622.00,327.00,622.00,368.00,543.00,368.00
539.00,335.00,628.00,335.00,628.00,371.00,539.00,371.00
547.00,358.00,626.00,358.00,626.00,392.00,547.00,392.00
557.00,356.00,635.00,356.00,635.00,393.00,557.00,393.00
548.00,336.00,631.00,336.00,631.00,377.00,548.00,377.00
544.00,361.00,618.00,361.00,618.00,396.00,544.00,396.00
539.00,357.00,620.00,357.00,620.00,392.00,539.00,392.00
550.00,349.00,625.00,349.00,625.00,388.00,550.00,388.00
544.00,338.00,623.00,338.00,623.00,378.00,544.00,378.00
536.00,341.00,627.00,341.00,627.00,378.00,536.00,378.00
550.00,352.00,624.00,352.00,624.00,387.00,550.00,387.00
545.00,354.00,623.00,354.00,623.00,388.00,545.00,388.00
550.00,343.00,619.00,343.00,619.00,380.00,550.00,380.00
538.00,329.00,611.00,329.00,611.00,370.00,538.00,370.00
539.00,330.00,613.00,330.00,613.00,368.00,539.00,368.00
543.00,330.00,616.00,330.00,616.00,366.00,543.00,366.00
543.00,326.00,615.00,326.00,615.00,362.00,543.00,362.00
533.00,319.00,605.00,319.00,605.00,355.00,533.00,355.00
529.00,313.00,603.00,313.00,603.00,351.00,529.00,351.00
529.00,311.00,602.00,311.00,602.00,346.00,529.00,346.00
529.00,306.00,605.00,306.00,605.00,343.00,529.00,343.00
521.00,306.00,611.00,306.00,611.00,341.00,521.00,341.00
524.00,305.00,607.00,305.00,607.00,342.00,524.00,342.00
529.00,304.00,618.00,304.00,618.00,340.00,529.00,340.00
527.00,300.00,613.00,300.00,613.00,336.00,527.00,336.00
519.00,303.00,590.00,303.00,590.00,335.00,519.00,335.00
521.00,300.00,593.00,300.00,593.00,337.00,521.00,337.00
514.00,309.00,621.00,309.00,621.00,345.00,514.00,345.00
517.00,311.00,604.00,311.00,604.00,350.00,517.00,350.00
527.00,310.00,604.00,310.00,604.00,347.00,527.00,347.00
528.00,311.00,599.00,311.00,599.00,348.00,528.00,348.00
521.00,314.00,593.00,314.00,593.00,350.00,521.00,350.00
514.00,317.00,597.00,317.00,597.00,356.00,514.00,356.00
515.00,326.00,604.00,326.00,604.00,365.00,515.00,365.00
525.00,331.00,604.00,331.00,604.00,368.00,525.00,368.00
538.00,327.00,616.00,327.00,616.00,365.00,538.00,365.00
526.00,341.00,599.00,341.00,599.00,376.00,526.00,376.00
526.00,347.00,604.00,347.00,604.00,384.00,526.00,384.00
520.00,353.00,613.00,353.00,613.00,391.00,520.00,391.00
538.00,354.00,623.00,354.00,623.00,388.00,538.00,388.00
528.00,340.00,605.00,340.00,605.00,378.00,528.00,378.00
528.00,361.00,607.00,361.00,607.00,397.00,528.00,397.00
521.00,364.00,615.00,364.00,615.00,397.00,521.00,397.00
536.00,360.00,611.00,360.00,611.00,393.00,536.00,393.00
539.00,342.00,619.00,342.00,619.00,378.00,539.00,378.00
554.00,322.00,619.00,322.00,619.00,358.00,554.00,358.00
546.00,334.00,614.00,334.00,614.00,370.00,546.00,370.00
565.00,329.00,653.00,329.00,653.00,361.00,565.00,361.00
547.00,338.00,634.00,338.00,634.00,373.00,547.00,373.00
565.00,336.00,644.00,336.00,644.00,372.00,565.00,372.00
543.00,336.00,623.00,336.00,623.00,372.00,543.00,372.00
537.00,336.00,617.00,336.00,617.00,373.00,537.00,373.00
536.00,336.00,611.00,336.00,611.00,372.00,536.00,372.00
544.00,338.00,632.00,338.00,632.00,373.00,544.00,373.00
534.00,340.00,628.00,340.00,628.00,378.00,534.00,378.00
541.00,340.00,623.00,340.00,623.00,376.00,541.00,376.00
552.00,338.00,625.00,338.00,625.00,372.00,552.00,372.00
552.00,341.00,622.00,341.00,622.00,375.00,552.00,375.00
555.00,342.00,627.00,342.00,627.00,375.00,555.00,375.00
546.00,340.00,630.00,340.00,630.00,378.00,546.00,378.00
543.00,350.00,637.00,350.00,637.00,384.00,543.00,384.00
552.00,351.00,640.00,351.00,640.00,385.00,552.00,385.00
561.00,355.00,631.00,355.00,631.00,391.00,561.00,391.00
562.00,360.00,634.00,360.00,634.00,397.00,562.00,397.00
567.00,365.00,636.00,365.00,636.00,399.00,567.00,399.00
567.00,366.00,644.00,366.00,644.00,405.00,567.00,405.00
564.00,372.00,651.00,372.00,651.00,409.00,564.00,409.00
568.00,380.00,659.00,380.00,659.00,416.00,568.00,416.00
577.00,378.00,669.00,378.00,669.00,414.00,577.00,414.00
578.00,387.00,660.00,387.00,660.00,426.00,578.00,426.00
582.00,390.00,665.00,390.00,665.00,427.00,582.00,427.00
590.00,387.00,659.00,387.00,659.00,423.00,590.00,423.00
591.00,386.00,660.00,386.00,660.00,423.00,591.00,423.00
590.00,388.00,662.00,388.00,662.00,423.00,590.00,423.00
589.00,386.00,666.00,386.00,666.00,422.00,589.00,422.00
597.00,380.00,667.00,380.00,667.00,418.00,597.00,418.00
596.00,363.00,675.00,363.00,675.00,402.00,596.00,402.00
616.00,351.00,693.00,351.00,693.00,388.00,616.00,388.00
594.00,372.00,664.00,372.00,664.00,408.00,594.00,408.00
591.00,368.00,675.00,368.00,675.00,402.00,591.00,402.00
600.00,362.00,682.00,362.00,682.00,400.00,600.00,400.00
607.00,351.00,686.00,351.00,686.00,388.00,607.00,388.00
601.00,349.00,676.00,349.00,676.00,385.00,601.00,385.00
599.00,349.00,680.00,349.00,680.00,385.00,599.00,385.00
597.00,345.00,683.00,345.00,683.00,379.00,597.00,379.00
604.00,337.00,685.00,337.00,685.00,375.00,604.00,375.00
616.00,317.00,685.00,317.00,685.00,356.00,616.00,356.00
595.00,335.00,685.00,335.00,685.00,370.00,595.00,370.00
621.00,331.00,699.00,331.00,699.00,367.00,621.00,367.00
2
0
0
0
0
1
586.00,278.00,670.00,278.00,670.00,317.00,586.00,317.00
595.00,277.00,676.00,277.00,676.00,321.00,595.00,321.00
585.00,255.00,663.00,255.00,663.00,304.00,585.00,304.00
583.00,251.00,659.00,251.00,659.00,303.00,583.00,303.00
590.00,258.00,661.00,258.00,661.00,303.00,590.00,303.00
581.00,255.00,665.00,255.00,665.00,301.00,581.00,301.00
584.00,254.00,671.00,254.00,671.00,298.00,584.00,298.00
584.00,242.00,669.00,242.00,669.00,288.00,584.00,288.00
580.00,247.00,657.00,247.00,657.00,295.00,580.00,295.00
582.00,238.00,660.00,238.00,660.00,287.00,582.00,287.00
578.00,242.00,653.00,242.00,653.00,288.00,578.00,288.00
571.00,244.00,650.00,244.00,650.00,288.00,571.00,288.00
571.00,248.00,655.00,248.00,655.00,293.00,571.00,293.00
575.00,246.00,659.00,246.00,659.00,291.00,575.00,291.00
569.00,240.00,652.00,240.00,652.00,282.00,569.00,282.00
574.00,235.00,654.00,235.00,654.00,282.00,574.00,282.00
572.00,236.00,652.00,236.00,652.00,282.00,572.00,282.00
573.00,247.00,657.00,247.00,657.00,292.00,573.00,292.00
565.00,253.00,647.00,253.00,647.00,298.00,565.00,298.00
593.00,253.00,677.00,253.00,677.00,297.00,593.00,297.00
594.00,248.00,677.00,248.00,677.00,291.00,594.00,291.00
575.00,246.00,659.00,246.00,659.00,287.00,575.00,287.00
580.00,245.00,664.00,245.00,664.00,287.00,580.00,287.00
577.00,249.00,665.00,249.00,665.00,290.00,577.00,290.00
571.00,255.00,667.00,255.00,667.00,295.00,571.00,295.00
573.00,259.00,668.00,259.00,668.00,299.00,573.00,299.00
566.00,263.00,658.00,263.00,658.00,305.00,566.00,305.00
570.00,269.00,656.00,269.00,656.00,311.00,570.00,311.00
575.00,271.00,662.00,271.00,662.00,312.00,575.00,312.00
573.00,273.00,660.00,273.00,660.00,314.00,573.00,314.00
576.00,278.00,658.00,278.00,658.00,321.00,576.00,321.00
577.00,289.00,663.00,289.00,663.00,330.00,577.00,330.00
572.00,311.00,661.00,311.00,661.00,353.00,572.00,353.00
585.00,320.00,664.00,320.00,664.00,361.00,585.00,361.00
584.00,319.00,672.00,319.00,672.00,360.00,584.00,360.00
582.00,321.00,670.00,321.00,670.00,367.00,582.00,367.00
588.00,330.00,678.00,330.00,678.00,371.00,588.00,371.00
591.00,348.00,682.00,348.00,682.00,386.00,591.00,386.00
605.00,351.00,685.00,351.00,685.00,394.00,605.00,394.00
604.00,352.00,686.00,352.00,686.00,392.00,604.00,392.00
603.00,358.00,692.00,358.00,692.00,398.00,603.00,398.00
617.00,370.00,680.00,370.00,680.00,411.00,617.00,411.00
616.00,362.00,688.00,362.00,688.00,411.00,616.00,411.00
619.00,363.00,689.00,363.00,689.00,412.00,619.00,412.00
607.00,372.00,690.00,372.00,690.00,417.00,607.00,417.00
615.00,377.00,697.00,377.00,697.00,419.00,615.00,419.00
617.00,367.00,695.00,367.00,695.00,419.00,617.00,419.00
625.00,373.00,696.00,373.00,696.00,424.00,625.00,424.00
624.00,374.00,689.00,374.00,689.00,424.00,624.00,424.00
613.00,381.00,698.00,381.00,698.00,429.00,613.00,429.00
617.00,392.00,696.00,392.00,696.00,436.00,617.00,436.00
613.00,376.00,685.00,376.00,685.00,429.00,613.00,429.00
614.00,374.00,678.00,374.00,678.00,421.00,614.00,421.00
608.00,383.00,684.00,383.00,684.00,425.00,608.00,425.00
606.00,383.00,691.00,383.00,691.00,420.00,606.00,420.00
607.00,380.00,683.00,380.00,683.00,420.00,607.00,420.00
606.00,360.00,677.00,360.00,677.00,407.00,606.00,407.00
605.00,359.00,673.00,359.00,673.00,404.00,605.00,404.00
600.00,363.00,677.00,363.00,677.00,405.00,600.00,405.00
599.00,365.00,677.00,365.00,677.00,401.00,599.00,401.00
594.00,358.00,674.00,358.00,674.00,396.00,594.00,396.00
595.00,338.00,670.00,338.00,670.00,385.00,595.00,385.00
597.00,330.00,661.00,330.00,661.00,378.00,597.00,378.00
591.00,330.00,664.00,330.00,664.00,376.00,591.00,376.00
584.00,333.00,669.00,333.00,669.00,373.00,584.00,373.00
585.00,331.00,660.00,331.00,660.00,372.00,585.00,372.00
591.00,320.00,670.00,320.00,670.00,359.00,591.00,359.00
586.00,307.00,654.00,307.00,654.00,353.00,586.00,353.00
587.00,300.00,652.00,300.00,652.00,348.00,587.00,348.00
583.00,300.00,650.00,300.00,650.00,345.00,583.00,345.00
581.00,303.00,659.00,303.00,659.00,342.00,581.00,342.00
581.00,301.00,656.00,301.00,656.00,335.00,581.00,335.00
587.00,299.00,658.00,299.00,658.00,335.00,587.00,335.00
589.00,295.00,648.00,295.00,648.00,332.00,589.00,332.00
581.00,288.00,657.00,288.00,657.00,328.00,581.00,328.00
583.00,282.00,655.00,282.00,655.00,324.00,583.00,324.00
579.00,286.00,663.00,286.00,663.00,325.00,579.00,325.00
576.00,294.00,666.00,294.00,666.00,328.00,576.00,328.00
575.00,295.00,655.00,295.00,655.00,329.00,575.00,329.00
580.00,295.00,652.00,295.00,652.00,330.00,580.00,330.00
585.00,292.00,656.00,292.00,656.00,330.00,585.00,330.00
581.00,287.00,654.00,287.00,654.00,328.00,581.00,328.00
576.00,292.00,654.00,292.00,654.00,331.00,576.00,331.00
572.00,301.00,663.00,301.00,663.00,334.00,572.00,334.00
571.00,306.00,649.00,306.00,649.00,342.00,571.00,342.00
576.00,308.00,642.00,308.00,642.00,344.00,576.00,344.00
575.00,306.00,647.00,306.00,647.00,343.00,575.00,343.00
576.00,303.00,647.00,303.00,647.00,343.00,576.00,343.00
574.00,305.00,648.00,305.00,648.00,346.00,574.00,346.00
569.00,314.00,656.00,314.00,656.00,354.00,569.00,354.00
568.00,323.00,658.00,323.00,658.00,361.00,568.00,361.00
584.00,323.00,654.00,323.00,654.00,363.00,584.00,363.00
571.00,324.00,653.00,324.00,653.00,367.00,571.00,367.00
576.00,325.00,652.00,325.00,652.00,371.00,576.00,371.00
582.00,330.00,662.00,330.00,662.00,372.00,582.00,372.00
579.00,338.00,666.00,338.00,666.00,384.00,579.00,384.00
594.00,346.00,657.00,346.00,657.00,387.00,594.00,387.00
589.00,345.00,658.00,345.00,658.00,390.00,589.00,390.00
588.00,350.00,662.00,350.00,662.00,394.00,588.00,394.00
595.00,357.00,680.00,357.00,680.00,398.00,595.00,398.00
587.00,365.00,667.00,365.00,667.00,406.00,587.00,406.00
604.00,370.00,679.00,370.00,679.00,412.00,604.00,412.00
604.00,369.00,681.00,369.00,681.00,415.00,604.00,415.00
597.00,377.00,686.00,377.00,686.00,420.00,597.00,420.00
601.00,384.00,685.00,384.00,685.00,424.00,601.00,424.00
610.00,384.00,683.00,384.00,683.00,426.00,610.00,426.00
608.00,377.00,679.00,377.00,679.00,428.00,608.00,428.00
610.00,385.00,682.00,385.00,682.00,433.00,610.00,433.00
612.00,389.00,689.00,389.00,689.00,435.00,612.00,435.00
617.00,388.00,686.00,388.00,686.00,433.00,617.00,433.00
611.00,384.00,683.00,384.00,683.00,432.00,611.00,432.00
613.00,376.00,686.00,376.00,686.00,422.00,613.00,422.00
609.00,381.00,693.00,381.00,693.00,422.00,609.00,422.00
613.00,379.00,687.00,379.00,687.00,418.00,613.00,418.00
615.00,372.00,692.00,372.00,692.00,413.00,615.00,413.00
611.00,363.00,690.00,363.00,690.00,409.00,611.00,409.00
607.00,363.00,681.00,363.00,681.00,407.00,607.00,407.00
600.00,365.00,686.00,365.00,686.00,405.00,600.00,405.00
603.00,363.00,684.00,363.00,684.00,400.00,603.00,400.00
604.00,358.00,683.00,358.00,683.00,398.00,604.00,398.00
605.00,351.00,685.00,351.00,685.00,395.00,605.00,395.00
602.00,337.00,669.00,337.00,669.00,385.00,602.00,385.00
596.00,338.00,671.00,338.00,671.00,383.00,596.00,383.00
593.00,339.00,676.00,339.00,676.00,380.00,593.00,380.00
602.00,335.00,675.00,335.00,675.00,378.00,602.00,378.00
602.00,332.00,677.00,332.00,677.00,372.00,602.00,372.00
599.00,312.00,667.00,312.00,667.00,356.00,599.00,356.00
603.00,305.00,668.00,305.00,668.00,351.00,603.00,351.00
598.00,306.00,669.00,306.00,669.00,348.00,598.00,348.00
580.00,296.00,666.00,296.00,666.00,335.00,580.00,335.00
589.00,304.00,667.00,304.00,667.00,347.00,589.00,347.00
602.00,288.00,675.00,288.00,675.00,330.00,602.00,330.00
600.00,285.00,674.00,285.00,674.00,329.00,600.00,329.00
600.00,281.00,676.00,281.00,676.00,325.00,600.00,325.00
601.00,279.00,673.00,279.00,673.00,322.00,601.00,322.00
599.00,275.00,679.00,275.00,679.00,320.00,599.00,320.00
607.00,285.00,676.00,285.00,676.00,326.00,607.00,326.00
601.00,279.00,670.00,279.00,670.00,318.00,601.00,318.00
595.00,266.00,666.00,266.00,666.00,309.00,595.00,309.00
596.00,267.00,670.00,267.00,670.00,313.00,596.00,313.00
591.00,264.00,671.00,264.00,671.00,311.00,591.00,311.00
587.00,269.00,671.00,269.00,671.00,312.00,587.00,312.00
583.00,273.00,675.00,273.00,675.00,319.00,583.00,319.00
584.00,274.00,668.00,274.00,668.00,323.00,584.00,323.00
587.00,279.00,668.00,279.00,668.00,321.00,587.00,321.00
592.00,275.00,667.00,275.00,667.00,316.00,592.00,316.00
586.00,279.00,672.00,279.00,672.00,322.00,586.00,322.00
586.00,290.00,682.00,290.00,682.00,331.00,586.00,331.00
582.00,295.00,659.00,295.00,659.00,344.00,582.00,344.00
591.00,300.00,662.00,300.00,662.00,343.00,591.00,343.00
593.00,304.00,669.00,304.00,669.00,343.00,593.00,343.00
588.00,305.00,662.00,305.00,662.00,350.00,588.00,350.00
585.00,315.00,670.00,315.00,670.00,358.00,585.00,358.00
577.00,324.00,666.00,324.00,666.00,365.00,577.00,365.00
583.00,328.00,666.00,328.00,666.00,373.00,583.00,373.00
584.00,338.00,667.00,338.00,667.00,379.00,584.00,379.00
588.00,345.00,665.00,345.00,665.00,388.00,588.00,388.00
585.00,354.00,664.00,354.00,664.00,397.00,585.00,397.00
582.00,362.00,669.00,362.00,669.00,404.00,582.00,404.00
581.00,367.00,663.00,367.00,663.00,406.00,581.00,406.00
596.00,373.00,666.00,373.00,666.00,414.00,596.00,414.00
592.00,370.00,664.00,370.00,664.00,417.00,592.00,417.00
588.00,380.00,673.00,380.00,673.00,425.00,588.00,425.00
594.00,391.00,678.00,391.00,678.00,436.00,594.00,436.00
598.00,391.00,670.00,391.00,670.00,439.00,598.00,439.00
595.00,381.00,671.00,381.00,671.00,429.00,595.00,429.00
597.00,391.00,685.00,391.00,685.00,433.00,597.00,433.00
600.00,399.00,680.00,399.00,680.00,445.00,600.00,445.00
610.00,392.00,684.00,392.00,684.00,437.00,610.00,437.00
613.00,384.00,689.00,384.00,689.00,435.00,613.00,435.00
612.00,385.00,691.00,385.00,691.00,436.00,612.00,436.00
595.00,401.00,692.00,401.00,692.00,446.00,595.00,446.00
618.00,399.00,699.00,399.00,699.00,447.00,618.00,447.00
625.00,397.00,712.00,397.00,712.00,443.00,625.00,443.00
631.00,391.00,707.00,391.00,707.00,440.00,631.00,440.00
634.00,386.00,713.00,386.00,713.00,439.00,634.00,439.00
623.00,401.00,714.00,401.00,714.00,451.00,623.00,451.00
646.00,398.00,732.00,398.00,732.00,445.00,646.00,445.00
634.00,397.00,720.00,397.00,720.00,446.00,634.00,446.00
645.00,388.00,724.00,388.00,724.00,440.00,645.00,440.00
638.00,388.00,724.00,388.00,724.00,437.00,638.00,437.00
629.00,400.00,709.00,400.00,709.00,453.00,629.00,453.00
642.00,396.00,731.00,396.00,731.00,445.00,642.00,445.00
633.00,395.00,717.00,395.00,717.00,446.00,633.00,446.00
644.00,381.00,722.00,381.00,722.00,431.00,644.00,431.00
638.00,386.00,719.00,386.00,719.00,436.00,638.00,436.00
640.00,385.00,719.00,385.00,719.00,433.00,640.00,433.00
623.00,389.00,716.00,389.00,716.00,440.00,623.00,440.00
619.00,390.00,703.00,390.00,703.00,441.00,619.00,441.00
596.00,386.00,685.00,386.00,685.00,435.00,596.00,435.00
610.00,375.00,684.00,375.00,684.00,425.00,610.00,425.00
594.00,386.00,676.00,386.00,676.00,433.00,594.00,433.00
579.00,385.00,666.00,385.00,666.00,431.00,579.00,431.00
580.00,388.00,672.00,388.00,672.00,436.00,580.00,436.00
553.00,380.00,646.00,380.00,646.00,431.00,553.00,431.00
545.00,372.00,634.00,372.00,634.00,421.00,545.00,421.00
511.00,374.00,604.00,374.00,604.00,422.00,511.00,422.00
500.00,374.00,584.00,374.00,584.00,420.00,500.00,420.00
471.00,378.00,557.00,378.00,557.00,425.00,471.00,425.00
460.00,374.00,546.00,374.00,546.00,423.00,460.00,423.00
424.00,367.00,518.00,367.00,518.00,423.00,424.00,423.00
407.00,360.00,499.00,360.00,499.00,411.00,407.00,411.00
381.00,360.00,476.00,360.00,476.00,413.00,381.00,413.00
359.00,358.00,444.00,358.00,444.00,408.00,359.00,408.00
336.00,365.00,426.00,365.00,426.00,414.00,336.00,414.00
306.00,363.00,397.00,363.00,397.00,417.00,306.00,417.00
280.00,342.00,375.00,342.00,375.00,394.00,280.00,394.00
246.00,343.00,345.00,343.00,345.00,391.00,246.00,391.00
223.00,340.00,318.00,340.00,318.00,390.00,223.00,390.00
197.00,334.00,298.00,334.00,298.00,390.00,197.00,390.00
163.00,342.00,265.00,342.00,265.00,388.00,163.00,388.00
148.00,331.00,234.00,331.00,234.00,383.00,148.00,383.00
106.00,321.00,209.00,321.00,209.00,372.00,106.00,372.00
66.00,313.00,163.00,313.00,163.00,364.00,66.00,364.00
46.00,305.00,137.00,305.00,137.00,358.00,46.00,358.00
