1
185.00,209.00,229.00,209.00,229.00,319.00,185.00,319.00
183.00,209.00,228.00,209.00,228.00,320.00,183.00,320.00
181.00,209.00,227.00,209.00,227.00,318.00,181.00,318.00
181.00,212.00,227.00,212.00,227.00,317.00,181.00,317.00
180.00,212.00,226.00,212.00,226.00,318.00,180.00,318.00
180.00,215.00,224.00,215.00,224.00,321.00,180.00,321.00
178.00,218.00,224.00,218.00,224.00,321.00,178.00,321.00
178.00,218.00,223.00,218.00,223.00,320.00,178.00,320.00
177.00,220.00,223.00,220.00,223.00,321.00,177.00,321.00
179.00,220.00,225.00,220.00,225.00,323.00,179.00,323.00
183.00,218.00,227.00,218.00,227.00,323.00,183.00,323.00
186.00,218.00,230.00,218.00,230.00,324.00,186.00,324.00
188.00,220.00,231.00,220.00,231.00,324.00,188.00,324.00
190.00,221.00,233.00,221.00,233.00,322.00,190.00,322.00
189.00,224.00,234.00,224.00,234.00,332.00,189.00,332.00
191.00,226.00,237.00,226.00,237.00,336.00,191.00,336.00
214.00,199.00,261.00,199.00,261.00,312.00,214.00,312.00
206.00,197.00,255.00,197.00,255.00,304.00,206.00,304.00
202.00,200.00,252.00,200.00,252.00,309.00,202.00,309.00
201.00,204.00,249.00,204.00,249.00,309.00,201.00,309.00
202.00,208.00,250.00,208.00,250.00,319.00,202.00,319.00
204.00,209.00,252.00,209.00,252.00,319.00,204.00,319.00
209.00,209.00,258.00,209.00,258.00,325.00,209.00,325.00
210.00,212.00,262.00,212.00,262.00,328.00,210.00,328.00
211.00,214.00,265.00,214.00,265.00,332.00,211.00,332.00
214.00,219.00,268.00,219.00,268.00,336.00,214.00,336.00
217.00,221.00,272.00,221.00,272.00,339.00,217.00,339.00
223.00,219.00,279.00,219.00,279.00,336.00,223.00,336.00
230.00,217.00,284.00,217.00,284.00,333.00,230.00,333.00
234.00,222.00,288.00,222.00,288.00,335.00,234.00,335.00
239.00,218.00,292.00,218.00,292.00,334.00,239.00,334.00
242.00,217.00,295.00,217.00,295.00,333.00,242.00,333.00
247.00,214.00,301.00,214.00,301.00,331.00,247.00,331.00
249.00,213.00,303.00,213.00,303.00,330.00,249.00,330.00
254.00,211.00,307.00,211.00,307.00,328.00,254.00,328.00
257.00,212.00,310.00,212.00,310.00,327.00,257.00,327.00
260.00,215.00,313.00,215.00,313.00,328.00,260.00,328.00
265.00,215.00,318.00,215.00,318.00,330.00,265.00,330.00
268.00,221.00,322.00,221.00,322.00,334.00,268.00,334.00
273.00,226.00,325.00,226.00,325.00,337.00,273.00,337.00
277.00,223.00,328.00,223.00,328.00,335.00,277.00,335.00
280.00,227.00,333.00,227.00,333.00,339.00,280.00,339.00
280.00,224.00,332.00,224.00,332.00,337.00,280.00,337.00
282.00,226.00,335.00,226.00,335.00,339.00,282.00,339.00
280.00,226.00,334.00,226.00,334.00,335.00,280.00,335.00
280.00,223.00,333.00,223.00,333.00,333.00,280.00,333.00
279.00,221.00,332.00,221.00,332.00,333.00,279.00,333.00
279.00,219.00,332.00,219.00,332.00,331.00,279.00,331.00
277.00,221.00,331.00,221.00,331.00,332.00,277.00,332.00
276.00,220.00,330.00,220.00,330.00,331.00,276.00,331.00
274.00,217.00,327.00,217.00,327.00,328.00,274.00,328.00
274.00,214.00,326.00,214.00,326.00,326.00,274.00,326.00
273.00,216.00,325.00,216.00,325.00,325.00,273.00,325.00
272.00,216.00,325.00,216.00,325.00,325.00,272.00,325.00
270.00,221.00,326.00,221.00,326.00,331.00,270.00,331.00
271.00,223.00,326.00,223.00,326.00,329.00,271.00,329.00
269.00,224.00,323.00,224.00,323.00,332.00,269.00,332.00
266.00,228.00,320.00,228.00,320.00,334.00,266.00,334.00
263.00,231.00,317.00,231.00,317.00,334.00,263.00,334.00
260.00,235.00,316.00,235.00,316.00,336.00,260.00,336.00
255.00,237.00,311.00,237.00,311.00,337.00,255.00,337.00
251.00,236.00,308.00,236.00,308.00,339.00,251.00,339.00
247.00,238.00,303.00,238.00,303.00,339.00,247.00,339.00
244.00,240.00,300.00,240.00,300.00,339.00,244.00,339.00
241.00,242.00,294.00,242.00,294.00,341.00,241.00,341.00
238.00,243.00,290.00,243.00,290.00,338.00,238.00,338.00
235.00,246.00,287.00,246.00,287.00,339.00,235.00,339.00
233.00,246.00,283.00,246.00,283.00,340.00,233.00,340.00
231.00,246.00,280.00,246.00,280.00,343.00,231.00,343.00
222.00,243.00,271.00,243.00,271.00,337.00,222.00,337.00
214.00,240.00,265.00,240.00,265.00,340.00,214.00,340.00
206.00,240.00,258.00,240.00,258.00,338.00,206.00,338.00
196.00,241.00,248.00,241.00,248.00,334.00,196.00,334.00
195.00,239.00,242.00,239.00,242.00,343.00,195.00,343.00
187.00,243.00,236.00,243.00,236.00,336.00,187.00,336.00
181.00,246.00,228.00,246.00,228.00,334.00,181.00,334.00
174.00,246.00,222.00,246.00,222.00,336.00,174.00,336.00
172.00,249.00,215.00,249.00,215.00,335.00,172.00,335.00
166.00,247.00,211.00,247.00,211.00,338.00,166.00,338.00
157.00,243.00,206.00,243.00,206.00,339.00,157.00,339.00
149.00,239.00,200.00,239.00,200.00,336.00,149.00,336.00
142.00,239.00,196.00,239.00,196.00,337.00,142.00,337.00
138.00,231.00,189.00,231.00,189.00,329.00,138.00,329.00
135.00,220.00,182.00,220.00,182.00,319.00,135.00,319.00
130.00,218.00,177.00,218.00,177.00,318.00,130.00,318.00
127.00,216.00,173.00,216.00,173.00,317.00,127.00,317.00
124.00,218.00,171.00,218.00,171.00,320.00,124.00,320.00
121.00,226.00,167.00,226.00,167.00,327.00,121.00,327.00
120.00,230.00,165.00,230.00,165.00,331.00,120.00,331.00
115.00,226.00,161.00,226.00,161.00,329.00,115.00,329.00
114.00,233.00,162.00,233.00,162.00,331.00,114.00,331.00
112.00,235.00,163.00,235.00,163.00,331.00,112.00,331.00
103.00,223.00,154.00,223.00,154.00,324.00,103.00,324.00
102.00,213.00,149.00,213.00,149.00,317.00,102.00,317.00
102.00,209.00,147.00,209.00,147.00,310.00,102.00,310.00
103.00,211.00,148.00,211.00,148.00,313.00,103.00,313.00
104.00,209.00,151.00,209.00,151.00,314.00,104.00,314.00
104.00,209.00,151.00,209.00,151.00,314.00,104.00,314.00
104.00,214.00,152.00,214.00,152.00,314.00,104.00,314.00
107.00,210.00,155.00,210.00,155.00,319.00,107.00,319.00
109.00,200.00,156.00,200.00,156.00,315.00,109.00,315.00
109.00,192.00,158.00,192.00,158.00,310.00,109.00,310.00
109.00,186.00,159.00,186.00,159.00,308.00,109.00,308.00
111.00,188.00,160.00,188.00,160.00,306.00,111.00,306.00
114.00,184.00,161.00,184.00,161.00,303.00,114.00,303.00
115.00,179.00,163.00,179.00,163.00,299.00,115.00,299.00
119.00,180.00,166.00,180.00,166.00,298.00,119.00,298.00
122.00,185.00,168.00,185.00,168.00,302.00,122.00,302.00
127.00,192.00,171.00,192.00,171.00,302.00,127.00,302.00
131.00,190.00,174.00,190.00,174.00,301.00,131.00,301.00
135.00,191.00,180.00,191.00,180.00,306.00,135.00,306.00
137.00,191.00,185.00,191.00,185.00,304.00,137.00,304.00
140.00,192.00,190.00,192.00,190.00,302.00,140.00,302.00
141.00,187.00,190.00,187.00,190.00,296.00,141.00,296.00
145.00,185.00,194.00,185.00,194.00,296.00,145.00,296.00
148.00,179.00,196.00,179.00,196.00,292.00,148.00,292.00
150.00,175.00,199.00,175.00,199.00,291.00,150.00,291.00
155.00,176.00,205.00,176.00,205.00,295.00,155.00,295.00
158.00,179.00,208.00,179.00,208.00,293.00,158.00,293.00
163.00,182.00,212.00,182.00,212.00,290.00,163.00,290.00
167.00,179.00,214.00,179.00,214.00,290.00,167.00,290.00
173.00,176.00,219.00,176.00,219.00,288.00,173.00,288.00
176.00,170.00,222.00,170.00,222.00,284.00,176.00,284.00
180.00,167.00,224.00,167.00,224.00,283.00,180.00,283.00
182.00,167.00,227.00,167.00,227.00,278.00,182.00,278.00
185.00,164.00,230.00,164.00,230.00,276.00,185.00,276.00
188.00,162.00,233.00,162.00,233.00,275.00,188.00,275.00
192.00,165.00,236.00,165.00,236.00,278.00,192.00,278.00
193.00,166.00,235.00,166.00,235.00,279.00,193.00,279.00
196.00,170.00,238.00,170.00,238.00,276.00,196.00,276.00
198.00,166.00,241.00,166.00,241.00,275.00,198.00,275.00
201.00,168.00,244.00,168.00,244.00,278.00,201.00,278.00
202.00,171.00,246.00,171.00,246.00,281.00,202.00,281.00
202.00,170.00,249.00,170.00,249.00,277.00,202.00,277.00
203.00,166.00,249.00,166.00,249.00,270.00,203.00,270.00
205.00,164.00,249.00,164.00,249.00,270.00,205.00,270.00
206.00,162.00,250.00,162.00,250.00,267.00,206.00,267.00
207.00,165.00,252.00,165.00,252.00,266.00,207.00,266.00
207.00,165.00,254.00,165.00,254.00,266.00,207.00,266.00
208.00,168.00,254.00,168.00,254.00,268.00,208.00,268.00
210.00,166.00,254.00,166.00,254.00,266.00,210.00,266.00
212.00,164.00,257.00,164.00,257.00,268.00,212.00,268.00
214.00,166.00,259.00,166.00,259.00,271.00,214.00,271.00
218.00,166.00,262.00,166.00,262.00,272.00,218.00,272.00
220.00,159.00,262.00,159.00,262.00,263.00,220.00,263.00
222.00,157.00,263.00,157.00,263.00,260.00,222.00,260.00
223.00,157.00,266.00,157.00,266.00,260.00,223.00,260.00
224.00,156.00,267.00,156.00,267.00,256.00,224.00,256.00
224.00,157.00,268.00,157.00,268.00,258.00,224.00,258.00
226.00,162.00,269.00,162.00,269.00,264.00,226.00,264.00
227.00,165.00,270.00,165.00,270.00,267.00,227.00,267.00
228.00,163.00,274.00,163.00,274.00,264.00,228.00,264.00
231.00,165.00,275.00,165.00,275.00,263.00,231.00,263.00
232.00,167.00,277.00,167.00,277.00,268.00,232.00,268.00
234.00,166.00,280.00,166.00,280.00,266.00,234.00,266.00
236.00,167.00,283.00,167.00,283.00,265.00,236.00,265.00
240.00,162.00,285.00,162.00,285.00,260.00,240.00,260.00
242.00,163.00,288.00,163.00,288.00,259.00,242.00,259.00
241.00,162.00,287.00,162.00,287.00,261.00,241.00,261.00
242.00,162.00,289.00,162.00,289.00,259.00,242.00,259.00
243.00,164.00,288.00,164.00,288.00,261.00,243.00,261.00
247.00,161.00,291.00,161.00,291.00,262.00,247.00,262.00
250.00,158.00,294.00,158.00,294.00,261.00,250.00,261.00
253.00,159.00,297.00,159.00,297.00,260.00,253.00,260.00
256.00,157.00,299.00,157.00,299.00,257.00,256.00,257.00
259.00,151.00,301.00,151.00,301.00,250.00,259.00,250.00
262.00,156.00,302.00,156.00,302.00,253.00,262.00,253.00
265.00,156.00,304.00,156.00,304.00,251.00,265.00,251.00
266.00,161.00,305.00,161.00,305.00,256.00,266.00,256.00
268.00,162.00,307.00,162.00,307.00,255.00,268.00,255.00
269.00,161.00,309.00,161.00,309.00,255.00,269.00,255.00
271.00,160.00,310.00,160.00,310.00,257.00,271.00,257.00
272.00,158.00,313.00,158.00,313.00,256.00,272.00,256.00
275.00,152.00,318.00,152.00,318.00,251.00,275.00,251.00
278.00,145.00,321.00,145.00,321.00,244.00,278.00,244.00
277.00,144.00,322.00,144.00,322.00,241.00,277.00,241.00
278.00,142.00,324.00,142.00,324.00,235.00,278.00,235.00
277.00,142.00,323.00,142.00,323.00,235.00,277.00,235.00
274.00,143.00,321.00,143.00,321.00,239.00,274.00,239.00
274.00,144.00,320.00,144.00,320.00,238.00,274.00,238.00
273.00,147.00,320.00,147.00,320.00,244.00,273.00,244.00
273.00,143.00,321.00,143.00,321.00,242.00,273.00,242.00
273.00,144.00,318.00,144.00,318.00,249.00,273.00,249.00
274.00,141.00,318.00,141.00,318.00,250.00,274.00,250.00
274.00,141.00,319.00,141.00,319.00,250.00,274.00,250.00
274.00,140.00,318.00,140.00,318.00,248.00,274.00,248.00
275.00,141.00,319.00,141.00,319.00,247.00,275.00,247.00
275.00,141.00,317.00,141.00,317.00,245.00,275.00,245.00
275.00,142.00,317.00,142.00,317.00,248.00,275.00,248.00
276.00,143.00,318.00,143.00,318.00,248.00,276.00,248.00
277.00,147.00,318.00,147.00,318.00,251.00,277.00,251.00
278.00,151.00,318.00,151.00,318.00,257.00,278.00,257.00
280.00,156.00,318.00,156.00,318.00,262.00,280.00,262.00
280.00,156.00,319.00,156.00,319.00,260.00,280.00,260.00
280.00,156.00,318.00,156.00,318.00,259.00,280.00,259.00
279.00,156.00,316.00,156.00,316.00,255.00,279.00,255.00
278.00,158.00,315.00,158.00,315.00,258.00,278.00,258.00
278.00,158.00,314.00,158.00,314.00,259.00,278.00,259.00
277.00,159.00,314.00,159.00,314.00,259.00,277.00,259.00
277.00,156.00,315.00,156.00,315.00,258.00,277.00,258.00
278.00,153.00,315.00,153.00,315.00,254.00,278.00,254.00
279.00,153.00,317.00,153.00,317.00,256.00,279.00,256.00
278.00,158.00,317.00,158.00,317.00,259.00,278.00,259.00
279.00,159.00,319.00,159.00,319.00,260.00,279.00,260.00
279.00,159.00,321.00,159.00,321.00,262.00,279.00,262.00
280.00,160.00,322.00,160.00,322.00,262.00,280.00,262.00
280.00,162.00,323.00,162.00,323.00,265.00,280.00,265.00
282.00,162.00,324.00,162.00,324.00,263.00,282.00,263.00
281.00,163.00,323.00,163.00,323.00,263.00,281.00,263.00
280.00,165.00,323.00,165.00,323.00,267.00,280.00,267.00
279.00,165.00,320.00,165.00,320.00,266.00,279.00,266.00
278.00,167.00,318.00,167.00,318.00,268.00,278.00,268.00
277.00,167.00,316.00,167.00,316.00,265.00,277.00,265.00
277.00,168.00,317.00,168.00,317.00,270.00,277.00,270.00
275.00,169.00,314.00,169.00,314.00,272.00,275.00,272.00
274.00,165.00,315.00,165.00,315.00,270.00,274.00,270.00
274.00,167.00,315.00,167.00,315.00,272.00,274.00,272.00
273.00,167.00,314.00,167.00,314.00,273.00,273.00,273.00
272.00,166.00,313.00,166.00,313.00,273.00,272.00,273.00
273.00,167.00,313.00,167.00,313.00,275.00,273.00,275.00
273.00,166.00,313.00,166.00,313.00,273.00,273.00,273.00
273.00,168.00,311.00,168.00,311.00,277.00,273.00,277.00
272.00,171.00,310.00,171.00,310.00,279.00,272.00,279.00
271.00,171.00,309.00,171.00,309.00,280.00,271.00,280.00
270.00,169.00,309.00,169.00,309.00,278.00,270.00,278.00
269.00,170.00,307.00,170.00,307.00,277.00,269.00,277.00
267.00,168.00,306.00,168.00,306.00,274.00,267.00,274.00
266.00,175.00,305.00,175.00,305.00,283.00,266.00,283.00
265.00,168.00,303.00,168.00,303.00,277.00,265.00,277.00
261.00,170.00,301.00,170.00,301.00,278.00,261.00,278.00
259.00,167.00,298.00,167.00,298.00,280.00,259.00,280.00
257.00,167.00,295.00,167.00,295.00,275.00,257.00,275.00
254.00,169.00,293.00,169.00,293.00,279.00,254.00,279.00
251.00,169.00,290.00,169.00,290.00,283.00,251.00,283.00
250.00,171.00,288.00,171.00,288.00,285.00,250.00,285.00
248.00,172.00,285.00,172.00,285.00,287.00,248.00,287.00
246.00,174.00,284.00,174.00,284.00,291.00,246.00,291.00
244.00,178.00,282.00,178.00,282.00,293.00,244.00,293.00
242.00,181.00,281.00,181.00,281.00,294.00,242.00,294.00
239.00,182.00,279.00,182.00,279.00,295.00,239.00,295.00
237.00,182.00,279.00,182.00,279.00,297.00,237.00,297.00
234.00,182.00,276.00,182.00,276.00,300.00,234.00,300.00
231.00,185.00,273.00,185.00,273.00,301.00,231.00,301.00
228.00,186.00,272.00,186.00,272.00,300.00,228.00,300.00
225.00,186.00,270.00,186.00,270.00,300.00,225.00,300.00
223.00,185.00,267.00,185.00,267.00,305.00,223.00,305.00
220.00,185.00,265.00,185.00,265.00,310.00,220.00,310.00
217.00,180.00,264.00,180.00,264.00,312.00,217.00,312.00
214.00,177.00,262.00,177.00,262.00,307.00,214.00,307.00
211.00,174.00,260.00,174.00,260.00,308.00,211.00,308.00
209.00,174.00,257.00,174.00,257.00,309.00,209.00,309.00
207.00,172.00,256.00,172.00,256.00,307.00,207.00,307.00
207.00,169.00,254.00,169.00,254.00,306.00,207.00,306.00
206.00,170.00,252.00,170.00,252.00,310.00,206.00,310.00
205.00,173.00,252.00,173.00,252.00,309.00,205.00,309.00
203.00,173.00,252.00,173.00,252.00,308.00,203.00,308.00
201.00,175.00,252.00,175.00,252.00,309.00,201.00,309.00
199.00,175.00,250.00,175.00,250.00,308.00,199.00,308.00
196.00,176.00,249.00,176.00,249.00,310.00,196.00,310.00
194.00,175.00,247.00,175.00,247.00,308.00,194.00,308.00
192.00,175.00,244.00,175.00,244.00,307.00,192.00,307.00
189.00,177.00,241.00,177.00,241.00,309.00,189.00,309.00
187.00,176.00,238.00,176.00,238.00,308.00,187.00,308.00
185.00,176.00,237.00,176.00,237.00,307.00,185.00,307.00
184.00,174.00,236.00,174.00,236.00,310.00,184.00,310.00
184.00,171.00,237.00,171.00,237.00,311.00,184.00,311.00
183.00,166.00,236.00,166.00,236.00,307.00,183.00,307.00
183.00,167.00,236.00,167.00,236.00,306.00,183.00,306.00
182.00,166.00,235.00,166.00,235.00,305.00,182.00,305.00
182.00,166.00,234.00,166.00,234.00,305.00,182.00,305.00
183.00,163.00,234.00,163.00,234.00,304.00,183.00,304.00
181.00,165.00,235.00,165.00,235.00,306.00,181.00,306.00
181.00,168.00,233.00,168.00,233.00,306.00,181.00,306.00
181.00,169.00,233.00,169.00,233.00,307.00,181.00,307.00
182.00,174.00,232.00,174.00,232.00,305.00,182.00,305.00
182.00,172.00,231.00,172.00,231.00,305.00,182.00,305.00
181.00,176.00,231.00,176.00,231.00,310.00,181.00,310.00
178.00,179.00,230.00,179.00,230.00,311.00,178.00,311.00
178.00,175.00,234.00,175.00,234.00,305.00,178.00,305.00
180.00,174.00,234.00,174.00,234.00,303.00,180.00,303.00
176.00,173.00,232.00,173.00,232.00,301.00,176.00,301.00
175.00,178.00,231.00,178.00,231.00,304.00,175.00,304.00
176.00,173.00,233.00,173.00,233.00,303.00,176.00,303.00
177.00,170.00,233.00,170.00,233.00,298.00,177.00,298.00
177.00,175.00,232.00,175.00,232.00,305.00,177.00,305.00
178.00,173.00,231.00,173.00,231.00,309.00,178.00,309.00
177.00,173.00,230.00,173.00,230.00,311.00,177.00,311.00
178.00,176.00,231.00,176.00,231.00,312.00,178.00,312.00
177.00,176.00,233.00,176.00,233.00,314.00,177.00,314.00
178.00,173.00,233.00,173.00,233.00,311.00,178.00,311.00
178.00,169.00,233.00,169.00,233.00,309.00,178.00,309.00
177.00,169.00,233.00,169.00,233.00,313.00,177.00,313.00
176.00,171.00,231.00,171.00,231.00,314.00,176.00,314.00
176.00,169.00,231.00,169.00,231.00,313.00,176.00,313.00
175.00,173.00,231.00,173.00,231.00,318.00,175.00,318.00
174.00,173.00,231.00,173.00,231.00,317.00,174.00,317.00
173.00,175.00,231.00,175.00,231.00,316.00,173.00,316.00
172.00,176.00,229.00,176.00,229.00,316.00,172.00,316.00
170.00,178.00,227.00,178.00,227.00,317.00,170.00,317.00
168.00,180.00,224.00,180.00,224.00,320.00,168.00,320.00
165.00,180.00,220.00,180.00,220.00,319.00,165.00,319.00
163.00,185.00,217.00,185.00,217.00,323.00,163.00,323.00
159.00,189.00,214.00,189.00,214.00,324.00,159.00,324.00
157.00,191.00,211.00,191.00,211.00,328.00,157.00,328.00
154.00,194.00,207.00,194.00,207.00,333.00,154.00,333.00
151.00,194.00,203.00,194.00,203.00,334.00,151.00,334.00
150.00,195.00,202.00,195.00,202.00,336.00,150.00,336.00
148.00,196.00,200.00,196.00,200.00,337.00,148.00,337.00
145.00,197.00,197.00,197.00,197.00,336.00,145.00,336.00
143.00,202.00,194.00,202.00,194.00,337.00,143.00,337.00
141.00,203.00,190.00,203.00,190.00,338.00,141.00,338.00
139.00,204.00,187.00,204.00,187.00,338.00,139.00,338.00
139.00,205.00,183.00,205.00,183.00,335.00,139.00,335.00
136.00,208.00,180.00,208.00,180.00,335.00,136.00,335.00
134.00,213.00,179.00,213.00,179.00,336.00,134.00,336.00
134.00,210.00,178.00,210.00,178.00,336.00,134.00,336.00
133.00,213.00,178.00,213.00,178.00,338.00,133.00,338.00
130.00,210.00,176.00,210.00,176.00,332.00,130.00,332.00
129.00,213.00,176.00,213.00,176.00,336.00,129.00,336.00
125.00,217.00,174.00,217.00,174.00,337.00,125.00,337.00
122.00,207.00,173.00,207.00,173.00,334.00,122.00,334.00
121.00,205.00,172.00,205.00,172.00,334.00,121.00,334.00
122.00,202.00,172.00,202.00,172.00,332.00,122.00,332.00
120.00,204.00,171.00,204.00,171.00,336.00,120.00,336.00
118.00,202.00,171.00,202.00,171.00,334.00,118.00,334.00
118.00,201.00,172.00,201.00,172.00,336.00,118.00,336.00
118.00,199.00,172.00,199.00,172.00,334.00,118.00,334.00
119.00,199.00,171.00,199.00,171.00,334.00,119.00,334.00
119.00,197.00,172.00,197.00,172.00,331.00,119.00,331.00
120.00,200.00,172.00,200.00,172.00,334.00,120.00,334.00
120.00,200.00,173.00,200.00,173.00,334.00,120.00,334.00
120.00,199.00,175.00,199.00,175.00,333.00,120.00,333.00
122.00,200.00,176.00,200.00,176.00,333.00,122.00,333.00
122.00,201.00,176.00,201.00,176.00,334.00,122.00,334.00
124.00,202.00,177.00,202.00,177.00,336.00,124.00,336.00
124.00,203.00,179.00,203.00,179.00,337.00,124.00,337.00
126.00,201.00,180.00,201.00,180.00,337.00,126.00,337.00
126.00,201.00,181.00,201.00,181.00,340.00,126.00,340.00
128.00,201.00,182.00,201.00,182.00,338.00,128.00,338.00
130.00,200.00,183.00,200.00,183.00,338.00,130.00,338.00
131.00,200.00,184.00,200.00,184.00,337.00,131.00,337.00
131.00,200.00,185.00,200.00,185.00,338.00,131.00,338.00
133.00,199.00,185.00,199.00,185.00,338.00,133.00,338.00
135.00,203.00,186.00,203.00,186.00,341.00,135.00,341.00
135.00,202.00,186.00,202.00,186.00,338.00,135.00,338.00
135.00,202.00,186.00,202.00,186.00,337.00,135.00,337.00
135.00,203.00,186.00,203.00,186.00,338.00,135.00,338.00
134.00,204.00,185.00,204.00,185.00,338.00,134.00,338.00
134.00,205.00,185.00,205.00,185.00,340.00,134.00,340.00
136.00,208.00,185.00,208.00,185.00,342.00,136.00,342.00
134.00,208.00,184.00,208.00,184.00,342.00,134.00,342.00
134.00,213.00,183.00,213.00,183.00,340.00,134.00,340.00
133.00,210.00,182.00,210.00,182.00,339.00,133.00,339.00
132.00,211.00,182.00,211.00,182.00,341.00,132.00,341.00
130.00,208.00,180.00,208.00,180.00,338.00,130.00,338.00
130.00,210.00,179.00,210.00,179.00,340.00,130.00,340.00
128.00,208.00,179.00,208.00,179.00,337.00,128.00,337.00
127.00,208.00,178.00,208.00,178.00,339.00,127.00,339.00
128.00,209.00,178.00,209.00,178.00,339.00,128.00,339.00
129.00,206.00,178.00,206.00,178.00,336.00,129.00,336.00
128.00,212.00,177.00,212.00,177.00,342.00,128.00,342.00
128.00,211.00,178.00,211.00,178.00,342.00,128.00,342.00
129.00,210.00,178.00,210.00,178.00,341.00,129.00,341.00
129.00,207.00,178.00,207.00,178.00,338.00,129.00,338.00
131.00,205.00,179.00,205.00,179.00,337.00,131.00,337.00
131.00,208.00,179.00,208.00,179.00,340.00,131.00,340.00
131.00,206.00,180.00,206.00,180.00,338.00,131.00,338.00
132.00,211.00,180.00,211.00,180.00,340.00,132.00,340.00
132.00,209.00,181.00,209.00,181.00,339.00,132.00,339.00
133.00,211.00,182.00,211.00,182.00,338.00,133.00,338.00
134.00,213.00,182.00,213.00,182.00,341.00,134.00,341.00
134.00,211.00,183.00,211.00,183.00,341.00,134.00,341.00
134.00,213.00,184.00,213.00,184.00,340.00,134.00,340.00
135.00,212.00,184.00,212.00,184.00,342.00,135.00,342.00
135.00,211.00,185.00,211.00,185.00,341.00,135.00,341.00
136.00,212.00,185.00,212.00,185.00,339.00,136.00,339.00
136.00,213.00,186.00,213.00,186.00,340.00,136.00,340.00
137.00,213.00,188.00,213.00,188.00,340.00,137.00,340.00
139.00,214.00,189.00,214.00,189.00,340.00,139.00,340.00
138.00,216.00,188.00,216.00,188.00,339.00,138.00,339.00
139.00,217.00,190.00,217.00,190.00,342.00,139.00,342.00
139.00,219.00,190.00,219.00,190.00,343.00,139.00,343.00
140.00,219.00,190.00,219.00,190.00,343.00,140.00,343.00
140.00,222.00,190.00,222.00,190.00,345.00,140.00,345.00
141.00,224.00,191.00,224.00,191.00,346.00,141.00,346.00
141.00,223.00,191.00,223.00,191.00,345.00,141.00,345.00
141.00,224.00,191.00,224.00,191.00,346.00,141.00,346.00
141.00,224.00,190.00,224.00,190.00,345.00,141.00,345.00
141.00,225.00,191.00,225.00,191.00,342.00,141.00,342.00
142.00,226.00,191.00,226.00,191.00,345.00,142.00,345.00
143.00,226.00,191.00,226.00,191.00,346.00,143.00,346.00
143.00,228.00,190.00,228.00,190.00,351.00,143.00,351.00
143.00,226.00,191.00,226.00,191.00,344.00,143.00,344.00
143.00,227.00,192.00,227.00,192.00,344.00,143.00,344.00
144.00,226.00,193.00,226.00,193.00,345.00,144.00,345.00
143.00,232.00,192.00,232.00,192.00,350.00,143.00,350.00
145.00,229.00,194.00,229.00,194.00,349.00,145.00,349.00
146.00,226.00,195.00,226.00,195.00,348.00,146.00,348.00
145.00,226.00,195.00,226.00,195.00,348.00,145.00,348.00
146.00,222.00,194.00,222.00,194.00,342.00,146.00,342.00
146.00,221.00,193.00,221.00,193.00,342.00,146.00,342.00
146.00,221.00,195.00,221.00,195.00,342.00,146.00,342.00
146.00,219.00,196.00,219.00,196.00,341.00,146.00,341.00
146.00,220.00,195.00,220.00,195.00,340.00,146.00,340.00
147.00,220.00,195.00,220.00,195.00,337.00,147.00,337.00
148.00,221.00,197.00,221.00,197.00,338.00,148.00,338.00
148.00,220.00,198.00,220.00,198.00,337.00,148.00,337.00
150.00,219.00,198.00,219.00,198.00,334.00,150.00,334.00
151.00,223.00,199.00,223.00,199.00,337.00,151.00,337.00
150.00,220.00,199.00,220.00,199.00,337.00,150.00,337.00
152.00,220.00,202.00,220.00,202.00,339.00,152.00,339.00
151.00,221.00,203.00,221.00,203.00,342.00,151.00,342.00
150.00,220.00,203.00,220.00,203.00,343.00,150.00,343.00
151.00,218.00,204.00,218.00,204.00,343.00,151.00,343.00
151.00,219.00,204.00,219.00,204.00,342.00,151.00,342.00
152.00,221.00,205.00,221.00,205.00,342.00,152.00,342.00
153.00,218.00,206.00,218.00,206.00,342.00,153.00,342.00
154.00,219.00,207.00,219.00,207.00,342.00,154.00,342.00
155.00,219.00,207.00,219.00,207.00,342.00,155.00,342.00
155.00,219.00,207.00,219.00,207.00,344.00,155.00,344.00
156.00,219.00,207.00,219.00,207.00,344.00,156.00,344.00
156.00,218.00,207.00,218.00,207.00,344.00,156.00,344.00
156.00,218.00,207.00,218.00,207.00,344.00,156.00,344.00
156.00,217.00,206.00,217.00,206.00,346.00,156.00,346.00
157.00,216.00,206.00,216.00,206.00,345.00,157.00,345.00
158.00,217.00,208.00,217.00,208.00,345.00,158.00,345.00
160.00,217.00,210.00,217.00,210.00,345.00,160.00,345.00
160.00,219.00,211.00,219.00,211.00,347.00,160.00,347.00
163.00,220.00,212.00,220.00,212.00,345.00,163.00,345.00
163.00,222.00,212.00,222.00,212.00,345.00,163.00,345.00
166.00,222.00,214.00,222.00,214.00,345.00,166.00,345.00
168.00,223.00,216.00,223.00,216.00,344.00,168.00,344.00
170.00,222.00,216.00,222.00,216.00,342.00,170.00,342.00
172.00,223.00,217.00,223.00,217.00,343.00,172.00,343.00
174.00,222.00,219.00,222.00,219.00,342.00,174.00,342.00
176.00,221.00,222.00,221.00,222.00,341.00,176.00,341.00
177.00,223.00,223.00,223.00,223.00,341.00,177.00,341.00
179.00,221.00,224.00,221.00,224.00,342.00,179.00,342.00
181.00,222.00,225.00,222.00,225.00,341.00,181.00,341.00
184.00,219.00,228.00,219.00,228.00,338.00,184.00,338.00
185.00,219.00,230.00,219.00,230.00,337.00,185.00,337.00
188.00,220.00,233.00,220.00,233.00,338.00,188.00,338.00
190.00,218.00,234.00,218.00,234.00,336.00,190.00,336.00
190.00,220.00,236.00,220.00,236.00,336.00,190.00,336.00
191.00,218.00,238.00,218.00,238.00,338.00,191.00,338.00
192.00,218.00,241.00,218.00,241.00,341.00,192.00,341.00
193.00,218.00,242.00,218.00,242.00,341.00,193.00,341.00
196.00,221.00,244.00,221.00,244.00,341.00,196.00,341.00
197.00,220.00,247.00,220.00,247.00,340.00,197.00,340.00
198.00,220.00,249.00,220.00,249.00,339.00,198.00,339.00
201.00,217.00,252.00,217.00,252.00,337.00,201.00,337.00
204.00,219.00,255.00,219.00,255.00,336.00,204.00,336.00
206.00,218.00,258.00,218.00,258.00,336.00,206.00,336.00
210.00,218.00,261.00,218.00,261.00,336.00,210.00,336.00
213.00,218.00,265.00,218.00,265.00,336.00,213.00,336.00
215.00,218.00,267.00,218.00,267.00,335.00,215.00,335.00
216.00,224.00,269.00,224.00,269.00,337.00,216.00,337.00
220.00,222.00,275.00,222.00,275.00,336.00,220.00,336.00
226.00,223.00,281.00,223.00,281.00,337.00,226.00,337.00
230.00,225.00,285.00,225.00,285.00,338.00,230.00,338.00
237.00,223.00,291.00,223.00,291.00,339.00,237.00,339.00
243.00,225.00,295.00,225.00,295.00,338.00,243.00,338.00
249.00,225.00,302.00,225.00,302.00,340.00,249.00,340.00
254.00,227.00,306.00,227.00,306.00,341.00,254.00,341.00
259.00,231.00,310.00,231.00,310.00,341.00,259.00,341.00
267.00,222.00,317.00,222.00,317.00,336.00,267.00,336.00
276.00,199.00,323.00,199.00,323.00,321.00,276.00,321.00
277.00,202.00,325.00,202.00,325.00,328.00,277.00,328.00
281.00,214.00,329.00,214.00,329.00,330.00,281.00,330.00
287.00,216.00,334.00,216.00,334.00,332.00,287.00,332.00
296.00,209.00,344.00,209.00,344.00,330.00,296.00,330.00
301.00,216.00,348.00,216.00,348.00,334.00,301.00,334.00
308.00,209.00,358.00,209.00,358.00,332.00,308.00,332.00
312.00,214.00,362.00,214.00,362.00,335.00,312.00,335.00
321.00,216.00,370.00,216.00,370.00,333.00,321.00,333.00
327.00,212.00,378.00,212.00,378.00,332.00,327.00,332.00
332.00,214.00,384.00,214.00,384.00,332.00,332.00,332.00
340.00,214.00,393.00,214.00,393.00,329.00,340.00,329.00
350.00,213.00,395.00,213.00,395.00,336.00,350.00,336.00
361.00,214.00,405.00,214.00,405.00,334.00,361.00,334.00
372.00,211.00,420.00,211.00,420.00,332.00,372.00,332.00
375.00,208.00,422.00,208.00,422.00,330.00,375.00,330.00
377.00,211.00,427.00,211.00,427.00,330.00,377.00,330.00
386.00,218.00,433.00,218.00,433.00,332.00,386.00,332.00
395.00,221.00,441.00,221.00,441.00,334.00,395.00,334.00
402.00,228.00,445.00,228.00,445.00,337.00,402.00,337.00
406.00,229.00,451.00,229.00,451.00,339.00,406.00,339.00
409.00,229.00,453.00,229.00,453.00,341.00,409.00,341.00
412.00,223.00,454.00,223.00,454.00,334.00,412.00,334.00
415.00,216.00,459.00,216.00,459.00,331.00,415.00,331.00
416.00,213.00,461.00,213.00,461.00,330.00,416.00,330.00
414.00,205.00,460.00,205.00,460.00,323.00,414.00,323.00
411.00,201.00,459.00,201.00,459.00,322.00,411.00,322.00
410.00,197.00,457.00,197.00,457.00,321.00,410.00,321.00
406.00,196.00,454.00,196.00,454.00,319.00,406.00,319.00
404.00,194.00,452.00,194.00,452.00,312.00,404.00,312.00
402.00,195.00,449.00,195.00,449.00,311.00,402.00,311.00
398.00,191.00,447.00,191.00,447.00,310.00,398.00,310.00
396.00,190.00,443.00,190.00,443.00,310.00,396.00,310.00
392.00,186.00,441.00,186.00,441.00,306.00,392.00,306.00
389.00,185.00,437.00,185.00,437.00,308.00,389.00,308.00
385.00,184.00,434.00,184.00,434.00,309.00,385.00,309.00
381.00,181.00,430.00,181.00,430.00,308.00,381.00,308.00
377.00,177.00,426.00,177.00,426.00,301.00,377.00,301.00
373.00,175.00,422.00,175.00,422.00,299.00,373.00,299.00
368.00,174.00,419.00,174.00,419.00,301.00,368.00,301.00
365.00,173.00,416.00,173.00,416.00,296.00,365.00,296.00
363.00,172.00,411.00,172.00,411.00,293.00,363.00,293.00
359.00,172.00,408.00,172.00,408.00,292.00,359.00,292.00
357.00,176.00,407.00,176.00,407.00,298.00,357.00,298.00
356.00,176.00,405.00,176.00,405.00,297.00,356.00,297.00
354.00,176.00,405.00,176.00,405.00,297.00,354.00,297.00
353.00,177.00,402.00,177.00,402.00,294.00,353.00,294.00
353.00,173.00,400.00,173.00,400.00,290.00,353.00,290.00
352.00,177.00,398.00,177.00,398.00,291.00,352.00,291.00
351.00,174.00,397.00,174.00,397.00,290.00,351.00,290.00
350.00,172.00,396.00,172.00,396.00,290.00,350.00,290.00
348.00,170.00,393.00,170.00,393.00,286.00,348.00,286.00
347.00,171.00,391.00,171.00,391.00,286.00,347.00,286.00
347.00,172.00,389.00,172.00,389.00,282.00,347.00,282.00
346.00,169.00,387.00,169.00,387.00,281.00,346.00,281.00
345.00,170.00,386.00,170.00,386.00,284.00,345.00,284.00
344.00,171.00,385.00,171.00,385.00,286.00,344.00,286.00
344.00,170.00,384.00,170.00,384.00,286.00,344.00,286.00
343.00,170.00,383.00,170.00,383.00,285.00,343.00,285.00
343.00,171.00,382.00,171.00,382.00,289.00,343.00,289.00
343.00,171.00,383.00,171.00,383.00,288.00,343.00,288.00
343.00,170.00,383.00,170.00,383.00,290.00,343.00,290.00
343.00,171.00,383.00,171.00,383.00,287.00,343.00,287.00
343.00,172.00,383.00,172.00,383.00,284.00,343.00,284.00
340.00,175.00,381.00,175.00,381.00,285.00,340.00,285.00
340.00,174.00,381.00,174.00,381.00,285.00,340.00,285.00
339.00,174.00,380.00,174.00,380.00,285.00,339.00,285.00
337.00,172.00,378.00,172.00,378.00,285.00,337.00,285.00
337.00,172.00,378.00,172.00,378.00,284.00,337.00,284.00
336.00,172.00,376.00,172.00,376.00,286.00,336.00,286.00
336.00,172.00,377.00,172.00,377.00,288.00,336.00,288.00
335.00,174.00,374.00,174.00,374.00,291.00,335.00,291.00
334.00,173.00,372.00,173.00,372.00,289.00,334.00,289.00
333.00,174.00,372.00,174.00,372.00,290.00,333.00,290.00
332.00,175.00,371.00,175.00,371.00,293.00,332.00,293.00
330.00,176.00,371.00,176.00,371.00,292.00,330.00,292.00
330.00,176.00,372.00,176.00,372.00,293.00,330.00,293.00
331.00,178.00,371.00,178.00,371.00,291.00,331.00,291.00
329.00,178.00,371.00,178.00,371.00,293.00,329.00,293.00
328.00,182.00,369.00,182.00,369.00,296.00,328.00,296.00
326.00,181.00,368.00,181.00,368.00,298.00,326.00,298.00
327.00,179.00,366.00,179.00,366.00,295.00,327.00,295.00
324.00,180.00,364.00,180.00,364.00,297.00,324.00,297.00
322.00,180.00,364.00,180.00,364.00,296.00,322.00,296.00
320.00,179.00,362.00,179.00,362.00,298.00,320.00,298.00
319.00,177.00,361.00,177.00,361.00,299.00,319.00,299.00
318.00,175.00,360.00,175.00,360.00,299.00,318.00,299.00
316.00,173.00,359.00,173.00,359.00,299.00,316.00,299.00
315.00,172.00,358.00,172.00,358.00,299.00,315.00,299.00
313.00,173.00,356.00,173.00,356.00,297.00,313.00,297.00
311.00,172.00,356.00,172.00,356.00,295.00,311.00,295.00
310.00,170.00,354.00,170.00,354.00,294.00,310.00,294.00
309.00,168.00,353.00,168.00,353.00,297.00,309.00,297.00
307.00,167.00,353.00,167.00,353.00,298.00,307.00,298.00
305.00,168.00,353.00,168.00,353.00,300.00,305.00,300.00
305.00,166.00,354.00,166.00,354.00,299.00,305.00,299.00
303.00,167.00,355.00,167.00,355.00,301.00,303.00,301.00
303.00,167.00,353.00,167.00,353.00,302.00,303.00,302.00
300.00,166.00,352.00,166.00,352.00,301.00,300.00,301.00
298.00,166.00,350.00,166.00,350.00,301.00,298.00,301.00
297.00,167.00,349.00,167.00,349.00,301.00,297.00,301.00
293.00,167.00,344.00,167.00,344.00,305.00,293.00,305.00
290.00,165.00,343.00,165.00,343.00,302.00,290.00,302.00
292.00,166.00,340.00,166.00,340.00,298.00,292.00,298.00
288.00,163.00,338.00,163.00,338.00,303.00,288.00,303.00
286.00,162.00,338.00,162.00,338.00,302.00,286.00,302.00
285.00,162.00,339.00,162.00,339.00,299.00,285.00,299.00
287.00,160.00,338.00,160.00,338.00,298.00,287.00,298.00
285.00,159.00,337.00,159.00,337.00,298.00,285.00,298.00
287.00,158.00,337.00,158.00,337.00,296.00,287.00,296.00
287.00,157.00,337.00,157.00,337.00,297.00,287.00,297.00
286.00,157.00,335.00,157.00,335.00,299.00,286.00,299.00
286.00,156.00,336.00,156.00,336.00,302.00,286.00,302.00
286.00,157.00,337.00,157.00,337.00,303.00,286.00,303.00
289.00,156.00,339.00,156.00,339.00,294.00,289.00,294.00
291.00,159.00,339.00,159.00,339.00,296.00,291.00,296.00
291.00,157.00,339.00,157.00,339.00,297.00,291.00,297.00
291.00,157.00,339.00,157.00,339.00,291.00,291.00,291.00
288.00,157.00,337.00,157.00,337.00,290.00,288.00,290.00
286.00,157.00,334.00,157.00,334.00,289.00,286.00,289.00
285.00,158.00,333.00,158.00,333.00,290.00,285.00,290.00
283.00,156.00,332.00,156.00,332.00,290.00,283.00,290.00
282.00,156.00,331.00,156.00,331.00,291.00,282.00,291.00
282.00,155.00,330.00,155.00,330.00,288.00,282.00,288.00
282.00,148.00,332.00,148.00,332.00,289.00,282.00,289.00
286.00,148.00,335.00,148.00,335.00,288.00,286.00,288.00
286.00,145.00,335.00,145.00,335.00,285.00,286.00,285.00
289.00,146.00,335.00,146.00,335.00,287.00,289.00,287.00
288.00,149.00,336.00,149.00,336.00,285.00,288.00,285.00
290.00,151.00,337.00,151.00,337.00,280.00,290.00,280.00
289.00,153.00,338.00,153.00,338.00,279.00,289.00,279.00
289.00,152.00,339.00,152.00,339.00,282.00,289.00,282.00
292.00,153.00,339.00,153.00,339.00,283.00,292.00,283.00
291.00,151.00,339.00,151.00,339.00,283.00,291.00,283.00
292.00,151.00,341.00,151.00,341.00,283.00,292.00,283.00
295.00,148.00,344.00,148.00,344.00,283.00,295.00,283.00
296.00,147.00,347.00,147.00,347.00,281.00,296.00,281.00
298.00,145.00,349.00,145.00,349.00,282.00,298.00,282.00
301.00,146.00,353.00,146.00,353.00,279.00,301.00,279.00
304.00,145.00,354.00,145.00,354.00,279.00,304.00,279.00
305.00,145.00,356.00,145.00,356.00,278.00,305.00,278.00
307.00,146.00,358.00,146.00,358.00,279.00,307.00,279.00
311.00,147.00,361.00,147.00,361.00,281.00,311.00,281.00
313.00,147.00,364.00,147.00,364.00,281.00,313.00,281.00
316.00,147.00,366.00,147.00,366.00,284.00,316.00,284.00
319.00,147.00,369.00,147.00,369.00,279.00,319.00,279.00
321.00,147.00,371.00,147.00,371.00,275.00,321.00,275.00
324.00,146.00,373.00,146.00,373.00,277.00,324.00,277.00
325.00,144.00,374.00,144.00,374.00,274.00,325.00,274.00
325.00,144.00,373.00,144.00,373.00,274.00,325.00,274.00
325.00,142.00,375.00,142.00,375.00,271.00,325.00,271.00
325.00,143.00,375.00,143.00,375.00,272.00,325.00,272.00
325.00,143.00,376.00,143.00,376.00,269.00,325.00,269.00
324.00,145.00,375.00,145.00,375.00,271.00,324.00,271.00
327.00,145.00,377.00,145.00,377.00,267.00,327.00,267.00
323.00,137.00,372.00,137.00,372.00,262.00,323.00,262.00
323.00,134.00,372.00,134.00,372.00,260.00,323.00,260.00
324.00,136.00,373.00,136.00,373.00,259.00,324.00,259.00
323.00,131.00,371.00,131.00,371.00,252.00,323.00,252.00
324.00,129.00,370.00,129.00,370.00,249.00,324.00,249.00
326.00,128.00,369.00,128.00,369.00,246.00,326.00,246.00
327.00,135.00,369.00,135.00,369.00,250.00,327.00,250.00
328.00,142.00,368.00,142.00,368.00,256.00,328.00,256.00
327.00,139.00,367.00,139.00,367.00,256.00,327.00,256.00
326.00,136.00,366.00,136.00,366.00,256.00,326.00,256.00
325.00,139.00,366.00,139.00,366.00,259.00,325.00,259.00
324.00,138.00,364.00,138.00,364.00,259.00,324.00,259.00
326.00,148.00,364.00,148.00,364.00,266.00,326.00,266.00
324.00,158.00,365.00,158.00,365.00,269.00,324.00,269.00
323.00,161.00,366.00,161.00,366.00,270.00,323.00,270.00
323.00,165.00,367.00,165.00,367.00,274.00,323.00,274.00
324.00,165.00,366.00,165.00,366.00,275.00,324.00,275.00
325.00,164.00,367.00,164.00,367.00,274.00,325.00,274.00
326.00,165.00,367.00,165.00,367.00,278.00,326.00,278.00
326.00,161.00,368.00,161.00,368.00,274.00,326.00,274.00
327.00,163.00,370.00,163.00,370.00,272.00,327.00,272.00
326.00,163.00,370.00,163.00,370.00,271.00,326.00,271.00
327.00,165.00,371.00,165.00,371.00,271.00,327.00,271.00
326.00,165.00,371.00,165.00,371.00,272.00,326.00,272.00
326.00,165.00,371.00,165.00,371.00,275.00,326.00,275.00
325.00,163.00,370.00,163.00,370.00,276.00,325.00,276.00
325.00,174.00,368.00,174.00,368.00,290.00,325.00,290.00
325.00,216.00,367.00,216.00,367.00,330.00,325.00,330.00
329.00,205.00,369.00,205.00,369.00,332.00,329.00,332.00
332.00,211.00,372.00,211.00,372.00,341.00,332.00,341.00
334.00,212.00,374.00,212.00,374.00,340.00,334.00,340.00
338.00,243.00,382.00,243.00,382.00,357.00,338.00,357.00
341.00,247.00,386.00,247.00,386.00,359.00,341.00,359.00
344.00,252.00,389.00,252.00,389.00,366.00,344.00,366.00
349.00,258.00,392.00,258.00,392.00,372.00,349.00,372.00
352.00,261.00,395.00,261.00,395.00,374.00,352.00,374.00
356.00,264.00,399.00,264.00,399.00,380.00,356.00,380.00
360.00,269.00,403.00,269.00,403.00,384.00,360.00,384.00
364.00,271.00,407.00,271.00,407.00,386.00,364.00,386.00
2
0
0
0
0
1
332.00,212.00,384.00,212.00,384.00,331.00,332.00,331.00
330.00,213.00,385.00,213.00,385.00,332.00,330.00,332.00
331.00,216.00,386.00,216.00,386.00,333.00,331.00,333.00
330.00,217.00,386.00,217.00,386.00,333.00,330.00,333.00
330.00,217.00,386.00,217.00,386.00,335.00,330.00,335.00
331.00,217.00,386.00,217.00,386.00,336.00,331.00,336.00
334.00,216.00,385.00,216.00,385.00,337.00,334.00,337.00
334.00,217.00,384.00,217.00,384.00,335.00,334.00,335.00
336.00,216.00,385.00,216.00,385.00,335.00,336.00,335.00
337.00,216.00,383.00,216.00,383.00,330.00,337.00,330.00
340.00,212.00,385.00,212.00,385.00,326.00,340.00,326.00
339.00,213.00,386.00,213.00,386.00,332.00,339.00,332.00
338.00,212.00,387.00,212.00,387.00,331.00,338.00,331.00
339.00,213.00,388.00,213.00,388.00,330.00,339.00,330.00
341.00,213.00,389.00,213.00,389.00,328.00,341.00,328.00
340.00,211.00,387.00,211.00,387.00,325.00,340.00,325.00
340.00,212.00,387.00,212.00,387.00,327.00,340.00,327.00
341.00,212.00,388.00,212.00,388.00,329.00,341.00,329.00
341.00,209.00,388.00,209.00,388.00,325.00,341.00,325.00
340.00,208.00,388.00,208.00,388.00,328.00,340.00,328.00
340.00,207.00,387.00,207.00,387.00,328.00,340.00,328.00
341.00,206.00,386.00,206.00,386.00,326.00,341.00,326.00
340.00,203.00,386.00,203.00,386.00,326.00,340.00,326.00
340.00,203.00,385.00,203.00,385.00,326.00,340.00,326.00
340.00,203.00,384.00,203.00,384.00,326.00,340.00,326.00
339.00,202.00,385.00,202.00,385.00,325.00,339.00,325.00
337.00,204.00,384.00,204.00,384.00,323.00,337.00,323.00
335.00,204.00,383.00,204.00,383.00,323.00,335.00,323.00
335.00,203.00,382.00,203.00,382.00,322.00,335.00,322.00
334.00,205.00,383.00,205.00,383.00,322.00,334.00,322.00
333.00,204.00,383.00,204.00,383.00,321.00,333.00,321.00
333.00,205.00,382.00,205.00,382.00,322.00,333.00,322.00
332.00,207.00,383.00,207.00,383.00,320.00,332.00,320.00
332.00,205.00,383.00,205.00,383.00,322.00,332.00,322.00
331.00,205.00,382.00,205.00,382.00,322.00,331.00,322.00
331.00,204.00,383.00,204.00,383.00,323.00,331.00,323.00
330.00,205.00,383.00,205.00,383.00,323.00,330.00,323.00
330.00,203.00,382.00,203.00,382.00,323.00,330.00,323.00
330.00,203.00,380.00,203.00,380.00,323.00,330.00,323.00
330.00,200.00,379.00,200.00,379.00,322.00,330.00,322.00
330.00,200.00,378.00,200.00,378.00,320.00,330.00,320.00
329.00,201.00,379.00,201.00,379.00,321.00,329.00,321.00
329.00,202.00,379.00,202.00,379.00,319.00,329.00,319.00
332.00,207.00,381.00,207.00,381.00,323.00,332.00,323.00
334.00,212.00,380.00,212.00,380.00,325.00,334.00,325.00
334.00,214.00,380.00,214.00,380.00,325.00,334.00,325.00
333.00,215.00,379.00,215.00,379.00,324.00,333.00,324.00
333.00,214.00,377.00,214.00,377.00,321.00,333.00,321.00
334.00,215.00,375.00,215.00,375.00,324.00,334.00,324.00
334.00,209.00,373.00,209.00,373.00,317.00,334.00,317.00
332.00,208.00,371.00,208.00,371.00,320.00,332.00,320.00
327.00,205.00,369.00,205.00,369.00,320.00,327.00,320.00
324.00,206.00,368.00,206.00,368.00,321.00,324.00,321.00
320.00,204.00,365.00,204.00,365.00,320.00,320.00,320.00
316.00,201.00,362.00,201.00,362.00,315.00,316.00,315.00
311.00,199.00,357.00,199.00,357.00,318.00,311.00,318.00
309.00,203.00,355.00,203.00,355.00,322.00,309.00,322.00
297.00,202.00,343.00,202.00,343.00,322.00,297.00,322.00
