1
185.00,209.00,229.00,209.00,229.00,319.00,185.00,319.00
184.00,209.00,228.00,209.00,228.00,318.00,184.00,318.00
181.00,209.00,226.00,209.00,226.00,317.00,181.00,317.00
181.00,211.00,227.00,211.00,227.00,315.00,181.00,315.00
180.00,212.00,226.00,212.00,226.00,318.00,180.00,318.00
180.00,215.00,225.00,215.00,225.00,320.00,180.00,320.00
178.00,217.00,224.00,217.00,224.00,321.00,178.00,321.00
179.00,220.00,223.00,220.00,223.00,320.00,179.00,320.00
181.00,219.00,223.00,219.00,223.00,321.00,181.00,321.00
182.00,219.00,224.00,219.00,224.00,321.00,182.00,321.00
184.00,221.00,226.00,221.00,226.00,323.00,184.00,323.00
189.00,222.00,229.00,222.00,229.00,325.00,189.00,325.00
190.00,221.00,231.00,221.00,231.00,325.00,190.00,325.00
189.00,225.00,231.00,225.00,231.00,325.00,189.00,325.00
191.00,220.00,235.00,220.00,235.00,330.00,191.00,330.00
197.00,221.00,240.00,221.00,240.00,329.00,197.00,329.00
217.00,196.00,260.00,196.00,260.00,304.00,217.00,304.00
210.00,200.00,254.00,200.00,254.00,303.00,210.00,303.00
201.00,202.00,250.00,202.00,250.00,307.00,201.00,307.00
202.00,204.00,252.00,204.00,252.00,307.00,202.00,307.00
204.00,210.00,249.00,210.00,249.00,317.00,204.00,317.00
206.00,212.00,251.00,212.00,251.00,324.00,206.00,324.00
210.00,209.00,257.00,209.00,257.00,326.00,210.00,326.00
212.00,211.00,260.00,211.00,260.00,330.00,212.00,330.00
214.00,215.00,264.00,215.00,264.00,334.00,214.00,334.00
217.00,219.00,267.00,219.00,267.00,335.00,217.00,335.00
219.00,223.00,271.00,223.00,271.00,338.00,219.00,338.00
225.00,223.00,277.00,223.00,277.00,335.00,225.00,335.00
233.00,219.00,281.00,219.00,281.00,331.00,233.00,331.00
236.00,221.00,286.00,221.00,286.00,332.00,236.00,332.00
241.00,219.00,290.00,219.00,290.00,332.00,241.00,332.00
245.00,217.00,294.00,217.00,294.00,330.00,245.00,330.00
248.00,214.00,298.00,214.00,298.00,330.00,248.00,330.00
251.00,212.00,302.00,212.00,302.00,327.00,251.00,327.00
254.00,216.00,306.00,216.00,306.00,330.00,254.00,330.00
259.00,215.00,311.00,215.00,311.00,328.00,259.00,328.00
263.00,216.00,314.00,216.00,314.00,328.00,263.00,328.00
264.00,220.00,314.00,220.00,314.00,330.00,264.00,330.00
270.00,224.00,321.00,224.00,321.00,333.00,270.00,333.00
276.00,226.00,326.00,226.00,326.00,337.00,276.00,337.00
279.00,223.00,328.00,223.00,328.00,335.00,279.00,335.00
281.00,226.00,330.00,226.00,330.00,336.00,281.00,336.00
282.00,227.00,332.00,227.00,332.00,338.00,282.00,338.00
283.00,225.00,333.00,225.00,333.00,337.00,283.00,337.00
281.00,226.00,332.00,226.00,332.00,333.00,281.00,333.00
281.00,225.00,332.00,225.00,332.00,331.00,281.00,331.00
280.00,222.00,329.00,222.00,329.00,329.00,280.00,329.00
280.00,221.00,330.00,221.00,330.00,330.00,280.00,330.00
279.00,219.00,329.00,219.00,329.00,327.00,279.00,327.00
278.00,219.00,326.00,219.00,326.00,325.00,278.00,325.00
278.00,215.00,326.00,215.00,326.00,322.00,278.00,322.00
277.00,218.00,323.00,218.00,323.00,321.00,277.00,321.00
275.00,218.00,322.00,218.00,322.00,320.00,275.00,320.00
274.00,218.00,321.00,218.00,321.00,322.00,274.00,322.00
272.00,220.00,322.00,220.00,322.00,326.00,272.00,326.00
271.00,223.00,323.00,223.00,323.00,327.00,271.00,327.00
270.00,224.00,320.00,224.00,320.00,331.00,270.00,331.00
267.00,228.00,318.00,228.00,318.00,333.00,267.00,333.00
264.00,234.00,318.00,234.00,318.00,336.00,264.00,336.00
261.00,237.00,316.00,237.00,316.00,337.00,261.00,337.00
255.00,238.00,308.00,238.00,308.00,338.00,255.00,338.00
251.00,237.00,304.00,237.00,304.00,338.00,251.00,338.00
247.00,240.00,300.00,240.00,300.00,339.00,247.00,339.00
244.00,241.00,297.00,241.00,297.00,341.00,244.00,341.00
241.00,241.00,294.00,241.00,294.00,342.00,241.00,342.00
240.00,244.00,290.00,244.00,290.00,343.00,240.00,343.00
237.00,246.00,286.00,246.00,286.00,343.00,237.00,343.00
234.00,246.00,282.00,246.00,282.00,344.00,234.00,344.00
235.00,241.00,278.00,241.00,278.00,347.00,235.00,347.00
224.00,242.00,272.00,242.00,272.00,339.00,224.00,339.00
214.00,241.00,266.00,241.00,266.00,341.00,214.00,341.00
206.00,240.00,259.00,240.00,259.00,338.00,206.00,338.00
197.00,241.00,248.00,241.00,248.00,337.00,197.00,337.00
192.00,242.00,241.00,242.00,241.00,337.00,192.00,337.00
188.00,241.00,235.00,241.00,235.00,337.00,188.00,337.00
180.00,244.00,226.00,244.00,226.00,338.00,180.00,338.00
175.00,246.00,219.00,246.00,219.00,339.00,175.00,339.00
173.00,249.00,214.00,249.00,214.00,340.00,173.00,340.00
168.00,246.00,209.00,246.00,209.00,339.00,168.00,339.00
162.00,242.00,203.00,242.00,203.00,342.00,162.00,342.00
150.00,235.00,198.00,235.00,198.00,335.00,150.00,335.00
147.00,239.00,195.00,239.00,195.00,338.00,147.00,338.00
138.00,235.00,187.00,235.00,187.00,333.00,138.00,333.00
133.00,221.00,180.00,221.00,180.00,319.00,133.00,319.00
130.00,219.00,177.00,219.00,177.00,318.00,130.00,318.00
126.00,214.00,173.00,214.00,173.00,317.00,126.00,317.00
122.00,216.00,168.00,216.00,168.00,320.00,122.00,320.00
121.00,223.00,167.00,223.00,167.00,326.00,121.00,326.00
118.00,225.00,163.00,225.00,163.00,327.00,118.00,327.00
116.00,224.00,162.00,224.00,162.00,326.00,116.00,326.00
117.00,236.00,162.00,236.00,162.00,331.00,117.00,331.00
112.00,231.00,161.00,231.00,161.00,328.00,112.00,328.00
105.00,223.00,152.00,223.00,152.00,320.00,105.00,320.00
103.00,217.00,149.00,217.00,149.00,318.00,103.00,318.00
102.00,209.00,146.00,209.00,146.00,310.00,102.00,310.00
103.00,210.00,148.00,210.00,148.00,311.00,103.00,311.00
104.00,210.00,149.00,210.00,149.00,314.00,104.00,314.00
105.00,210.00,150.00,210.00,150.00,313.00,105.00,313.00
106.00,213.00,150.00,213.00,150.00,312.00,106.00,312.00
108.00,211.00,155.00,211.00,155.00,315.00,108.00,315.00
108.00,198.00,155.00,198.00,155.00,312.00,108.00,312.00
111.00,193.00,156.00,193.00,156.00,308.00,111.00,308.00
113.00,193.00,158.00,193.00,158.00,307.00,113.00,307.00
113.00,190.00,160.00,190.00,160.00,302.00,113.00,302.00
113.00,185.00,160.00,185.00,160.00,298.00,113.00,298.00
118.00,186.00,164.00,186.00,164.00,297.00,118.00,297.00
120.00,181.00,166.00,181.00,166.00,295.00,120.00,295.00
123.00,184.00,168.00,184.00,168.00,298.00,123.00,298.00
126.00,192.00,171.00,192.00,171.00,302.00,126.00,302.00
132.00,195.00,174.00,195.00,174.00,302.00,132.00,302.00
135.00,188.00,179.00,188.00,179.00,303.00,135.00,303.00
138.00,189.00,184.00,189.00,184.00,303.00,138.00,303.00
141.00,191.00,189.00,191.00,189.00,300.00,141.00,300.00
142.00,187.00,187.00,187.00,187.00,294.00,142.00,294.00
145.00,181.00,190.00,181.00,190.00,291.00,145.00,291.00
150.00,177.00,195.00,177.00,195.00,290.00,150.00,290.00
153.00,178.00,199.00,178.00,199.00,292.00,153.00,292.00
157.00,177.00,202.00,177.00,202.00,293.00,157.00,293.00
160.00,179.00,206.00,179.00,206.00,291.00,160.00,291.00
165.00,183.00,210.00,183.00,210.00,290.00,165.00,290.00
171.00,182.00,215.00,182.00,215.00,289.00,171.00,289.00
175.00,175.00,219.00,175.00,219.00,290.00,175.00,290.00
179.00,168.00,223.00,168.00,223.00,286.00,179.00,286.00
181.00,167.00,223.00,167.00,223.00,282.00,181.00,282.00
183.00,169.00,226.00,169.00,226.00,279.00,183.00,279.00
186.00,165.00,230.00,165.00,230.00,276.00,186.00,276.00
188.00,163.00,232.00,163.00,232.00,274.00,188.00,274.00
191.00,164.00,236.00,164.00,236.00,274.00,191.00,274.00
194.00,167.00,236.00,167.00,236.00,277.00,194.00,277.00
197.00,170.00,237.00,170.00,237.00,277.00,197.00,277.00
200.00,168.00,240.00,168.00,240.00,276.00,200.00,276.00
202.00,167.00,242.00,167.00,242.00,277.00,202.00,277.00
203.00,170.00,245.00,170.00,245.00,279.00,203.00,279.00
202.00,170.00,249.00,170.00,249.00,278.00,202.00,278.00
201.00,167.00,248.00,167.00,248.00,273.00,201.00,273.00
203.00,164.00,249.00,164.00,249.00,271.00,203.00,271.00
204.00,164.00,251.00,164.00,251.00,271.00,204.00,271.00
206.00,164.00,252.00,164.00,252.00,268.00,206.00,268.00
208.00,164.00,255.00,164.00,255.00,266.00,208.00,266.00
206.00,165.00,254.00,165.00,254.00,267.00,206.00,267.00
209.00,166.00,256.00,166.00,256.00,270.00,209.00,270.00
211.00,163.00,258.00,163.00,258.00,267.00,211.00,267.00
214.00,164.00,258.00,164.00,258.00,270.00,214.00,270.00
217.00,159.00,261.00,159.00,261.00,269.00,217.00,269.00
219.00,154.00,262.00,154.00,262.00,262.00,219.00,262.00
221.00,154.00,263.00,154.00,263.00,259.00,221.00,259.00
222.00,153.00,265.00,153.00,265.00,260.00,222.00,260.00
224.00,154.00,267.00,154.00,267.00,259.00,224.00,259.00
225.00,154.00,269.00,154.00,269.00,260.00,225.00,260.00
226.00,162.00,270.00,162.00,270.00,265.00,226.00,265.00
227.00,163.00,272.00,163.00,272.00,269.00,227.00,269.00
228.00,160.00,275.00,160.00,275.00,264.00,228.00,264.00
229.00,161.00,277.00,161.00,277.00,264.00,229.00,264.00
232.00,165.00,279.00,165.00,279.00,268.00,232.00,268.00
234.00,166.00,281.00,166.00,281.00,268.00,234.00,268.00
235.00,164.00,284.00,164.00,284.00,267.00,235.00,267.00
239.00,161.00,288.00,161.00,288.00,264.00,239.00,264.00
240.00,162.00,289.00,162.00,289.00,263.00,240.00,263.00
242.00,158.00,291.00,158.00,291.00,261.00,242.00,261.00
244.00,158.00,292.00,158.00,292.00,262.00,244.00,262.00
244.00,161.00,290.00,161.00,290.00,262.00,244.00,262.00
247.00,160.00,291.00,160.00,291.00,264.00,247.00,264.00
250.00,158.00,294.00,158.00,294.00,265.00,250.00,265.00
254.00,157.00,296.00,157.00,296.00,262.00,254.00,262.00
256.00,154.00,299.00,154.00,299.00,261.00,256.00,261.00
259.00,147.00,303.00,147.00,303.00,254.00,259.00,254.00
262.00,150.00,304.00,150.00,304.00,259.00,262.00,259.00
264.00,149.00,306.00,149.00,306.00,255.00,264.00,255.00
266.00,154.00,307.00,154.00,307.00,260.00,266.00,260.00
268.00,154.00,309.00,154.00,309.00,256.00,268.00,256.00
269.00,154.00,312.00,154.00,312.00,258.00,269.00,258.00
270.00,152.00,313.00,152.00,313.00,258.00,270.00,258.00
272.00,149.00,317.00,149.00,317.00,253.00,272.00,253.00
272.00,149.00,320.00,149.00,320.00,257.00,272.00,257.00
275.00,143.00,322.00,143.00,322.00,249.00,275.00,249.00
276.00,141.00,325.00,141.00,325.00,242.00,276.00,242.00
275.00,140.00,325.00,140.00,325.00,238.00,275.00,238.00
273.00,140.00,326.00,140.00,326.00,240.00,273.00,240.00
272.00,140.00,327.00,140.00,327.00,240.00,272.00,240.00
270.00,144.00,323.00,144.00,323.00,245.00,270.00,245.00
269.00,145.00,323.00,145.00,323.00,248.00,269.00,248.00
271.00,144.00,322.00,144.00,322.00,248.00,271.00,248.00
273.00,144.00,320.00,144.00,320.00,254.00,273.00,254.00
274.00,142.00,320.00,142.00,320.00,252.00,274.00,252.00
274.00,141.00,320.00,141.00,320.00,251.00,274.00,251.00
275.00,140.00,320.00,140.00,320.00,249.00,275.00,249.00
275.00,142.00,319.00,142.00,319.00,249.00,275.00,249.00
275.00,140.00,318.00,140.00,318.00,246.00,275.00,246.00
276.00,142.00,319.00,142.00,319.00,246.00,276.00,246.00
277.00,143.00,319.00,143.00,319.00,246.00,277.00,246.00
277.00,148.00,319.00,148.00,319.00,254.00,277.00,254.00
277.00,152.00,318.00,152.00,318.00,258.00,277.00,258.00
279.00,154.00,318.00,154.00,318.00,260.00,279.00,260.00
279.00,156.00,319.00,156.00,319.00,262.00,279.00,262.00
280.00,157.00,319.00,157.00,319.00,260.00,280.00,260.00
278.00,157.00,317.00,157.00,317.00,259.00,278.00,259.00
276.00,158.00,315.00,158.00,315.00,260.00,276.00,260.00
277.00,157.00,316.00,157.00,316.00,260.00,277.00,260.00
276.00,158.00,315.00,158.00,315.00,261.00,276.00,261.00
277.00,156.00,317.00,156.00,317.00,258.00,277.00,258.00
277.00,154.00,316.00,154.00,316.00,258.00,277.00,258.00
277.00,154.00,318.00,154.00,318.00,260.00,277.00,260.00
277.00,160.00,319.00,160.00,319.00,263.00,277.00,263.00
277.00,158.00,319.00,158.00,319.00,259.00,277.00,259.00
278.00,159.00,321.00,159.00,321.00,261.00,278.00,261.00
279.00,160.00,322.00,160.00,322.00,262.00,279.00,262.00
279.00,164.00,323.00,164.00,323.00,267.00,279.00,267.00
281.00,164.00,323.00,164.00,323.00,265.00,281.00,265.00
281.00,164.00,323.00,164.00,323.00,265.00,281.00,265.00
280.00,164.00,321.00,164.00,321.00,267.00,280.00,267.00
279.00,164.00,320.00,164.00,320.00,267.00,279.00,267.00
278.00,166.00,319.00,166.00,319.00,267.00,278.00,267.00
276.00,168.00,317.00,168.00,317.00,272.00,276.00,272.00
276.00,168.00,317.00,168.00,317.00,272.00,276.00,272.00
275.00,167.00,315.00,167.00,315.00,272.00,275.00,272.00
274.00,166.00,315.00,166.00,315.00,274.00,274.00,274.00
273.00,165.00,315.00,165.00,315.00,274.00,273.00,274.00
272.00,165.00,314.00,165.00,314.00,273.00,272.00,273.00
272.00,166.00,314.00,166.00,314.00,273.00,272.00,273.00
273.00,167.00,314.00,167.00,314.00,275.00,273.00,275.00
273.00,168.00,312.00,168.00,312.00,276.00,273.00,276.00
273.00,170.00,311.00,170.00,311.00,278.00,273.00,278.00
273.00,173.00,310.00,173.00,310.00,278.00,273.00,278.00
272.00,172.00,309.00,172.00,309.00,279.00,272.00,279.00
270.00,170.00,308.00,170.00,308.00,278.00,270.00,278.00
270.00,168.00,307.00,168.00,307.00,277.00,270.00,277.00
268.00,167.00,305.00,167.00,305.00,275.00,268.00,275.00
267.00,172.00,305.00,172.00,305.00,282.00,267.00,282.00
265.00,170.00,302.00,170.00,302.00,278.00,265.00,278.00
262.00,170.00,300.00,170.00,300.00,282.00,262.00,282.00
261.00,168.00,297.00,168.00,297.00,280.00,261.00,280.00
258.00,169.00,294.00,169.00,294.00,277.00,258.00,277.00
255.00,169.00,292.00,169.00,292.00,279.00,255.00,279.00
252.00,171.00,290.00,171.00,290.00,284.00,252.00,284.00
251.00,172.00,289.00,172.00,289.00,283.00,251.00,283.00
249.00,174.00,285.00,174.00,285.00,285.00,249.00,285.00
247.00,178.00,284.00,178.00,284.00,288.00,247.00,288.00
244.00,182.00,282.00,182.00,282.00,293.00,244.00,293.00
242.00,187.00,282.00,187.00,282.00,295.00,242.00,295.00
239.00,187.00,281.00,187.00,281.00,297.00,239.00,297.00
236.00,187.00,279.00,187.00,279.00,298.00,236.00,298.00
234.00,187.00,277.00,187.00,277.00,300.00,234.00,300.00
232.00,187.00,274.00,187.00,274.00,301.00,232.00,301.00
230.00,184.00,272.00,184.00,272.00,298.00,230.00,298.00
227.00,187.00,270.00,187.00,270.00,302.00,227.00,302.00
224.00,185.00,268.00,185.00,268.00,304.00,224.00,304.00
220.00,184.00,265.00,184.00,265.00,307.00,220.00,307.00
219.00,180.00,263.00,180.00,263.00,309.00,219.00,309.00
216.00,177.00,261.00,177.00,261.00,305.00,216.00,305.00
214.00,175.00,260.00,175.00,260.00,305.00,214.00,305.00
211.00,171.00,258.00,171.00,258.00,306.00,211.00,306.00
209.00,168.00,256.00,168.00,256.00,302.00,209.00,302.00
207.00,168.00,254.00,168.00,254.00,307.00,207.00,307.00
206.00,169.00,253.00,169.00,253.00,305.00,206.00,305.00
204.00,175.00,251.00,175.00,251.00,309.00,204.00,309.00
202.00,174.00,252.00,174.00,252.00,305.00,202.00,305.00
201.00,176.00,251.00,176.00,251.00,306.00,201.00,306.00
199.00,178.00,249.00,178.00,249.00,305.00,199.00,305.00
197.00,177.00,248.00,177.00,248.00,304.00,197.00,304.00
195.00,175.00,247.00,175.00,247.00,303.00,195.00,303.00
192.00,175.00,245.00,175.00,245.00,303.00,192.00,303.00
191.00,175.00,243.00,175.00,243.00,302.00,191.00,302.00
187.00,175.00,240.00,175.00,240.00,304.00,187.00,304.00
185.00,177.00,239.00,177.00,239.00,307.00,185.00,307.00
184.00,174.00,238.00,174.00,238.00,308.00,184.00,308.00
184.00,174.00,237.00,174.00,237.00,306.00,184.00,306.00
183.00,172.00,235.00,172.00,235.00,305.00,183.00,305.00
185.00,169.00,235.00,169.00,235.00,302.00,185.00,302.00
184.00,168.00,234.00,168.00,234.00,301.00,184.00,301.00
183.00,169.00,234.00,169.00,234.00,300.00,183.00,300.00
183.00,167.00,234.00,167.00,234.00,300.00,183.00,300.00
183.00,169.00,234.00,169.00,234.00,303.00,183.00,303.00
183.00,169.00,233.00,169.00,233.00,303.00,183.00,303.00
182.00,170.00,232.00,170.00,232.00,307.00,182.00,307.00
182.00,172.00,232.00,172.00,232.00,305.00,182.00,305.00
183.00,173.00,231.00,173.00,231.00,306.00,183.00,306.00
179.00,176.00,230.00,176.00,230.00,310.00,179.00,310.00
178.00,177.00,232.00,177.00,232.00,312.00,178.00,312.00
179.00,173.00,233.00,173.00,233.00,308.00,179.00,308.00
179.00,174.00,232.00,174.00,232.00,305.00,179.00,305.00
176.00,176.00,231.00,176.00,231.00,303.00,176.00,303.00
173.00,176.00,232.00,176.00,232.00,303.00,173.00,303.00
173.00,177.00,233.00,177.00,233.00,302.00,173.00,302.00
175.00,175.00,235.00,175.00,235.00,300.00,175.00,300.00
173.00,174.00,233.00,174.00,233.00,305.00,173.00,305.00
174.00,179.00,233.00,179.00,233.00,313.00,174.00,313.00
175.00,175.00,233.00,175.00,233.00,310.00,175.00,310.00
176.00,174.00,234.00,174.00,234.00,310.00,176.00,310.00
177.00,174.00,235.00,174.00,235.00,312.00,177.00,312.00
178.00,175.00,233.00,175.00,233.00,311.00,178.00,311.00
178.00,173.00,234.00,173.00,234.00,311.00,178.00,311.00
177.00,170.00,233.00,170.00,233.00,312.00,177.00,312.00
177.00,170.00,234.00,170.00,234.00,309.00,177.00,309.00
176.00,172.00,233.00,172.00,233.00,311.00,176.00,311.00
176.00,174.00,233.00,174.00,233.00,315.00,176.00,315.00
175.00,177.00,232.00,177.00,232.00,316.00,175.00,316.00
173.00,176.00,230.00,176.00,230.00,314.00,173.00,314.00
173.00,174.00,229.00,174.00,229.00,313.00,173.00,313.00
171.00,178.00,226.00,178.00,226.00,316.00,171.00,316.00
169.00,179.00,223.00,179.00,223.00,317.00,169.00,317.00
166.00,184.00,220.00,184.00,220.00,319.00,166.00,319.00
164.00,187.00,218.00,187.00,218.00,321.00,164.00,321.00
161.00,193.00,215.00,193.00,215.00,324.00,161.00,324.00
157.00,197.00,211.00,197.00,211.00,327.00,157.00,327.00
154.00,199.00,208.00,199.00,208.00,330.00,154.00,330.00
153.00,199.00,205.00,199.00,205.00,331.00,153.00,331.00
150.00,201.00,202.00,201.00,202.00,334.00,150.00,334.00
148.00,202.00,199.00,202.00,199.00,334.00,148.00,334.00
146.00,202.00,197.00,202.00,197.00,334.00,146.00,334.00
144.00,204.00,193.00,204.00,193.00,336.00,144.00,336.00
142.00,205.00,190.00,205.00,190.00,333.00,142.00,333.00
139.00,208.00,189.00,208.00,189.00,335.00,139.00,335.00
138.00,206.00,186.00,206.00,186.00,334.00,138.00,334.00
135.00,209.00,184.00,209.00,184.00,335.00,135.00,335.00
134.00,209.00,183.00,209.00,183.00,335.00,134.00,335.00
132.00,210.00,181.00,210.00,181.00,336.00,132.00,336.00
129.00,214.00,180.00,214.00,180.00,340.00,129.00,340.00
127.00,214.00,179.00,214.00,179.00,339.00,127.00,339.00
126.00,211.00,179.00,211.00,179.00,340.00,126.00,340.00
122.00,213.00,177.00,213.00,177.00,342.00,122.00,342.00
120.00,209.00,175.00,209.00,175.00,339.00,120.00,339.00
118.00,208.00,174.00,208.00,174.00,338.00,118.00,338.00
118.00,204.00,175.00,204.00,175.00,337.00,118.00,337.00
117.00,206.00,173.00,206.00,173.00,338.00,117.00,338.00
117.00,205.00,174.00,205.00,174.00,340.00,117.00,340.00
115.00,203.00,172.00,203.00,172.00,339.00,115.00,339.00
115.00,202.00,173.00,202.00,173.00,339.00,115.00,339.00
117.00,200.00,172.00,200.00,172.00,335.00,117.00,335.00
117.00,201.00,173.00,201.00,173.00,336.00,117.00,336.00
118.00,200.00,173.00,200.00,173.00,335.00,118.00,335.00
119.00,200.00,174.00,200.00,174.00,336.00,119.00,336.00
118.00,202.00,175.00,202.00,175.00,339.00,118.00,339.00
121.00,198.00,176.00,198.00,176.00,335.00,121.00,335.00
121.00,202.00,177.00,202.00,177.00,339.00,121.00,339.00
122.00,201.00,179.00,201.00,179.00,337.00,122.00,337.00
123.00,202.00,180.00,202.00,180.00,341.00,123.00,341.00
125.00,201.00,182.00,201.00,182.00,339.00,125.00,339.00
126.00,203.00,183.00,203.00,183.00,343.00,126.00,343.00
127.00,201.00,183.00,201.00,183.00,341.00,127.00,341.00
129.00,199.00,184.00,199.00,184.00,339.00,129.00,339.00
130.00,201.00,185.00,201.00,185.00,343.00,130.00,343.00
131.00,200.00,186.00,200.00,186.00,341.00,131.00,341.00
132.00,201.00,187.00,201.00,187.00,342.00,132.00,342.00
133.00,204.00,187.00,204.00,187.00,342.00,133.00,342.00
133.00,204.00,188.00,204.00,188.00,341.00,133.00,341.00
133.00,203.00,188.00,203.00,188.00,340.00,133.00,340.00
133.00,207.00,187.00,207.00,187.00,342.00,133.00,342.00
133.00,205.00,186.00,205.00,186.00,338.00,133.00,338.00
133.00,207.00,187.00,207.00,187.00,340.00,133.00,340.00
133.00,211.00,186.00,211.00,186.00,341.00,133.00,341.00
134.00,213.00,186.00,213.00,186.00,342.00,134.00,342.00
133.00,216.00,184.00,216.00,184.00,341.00,133.00,341.00
132.00,215.00,183.00,215.00,183.00,340.00,132.00,340.00
131.00,213.00,181.00,213.00,181.00,339.00,131.00,339.00
129.00,214.00,179.00,214.00,179.00,341.00,129.00,341.00
128.00,213.00,180.00,213.00,180.00,340.00,128.00,340.00
129.00,211.00,177.00,211.00,177.00,337.00,129.00,337.00
128.00,213.00,177.00,213.00,177.00,340.00,128.00,340.00
129.00,214.00,177.00,214.00,177.00,340.00,129.00,340.00
128.00,214.00,176.00,214.00,176.00,340.00,128.00,340.00
129.00,213.00,177.00,213.00,177.00,340.00,129.00,340.00
129.00,214.00,177.00,214.00,177.00,339.00,129.00,339.00
130.00,212.00,177.00,212.00,177.00,339.00,130.00,339.00
129.00,211.00,178.00,211.00,178.00,337.00,129.00,337.00
130.00,212.00,178.00,212.00,178.00,339.00,130.00,339.00
131.00,212.00,179.00,212.00,179.00,339.00,131.00,339.00
131.00,210.00,179.00,210.00,179.00,338.00,131.00,338.00
131.00,214.00,180.00,214.00,180.00,340.00,131.00,340.00
132.00,211.00,180.00,211.00,180.00,338.00,132.00,338.00
132.00,213.00,181.00,213.00,181.00,340.00,132.00,340.00
133.00,211.00,181.00,211.00,181.00,340.00,133.00,340.00
134.00,210.00,183.00,210.00,183.00,339.00,134.00,339.00
134.00,213.00,185.00,213.00,185.00,344.00,134.00,344.00
135.00,211.00,185.00,211.00,185.00,342.00,135.00,342.00
135.00,214.00,187.00,214.00,187.00,346.00,135.00,346.00
136.00,212.00,186.00,212.00,186.00,341.00,136.00,341.00
137.00,212.00,187.00,212.00,187.00,341.00,137.00,341.00
137.00,211.00,188.00,211.00,188.00,341.00,137.00,341.00
138.00,213.00,188.00,213.00,188.00,342.00,138.00,342.00
139.00,214.00,189.00,214.00,189.00,342.00,139.00,342.00
139.00,215.00,189.00,215.00,189.00,342.00,139.00,342.00
140.00,218.00,190.00,218.00,190.00,344.00,140.00,344.00
139.00,219.00,191.00,219.00,191.00,345.00,139.00,345.00
140.00,223.00,191.00,223.00,191.00,349.00,140.00,349.00
139.00,221.00,192.00,221.00,192.00,348.00,139.00,348.00
141.00,218.00,193.00,218.00,193.00,346.00,141.00,346.00
140.00,221.00,193.00,221.00,193.00,349.00,140.00,349.00
140.00,220.00,193.00,220.00,193.00,348.00,140.00,348.00
140.00,222.00,193.00,222.00,193.00,349.00,140.00,349.00
141.00,223.00,193.00,223.00,193.00,348.00,141.00,348.00
141.00,223.00,193.00,223.00,193.00,350.00,141.00,350.00
141.00,225.00,193.00,225.00,193.00,353.00,141.00,353.00
140.00,225.00,193.00,225.00,193.00,346.00,140.00,346.00
141.00,226.00,193.00,226.00,193.00,348.00,141.00,348.00
141.00,226.00,194.00,226.00,194.00,347.00,141.00,347.00
143.00,231.00,195.00,231.00,195.00,352.00,143.00,352.00
142.00,230.00,195.00,230.00,195.00,351.00,142.00,351.00
143.00,230.00,197.00,230.00,197.00,352.00,143.00,352.00
143.00,225.00,197.00,225.00,197.00,346.00,143.00,346.00
144.00,223.00,196.00,223.00,196.00,343.00,144.00,343.00
145.00,224.00,196.00,224.00,196.00,343.00,145.00,343.00
143.00,222.00,195.00,222.00,195.00,342.00,143.00,342.00
143.00,222.00,196.00,222.00,196.00,341.00,143.00,341.00
143.00,221.00,195.00,221.00,195.00,340.00,143.00,340.00
146.00,220.00,197.00,220.00,197.00,341.00,146.00,341.00
145.00,220.00,198.00,220.00,198.00,339.00,145.00,339.00
146.00,219.00,197.00,219.00,197.00,338.00,146.00,338.00
147.00,219.00,198.00,219.00,198.00,338.00,147.00,338.00
148.00,221.00,200.00,221.00,200.00,341.00,148.00,341.00
148.00,220.00,201.00,220.00,201.00,341.00,148.00,341.00
149.00,220.00,202.00,220.00,202.00,343.00,149.00,343.00
148.00,219.00,203.00,219.00,203.00,345.00,148.00,345.00
149.00,217.00,204.00,217.00,204.00,345.00,149.00,345.00
150.00,219.00,204.00,219.00,204.00,346.00,150.00,346.00
151.00,219.00,205.00,219.00,205.00,346.00,151.00,346.00
151.00,218.00,206.00,218.00,206.00,345.00,151.00,345.00
152.00,215.00,207.00,215.00,207.00,346.00,152.00,346.00
151.00,219.00,208.00,219.00,208.00,347.00,151.00,347.00
152.00,218.00,207.00,218.00,207.00,348.00,152.00,348.00
153.00,216.00,209.00,216.00,209.00,347.00,153.00,347.00
154.00,215.00,208.00,215.00,208.00,347.00,154.00,347.00
154.00,214.00,209.00,214.00,209.00,348.00,154.00,348.00
154.00,213.00,209.00,213.00,209.00,349.00,154.00,349.00
154.00,214.00,208.00,214.00,208.00,350.00,154.00,350.00
154.00,216.00,210.00,216.00,210.00,350.00,154.00,350.00
156.00,215.00,210.00,215.00,210.00,348.00,156.00,348.00
156.00,214.00,212.00,214.00,212.00,349.00,156.00,349.00
159.00,217.00,213.00,217.00,213.00,350.00,159.00,350.00
158.00,219.00,214.00,219.00,214.00,350.00,158.00,350.00
161.00,221.00,215.00,221.00,215.00,350.00,161.00,350.00
163.00,221.00,216.00,221.00,216.00,350.00,163.00,350.00
165.00,222.00,217.00,222.00,217.00,350.00,165.00,350.00
166.00,222.00,219.00,222.00,219.00,349.00,166.00,349.00
170.00,223.00,221.00,223.00,221.00,349.00,170.00,349.00
170.00,222.00,222.00,222.00,222.00,349.00,170.00,349.00
172.00,222.00,225.00,222.00,225.00,349.00,172.00,349.00
174.00,219.00,226.00,219.00,226.00,347.00,174.00,347.00
177.00,219.00,228.00,219.00,228.00,348.00,177.00,348.00
178.00,216.00,229.00,216.00,229.00,346.00,178.00,346.00
181.00,215.00,230.00,215.00,230.00,346.00,181.00,346.00
183.00,213.00,233.00,213.00,233.00,344.00,183.00,344.00
187.00,217.00,235.00,217.00,235.00,346.00,187.00,346.00
188.00,215.00,236.00,215.00,236.00,345.00,188.00,345.00
190.00,215.00,238.00,215.00,238.00,343.00,190.00,343.00
192.00,213.00,239.00,213.00,239.00,341.00,192.00,341.00
192.00,214.00,241.00,214.00,241.00,342.00,192.00,342.00
193.00,215.00,243.00,215.00,243.00,344.00,193.00,344.00
196.00,215.00,244.00,215.00,244.00,342.00,196.00,342.00
197.00,216.00,248.00,216.00,248.00,343.00,197.00,343.00
198.00,212.00,250.00,212.00,250.00,343.00,198.00,343.00
199.00,212.00,252.00,212.00,252.00,341.00,199.00,341.00
202.00,213.00,256.00,213.00,256.00,342.00,202.00,342.00
203.00,215.00,259.00,215.00,259.00,343.00,203.00,343.00
206.00,215.00,263.00,215.00,263.00,341.00,206.00,341.00
208.00,215.00,265.00,215.00,265.00,341.00,208.00,341.00
211.00,218.00,269.00,218.00,269.00,340.00,211.00,340.00
215.00,220.00,272.00,220.00,272.00,343.00,215.00,343.00
220.00,220.00,278.00,220.00,278.00,343.00,220.00,343.00
224.00,221.00,282.00,221.00,282.00,344.00,224.00,344.00
227.00,223.00,288.00,223.00,288.00,348.00,227.00,348.00
233.00,222.00,295.00,222.00,295.00,347.00,233.00,347.00
238.00,223.00,300.00,223.00,300.00,348.00,238.00,348.00
244.00,222.00,304.00,222.00,304.00,346.00,244.00,346.00
249.00,223.00,310.00,223.00,310.00,347.00,249.00,347.00
257.00,220.00,316.00,220.00,316.00,342.00,257.00,342.00
263.00,223.00,321.00,223.00,321.00,342.00,263.00,342.00
270.00,202.00,326.00,202.00,326.00,332.00,270.00,332.00
274.00,200.00,327.00,200.00,327.00,331.00,274.00,331.00
277.00,206.00,332.00,206.00,332.00,336.00,277.00,336.00
282.00,198.00,336.00,198.00,336.00,328.00,282.00,328.00
286.00,191.00,336.00,191.00,336.00,315.00,286.00,315.00
300.00,209.00,350.00,209.00,350.00,336.00,300.00,336.00
291.00,193.00,342.00,193.00,342.00,317.00,291.00,317.00
312.00,209.00,364.00,209.00,364.00,335.00,312.00,335.00
308.00,205.00,360.00,205.00,360.00,325.00,308.00,325.00
298.00,200.00,354.00,200.00,354.00,318.00,298.00,318.00
302.00,199.00,357.00,199.00,357.00,319.00,302.00,319.00
2
0
0
0
0
1
393.00,228.00,441.00,228.00,441.00,311.00,393.00,311.00
401.00,232.00,448.00,232.00,448.00,314.00,401.00,314.00
407.00,233.00,453.00,233.00,453.00,313.00,407.00,313.00
411.00,232.00,458.00,232.00,458.00,315.00,411.00,315.00
415.00,234.00,460.00,234.00,460.00,318.00,415.00,318.00
420.00,231.00,462.00,231.00,462.00,315.00,420.00,315.00
422.00,227.00,465.00,227.00,465.00,309.00,422.00,309.00
417.00,224.00,466.00,224.00,466.00,311.00,417.00,311.00
420.00,220.00,464.00,220.00,464.00,303.00,420.00,303.00
419.00,212.00,464.00,212.00,464.00,301.00,419.00,301.00
418.00,208.00,461.00,208.00,461.00,297.00,418.00,297.00
416.00,204.00,459.00,204.00,459.00,292.00,416.00,292.00
415.00,205.00,457.00,205.00,457.00,291.00,415.00,291.00
411.00,203.00,453.00,203.00,453.00,291.00,411.00,291.00
408.00,200.00,449.00,200.00,449.00,290.00,408.00,290.00
406.00,202.00,446.00,202.00,446.00,291.00,406.00,291.00
402.00,198.00,443.00,198.00,443.00,288.00,402.00,288.00
399.00,196.00,439.00,196.00,439.00,287.00,399.00,287.00
396.00,192.00,437.00,192.00,437.00,285.00,396.00,285.00
392.00,189.00,433.00,189.00,433.00,280.00,392.00,280.00
389.00,187.00,429.00,187.00,429.00,277.00,389.00,277.00
385.00,183.00,426.00,183.00,426.00,272.00,385.00,272.00
381.00,183.00,422.00,183.00,422.00,270.00,381.00,270.00
377.00,183.00,418.00,183.00,418.00,271.00,377.00,271.00
374.00,183.00,415.00,183.00,415.00,270.00,374.00,270.00
370.00,184.00,413.00,184.00,413.00,271.00,370.00,271.00
367.00,186.00,410.00,186.00,410.00,272.00,367.00,272.00
366.00,185.00,408.00,185.00,408.00,273.00,366.00,273.00
364.00,185.00,406.00,185.00,406.00,273.00,364.00,273.00
364.00,183.00,406.00,183.00,406.00,271.00,364.00,271.00
362.00,182.00,404.00,182.00,404.00,269.00,362.00,269.00
361.00,184.00,402.00,184.00,402.00,270.00,361.00,270.00
360.00,183.00,401.00,183.00,401.00,268.00,360.00,268.00
360.00,182.00,401.00,182.00,401.00,269.00,360.00,269.00
359.00,179.00,400.00,179.00,400.00,268.00,359.00,268.00
358.00,181.00,398.00,181.00,398.00,271.00,358.00,271.00
356.00,178.00,396.00,178.00,396.00,265.00,356.00,265.00
354.00,177.00,394.00,177.00,394.00,267.00,354.00,267.00
353.00,176.00,392.00,176.00,392.00,265.00,353.00,265.00
352.00,174.00,391.00,174.00,391.00,264.00,352.00,264.00
352.00,174.00,390.00,174.00,390.00,266.00,352.00,266.00
349.00,179.00,387.00,179.00,387.00,269.00,349.00,269.00
349.00,177.00,388.00,177.00,388.00,268.00,349.00,268.00
348.00,181.00,387.00,181.00,387.00,269.00,348.00,269.00
349.00,176.00,388.00,176.00,388.00,265.00,349.00,265.00
349.00,176.00,388.00,176.00,388.00,265.00,349.00,265.00
348.00,181.00,388.00,181.00,388.00,267.00,348.00,267.00
347.00,183.00,388.00,183.00,388.00,268.00,347.00,268.00
346.00,185.00,387.00,185.00,387.00,269.00,346.00,269.00
345.00,186.00,385.00,186.00,385.00,270.00,345.00,270.00
343.00,185.00,384.00,185.00,384.00,270.00,343.00,270.00
342.00,184.00,383.00,184.00,383.00,271.00,342.00,271.00
340.00,185.00,382.00,185.00,382.00,272.00,340.00,272.00
339.00,185.00,381.00,185.00,381.00,272.00,339.00,272.00
338.00,185.00,379.00,185.00,379.00,273.00,338.00,273.00
337.00,183.00,379.00,183.00,379.00,270.00,337.00,270.00
336.00,185.00,377.00,185.00,377.00,272.00,336.00,272.00
335.00,186.00,376.00,186.00,376.00,274.00,335.00,274.00
334.00,187.00,376.00,187.00,376.00,275.00,334.00,275.00
336.00,184.00,377.00,184.00,377.00,272.00,336.00,272.00
338.00,183.00,379.00,183.00,379.00,270.00,338.00,270.00
335.00,187.00,377.00,187.00,377.00,274.00,335.00,274.00
334.00,188.00,376.00,188.00,376.00,275.00,334.00,275.00
332.00,190.00,374.00,190.00,374.00,276.00,332.00,276.00
331.00,189.00,372.00,189.00,372.00,274.00,331.00,274.00
329.00,192.00,370.00,192.00,370.00,276.00,329.00,276.00
327.00,188.00,369.00,188.00,369.00,275.00,327.00,275.00
325.00,187.00,367.00,187.00,367.00,276.00,325.00,276.00
324.00,189.00,365.00,189.00,365.00,279.00,324.00,279.00
323.00,185.00,366.00,185.00,366.00,278.00,323.00,278.00
321.00,183.00,365.00,183.00,365.00,280.00,321.00,280.00
320.00,181.00,364.00,181.00,364.00,278.00,320.00,278.00
319.00,184.00,361.00,184.00,361.00,280.00,319.00,280.00
318.00,186.00,359.00,186.00,359.00,281.00,318.00,281.00
317.00,183.00,359.00,183.00,359.00,278.00,317.00,278.00
317.00,182.00,360.00,182.00,360.00,277.00,317.00,277.00
316.00,184.00,359.00,184.00,359.00,277.00,316.00,277.00
314.00,183.00,360.00,183.00,360.00,274.00,314.00,274.00
314.00,184.00,360.00,184.00,360.00,276.00,314.00,276.00
312.00,183.00,359.00,183.00,359.00,275.00,312.00,275.00
312.00,184.00,359.00,184.00,359.00,276.00,312.00,276.00
309.00,182.00,357.00,182.00,357.00,274.00,309.00,274.00
307.00,183.00,355.00,183.00,355.00,275.00,307.00,275.00
306.00,179.00,354.00,179.00,354.00,270.00,306.00,270.00
303.00,182.00,351.00,182.00,351.00,270.00,303.00,270.00
300.00,182.00,350.00,182.00,350.00,272.00,300.00,272.00
298.00,180.00,347.00,180.00,347.00,271.00,298.00,271.00
299.00,179.00,347.00,179.00,347.00,273.00,299.00,273.00
297.00,181.00,345.00,181.00,345.00,275.00,297.00,275.00
296.00,180.00,344.00,180.00,344.00,275.00,296.00,275.00
296.00,175.00,344.00,175.00,344.00,274.00,296.00,274.00
297.00,171.00,344.00,171.00,344.00,270.00,297.00,270.00
297.00,174.00,344.00,174.00,344.00,270.00,297.00,270.00
298.00,171.00,345.00,171.00,345.00,269.00,298.00,269.00
297.00,170.00,345.00,170.00,345.00,268.00,297.00,268.00
296.00,171.00,345.00,171.00,345.00,269.00,296.00,269.00
297.00,172.00,346.00,172.00,346.00,267.00,297.00,267.00
296.00,172.00,345.00,172.00,345.00,266.00,296.00,266.00
296.00,176.00,346.00,176.00,346.00,269.00,296.00,269.00
297.00,176.00,346.00,176.00,346.00,266.00,297.00,266.00
297.00,176.00,347.00,176.00,347.00,264.00,297.00,264.00
295.00,178.00,347.00,178.00,347.00,266.00,295.00,266.00
294.00,176.00,345.00,176.00,345.00,263.00,294.00,263.00
293.00,178.00,344.00,178.00,344.00,264.00,293.00,264.00
293.00,178.00,345.00,178.00,345.00,263.00,293.00,263.00
292.00,177.00,343.00,177.00,343.00,262.00,292.00,262.00
293.00,174.00,343.00,174.00,343.00,259.00,293.00,259.00
292.00,169.00,341.00,169.00,341.00,258.00,292.00,258.00
294.00,169.00,343.00,169.00,343.00,257.00,294.00,257.00
294.00,166.00,342.00,166.00,342.00,254.00,294.00,254.00
294.00,168.00,341.00,168.00,341.00,254.00,294.00,254.00
295.00,167.00,341.00,167.00,341.00,253.00,295.00,253.00
296.00,168.00,342.00,168.00,342.00,255.00,296.00,255.00
297.00,170.00,342.00,170.00,342.00,258.00,297.00,258.00
297.00,173.00,341.00,173.00,341.00,261.00,297.00,261.00
300.00,173.00,343.00,173.00,343.00,262.00,300.00,262.00
301.00,174.00,344.00,174.00,344.00,264.00,301.00,264.00
303.00,173.00,346.00,173.00,346.00,265.00,303.00,265.00
305.00,168.00,349.00,168.00,349.00,261.00,305.00,261.00
306.00,165.00,351.00,165.00,351.00,259.00,306.00,259.00
308.00,165.00,354.00,165.00,354.00,257.00,308.00,257.00
310.00,162.00,356.00,162.00,356.00,252.00,310.00,252.00
312.00,164.00,358.00,164.00,358.00,255.00,312.00,255.00
313.00,164.00,359.00,164.00,359.00,254.00,313.00,254.00
316.00,164.00,362.00,164.00,362.00,254.00,316.00,254.00
319.00,167.00,366.00,167.00,366.00,255.00,319.00,255.00
322.00,168.00,369.00,168.00,369.00,255.00,322.00,255.00
324.00,168.00,370.00,168.00,370.00,255.00,324.00,255.00
327.00,166.00,372.00,166.00,372.00,253.00,327.00,253.00
328.00,165.00,375.00,165.00,375.00,252.00,328.00,252.00
329.00,165.00,377.00,165.00,377.00,253.00,329.00,253.00
330.00,164.00,378.00,164.00,378.00,252.00,330.00,252.00
332.00,164.00,380.00,164.00,380.00,252.00,332.00,252.00
333.00,159.00,382.00,159.00,382.00,247.00,333.00,247.00
334.00,163.00,382.00,163.00,382.00,252.00,334.00,252.00
333.00,158.00,382.00,158.00,382.00,249.00,333.00,249.00
333.00,158.00,381.00,158.00,381.00,249.00,333.00,249.00
333.00,155.00,379.00,155.00,379.00,244.00,333.00,244.00
334.00,154.00,377.00,154.00,377.00,241.00,334.00,241.00
333.00,150.00,378.00,150.00,378.00,239.00,333.00,239.00
330.00,144.00,377.00,144.00,377.00,236.00,330.00,236.00
329.00,136.00,376.00,136.00,376.00,228.00,329.00,228.00
330.00,140.00,376.00,140.00,376.00,232.00,330.00,232.00
329.00,135.00,374.00,135.00,374.00,226.00,329.00,226.00
333.00,148.00,377.00,148.00,377.00,234.00,333.00,234.00
332.00,144.00,375.00,144.00,375.00,230.00,332.00,230.00
331.00,144.00,374.00,144.00,374.00,229.00,331.00,229.00
331.00,145.00,373.00,145.00,373.00,231.00,331.00,231.00
330.00,143.00,372.00,143.00,372.00,231.00,330.00,231.00
330.00,150.00,370.00,150.00,370.00,236.00,330.00,236.00
331.00,155.00,370.00,155.00,370.00,241.00,331.00,241.00
330.00,166.00,369.00,166.00,369.00,251.00,330.00,251.00
330.00,168.00,369.00,168.00,369.00,253.00,330.00,253.00
328.00,181.00,370.00,181.00,370.00,264.00,328.00,264.00
328.00,177.00,370.00,177.00,370.00,262.00,328.00,262.00
330.00,168.00,371.00,168.00,371.00,251.00,330.00,251.00
331.00,170.00,370.00,170.00,370.00,250.00,331.00,250.00
333.00,169.00,372.00,169.00,372.00,248.00,333.00,248.00
333.00,169.00,372.00,169.00,372.00,247.00,333.00,247.00
333.00,167.00,373.00,167.00,373.00,244.00,333.00,244.00
333.00,169.00,374.00,169.00,374.00,245.00,333.00,245.00
334.00,171.00,375.00,171.00,375.00,247.00,334.00,247.00
334.00,173.00,375.00,173.00,375.00,247.00,334.00,247.00
333.00,176.00,374.00,176.00,374.00,253.00,333.00,253.00
333.00,177.00,373.00,177.00,373.00,256.00,333.00,256.00
327.00,180.00,379.00,180.00,379.00,270.00,327.00,270.00
333.00,181.00,374.00,181.00,374.00,264.00,333.00,264.00
334.00,184.00,375.00,184.00,375.00,267.00,334.00,267.00
334.00,186.00,376.00,186.00,376.00,271.00,334.00,271.00
335.00,187.00,377.00,187.00,377.00,272.00,335.00,272.00
337.00,187.00,378.00,187.00,378.00,269.00,337.00,269.00
338.00,185.00,376.00,185.00,376.00,268.00,338.00,268.00
338.00,183.00,377.00,183.00,377.00,268.00,338.00,268.00
339.00,187.00,380.00,187.00,380.00,277.00,339.00,277.00
342.00,191.00,385.00,191.00,385.00,278.00,342.00,278.00
341.00,193.00,388.00,193.00,388.00,283.00,341.00,283.00
342.00,198.00,391.00,198.00,391.00,290.00,342.00,290.00
341.00,200.00,389.00,200.00,389.00,293.00,341.00,293.00
358.00,221.00,403.00,221.00,403.00,307.00,358.00,307.00
2
0
0
0
0
1
336.00,219.00,379.00,219.00,379.00,309.00,336.00,309.00
336.00,221.00,379.00,221.00,379.00,311.00,336.00,311.00
336.00,221.00,379.00,221.00,379.00,312.00,336.00,312.00
337.00,221.00,379.00,221.00,379.00,313.00,337.00,313.00
337.00,220.00,379.00,220.00,379.00,315.00,337.00,315.00
339.00,218.00,379.00,218.00,379.00,313.00,339.00,313.00
339.00,217.00,379.00,217.00,379.00,312.00,339.00,312.00
340.00,216.00,379.00,216.00,379.00,310.00,340.00,310.00
343.00,214.00,381.00,214.00,381.00,304.00,343.00,304.00
342.00,214.00,380.00,214.00,380.00,309.00,342.00,309.00
341.00,213.00,381.00,213.00,381.00,305.00,341.00,305.00
342.00,214.00,381.00,214.00,381.00,303.00,342.00,303.00
343.00,213.00,382.00,213.00,382.00,302.00,343.00,302.00
343.00,213.00,381.00,213.00,381.00,301.00,343.00,301.00
344.00,212.00,382.00,212.00,382.00,301.00,344.00,301.00
343.00,213.00,382.00,213.00,382.00,300.00,343.00,300.00
344.00,211.00,383.00,211.00,383.00,299.00,344.00,299.00
344.00,209.00,382.00,209.00,382.00,299.00,344.00,299.00
345.00,208.00,381.00,208.00,381.00,300.00,345.00,300.00
345.00,207.00,380.00,207.00,380.00,303.00,345.00,303.00
345.00,206.00,382.00,206.00,382.00,301.00,345.00,301.00
344.00,206.00,381.00,206.00,381.00,304.00,344.00,304.00
343.00,205.00,379.00,205.00,379.00,307.00,343.00,307.00
343.00,205.00,379.00,205.00,379.00,304.00,343.00,304.00
342.00,207.00,378.00,207.00,378.00,307.00,342.00,307.00
341.00,207.00,378.00,207.00,378.00,304.00,341.00,304.00
340.00,207.00,378.00,207.00,378.00,299.00,340.00,299.00
340.00,208.00,378.00,208.00,378.00,301.00,340.00,301.00
339.00,206.00,378.00,206.00,378.00,298.00,339.00,298.00
339.00,208.00,378.00,208.00,378.00,298.00,339.00,298.00
338.00,208.00,378.00,208.00,378.00,300.00,338.00,300.00
339.00,208.00,376.00,208.00,376.00,299.00,339.00,299.00
338.00,208.00,377.00,208.00,377.00,299.00,338.00,299.00
337.00,208.00,376.00,208.00,376.00,300.00,337.00,300.00
336.00,207.00,376.00,207.00,376.00,300.00,336.00,300.00
336.00,205.00,375.00,205.00,375.00,299.00,336.00,299.00
336.00,206.00,374.00,206.00,374.00,300.00,336.00,300.00
335.00,205.00,373.00,205.00,373.00,301.00,335.00,301.00
335.00,205.00,373.00,205.00,373.00,301.00,335.00,301.00
334.00,202.00,373.00,202.00,373.00,300.00,334.00,300.00
335.00,201.00,375.00,201.00,375.00,302.00,335.00,302.00
335.00,205.00,375.00,205.00,375.00,302.00,335.00,302.00
337.00,210.00,375.00,210.00,375.00,304.00,337.00,304.00
337.00,212.00,373.00,212.00,373.00,305.00,337.00,305.00
337.00,212.00,373.00,212.00,373.00,303.00,337.00,303.00
336.00,211.00,372.00,211.00,372.00,303.00,336.00,303.00
335.00,210.00,369.00,210.00,369.00,301.00,335.00,301.00
336.00,206.00,369.00,206.00,369.00,297.00,336.00,297.00
334.00,205.00,368.00,205.00,368.00,297.00,334.00,297.00
331.00,205.00,366.00,205.00,366.00,303.00,331.00,303.00
327.00,203.00,364.00,203.00,364.00,301.00,327.00,301.00
324.00,203.00,362.00,203.00,362.00,301.00,324.00,301.00
321.00,202.00,359.00,202.00,359.00,295.00,321.00,295.00
318.00,197.00,357.00,197.00,357.00,298.00,318.00,298.00
322.00,185.00,361.00,185.00,361.00,286.00,322.00,286.00
311.00,187.00,354.00,187.00,354.00,276.00,311.00,276.00
