1
163.00,53.00,207.00,53.00,207.00,228.00,163.00,228.00
165.00,52.00,209.00,52.00,209.00,226.00,165.00,226.00
165.00,50.00,209.00,50.00,209.00,225.00,165.00,225.00
167.00,46.00,211.00,46.00,211.00,225.00,167.00,225.00
167.00,46.00,211.00,46.00,211.00,226.00,167.00,226.00
168.00,46.00,211.00,46.00,211.00,225.00,168.00,225.00
168.00,46.00,211.00,46.00,211.00,226.00,168.00,226.00
167.00,48.00,208.00,48.00,208.00,228.00,167.00,228.00
167.00,48.00,208.00,48.00,208.00,227.00,167.00,227.00
161.00,48.00,203.00,48.00,203.00,232.00,161.00,232.00
162.00,47.00,204.00,47.00,204.00,230.00,162.00,230.00
154.00,48.00,198.00,48.00,198.00,229.00,154.00,229.00
155.00,49.00,199.00,49.00,199.00,231.00,155.00,231.00
150.00,49.00,195.00,49.00,195.00,226.00,150.00,226.00
148.00,50.00,194.00,50.00,194.00,230.00,148.00,230.00
143.00,54.00,189.00,54.00,189.00,225.00,143.00,225.00
144.00,51.00,189.00,51.00,189.00,225.00,144.00,225.00
143.00,53.00,188.00,53.00,188.00,224.00,143.00,224.00
143.00,53.00,188.00,53.00,188.00,222.00,143.00,222.00
144.00,57.00,187.00,57.00,187.00,225.00,144.00,225.00
141.00,57.00,186.00,57.00,186.00,224.00,141.00,224.00
143.00,58.00,186.00,58.00,186.00,224.00,143.00,224.00
144.00,58.00,186.00,58.00,186.00,226.00,144.00,226.00
144.00,57.00,185.00,57.00,185.00,224.00,144.00,224.00
146.00,57.00,186.00,57.00,186.00,223.00,146.00,223.00
147.00,56.00,186.00,56.00,186.00,223.00,147.00,223.00
147.00,57.00,187.00,57.00,187.00,221.00,147.00,221.00
149.00,59.00,188.00,59.00,188.00,222.00,149.00,222.00
148.00,58.00,188.00,58.00,188.00,223.00,148.00,223.00
148.00,56.00,189.00,56.00,189.00,219.00,148.00,219.00
149.00,55.00,189.00,55.00,189.00,219.00,149.00,219.00
148.00,57.00,190.00,57.00,190.00,216.00,148.00,216.00
149.00,55.00,189.00,55.00,189.00,218.00,149.00,218.00
146.00,57.00,189.00,57.00,189.00,216.00,146.00,216.00
147.00,57.00,189.00,57.00,189.00,218.00,147.00,218.00
149.00,60.00,192.00,60.00,192.00,214.00,149.00,214.00
150.00,59.00,193.00,59.00,193.00,210.00,150.00,210.00
147.00,60.00,192.00,60.00,192.00,213.00,147.00,213.00
148.00,62.00,193.00,62.00,193.00,213.00,148.00,213.00
147.00,65.00,192.00,65.00,192.00,212.00,147.00,212.00
148.00,64.00,193.00,64.00,193.00,210.00,148.00,210.00
147.00,65.00,194.00,65.00,194.00,206.00,147.00,206.00
147.00,64.00,195.00,64.00,195.00,206.00,147.00,206.00
143.00,73.00,190.00,73.00,190.00,216.00,143.00,216.00
144.00,70.00,192.00,70.00,192.00,216.00,144.00,216.00
145.00,61.00,193.00,61.00,193.00,212.00,145.00,212.00
148.00,63.00,194.00,63.00,194.00,214.00,148.00,214.00
141.00,71.00,186.00,71.00,186.00,214.00,141.00,214.00
145.00,67.00,190.00,67.00,190.00,210.00,145.00,210.00
159.00,58.00,201.00,58.00,201.00,204.00,159.00,204.00
157.00,57.00,200.00,57.00,200.00,203.00,157.00,203.00
159.00,58.00,201.00,58.00,201.00,206.00,159.00,206.00
157.00,65.00,199.00,65.00,199.00,211.00,157.00,211.00
156.00,61.00,197.00,61.00,197.00,210.00,156.00,210.00
156.00,62.00,197.00,62.00,197.00,210.00,156.00,210.00
159.00,67.00,200.00,67.00,200.00,210.00,159.00,210.00
159.00,67.00,198.00,67.00,198.00,211.00,159.00,211.00
163.00,73.00,204.00,73.00,204.00,214.00,163.00,214.00
163.00,73.00,203.00,73.00,203.00,215.00,163.00,215.00
165.00,69.00,208.00,69.00,208.00,212.00,165.00,212.00
164.00,65.00,207.00,65.00,207.00,208.00,164.00,208.00
167.00,70.00,211.00,70.00,211.00,216.00,167.00,216.00
166.00,65.00,209.00,65.00,209.00,211.00,166.00,211.00
171.00,64.00,216.00,64.00,216.00,207.00,171.00,207.00
169.00,67.00,214.00,67.00,214.00,213.00,169.00,213.00
175.00,69.00,220.00,69.00,220.00,214.00,175.00,214.00
175.00,68.00,220.00,68.00,220.00,213.00,175.00,213.00
178.00,67.00,224.00,67.00,224.00,219.00,178.00,219.00
177.00,69.00,223.00,69.00,223.00,224.00,177.00,224.00
183.00,67.00,231.00,67.00,231.00,213.00,183.00,213.00
184.00,67.00,232.00,67.00,232.00,217.00,184.00,217.00
190.00,68.00,239.00,68.00,239.00,217.00,190.00,217.00
190.00,67.00,239.00,67.00,239.00,219.00,190.00,219.00
193.00,65.00,240.00,65.00,240.00,220.00,193.00,220.00
196.00,67.00,243.00,67.00,243.00,218.00,196.00,218.00
201.00,67.00,247.00,67.00,247.00,217.00,201.00,217.00
201.00,67.00,246.00,67.00,246.00,218.00,201.00,218.00
208.00,58.00,257.00,58.00,257.00,215.00,208.00,215.00
206.00,55.00,257.00,55.00,257.00,213.00,206.00,213.00
214.00,53.00,262.00,53.00,262.00,216.00,214.00,216.00
212.00,50.00,262.00,50.00,262.00,215.00,212.00,215.00
215.00,46.00,266.00,46.00,266.00,215.00,215.00,215.00
214.00,47.00,264.00,47.00,264.00,216.00,214.00,216.00
214.00,50.00,263.00,50.00,263.00,218.00,214.00,218.00
215.00,51.00,264.00,51.00,264.00,219.00,215.00,219.00
215.00,51.00,264.00,51.00,264.00,218.00,215.00,218.00
219.00,56.00,266.00,56.00,266.00,218.00,219.00,218.00
216.00,56.00,261.00,56.00,261.00,214.00,216.00,214.00
217.00,55.00,261.00,55.00,261.00,215.00,217.00,215.00
220.00,56.00,261.00,56.00,261.00,213.00,220.00,213.00
221.00,52.00,262.00,52.00,262.00,207.00,221.00,207.00
220.00,64.00,264.00,64.00,264.00,212.00,220.00,212.00
219.00,65.00,263.00,65.00,263.00,216.00,219.00,216.00
219.00,69.00,265.00,69.00,265.00,221.00,219.00,221.00
219.00,71.00,265.00,71.00,265.00,223.00,219.00,223.00
216.00,72.00,267.00,72.00,267.00,226.00,216.00,226.00
219.00,78.00,269.00,78.00,269.00,230.00,219.00,230.00
229.00,88.00,278.00,88.00,278.00,230.00,229.00,230.00
229.00,88.00,278.00,88.00,278.00,230.00,229.00,230.00
229.00,93.00,280.00,93.00,280.00,231.00,229.00,231.00
232.00,91.00,281.00,91.00,281.00,225.00,232.00,225.00
231.00,94.00,281.00,94.00,281.00,231.00,231.00,231.00
232.00,75.00,274.00,75.00,274.00,242.00,232.00,242.00
229.00,96.00,278.00,96.00,278.00,231.00,229.00,231.00
229.00,92.00,278.00,92.00,278.00,227.00,229.00,227.00
229.00,95.00,277.00,95.00,277.00,231.00,229.00,231.00
234.00,91.00,282.00,91.00,282.00,230.00,234.00,230.00
233.00,95.00,282.00,95.00,282.00,230.00,233.00,230.00
232.00,93.00,280.00,93.00,280.00,233.00,232.00,233.00
234.00,91.00,283.00,91.00,283.00,229.00,234.00,229.00
237.00,93.00,283.00,93.00,283.00,230.00,237.00,230.00
228.00,90.00,276.00,90.00,276.00,230.00,228.00,230.00
231.00,90.00,276.00,90.00,276.00,228.00,231.00,228.00
220.00,73.00,262.00,73.00,262.00,236.00,220.00,236.00
206.00,91.00,255.00,91.00,255.00,235.00,206.00,235.00
209.00,81.00,255.00,81.00,255.00,221.00,209.00,221.00
204.00,83.00,251.00,83.00,251.00,226.00,204.00,226.00
206.00,86.00,252.00,86.00,252.00,228.00,206.00,228.00
193.00,84.00,237.00,84.00,237.00,224.00,193.00,224.00
184.00,73.00,231.00,73.00,231.00,218.00,184.00,218.00
186.00,59.00,229.00,59.00,229.00,225.00,186.00,225.00
190.00,69.00,239.00,69.00,239.00,214.00,190.00,214.00
187.00,67.00,235.00,67.00,235.00,211.00,187.00,211.00
172.00,53.00,221.00,53.00,221.00,197.00,172.00,197.00
157.00,34.00,207.00,34.00,207.00,186.00,157.00,186.00
154.00,28.00,203.00,28.00,203.00,181.00,154.00,181.00
151.00,23.00,198.00,23.00,198.00,180.00,151.00,180.00
146.00,28.00,195.00,28.00,195.00,183.00,146.00,183.00
145.00,24.00,197.00,24.00,197.00,183.00,145.00,183.00
150.00,23.00,200.00,23.00,200.00,183.00,150.00,183.00
140.00,24.00,189.00,24.00,189.00,181.00,140.00,181.00
152.00,26.00,201.00,26.00,201.00,185.00,152.00,185.00
153.00,27.00,202.00,27.00,202.00,179.00,153.00,179.00
159.00,35.00,206.00,35.00,206.00,185.00,159.00,185.00
160.00,30.00,208.00,30.00,208.00,185.00,160.00,185.00
163.00,33.00,213.00,33.00,213.00,192.00,163.00,192.00
166.00,35.00,211.00,35.00,211.00,186.00,166.00,186.00
173.00,39.00,221.00,39.00,221.00,197.00,173.00,197.00
182.00,44.00,230.00,44.00,230.00,205.00,182.00,205.00
185.00,52.00,231.00,52.00,231.00,203.00,185.00,203.00
200.00,57.00,246.00,57.00,246.00,217.00,200.00,217.00
206.00,62.00,253.00,62.00,253.00,227.00,206.00,227.00
210.00,69.00,258.00,69.00,258.00,222.00,210.00,222.00
232.00,62.00,280.00,62.00,280.00,218.00,232.00,218.00
235.00,61.00,282.00,61.00,282.00,220.00,235.00,220.00
240.00,59.00,285.00,59.00,285.00,218.00,240.00,218.00
249.00,67.00,295.00,67.00,295.00,225.00,249.00,225.00
246.00,66.00,294.00,66.00,294.00,217.00,246.00,217.00
247.00,60.00,295.00,60.00,295.00,209.00,247.00,209.00
247.00,65.00,295.00,65.00,295.00,208.00,247.00,208.00
247.00,69.00,294.00,69.00,294.00,211.00,247.00,211.00
246.00,73.00,292.00,73.00,292.00,215.00,246.00,215.00
248.00,71.00,293.00,71.00,293.00,212.00,248.00,212.00
249.00,68.00,293.00,68.00,293.00,209.00,249.00,209.00
249.00,70.00,292.00,70.00,292.00,210.00,249.00,210.00
249.00,67.00,291.00,67.00,291.00,209.00,249.00,209.00
246.00,70.00,288.00,70.00,288.00,211.00,246.00,211.00
247.00,70.00,288.00,70.00,288.00,212.00,247.00,212.00
247.00,69.00,288.00,69.00,288.00,212.00,247.00,212.00
245.00,70.00,286.00,70.00,286.00,212.00,245.00,212.00
243.00,73.00,286.00,73.00,286.00,220.00,243.00,220.00
242.00,76.00,285.00,76.00,285.00,222.00,242.00,222.00
243.00,68.00,286.00,68.00,286.00,216.00,243.00,216.00
235.00,72.00,279.00,72.00,279.00,220.00,235.00,220.00
229.00,75.00,274.00,75.00,274.00,222.00,229.00,222.00
227.00,68.00,273.00,68.00,273.00,216.00,227.00,216.00
226.00,66.00,272.00,66.00,272.00,216.00,226.00,216.00
215.00,64.00,263.00,64.00,263.00,214.00,215.00,214.00
210.00,58.00,259.00,58.00,259.00,214.00,210.00,214.00
205.00,61.00,255.00,61.00,255.00,219.00,205.00,219.00
197.00,52.00,248.00,52.00,248.00,218.00,197.00,218.00
187.00,49.00,237.00,49.00,237.00,217.00,187.00,217.00
186.00,47.00,237.00,47.00,237.00,215.00,186.00,215.00
183.00,49.00,233.00,49.00,233.00,216.00,183.00,216.00
178.00,51.00,227.00,51.00,227.00,219.00,178.00,219.00
178.00,58.00,228.00,58.00,228.00,224.00,178.00,224.00
179.00,58.00,230.00,58.00,230.00,222.00,179.00,222.00
179.00,68.00,231.00,68.00,231.00,229.00,179.00,229.00
177.00,70.00,230.00,70.00,230.00,228.00,177.00,228.00
179.00,75.00,231.00,75.00,231.00,234.00,179.00,234.00
187.00,76.00,238.00,76.00,238.00,234.00,187.00,234.00
186.00,71.00,238.00,71.00,238.00,231.00,186.00,231.00
180.00,68.00,233.00,68.00,233.00,228.00,180.00,228.00
185.00,72.00,237.00,72.00,237.00,238.00,185.00,238.00
189.00,77.00,239.00,77.00,239.00,239.00,189.00,239.00
189.00,82.00,240.00,82.00,240.00,238.00,189.00,238.00
182.00,89.00,233.00,89.00,233.00,234.00,182.00,234.00
193.00,90.00,245.00,90.00,245.00,233.00,193.00,233.00
204.00,80.00,253.00,80.00,253.00,229.00,204.00,229.00
219.00,76.00,264.00,76.00,264.00,219.00,219.00,219.00
186.00,82.00,231.00,82.00,231.00,227.00,186.00,227.00
188.00,87.00,232.00,87.00,232.00,228.00,188.00,228.00
197.00,81.00,241.00,81.00,241.00,229.00,197.00,229.00
233.00,69.00,276.00,69.00,276.00,218.00,233.00,218.00
238.00,65.00,278.00,65.00,278.00,213.00,238.00,213.00
238.00,61.00,277.00,61.00,277.00,207.00,238.00,207.00
239.00,58.00,276.00,58.00,276.00,204.00,239.00,204.00
238.00,66.00,276.00,66.00,276.00,210.00,238.00,210.00
236.00,66.00,275.00,66.00,275.00,210.00,236.00,210.00
235.00,70.00,273.00,70.00,273.00,211.00,235.00,211.00
230.00,71.00,270.00,71.00,270.00,216.00,230.00,216.00
224.00,82.00,265.00,82.00,265.00,231.00,224.00,231.00
227.00,84.00,267.00,84.00,267.00,229.00,227.00,229.00
227.00,89.00,267.00,89.00,267.00,229.00,227.00,229.00
242.00,89.00,282.00,89.00,282.00,233.00,242.00,233.00
242.00,86.00,281.00,86.00,281.00,231.00,242.00,231.00
245.00,82.00,285.00,82.00,285.00,226.00,245.00,226.00
251.00,70.00,292.00,70.00,292.00,217.00,251.00,217.00
264.00,89.00,302.00,89.00,302.00,231.00,264.00,231.00
262.00,90.00,300.00,90.00,300.00,232.00,262.00,232.00
260.00,89.00,299.00,89.00,299.00,230.00,260.00,230.00
260.00,79.00,301.00,79.00,301.00,221.00,260.00,221.00
264.00,66.00,303.00,66.00,303.00,209.00,264.00,209.00
262.00,64.00,301.00,64.00,301.00,211.00,262.00,211.00
257.00,64.00,298.00,64.00,298.00,211.00,257.00,211.00
256.00,63.00,297.00,63.00,297.00,210.00,256.00,210.00
251.00,56.00,293.00,56.00,293.00,204.00,251.00,204.00
246.00,63.00,290.00,63.00,290.00,215.00,246.00,215.00
241.00,59.00,287.00,59.00,287.00,213.00,241.00,213.00
235.00,55.00,281.00,55.00,281.00,212.00,235.00,212.00
232.00,52.00,278.00,52.00,278.00,208.00,232.00,208.00
228.00,51.00,273.00,51.00,273.00,207.00,228.00,207.00
226.00,52.00,273.00,52.00,273.00,213.00,226.00,213.00
225.00,50.00,271.00,50.00,271.00,205.00,225.00,205.00
223.00,50.00,268.00,50.00,268.00,206.00,223.00,206.00
222.00,51.00,265.00,51.00,265.00,200.00,222.00,200.00
223.00,52.00,266.00,52.00,266.00,200.00,223.00,200.00
221.00,55.00,265.00,55.00,265.00,206.00,221.00,206.00
220.00,58.00,265.00,58.00,265.00,208.00,220.00,208.00
223.00,58.00,267.00,58.00,267.00,207.00,223.00,207.00
224.00,60.00,268.00,60.00,268.00,206.00,224.00,206.00
225.00,58.00,269.00,58.00,269.00,201.00,225.00,201.00
224.00,60.00,269.00,60.00,269.00,207.00,224.00,207.00
223.00,62.00,270.00,62.00,270.00,209.00,223.00,209.00
223.00,64.00,269.00,64.00,269.00,210.00,223.00,210.00
221.00,65.00,266.00,65.00,266.00,211.00,221.00,211.00
218.00,66.00,263.00,66.00,263.00,210.00,218.00,210.00
219.00,70.00,263.00,70.00,263.00,213.00,219.00,213.00
221.00,68.00,264.00,68.00,264.00,209.00,221.00,209.00
220.00,66.00,263.00,66.00,263.00,204.00,220.00,204.00
219.00,72.00,262.00,72.00,262.00,211.00,219.00,211.00
231.00,79.00,277.00,79.00,277.00,221.00,231.00,221.00
232.00,80.00,277.00,80.00,277.00,224.00,232.00,224.00
216.00,75.00,259.00,75.00,259.00,214.00,216.00,214.00
213.00,75.00,257.00,75.00,257.00,219.00,213.00,219.00
205.00,82.00,249.00,82.00,249.00,220.00,205.00,220.00
205.00,89.00,248.00,89.00,248.00,232.00,205.00,232.00
206.00,85.00,252.00,85.00,252.00,237.00,206.00,237.00
200.00,73.00,242.00,73.00,242.00,223.00,200.00,223.00
197.00,65.00,238.00,65.00,238.00,218.00,197.00,218.00
195.00,63.00,236.00,63.00,236.00,211.00,195.00,211.00
196.00,68.00,238.00,68.00,238.00,223.00,196.00,223.00
197.00,68.00,239.00,68.00,239.00,221.00,197.00,221.00
196.00,64.00,237.00,64.00,237.00,221.00,196.00,221.00
198.00,65.00,239.00,65.00,239.00,215.00,198.00,215.00
208.00,85.00,252.00,85.00,252.00,236.00,208.00,236.00
215.00,82.00,259.00,82.00,259.00,245.00,215.00,245.00
197.00,69.00,237.00,69.00,237.00,212.00,197.00,212.00
194.00,59.00,236.00,59.00,236.00,198.00,194.00,198.00
195.00,61.00,236.00,61.00,236.00,199.00,195.00,199.00
197.00,60.00,237.00,60.00,237.00,202.00,197.00,202.00
197.00,64.00,241.00,64.00,241.00,202.00,197.00,202.00
197.00,61.00,240.00,61.00,240.00,200.00,197.00,200.00
197.00,60.00,238.00,60.00,238.00,196.00,197.00,196.00
196.00,57.00,238.00,57.00,238.00,189.00,196.00,189.00
194.00,63.00,239.00,63.00,239.00,199.00,194.00,199.00
194.00,61.00,238.00,61.00,238.00,193.00,194.00,193.00
186.00,57.00,232.00,57.00,232.00,180.00,186.00,180.00
195.00,55.00,237.00,55.00,237.00,183.00,195.00,183.00
194.00,56.00,237.00,56.00,237.00,186.00,194.00,186.00
193.00,56.00,235.00,56.00,235.00,181.00,193.00,181.00
191.00,59.00,233.00,59.00,233.00,190.00,191.00,190.00
201.00,68.00,244.00,68.00,244.00,206.00,201.00,206.00
187.00,55.00,231.00,55.00,231.00,191.00,187.00,191.00
188.00,62.00,231.00,62.00,231.00,196.00,188.00,196.00
211.00,88.00,255.00,88.00,255.00,243.00,211.00,243.00
216.00,90.00,259.00,90.00,259.00,245.00,216.00,245.00
215.00,91.00,259.00,91.00,259.00,242.00,215.00,242.00
197.00,83.00,242.00,83.00,242.00,225.00,197.00,225.00
192.00,80.00,237.00,80.00,237.00,218.00,192.00,218.00
193.00,82.00,239.00,82.00,239.00,223.00,193.00,223.00
195.00,91.00,240.00,91.00,240.00,234.00,195.00,234.00
190.00,84.00,236.00,84.00,236.00,217.00,190.00,217.00
190.00,88.00,236.00,88.00,236.00,224.00,190.00,224.00
191.00,87.00,236.00,87.00,236.00,214.00,191.00,214.00
188.00,79.00,232.00,79.00,232.00,209.00,188.00,209.00
191.00,79.00,237.00,79.00,237.00,210.00,191.00,210.00
190.00,78.00,233.00,78.00,233.00,225.00,190.00,225.00
192.00,72.00,236.00,72.00,236.00,218.00,192.00,218.00
191.00,66.00,235.00,66.00,235.00,212.00,191.00,212.00
192.00,78.00,238.00,78.00,238.00,229.00,192.00,229.00
197.00,87.00,243.00,87.00,243.00,233.00,197.00,233.00
195.00,81.00,240.00,81.00,240.00,230.00,195.00,230.00
198.00,79.00,243.00,79.00,243.00,227.00,198.00,227.00
202.00,74.00,245.00,74.00,245.00,222.00,202.00,222.00
207.00,69.00,249.00,69.00,249.00,215.00,207.00,215.00
208.00,70.00,250.00,70.00,250.00,219.00,208.00,219.00
209.00,68.00,251.00,68.00,251.00,218.00,209.00,218.00
211.00,69.00,254.00,69.00,254.00,214.00,211.00,214.00
207.00,70.00,251.00,70.00,251.00,216.00,207.00,216.00
213.00,66.00,255.00,66.00,255.00,210.00,213.00,210.00
218.00,61.00,257.00,61.00,257.00,200.00,218.00,200.00
216.00,63.00,258.00,63.00,258.00,213.00,216.00,213.00
215.00,66.00,256.00,66.00,256.00,221.00,215.00,221.00
218.00,59.00,257.00,59.00,257.00,200.00,218.00,200.00
219.00,56.00,259.00,56.00,259.00,195.00,219.00,195.00
219.00,57.00,260.00,57.00,260.00,195.00,219.00,195.00
221.00,59.00,261.00,59.00,261.00,195.00,221.00,195.00
221.00,56.00,261.00,56.00,261.00,194.00,221.00,194.00
223.00,50.00,262.00,50.00,262.00,189.00,223.00,189.00
224.00,51.00,262.00,51.00,262.00,190.00,224.00,190.00
226.00,51.00,265.00,51.00,265.00,187.00,226.00,187.00
226.00,52.00,265.00,52.00,265.00,189.00,226.00,189.00
227.00,61.00,267.00,61.00,267.00,206.00,227.00,206.00
226.00,58.00,265.00,58.00,265.00,201.00,226.00,201.00
223.00,60.00,264.00,60.00,264.00,205.00,223.00,205.00
226.00,63.00,267.00,63.00,267.00,205.00,226.00,205.00
227.00,63.00,268.00,63.00,268.00,198.00,227.00,198.00
226.00,61.00,266.00,61.00,266.00,189.00,226.00,189.00
224.00,60.00,263.00,60.00,263.00,188.00,224.00,188.00
222.00,61.00,262.00,61.00,262.00,193.00,222.00,193.00
221.00,60.00,262.00,60.00,262.00,195.00,221.00,195.00
221.00,64.00,263.00,64.00,263.00,198.00,221.00,198.00
219.00,65.00,261.00,65.00,261.00,201.00,219.00,201.00
215.00,65.00,258.00,65.00,258.00,200.00,215.00,200.00
217.00,64.00,260.00,64.00,260.00,200.00,217.00,200.00
220.00,69.00,264.00,69.00,264.00,205.00,220.00,205.00
216.00,74.00,260.00,74.00,260.00,214.00,216.00,214.00
206.00,93.00,249.00,93.00,249.00,227.00,206.00,227.00
205.00,102.00,247.00,102.00,247.00,232.00,205.00,232.00
204.00,102.00,247.00,102.00,247.00,232.00,204.00,232.00
203.00,92.00,248.00,92.00,248.00,228.00,203.00,228.00
205.00,92.00,250.00,92.00,250.00,231.00,205.00,231.00
207.00,96.00,252.00,96.00,252.00,232.00,207.00,232.00
207.00,93.00,252.00,93.00,252.00,232.00,207.00,232.00
209.00,96.00,252.00,96.00,252.00,233.00,209.00,233.00
213.00,101.00,257.00,101.00,257.00,234.00,213.00,234.00
210.00,101.00,249.00,101.00,249.00,245.00,210.00,245.00
213.00,100.00,256.00,100.00,256.00,236.00,213.00,236.00
217.00,99.00,259.00,99.00,259.00,234.00,217.00,234.00
219.00,104.00,262.00,104.00,262.00,239.00,219.00,239.00
231.00,98.00,276.00,98.00,276.00,233.00,231.00,233.00
231.00,102.00,276.00,102.00,276.00,236.00,231.00,236.00
235.00,101.00,276.00,101.00,276.00,249.00,235.00,249.00
234.00,102.00,281.00,102.00,281.00,239.00,234.00,239.00
232.00,111.00,278.00,111.00,278.00,245.00,232.00,245.00
238.00,102.00,284.00,102.00,284.00,241.00,238.00,241.00
242.00,94.00,287.00,94.00,287.00,233.00,242.00,233.00
252.00,84.00,298.00,84.00,298.00,219.00,252.00,219.00
252.00,84.00,297.00,84.00,297.00,221.00,252.00,221.00
252.00,85.00,296.00,85.00,296.00,224.00,252.00,224.00
250.00,86.00,295.00,86.00,295.00,230.00,250.00,230.00
246.00,89.00,292.00,89.00,292.00,232.00,246.00,232.00
251.00,82.00,299.00,82.00,299.00,234.00,251.00,234.00
255.00,84.00,302.00,84.00,302.00,231.00,255.00,231.00
254.00,89.00,302.00,89.00,302.00,233.00,254.00,233.00
263.00,81.00,312.00,81.00,312.00,229.00,263.00,229.00
266.00,73.00,316.00,73.00,316.00,227.00,266.00,227.00
260.00,77.00,309.00,77.00,309.00,227.00,260.00,227.00
268.00,68.00,315.00,68.00,315.00,223.00,268.00,223.00
269.00,69.00,317.00,69.00,317.00,230.00,269.00,230.00
269.00,63.00,316.00,63.00,316.00,226.00,269.00,226.00
265.00,57.00,314.00,57.00,314.00,226.00,265.00,226.00
258.00,64.00,307.00,64.00,307.00,232.00,258.00,232.00
252.00,65.00,303.00,65.00,303.00,235.00,252.00,235.00
247.00,58.00,299.00,58.00,299.00,237.00,247.00,237.00
248.00,55.00,300.00,55.00,300.00,235.00,248.00,235.00
243.00,53.00,294.00,53.00,294.00,238.00,243.00,238.00
242.00,49.00,293.00,49.00,293.00,231.00,242.00,231.00
234.00,47.00,290.00,47.00,290.00,232.00,234.00,232.00
230.00,36.00,288.00,36.00,288.00,221.00,230.00,221.00
226.00,32.00,287.00,32.00,287.00,213.00,226.00,213.00
217.00,39.00,276.00,39.00,276.00,221.00,217.00,221.00
210.00,45.00,269.00,45.00,269.00,226.00,210.00,226.00
208.00,37.00,269.00,37.00,269.00,223.00,208.00,223.00
205.00,40.00,267.00,40.00,267.00,225.00,205.00,225.00
199.00,39.00,262.00,39.00,262.00,227.00,199.00,227.00
195.00,38.00,257.00,38.00,257.00,236.00,195.00,236.00
188.00,40.00,248.00,40.00,248.00,235.00,188.00,235.00
183.00,48.00,243.00,48.00,243.00,236.00,183.00,236.00
181.00,41.00,240.00,41.00,240.00,234.00,181.00,234.00
183.00,45.00,241.00,45.00,241.00,234.00,183.00,234.00
178.00,48.00,235.00,48.00,235.00,232.00,178.00,232.00
177.00,48.00,235.00,48.00,235.00,234.00,177.00,234.00
173.00,40.00,233.00,40.00,233.00,224.00,173.00,224.00
175.00,43.00,232.00,43.00,232.00,230.00,175.00,230.00
172.00,47.00,229.00,47.00,229.00,231.00,172.00,231.00
172.00,46.00,228.00,46.00,228.00,224.00,172.00,224.00
175.00,46.00,229.00,46.00,229.00,224.00,175.00,224.00
165.00,47.00,223.00,47.00,223.00,221.00,165.00,221.00
169.00,46.00,225.00,46.00,225.00,222.00,169.00,222.00
170.00,45.00,228.00,45.00,228.00,225.00,170.00,225.00
171.00,46.00,226.00,46.00,226.00,230.00,171.00,230.00
164.00,52.00,222.00,52.00,222.00,234.00,164.00,234.00
169.00,46.00,224.00,46.00,224.00,234.00,169.00,234.00
172.00,43.00,226.00,43.00,226.00,234.00,172.00,234.00
173.00,44.00,227.00,44.00,227.00,223.00,173.00,223.00
169.00,47.00,224.00,47.00,224.00,231.00,169.00,231.00
166.00,48.00,223.00,48.00,223.00,231.00,166.00,231.00
166.00,47.00,223.00,47.00,223.00,230.00,166.00,230.00
169.00,52.00,224.00,52.00,224.00,236.00,169.00,236.00
169.00,52.00,225.00,52.00,225.00,243.00,169.00,243.00
171.00,50.00,225.00,50.00,225.00,235.00,171.00,235.00
168.00,48.00,222.00,48.00,222.00,230.00,168.00,230.00
171.00,49.00,223.00,49.00,223.00,233.00,171.00,233.00
167.00,49.00,221.00,49.00,221.00,230.00,167.00,230.00
169.00,46.00,222.00,46.00,222.00,228.00,169.00,228.00
169.00,50.00,222.00,50.00,222.00,236.00,169.00,236.00
172.00,51.00,225.00,51.00,225.00,238.00,172.00,238.00
169.00,49.00,222.00,49.00,222.00,234.00,169.00,234.00
169.00,53.00,222.00,53.00,222.00,241.00,169.00,241.00
168.00,46.00,222.00,46.00,222.00,235.00,168.00,235.00
165.00,50.00,218.00,50.00,218.00,240.00,165.00,240.00
170.00,44.00,223.00,44.00,223.00,238.00,170.00,238.00
168.00,52.00,223.00,52.00,223.00,239.00,168.00,239.00
164.00,58.00,221.00,58.00,221.00,239.00,164.00,239.00
163.00,54.00,218.00,54.00,218.00,232.00,163.00,232.00
166.00,67.00,220.00,67.00,220.00,239.00,166.00,239.00
166.00,73.00,220.00,73.00,220.00,241.00,166.00,241.00
165.00,80.00,219.00,80.00,219.00,240.00,165.00,240.00
165.00,86.00,220.00,86.00,220.00,240.00,165.00,240.00
164.00,83.00,221.00,83.00,221.00,238.00,164.00,238.00
165.00,90.00,222.00,90.00,222.00,236.00,165.00,236.00
162.00,87.00,222.00,87.00,222.00,238.00,162.00,238.00
153.00,94.00,214.00,94.00,214.00,243.00,153.00,243.00
149.00,93.00,209.00,93.00,209.00,241.00,149.00,241.00
149.00,90.00,206.00,90.00,206.00,234.00,149.00,234.00
143.00,95.00,201.00,95.00,201.00,238.00,143.00,238.00
158.00,92.00,213.00,92.00,213.00,236.00,158.00,236.00
163.00,91.00,219.00,91.00,219.00,238.00,163.00,238.00
162.00,87.00,218.00,87.00,218.00,234.00,162.00,234.00
166.00,86.00,220.00,86.00,220.00,234.00,166.00,234.00
168.00,85.00,221.00,85.00,221.00,236.00,168.00,236.00
166.00,87.00,221.00,87.00,221.00,238.00,166.00,238.00
171.00,84.00,223.00,84.00,223.00,235.00,171.00,235.00
174.00,83.00,223.00,83.00,223.00,242.00,174.00,242.00
177.00,81.00,224.00,81.00,224.00,248.00,177.00,248.00
176.00,75.00,229.00,75.00,229.00,242.00,176.00,242.00
185.00,75.00,239.00,75.00,239.00,237.00,185.00,237.00
188.00,74.00,241.00,74.00,241.00,235.00,188.00,235.00
193.00,77.00,245.00,77.00,245.00,236.00,193.00,236.00
195.00,78.00,248.00,78.00,248.00,234.00,195.00,234.00
194.00,78.00,249.00,78.00,249.00,234.00,194.00,234.00
195.00,77.00,250.00,77.00,250.00,226.00,195.00,226.00
195.00,78.00,252.00,78.00,252.00,225.00,195.00,225.00
192.00,80.00,250.00,80.00,250.00,225.00,192.00,225.00
188.00,82.00,247.00,82.00,247.00,228.00,188.00,228.00
188.00,84.00,246.00,84.00,246.00,231.00,188.00,231.00
191.00,84.00,248.00,84.00,248.00,228.00,191.00,228.00
204.00,86.00,257.00,86.00,257.00,225.00,204.00,225.00
207.00,92.00,258.00,92.00,258.00,228.00,207.00,228.00
208.00,96.00,258.00,96.00,258.00,235.00,208.00,235.00
217.00,91.00,265.00,91.00,265.00,228.00,217.00,228.00
213.00,89.00,265.00,89.00,265.00,232.00,213.00,232.00
216.00,92.00,267.00,92.00,267.00,232.00,216.00,232.00
220.00,90.00,271.00,90.00,271.00,229.00,220.00,229.00
224.00,89.00,274.00,89.00,274.00,226.00,224.00,226.00
222.00,90.00,273.00,90.00,273.00,227.00,222.00,227.00
228.00,84.00,277.00,84.00,277.00,222.00,228.00,222.00
227.00,80.00,277.00,80.00,277.00,221.00,227.00,221.00
232.00,82.00,280.00,82.00,280.00,226.00,232.00,226.00
233.00,77.00,279.00,77.00,279.00,221.00,233.00,221.00
232.00,68.00,280.00,68.00,280.00,218.00,232.00,218.00
233.00,70.00,279.00,70.00,279.00,221.00,233.00,221.00
232.00,71.00,278.00,71.00,278.00,219.00,232.00,219.00
227.00,67.00,273.00,67.00,273.00,213.00,227.00,213.00
225.00,69.00,272.00,69.00,272.00,216.00,225.00,216.00
222.00,71.00,268.00,71.00,268.00,217.00,222.00,217.00
220.00,73.00,267.00,73.00,267.00,218.00,220.00,218.00
215.00,73.00,262.00,73.00,262.00,215.00,215.00,215.00
210.00,75.00,257.00,75.00,257.00,217.00,210.00,217.00
205.00,78.00,255.00,78.00,255.00,219.00,205.00,219.00
201.00,82.00,250.00,82.00,250.00,219.00,201.00,219.00
199.00,88.00,247.00,88.00,247.00,222.00,199.00,222.00
194.00,90.00,242.00,90.00,242.00,221.00,194.00,221.00
192.00,87.00,239.00,87.00,239.00,219.00,192.00,219.00
194.00,96.00,240.00,96.00,240.00,224.00,194.00,224.00
191.00,99.00,234.00,99.00,234.00,227.00,191.00,227.00
188.00,102.00,232.00,102.00,232.00,223.00,188.00,223.00
186.00,96.00,231.00,96.00,231.00,221.00,186.00,221.00
186.00,95.00,232.00,95.00,232.00,221.00,186.00,221.00
187.00,98.00,234.00,98.00,234.00,225.00,187.00,225.00
186.00,100.00,233.00,100.00,233.00,225.00,186.00,225.00
184.00,98.00,232.00,98.00,232.00,223.00,184.00,223.00
182.00,99.00,229.00,99.00,229.00,222.00,182.00,222.00
182.00,96.00,229.00,96.00,229.00,216.00,182.00,216.00
183.00,101.00,228.00,101.00,228.00,218.00,183.00,218.00
187.00,100.00,230.00,100.00,230.00,219.00,187.00,219.00
181.00,101.00,224.00,101.00,224.00,214.00,181.00,214.00
185.00,94.00,228.00,94.00,228.00,209.00,185.00,209.00
189.00,101.00,232.00,101.00,232.00,218.00,189.00,218.00
184.00,104.00,225.00,104.00,225.00,216.00,184.00,216.00
179.00,103.00,220.00,103.00,220.00,216.00,179.00,216.00
180.00,107.00,224.00,107.00,224.00,220.00,180.00,220.00
183.00,103.00,227.00,103.00,227.00,220.00,183.00,220.00
183.00,103.00,226.00,103.00,226.00,218.00,183.00,218.00
179.00,100.00,222.00,100.00,222.00,213.00,179.00,213.00
193.00,103.00,239.00,103.00,239.00,221.00,193.00,221.00
195.00,102.00,243.00,102.00,243.00,222.00,195.00,222.00
196.00,99.00,244.00,99.00,244.00,222.00,196.00,222.00
199.00,105.00,246.00,105.00,246.00,227.00,199.00,227.00
199.00,106.00,243.00,106.00,243.00,229.00,199.00,229.00
200.00,108.00,242.00,108.00,242.00,230.00,200.00,230.00
201.00,107.00,242.00,107.00,242.00,229.00,201.00,229.00
199.00,112.00,241.00,112.00,241.00,229.00,199.00,229.00
199.00,111.00,242.00,111.00,242.00,226.00,199.00,226.00
202.00,110.00,247.00,110.00,247.00,230.00,202.00,230.00
204.00,110.00,248.00,110.00,248.00,227.00,204.00,227.00
201.00,106.00,246.00,106.00,246.00,223.00,201.00,223.00
203.00,108.00,245.00,108.00,245.00,222.00,203.00,222.00
207.00,109.00,248.00,109.00,248.00,221.00,207.00,221.00
202.00,106.00,244.00,106.00,244.00,215.00,202.00,215.00
204.00,108.00,246.00,108.00,246.00,217.00,204.00,217.00
188.00,94.00,229.00,94.00,229.00,209.00,188.00,209.00
188.00,89.00,229.00,89.00,229.00,204.00,188.00,204.00
187.00,83.00,226.00,83.00,226.00,203.00,187.00,203.00
188.00,80.00,227.00,80.00,227.00,200.00,188.00,200.00
194.00,91.00,236.00,91.00,236.00,209.00,194.00,209.00
193.00,90.00,234.00,90.00,234.00,207.00,193.00,207.00
194.00,93.00,234.00,93.00,234.00,211.00,194.00,211.00
194.00,91.00,235.00,91.00,235.00,208.00,194.00,208.00
192.00,76.00,233.00,76.00,233.00,200.00,192.00,200.00
193.00,66.00,232.00,66.00,232.00,190.00,193.00,190.00
194.00,62.00,234.00,62.00,234.00,189.00,194.00,189.00
196.00,66.00,236.00,66.00,236.00,195.00,196.00,195.00
198.00,71.00,238.00,71.00,238.00,199.00,198.00,199.00
199.00,72.00,240.00,72.00,240.00,204.00,199.00,204.00
199.00,76.00,243.00,76.00,243.00,208.00,199.00,208.00
201.00,73.00,246.00,73.00,246.00,206.00,201.00,206.00
211.00,68.00,257.00,68.00,257.00,199.00,211.00,199.00
216.00,61.00,260.00,61.00,260.00,193.00,216.00,193.00
219.00,65.00,264.00,65.00,264.00,195.00,219.00,195.00
223.00,70.00,270.00,70.00,270.00,199.00,223.00,199.00
238.00,63.00,283.00,63.00,283.00,194.00,238.00,194.00
239.00,64.00,286.00,64.00,286.00,192.00,239.00,192.00
242.00,64.00,289.00,64.00,289.00,191.00,242.00,191.00
243.00,64.00,293.00,64.00,293.00,194.00,243.00,194.00
241.00,65.00,290.00,65.00,290.00,192.00,241.00,192.00
246.00,61.00,294.00,61.00,294.00,189.00,246.00,189.00
238.00,62.00,285.00,62.00,285.00,193.00,238.00,193.00
241.00,61.00,288.00,61.00,288.00,199.00,241.00,199.00
245.00,64.00,291.00,64.00,291.00,201.00,245.00,201.00
244.00,66.00,291.00,66.00,291.00,205.00,244.00,205.00
251.00,60.00,298.00,60.00,298.00,198.00,251.00,198.00
252.00,61.00,298.00,61.00,298.00,201.00,252.00,201.00
259.00,61.00,304.00,61.00,304.00,199.00,259.00,199.00
265.00,65.00,311.00,65.00,311.00,203.00,265.00,203.00
271.00,60.00,317.00,60.00,317.00,202.00,271.00,202.00
272.00,59.00,319.00,59.00,319.00,199.00,272.00,199.00
276.00,57.00,322.00,57.00,322.00,195.00,276.00,195.00
273.00,56.00,318.00,56.00,318.00,189.00,273.00,189.00
274.00,64.00,318.00,64.00,318.00,193.00,274.00,193.00
277.00,61.00,322.00,61.00,322.00,192.00,277.00,192.00
275.00,63.00,321.00,63.00,321.00,194.00,275.00,194.00
275.00,55.00,321.00,55.00,321.00,191.00,275.00,191.00
275.00,60.00,320.00,60.00,320.00,193.00,275.00,193.00
273.00,54.00,317.00,54.00,317.00,192.00,273.00,192.00
268.00,41.00,311.00,41.00,311.00,191.00,268.00,191.00
269.00,40.00,311.00,40.00,311.00,189.00,269.00,189.00
266.00,40.00,308.00,40.00,308.00,192.00,266.00,192.00
264.00,37.00,308.00,37.00,308.00,187.00,264.00,187.00
265.00,39.00,310.00,39.00,310.00,191.00,265.00,191.00
265.00,37.00,311.00,37.00,311.00,189.00,265.00,189.00
260.00,38.00,309.00,38.00,309.00,193.00,260.00,193.00
259.00,39.00,308.00,39.00,308.00,200.00,259.00,200.00
254.00,39.00,307.00,39.00,307.00,203.00,254.00,203.00
252.00,40.00,306.00,40.00,306.00,202.00,252.00,202.00
247.00,42.00,303.00,42.00,303.00,206.00,247.00,206.00
243.00,43.00,302.00,43.00,302.00,209.00,243.00,209.00
238.00,43.00,297.00,43.00,297.00,208.00,238.00,208.00
229.00,45.00,288.00,45.00,288.00,205.00,229.00,205.00
222.00,44.00,282.00,44.00,282.00,206.00,222.00,206.00
214.00,47.00,276.00,47.00,276.00,216.00,214.00,216.00
202.00,46.00,263.00,46.00,263.00,224.00,202.00,224.00
189.00,51.00,249.00,51.00,249.00,232.00,189.00,232.00
183.00,50.00,243.00,50.00,243.00,244.00,183.00,244.00
173.00,39.00,238.00,39.00,238.00,239.00,173.00,239.00
159.00,28.00,225.00,28.00,225.00,209.00,159.00,209.00
150.00,26.00,217.00,26.00,217.00,205.00,150.00,205.00
140.00,19.00,207.00,19.00,207.00,203.00,140.00,203.00
130.00,13.00,197.00,13.00,197.00,197.00,130.00,197.00
126.00,5.00,196.00,5.00,196.00,195.00,126.00,195.00
118.00,0.00,191.00,0.00,191.00,200.00,118.00,200.00
112.00,7.00,187.00,7.00,187.00,213.00,112.00,213.00
104.00,6.00,181.00,6.00,181.00,222.00,104.00,222.00
99.00,12.00,176.00,12.00,176.00,230.00,99.00,230.00
92.00,11.00,168.00,11.00,168.00,220.00,92.00,220.00
85.00,21.00,162.00,21.00,162.00,234.00,85.00,234.00
70.00,31.00,149.00,31.00,149.00,239.00,70.00,239.00
77.00,40.00,152.00,40.00,152.00,255.00,77.00,255.00
65.00,46.00,145.00,46.00,145.00,270.00,65.00,270.00
56.00,50.00,134.00,50.00,134.00,269.00,56.00,269.00
61.00,61.00,140.00,61.00,140.00,272.00,61.00,272.00
53.00,61.00,133.00,61.00,133.00,267.00,53.00,267.00
71.00,63.00,149.00,63.00,149.00,264.00,71.00,264.00
76.00,69.00,154.00,69.00,154.00,265.00,76.00,265.00
73.00,75.00,157.00,75.00,157.00,268.00,73.00,268.00
82.00,80.00,163.00,80.00,163.00,269.00,82.00,269.00
56.00,78.00,137.00,78.00,137.00,271.00,56.00,271.00
54.00,80.00,131.00,80.00,131.00,272.00,54.00,272.00
54.00,82.00,131.00,82.00,131.00,273.00,54.00,273.00
60.00,72.00,135.00,72.00,135.00,263.00,60.00,263.00
61.00,76.00,135.00,76.00,135.00,263.00,61.00,263.00
59.00,87.00,132.00,87.00,132.00,261.00,59.00,261.00
60.00,83.00,132.00,83.00,132.00,261.00,60.00,261.00
67.00,84.00,136.00,84.00,136.00,252.00,67.00,252.00
66.00,89.00,133.00,89.00,133.00,252.00,66.00,252.00
79.00,87.00,146.00,87.00,146.00,244.00,79.00,244.00
75.00,90.00,143.00,90.00,143.00,246.00,75.00,246.00
94.00,69.00,158.00,69.00,158.00,235.00,94.00,235.00
92.00,72.00,156.00,72.00,156.00,235.00,92.00,235.00
101.00,70.00,164.00,70.00,164.00,232.00,101.00,232.00
103.00,68.00,166.00,68.00,166.00,232.00,103.00,232.00
105.00,66.00,166.00,66.00,166.00,225.00,105.00,225.00
105.00,67.00,166.00,67.00,166.00,225.00,105.00,225.00
113.00,67.00,170.00,67.00,170.00,220.00,113.00,220.00
112.00,67.00,169.00,67.00,169.00,219.00,112.00,219.00
124.00,69.00,179.00,69.00,179.00,220.00,124.00,220.00
124.00,70.00,179.00,70.00,179.00,219.00,124.00,219.00
125.00,61.00,182.00,61.00,182.00,213.00,125.00,213.00
125.00,62.00,183.00,62.00,183.00,214.00,125.00,214.00
125.00,61.00,183.00,61.00,183.00,212.00,125.00,212.00
124.00,62.00,180.00,62.00,180.00,212.00,124.00,212.00
127.00,62.00,181.00,62.00,181.00,212.00,127.00,212.00
121.00,67.00,175.00,67.00,175.00,215.00,121.00,215.00
107.00,72.00,163.00,72.00,163.00,215.00,107.00,215.00
111.00,71.00,165.00,71.00,165.00,214.00,111.00,214.00
116.00,69.00,172.00,69.00,172.00,213.00,116.00,213.00
113.00,72.00,168.00,72.00,168.00,215.00,113.00,215.00
118.00,66.00,173.00,66.00,173.00,214.00,118.00,214.00
116.00,70.00,170.00,70.00,170.00,217.00,116.00,217.00
123.00,65.00,178.00,65.00,178.00,211.00,123.00,211.00
124.00,69.00,178.00,69.00,178.00,214.00,124.00,214.00
129.00,67.00,183.00,67.00,183.00,215.00,129.00,215.00
129.00,64.00,183.00,64.00,183.00,212.00,129.00,212.00
146.00,60.00,200.00,60.00,200.00,209.00,146.00,209.00
145.00,64.00,200.00,64.00,200.00,212.00,145.00,212.00
149.00,58.00,203.00,58.00,203.00,213.00,149.00,213.00
152.00,56.00,205.00,56.00,205.00,208.00,152.00,208.00
147.00,63.00,199.00,63.00,199.00,211.00,147.00,211.00
151.00,63.00,202.00,63.00,202.00,206.00,151.00,206.00
154.00,74.00,206.00,74.00,206.00,215.00,154.00,215.00
155.00,69.00,208.00,69.00,208.00,212.00,155.00,212.00
154.00,74.00,207.00,74.00,207.00,211.00,154.00,211.00
152.00,71.00,205.00,71.00,205.00,210.00,152.00,210.00
162.00,73.00,217.00,73.00,217.00,210.00,162.00,210.00
158.00,73.00,214.00,73.00,214.00,211.00,158.00,211.00
173.00,72.00,228.00,72.00,228.00,206.00,173.00,206.00
169.00,73.00,225.00,73.00,225.00,208.00,169.00,208.00
185.00,78.00,239.00,78.00,239.00,212.00,185.00,212.00
182.00,76.00,236.00,76.00,236.00,210.00,182.00,210.00
185.00,68.00,239.00,68.00,239.00,203.00,185.00,203.00
183.00,70.00,236.00,70.00,236.00,206.00,183.00,206.00
185.00,65.00,237.00,65.00,237.00,204.00,185.00,204.00
185.00,65.00,237.00,65.00,237.00,204.00,185.00,204.00
185.00,67.00,233.00,67.00,233.00,208.00,185.00,208.00
185.00,71.00,233.00,71.00,233.00,210.00,185.00,210.00
183.00,60.00,227.00,60.00,227.00,203.00,183.00,203.00
182.00,65.00,227.00,65.00,227.00,207.00,182.00,207.00
182.00,60.00,224.00,60.00,224.00,202.00,182.00,202.00
