1
163.00,53.00,207.00,53.00,207.00,229.00,163.00,229.00
165.00,51.00,210.00,51.00,210.00,228.00,165.00,228.00
165.00,51.00,210.00,51.00,210.00,226.00,165.00,226.00
167.00,47.00,212.00,47.00,212.00,225.00,167.00,225.00
166.00,46.00,211.00,46.00,211.00,225.00,166.00,225.00
168.00,45.00,212.00,45.00,212.00,226.00,168.00,226.00
168.00,47.00,211.00,47.00,211.00,227.00,168.00,227.00
167.00,49.00,208.00,49.00,208.00,224.00,167.00,224.00
167.00,46.00,209.00,46.00,209.00,225.00,167.00,225.00
163.00,50.00,203.00,50.00,203.00,226.00,163.00,226.00
162.00,48.00,204.00,48.00,204.00,226.00,162.00,226.00
157.00,52.00,199.00,52.00,199.00,227.00,157.00,227.00
154.00,51.00,198.00,51.00,198.00,227.00,154.00,227.00
150.00,55.00,193.00,55.00,193.00,226.00,150.00,226.00
149.00,53.00,193.00,53.00,193.00,225.00,149.00,225.00
146.00,55.00,189.00,55.00,189.00,225.00,146.00,225.00
145.00,56.00,189.00,56.00,189.00,224.00,145.00,224.00
144.00,55.00,187.00,55.00,187.00,223.00,144.00,223.00
143.00,57.00,186.00,57.00,186.00,223.00,143.00,223.00
144.00,59.00,186.00,59.00,186.00,225.00,144.00,225.00
146.00,59.00,186.00,59.00,186.00,225.00,146.00,225.00
148.00,61.00,187.00,61.00,187.00,226.00,148.00,226.00
146.00,60.00,185.00,60.00,185.00,225.00,146.00,225.00
147.00,60.00,186.00,60.00,186.00,225.00,147.00,225.00
146.00,61.00,185.00,61.00,185.00,223.00,146.00,223.00
148.00,61.00,187.00,61.00,187.00,220.00,148.00,220.00
147.00,63.00,186.00,63.00,186.00,222.00,147.00,222.00
148.00,63.00,188.00,63.00,188.00,219.00,148.00,219.00
148.00,64.00,187.00,64.00,187.00,221.00,148.00,221.00
149.00,62.00,187.00,62.00,187.00,221.00,149.00,221.00
150.00,65.00,187.00,65.00,187.00,221.00,150.00,221.00
149.00,61.00,187.00,61.00,187.00,217.00,149.00,217.00
150.00,63.00,188.00,63.00,188.00,219.00,150.00,219.00
149.00,64.00,189.00,64.00,189.00,217.00,149.00,217.00
149.00,63.00,189.00,63.00,189.00,216.00,149.00,216.00
150.00,65.00,192.00,65.00,192.00,214.00,150.00,214.00
151.00,63.00,193.00,63.00,193.00,213.00,151.00,213.00
151.00,64.00,194.00,64.00,194.00,212.00,151.00,212.00
150.00,63.00,193.00,63.00,193.00,211.00,150.00,211.00
145.00,67.00,190.00,67.00,190.00,213.00,145.00,213.00
149.00,65.00,193.00,65.00,193.00,210.00,149.00,210.00
149.00,69.00,193.00,69.00,193.00,213.00,149.00,213.00
149.00,69.00,193.00,69.00,193.00,215.00,149.00,215.00
141.00,77.00,185.00,77.00,185.00,218.00,141.00,218.00
147.00,70.00,189.00,70.00,189.00,212.00,147.00,212.00
150.00,68.00,192.00,68.00,192.00,211.00,150.00,211.00
153.00,65.00,194.00,65.00,194.00,208.00,153.00,208.00
146.00,76.00,187.00,76.00,187.00,213.00,146.00,213.00
145.00,75.00,187.00,75.00,187.00,212.00,145.00,212.00
160.00,58.00,200.00,58.00,200.00,199.00,160.00,199.00
161.00,57.00,200.00,57.00,200.00,196.00,161.00,196.00
160.00,54.00,199.00,54.00,199.00,199.00,160.00,199.00
159.00,55.00,198.00,55.00,198.00,201.00,159.00,201.00
156.00,65.00,194.00,65.00,194.00,213.00,156.00,213.00
159.00,67.00,195.00,67.00,195.00,210.00,159.00,210.00
160.00,72.00,196.00,72.00,196.00,211.00,160.00,211.00
160.00,74.00,196.00,74.00,196.00,212.00,160.00,212.00
165.00,70.00,202.00,70.00,202.00,201.00,165.00,201.00
164.00,69.00,201.00,69.00,201.00,201.00,164.00,201.00
164.00,66.00,203.00,66.00,203.00,205.00,164.00,205.00
165.00,68.00,205.00,68.00,205.00,205.00,165.00,205.00
168.00,70.00,209.00,70.00,209.00,208.00,168.00,208.00
168.00,66.00,210.00,66.00,210.00,206.00,168.00,206.00
172.00,67.00,214.00,67.00,214.00,213.00,172.00,213.00
169.00,69.00,210.00,69.00,210.00,215.00,169.00,215.00
173.00,70.00,216.00,70.00,216.00,219.00,173.00,219.00
175.00,64.00,219.00,64.00,219.00,214.00,175.00,214.00
179.00,66.00,224.00,66.00,224.00,216.00,179.00,216.00
179.00,63.00,224.00,63.00,224.00,214.00,179.00,214.00
182.00,63.00,228.00,63.00,228.00,217.00,182.00,217.00
182.00,63.00,229.00,63.00,229.00,216.00,182.00,216.00
191.00,63.00,238.00,63.00,238.00,216.00,191.00,216.00
189.00,62.00,236.00,62.00,236.00,216.00,189.00,216.00
196.00,64.00,241.00,64.00,241.00,220.00,196.00,220.00
195.00,65.00,240.00,65.00,240.00,219.00,195.00,219.00
202.00,62.00,244.00,62.00,244.00,216.00,202.00,216.00
204.00,64.00,247.00,64.00,247.00,218.00,204.00,218.00
206.00,59.00,251.00,59.00,251.00,219.00,206.00,219.00
207.00,54.00,253.00,54.00,253.00,217.00,207.00,217.00
215.00,52.00,258.00,52.00,258.00,218.00,215.00,218.00
216.00,50.00,260.00,50.00,260.00,217.00,216.00,217.00
215.00,48.00,261.00,48.00,261.00,219.00,215.00,219.00
214.00,49.00,260.00,49.00,260.00,222.00,214.00,222.00
219.00,48.00,264.00,48.00,264.00,217.00,219.00,217.00
218.00,48.00,263.00,48.00,263.00,217.00,218.00,217.00
218.00,51.00,262.00,51.00,262.00,219.00,218.00,219.00
218.00,52.00,261.00,52.00,261.00,218.00,218.00,218.00
215.00,54.00,256.00,54.00,256.00,218.00,215.00,218.00
219.00,53.00,260.00,53.00,260.00,217.00,219.00,217.00
220.00,55.00,259.00,55.00,259.00,214.00,220.00,214.00
220.00,55.00,259.00,55.00,259.00,214.00,220.00,214.00
220.00,62.00,262.00,62.00,262.00,216.00,220.00,216.00
220.00,62.00,262.00,62.00,262.00,216.00,220.00,216.00
219.00,75.00,264.00,75.00,264.00,229.00,219.00,229.00
218.00,66.00,263.00,66.00,263.00,221.00,218.00,221.00
214.00,74.00,265.00,74.00,265.00,225.00,214.00,225.00
217.00,73.00,269.00,73.00,269.00,228.00,217.00,228.00
228.00,85.00,277.00,85.00,277.00,233.00,228.00,233.00
228.00,85.00,278.00,85.00,278.00,234.00,228.00,234.00
231.00,88.00,281.00,88.00,281.00,233.00,231.00,233.00
229.00,88.00,280.00,88.00,280.00,233.00,229.00,233.00
231.00,87.00,281.00,87.00,281.00,233.00,231.00,233.00
230.00,63.00,273.00,63.00,273.00,239.00,230.00,239.00
229.00,90.00,280.00,90.00,280.00,230.00,229.00,230.00
229.00,93.00,281.00,93.00,281.00,233.00,229.00,233.00
231.00,92.00,280.00,92.00,280.00,232.00,231.00,232.00
232.00,90.00,281.00,90.00,281.00,232.00,232.00,232.00
233.00,94.00,281.00,94.00,281.00,233.00,233.00,233.00
236.00,96.00,283.00,96.00,283.00,237.00,236.00,237.00
234.00,93.00,283.00,93.00,283.00,232.00,234.00,232.00
233.00,94.00,281.00,94.00,281.00,231.00,233.00,231.00
233.00,93.00,281.00,93.00,281.00,231.00,233.00,231.00
229.00,86.00,275.00,86.00,275.00,226.00,229.00,226.00
211.00,88.00,261.00,88.00,261.00,228.00,211.00,228.00
205.00,83.00,254.00,83.00,254.00,229.00,205.00,229.00
206.00,79.00,253.00,79.00,253.00,229.00,206.00,229.00
203.00,79.00,249.00,79.00,249.00,224.00,203.00,224.00
213.00,81.00,254.00,81.00,254.00,243.00,213.00,243.00
193.00,82.00,239.00,82.00,239.00,226.00,193.00,226.00
185.00,77.00,230.00,77.00,230.00,214.00,185.00,214.00
184.00,51.00,224.00,51.00,224.00,210.00,184.00,210.00
183.00,66.00,228.00,66.00,228.00,203.00,183.00,203.00
188.00,69.00,230.00,69.00,230.00,204.00,188.00,204.00
160.00,35.00,203.00,35.00,203.00,174.00,160.00,174.00
166.00,35.00,209.00,35.00,209.00,178.00,166.00,178.00
160.00,29.00,203.00,29.00,203.00,175.00,160.00,175.00
154.00,26.00,196.00,26.00,196.00,177.00,154.00,177.00
152.00,24.00,195.00,24.00,195.00,175.00,152.00,175.00
147.00,21.00,192.00,21.00,192.00,181.00,147.00,181.00
152.00,24.00,198.00,24.00,198.00,180.00,152.00,180.00
148.00,21.00,193.00,21.00,193.00,171.00,148.00,171.00
157.00,30.00,201.00,30.00,201.00,177.00,157.00,177.00
161.00,33.00,206.00,33.00,206.00,178.00,161.00,178.00
159.00,33.00,201.00,33.00,201.00,179.00,159.00,179.00
163.00,31.00,206.00,31.00,206.00,189.00,163.00,189.00
167.00,33.00,212.00,33.00,212.00,192.00,167.00,192.00
167.00,34.00,208.00,34.00,208.00,185.00,167.00,185.00
179.00,38.00,221.00,38.00,221.00,196.00,179.00,196.00
184.00,44.00,229.00,44.00,229.00,202.00,184.00,202.00
191.00,48.00,235.00,48.00,235.00,201.00,191.00,201.00
198.00,58.00,244.00,58.00,244.00,214.00,198.00,214.00
206.00,62.00,255.00,62.00,255.00,222.00,206.00,222.00
207.00,66.00,257.00,66.00,257.00,218.00,207.00,218.00
236.00,57.00,283.00,57.00,283.00,221.00,236.00,221.00
244.00,54.00,290.00,54.00,290.00,222.00,244.00,222.00
237.00,64.00,281.00,64.00,281.00,219.00,237.00,219.00
249.00,65.00,294.00,65.00,294.00,225.00,249.00,225.00
249.00,65.00,295.00,65.00,295.00,224.00,249.00,224.00
250.00,63.00,295.00,63.00,295.00,219.00,250.00,219.00
246.00,70.00,293.00,70.00,293.00,219.00,246.00,219.00
249.00,63.00,295.00,63.00,295.00,214.00,249.00,214.00
248.00,65.00,293.00,65.00,293.00,216.00,248.00,216.00
250.00,64.00,296.00,64.00,296.00,213.00,250.00,213.00
248.00,69.00,293.00,69.00,293.00,216.00,248.00,216.00
249.00,64.00,293.00,64.00,293.00,212.00,249.00,212.00
248.00,63.00,292.00,63.00,292.00,211.00,248.00,211.00
246.00,66.00,291.00,66.00,291.00,215.00,246.00,215.00
246.00,67.00,290.00,67.00,290.00,215.00,246.00,215.00
246.00,65.00,289.00,65.00,289.00,213.00,246.00,213.00
246.00,64.00,290.00,64.00,290.00,217.00,246.00,217.00
243.00,72.00,287.00,72.00,287.00,222.00,243.00,222.00
239.00,75.00,284.00,75.00,284.00,221.00,239.00,221.00
242.00,63.00,287.00,63.00,287.00,213.00,242.00,213.00
236.00,73.00,282.00,73.00,282.00,220.00,236.00,220.00
230.00,68.00,276.00,68.00,276.00,217.00,230.00,217.00
227.00,68.00,274.00,68.00,274.00,221.00,227.00,221.00
225.00,62.00,272.00,62.00,272.00,216.00,225.00,216.00
215.00,56.00,262.00,56.00,262.00,210.00,215.00,210.00
211.00,54.00,257.00,54.00,257.00,211.00,211.00,211.00
209.00,49.00,256.00,49.00,256.00,210.00,209.00,210.00
197.00,50.00,246.00,50.00,246.00,213.00,197.00,213.00
187.00,48.00,237.00,48.00,237.00,216.00,187.00,216.00
187.00,43.00,234.00,43.00,234.00,210.00,187.00,210.00
183.00,48.00,229.00,48.00,229.00,215.00,183.00,215.00
180.00,51.00,228.00,51.00,228.00,219.00,180.00,219.00
180.00,57.00,228.00,57.00,228.00,224.00,180.00,224.00
178.00,60.00,227.00,60.00,227.00,223.00,178.00,223.00
179.00,64.00,230.00,64.00,230.00,224.00,179.00,224.00
176.00,64.00,229.00,64.00,229.00,224.00,176.00,224.00
178.00,75.00,230.00,75.00,230.00,228.00,178.00,228.00
184.00,72.00,235.00,72.00,235.00,229.00,184.00,229.00
183.00,74.00,235.00,74.00,235.00,232.00,183.00,232.00
178.00,74.00,228.00,74.00,228.00,231.00,178.00,231.00
182.00,73.00,232.00,73.00,232.00,234.00,182.00,234.00
184.00,71.00,237.00,71.00,237.00,236.00,184.00,236.00
185.00,76.00,241.00,76.00,241.00,235.00,185.00,235.00
183.00,90.00,238.00,90.00,238.00,242.00,183.00,242.00
182.00,87.00,240.00,87.00,240.00,241.00,182.00,241.00
198.00,79.00,254.00,79.00,254.00,234.00,198.00,234.00
179.00,78.00,237.00,78.00,237.00,240.00,179.00,240.00
180.00,84.00,235.00,84.00,235.00,243.00,180.00,243.00
195.00,77.00,248.00,77.00,248.00,234.00,195.00,234.00
189.00,75.00,242.00,75.00,242.00,234.00,189.00,234.00
212.00,76.00,261.00,76.00,261.00,230.00,212.00,230.00
215.00,65.00,265.00,65.00,265.00,223.00,215.00,223.00
214.00,63.00,262.00,63.00,262.00,225.00,214.00,225.00
231.00,53.00,275.00,53.00,275.00,221.00,231.00,221.00
207.00,63.00,258.00,63.00,258.00,230.00,207.00,230.00
204.00,69.00,255.00,69.00,255.00,231.00,204.00,231.00
205.00,66.00,256.00,66.00,256.00,230.00,205.00,230.00
208.00,70.00,258.00,70.00,258.00,232.00,208.00,232.00
216.00,79.00,266.00,79.00,266.00,236.00,216.00,236.00
222.00,85.00,271.00,85.00,271.00,237.00,222.00,237.00
230.00,86.00,277.00,86.00,277.00,234.00,230.00,234.00
240.00,82.00,287.00,82.00,287.00,232.00,240.00,232.00
239.00,79.00,288.00,79.00,288.00,233.00,239.00,233.00
238.00,69.00,289.00,69.00,289.00,228.00,238.00,228.00
244.00,74.00,293.00,74.00,293.00,231.00,244.00,231.00
249.00,73.00,299.00,73.00,299.00,234.00,249.00,234.00
253.00,77.00,304.00,77.00,304.00,237.00,253.00,237.00
252.00,80.00,303.00,80.00,303.00,238.00,252.00,238.00
255.00,68.00,304.00,68.00,304.00,224.00,255.00,224.00
259.00,62.00,305.00,62.00,305.00,219.00,259.00,219.00
256.00,56.00,304.00,56.00,304.00,214.00,256.00,214.00
250.00,62.00,300.00,62.00,300.00,224.00,250.00,224.00
249.00,55.00,298.00,55.00,298.00,214.00,249.00,214.00
244.00,57.00,295.00,57.00,295.00,217.00,244.00,217.00
240.00,53.00,294.00,53.00,294.00,215.00,240.00,215.00
235.00,54.00,288.00,54.00,288.00,218.00,235.00,218.00
232.00,53.00,284.00,53.00,284.00,217.00,232.00,217.00
226.00,51.00,279.00,51.00,279.00,216.00,226.00,216.00
224.00,49.00,277.00,49.00,277.00,215.00,224.00,215.00
221.00,45.00,277.00,45.00,277.00,215.00,221.00,215.00
222.00,45.00,277.00,45.00,277.00,212.00,222.00,212.00
219.00,46.00,271.00,46.00,271.00,208.00,219.00,208.00
218.00,46.00,269.00,46.00,269.00,203.00,218.00,203.00
219.00,50.00,270.00,50.00,270.00,204.00,219.00,204.00
218.00,50.00,269.00,50.00,269.00,204.00,218.00,204.00
219.00,51.00,270.00,51.00,270.00,202.00,219.00,202.00
218.00,51.00,269.00,51.00,269.00,201.00,218.00,201.00
221.00,56.00,271.00,56.00,271.00,206.00,221.00,206.00
219.00,55.00,270.00,55.00,270.00,204.00,219.00,204.00
221.00,58.00,271.00,58.00,271.00,209.00,221.00,209.00
223.00,61.00,274.00,61.00,274.00,211.00,223.00,211.00
225.00,64.00,275.00,64.00,275.00,217.00,225.00,217.00
219.00,63.00,268.00,63.00,268.00,213.00,219.00,213.00
224.00,65.00,274.00,65.00,274.00,217.00,224.00,217.00
224.00,68.00,275.00,68.00,275.00,220.00,224.00,220.00
223.00,66.00,271.00,66.00,271.00,215.00,223.00,215.00
221.00,73.00,270.00,73.00,270.00,216.00,221.00,216.00
233.00,76.00,276.00,76.00,276.00,241.00,233.00,241.00
228.00,82.00,279.00,82.00,279.00,222.00,228.00,222.00
238.00,89.00,293.00,89.00,293.00,237.00,238.00,237.00
223.00,86.00,271.00,86.00,271.00,226.00,223.00,226.00
214.00,79.00,261.00,79.00,261.00,222.00,214.00,222.00
204.00,82.00,249.00,82.00,249.00,217.00,204.00,217.00
206.00,88.00,250.00,88.00,250.00,226.00,206.00,226.00
207.00,89.00,253.00,89.00,253.00,233.00,207.00,233.00
199.00,79.00,240.00,79.00,240.00,224.00,199.00,224.00
198.00,76.00,238.00,76.00,238.00,220.00,198.00,220.00
197.00,68.00,234.00,68.00,234.00,217.00,197.00,217.00
196.00,68.00,233.00,68.00,233.00,220.00,196.00,220.00
197.00,73.00,236.00,73.00,236.00,230.00,197.00,230.00
196.00,63.00,234.00,63.00,234.00,219.00,196.00,219.00
195.00,65.00,235.00,65.00,235.00,212.00,195.00,212.00
207.00,87.00,251.00,87.00,251.00,235.00,207.00,235.00
215.00,84.00,258.00,84.00,258.00,243.00,215.00,243.00
199.00,69.00,240.00,69.00,240.00,216.00,199.00,216.00
194.00,63.00,235.00,63.00,235.00,204.00,194.00,204.00
197.00,63.00,236.00,63.00,236.00,206.00,197.00,206.00
197.00,61.00,237.00,61.00,237.00,204.00,197.00,204.00
194.00,63.00,237.00,63.00,237.00,199.00,194.00,199.00
197.00,61.00,239.00,61.00,239.00,198.00,197.00,198.00
198.00,56.00,237.00,56.00,237.00,198.00,198.00,198.00
190.00,57.00,232.00,57.00,232.00,192.00,190.00,192.00
194.00,60.00,235.00,60.00,235.00,197.00,194.00,197.00
196.00,59.00,237.00,59.00,237.00,195.00,196.00,195.00
188.00,54.00,231.00,54.00,231.00,183.00,188.00,183.00
195.00,55.00,235.00,55.00,235.00,188.00,195.00,188.00
195.00,54.00,236.00,54.00,236.00,186.00,195.00,186.00
196.00,55.00,235.00,55.00,235.00,183.00,196.00,183.00
189.00,60.00,229.00,60.00,229.00,188.00,189.00,188.00
189.00,57.00,227.00,57.00,227.00,189.00,189.00,189.00
189.00,57.00,228.00,57.00,228.00,193.00,189.00,193.00
192.00,61.00,231.00,61.00,231.00,192.00,192.00,192.00
222.00,90.00,261.00,90.00,261.00,232.00,222.00,232.00
220.00,95.00,258.00,95.00,258.00,237.00,220.00,237.00
201.00,84.00,241.00,84.00,241.00,214.00,201.00,214.00
196.00,85.00,236.00,85.00,236.00,216.00,196.00,216.00
195.00,84.00,234.00,84.00,234.00,215.00,195.00,215.00
196.00,87.00,237.00,87.00,237.00,217.00,196.00,217.00
198.00,94.00,239.00,94.00,239.00,230.00,198.00,230.00
192.00,96.00,234.00,96.00,234.00,228.00,192.00,228.00
195.00,89.00,235.00,89.00,235.00,224.00,195.00,224.00
192.00,88.00,232.00,88.00,232.00,212.00,192.00,212.00
190.00,83.00,229.00,83.00,229.00,215.00,190.00,215.00
195.00,89.00,236.00,89.00,236.00,227.00,195.00,227.00
192.00,83.00,230.00,83.00,230.00,222.00,192.00,222.00
192.00,72.00,231.00,72.00,231.00,215.00,192.00,215.00
195.00,68.00,232.00,68.00,232.00,214.00,195.00,214.00
196.00,77.00,234.00,77.00,234.00,218.00,196.00,218.00
200.00,84.00,239.00,84.00,239.00,222.00,200.00,222.00
200.00,77.00,238.00,77.00,238.00,216.00,200.00,216.00
203.00,73.00,241.00,73.00,241.00,217.00,203.00,217.00
204.00,72.00,243.00,72.00,243.00,218.00,204.00,218.00
207.00,69.00,244.00,69.00,244.00,213.00,207.00,213.00
210.00,62.00,246.00,62.00,246.00,204.00,210.00,204.00
212.00,64.00,248.00,64.00,248.00,210.00,212.00,210.00
212.00,64.00,250.00,64.00,250.00,205.00,212.00,205.00
213.00,61.00,249.00,61.00,249.00,201.00,213.00,201.00
212.00,63.00,249.00,63.00,249.00,207.00,212.00,207.00
216.00,59.00,253.00,59.00,253.00,207.00,216.00,207.00
218.00,55.00,256.00,55.00,256.00,212.00,218.00,212.00
218.00,57.00,255.00,57.00,255.00,217.00,218.00,217.00
219.00,51.00,257.00,51.00,257.00,203.00,219.00,203.00
220.00,52.00,258.00,52.00,258.00,205.00,220.00,205.00
219.00,54.00,258.00,54.00,258.00,208.00,219.00,208.00
219.00,54.00,258.00,54.00,258.00,207.00,219.00,207.00
222.00,46.00,261.00,46.00,261.00,197.00,222.00,197.00
220.00,46.00,261.00,46.00,261.00,205.00,220.00,205.00
220.00,45.00,261.00,45.00,261.00,206.00,220.00,206.00
223.00,50.00,263.00,50.00,263.00,208.00,223.00,208.00
225.00,51.00,265.00,51.00,265.00,212.00,225.00,212.00
226.00,52.00,265.00,52.00,265.00,214.00,226.00,214.00
226.00,55.00,265.00,55.00,265.00,217.00,226.00,217.00
223.00,51.00,263.00,51.00,263.00,211.00,223.00,211.00
225.00,54.00,264.00,54.00,264.00,208.00,225.00,208.00
227.00,58.00,267.00,58.00,267.00,208.00,227.00,208.00
224.00,59.00,264.00,59.00,264.00,205.00,224.00,205.00
223.00,54.00,261.00,54.00,261.00,198.00,223.00,198.00
222.00,59.00,261.00,59.00,261.00,202.00,222.00,202.00
220.00,56.00,259.00,56.00,259.00,203.00,220.00,203.00
222.00,60.00,261.00,60.00,261.00,205.00,222.00,205.00
219.00,58.00,258.00,58.00,258.00,203.00,219.00,203.00
217.00,58.00,257.00,58.00,257.00,206.00,217.00,206.00
218.00,57.00,258.00,57.00,258.00,208.00,218.00,208.00
218.00,63.00,259.00,63.00,259.00,214.00,218.00,214.00
204.00,87.00,246.00,87.00,246.00,233.00,204.00,233.00
203.00,92.00,245.00,92.00,245.00,236.00,203.00,236.00
200.00,88.00,244.00,88.00,244.00,239.00,200.00,239.00
201.00,84.00,245.00,84.00,245.00,236.00,201.00,236.00
202.00,86.00,247.00,86.00,247.00,240.00,202.00,240.00
204.00,83.00,250.00,83.00,250.00,238.00,204.00,238.00
206.00,80.00,253.00,80.00,253.00,235.00,206.00,235.00
208.00,85.00,254.00,85.00,254.00,237.00,208.00,237.00
208.00,91.00,252.00,91.00,252.00,241.00,208.00,241.00
209.00,92.00,255.00,92.00,255.00,240.00,209.00,240.00
209.00,94.00,254.00,94.00,254.00,245.00,209.00,245.00
210.00,95.00,254.00,95.00,254.00,245.00,210.00,245.00
215.00,94.00,257.00,94.00,257.00,241.00,215.00,241.00
223.00,99.00,267.00,99.00,267.00,245.00,223.00,245.00
229.00,100.00,274.00,100.00,274.00,240.00,229.00,240.00
231.00,107.00,275.00,107.00,275.00,245.00,231.00,245.00
232.00,107.00,270.00,107.00,270.00,263.00,232.00,263.00
232.00,109.00,277.00,109.00,277.00,250.00,232.00,250.00
232.00,106.00,276.00,106.00,276.00,251.00,232.00,251.00
234.00,101.00,279.00,101.00,279.00,250.00,234.00,250.00
238.00,94.00,281.00,94.00,281.00,243.00,238.00,243.00
240.00,99.00,284.00,99.00,284.00,246.00,240.00,246.00
250.00,82.00,293.00,82.00,293.00,231.00,250.00,231.00
250.00,93.00,292.00,93.00,292.00,239.00,250.00,239.00
248.00,92.00,291.00,92.00,291.00,243.00,248.00,243.00
245.00,87.00,289.00,87.00,289.00,241.00,245.00,241.00
251.00,83.00,296.00,83.00,296.00,238.00,251.00,238.00
253.00,87.00,299.00,87.00,299.00,237.00,253.00,237.00
254.00,90.00,299.00,90.00,299.00,239.00,254.00,239.00
259.00,83.00,304.00,83.00,304.00,235.00,259.00,235.00
270.00,69.00,315.00,69.00,315.00,224.00,270.00,224.00
264.00,78.00,306.00,78.00,306.00,231.00,264.00,231.00
275.00,58.00,318.00,58.00,318.00,227.00,275.00,227.00
265.00,78.00,309.00,78.00,309.00,236.00,265.00,236.00
263.00,71.00,306.00,71.00,306.00,234.00,263.00,234.00
269.00,47.00,315.00,47.00,315.00,225.00,269.00,225.00
263.00,50.00,309.00,50.00,309.00,228.00,263.00,228.00
264.00,45.00,311.00,45.00,311.00,229.00,264.00,229.00
246.00,61.00,296.00,61.00,296.00,245.00,246.00,245.00
249.00,44.00,299.00,44.00,299.00,232.00,249.00,232.00
247.00,37.00,294.00,37.00,294.00,224.00,247.00,224.00
246.00,39.00,294.00,39.00,294.00,225.00,246.00,225.00
236.00,48.00,286.00,48.00,286.00,236.00,236.00,236.00
230.00,49.00,281.00,49.00,281.00,234.00,230.00,234.00
223.00,41.00,276.00,41.00,276.00,227.00,223.00,227.00
218.00,41.00,272.00,41.00,272.00,228.00,218.00,228.00
214.00,43.00,268.00,43.00,268.00,230.00,214.00,230.00
209.00,42.00,264.00,42.00,264.00,231.00,209.00,231.00
208.00,38.00,263.00,38.00,263.00,228.00,208.00,228.00
199.00,39.00,255.00,39.00,255.00,229.00,199.00,229.00
194.00,42.00,251.00,42.00,251.00,239.00,194.00,239.00
190.00,40.00,246.00,40.00,246.00,241.00,190.00,241.00
182.00,46.00,239.00,46.00,239.00,236.00,182.00,236.00
188.00,34.00,242.00,34.00,242.00,233.00,188.00,233.00
177.00,42.00,229.00,42.00,229.00,236.00,177.00,236.00
183.00,39.00,235.00,39.00,235.00,232.00,183.00,232.00
178.00,38.00,230.00,38.00,230.00,231.00,178.00,231.00
176.00,38.00,230.00,38.00,230.00,231.00,176.00,231.00
176.00,36.00,230.00,36.00,230.00,227.00,176.00,227.00
169.00,34.00,226.00,34.00,226.00,228.00,169.00,228.00
174.00,37.00,229.00,37.00,229.00,225.00,174.00,225.00
168.00,40.00,225.00,40.00,225.00,228.00,168.00,228.00
173.00,35.00,229.00,35.00,229.00,221.00,173.00,221.00
171.00,39.00,226.00,39.00,226.00,223.00,171.00,223.00
173.00,38.00,228.00,38.00,228.00,227.00,173.00,227.00
173.00,38.00,227.00,38.00,227.00,225.00,173.00,225.00
172.00,41.00,226.00,41.00,226.00,231.00,172.00,231.00
169.00,41.00,223.00,41.00,223.00,241.00,169.00,241.00
171.00,37.00,226.00,37.00,226.00,234.00,171.00,234.00
171.00,40.00,226.00,40.00,226.00,226.00,171.00,226.00
171.00,43.00,223.00,43.00,223.00,230.00,171.00,230.00
168.00,47.00,222.00,47.00,222.00,237.00,168.00,237.00
170.00,43.00,224.00,43.00,224.00,233.00,170.00,233.00
172.00,41.00,225.00,41.00,225.00,228.00,172.00,228.00
170.00,48.00,223.00,48.00,223.00,239.00,170.00,239.00
171.00,42.00,222.00,42.00,222.00,230.00,171.00,230.00
171.00,40.00,223.00,40.00,223.00,230.00,171.00,230.00
172.00,42.00,223.00,42.00,223.00,230.00,172.00,230.00
171.00,41.00,221.00,41.00,221.00,231.00,171.00,231.00
171.00,42.00,221.00,42.00,221.00,229.00,171.00,229.00
171.00,40.00,221.00,40.00,221.00,225.00,171.00,225.00
173.00,41.00,223.00,41.00,223.00,230.00,173.00,230.00
170.00,43.00,222.00,43.00,222.00,233.00,170.00,233.00
169.00,44.00,221.00,44.00,221.00,237.00,169.00,237.00
170.00,41.00,220.00,41.00,220.00,235.00,170.00,235.00
168.00,46.00,217.00,46.00,217.00,241.00,168.00,241.00
164.00,47.00,215.00,47.00,215.00,241.00,164.00,241.00
166.00,45.00,218.00,45.00,218.00,237.00,166.00,237.00
166.00,49.00,217.00,49.00,217.00,236.00,166.00,236.00
166.00,55.00,214.00,55.00,214.00,235.00,166.00,235.00
168.00,64.00,215.00,64.00,215.00,237.00,168.00,237.00
169.00,73.00,216.00,73.00,216.00,242.00,169.00,242.00
168.00,81.00,216.00,81.00,216.00,244.00,168.00,244.00
167.00,83.00,217.00,83.00,217.00,246.00,167.00,246.00
165.00,79.00,216.00,79.00,216.00,242.00,165.00,242.00
165.00,84.00,216.00,84.00,216.00,245.00,165.00,245.00
167.00,80.00,221.00,80.00,221.00,240.00,167.00,240.00
153.00,90.00,205.00,90.00,205.00,245.00,153.00,245.00
145.00,94.00,199.00,94.00,199.00,250.00,145.00,250.00
148.00,91.00,202.00,91.00,202.00,244.00,148.00,244.00
153.00,87.00,206.00,87.00,206.00,238.00,153.00,238.00
155.00,90.00,209.00,90.00,209.00,241.00,155.00,241.00
163.00,77.00,214.00,77.00,214.00,232.00,163.00,232.00
164.00,83.00,215.00,83.00,215.00,237.00,164.00,237.00
169.00,82.00,218.00,82.00,218.00,236.00,169.00,236.00
167.00,85.00,217.00,85.00,217.00,237.00,167.00,237.00
174.00,84.00,219.00,84.00,219.00,236.00,174.00,236.00
175.00,78.00,221.00,78.00,221.00,237.00,175.00,237.00
178.00,80.00,223.00,80.00,223.00,242.00,178.00,242.00
178.00,75.00,223.00,75.00,223.00,246.00,178.00,246.00
180.00,67.00,228.00,67.00,228.00,242.00,180.00,242.00
187.00,65.00,237.00,65.00,237.00,237.00,187.00,237.00
187.00,77.00,238.00,77.00,238.00,242.00,187.00,242.00
195.00,78.00,242.00,78.00,242.00,240.00,195.00,240.00
196.00,78.00,244.00,78.00,244.00,235.00,196.00,235.00
195.00,79.00,245.00,79.00,245.00,231.00,195.00,231.00
198.00,81.00,248.00,81.00,248.00,226.00,198.00,226.00
196.00,77.00,248.00,77.00,248.00,226.00,196.00,226.00
193.00,78.00,246.00,78.00,246.00,230.00,193.00,230.00
187.00,83.00,239.00,83.00,239.00,236.00,187.00,236.00
186.00,82.00,238.00,82.00,238.00,237.00,186.00,237.00
192.00,78.00,244.00,78.00,244.00,233.00,192.00,233.00
201.00,82.00,253.00,82.00,253.00,231.00,201.00,231.00
203.00,84.00,254.00,84.00,254.00,232.00,203.00,232.00
209.00,87.00,256.00,87.00,256.00,234.00,209.00,234.00
211.00,82.00,256.00,82.00,256.00,233.00,211.00,233.00
213.00,86.00,261.00,86.00,261.00,238.00,213.00,238.00
217.00,88.00,266.00,88.00,266.00,236.00,217.00,236.00
219.00,89.00,268.00,89.00,268.00,237.00,219.00,237.00
221.00,86.00,271.00,86.00,271.00,231.00,221.00,231.00
217.00,83.00,269.00,83.00,269.00,230.00,217.00,230.00
223.00,81.00,275.00,81.00,275.00,227.00,223.00,227.00
225.00,80.00,275.00,80.00,275.00,228.00,225.00,228.00
233.00,80.00,279.00,80.00,279.00,228.00,233.00,228.00
229.00,74.00,274.00,74.00,274.00,222.00,229.00,222.00
230.00,58.00,272.00,58.00,272.00,213.00,230.00,213.00
230.00,59.00,273.00,59.00,273.00,215.00,230.00,215.00
231.00,64.00,273.00,64.00,273.00,216.00,231.00,216.00
229.00,65.00,273.00,65.00,273.00,217.00,229.00,217.00
226.00,62.00,270.00,62.00,270.00,213.00,226.00,213.00
223.00,64.00,268.00,64.00,268.00,218.00,223.00,218.00
219.00,66.00,265.00,66.00,265.00,219.00,219.00,219.00
215.00,70.00,260.00,70.00,260.00,221.00,215.00,221.00
212.00,67.00,257.00,67.00,257.00,219.00,212.00,219.00
206.00,74.00,254.00,74.00,254.00,222.00,206.00,222.00
199.00,83.00,247.00,83.00,247.00,227.00,199.00,227.00
198.00,85.00,245.00,85.00,245.00,228.00,198.00,228.00
193.00,81.00,239.00,81.00,239.00,227.00,193.00,227.00
193.00,81.00,238.00,81.00,238.00,224.00,193.00,224.00
192.00,90.00,235.00,90.00,235.00,225.00,192.00,225.00
190.00,94.00,233.00,94.00,233.00,228.00,190.00,228.00
188.00,92.00,232.00,92.00,232.00,226.00,188.00,226.00
185.00,95.00,232.00,95.00,232.00,226.00,185.00,226.00
187.00,96.00,233.00,96.00,233.00,225.00,187.00,225.00
186.00,98.00,230.00,98.00,230.00,225.00,186.00,225.00
187.00,101.00,231.00,101.00,231.00,229.00,187.00,229.00
183.00,104.00,228.00,104.00,228.00,229.00,183.00,229.00
181.00,99.00,227.00,99.00,227.00,225.00,181.00,225.00
181.00,100.00,225.00,100.00,225.00,220.00,181.00,220.00
183.00,100.00,228.00,100.00,228.00,224.00,183.00,224.00
186.00,102.00,229.00,102.00,229.00,225.00,186.00,225.00
181.00,101.00,224.00,101.00,224.00,222.00,181.00,222.00
186.00,82.00,223.00,82.00,223.00,230.00,186.00,230.00
187.00,101.00,228.00,101.00,228.00,223.00,187.00,223.00
183.00,102.00,224.00,102.00,224.00,225.00,183.00,225.00
181.00,101.00,224.00,101.00,224.00,225.00,181.00,225.00
180.00,100.00,223.00,100.00,223.00,222.00,180.00,222.00
184.00,97.00,226.00,97.00,226.00,225.00,184.00,225.00
181.00,103.00,226.00,103.00,226.00,226.00,181.00,226.00
181.00,94.00,226.00,94.00,226.00,222.00,181.00,222.00
195.00,95.00,238.00,95.00,238.00,224.00,195.00,224.00
200.00,104.00,245.00,104.00,245.00,231.00,200.00,231.00
197.00,99.00,243.00,99.00,243.00,228.00,197.00,228.00
202.00,101.00,247.00,101.00,247.00,231.00,202.00,231.00
204.00,101.00,246.00,101.00,246.00,233.00,204.00,233.00
199.00,108.00,240.00,108.00,240.00,235.00,199.00,235.00
204.00,102.00,242.00,102.00,242.00,232.00,204.00,232.00
202.00,107.00,242.00,107.00,242.00,233.00,202.00,233.00
198.00,110.00,240.00,110.00,240.00,230.00,198.00,230.00
202.00,107.00,244.00,107.00,244.00,229.00,202.00,229.00
203.00,108.00,245.00,108.00,245.00,230.00,203.00,230.00
196.00,103.00,239.00,103.00,239.00,225.00,196.00,225.00
191.00,101.00,233.00,101.00,233.00,224.00,191.00,224.00
193.00,100.00,235.00,100.00,235.00,222.00,193.00,222.00
189.00,98.00,231.00,98.00,231.00,219.00,189.00,219.00
191.00,95.00,232.00,95.00,232.00,212.00,191.00,212.00
189.00,86.00,230.00,86.00,230.00,208.00,189.00,208.00
187.00,81.00,227.00,81.00,227.00,204.00,187.00,204.00
186.00,74.00,225.00,74.00,225.00,199.00,186.00,199.00
188.00,74.00,226.00,74.00,226.00,200.00,188.00,200.00
203.00,90.00,242.00,90.00,242.00,214.00,203.00,214.00
195.00,82.00,236.00,82.00,236.00,210.00,195.00,210.00
191.00,75.00,231.00,75.00,231.00,210.00,191.00,210.00
188.00,71.00,229.00,71.00,229.00,211.00,188.00,211.00
192.00,66.00,232.00,66.00,232.00,203.00,192.00,203.00
191.00,61.00,231.00,61.00,231.00,198.00,191.00,198.00
196.00,55.00,236.00,55.00,236.00,194.00,196.00,194.00
199.00,59.00,239.00,59.00,239.00,201.00,199.00,201.00
201.00,59.00,241.00,59.00,241.00,205.00,201.00,205.00
204.00,60.00,245.00,60.00,245.00,204.00,204.00,204.00
201.00,64.00,245.00,64.00,245.00,210.00,201.00,210.00
206.00,60.00,250.00,60.00,250.00,208.00,206.00,208.00
213.00,60.00,256.00,60.00,256.00,206.00,213.00,206.00
216.00,56.00,259.00,56.00,259.00,200.00,216.00,200.00
218.00,59.00,263.00,59.00,263.00,203.00,218.00,203.00
223.00,56.00,269.00,56.00,269.00,200.00,223.00,200.00
228.00,51.00,272.00,51.00,272.00,194.00,228.00,194.00
230.00,46.00,273.00,46.00,273.00,193.00,230.00,193.00
229.00,39.00,273.00,39.00,273.00,194.00,229.00,194.00
225.00,41.00,270.00,41.00,270.00,206.00,225.00,206.00
226.00,45.00,270.00,45.00,270.00,202.00,226.00,202.00
234.00,57.00,278.00,57.00,278.00,207.00,234.00,207.00
236.00,57.00,279.00,57.00,279.00,205.00,236.00,205.00
241.00,54.00,284.00,54.00,284.00,202.00,241.00,202.00
244.00,53.00,286.00,53.00,286.00,200.00,244.00,200.00
248.00,65.00,288.00,65.00,288.00,209.00,248.00,209.00
251.00,62.00,292.00,62.00,292.00,209.00,251.00,209.00
256.00,63.00,296.00,63.00,296.00,210.00,256.00,210.00
260.00,64.00,301.00,64.00,301.00,211.00,260.00,211.00
260.00,59.00,301.00,59.00,301.00,205.00,260.00,205.00
277.00,61.00,320.00,61.00,320.00,209.00,277.00,209.00
279.00,64.00,322.00,64.00,322.00,211.00,279.00,211.00
277.00,62.00,321.00,62.00,321.00,205.00,277.00,205.00
284.00,56.00,322.00,56.00,322.00,223.00,284.00,223.00
282.00,60.00,322.00,60.00,322.00,199.00,282.00,199.00
281.00,60.00,324.00,60.00,324.00,201.00,281.00,201.00
278.00,61.00,322.00,61.00,322.00,202.00,278.00,202.00
277.00,53.00,320.00,53.00,320.00,193.00,277.00,193.00
274.00,44.00,316.00,44.00,316.00,189.00,274.00,189.00
272.00,44.00,314.00,44.00,314.00,189.00,272.00,189.00
273.00,34.00,312.00,34.00,312.00,181.00,273.00,181.00
270.00,38.00,309.00,38.00,309.00,185.00,270.00,185.00
268.00,40.00,305.00,40.00,305.00,185.00,268.00,185.00
265.00,41.00,302.00,41.00,302.00,186.00,265.00,186.00
263.00,41.00,302.00,41.00,302.00,186.00,263.00,186.00
261.00,41.00,301.00,41.00,301.00,189.00,261.00,189.00
260.00,40.00,302.00,40.00,302.00,192.00,260.00,192.00
258.00,42.00,301.00,42.00,301.00,198.00,258.00,198.00
256.00,44.00,300.00,44.00,300.00,201.00,256.00,201.00
252.00,46.00,298.00,46.00,298.00,207.00,252.00,207.00
247.00,45.00,295.00,45.00,295.00,210.00,247.00,210.00
239.00,51.00,287.00,51.00,287.00,217.00,239.00,217.00
237.00,43.00,288.00,43.00,288.00,215.00,237.00,215.00
230.00,44.00,281.00,44.00,281.00,214.00,230.00,214.00
220.00,44.00,272.00,44.00,272.00,220.00,220.00,220.00
212.00,45.00,265.00,45.00,265.00,222.00,212.00,222.00
202.00,47.00,254.00,47.00,254.00,229.00,202.00,229.00
185.00,65.00,237.00,65.00,237.00,253.00,185.00,253.00
182.00,61.00,233.00,61.00,233.00,259.00,182.00,259.00
186.00,67.00,235.00,67.00,235.00,267.00,186.00,267.00
182.00,90.00,230.00,90.00,230.00,288.00,182.00,288.00
177.00,102.00,226.00,102.00,226.00,297.00,177.00,297.00
167.00,113.00,215.00,113.00,215.00,302.00,167.00,302.00
156.00,112.00,201.00,112.00,201.00,315.00,156.00,315.00
147.00,100.00,193.00,100.00,193.00,308.00,147.00,308.00
134.00,101.00,181.00,101.00,181.00,312.00,134.00,312.00
102.00,59.00,150.00,59.00,150.00,275.00,102.00,275.00
115.00,99.00,163.00,99.00,163.00,316.00,115.00,316.00
114.00,75.00,163.00,75.00,163.00,299.00,114.00,299.00
105.00,81.00,154.00,81.00,154.00,304.00,105.00,304.00
99.00,76.00,148.00,76.00,148.00,299.00,99.00,299.00
94.00,79.00,143.00,79.00,143.00,303.00,94.00,303.00
91.00,74.00,140.00,74.00,140.00,299.00,91.00,299.00
76.00,95.00,125.00,95.00,125.00,319.00,76.00,319.00
80.00,83.00,140.00,83.00,140.00,290.00,80.00,290.00
98.00,87.00,158.00,87.00,158.00,290.00,98.00,290.00
97.00,93.00,157.00,93.00,157.00,295.00,97.00,295.00
97.00,91.00,156.00,91.00,156.00,287.00,97.00,287.00
98.00,87.00,157.00,87.00,157.00,285.00,98.00,285.00
95.00,90.00,156.00,90.00,156.00,283.00,95.00,283.00
91.00,91.00,153.00,91.00,153.00,280.00,91.00,280.00
55.00,80.00,113.00,80.00,113.00,271.00,55.00,271.00
62.00,80.00,119.00,80.00,119.00,278.00,62.00,278.00
63.00,79.00,120.00,79.00,120.00,275.00,63.00,275.00
67.00,67.00,125.00,67.00,125.00,268.00,67.00,268.00
70.00,68.00,128.00,68.00,128.00,269.00,70.00,269.00
74.00,75.00,132.00,75.00,132.00,271.00,74.00,271.00
71.00,77.00,131.00,77.00,131.00,273.00,71.00,273.00
79.00,75.00,137.00,75.00,137.00,265.00,79.00,265.00
81.00,86.00,140.00,86.00,140.00,274.00,81.00,274.00
92.00,56.00,143.00,56.00,143.00,291.00,92.00,291.00
85.00,82.00,144.00,82.00,144.00,262.00,85.00,262.00
100.00,50.00,151.00,50.00,151.00,283.00,100.00,283.00
97.00,68.00,153.00,68.00,153.00,247.00,97.00,247.00
103.00,52.00,153.00,52.00,153.00,279.00,103.00,279.00
105.00,46.00,155.00,46.00,155.00,272.00,105.00,272.00
100.00,48.00,150.00,48.00,150.00,273.00,100.00,273.00
103.00,43.00,153.00,43.00,153.00,266.00,103.00,266.00
101.00,59.00,156.00,59.00,156.00,230.00,101.00,230.00
102.00,59.00,157.00,59.00,157.00,228.00,102.00,228.00
101.00,38.00,149.00,38.00,149.00,247.00,101.00,247.00
105.00,40.00,153.00,40.00,153.00,247.00,105.00,247.00
124.00,61.00,178.00,61.00,178.00,222.00,124.00,222.00
130.00,62.00,184.00,62.00,184.00,221.00,130.00,221.00
134.00,56.00,186.00,56.00,186.00,216.00,134.00,216.00
106.00,57.00,161.00,57.00,161.00,219.00,106.00,219.00
137.00,57.00,187.00,57.00,187.00,220.00,137.00,220.00
135.00,58.00,186.00,58.00,186.00,219.00,135.00,219.00
105.00,63.00,158.00,63.00,158.00,222.00,105.00,222.00
105.00,65.00,158.00,65.00,158.00,222.00,105.00,222.00
116.00,64.00,165.00,64.00,165.00,222.00,116.00,222.00
113.00,64.00,162.00,64.00,162.00,223.00,113.00,223.00
120.00,62.00,170.00,62.00,170.00,221.00,120.00,221.00
119.00,65.00,169.00,65.00,169.00,221.00,119.00,221.00
124.00,61.00,174.00,61.00,174.00,221.00,124.00,221.00
125.00,62.00,175.00,62.00,175.00,220.00,125.00,220.00
134.00,59.00,182.00,59.00,182.00,217.00,134.00,217.00
131.00,60.00,180.00,60.00,180.00,217.00,131.00,217.00
140.00,58.00,189.00,58.00,189.00,215.00,140.00,215.00
141.00,56.00,190.00,56.00,190.00,213.00,141.00,213.00
150.00,49.00,198.00,49.00,198.00,211.00,150.00,211.00
152.00,52.00,200.00,52.00,200.00,211.00,152.00,211.00
147.00,53.00,197.00,53.00,197.00,206.00,147.00,206.00
147.00,55.00,197.00,55.00,197.00,209.00,147.00,209.00
148.00,64.00,198.00,64.00,198.00,213.00,148.00,213.00
148.00,60.00,198.00,60.00,198.00,211.00,148.00,211.00
142.00,62.00,192.00,62.00,192.00,218.00,142.00,218.00
146.00,66.00,194.00,66.00,194.00,218.00,146.00,218.00
147.00,65.00,198.00,65.00,198.00,218.00,147.00,218.00
147.00,63.00,196.00,63.00,196.00,216.00,147.00,216.00
180.00,66.00,226.00,66.00,226.00,208.00,180.00,208.00
181.00,65.00,226.00,65.00,226.00,205.00,181.00,205.00
189.00,76.00,236.00,76.00,236.00,214.00,189.00,214.00
193.00,73.00,239.00,73.00,239.00,211.00,193.00,211.00
191.00,73.00,236.00,73.00,236.00,212.00,191.00,212.00
191.00,73.00,236.00,73.00,236.00,212.00,191.00,212.00
186.00,66.00,232.00,66.00,232.00,211.00,186.00,211.00
187.00,65.00,233.00,65.00,233.00,209.00,187.00,209.00
187.00,68.00,230.00,68.00,230.00,210.00,187.00,210.00
185.00,69.00,229.00,69.00,229.00,211.00,185.00,211.00
186.00,59.00,226.00,59.00,226.00,204.00,186.00,204.00
183.00,61.00,224.00,61.00,224.00,202.00,183.00,202.00
182.00,57.00,221.00,57.00,221.00,203.00,182.00,203.00
