1
163.00,53.00,207.00,53.00,207.00,227.00,163.00,227.00
164.00,50.00,210.00,50.00,210.00,226.00,164.00,226.00
165.00,50.00,210.00,50.00,210.00,225.00,165.00,225.00
166.00,45.00,212.00,45.00,212.00,224.00,166.00,224.00
167.00,45.00,212.00,45.00,212.00,224.00,167.00,224.00
167.00,44.00,212.00,44.00,212.00,224.00,167.00,224.00
167.00,44.00,212.00,44.00,212.00,226.00,167.00,226.00
165.00,45.00,208.00,45.00,208.00,225.00,165.00,225.00
166.00,44.00,209.00,44.00,209.00,225.00,166.00,225.00
161.00,47.00,203.00,47.00,203.00,228.00,161.00,228.00
161.00,46.00,204.00,46.00,204.00,227.00,161.00,227.00
153.00,47.00,198.00,47.00,198.00,228.00,153.00,228.00
155.00,45.00,199.00,45.00,199.00,229.00,155.00,229.00
152.00,46.00,194.00,46.00,194.00,228.00,152.00,228.00
148.00,46.00,193.00,46.00,193.00,227.00,148.00,227.00
145.00,53.00,189.00,53.00,189.00,226.00,145.00,226.00
144.00,51.00,190.00,51.00,190.00,226.00,144.00,226.00
142.00,54.00,187.00,54.00,187.00,225.00,142.00,225.00
143.00,52.00,188.00,52.00,188.00,226.00,143.00,226.00
142.00,55.00,185.00,55.00,185.00,225.00,142.00,225.00
143.00,53.00,186.00,53.00,186.00,225.00,143.00,225.00
141.00,51.00,186.00,51.00,186.00,224.00,141.00,224.00
142.00,55.00,185.00,55.00,185.00,226.00,142.00,226.00
145.00,52.00,186.00,52.00,186.00,229.00,145.00,229.00
144.00,55.00,185.00,55.00,185.00,228.00,144.00,228.00
146.00,53.00,186.00,53.00,186.00,226.00,146.00,226.00
145.00,54.00,186.00,54.00,186.00,225.00,145.00,225.00
146.00,55.00,188.00,55.00,188.00,222.00,146.00,222.00
147.00,55.00,188.00,55.00,188.00,223.00,147.00,223.00
147.00,55.00,186.00,55.00,186.00,223.00,147.00,223.00
149.00,53.00,187.00,53.00,187.00,224.00,149.00,224.00
148.00,52.00,188.00,52.00,188.00,219.00,148.00,219.00
150.00,53.00,188.00,53.00,188.00,220.00,150.00,220.00
148.00,56.00,189.00,56.00,189.00,219.00,148.00,219.00
146.00,55.00,188.00,55.00,188.00,220.00,146.00,220.00
148.00,56.00,191.00,56.00,191.00,215.00,148.00,215.00
151.00,58.00,192.00,58.00,192.00,214.00,151.00,214.00
150.00,58.00,193.00,58.00,193.00,213.00,150.00,213.00
149.00,58.00,192.00,58.00,192.00,213.00,149.00,213.00
144.00,61.00,191.00,61.00,191.00,217.00,144.00,217.00
147.00,60.00,193.00,60.00,193.00,214.00,147.00,214.00
149.00,57.00,194.00,57.00,194.00,209.00,149.00,209.00
147.00,62.00,192.00,62.00,192.00,215.00,147.00,215.00
143.00,65.00,191.00,65.00,191.00,216.00,143.00,216.00
147.00,61.00,194.00,61.00,194.00,211.00,147.00,211.00
148.00,60.00,195.00,60.00,195.00,215.00,148.00,215.00
146.00,61.00,193.00,61.00,193.00,215.00,146.00,215.00
142.00,69.00,187.00,69.00,187.00,221.00,142.00,221.00
147.00,60.00,192.00,60.00,192.00,216.00,147.00,216.00
159.00,52.00,200.00,52.00,200.00,205.00,159.00,205.00
158.00,52.00,199.00,52.00,199.00,205.00,158.00,205.00
161.00,52.00,200.00,52.00,200.00,207.00,161.00,207.00
160.00,53.00,199.00,53.00,199.00,208.00,160.00,208.00
156.00,57.00,196.00,57.00,196.00,217.00,156.00,217.00
155.00,57.00,196.00,57.00,196.00,217.00,155.00,217.00
159.00,63.00,199.00,63.00,199.00,213.00,159.00,213.00
159.00,66.00,198.00,66.00,198.00,217.00,159.00,217.00
162.00,68.00,202.00,68.00,202.00,215.00,162.00,215.00
163.00,66.00,203.00,66.00,203.00,213.00,163.00,213.00
164.00,60.00,207.00,60.00,207.00,214.00,164.00,214.00
164.00,64.00,207.00,64.00,207.00,217.00,164.00,217.00
167.00,63.00,212.00,63.00,212.00,218.00,167.00,218.00
167.00,64.00,211.00,64.00,211.00,216.00,167.00,216.00
171.00,64.00,215.00,64.00,215.00,218.00,171.00,218.00
171.00,67.00,215.00,67.00,215.00,221.00,171.00,221.00
174.00,64.00,220.00,64.00,220.00,220.00,174.00,220.00
174.00,62.00,220.00,62.00,220.00,220.00,174.00,220.00
177.00,63.00,223.00,63.00,223.00,223.00,177.00,223.00
177.00,64.00,224.00,64.00,224.00,225.00,177.00,225.00
182.00,62.00,230.00,62.00,230.00,224.00,182.00,224.00
182.00,62.00,230.00,62.00,230.00,224.00,182.00,224.00
188.00,64.00,237.00,64.00,237.00,227.00,188.00,227.00
188.00,62.00,238.00,62.00,238.00,227.00,188.00,227.00
198.00,65.00,245.00,65.00,245.00,228.00,198.00,228.00
196.00,61.00,244.00,61.00,244.00,228.00,196.00,228.00
200.00,60.00,247.00,60.00,247.00,227.00,200.00,227.00
202.00,62.00,249.00,62.00,249.00,228.00,202.00,228.00
206.00,53.00,258.00,53.00,258.00,228.00,206.00,228.00
207.00,52.00,258.00,52.00,258.00,227.00,207.00,227.00
212.00,46.00,262.00,46.00,262.00,222.00,212.00,222.00
213.00,43.00,264.00,43.00,264.00,221.00,213.00,221.00
214.00,43.00,266.00,43.00,266.00,223.00,214.00,223.00
212.00,43.00,264.00,43.00,264.00,222.00,212.00,222.00
214.00,46.00,264.00,46.00,264.00,221.00,214.00,221.00
217.00,44.00,267.00,44.00,267.00,217.00,217.00,217.00
217.00,44.00,267.00,44.00,267.00,220.00,217.00,220.00
215.00,49.00,264.00,49.00,264.00,222.00,215.00,222.00
218.00,47.00,263.00,47.00,263.00,217.00,218.00,217.00
219.00,43.00,264.00,43.00,264.00,215.00,219.00,215.00
218.00,51.00,260.00,51.00,260.00,220.00,218.00,220.00
219.00,50.00,261.00,50.00,261.00,219.00,219.00,219.00
221.00,62.00,266.00,62.00,266.00,221.00,221.00,221.00
219.00,59.00,262.00,59.00,262.00,221.00,219.00,221.00
219.00,66.00,265.00,66.00,265.00,226.00,219.00,226.00
219.00,69.00,264.00,69.00,264.00,227.00,219.00,227.00
222.00,71.00,271.00,71.00,271.00,231.00,222.00,231.00
220.00,72.00,270.00,72.00,270.00,231.00,220.00,231.00
230.00,81.00,278.00,81.00,278.00,234.00,230.00,234.00
229.00,79.00,276.00,79.00,276.00,232.00,229.00,232.00
230.00,88.00,279.00,88.00,279.00,236.00,230.00,236.00
229.00,85.00,278.00,85.00,278.00,235.00,229.00,235.00
231.00,86.00,279.00,86.00,279.00,233.00,231.00,233.00
228.00,88.00,278.00,88.00,278.00,237.00,228.00,237.00
233.00,69.00,274.00,69.00,274.00,252.00,233.00,252.00
229.00,86.00,279.00,86.00,279.00,235.00,229.00,235.00
229.00,87.00,277.00,87.00,277.00,239.00,229.00,239.00
233.00,83.00,280.00,83.00,280.00,234.00,233.00,234.00
234.00,90.00,280.00,90.00,280.00,235.00,234.00,235.00
234.00,87.00,280.00,87.00,280.00,237.00,234.00,237.00
236.00,90.00,280.00,90.00,280.00,236.00,236.00,236.00
235.00,88.00,281.00,88.00,281.00,238.00,235.00,238.00
234.00,87.00,279.00,87.00,279.00,236.00,234.00,236.00
230.00,82.00,274.00,82.00,274.00,231.00,230.00,231.00
222.00,78.00,268.00,78.00,268.00,232.00,222.00,232.00
205.00,80.00,253.00,80.00,253.00,236.00,205.00,236.00
209.00,75.00,254.00,75.00,254.00,229.00,209.00,229.00
206.00,76.00,250.00,76.00,250.00,229.00,206.00,229.00
210.00,72.00,251.00,72.00,251.00,251.00,210.00,251.00
194.00,74.00,241.00,74.00,241.00,233.00,194.00,233.00
185.00,63.00,230.00,63.00,230.00,219.00,185.00,219.00
180.00,56.00,225.00,56.00,225.00,212.00,180.00,212.00
196.00,58.00,236.00,58.00,236.00,231.00,196.00,231.00
185.00,58.00,233.00,58.00,233.00,209.00,185.00,209.00
171.00,42.00,216.00,42.00,216.00,195.00,171.00,195.00
164.00,28.00,210.00,28.00,210.00,186.00,164.00,186.00
156.00,27.00,201.00,27.00,201.00,184.00,156.00,184.00
155.00,24.00,199.00,24.00,199.00,183.00,155.00,183.00
150.00,25.00,194.00,25.00,194.00,183.00,150.00,183.00
145.00,17.00,192.00,17.00,192.00,186.00,145.00,186.00
153.00,23.00,198.00,23.00,198.00,188.00,153.00,188.00
147.00,19.00,191.00,19.00,191.00,180.00,147.00,180.00
155.00,20.00,202.00,20.00,202.00,181.00,155.00,181.00
159.00,30.00,206.00,30.00,206.00,183.00,159.00,183.00
157.00,26.00,202.00,26.00,202.00,184.00,157.00,184.00
163.00,26.00,209.00,26.00,209.00,192.00,163.00,192.00
166.00,32.00,213.00,32.00,213.00,194.00,166.00,194.00
169.00,28.00,212.00,28.00,212.00,187.00,169.00,187.00
175.00,33.00,220.00,33.00,220.00,196.00,175.00,196.00
188.00,44.00,235.00,44.00,235.00,214.00,188.00,214.00
191.00,44.00,239.00,44.00,239.00,208.00,191.00,208.00
201.00,54.00,247.00,54.00,247.00,223.00,201.00,223.00
208.00,60.00,255.00,60.00,255.00,230.00,208.00,230.00
210.00,63.00,260.00,63.00,260.00,226.00,210.00,226.00
232.00,55.00,278.00,55.00,278.00,223.00,232.00,223.00
233.00,56.00,279.00,56.00,279.00,221.00,233.00,221.00
238.00,51.00,283.00,51.00,283.00,217.00,238.00,217.00
249.00,55.00,294.00,55.00,294.00,221.00,249.00,221.00
253.00,66.00,299.00,66.00,299.00,226.00,253.00,226.00
250.00,61.00,296.00,61.00,296.00,220.00,250.00,220.00
245.00,61.00,292.00,61.00,292.00,217.00,245.00,217.00
252.00,52.00,298.00,52.00,298.00,210.00,252.00,210.00
250.00,55.00,296.00,55.00,296.00,216.00,250.00,216.00
249.00,56.00,295.00,56.00,295.00,217.00,249.00,217.00
250.00,56.00,296.00,56.00,296.00,216.00,250.00,216.00
249.00,59.00,294.00,59.00,294.00,218.00,249.00,218.00
251.00,56.00,296.00,56.00,296.00,216.00,251.00,216.00
250.00,51.00,295.00,51.00,295.00,214.00,250.00,214.00
249.00,52.00,293.00,52.00,293.00,216.00,249.00,216.00
257.00,39.00,300.00,39.00,300.00,207.00,257.00,207.00
250.00,49.00,293.00,49.00,293.00,214.00,250.00,214.00
251.00,46.00,293.00,46.00,293.00,216.00,251.00,216.00
257.00,35.00,301.00,35.00,301.00,213.00,257.00,213.00
256.00,42.00,301.00,42.00,301.00,220.00,256.00,220.00
243.00,51.00,290.00,51.00,290.00,221.00,243.00,221.00
230.00,59.00,276.00,59.00,276.00,218.00,230.00,218.00
225.00,60.00,273.00,60.00,273.00,220.00,225.00,220.00
224.00,59.00,270.00,59.00,270.00,217.00,224.00,217.00
216.00,57.00,263.00,57.00,263.00,213.00,216.00,213.00
213.00,49.00,259.00,49.00,259.00,211.00,213.00,211.00
207.00,55.00,254.00,55.00,254.00,218.00,207.00,218.00
194.00,55.00,243.00,55.00,243.00,217.00,194.00,217.00
190.00,51.00,236.00,51.00,236.00,219.00,190.00,219.00
191.00,49.00,234.00,49.00,234.00,215.00,191.00,215.00
185.00,48.00,230.00,48.00,230.00,214.00,185.00,214.00
182.00,53.00,226.00,53.00,226.00,218.00,182.00,218.00
181.00,59.00,226.00,59.00,226.00,227.00,181.00,227.00
183.00,54.00,229.00,54.00,229.00,220.00,183.00,220.00
182.00,66.00,229.00,66.00,229.00,225.00,182.00,225.00
179.00,70.00,227.00,70.00,227.00,230.00,179.00,230.00
183.00,73.00,230.00,73.00,230.00,230.00,183.00,230.00
187.00,68.00,235.00,68.00,235.00,228.00,187.00,228.00
186.00,78.00,233.00,78.00,233.00,231.00,186.00,231.00
181.00,77.00,229.00,77.00,229.00,236.00,181.00,236.00
183.00,76.00,233.00,76.00,233.00,237.00,183.00,237.00
187.00,78.00,237.00,78.00,237.00,239.00,187.00,239.00
183.00,88.00,232.00,88.00,232.00,238.00,183.00,238.00
188.00,91.00,236.00,91.00,236.00,238.00,188.00,238.00
184.00,90.00,234.00,90.00,234.00,239.00,184.00,239.00
184.00,90.00,232.00,90.00,232.00,239.00,184.00,239.00
180.00,84.00,229.00,84.00,229.00,239.00,180.00,239.00
181.00,81.00,229.00,81.00,229.00,241.00,181.00,241.00
183.00,90.00,229.00,90.00,229.00,244.00,183.00,244.00
191.00,79.00,236.00,79.00,236.00,238.00,191.00,238.00
237.00,71.00,277.00,71.00,277.00,218.00,237.00,218.00
237.00,67.00,277.00,67.00,277.00,212.00,237.00,212.00
237.00,57.00,277.00,57.00,277.00,204.00,237.00,204.00
238.00,66.00,277.00,66.00,277.00,210.00,238.00,210.00
229.00,64.00,269.00,64.00,269.00,216.00,229.00,216.00
235.00,70.00,273.00,70.00,273.00,217.00,235.00,217.00
234.00,71.00,271.00,71.00,271.00,216.00,234.00,216.00
229.00,74.00,268.00,74.00,268.00,227.00,229.00,227.00
220.00,83.00,263.00,83.00,263.00,240.00,220.00,240.00
225.00,83.00,268.00,83.00,268.00,238.00,225.00,238.00
226.00,87.00,269.00,87.00,269.00,237.00,226.00,237.00
241.00,88.00,282.00,88.00,282.00,236.00,241.00,236.00
242.00,81.00,285.00,81.00,285.00,239.00,242.00,239.00
242.00,77.00,287.00,77.00,287.00,239.00,242.00,239.00
248.00,71.00,292.00,71.00,292.00,227.00,248.00,227.00
259.00,87.00,299.00,87.00,299.00,235.00,259.00,235.00
261.00,86.00,301.00,86.00,301.00,237.00,261.00,237.00
262.00,82.00,303.00,82.00,303.00,235.00,262.00,235.00
262.00,77.00,303.00,77.00,303.00,230.00,262.00,230.00
261.00,64.00,304.00,64.00,304.00,219.00,261.00,219.00
259.00,64.00,303.00,64.00,303.00,218.00,259.00,218.00
255.00,66.00,300.00,66.00,300.00,219.00,255.00,219.00
258.00,65.00,301.00,65.00,301.00,212.00,258.00,212.00
250.00,58.00,295.00,58.00,295.00,208.00,250.00,208.00
243.00,57.00,291.00,57.00,291.00,213.00,243.00,213.00
240.00,54.00,287.00,54.00,287.00,214.00,240.00,214.00
236.00,54.00,282.00,54.00,282.00,213.00,236.00,213.00
232.00,53.00,279.00,53.00,279.00,213.00,232.00,213.00
226.00,45.00,274.00,45.00,274.00,201.00,226.00,201.00
226.00,49.00,274.00,49.00,274.00,210.00,226.00,210.00
223.00,46.00,271.00,46.00,271.00,204.00,223.00,204.00
222.00,45.00,270.00,45.00,270.00,200.00,222.00,200.00
221.00,44.00,268.00,44.00,268.00,195.00,221.00,195.00
220.00,46.00,268.00,46.00,268.00,198.00,220.00,198.00
220.00,47.00,268.00,47.00,268.00,199.00,220.00,199.00
220.00,50.00,269.00,50.00,269.00,202.00,220.00,202.00
219.00,53.00,269.00,53.00,269.00,201.00,219.00,201.00
221.00,54.00,270.00,54.00,270.00,203.00,221.00,203.00
221.00,56.00,271.00,56.00,271.00,203.00,221.00,203.00
224.00,56.00,274.00,56.00,274.00,206.00,224.00,206.00
222.00,60.00,273.00,60.00,273.00,207.00,222.00,207.00
221.00,64.00,269.00,64.00,269.00,208.00,221.00,208.00
219.00,68.00,264.00,68.00,264.00,210.00,219.00,210.00
222.00,66.00,268.00,66.00,268.00,210.00,222.00,210.00
220.00,68.00,265.00,68.00,265.00,208.00,220.00,208.00
221.00,68.00,264.00,68.00,264.00,205.00,221.00,205.00
221.00,70.00,264.00,70.00,264.00,205.00,221.00,205.00
219.00,67.00,262.00,67.00,262.00,197.00,219.00,197.00
225.00,72.00,269.00,72.00,269.00,207.00,225.00,207.00
222.00,57.00,261.00,57.00,261.00,218.00,222.00,218.00
211.00,75.00,254.00,75.00,254.00,204.00,211.00,204.00
209.00,81.00,250.00,81.00,250.00,216.00,209.00,216.00
209.00,83.00,251.00,83.00,251.00,220.00,209.00,220.00
207.00,90.00,251.00,90.00,251.00,231.00,207.00,231.00
207.00,91.00,252.00,91.00,252.00,238.00,207.00,238.00
199.00,72.00,242.00,72.00,242.00,221.00,199.00,221.00
198.00,67.00,241.00,67.00,241.00,213.00,198.00,213.00
195.00,66.00,236.00,66.00,236.00,218.00,195.00,218.00
195.00,68.00,235.00,68.00,235.00,228.00,195.00,228.00
195.00,68.00,237.00,68.00,237.00,223.00,195.00,223.00
195.00,64.00,236.00,64.00,236.00,216.00,195.00,216.00
197.00,69.00,237.00,69.00,237.00,211.00,197.00,211.00
203.00,82.00,245.00,82.00,245.00,224.00,203.00,224.00
215.00,85.00,259.00,85.00,259.00,246.00,215.00,246.00
195.00,72.00,237.00,72.00,237.00,215.00,195.00,215.00
196.00,67.00,237.00,67.00,237.00,204.00,196.00,204.00
197.00,61.00,237.00,61.00,237.00,203.00,197.00,203.00
196.00,61.00,238.00,61.00,238.00,207.00,196.00,207.00
197.00,58.00,241.00,58.00,241.00,203.00,197.00,203.00
197.00,61.00,240.00,61.00,240.00,205.00,197.00,205.00
196.00,57.00,238.00,57.00,238.00,200.00,196.00,200.00
194.00,59.00,237.00,59.00,237.00,199.00,194.00,199.00
193.00,60.00,237.00,60.00,237.00,200.00,193.00,200.00
190.00,59.00,236.00,59.00,236.00,196.00,190.00,196.00
180.00,59.00,228.00,59.00,228.00,195.00,180.00,195.00
193.00,51.00,237.00,51.00,237.00,190.00,193.00,190.00
195.00,49.00,239.00,49.00,239.00,189.00,195.00,189.00
192.00,57.00,236.00,57.00,236.00,192.00,192.00,192.00
191.00,63.00,238.00,63.00,238.00,204.00,191.00,204.00
199.00,76.00,246.00,76.00,246.00,227.00,199.00,227.00
185.00,51.00,231.00,51.00,231.00,206.00,185.00,206.00
188.00,63.00,231.00,63.00,231.00,209.00,188.00,209.00
216.00,82.00,262.00,82.00,262.00,244.00,216.00,244.00
216.00,89.00,260.00,89.00,260.00,248.00,216.00,248.00
195.00,75.00,240.00,75.00,240.00,218.00,195.00,218.00
196.00,84.00,244.00,84.00,244.00,234.00,196.00,234.00
191.00,77.00,238.00,77.00,238.00,227.00,191.00,227.00
191.00,84.00,240.00,84.00,240.00,230.00,191.00,230.00
195.00,91.00,242.00,91.00,242.00,239.00,195.00,239.00
190.00,83.00,235.00,83.00,235.00,224.00,190.00,224.00
191.00,85.00,236.00,85.00,236.00,233.00,191.00,233.00
194.00,90.00,239.00,90.00,239.00,233.00,194.00,233.00
190.00,81.00,233.00,81.00,233.00,227.00,190.00,227.00
193.00,78.00,238.00,78.00,238.00,223.00,193.00,223.00
190.00,82.00,234.00,82.00,234.00,236.00,190.00,236.00
192.00,72.00,237.00,72.00,237.00,230.00,192.00,230.00
192.00,65.00,236.00,65.00,236.00,227.00,192.00,227.00
194.00,79.00,239.00,79.00,239.00,236.00,194.00,236.00
195.00,79.00,239.00,79.00,239.00,233.00,195.00,233.00
196.00,77.00,240.00,77.00,240.00,234.00,196.00,234.00
200.00,72.00,241.00,72.00,241.00,229.00,200.00,229.00
201.00,70.00,242.00,70.00,242.00,229.00,201.00,229.00
205.00,70.00,245.00,70.00,245.00,229.00,205.00,229.00
207.00,66.00,245.00,66.00,245.00,224.00,207.00,224.00
209.00,66.00,248.00,66.00,248.00,230.00,209.00,230.00
211.00,60.00,250.00,60.00,250.00,215.00,211.00,215.00
211.00,62.00,250.00,62.00,250.00,218.00,211.00,218.00
211.00,64.00,251.00,64.00,251.00,217.00,211.00,217.00
215.00,60.00,254.00,60.00,254.00,214.00,215.00,214.00
217.00,56.00,255.00,56.00,255.00,218.00,217.00,218.00
217.00,59.00,255.00,59.00,255.00,217.00,217.00,217.00
220.00,59.00,256.00,59.00,256.00,211.00,220.00,211.00
221.00,50.00,256.00,50.00,256.00,198.00,221.00,198.00
219.00,58.00,256.00,58.00,256.00,209.00,219.00,209.00
223.00,51.00,258.00,51.00,258.00,196.00,223.00,196.00
223.00,52.00,258.00,52.00,258.00,201.00,223.00,201.00
223.00,49.00,259.00,49.00,259.00,200.00,223.00,200.00
226.00,44.00,260.00,44.00,260.00,193.00,226.00,193.00
228.00,46.00,262.00,46.00,262.00,195.00,228.00,195.00
226.00,50.00,262.00,50.00,262.00,207.00,226.00,207.00
227.00,54.00,263.00,54.00,263.00,208.00,227.00,208.00
229.00,56.00,265.00,56.00,265.00,212.00,229.00,212.00
227.00,52.00,264.00,52.00,264.00,204.00,227.00,204.00
226.00,57.00,263.00,57.00,263.00,213.00,226.00,213.00
226.00,56.00,264.00,56.00,264.00,207.00,226.00,207.00
226.00,58.00,263.00,58.00,263.00,209.00,226.00,209.00
223.00,56.00,260.00,56.00,260.00,205.00,223.00,205.00
223.00,57.00,260.00,57.00,260.00,205.00,223.00,205.00
221.00,57.00,259.00,57.00,259.00,207.00,221.00,207.00
222.00,56.00,260.00,56.00,260.00,209.00,222.00,209.00
215.00,65.00,255.00,65.00,255.00,215.00,215.00,215.00
215.00,62.00,256.00,62.00,256.00,216.00,215.00,216.00
218.00,58.00,258.00,58.00,258.00,213.00,218.00,213.00
217.00,68.00,257.00,68.00,257.00,219.00,217.00,219.00
206.00,81.00,248.00,81.00,248.00,230.00,206.00,230.00
199.00,89.00,243.00,89.00,243.00,239.00,199.00,239.00
203.00,90.00,247.00,90.00,247.00,240.00,203.00,240.00
203.00,92.00,248.00,92.00,248.00,239.00,203.00,239.00
201.00,92.00,246.00,92.00,246.00,243.00,201.00,243.00
202.00,86.00,250.00,86.00,250.00,239.00,202.00,239.00
205.00,85.00,251.00,85.00,251.00,238.00,205.00,238.00
206.00,88.00,250.00,88.00,250.00,239.00,206.00,239.00
209.00,93.00,253.00,93.00,253.00,238.00,209.00,238.00
211.00,97.00,256.00,97.00,256.00,237.00,211.00,237.00
210.00,94.00,247.00,94.00,247.00,255.00,210.00,255.00
212.00,92.00,255.00,92.00,255.00,242.00,212.00,242.00
215.00,100.00,257.00,100.00,257.00,243.00,215.00,243.00
221.00,101.00,263.00,101.00,263.00,241.00,221.00,241.00
228.00,101.00,271.00,101.00,271.00,239.00,228.00,239.00
232.00,103.00,274.00,103.00,274.00,239.00,232.00,239.00
235.00,104.00,271.00,104.00,271.00,262.00,235.00,262.00
232.00,103.00,279.00,103.00,279.00,244.00,232.00,244.00
233.00,106.00,278.00,106.00,278.00,249.00,233.00,249.00
235.00,102.00,280.00,102.00,280.00,248.00,235.00,248.00
243.00,91.00,288.00,91.00,288.00,237.00,243.00,237.00
250.00,77.00,296.00,77.00,296.00,227.00,250.00,227.00
251.00,81.00,299.00,81.00,299.00,233.00,251.00,233.00
249.00,78.00,295.00,78.00,295.00,236.00,249.00,236.00
247.00,69.00,294.00,69.00,294.00,240.00,247.00,240.00
256.00,59.00,302.00,59.00,302.00,231.00,256.00,231.00
254.00,69.00,301.00,69.00,301.00,244.00,254.00,244.00
257.00,68.00,304.00,68.00,304.00,241.00,257.00,241.00
257.00,73.00,303.00,73.00,303.00,242.00,257.00,242.00
262.00,72.00,309.00,72.00,309.00,238.00,262.00,238.00
263.00,70.00,310.00,70.00,310.00,236.00,263.00,236.00
264.00,63.00,311.00,63.00,311.00,233.00,264.00,233.00
277.00,49.00,322.00,49.00,322.00,223.00,277.00,223.00
267.00,58.00,314.00,58.00,314.00,229.00,267.00,229.00
274.00,48.00,321.00,48.00,321.00,222.00,274.00,222.00
272.00,46.00,318.00,46.00,318.00,224.00,272.00,224.00
262.00,50.00,309.00,50.00,309.00,228.00,262.00,228.00
275.00,29.00,323.00,29.00,323.00,214.00,275.00,214.00
253.00,46.00,303.00,46.00,303.00,234.00,253.00,234.00
251.00,42.00,301.00,42.00,301.00,232.00,251.00,232.00
245.00,41.00,295.00,41.00,295.00,233.00,245.00,233.00
241.00,45.00,290.00,45.00,290.00,232.00,241.00,232.00
238.00,42.00,291.00,42.00,291.00,236.00,238.00,236.00
232.00,33.00,286.00,33.00,286.00,232.00,232.00,232.00
228.00,30.00,284.00,30.00,284.00,225.00,228.00,225.00
218.00,41.00,275.00,41.00,275.00,232.00,218.00,232.00
214.00,38.00,270.00,38.00,270.00,229.00,214.00,229.00
211.00,36.00,266.00,36.00,266.00,228.00,211.00,228.00
210.00,32.00,266.00,32.00,266.00,224.00,210.00,224.00
201.00,38.00,258.00,38.00,258.00,229.00,201.00,229.00
196.00,34.00,252.00,34.00,252.00,231.00,196.00,231.00
192.00,42.00,245.00,42.00,245.00,238.00,192.00,238.00
187.00,42.00,241.00,42.00,241.00,234.00,187.00,234.00
186.00,37.00,239.00,37.00,239.00,234.00,186.00,234.00
190.00,37.00,242.00,37.00,242.00,227.00,190.00,227.00
185.00,40.00,236.00,40.00,236.00,226.00,185.00,226.00
180.00,38.00,233.00,38.00,233.00,222.00,180.00,222.00
176.00,39.00,230.00,39.00,230.00,226.00,176.00,226.00
176.00,37.00,231.00,37.00,231.00,224.00,176.00,224.00
176.00,34.00,232.00,34.00,232.00,219.00,176.00,219.00
174.00,42.00,229.00,42.00,229.00,224.00,174.00,224.00
171.00,45.00,226.00,45.00,226.00,227.00,171.00,227.00
170.00,44.00,225.00,44.00,225.00,223.00,170.00,223.00
173.00,42.00,226.00,42.00,226.00,220.00,173.00,220.00
171.00,42.00,226.00,42.00,226.00,222.00,171.00,222.00
170.00,43.00,225.00,43.00,225.00,226.00,170.00,226.00
169.00,46.00,222.00,46.00,222.00,229.00,169.00,229.00
173.00,39.00,224.00,39.00,224.00,228.00,173.00,228.00
174.00,41.00,226.00,41.00,226.00,230.00,174.00,230.00
169.00,49.00,221.00,49.00,221.00,228.00,169.00,228.00
169.00,47.00,222.00,47.00,222.00,227.00,169.00,227.00
169.00,49.00,223.00,49.00,223.00,230.00,169.00,230.00
169.00,51.00,222.00,51.00,222.00,228.00,169.00,228.00
172.00,54.00,223.00,54.00,223.00,228.00,172.00,228.00
168.00,51.00,220.00,51.00,220.00,231.00,168.00,231.00
174.00,46.00,224.00,46.00,224.00,226.00,174.00,226.00
169.00,48.00,221.00,48.00,221.00,229.00,169.00,229.00
171.00,48.00,222.00,48.00,222.00,232.00,171.00,232.00
169.00,46.00,221.00,46.00,221.00,229.00,169.00,229.00
167.00,51.00,220.00,51.00,220.00,238.00,167.00,238.00
168.00,47.00,219.00,47.00,219.00,232.00,168.00,232.00
172.00,48.00,223.00,48.00,223.00,231.00,172.00,231.00
169.00,47.00,221.00,47.00,221.00,233.00,169.00,233.00
171.00,50.00,221.00,50.00,221.00,236.00,171.00,236.00
172.00,50.00,220.00,50.00,220.00,238.00,172.00,238.00
171.00,47.00,219.00,47.00,219.00,236.00,171.00,236.00
168.00,53.00,216.00,53.00,216.00,240.00,168.00,240.00
169.00,53.00,218.00,53.00,218.00,239.00,169.00,239.00
167.00,58.00,219.00,58.00,219.00,239.00,167.00,239.00
166.00,60.00,217.00,60.00,217.00,237.00,166.00,237.00
166.00,66.00,215.00,66.00,215.00,237.00,166.00,237.00
168.00,66.00,218.00,66.00,218.00,238.00,168.00,238.00
168.00,79.00,220.00,79.00,220.00,242.00,168.00,242.00
164.00,79.00,216.00,79.00,216.00,244.00,164.00,244.00
165.00,75.00,217.00,75.00,217.00,238.00,165.00,238.00
164.00,81.00,217.00,81.00,217.00,240.00,164.00,240.00
164.00,72.00,218.00,72.00,218.00,234.00,164.00,234.00
151.00,87.00,204.00,87.00,204.00,246.00,151.00,246.00
145.00,90.00,199.00,90.00,199.00,245.00,145.00,245.00
141.00,98.00,195.00,98.00,195.00,249.00,141.00,249.00
137.00,93.00,191.00,93.00,191.00,243.00,137.00,243.00
146.00,90.00,200.00,90.00,200.00,242.00,146.00,242.00
157.00,84.00,209.00,84.00,209.00,238.00,157.00,238.00
163.00,85.00,214.00,85.00,214.00,240.00,163.00,240.00
168.00,81.00,218.00,81.00,218.00,238.00,168.00,238.00
168.00,81.00,218.00,81.00,218.00,237.00,168.00,237.00
170.00,83.00,220.00,83.00,220.00,238.00,170.00,238.00
174.00,81.00,222.00,81.00,222.00,238.00,174.00,238.00
174.00,80.00,222.00,80.00,222.00,242.00,174.00,242.00
179.00,70.00,224.00,70.00,224.00,240.00,179.00,240.00
181.00,65.00,229.00,65.00,229.00,238.00,181.00,238.00
183.00,69.00,234.00,69.00,234.00,238.00,183.00,238.00
185.00,74.00,237.00,74.00,237.00,238.00,185.00,238.00
193.00,73.00,243.00,73.00,243.00,236.00,193.00,236.00
196.00,73.00,247.00,73.00,247.00,233.00,196.00,233.00
193.00,73.00,247.00,73.00,247.00,231.00,193.00,231.00
195.00,72.00,250.00,72.00,250.00,226.00,195.00,226.00
190.00,73.00,246.00,73.00,246.00,228.00,190.00,228.00
190.00,75.00,248.00,75.00,248.00,228.00,190.00,228.00
187.00,71.00,245.00,71.00,245.00,227.00,187.00,227.00
183.00,77.00,241.00,77.00,241.00,235.00,183.00,235.00
189.00,78.00,246.00,78.00,246.00,233.00,189.00,233.00
199.00,73.00,254.00,73.00,254.00,227.00,199.00,227.00
203.00,75.00,257.00,75.00,257.00,225.00,203.00,225.00
206.00,79.00,260.00,79.00,260.00,229.00,206.00,229.00
211.00,78.00,261.00,78.00,261.00,232.00,211.00,232.00
216.00,87.00,266.00,87.00,266.00,239.00,216.00,239.00
216.00,84.00,268.00,84.00,268.00,237.00,216.00,237.00
221.00,81.00,273.00,81.00,273.00,234.00,221.00,234.00
223.00,82.00,273.00,82.00,273.00,234.00,223.00,234.00
222.00,78.00,271.00,78.00,271.00,229.00,222.00,229.00
225.00,72.00,275.00,72.00,275.00,225.00,225.00,225.00
229.00,73.00,278.00,73.00,278.00,227.00,229.00,227.00
230.00,74.00,278.00,74.00,278.00,229.00,230.00,229.00
231.00,68.00,278.00,68.00,278.00,223.00,231.00,223.00
227.00,53.00,273.00,53.00,273.00,217.00,227.00,217.00
229.00,55.00,277.00,55.00,277.00,218.00,229.00,218.00
229.00,62.00,275.00,62.00,275.00,219.00,229.00,219.00
227.00,62.00,272.00,62.00,272.00,217.00,227.00,217.00
226.00,64.00,271.00,64.00,271.00,220.00,226.00,220.00
223.00,66.00,268.00,66.00,268.00,217.00,223.00,217.00
219.00,68.00,264.00,68.00,264.00,218.00,219.00,218.00
214.00,64.00,259.00,64.00,259.00,216.00,214.00,216.00
208.00,71.00,255.00,71.00,255.00,220.00,208.00,220.00
205.00,74.00,253.00,74.00,253.00,221.00,205.00,221.00
201.00,80.00,247.00,80.00,247.00,222.00,201.00,222.00
197.00,86.00,243.00,86.00,243.00,224.00,197.00,224.00
195.00,82.00,239.00,82.00,239.00,223.00,195.00,223.00
192.00,81.00,234.00,81.00,234.00,224.00,192.00,224.00
192.00,82.00,235.00,82.00,235.00,221.00,192.00,221.00
191.00,95.00,232.00,95.00,232.00,225.00,191.00,225.00
188.00,92.00,230.00,92.00,230.00,220.00,188.00,220.00
187.00,93.00,230.00,93.00,230.00,222.00,187.00,222.00
186.00,90.00,229.00,90.00,229.00,220.00,186.00,220.00
186.00,92.00,229.00,92.00,229.00,220.00,186.00,220.00
185.00,98.00,227.00,98.00,227.00,225.00,185.00,225.00
184.00,97.00,227.00,97.00,227.00,224.00,184.00,224.00
183.00,93.00,225.00,93.00,225.00,220.00,183.00,220.00
183.00,95.00,225.00,95.00,225.00,219.00,183.00,219.00
181.00,89.00,226.00,89.00,226.00,215.00,181.00,215.00
187.00,95.00,229.00,95.00,229.00,222.00,187.00,222.00
186.00,96.00,229.00,96.00,229.00,223.00,186.00,223.00
185.00,81.00,222.00,81.00,222.00,230.00,185.00,230.00
191.00,88.00,227.00,88.00,227.00,233.00,191.00,233.00
185.00,99.00,226.00,99.00,226.00,224.00,185.00,224.00
180.00,102.00,221.00,102.00,221.00,224.00,180.00,224.00
182.00,101.00,223.00,101.00,223.00,223.00,182.00,223.00
184.00,100.00,224.00,100.00,224.00,220.00,184.00,220.00
184.00,100.00,224.00,100.00,224.00,218.00,184.00,218.00
185.00,97.00,226.00,97.00,226.00,216.00,185.00,216.00
196.00,108.00,237.00,108.00,237.00,223.00,196.00,223.00
204.00,111.00,247.00,111.00,247.00,224.00,204.00,224.00
203.00,105.00,247.00,105.00,247.00,222.00,203.00,222.00
201.00,106.00,244.00,106.00,244.00,223.00,201.00,223.00
203.00,104.00,244.00,104.00,244.00,224.00,203.00,224.00
202.00,105.00,241.00,105.00,241.00,227.00,202.00,227.00
206.00,104.00,244.00,104.00,244.00,227.00,206.00,227.00
201.00,106.00,241.00,106.00,241.00,227.00,201.00,227.00
202.00,106.00,242.00,106.00,242.00,227.00,202.00,227.00
204.00,105.00,246.00,105.00,246.00,227.00,204.00,227.00
209.00,107.00,250.00,107.00,250.00,227.00,209.00,227.00
208.00,105.00,250.00,105.00,250.00,224.00,208.00,224.00
197.00,102.00,238.00,102.00,238.00,220.00,197.00,220.00
205.00,107.00,247.00,107.00,247.00,219.00,205.00,219.00
204.00,101.00,248.00,101.00,248.00,214.00,204.00,214.00
198.00,100.00,240.00,100.00,240.00,213.00,198.00,213.00
187.00,86.00,228.00,86.00,228.00,203.00,187.00,203.00
187.00,80.00,227.00,80.00,227.00,198.00,187.00,198.00
187.00,80.00,227.00,80.00,227.00,197.00,187.00,197.00
189.00,79.00,227.00,79.00,227.00,198.00,189.00,198.00
203.00,91.00,242.00,91.00,242.00,209.00,203.00,209.00
198.00,86.00,238.00,86.00,238.00,207.00,198.00,207.00
196.00,86.00,236.00,86.00,236.00,209.00,196.00,209.00
194.00,85.00,233.00,85.00,233.00,211.00,194.00,211.00
193.00,74.00,232.00,74.00,232.00,202.00,193.00,202.00
193.00,62.00,233.00,62.00,233.00,189.00,193.00,189.00
195.00,58.00,236.00,58.00,236.00,186.00,195.00,186.00
199.00,60.00,240.00,60.00,240.00,193.00,199.00,193.00
198.00,63.00,239.00,63.00,239.00,198.00,198.00,198.00
199.00,65.00,240.00,65.00,240.00,201.00,199.00,201.00
200.00,73.00,241.00,73.00,241.00,206.00,200.00,206.00
202.00,71.00,244.00,71.00,244.00,205.00,202.00,205.00
210.00,68.00,250.00,68.00,250.00,196.00,210.00,196.00
213.00,63.00,256.00,63.00,256.00,198.00,213.00,198.00
217.00,63.00,260.00,63.00,260.00,195.00,217.00,195.00
221.00,65.00,266.00,65.00,266.00,197.00,221.00,197.00
222.00,68.00,264.00,68.00,264.00,195.00,222.00,195.00
228.00,67.00,268.00,67.00,268.00,195.00,228.00,195.00
265.00,76.00,303.00,76.00,303.00,204.00,265.00,204.00
256.00,73.00,298.00,73.00,298.00,203.00,256.00,203.00
236.00,61.00,279.00,61.00,279.00,197.00,236.00,197.00
237.00,56.00,281.00,56.00,281.00,193.00,237.00,193.00
238.00,58.00,280.00,58.00,280.00,192.00,238.00,192.00
248.00,58.00,290.00,58.00,290.00,191.00,248.00,191.00
245.00,59.00,286.00,59.00,286.00,194.00,245.00,194.00
249.00,62.00,289.00,62.00,289.00,197.00,249.00,197.00
254.00,60.00,296.00,60.00,296.00,201.00,254.00,201.00
256.00,58.00,297.00,58.00,297.00,200.00,256.00,200.00
258.00,58.00,300.00,58.00,300.00,200.00,258.00,200.00
264.00,61.00,307.00,61.00,307.00,200.00,264.00,200.00
278.00,65.00,322.00,65.00,322.00,206.00,278.00,206.00
280.00,59.00,319.00,59.00,319.00,218.00,280.00,218.00
277.00,59.00,320.00,59.00,320.00,199.00,277.00,199.00
276.00,65.00,319.00,65.00,319.00,200.00,276.00,200.00
282.00,58.00,322.00,58.00,322.00,194.00,282.00,194.00
282.00,62.00,324.00,62.00,324.00,197.00,282.00,197.00
278.00,57.00,321.00,57.00,321.00,193.00,278.00,193.00
278.00,47.00,320.00,47.00,320.00,188.00,278.00,188.00
274.00,46.00,315.00,46.00,315.00,188.00,274.00,188.00
271.00,31.00,312.00,31.00,312.00,181.00,271.00,181.00
272.00,32.00,313.00,32.00,313.00,184.00,272.00,184.00
269.00,33.00,309.00,33.00,309.00,183.00,269.00,183.00
266.00,34.00,307.00,34.00,307.00,183.00,266.00,183.00
264.00,34.00,306.00,34.00,306.00,182.00,264.00,182.00
261.00,35.00,305.00,35.00,305.00,186.00,261.00,186.00
259.00,36.00,304.00,36.00,304.00,188.00,259.00,188.00
259.00,36.00,305.00,36.00,305.00,192.00,259.00,192.00
258.00,38.00,304.00,38.00,304.00,194.00,258.00,194.00
257.00,37.00,305.00,37.00,305.00,195.00,257.00,195.00
255.00,40.00,304.00,40.00,304.00,199.00,255.00,199.00
250.00,39.00,302.00,39.00,302.00,200.00,250.00,200.00
247.00,41.00,299.00,41.00,299.00,202.00,247.00,202.00
241.00,38.00,296.00,38.00,296.00,206.00,241.00,206.00
232.00,39.00,288.00,39.00,288.00,207.00,232.00,207.00
226.00,41.00,282.00,41.00,282.00,212.00,226.00,212.00
216.00,42.00,274.00,42.00,274.00,217.00,216.00,217.00
203.00,44.00,260.00,44.00,260.00,224.00,203.00,224.00
193.00,47.00,252.00,47.00,252.00,237.00,193.00,237.00
182.00,48.00,242.00,48.00,242.00,244.00,182.00,244.00
174.00,41.00,236.00,41.00,236.00,242.00,174.00,242.00
170.00,46.00,233.00,46.00,233.00,251.00,170.00,251.00
160.00,64.00,223.00,64.00,223.00,255.00,160.00,255.00
154.00,67.00,216.00,67.00,216.00,259.00,154.00,259.00
129.00,15.00,181.00,15.00,181.00,220.00,129.00,220.00
128.00,5.00,180.00,5.00,180.00,212.00,128.00,212.00
115.00,14.00,179.00,14.00,179.00,221.00,115.00,221.00
93.00,35.00,156.00,35.00,156.00,236.00,93.00,236.00
108.00,11.00,174.00,11.00,174.00,228.00,108.00,228.00
106.00,12.00,172.00,12.00,172.00,235.00,106.00,235.00
101.00,9.00,169.00,9.00,169.00,225.00,101.00,225.00
94.00,12.00,164.00,12.00,164.00,227.00,94.00,227.00
86.00,32.00,155.00,32.00,155.00,248.00,86.00,248.00
87.00,48.00,156.00,48.00,156.00,265.00,87.00,265.00
74.00,58.00,144.00,58.00,144.00,277.00,74.00,277.00
91.00,83.00,159.00,83.00,159.00,283.00,91.00,283.00
96.00,93.00,162.00,93.00,162.00,286.00,96.00,286.00
90.00,80.00,158.00,80.00,158.00,278.00,90.00,278.00
92.00,79.00,160.00,79.00,160.00,275.00,92.00,275.00
92.00,85.00,162.00,85.00,162.00,281.00,92.00,281.00
81.00,85.00,152.00,85.00,152.00,273.00,81.00,273.00
76.00,79.00,150.00,79.00,150.00,270.00,76.00,270.00
64.00,73.00,135.00,73.00,135.00,265.00,64.00,265.00
62.00,83.00,130.00,83.00,130.00,270.00,62.00,270.00
59.00,90.00,127.00,90.00,127.00,276.00,59.00,276.00
61.00,78.00,130.00,78.00,130.00,268.00,61.00,268.00
64.00,72.00,131.00,72.00,131.00,264.00,64.00,264.00
69.00,85.00,133.00,85.00,133.00,265.00,69.00,265.00
61.00,89.00,126.00,89.00,126.00,267.00,61.00,267.00
68.00,80.00,132.00,80.00,132.00,254.00,68.00,254.00
69.00,84.00,133.00,84.00,133.00,256.00,69.00,256.00
76.00,86.00,138.00,86.00,138.00,250.00,76.00,250.00
81.00,86.00,142.00,86.00,142.00,248.00,81.00,248.00
91.00,78.00,150.00,78.00,150.00,241.00,91.00,241.00
95.00,74.00,153.00,74.00,153.00,238.00,95.00,238.00
100.00,74.00,156.00,74.00,156.00,235.00,100.00,235.00
108.00,69.00,164.00,69.00,164.00,231.00,108.00,231.00
103.00,69.00,158.00,69.00,158.00,229.00,103.00,229.00
101.00,73.00,156.00,73.00,156.00,232.00,101.00,232.00
110.00,62.00,164.00,62.00,164.00,222.00,110.00,222.00
115.00,65.00,168.00,65.00,168.00,219.00,115.00,219.00
125.00,67.00,177.00,67.00,177.00,213.00,125.00,213.00
124.00,64.00,176.00,64.00,176.00,211.00,124.00,211.00
129.00,61.00,181.00,61.00,181.00,213.00,129.00,213.00
135.00,57.00,186.00,57.00,186.00,212.00,135.00,212.00
129.00,63.00,180.00,63.00,180.00,208.00,129.00,208.00
128.00,61.00,178.00,61.00,178.00,208.00,128.00,208.00
130.00,63.00,181.00,63.00,181.00,211.00,130.00,211.00
129.00,62.00,179.00,62.00,179.00,209.00,129.00,209.00
111.00,66.00,165.00,66.00,165.00,215.00,111.00,215.00
110.00,70.00,163.00,70.00,163.00,215.00,110.00,215.00
115.00,69.00,167.00,69.00,167.00,217.00,115.00,217.00
120.00,67.00,171.00,67.00,171.00,213.00,120.00,213.00
116.00,62.00,167.00,62.00,167.00,211.00,116.00,211.00
119.00,63.00,171.00,63.00,171.00,213.00,119.00,213.00
120.00,64.00,171.00,64.00,171.00,214.00,120.00,214.00
125.00,61.00,176.00,61.00,176.00,209.00,125.00,209.00
127.00,63.00,178.00,63.00,178.00,210.00,127.00,210.00
127.00,66.00,177.00,66.00,177.00,213.00,127.00,213.00
150.00,62.00,198.00,62.00,198.00,204.00,150.00,204.00
155.00,63.00,202.00,63.00,202.00,204.00,155.00,204.00
156.00,58.00,203.00,58.00,203.00,204.00,156.00,204.00
155.00,58.00,202.00,58.00,202.00,206.00,155.00,206.00
150.00,58.00,196.00,58.00,196.00,200.00,150.00,200.00
151.00,61.00,195.00,61.00,195.00,201.00,151.00,201.00
158.00,70.00,204.00,70.00,204.00,205.00,158.00,205.00
157.00,73.00,204.00,73.00,204.00,206.00,157.00,206.00
162.00,72.00,208.00,72.00,208.00,209.00,162.00,209.00
157.00,68.00,204.00,68.00,204.00,209.00,157.00,209.00
148.00,64.00,197.00,64.00,197.00,209.00,148.00,209.00
151.00,61.00,199.00,61.00,199.00,207.00,151.00,207.00
179.00,66.00,225.00,66.00,225.00,203.00,179.00,203.00
187.00,64.00,231.00,64.00,231.00,203.00,187.00,203.00
189.00,75.00,234.00,75.00,234.00,208.00,189.00,208.00
190.00,78.00,234.00,78.00,234.00,210.00,190.00,210.00
191.00,73.00,234.00,73.00,234.00,210.00,191.00,210.00
191.00,67.00,234.00,67.00,234.00,204.00,191.00,204.00
189.00,63.00,233.00,63.00,233.00,206.00,189.00,206.00
191.00,63.00,235.00,63.00,235.00,203.00,191.00,203.00
190.00,68.00,232.00,68.00,232.00,206.00,190.00,206.00
191.00,65.00,232.00,65.00,232.00,202.00,191.00,202.00
187.00,62.00,225.00,62.00,225.00,199.00,187.00,199.00
188.00,66.00,225.00,66.00,225.00,199.00,188.00,199.00
186.00,62.00,222.00,62.00,222.00,201.00,186.00,201.00
