1
163.00,53.00,207.00,53.00,207.00,228.00,163.00,228.00
165.00,51.00,210.00,51.00,210.00,225.00,165.00,225.00
165.00,52.00,210.00,52.00,210.00,224.00,165.00,224.00
167.00,47.00,211.00,47.00,211.00,222.00,167.00,222.00
167.00,46.00,211.00,46.00,211.00,220.00,167.00,220.00
168.00,44.00,210.00,44.00,210.00,225.00,168.00,225.00
167.00,44.00,211.00,44.00,211.00,224.00,167.00,224.00
167.00,45.00,208.00,45.00,208.00,224.00,167.00,224.00
167.00,46.00,207.00,46.00,207.00,223.00,167.00,223.00
161.00,44.00,202.00,44.00,202.00,226.00,161.00,226.00
162.00,44.00,203.00,44.00,203.00,225.00,162.00,225.00
154.00,43.00,198.00,43.00,198.00,226.00,154.00,226.00
156.00,46.00,197.00,46.00,197.00,226.00,156.00,226.00
149.00,48.00,192.00,48.00,192.00,227.00,149.00,227.00
150.00,47.00,192.00,47.00,192.00,226.00,150.00,226.00
144.00,51.00,188.00,51.00,188.00,225.00,144.00,225.00
147.00,51.00,190.00,51.00,190.00,225.00,147.00,225.00
143.00,51.00,187.00,51.00,187.00,225.00,143.00,225.00
144.00,51.00,188.00,51.00,188.00,226.00,144.00,226.00
142.00,52.00,186.00,52.00,186.00,227.00,142.00,227.00
142.00,52.00,186.00,52.00,186.00,225.00,142.00,225.00
143.00,52.00,185.00,52.00,185.00,224.00,143.00,224.00
144.00,52.00,187.00,52.00,187.00,223.00,144.00,223.00
145.00,56.00,187.00,56.00,187.00,222.00,145.00,222.00
144.00,54.00,186.00,54.00,186.00,222.00,144.00,222.00
146.00,56.00,188.00,56.00,188.00,220.00,146.00,220.00
145.00,56.00,187.00,56.00,187.00,219.00,145.00,219.00
147.00,57.00,190.00,57.00,190.00,218.00,147.00,218.00
147.00,56.00,190.00,56.00,190.00,217.00,147.00,217.00
147.00,57.00,188.00,57.00,188.00,219.00,147.00,219.00
148.00,56.00,190.00,56.00,190.00,218.00,148.00,218.00
147.00,57.00,189.00,57.00,189.00,217.00,147.00,217.00
147.00,57.00,189.00,57.00,189.00,216.00,147.00,216.00
146.00,59.00,189.00,59.00,189.00,214.00,146.00,214.00
146.00,61.00,188.00,61.00,188.00,216.00,146.00,216.00
147.00,65.00,190.00,65.00,190.00,213.00,147.00,213.00
147.00,64.00,191.00,64.00,191.00,214.00,147.00,214.00
148.00,65.00,194.00,65.00,194.00,210.00,148.00,210.00
147.00,63.00,193.00,63.00,193.00,209.00,147.00,209.00
145.00,64.00,194.00,64.00,194.00,208.00,145.00,208.00
145.00,64.00,194.00,64.00,194.00,207.00,145.00,207.00
148.00,64.00,196.00,64.00,196.00,205.00,148.00,205.00
146.00,67.00,194.00,67.00,194.00,211.00,146.00,211.00
144.00,70.00,189.00,70.00,189.00,211.00,144.00,211.00
145.00,70.00,192.00,70.00,192.00,213.00,145.00,213.00
144.00,67.00,190.00,67.00,190.00,211.00,144.00,211.00
146.00,66.00,192.00,66.00,192.00,209.00,146.00,209.00
148.00,66.00,192.00,66.00,192.00,206.00,148.00,206.00
148.00,70.00,190.00,70.00,190.00,206.00,148.00,206.00
158.00,61.00,202.00,61.00,202.00,202.00,158.00,202.00
159.00,60.00,202.00,60.00,202.00,199.00,159.00,199.00
161.00,58.00,201.00,58.00,201.00,201.00,161.00,201.00
160.00,55.00,201.00,55.00,201.00,198.00,160.00,198.00
156.00,61.00,196.00,61.00,196.00,207.00,156.00,207.00
157.00,60.00,197.00,60.00,197.00,206.00,157.00,206.00
158.00,64.00,197.00,64.00,197.00,205.00,158.00,205.00
158.00,67.00,197.00,67.00,197.00,207.00,158.00,207.00
164.00,67.00,203.00,67.00,203.00,201.00,164.00,201.00
163.00,68.00,201.00,68.00,201.00,205.00,163.00,205.00
166.00,64.00,206.00,64.00,206.00,203.00,166.00,203.00
167.00,61.00,208.00,61.00,208.00,202.00,167.00,202.00
167.00,60.00,209.00,60.00,209.00,207.00,167.00,207.00
168.00,61.00,210.00,61.00,210.00,207.00,168.00,207.00
172.00,64.00,215.00,64.00,215.00,211.00,172.00,211.00
171.00,65.00,214.00,65.00,214.00,212.00,171.00,212.00
175.00,65.00,220.00,65.00,220.00,211.00,175.00,211.00
174.00,68.00,219.00,68.00,219.00,212.00,174.00,212.00
177.00,64.00,221.00,64.00,221.00,213.00,177.00,213.00
179.00,62.00,224.00,62.00,224.00,209.00,179.00,209.00
184.00,63.00,229.00,63.00,229.00,211.00,184.00,211.00
186.00,63.00,232.00,63.00,232.00,209.00,186.00,209.00
191.00,65.00,237.00,65.00,237.00,214.00,191.00,214.00
192.00,65.00,239.00,65.00,239.00,214.00,192.00,214.00
197.00,64.00,244.00,64.00,244.00,215.00,197.00,215.00
199.00,64.00,245.00,64.00,245.00,214.00,199.00,214.00
202.00,64.00,248.00,64.00,248.00,215.00,202.00,215.00
202.00,62.00,248.00,62.00,248.00,216.00,202.00,216.00
209.00,57.00,256.00,57.00,256.00,215.00,209.00,215.00
208.00,56.00,256.00,56.00,256.00,216.00,208.00,216.00
215.00,51.00,262.00,51.00,262.00,209.00,215.00,209.00
214.00,50.00,260.00,50.00,260.00,212.00,214.00,212.00
214.00,49.00,263.00,49.00,263.00,213.00,214.00,213.00
214.00,47.00,263.00,47.00,263.00,212.00,214.00,212.00
214.00,49.00,262.00,49.00,262.00,212.00,214.00,212.00
215.00,50.00,263.00,50.00,263.00,213.00,215.00,213.00
218.00,49.00,265.00,49.00,265.00,212.00,218.00,212.00
216.00,47.00,264.00,47.00,264.00,215.00,216.00,215.00
215.00,52.00,260.00,52.00,260.00,215.00,215.00,215.00
217.00,50.00,262.00,50.00,262.00,215.00,217.00,215.00
218.00,53.00,261.00,53.00,261.00,216.00,218.00,216.00
220.00,52.00,262.00,52.00,262.00,213.00,220.00,213.00
221.00,64.00,265.00,64.00,265.00,219.00,221.00,219.00
219.00,61.00,263.00,61.00,263.00,216.00,219.00,216.00
219.00,66.00,264.00,66.00,264.00,218.00,219.00,218.00
219.00,68.00,263.00,68.00,263.00,223.00,219.00,223.00
224.00,73.00,271.00,73.00,271.00,225.00,224.00,225.00
220.00,70.00,268.00,70.00,268.00,223.00,220.00,223.00
233.00,86.00,278.00,86.00,278.00,230.00,233.00,230.00
230.00,85.00,275.00,85.00,275.00,229.00,230.00,229.00
233.00,90.00,278.00,90.00,278.00,227.00,233.00,227.00
234.00,89.00,279.00,89.00,279.00,227.00,234.00,227.00
233.00,91.00,277.00,91.00,277.00,230.00,233.00,230.00
236.00,72.00,276.00,72.00,276.00,242.00,236.00,242.00
231.00,89.00,276.00,89.00,276.00,227.00,231.00,227.00
233.00,92.00,278.00,92.00,278.00,227.00,233.00,227.00
233.00,89.00,277.00,89.00,277.00,227.00,233.00,227.00
237.00,88.00,282.00,88.00,282.00,225.00,237.00,225.00
237.00,90.00,282.00,90.00,282.00,225.00,237.00,225.00
234.00,92.00,277.00,92.00,277.00,231.00,234.00,231.00
240.00,91.00,283.00,91.00,283.00,228.00,240.00,228.00
240.00,96.00,282.00,96.00,282.00,231.00,240.00,231.00
234.00,91.00,276.00,91.00,276.00,227.00,234.00,227.00
232.00,88.00,274.00,88.00,274.00,225.00,232.00,225.00
224.00,79.00,263.00,79.00,263.00,241.00,224.00,241.00
211.00,87.00,252.00,87.00,252.00,233.00,211.00,233.00
211.00,82.00,251.00,82.00,251.00,228.00,211.00,228.00
205.00,81.00,247.00,81.00,247.00,230.00,205.00,230.00
206.00,84.00,249.00,84.00,249.00,230.00,206.00,230.00
202.00,82.00,244.00,82.00,244.00,227.00,202.00,227.00
187.00,68.00,225.00,68.00,225.00,227.00,187.00,227.00
182.00,65.00,224.00,65.00,224.00,213.00,182.00,213.00
194.00,76.00,236.00,76.00,236.00,217.00,194.00,217.00
188.00,60.00,230.00,60.00,230.00,203.00,188.00,203.00
165.00,36.00,206.00,36.00,206.00,180.00,165.00,180.00
167.00,30.00,208.00,30.00,208.00,180.00,167.00,180.00
161.00,28.00,205.00,28.00,205.00,176.00,161.00,176.00
154.00,24.00,198.00,24.00,198.00,177.00,154.00,177.00
152.00,21.00,195.00,21.00,195.00,172.00,152.00,172.00
151.00,18.00,198.00,18.00,198.00,176.00,151.00,176.00
158.00,23.00,199.00,23.00,199.00,184.00,158.00,184.00
145.00,13.00,189.00,13.00,189.00,172.00,145.00,172.00
153.00,18.00,199.00,18.00,199.00,182.00,153.00,182.00
160.00,26.00,203.00,26.00,203.00,180.00,160.00,180.00
159.00,26.00,200.00,26.00,200.00,184.00,159.00,184.00
165.00,23.00,206.00,23.00,206.00,186.00,165.00,186.00
162.00,27.00,205.00,27.00,205.00,195.00,162.00,195.00
167.00,25.00,209.00,25.00,209.00,189.00,167.00,189.00
169.00,27.00,212.00,27.00,212.00,198.00,169.00,198.00
185.00,39.00,232.00,39.00,232.00,207.00,185.00,207.00
192.00,41.00,238.00,41.00,238.00,204.00,192.00,204.00
201.00,48.00,245.00,48.00,245.00,214.00,201.00,214.00
209.00,55.00,255.00,55.00,255.00,223.00,209.00,223.00
210.00,60.00,258.00,60.00,258.00,223.00,210.00,223.00
233.00,58.00,279.00,58.00,279.00,227.00,233.00,227.00
241.00,53.00,286.00,53.00,286.00,227.00,241.00,227.00
247.00,49.00,291.00,49.00,291.00,223.00,247.00,223.00
250.00,58.00,296.00,58.00,296.00,225.00,250.00,225.00
250.00,56.00,297.00,56.00,297.00,220.00,250.00,220.00
250.00,51.00,296.00,51.00,296.00,212.00,250.00,212.00
250.00,55.00,297.00,55.00,297.00,212.00,250.00,212.00
247.00,58.00,294.00,58.00,294.00,214.00,247.00,214.00
248.00,65.00,293.00,65.00,293.00,220.00,248.00,220.00
254.00,54.00,298.00,54.00,298.00,214.00,254.00,214.00
252.00,59.00,295.00,59.00,295.00,216.00,252.00,216.00
250.00,63.00,293.00,63.00,293.00,218.00,250.00,218.00
251.00,62.00,294.00,62.00,294.00,218.00,251.00,218.00
247.00,62.00,289.00,62.00,289.00,218.00,247.00,218.00
251.00,53.00,293.00,53.00,293.00,211.00,251.00,211.00
246.00,66.00,288.00,66.00,288.00,222.00,246.00,222.00
245.00,67.00,287.00,67.00,287.00,226.00,245.00,226.00
249.00,59.00,290.00,59.00,290.00,223.00,249.00,223.00
245.00,60.00,288.00,60.00,288.00,225.00,245.00,225.00
249.00,52.00,293.00,52.00,293.00,220.00,249.00,220.00
235.00,63.00,279.00,63.00,279.00,227.00,235.00,227.00
230.00,62.00,274.00,62.00,274.00,223.00,230.00,223.00
228.00,60.00,272.00,60.00,272.00,221.00,228.00,221.00
226.00,59.00,271.00,59.00,271.00,215.00,226.00,215.00
215.00,53.00,261.00,53.00,261.00,210.00,215.00,210.00
211.00,47.00,257.00,47.00,257.00,210.00,211.00,210.00
206.00,44.00,253.00,44.00,253.00,214.00,206.00,214.00
193.00,47.00,242.00,47.00,242.00,211.00,193.00,211.00
189.00,50.00,237.00,50.00,237.00,214.00,189.00,214.00
187.00,47.00,232.00,47.00,232.00,210.00,187.00,210.00
183.00,45.00,230.00,45.00,230.00,210.00,183.00,210.00
180.00,50.00,226.00,50.00,226.00,215.00,180.00,215.00
178.00,52.00,224.00,52.00,224.00,219.00,178.00,219.00
181.00,58.00,227.00,58.00,227.00,218.00,181.00,218.00
180.00,62.00,229.00,62.00,229.00,217.00,180.00,217.00
176.00,72.00,227.00,72.00,227.00,225.00,176.00,225.00
180.00,69.00,231.00,69.00,231.00,222.00,180.00,222.00
183.00,78.00,234.00,78.00,234.00,227.00,183.00,227.00
191.00,77.00,241.00,77.00,241.00,229.00,191.00,229.00
173.00,80.00,225.00,80.00,225.00,230.00,173.00,230.00
180.00,79.00,233.00,79.00,233.00,230.00,180.00,230.00
185.00,79.00,238.00,79.00,238.00,232.00,185.00,232.00
189.00,85.00,241.00,85.00,241.00,231.00,189.00,231.00
179.00,93.00,229.00,93.00,229.00,231.00,179.00,231.00
184.00,94.00,233.00,94.00,233.00,234.00,184.00,234.00
202.00,87.00,250.00,87.00,250.00,231.00,202.00,231.00
181.00,82.00,230.00,82.00,230.00,235.00,181.00,235.00
186.00,86.00,233.00,86.00,233.00,235.00,186.00,235.00
183.00,95.00,230.00,95.00,230.00,238.00,183.00,238.00
194.00,84.00,241.00,84.00,241.00,233.00,194.00,233.00
223.00,79.00,268.00,79.00,268.00,226.00,223.00,226.00
227.00,63.00,270.00,63.00,270.00,224.00,227.00,224.00
223.00,65.00,266.00,65.00,266.00,225.00,223.00,225.00
230.00,63.00,273.00,63.00,273.00,223.00,230.00,223.00
205.00,73.00,247.00,73.00,247.00,230.00,205.00,230.00
189.00,93.00,232.00,93.00,232.00,235.00,189.00,235.00
199.00,90.00,244.00,90.00,244.00,235.00,199.00,235.00
211.00,95.00,256.00,95.00,256.00,236.00,211.00,236.00
217.00,95.00,261.00,95.00,261.00,238.00,217.00,238.00
218.00,101.00,264.00,101.00,264.00,237.00,218.00,237.00
223.00,96.00,270.00,96.00,270.00,233.00,223.00,233.00
241.00,89.00,284.00,89.00,284.00,228.00,241.00,228.00
242.00,87.00,284.00,87.00,284.00,228.00,242.00,228.00
242.00,88.00,286.00,88.00,286.00,232.00,242.00,232.00
247.00,81.00,292.00,81.00,292.00,226.00,247.00,226.00
262.00,94.00,305.00,94.00,305.00,243.00,262.00,243.00
261.00,94.00,304.00,94.00,304.00,244.00,261.00,244.00
259.00,91.00,302.00,91.00,302.00,235.00,259.00,235.00
258.00,92.00,303.00,92.00,303.00,238.00,258.00,238.00
260.00,73.00,303.00,73.00,303.00,216.00,260.00,216.00
256.00,68.00,300.00,68.00,300.00,210.00,256.00,210.00
255.00,67.00,299.00,67.00,299.00,212.00,255.00,212.00
251.00,61.00,295.00,61.00,295.00,202.00,251.00,202.00
246.00,56.00,293.00,56.00,293.00,200.00,246.00,200.00
242.00,58.00,290.00,58.00,290.00,205.00,242.00,205.00
236.00,54.00,285.00,54.00,285.00,203.00,236.00,203.00
232.00,53.00,280.00,53.00,280.00,206.00,232.00,206.00
229.00,52.00,278.00,52.00,278.00,207.00,229.00,207.00
227.00,52.00,274.00,52.00,274.00,207.00,227.00,207.00
224.00,48.00,272.00,48.00,272.00,208.00,224.00,208.00
223.00,47.00,272.00,47.00,272.00,205.00,223.00,205.00
220.00,48.00,269.00,48.00,269.00,203.00,220.00,203.00
219.00,48.00,268.00,48.00,268.00,202.00,219.00,202.00
219.00,52.00,268.00,52.00,268.00,203.00,219.00,203.00
220.00,54.00,268.00,54.00,268.00,204.00,220.00,204.00
220.00,56.00,268.00,56.00,268.00,204.00,220.00,204.00
222.00,58.00,271.00,58.00,271.00,207.00,222.00,207.00
221.00,58.00,270.00,58.00,270.00,205.00,221.00,205.00
221.00,58.00,271.00,58.00,271.00,205.00,221.00,205.00
222.00,60.00,272.00,60.00,272.00,207.00,222.00,207.00
222.00,64.00,275.00,64.00,275.00,211.00,222.00,211.00
223.00,67.00,277.00,67.00,277.00,214.00,223.00,214.00
224.00,66.00,279.00,66.00,279.00,216.00,224.00,216.00
222.00,72.00,274.00,72.00,274.00,220.00,222.00,220.00
224.00,73.00,275.00,73.00,275.00,219.00,224.00,219.00
220.00,67.00,265.00,67.00,265.00,208.00,220.00,208.00
224.00,70.00,271.00,70.00,271.00,212.00,224.00,212.00
236.00,87.00,288.00,87.00,288.00,224.00,236.00,224.00
242.00,93.00,293.00,93.00,293.00,233.00,242.00,233.00
238.00,91.00,288.00,91.00,288.00,236.00,238.00,236.00
227.00,93.00,277.00,93.00,277.00,239.00,227.00,239.00
230.00,94.00,283.00,94.00,283.00,241.00,230.00,241.00
230.00,97.00,281.00,97.00,281.00,238.00,230.00,238.00
207.00,92.00,253.00,92.00,253.00,237.00,207.00,237.00
211.00,91.00,259.00,91.00,259.00,240.00,211.00,240.00
222.00,92.00,273.00,92.00,273.00,244.00,222.00,244.00
198.00,84.00,244.00,84.00,244.00,232.00,198.00,232.00
193.00,69.00,237.00,69.00,237.00,216.00,193.00,216.00
194.00,70.00,239.00,70.00,239.00,224.00,194.00,224.00
193.00,67.00,238.00,67.00,238.00,226.00,193.00,226.00
193.00,61.00,236.00,61.00,236.00,216.00,193.00,216.00
205.00,82.00,250.00,82.00,250.00,239.00,205.00,239.00
211.00,92.00,258.00,92.00,258.00,247.00,211.00,247.00
213.00,83.00,258.00,83.00,258.00,246.00,213.00,246.00
207.00,77.00,253.00,77.00,253.00,230.00,207.00,230.00
194.00,64.00,237.00,64.00,237.00,207.00,194.00,207.00
196.00,63.00,240.00,63.00,240.00,209.00,196.00,209.00
198.00,58.00,238.00,58.00,238.00,199.00,198.00,199.00
197.00,67.00,242.00,67.00,242.00,210.00,197.00,210.00
197.00,65.00,240.00,65.00,240.00,204.00,197.00,204.00
196.00,59.00,237.00,59.00,237.00,201.00,196.00,201.00
194.00,61.00,236.00,61.00,236.00,193.00,194.00,193.00
194.00,61.00,237.00,61.00,237.00,196.00,194.00,196.00
199.00,63.00,242.00,63.00,242.00,201.00,199.00,201.00
187.00,56.00,232.00,56.00,232.00,182.00,187.00,182.00
194.00,55.00,235.00,55.00,235.00,184.00,194.00,184.00
198.00,60.00,239.00,60.00,239.00,190.00,198.00,190.00
192.00,53.00,234.00,53.00,234.00,182.00,192.00,182.00
193.00,65.00,235.00,65.00,235.00,192.00,193.00,192.00
191.00,56.00,234.00,56.00,234.00,191.00,191.00,191.00
189.00,55.00,233.00,55.00,233.00,191.00,189.00,191.00
194.00,58.00,235.00,58.00,235.00,198.00,194.00,198.00
209.00,86.00,252.00,86.00,252.00,237.00,209.00,237.00
212.00,90.00,255.00,90.00,255.00,246.00,212.00,246.00
215.00,88.00,262.00,88.00,262.00,242.00,215.00,242.00
198.00,77.00,245.00,77.00,245.00,224.00,198.00,224.00
192.00,86.00,239.00,86.00,239.00,232.00,192.00,232.00
192.00,87.00,239.00,87.00,239.00,228.00,192.00,228.00
198.00,92.00,243.00,92.00,243.00,234.00,198.00,234.00
189.00,88.00,235.00,88.00,235.00,221.00,189.00,221.00
192.00,88.00,238.00,88.00,238.00,230.00,192.00,230.00
191.00,92.00,238.00,92.00,238.00,233.00,191.00,233.00
189.00,88.00,235.00,88.00,235.00,237.00,189.00,237.00
195.00,85.00,241.00,85.00,241.00,232.00,195.00,232.00
191.00,87.00,236.00,87.00,236.00,231.00,191.00,231.00
191.00,76.00,236.00,76.00,236.00,227.00,191.00,227.00
194.00,70.00,236.00,70.00,236.00,217.00,194.00,217.00
195.00,81.00,236.00,81.00,236.00,232.00,195.00,232.00
199.00,86.00,242.00,86.00,242.00,233.00,199.00,233.00
200.00,82.00,241.00,82.00,241.00,229.00,200.00,229.00
202.00,79.00,243.00,79.00,243.00,228.00,202.00,228.00
203.00,77.00,244.00,77.00,244.00,226.00,203.00,226.00
208.00,74.00,250.00,74.00,250.00,219.00,208.00,219.00
209.00,75.00,249.00,75.00,249.00,222.00,209.00,222.00
212.00,68.00,252.00,68.00,252.00,213.00,212.00,213.00
212.00,72.00,255.00,72.00,255.00,219.00,212.00,219.00
210.00,69.00,250.00,69.00,250.00,212.00,210.00,212.00
212.00,70.00,256.00,70.00,256.00,219.00,212.00,219.00
214.00,63.00,260.00,63.00,260.00,211.00,214.00,211.00
215.00,61.00,259.00,61.00,259.00,215.00,215.00,215.00
216.00,62.00,258.00,62.00,258.00,224.00,216.00,224.00
218.00,58.00,257.00,58.00,257.00,213.00,218.00,213.00
219.00,55.00,262.00,55.00,262.00,208.00,219.00,208.00
219.00,55.00,261.00,55.00,261.00,203.00,219.00,203.00
219.00,51.00,260.00,51.00,260.00,195.00,219.00,195.00
222.00,53.00,264.00,53.00,264.00,200.00,222.00,200.00
222.00,51.00,264.00,51.00,264.00,200.00,222.00,200.00
222.00,55.00,266.00,55.00,266.00,208.00,222.00,208.00
223.00,53.00,265.00,53.00,265.00,206.00,223.00,206.00
224.00,50.00,267.00,50.00,267.00,207.00,224.00,207.00
225.00,54.00,268.00,54.00,268.00,215.00,225.00,215.00
224.00,53.00,266.00,53.00,266.00,213.00,224.00,213.00
224.00,52.00,266.00,52.00,266.00,210.00,224.00,210.00
226.00,54.00,267.00,54.00,267.00,213.00,226.00,213.00
225.00,56.00,268.00,56.00,268.00,210.00,225.00,210.00
223.00,54.00,266.00,54.00,266.00,204.00,223.00,204.00
221.00,55.00,263.00,55.00,263.00,205.00,221.00,205.00
220.00,58.00,263.00,58.00,263.00,206.00,220.00,206.00
220.00,58.00,263.00,58.00,263.00,206.00,220.00,206.00
220.00,62.00,264.00,62.00,264.00,211.00,220.00,211.00
217.00,61.00,263.00,61.00,263.00,210.00,217.00,210.00
215.00,62.00,262.00,62.00,262.00,208.00,215.00,208.00
214.00,60.00,262.00,60.00,262.00,211.00,214.00,211.00
214.00,67.00,264.00,67.00,264.00,219.00,214.00,219.00
209.00,75.00,259.00,75.00,259.00,228.00,209.00,228.00
206.00,79.00,256.00,79.00,256.00,233.00,206.00,233.00
201.00,82.00,251.00,82.00,251.00,234.00,201.00,234.00
200.00,83.00,251.00,83.00,251.00,234.00,200.00,234.00
199.00,87.00,250.00,87.00,250.00,237.00,199.00,237.00
203.00,84.00,255.00,84.00,255.00,237.00,203.00,237.00
204.00,83.00,256.00,83.00,256.00,238.00,204.00,238.00
201.00,75.00,254.00,75.00,254.00,236.00,201.00,236.00
206.00,85.00,257.00,85.00,257.00,238.00,206.00,238.00
206.00,84.00,258.00,84.00,258.00,240.00,206.00,240.00
207.00,85.00,258.00,85.00,258.00,242.00,207.00,242.00
208.00,86.00,259.00,86.00,259.00,240.00,208.00,240.00
213.00,92.00,262.00,92.00,262.00,240.00,213.00,240.00
220.00,93.00,270.00,93.00,270.00,241.00,220.00,241.00
228.00,84.00,279.00,84.00,279.00,236.00,228.00,236.00
231.00,81.00,283.00,81.00,283.00,235.00,231.00,235.00
235.00,72.00,288.00,72.00,288.00,227.00,235.00,227.00
241.00,73.00,294.00,73.00,294.00,223.00,241.00,223.00
250.00,55.00,302.00,55.00,302.00,210.00,250.00,210.00
251.00,56.00,304.00,56.00,304.00,212.00,251.00,212.00
256.00,64.00,308.00,64.00,308.00,216.00,256.00,216.00
250.00,80.00,300.00,80.00,300.00,228.00,250.00,228.00
251.00,68.00,303.00,68.00,303.00,227.00,251.00,227.00
253.00,66.00,307.00,66.00,307.00,230.00,253.00,230.00
253.00,60.00,308.00,60.00,308.00,228.00,253.00,228.00
252.00,65.00,305.00,65.00,305.00,236.00,252.00,236.00
260.00,54.00,317.00,54.00,317.00,227.00,260.00,227.00
261.00,55.00,318.00,55.00,318.00,228.00,261.00,228.00
271.00,44.00,332.00,44.00,332.00,217.00,271.00,217.00
274.00,42.00,336.00,42.00,336.00,217.00,274.00,217.00
272.00,46.00,332.00,46.00,332.00,220.00,272.00,220.00
269.00,43.00,327.00,43.00,327.00,221.00,269.00,221.00
274.00,37.00,333.00,37.00,333.00,217.00,274.00,217.00
271.00,33.00,329.00,33.00,329.00,214.00,271.00,214.00
270.00,39.00,327.00,39.00,327.00,218.00,270.00,218.00
265.00,38.00,319.00,38.00,319.00,222.00,265.00,222.00
262.00,27.00,318.00,27.00,318.00,218.00,262.00,218.00
259.00,25.00,318.00,25.00,318.00,216.00,259.00,216.00
253.00,32.00,311.00,32.00,311.00,226.00,253.00,226.00
247.00,33.00,304.00,33.00,304.00,223.00,247.00,223.00
242.00,29.00,297.00,29.00,297.00,220.00,242.00,220.00
240.00,43.00,295.00,43.00,295.00,226.00,240.00,226.00
235.00,33.00,294.00,33.00,294.00,223.00,235.00,223.00
228.00,26.00,289.00,26.00,289.00,223.00,228.00,223.00
224.00,26.00,288.00,26.00,288.00,221.00,224.00,221.00
213.00,29.00,275.00,29.00,275.00,221.00,213.00,221.00
212.00,32.00,274.00,32.00,274.00,220.00,212.00,220.00
201.00,33.00,265.00,33.00,265.00,221.00,201.00,221.00
202.00,32.00,268.00,32.00,268.00,219.00,202.00,219.00
197.00,37.00,261.00,37.00,261.00,233.00,197.00,233.00
194.00,37.00,254.00,37.00,254.00,234.00,194.00,234.00
189.00,33.00,249.00,33.00,249.00,233.00,189.00,233.00
185.00,40.00,245.00,40.00,245.00,235.00,185.00,235.00
181.00,34.00,241.00,34.00,241.00,235.00,181.00,235.00
178.00,38.00,241.00,38.00,241.00,231.00,178.00,231.00
176.00,40.00,240.00,40.00,240.00,231.00,176.00,231.00
174.00,39.00,235.00,39.00,235.00,229.00,174.00,229.00
176.00,35.00,241.00,35.00,241.00,223.00,176.00,223.00
168.00,38.00,229.00,38.00,229.00,228.00,168.00,228.00
172.00,38.00,233.00,38.00,233.00,227.00,172.00,227.00
168.00,37.00,230.00,37.00,230.00,225.00,168.00,225.00
169.00,36.00,228.00,36.00,228.00,222.00,169.00,222.00
166.00,38.00,226.00,38.00,226.00,225.00,166.00,225.00
172.00,38.00,230.00,38.00,230.00,224.00,172.00,224.00
172.00,39.00,231.00,39.00,231.00,224.00,172.00,224.00
170.00,43.00,226.00,43.00,226.00,227.00,170.00,227.00
172.00,41.00,227.00,41.00,227.00,230.00,172.00,230.00
169.00,39.00,224.00,39.00,224.00,228.00,169.00,228.00
171.00,36.00,227.00,36.00,227.00,226.00,171.00,226.00
166.00,40.00,223.00,40.00,223.00,223.00,166.00,223.00
172.00,44.00,229.00,44.00,229.00,228.00,172.00,228.00
164.00,47.00,221.00,47.00,221.00,232.00,164.00,232.00
167.00,48.00,224.00,48.00,224.00,233.00,167.00,233.00
167.00,49.00,222.00,49.00,222.00,230.00,167.00,230.00
169.00,48.00,223.00,48.00,223.00,232.00,169.00,232.00
169.00,46.00,222.00,46.00,222.00,228.00,169.00,228.00
172.00,46.00,223.00,46.00,223.00,229.00,172.00,229.00
166.00,48.00,216.00,48.00,216.00,225.00,166.00,225.00
171.00,45.00,220.00,45.00,220.00,225.00,171.00,225.00
170.00,45.00,220.00,45.00,220.00,226.00,170.00,226.00
168.00,45.00,217.00,45.00,217.00,224.00,168.00,224.00
171.00,44.00,221.00,44.00,221.00,226.00,171.00,226.00
169.00,43.00,221.00,43.00,221.00,224.00,169.00,224.00
170.00,46.00,221.00,46.00,221.00,229.00,170.00,229.00
168.00,45.00,219.00,45.00,219.00,227.00,168.00,227.00
167.00,44.00,217.00,44.00,217.00,229.00,167.00,229.00
164.00,42.00,214.00,42.00,214.00,224.00,164.00,224.00
165.00,44.00,216.00,44.00,216.00,225.00,165.00,225.00
166.00,53.00,218.00,53.00,218.00,231.00,166.00,231.00
163.00,55.00,214.00,55.00,214.00,228.00,163.00,228.00
164.00,63.00,216.00,63.00,216.00,228.00,164.00,228.00
167.00,72.00,216.00,72.00,216.00,232.00,167.00,232.00
167.00,80.00,218.00,80.00,218.00,232.00,167.00,232.00
165.00,82.00,218.00,82.00,218.00,233.00,165.00,233.00
163.00,84.00,217.00,84.00,217.00,235.00,163.00,235.00
163.00,85.00,218.00,85.00,218.00,233.00,163.00,233.00
162.00,87.00,218.00,87.00,218.00,232.00,162.00,232.00
156.00,89.00,212.00,89.00,212.00,233.00,156.00,233.00
153.00,89.00,207.00,89.00,207.00,233.00,153.00,233.00
147.00,87.00,203.00,87.00,203.00,234.00,147.00,234.00
152.00,89.00,209.00,89.00,209.00,230.00,152.00,230.00
158.00,84.00,213.00,84.00,213.00,230.00,158.00,230.00
159.00,88.00,215.00,88.00,215.00,234.00,159.00,234.00
155.00,84.00,212.00,84.00,212.00,233.00,155.00,233.00
159.00,83.00,215.00,83.00,215.00,233.00,159.00,233.00
162.00,83.00,218.00,83.00,218.00,232.00,162.00,232.00
165.00,85.00,219.00,85.00,219.00,232.00,165.00,232.00
169.00,83.00,221.00,83.00,221.00,232.00,169.00,232.00
173.00,82.00,221.00,82.00,221.00,235.00,173.00,235.00
175.00,76.00,222.00,76.00,222.00,237.00,175.00,237.00
179.00,65.00,229.00,65.00,229.00,233.00,179.00,233.00
186.00,67.00,239.00,67.00,239.00,235.00,186.00,235.00
188.00,73.00,241.00,73.00,241.00,236.00,188.00,236.00
194.00,76.00,245.00,76.00,245.00,233.00,194.00,233.00
195.00,77.00,246.00,77.00,246.00,229.00,195.00,229.00
195.00,74.00,248.00,74.00,248.00,225.00,195.00,225.00
195.00,78.00,250.00,78.00,250.00,223.00,195.00,223.00
194.00,77.00,253.00,77.00,253.00,219.00,194.00,219.00
193.00,74.00,253.00,74.00,253.00,219.00,193.00,219.00
193.00,75.00,252.00,75.00,252.00,215.00,193.00,215.00
191.00,75.00,251.00,75.00,251.00,218.00,191.00,218.00
195.00,76.00,253.00,76.00,253.00,218.00,195.00,218.00
202.00,81.00,256.00,81.00,256.00,222.00,202.00,222.00
205.00,85.00,256.00,85.00,256.00,224.00,205.00,224.00
208.00,82.00,258.00,82.00,258.00,225.00,208.00,225.00
207.00,71.00,255.00,71.00,255.00,217.00,207.00,217.00
216.00,83.00,269.00,83.00,269.00,231.00,216.00,231.00
218.00,84.00,271.00,84.00,271.00,227.00,218.00,227.00
218.00,82.00,269.00,82.00,269.00,224.00,218.00,224.00
224.00,84.00,275.00,84.00,275.00,226.00,224.00,226.00
225.00,88.00,276.00,88.00,276.00,227.00,225.00,227.00
226.00,84.00,277.00,84.00,277.00,222.00,226.00,222.00
227.00,75.00,277.00,75.00,277.00,220.00,227.00,220.00
232.00,73.00,278.00,73.00,278.00,222.00,232.00,222.00
232.00,68.00,277.00,68.00,277.00,217.00,232.00,217.00
230.00,59.00,274.00,59.00,274.00,213.00,230.00,213.00
232.00,62.00,277.00,62.00,277.00,217.00,232.00,217.00
232.00,62.00,276.00,62.00,276.00,212.00,232.00,212.00
232.00,63.00,275.00,63.00,275.00,212.00,232.00,212.00
228.00,60.00,271.00,60.00,271.00,209.00,228.00,209.00
223.00,65.00,268.00,65.00,268.00,209.00,223.00,209.00
221.00,69.00,266.00,69.00,266.00,210.00,221.00,210.00
216.00,71.00,262.00,71.00,262.00,208.00,216.00,208.00
210.00,75.00,258.00,75.00,258.00,213.00,210.00,213.00
204.00,75.00,253.00,75.00,253.00,210.00,204.00,210.00
201.00,82.00,252.00,82.00,252.00,215.00,201.00,215.00
199.00,87.00,249.00,87.00,249.00,218.00,199.00,218.00
196.00,87.00,247.00,87.00,247.00,219.00,196.00,219.00
195.00,84.00,245.00,84.00,245.00,217.00,195.00,217.00
194.00,91.00,247.00,91.00,247.00,218.00,194.00,218.00
191.00,96.00,239.00,96.00,239.00,220.00,191.00,220.00
188.00,93.00,239.00,93.00,239.00,218.00,188.00,218.00
188.00,90.00,239.00,90.00,239.00,213.00,188.00,213.00
185.00,103.00,238.00,103.00,238.00,222.00,185.00,222.00
182.00,95.00,234.00,95.00,234.00,219.00,182.00,219.00
182.00,99.00,235.00,99.00,235.00,223.00,182.00,223.00
181.00,91.00,234.00,91.00,234.00,215.00,181.00,215.00
177.00,97.00,230.00,97.00,230.00,217.00,177.00,217.00
179.00,92.00,230.00,92.00,230.00,213.00,179.00,213.00
177.00,94.00,226.00,94.00,226.00,215.00,177.00,215.00
182.00,102.00,229.00,102.00,229.00,221.00,182.00,221.00
181.00,99.00,229.00,99.00,229.00,217.00,181.00,217.00
180.00,90.00,227.00,90.00,227.00,213.00,180.00,213.00
188.00,101.00,236.00,101.00,236.00,220.00,188.00,220.00
183.00,107.00,231.00,107.00,231.00,223.00,183.00,223.00
179.00,107.00,228.00,107.00,228.00,223.00,179.00,223.00
179.00,107.00,228.00,107.00,228.00,220.00,179.00,220.00
179.00,108.00,228.00,108.00,228.00,220.00,179.00,220.00
181.00,104.00,229.00,104.00,229.00,218.00,181.00,218.00
180.00,102.00,227.00,102.00,227.00,214.00,180.00,214.00
192.00,102.00,241.00,102.00,241.00,215.00,192.00,215.00
195.00,101.00,246.00,101.00,246.00,217.00,195.00,217.00
191.00,101.00,242.00,101.00,242.00,219.00,191.00,219.00
195.00,103.00,245.00,103.00,245.00,222.00,195.00,222.00
197.00,104.00,244.00,104.00,244.00,225.00,197.00,225.00
197.00,107.00,241.00,107.00,241.00,229.00,197.00,229.00
195.00,104.00,239.00,104.00,239.00,225.00,195.00,225.00
197.00,109.00,242.00,109.00,242.00,225.00,197.00,225.00
195.00,109.00,242.00,109.00,242.00,224.00,195.00,224.00
196.00,108.00,246.00,108.00,246.00,226.00,196.00,226.00
195.00,107.00,244.00,107.00,244.00,224.00,195.00,224.00
192.00,104.00,243.00,104.00,243.00,224.00,192.00,224.00
193.00,102.00,242.00,102.00,242.00,221.00,193.00,221.00
193.00,102.00,241.00,102.00,241.00,218.00,193.00,218.00
191.00,98.00,241.00,98.00,241.00,212.00,191.00,212.00
186.00,91.00,235.00,91.00,235.00,206.00,186.00,206.00
186.00,88.00,234.00,88.00,234.00,205.00,186.00,205.00
184.00,82.00,231.00,82.00,231.00,200.00,184.00,200.00
184.00,83.00,230.00,83.00,230.00,201.00,184.00,201.00
184.00,79.00,229.00,79.00,229.00,197.00,184.00,197.00
186.00,82.00,232.00,82.00,232.00,200.00,186.00,200.00
189.00,82.00,235.00,82.00,235.00,203.00,189.00,203.00
191.00,81.00,237.00,81.00,237.00,203.00,191.00,203.00
189.00,78.00,235.00,78.00,235.00,202.00,189.00,202.00
188.00,74.00,235.00,74.00,235.00,200.00,188.00,200.00
188.00,69.00,235.00,69.00,235.00,195.00,188.00,195.00
191.00,63.00,238.00,63.00,238.00,191.00,191.00,191.00
191.00,65.00,239.00,65.00,239.00,197.00,191.00,197.00
196.00,67.00,244.00,67.00,244.00,198.00,196.00,198.00
199.00,65.00,247.00,65.00,247.00,196.00,199.00,196.00
201.00,67.00,249.00,67.00,249.00,197.00,201.00,197.00
206.00,66.00,255.00,66.00,255.00,198.00,206.00,198.00
211.00,62.00,260.00,62.00,260.00,196.00,211.00,196.00
213.00,60.00,262.00,60.00,262.00,197.00,213.00,197.00
218.00,59.00,267.00,59.00,267.00,196.00,218.00,196.00
224.00,61.00,276.00,61.00,276.00,198.00,224.00,198.00
230.00,56.00,283.00,56.00,283.00,190.00,230.00,190.00
231.00,56.00,285.00,56.00,285.00,191.00,231.00,191.00
232.00,53.00,286.00,53.00,286.00,189.00,232.00,189.00
238.00,58.00,294.00,58.00,294.00,188.00,238.00,188.00
237.00,58.00,296.00,58.00,296.00,188.00,237.00,188.00
242.00,58.00,300.00,58.00,300.00,186.00,242.00,186.00
244.00,56.00,298.00,56.00,298.00,186.00,244.00,186.00
245.00,57.00,298.00,57.00,298.00,189.00,245.00,189.00
241.00,59.00,294.00,59.00,294.00,195.00,241.00,195.00
243.00,62.00,294.00,62.00,294.00,194.00,243.00,194.00
251.00,59.00,303.00,59.00,303.00,194.00,251.00,194.00
252.00,56.00,303.00,56.00,303.00,194.00,252.00,194.00
257.00,59.00,308.00,59.00,308.00,196.00,257.00,196.00
257.00,59.00,307.00,59.00,307.00,194.00,257.00,194.00
269.00,67.00,319.00,67.00,319.00,202.00,269.00,202.00
269.00,66.00,318.00,66.00,318.00,201.00,269.00,201.00
270.00,63.00,318.00,63.00,318.00,196.00,270.00,196.00
268.00,61.00,315.00,61.00,315.00,192.00,268.00,192.00
271.00,62.00,317.00,62.00,317.00,188.00,271.00,188.00
274.00,63.00,320.00,63.00,320.00,192.00,274.00,192.00
277.00,62.00,322.00,62.00,322.00,188.00,277.00,188.00
277.00,57.00,322.00,57.00,322.00,186.00,277.00,186.00
275.00,55.00,318.00,55.00,318.00,183.00,275.00,183.00
272.00,48.00,315.00,48.00,315.00,179.00,272.00,179.00
269.00,45.00,312.00,45.00,312.00,178.00,269.00,178.00
268.00,46.00,311.00,46.00,311.00,179.00,268.00,179.00
267.00,42.00,310.00,42.00,310.00,180.00,267.00,180.00
265.00,39.00,309.00,39.00,309.00,176.00,265.00,176.00
263.00,41.00,309.00,41.00,309.00,178.00,263.00,178.00
263.00,40.00,310.00,40.00,310.00,180.00,263.00,180.00
257.00,41.00,308.00,41.00,308.00,180.00,257.00,180.00
257.00,40.00,309.00,40.00,309.00,181.00,257.00,181.00
253.00,40.00,308.00,40.00,308.00,180.00,253.00,180.00
249.00,42.00,308.00,42.00,308.00,183.00,249.00,183.00
246.00,45.00,307.00,45.00,307.00,187.00,246.00,187.00
243.00,48.00,305.00,48.00,305.00,189.00,243.00,189.00
238.00,47.00,302.00,47.00,302.00,193.00,238.00,193.00
231.00,48.00,295.00,48.00,295.00,192.00,231.00,192.00
224.00,47.00,289.00,47.00,289.00,192.00,224.00,192.00
214.00,46.00,280.00,46.00,280.00,194.00,214.00,194.00
206.00,48.00,273.00,48.00,273.00,202.00,206.00,202.00
194.00,47.00,258.00,47.00,258.00,204.00,194.00,204.00
186.00,44.00,251.00,44.00,251.00,208.00,186.00,208.00
169.00,34.00,235.00,34.00,235.00,197.00,169.00,197.00
160.00,28.00,226.00,28.00,226.00,191.00,160.00,191.00
150.00,27.00,219.00,27.00,219.00,195.00,150.00,195.00
140.00,22.00,213.00,22.00,213.00,195.00,140.00,195.00
131.00,17.00,204.00,17.00,204.00,189.00,131.00,189.00
123.00,10.00,199.00,10.00,199.00,185.00,123.00,185.00
116.00,7.00,192.00,7.00,192.00,187.00,116.00,187.00
112.00,6.00,188.00,6.00,188.00,186.00,112.00,186.00
105.00,5.00,183.00,5.00,183.00,191.00,105.00,191.00
99.00,11.00,176.00,11.00,176.00,197.00,99.00,197.00
95.00,13.00,172.00,13.00,172.00,199.00,95.00,199.00
78.00,23.00,157.00,23.00,157.00,205.00,78.00,205.00
77.00,32.00,155.00,32.00,155.00,211.00,77.00,211.00
74.00,41.00,150.00,41.00,150.00,221.00,74.00,221.00
64.00,56.00,140.00,56.00,140.00,235.00,64.00,235.00
58.00,61.00,134.00,61.00,134.00,239.00,58.00,239.00
55.00,67.00,132.00,67.00,132.00,237.00,55.00,237.00
54.00,70.00,131.00,70.00,131.00,233.00,54.00,233.00
63.00,74.00,140.00,74.00,140.00,235.00,63.00,235.00
66.00,77.00,142.00,77.00,142.00,236.00,66.00,236.00
72.00,83.00,149.00,83.00,149.00,239.00,72.00,239.00
85.00,86.00,161.00,86.00,161.00,242.00,85.00,242.00
76.00,85.00,151.00,85.00,151.00,240.00,76.00,240.00
72.00,80.00,147.00,80.00,147.00,238.00,72.00,238.00
70.00,83.00,144.00,83.00,144.00,239.00,70.00,239.00
64.00,85.00,133.00,85.00,133.00,241.00,64.00,241.00
67.00,83.00,137.00,83.00,137.00,241.00,67.00,241.00
62.00,99.00,129.00,99.00,129.00,247.00,62.00,247.00
61.00,97.00,127.00,97.00,127.00,245.00,61.00,245.00
63.00,97.00,127.00,97.00,127.00,239.00,63.00,239.00
67.00,96.00,131.00,96.00,131.00,236.00,67.00,236.00
74.00,92.00,137.00,92.00,137.00,231.00,74.00,231.00
78.00,91.00,140.00,91.00,140.00,231.00,78.00,231.00
87.00,88.00,147.00,88.00,147.00,231.00,87.00,231.00
89.00,90.00,149.00,90.00,149.00,230.00,89.00,230.00
112.00,71.00,177.00,71.00,177.00,214.00,112.00,214.00
113.00,69.00,177.00,69.00,177.00,213.00,113.00,213.00
110.00,73.00,172.00,73.00,172.00,216.00,110.00,216.00
109.00,74.00,169.00,74.00,169.00,216.00,109.00,216.00
116.00,72.00,177.00,72.00,177.00,206.00,116.00,206.00
119.00,70.00,180.00,70.00,180.00,207.00,119.00,207.00
120.00,69.00,180.00,69.00,180.00,201.00,120.00,201.00
117.00,70.00,178.00,70.00,178.00,199.00,117.00,199.00
122.00,68.00,182.00,68.00,182.00,198.00,122.00,198.00
121.00,66.00,182.00,66.00,182.00,195.00,121.00,195.00
122.00,67.00,181.00,67.00,181.00,195.00,122.00,195.00
122.00,66.00,182.00,66.00,182.00,194.00,122.00,194.00
116.00,66.00,176.00,66.00,176.00,199.00,116.00,199.00
117.00,66.00,176.00,66.00,176.00,199.00,117.00,199.00
114.00,70.00,175.00,70.00,175.00,202.00,114.00,202.00
111.00,74.00,169.00,74.00,169.00,202.00,111.00,202.00
121.00,74.00,181.00,74.00,181.00,200.00,121.00,200.00
117.00,73.00,176.00,73.00,176.00,199.00,117.00,199.00
118.00,71.00,177.00,71.00,177.00,200.00,118.00,200.00
115.00,68.00,173.00,68.00,173.00,199.00,115.00,199.00
128.00,70.00,187.00,70.00,187.00,199.00,128.00,199.00
127.00,72.00,185.00,72.00,185.00,201.00,127.00,201.00
130.00,71.00,187.00,71.00,187.00,199.00,130.00,199.00
125.00,71.00,183.00,71.00,183.00,199.00,125.00,199.00
146.00,66.00,204.00,66.00,204.00,196.00,146.00,196.00
146.00,65.00,206.00,65.00,206.00,195.00,146.00,195.00
150.00,58.00,207.00,58.00,207.00,187.00,150.00,187.00
148.00,61.00,204.00,61.00,204.00,192.00,148.00,192.00
150.00,64.00,205.00,64.00,205.00,187.00,150.00,187.00
149.00,63.00,204.00,63.00,204.00,186.00,149.00,186.00
155.00,70.00,210.00,70.00,210.00,189.00,155.00,189.00
155.00,74.00,211.00,74.00,211.00,191.00,155.00,191.00
159.00,72.00,216.00,72.00,216.00,189.00,159.00,189.00
159.00,73.00,216.00,73.00,216.00,189.00,159.00,189.00
163.00,73.00,220.00,73.00,220.00,193.00,163.00,193.00
159.00,72.00,217.00,72.00,217.00,194.00,159.00,194.00
172.00,71.00,228.00,71.00,228.00,190.00,172.00,190.00
172.00,70.00,228.00,70.00,228.00,189.00,172.00,189.00
174.00,73.00,233.00,73.00,233.00,190.00,174.00,190.00
178.00,77.00,237.00,77.00,237.00,195.00,178.00,195.00
177.00,73.00,236.00,73.00,236.00,191.00,177.00,191.00
177.00,74.00,236.00,74.00,236.00,192.00,177.00,192.00
179.00,72.00,234.00,72.00,234.00,197.00,179.00,197.00
180.00,70.00,235.00,70.00,235.00,194.00,180.00,194.00
179.00,69.00,229.00,69.00,229.00,193.00,179.00,193.00
181.00,68.00,231.00,68.00,231.00,192.00,181.00,192.00
180.00,65.00,226.00,65.00,226.00,190.00,180.00,190.00
181.00,66.00,226.00,66.00,226.00,189.00,181.00,189.00
181.00,61.00,223.00,61.00,223.00,189.00,181.00,189.00
