1
163.00,53.00,207.00,53.00,207.00,228.00,163.00,228.00
165.00,51.00,209.00,51.00,209.00,226.00,165.00,226.00
165.00,50.00,209.00,50.00,209.00,226.00,165.00,226.00
167.00,45.00,210.00,45.00,210.00,225.00,167.00,225.00
167.00,44.00,211.00,44.00,211.00,227.00,167.00,227.00
168.00,44.00,211.00,44.00,211.00,228.00,168.00,228.00
168.00,45.00,211.00,45.00,211.00,228.00,168.00,228.00
167.00,44.00,208.00,44.00,208.00,229.00,167.00,229.00
167.00,44.00,208.00,44.00,208.00,229.00,167.00,229.00
161.00,44.00,202.00,44.00,202.00,231.00,161.00,231.00
161.00,42.00,202.00,42.00,202.00,232.00,161.00,232.00
156.00,45.00,198.00,45.00,198.00,231.00,156.00,231.00
154.00,43.00,197.00,43.00,197.00,229.00,154.00,229.00
148.00,48.00,193.00,48.00,193.00,229.00,148.00,229.00
147.00,46.00,193.00,46.00,193.00,227.00,147.00,227.00
146.00,50.00,190.00,50.00,190.00,227.00,146.00,227.00
145.00,49.00,190.00,49.00,190.00,226.00,145.00,226.00
141.00,48.00,187.00,48.00,187.00,223.00,141.00,223.00
141.00,49.00,187.00,49.00,187.00,223.00,141.00,223.00
141.00,51.00,186.00,51.00,186.00,226.00,141.00,226.00
142.00,52.00,186.00,52.00,186.00,227.00,142.00,227.00
143.00,52.00,185.00,52.00,185.00,227.00,143.00,227.00
143.00,53.00,184.00,53.00,184.00,228.00,143.00,228.00
146.00,53.00,186.00,53.00,186.00,224.00,146.00,224.00
146.00,54.00,185.00,54.00,185.00,226.00,146.00,226.00
147.00,52.00,187.00,52.00,187.00,222.00,147.00,222.00
147.00,53.00,186.00,53.00,186.00,222.00,147.00,222.00
148.00,53.00,189.00,53.00,189.00,220.00,148.00,220.00
149.00,54.00,188.00,54.00,188.00,220.00,149.00,220.00
148.00,54.00,188.00,54.00,188.00,216.00,148.00,216.00
149.00,56.00,188.00,56.00,188.00,217.00,149.00,217.00
148.00,59.00,186.00,59.00,186.00,217.00,148.00,217.00
149.00,58.00,188.00,58.00,188.00,215.00,149.00,215.00
149.00,58.00,190.00,58.00,190.00,214.00,149.00,214.00
147.00,59.00,187.00,59.00,187.00,213.00,147.00,213.00
150.00,61.00,191.00,61.00,191.00,211.00,150.00,211.00
152.00,62.00,193.00,62.00,193.00,209.00,152.00,209.00
150.00,63.00,192.00,63.00,192.00,209.00,150.00,209.00
148.00,64.00,190.00,64.00,190.00,208.00,148.00,208.00
147.00,61.00,192.00,61.00,192.00,202.00,147.00,202.00
146.00,64.00,190.00,64.00,190.00,208.00,146.00,208.00
146.00,64.00,189.00,64.00,189.00,209.00,146.00,209.00
148.00,66.00,192.00,66.00,192.00,211.00,148.00,211.00
149.00,66.00,193.00,66.00,193.00,206.00,149.00,206.00
151.00,67.00,194.00,67.00,194.00,204.00,151.00,204.00
150.00,66.00,193.00,66.00,193.00,207.00,150.00,207.00
148.00,65.00,191.00,65.00,191.00,207.00,148.00,207.00
141.00,76.00,183.00,76.00,183.00,217.00,141.00,217.00
145.00,74.00,185.00,74.00,185.00,210.00,145.00,210.00
159.00,65.00,199.00,65.00,199.00,204.00,159.00,204.00
161.00,63.00,200.00,63.00,200.00,199.00,161.00,199.00
157.00,62.00,196.00,62.00,196.00,208.00,157.00,208.00
159.00,63.00,197.00,63.00,197.00,207.00,159.00,207.00
155.00,64.00,194.00,64.00,194.00,215.00,155.00,215.00
157.00,68.00,195.00,68.00,195.00,215.00,157.00,215.00
159.00,71.00,197.00,71.00,197.00,213.00,159.00,213.00
159.00,72.00,197.00,72.00,197.00,212.00,159.00,212.00
164.00,71.00,203.00,71.00,203.00,207.00,164.00,207.00
163.00,71.00,202.00,71.00,202.00,209.00,163.00,209.00
166.00,64.00,207.00,64.00,207.00,205.00,166.00,205.00
164.00,66.00,206.00,66.00,206.00,210.00,164.00,210.00
167.00,64.00,209.00,64.00,209.00,211.00,167.00,211.00
169.00,69.00,211.00,69.00,211.00,213.00,169.00,213.00
170.00,65.00,214.00,65.00,214.00,212.00,170.00,212.00
170.00,68.00,214.00,68.00,214.00,216.00,170.00,216.00
172.00,64.00,217.00,64.00,217.00,212.00,172.00,212.00
174.00,68.00,218.00,68.00,218.00,214.00,174.00,214.00
178.00,69.00,224.00,69.00,224.00,215.00,178.00,215.00
181.00,67.00,227.00,67.00,227.00,211.00,181.00,211.00
185.00,68.00,233.00,68.00,233.00,215.00,185.00,215.00
181.00,66.00,229.00,66.00,229.00,218.00,181.00,218.00
189.00,65.00,237.00,65.00,237.00,214.00,189.00,214.00
188.00,64.00,237.00,64.00,237.00,216.00,188.00,216.00
194.00,65.00,242.00,65.00,242.00,220.00,194.00,220.00
197.00,69.00,245.00,69.00,245.00,221.00,197.00,221.00
202.00,65.00,248.00,65.00,248.00,218.00,202.00,218.00
200.00,64.00,247.00,64.00,247.00,219.00,200.00,219.00
207.00,57.00,257.00,57.00,257.00,212.00,207.00,212.00
207.00,56.00,257.00,56.00,257.00,213.00,207.00,213.00
214.00,52.00,263.00,52.00,263.00,215.00,214.00,215.00
212.00,49.00,263.00,49.00,263.00,214.00,212.00,214.00
213.00,51.00,264.00,51.00,264.00,218.00,213.00,218.00
214.00,50.00,265.00,50.00,265.00,219.00,214.00,219.00
214.00,49.00,264.00,49.00,264.00,218.00,214.00,218.00
216.00,49.00,266.00,49.00,266.00,218.00,216.00,218.00
215.00,46.00,266.00,46.00,266.00,214.00,215.00,214.00
215.00,49.00,265.00,49.00,265.00,218.00,215.00,218.00
214.00,51.00,260.00,51.00,260.00,216.00,214.00,216.00
217.00,52.00,262.00,52.00,262.00,213.00,217.00,213.00
219.00,52.00,262.00,52.00,262.00,214.00,219.00,214.00
219.00,53.00,262.00,53.00,262.00,215.00,219.00,215.00
220.00,54.00,265.00,54.00,265.00,209.00,220.00,209.00
219.00,54.00,263.00,54.00,263.00,209.00,219.00,209.00
219.00,62.00,265.00,62.00,265.00,218.00,219.00,218.00
219.00,63.00,265.00,63.00,265.00,218.00,219.00,218.00
217.00,69.00,268.00,69.00,268.00,223.00,217.00,223.00
216.00,69.00,268.00,69.00,268.00,225.00,216.00,225.00
229.00,78.00,278.00,78.00,278.00,224.00,229.00,224.00
228.00,80.00,279.00,80.00,279.00,228.00,228.00,228.00
229.00,85.00,281.00,85.00,281.00,227.00,229.00,227.00
228.00,87.00,280.00,87.00,280.00,228.00,228.00,228.00
230.00,85.00,280.00,85.00,280.00,227.00,230.00,227.00
225.00,86.00,276.00,86.00,276.00,227.00,225.00,227.00
230.00,71.00,277.00,71.00,277.00,249.00,230.00,249.00
226.00,91.00,278.00,91.00,278.00,229.00,226.00,229.00
228.00,90.00,278.00,90.00,278.00,229.00,228.00,229.00
234.00,79.00,282.00,79.00,282.00,222.00,234.00,222.00
229.00,91.00,279.00,91.00,279.00,233.00,229.00,233.00
233.00,89.00,280.00,89.00,280.00,233.00,233.00,233.00
235.00,86.00,283.00,86.00,283.00,228.00,235.00,228.00
232.00,84.00,280.00,84.00,280.00,227.00,232.00,227.00
232.00,85.00,279.00,85.00,279.00,228.00,232.00,228.00
231.00,82.00,277.00,82.00,277.00,226.00,231.00,226.00
215.00,69.00,260.00,69.00,260.00,244.00,215.00,244.00
209.00,83.00,259.00,83.00,259.00,230.00,209.00,230.00
207.00,78.00,255.00,78.00,255.00,222.00,207.00,222.00
212.00,73.00,261.00,73.00,261.00,220.00,212.00,220.00
209.00,83.00,260.00,83.00,260.00,227.00,209.00,227.00
200.00,81.00,251.00,81.00,251.00,227.00,200.00,227.00
187.00,54.00,232.00,54.00,232.00,230.00,187.00,230.00
176.00,61.00,229.00,61.00,229.00,213.00,176.00,213.00
184.00,63.00,235.00,63.00,235.00,214.00,184.00,214.00
183.00,62.00,232.00,62.00,232.00,211.00,183.00,211.00
163.00,37.00,211.00,37.00,211.00,187.00,163.00,187.00
159.00,28.00,208.00,28.00,208.00,181.00,159.00,181.00
154.00,26.00,202.00,26.00,202.00,183.00,154.00,183.00
151.00,24.00,196.00,24.00,196.00,181.00,151.00,181.00
150.00,23.00,197.00,23.00,197.00,180.00,150.00,180.00
145.00,19.00,195.00,19.00,195.00,188.00,145.00,188.00
155.00,23.00,201.00,23.00,201.00,188.00,155.00,188.00
144.00,15.00,192.00,15.00,192.00,180.00,144.00,180.00
152.00,21.00,201.00,21.00,201.00,185.00,152.00,185.00
154.00,27.00,204.00,27.00,204.00,187.00,154.00,187.00
158.00,29.00,203.00,29.00,203.00,188.00,158.00,188.00
160.00,25.00,207.00,25.00,207.00,194.00,160.00,194.00
163.00,29.00,211.00,29.00,211.00,198.00,163.00,198.00
165.00,27.00,211.00,27.00,211.00,190.00,165.00,190.00
170.00,29.00,217.00,29.00,217.00,195.00,170.00,195.00
181.00,42.00,231.00,42.00,231.00,213.00,181.00,213.00
191.00,49.00,238.00,49.00,238.00,209.00,191.00,209.00
197.00,55.00,244.00,55.00,244.00,218.00,197.00,218.00
207.00,61.00,254.00,61.00,254.00,226.00,207.00,226.00
210.00,63.00,260.00,63.00,260.00,220.00,210.00,220.00
227.00,57.00,274.00,57.00,274.00,220.00,227.00,220.00
242.00,50.00,288.00,50.00,288.00,219.00,242.00,219.00
233.00,61.00,276.00,61.00,276.00,218.00,233.00,218.00
250.00,55.00,296.00,55.00,296.00,217.00,250.00,217.00
251.00,61.00,299.00,61.00,299.00,220.00,251.00,220.00
246.00,56.00,296.00,56.00,296.00,217.00,246.00,217.00
245.00,56.00,295.00,56.00,295.00,213.00,245.00,213.00
250.00,48.00,298.00,48.00,298.00,209.00,250.00,209.00
250.00,61.00,298.00,61.00,298.00,216.00,250.00,216.00
249.00,61.00,296.00,61.00,296.00,215.00,249.00,215.00
250.00,59.00,296.00,59.00,296.00,213.00,250.00,213.00
247.00,60.00,293.00,60.00,293.00,211.00,247.00,211.00
248.00,60.00,293.00,60.00,293.00,210.00,248.00,210.00
247.00,63.00,292.00,63.00,292.00,212.00,247.00,212.00
246.00,62.00,290.00,62.00,290.00,211.00,246.00,211.00
249.00,56.00,293.00,56.00,293.00,206.00,249.00,206.00
242.00,72.00,287.00,72.00,287.00,219.00,242.00,219.00
247.00,55.00,290.00,55.00,290.00,210.00,247.00,210.00
251.00,49.00,294.00,49.00,294.00,205.00,251.00,205.00
249.00,53.00,294.00,53.00,294.00,210.00,249.00,210.00
235.00,68.00,279.00,68.00,279.00,218.00,235.00,218.00
233.00,63.00,274.00,63.00,274.00,211.00,233.00,211.00
229.00,65.00,273.00,65.00,273.00,218.00,229.00,218.00
226.00,61.00,270.00,61.00,270.00,214.00,226.00,214.00
219.00,53.00,261.00,53.00,261.00,206.00,219.00,206.00
213.00,52.00,256.00,52.00,256.00,208.00,213.00,208.00
209.00,56.00,253.00,56.00,253.00,213.00,209.00,213.00
203.00,45.00,247.00,45.00,247.00,203.00,203.00,203.00
191.00,52.00,234.00,52.00,234.00,213.00,191.00,213.00
188.00,46.00,231.00,46.00,231.00,208.00,188.00,208.00
185.00,53.00,227.00,53.00,227.00,211.00,185.00,211.00
181.00,57.00,223.00,57.00,223.00,219.00,181.00,219.00
182.00,61.00,225.00,61.00,225.00,225.00,182.00,225.00
181.00,59.00,224.00,59.00,224.00,219.00,181.00,219.00
182.00,66.00,227.00,66.00,227.00,221.00,182.00,221.00
183.00,67.00,229.00,67.00,229.00,221.00,183.00,221.00
186.00,73.00,230.00,73.00,230.00,223.00,186.00,223.00
191.00,77.00,236.00,77.00,236.00,227.00,191.00,227.00
187.00,82.00,232.00,82.00,232.00,231.00,187.00,231.00
182.00,80.00,229.00,80.00,229.00,229.00,182.00,229.00
182.00,84.00,228.00,84.00,228.00,233.00,182.00,233.00
192.00,84.00,238.00,84.00,238.00,235.00,192.00,235.00
190.00,91.00,235.00,91.00,235.00,234.00,190.00,234.00
184.00,95.00,230.00,95.00,230.00,234.00,184.00,234.00
185.00,100.00,231.00,100.00,231.00,236.00,185.00,236.00
185.00,94.00,231.00,94.00,231.00,233.00,185.00,233.00
182.00,95.00,228.00,95.00,228.00,234.00,182.00,234.00
183.00,92.00,228.00,92.00,228.00,234.00,183.00,234.00
191.00,95.00,236.00,95.00,236.00,231.00,191.00,231.00
205.00,83.00,247.00,83.00,247.00,222.00,205.00,222.00
234.00,74.00,276.00,74.00,276.00,211.00,234.00,211.00
235.00,71.00,276.00,71.00,276.00,210.00,235.00,210.00
231.00,62.00,273.00,62.00,273.00,205.00,231.00,205.00
235.00,72.00,276.00,72.00,276.00,211.00,235.00,211.00
234.00,73.00,274.00,73.00,274.00,210.00,234.00,210.00
235.00,74.00,274.00,74.00,274.00,209.00,235.00,209.00
226.00,81.00,265.00,81.00,265.00,217.00,226.00,217.00
227.00,80.00,266.00,80.00,266.00,218.00,227.00,218.00
223.00,96.00,262.00,96.00,262.00,234.00,223.00,234.00
222.00,96.00,262.00,96.00,262.00,234.00,222.00,234.00
224.00,96.00,266.00,96.00,266.00,233.00,224.00,233.00
241.00,95.00,281.00,95.00,281.00,235.00,241.00,235.00
243.00,88.00,282.00,88.00,282.00,229.00,243.00,229.00
246.00,83.00,285.00,83.00,285.00,225.00,246.00,225.00
251.00,65.00,292.00,65.00,292.00,210.00,251.00,210.00
258.00,87.00,300.00,87.00,300.00,231.00,258.00,231.00
260.00,92.00,302.00,92.00,302.00,237.00,260.00,237.00
260.00,89.00,300.00,89.00,300.00,233.00,260.00,233.00
260.00,72.00,300.00,72.00,300.00,216.00,260.00,216.00
263.00,71.00,302.00,71.00,302.00,220.00,263.00,220.00
260.00,63.00,300.00,63.00,300.00,211.00,260.00,211.00
258.00,66.00,298.00,66.00,298.00,216.00,258.00,216.00
255.00,66.00,296.00,66.00,296.00,216.00,255.00,216.00
250.00,57.00,292.00,57.00,292.00,208.00,250.00,208.00
245.00,55.00,290.00,55.00,290.00,212.00,245.00,212.00
242.00,53.00,287.00,53.00,287.00,212.00,242.00,212.00
235.00,49.00,280.00,49.00,280.00,206.00,235.00,206.00
233.00,51.00,278.00,51.00,278.00,207.00,233.00,207.00
229.00,50.00,274.00,50.00,274.00,206.00,229.00,206.00
225.00,47.00,272.00,47.00,272.00,206.00,225.00,206.00
224.00,44.00,270.00,44.00,270.00,203.00,224.00,203.00
222.00,47.00,268.00,47.00,268.00,205.00,222.00,205.00
221.00,47.00,266.00,47.00,266.00,199.00,221.00,199.00
221.00,50.00,267.00,50.00,267.00,203.00,221.00,203.00
221.00,51.00,267.00,51.00,267.00,206.00,221.00,206.00
222.00,54.00,267.00,54.00,267.00,206.00,222.00,206.00
220.00,52.00,266.00,52.00,266.00,205.00,220.00,205.00
221.00,53.00,266.00,53.00,266.00,202.00,221.00,202.00
223.00,54.00,268.00,54.00,268.00,203.00,223.00,203.00
223.00,59.00,267.00,59.00,267.00,208.00,223.00,208.00
223.00,62.00,268.00,62.00,268.00,210.00,223.00,210.00
224.00,64.00,270.00,64.00,270.00,211.00,224.00,211.00
216.00,63.00,258.00,63.00,258.00,208.00,216.00,208.00
218.00,66.00,260.00,66.00,260.00,210.00,218.00,210.00
218.00,66.00,260.00,66.00,260.00,207.00,218.00,207.00
218.00,68.00,261.00,68.00,261.00,209.00,218.00,209.00
221.00,64.00,263.00,64.00,263.00,204.00,221.00,204.00
220.00,67.00,263.00,67.00,263.00,207.00,220.00,207.00
235.00,84.00,280.00,84.00,280.00,222.00,235.00,222.00
220.00,77.00,262.00,77.00,262.00,217.00,220.00,217.00
209.00,70.00,248.00,70.00,248.00,206.00,209.00,206.00
208.00,70.00,247.00,70.00,247.00,208.00,208.00,208.00
206.00,86.00,247.00,86.00,247.00,221.00,206.00,221.00
207.00,82.00,248.00,82.00,248.00,225.00,207.00,225.00
202.00,74.00,243.00,74.00,243.00,220.00,202.00,220.00
198.00,71.00,238.00,71.00,238.00,220.00,198.00,220.00
198.00,70.00,237.00,70.00,237.00,220.00,198.00,220.00
195.00,61.00,233.00,61.00,233.00,213.00,195.00,213.00
196.00,62.00,236.00,62.00,236.00,217.00,196.00,217.00
195.00,68.00,237.00,68.00,237.00,225.00,195.00,225.00
196.00,61.00,235.00,61.00,235.00,218.00,196.00,218.00
196.00,64.00,235.00,64.00,235.00,216.00,196.00,216.00
199.00,71.00,240.00,71.00,240.00,216.00,199.00,216.00
220.00,78.00,261.00,78.00,261.00,244.00,220.00,244.00
190.00,62.00,231.00,62.00,231.00,208.00,190.00,208.00
195.00,60.00,235.00,60.00,235.00,203.00,195.00,203.00
196.00,57.00,234.00,57.00,234.00,201.00,196.00,201.00
196.00,59.00,234.00,59.00,234.00,200.00,196.00,200.00
199.00,62.00,242.00,62.00,242.00,205.00,199.00,205.00
198.00,60.00,239.00,60.00,239.00,202.00,198.00,202.00
197.00,55.00,236.00,55.00,236.00,204.00,197.00,204.00
193.00,54.00,236.00,54.00,236.00,195.00,193.00,195.00
195.00,60.00,235.00,60.00,235.00,198.00,195.00,198.00
194.00,58.00,235.00,58.00,235.00,192.00,194.00,192.00
192.00,49.00,232.00,49.00,232.00,181.00,192.00,181.00
195.00,49.00,234.00,49.00,234.00,185.00,195.00,185.00
196.00,51.00,237.00,51.00,237.00,187.00,196.00,187.00
196.00,53.00,236.00,53.00,236.00,189.00,196.00,189.00
188.00,56.00,232.00,56.00,232.00,194.00,188.00,194.00
192.00,50.00,235.00,50.00,235.00,193.00,192.00,193.00
185.00,52.00,227.00,52.00,227.00,196.00,185.00,196.00
189.00,60.00,230.00,60.00,230.00,198.00,189.00,198.00
217.00,85.00,261.00,85.00,261.00,241.00,217.00,241.00
217.00,89.00,259.00,89.00,259.00,243.00,217.00,243.00
216.00,86.00,260.00,86.00,260.00,240.00,216.00,240.00
195.00,83.00,240.00,83.00,240.00,227.00,195.00,227.00
193.00,79.00,236.00,79.00,236.00,222.00,193.00,222.00
194.00,86.00,239.00,86.00,239.00,228.00,194.00,228.00
195.00,94.00,239.00,94.00,239.00,233.00,195.00,233.00
190.00,89.00,234.00,89.00,234.00,230.00,190.00,230.00
192.00,86.00,235.00,86.00,235.00,228.00,192.00,228.00
191.00,86.00,232.00,86.00,232.00,219.00,191.00,219.00
191.00,78.00,232.00,78.00,232.00,220.00,191.00,220.00
192.00,82.00,232.00,82.00,232.00,222.00,192.00,222.00
190.00,77.00,231.00,77.00,231.00,226.00,190.00,226.00
192.00,67.00,235.00,67.00,235.00,220.00,192.00,220.00
194.00,68.00,236.00,68.00,236.00,216.00,194.00,216.00
195.00,77.00,237.00,77.00,237.00,229.00,195.00,229.00
197.00,82.00,239.00,82.00,239.00,227.00,197.00,227.00
197.00,79.00,239.00,79.00,239.00,228.00,197.00,228.00
199.00,72.00,241.00,72.00,241.00,222.00,199.00,222.00
200.00,68.00,241.00,68.00,241.00,217.00,200.00,217.00
204.00,70.00,245.00,70.00,245.00,220.00,204.00,220.00
208.00,69.00,248.00,69.00,248.00,214.00,208.00,214.00
211.00,64.00,248.00,64.00,248.00,205.00,211.00,205.00
209.00,67.00,249.00,67.00,249.00,210.00,209.00,210.00
210.00,67.00,249.00,67.00,249.00,203.00,210.00,203.00
212.00,65.00,250.00,65.00,250.00,206.00,212.00,206.00
217.00,62.00,256.00,62.00,256.00,205.00,217.00,205.00
217.00,62.00,254.00,62.00,254.00,210.00,217.00,210.00
217.00,59.00,254.00,59.00,254.00,213.00,217.00,213.00
219.00,56.00,256.00,56.00,256.00,205.00,219.00,205.00
220.00,50.00,258.00,50.00,258.00,195.00,220.00,195.00
220.00,51.00,258.00,51.00,258.00,199.00,220.00,199.00
220.00,54.00,259.00,54.00,259.00,201.00,220.00,201.00
222.00,47.00,260.00,47.00,260.00,194.00,222.00,194.00
221.00,48.00,261.00,48.00,261.00,200.00,221.00,200.00
222.00,44.00,261.00,44.00,261.00,196.00,222.00,196.00
223.00,48.00,263.00,48.00,263.00,199.00,223.00,199.00
222.00,49.00,263.00,49.00,263.00,203.00,222.00,203.00
224.00,55.00,267.00,55.00,267.00,210.00,224.00,210.00
225.00,55.00,265.00,55.00,265.00,203.00,225.00,203.00
223.00,55.00,264.00,55.00,264.00,205.00,223.00,205.00
226.00,57.00,264.00,57.00,264.00,210.00,226.00,210.00
226.00,57.00,267.00,57.00,267.00,203.00,226.00,203.00
225.00,56.00,264.00,56.00,264.00,197.00,225.00,197.00
223.00,55.00,260.00,55.00,260.00,188.00,223.00,188.00
223.00,58.00,259.00,58.00,259.00,191.00,223.00,191.00
221.00,57.00,259.00,57.00,259.00,192.00,221.00,192.00
221.00,65.00,259.00,65.00,259.00,203.00,221.00,203.00
219.00,61.00,258.00,61.00,258.00,199.00,219.00,199.00
215.00,59.00,256.00,59.00,256.00,200.00,215.00,200.00
217.00,61.00,258.00,61.00,258.00,200.00,217.00,200.00
219.00,64.00,261.00,64.00,261.00,205.00,219.00,205.00
206.00,81.00,249.00,81.00,249.00,223.00,206.00,223.00
201.00,92.00,244.00,92.00,244.00,232.00,201.00,232.00
205.00,91.00,248.00,91.00,248.00,229.00,205.00,229.00
201.00,92.00,244.00,92.00,244.00,233.00,201.00,233.00
200.00,90.00,244.00,90.00,244.00,235.00,200.00,235.00
203.00,91.00,248.00,91.00,248.00,237.00,203.00,237.00
206.00,86.00,252.00,86.00,252.00,235.00,206.00,235.00
204.00,88.00,251.00,88.00,251.00,236.00,204.00,236.00
206.00,90.00,252.00,90.00,252.00,235.00,206.00,235.00
208.00,96.00,256.00,96.00,256.00,236.00,208.00,236.00
205.00,94.00,253.00,94.00,253.00,237.00,205.00,237.00
208.00,81.00,256.00,81.00,256.00,236.00,208.00,236.00
214.00,93.00,259.00,93.00,259.00,238.00,214.00,238.00
217.00,94.00,262.00,94.00,262.00,241.00,217.00,241.00
226.00,98.00,272.00,98.00,272.00,242.00,226.00,242.00
231.00,99.00,277.00,99.00,277.00,242.00,231.00,242.00
230.00,101.00,274.00,101.00,274.00,265.00,230.00,265.00
227.00,101.00,275.00,101.00,275.00,247.00,227.00,247.00
231.00,95.00,279.00,95.00,279.00,245.00,231.00,245.00
235.00,91.00,282.00,91.00,282.00,242.00,235.00,242.00
236.00,88.00,282.00,88.00,282.00,243.00,236.00,243.00
246.00,80.00,295.00,80.00,295.00,232.00,246.00,232.00
250.00,80.00,299.00,80.00,299.00,233.00,250.00,233.00
248.00,78.00,296.00,78.00,296.00,235.00,248.00,235.00
243.00,77.00,290.00,77.00,290.00,239.00,243.00,239.00
242.00,68.00,291.00,68.00,291.00,235.00,242.00,235.00
249.00,76.00,299.00,76.00,299.00,242.00,249.00,242.00
254.00,73.00,305.00,73.00,305.00,238.00,254.00,238.00
251.00,84.00,302.00,84.00,302.00,243.00,251.00,243.00
257.00,74.00,307.00,74.00,307.00,238.00,257.00,238.00
255.00,81.00,305.00,81.00,305.00,241.00,255.00,241.00
260.00,78.00,309.00,78.00,309.00,240.00,260.00,240.00
268.00,61.00,316.00,61.00,316.00,230.00,268.00,230.00
267.00,60.00,316.00,60.00,316.00,229.00,267.00,229.00
265.00,61.00,314.00,61.00,314.00,234.00,265.00,234.00
268.00,49.00,316.00,49.00,316.00,232.00,268.00,232.00
262.00,49.00,312.00,49.00,312.00,236.00,262.00,236.00
257.00,44.00,310.00,44.00,310.00,231.00,257.00,231.00
243.00,55.00,297.00,55.00,297.00,244.00,243.00,244.00
243.00,47.00,297.00,47.00,297.00,242.00,243.00,242.00
242.00,36.00,294.00,36.00,294.00,230.00,242.00,230.00
240.00,40.00,294.00,40.00,294.00,229.00,240.00,229.00
234.00,43.00,290.00,43.00,290.00,235.00,234.00,235.00
226.00,38.00,283.00,38.00,283.00,231.00,226.00,231.00
220.00,34.00,279.00,34.00,279.00,227.00,220.00,227.00
216.00,31.00,277.00,31.00,277.00,222.00,216.00,222.00
209.00,35.00,270.00,35.00,270.00,227.00,209.00,227.00
204.00,34.00,266.00,34.00,266.00,225.00,204.00,225.00
202.00,36.00,263.00,36.00,263.00,226.00,202.00,226.00
195.00,42.00,257.00,42.00,257.00,234.00,195.00,234.00
192.00,41.00,252.00,41.00,252.00,240.00,192.00,240.00
186.00,37.00,246.00,37.00,246.00,237.00,186.00,237.00
183.00,44.00,243.00,44.00,243.00,236.00,183.00,236.00
177.00,41.00,238.00,41.00,238.00,240.00,177.00,240.00
177.00,37.00,240.00,37.00,240.00,229.00,177.00,229.00
174.00,39.00,236.00,39.00,236.00,232.00,174.00,232.00
170.00,43.00,232.00,43.00,232.00,232.00,170.00,232.00
173.00,42.00,235.00,42.00,235.00,230.00,173.00,230.00
168.00,42.00,229.00,42.00,229.00,229.00,168.00,229.00
166.00,42.00,228.00,42.00,228.00,231.00,166.00,231.00
169.00,38.00,231.00,38.00,231.00,224.00,169.00,224.00
168.00,39.00,228.00,39.00,228.00,222.00,168.00,222.00
166.00,40.00,227.00,40.00,227.00,222.00,166.00,222.00
165.00,42.00,224.00,42.00,224.00,227.00,165.00,227.00
168.00,42.00,228.00,42.00,228.00,226.00,168.00,226.00
168.00,44.00,224.00,44.00,224.00,228.00,168.00,228.00
168.00,46.00,223.00,46.00,223.00,233.00,168.00,233.00
171.00,41.00,225.00,41.00,225.00,230.00,171.00,230.00
168.00,42.00,221.00,42.00,221.00,232.00,168.00,232.00
167.00,45.00,221.00,45.00,221.00,229.00,167.00,229.00
163.00,47.00,219.00,47.00,219.00,229.00,163.00,229.00
166.00,46.00,222.00,46.00,222.00,227.00,166.00,227.00
168.00,47.00,223.00,47.00,223.00,226.00,168.00,226.00
163.00,54.00,217.00,54.00,217.00,231.00,163.00,231.00
165.00,49.00,218.00,49.00,218.00,230.00,165.00,230.00
167.00,45.00,219.00,45.00,219.00,221.00,167.00,221.00
167.00,50.00,219.00,50.00,219.00,232.00,167.00,232.00
167.00,48.00,219.00,48.00,219.00,224.00,167.00,224.00
169.00,46.00,220.00,46.00,220.00,227.00,169.00,227.00
166.00,49.00,217.00,49.00,217.00,229.00,166.00,229.00
167.00,46.00,217.00,46.00,217.00,223.00,167.00,223.00
168.00,46.00,218.00,46.00,218.00,224.00,168.00,224.00
167.00,45.00,218.00,45.00,218.00,226.00,167.00,226.00
167.00,45.00,220.00,45.00,220.00,229.00,167.00,229.00
166.00,42.00,218.00,42.00,218.00,228.00,166.00,228.00
166.00,49.00,216.00,49.00,216.00,237.00,166.00,237.00
164.00,47.00,213.00,47.00,213.00,230.00,164.00,230.00
165.00,51.00,216.00,51.00,216.00,231.00,165.00,231.00
164.00,55.00,217.00,55.00,217.00,233.00,164.00,233.00
161.00,52.00,214.00,52.00,214.00,231.00,161.00,231.00
164.00,57.00,217.00,57.00,217.00,230.00,164.00,230.00
166.00,65.00,220.00,65.00,220.00,234.00,166.00,234.00
166.00,77.00,220.00,77.00,220.00,237.00,166.00,237.00
164.00,82.00,219.00,82.00,219.00,237.00,164.00,237.00
165.00,82.00,219.00,82.00,219.00,234.00,165.00,234.00
164.00,86.00,220.00,86.00,220.00,236.00,164.00,236.00
163.00,88.00,220.00,88.00,220.00,234.00,163.00,234.00
147.00,91.00,198.00,91.00,198.00,238.00,147.00,238.00
156.00,89.00,209.00,89.00,209.00,230.00,156.00,230.00
141.00,93.00,192.00,93.00,192.00,233.00,141.00,233.00
133.00,96.00,183.00,96.00,183.00,232.00,133.00,232.00
143.00,92.00,195.00,92.00,195.00,228.00,143.00,228.00
151.00,91.00,202.00,91.00,202.00,230.00,151.00,230.00
163.00,84.00,216.00,84.00,216.00,226.00,163.00,226.00
166.00,85.00,217.00,85.00,217.00,232.00,166.00,232.00
169.00,88.00,219.00,88.00,219.00,233.00,169.00,233.00
172.00,82.00,221.00,82.00,221.00,227.00,172.00,227.00
169.00,81.00,220.00,81.00,220.00,230.00,169.00,230.00
176.00,85.00,221.00,85.00,221.00,238.00,176.00,238.00
173.00,78.00,220.00,78.00,220.00,239.00,173.00,239.00
179.00,69.00,228.00,69.00,228.00,232.00,179.00,232.00
183.00,70.00,235.00,70.00,235.00,231.00,183.00,231.00
187.00,73.00,240.00,73.00,240.00,234.00,187.00,234.00
191.00,76.00,244.00,76.00,244.00,235.00,191.00,235.00
193.00,78.00,246.00,78.00,246.00,233.00,193.00,233.00
191.00,74.00,248.00,74.00,248.00,229.00,191.00,229.00
191.00,74.00,250.00,74.00,250.00,227.00,191.00,227.00
193.00,75.00,251.00,75.00,251.00,223.00,193.00,223.00
188.00,76.00,249.00,76.00,249.00,225.00,188.00,225.00
185.00,80.00,243.00,80.00,243.00,228.00,185.00,228.00
184.00,78.00,240.00,78.00,240.00,227.00,184.00,227.00
189.00,71.00,244.00,71.00,244.00,223.00,189.00,223.00
200.00,80.00,254.00,80.00,254.00,224.00,200.00,224.00
207.00,80.00,258.00,80.00,258.00,222.00,207.00,222.00
207.00,76.00,257.00,76.00,257.00,225.00,207.00,225.00
206.00,72.00,256.00,72.00,256.00,227.00,206.00,227.00
210.00,74.00,260.00,74.00,260.00,228.00,210.00,228.00
215.00,80.00,264.00,80.00,264.00,227.00,215.00,227.00
218.00,79.00,269.00,79.00,269.00,227.00,218.00,227.00
220.00,77.00,271.00,77.00,271.00,225.00,220.00,225.00
219.00,76.00,271.00,76.00,271.00,222.00,219.00,222.00
224.00,74.00,275.00,74.00,275.00,220.00,224.00,220.00
225.00,72.00,278.00,72.00,278.00,224.00,225.00,224.00
227.00,71.00,281.00,71.00,281.00,225.00,227.00,225.00
227.00,67.00,278.00,67.00,278.00,222.00,227.00,222.00
226.00,55.00,277.00,55.00,277.00,217.00,226.00,217.00
231.00,59.00,281.00,59.00,281.00,224.00,231.00,224.00
228.00,59.00,277.00,59.00,277.00,218.00,228.00,218.00
225.00,57.00,273.00,57.00,273.00,212.00,225.00,212.00
224.00,61.00,272.00,61.00,272.00,216.00,224.00,216.00
221.00,61.00,268.00,61.00,268.00,213.00,221.00,213.00
218.00,64.00,266.00,64.00,266.00,212.00,218.00,212.00
214.00,65.00,260.00,65.00,260.00,208.00,214.00,208.00
209.00,73.00,256.00,73.00,256.00,218.00,209.00,218.00
202.00,76.00,251.00,76.00,251.00,218.00,202.00,218.00
200.00,79.00,249.00,79.00,249.00,220.00,200.00,220.00
196.00,77.00,245.00,77.00,245.00,217.00,196.00,217.00
193.00,80.00,241.00,80.00,241.00,219.00,193.00,219.00
194.00,78.00,242.00,78.00,242.00,217.00,194.00,217.00
193.00,84.00,240.00,84.00,240.00,219.00,193.00,219.00
188.00,88.00,232.00,88.00,232.00,219.00,188.00,219.00
186.00,94.00,232.00,94.00,232.00,220.00,186.00,220.00
188.00,89.00,233.00,89.00,233.00,218.00,188.00,218.00
185.00,91.00,230.00,91.00,230.00,218.00,185.00,218.00
185.00,92.00,233.00,92.00,233.00,221.00,185.00,221.00
184.00,94.00,231.00,94.00,231.00,223.00,184.00,223.00
184.00,87.00,233.00,87.00,233.00,218.00,184.00,218.00
180.00,90.00,228.00,90.00,228.00,217.00,180.00,217.00
180.00,87.00,228.00,87.00,228.00,213.00,180.00,213.00
177.00,90.00,225.00,90.00,225.00,215.00,177.00,215.00
181.00,96.00,230.00,96.00,230.00,220.00,181.00,220.00
179.00,94.00,228.00,94.00,228.00,216.00,179.00,216.00
183.00,83.00,230.00,83.00,230.00,213.00,183.00,213.00
186.00,95.00,231.00,95.00,231.00,222.00,186.00,222.00
183.00,88.00,229.00,88.00,229.00,213.00,183.00,213.00
177.00,98.00,223.00,98.00,223.00,218.00,177.00,218.00
178.00,97.00,225.00,97.00,225.00,219.00,178.00,219.00
181.00,97.00,228.00,97.00,228.00,222.00,181.00,222.00
181.00,101.00,227.00,101.00,227.00,221.00,181.00,221.00
181.00,94.00,228.00,94.00,228.00,218.00,181.00,218.00
189.00,97.00,237.00,97.00,237.00,219.00,189.00,219.00
196.00,103.00,242.00,103.00,242.00,224.00,196.00,224.00
195.00,100.00,243.00,100.00,243.00,222.00,195.00,222.00
201.00,104.00,247.00,104.00,247.00,225.00,201.00,225.00
198.00,104.00,242.00,104.00,242.00,224.00,198.00,224.00
197.00,103.00,240.00,103.00,240.00,223.00,197.00,223.00
198.00,101.00,241.00,101.00,241.00,222.00,198.00,222.00
196.00,107.00,238.00,107.00,238.00,222.00,196.00,222.00
197.00,106.00,239.00,106.00,239.00,221.00,197.00,221.00
201.00,106.00,245.00,106.00,245.00,225.00,201.00,225.00
204.00,104.00,248.00,104.00,248.00,223.00,204.00,223.00
197.00,103.00,240.00,103.00,240.00,222.00,197.00,222.00
190.00,98.00,233.00,98.00,233.00,217.00,190.00,217.00
187.00,97.00,231.00,97.00,231.00,214.00,187.00,214.00
192.00,101.00,237.00,101.00,237.00,214.00,192.00,214.00
186.00,91.00,231.00,91.00,231.00,206.00,186.00,206.00
186.00,90.00,230.00,90.00,230.00,209.00,186.00,209.00
185.00,87.00,228.00,87.00,228.00,206.00,185.00,206.00
186.00,78.00,228.00,78.00,228.00,201.00,186.00,201.00
187.00,77.00,229.00,77.00,229.00,204.00,187.00,204.00
191.00,80.00,236.00,80.00,236.00,210.00,191.00,210.00
191.00,80.00,234.00,80.00,234.00,208.00,191.00,208.00
189.00,78.00,233.00,78.00,233.00,209.00,189.00,209.00
187.00,73.00,232.00,73.00,232.00,206.00,187.00,206.00
186.00,71.00,231.00,71.00,231.00,206.00,186.00,206.00
188.00,71.00,232.00,71.00,232.00,204.00,188.00,204.00
193.00,61.00,238.00,61.00,238.00,195.00,193.00,195.00
194.00,63.00,238.00,63.00,238.00,198.00,194.00,198.00
196.00,64.00,242.00,64.00,242.00,201.00,196.00,201.00
199.00,67.00,245.00,67.00,245.00,206.00,199.00,206.00
197.00,65.00,246.00,65.00,246.00,203.00,197.00,203.00
206.00,63.00,255.00,63.00,255.00,201.00,206.00,201.00
207.00,63.00,257.00,63.00,257.00,203.00,207.00,203.00
210.00,61.00,262.00,61.00,262.00,200.00,210.00,200.00
214.00,59.00,267.00,59.00,267.00,198.00,214.00,198.00
224.00,61.00,278.00,61.00,278.00,197.00,224.00,197.00
230.00,54.00,283.00,54.00,283.00,192.00,230.00,192.00
233.00,55.00,286.00,55.00,286.00,189.00,233.00,189.00
237.00,55.00,289.00,55.00,289.00,189.00,237.00,189.00
231.00,49.00,284.00,49.00,284.00,190.00,231.00,190.00
232.00,51.00,284.00,51.00,284.00,192.00,232.00,192.00
240.00,55.00,293.00,55.00,293.00,188.00,240.00,188.00
241.00,53.00,291.00,53.00,291.00,188.00,241.00,188.00
240.00,56.00,288.00,56.00,288.00,195.00,240.00,195.00
241.00,57.00,289.00,57.00,289.00,197.00,241.00,197.00
243.00,55.00,291.00,55.00,291.00,195.00,243.00,195.00
246.00,52.00,300.00,52.00,300.00,195.00,246.00,195.00
250.00,56.00,303.00,56.00,303.00,201.00,250.00,201.00
251.00,50.00,304.00,50.00,304.00,196.00,251.00,196.00
257.00,57.00,311.00,57.00,311.00,199.00,257.00,199.00
268.00,59.00,321.00,59.00,321.00,201.00,268.00,201.00
268.00,59.00,321.00,59.00,321.00,200.00,268.00,200.00
270.00,59.00,321.00,59.00,321.00,200.00,270.00,200.00
270.00,57.00,319.00,57.00,319.00,194.00,270.00,194.00
272.00,55.00,321.00,55.00,321.00,191.00,272.00,191.00
270.00,52.00,321.00,52.00,321.00,189.00,270.00,189.00
274.00,55.00,325.00,55.00,325.00,191.00,274.00,191.00
273.00,55.00,325.00,55.00,325.00,193.00,273.00,193.00
273.00,53.00,324.00,53.00,324.00,189.00,273.00,189.00
270.00,48.00,319.00,48.00,319.00,188.00,270.00,188.00
267.00,39.00,315.00,39.00,315.00,186.00,267.00,186.00
266.00,40.00,313.00,40.00,313.00,189.00,266.00,189.00
263.00,37.00,309.00,37.00,309.00,189.00,263.00,189.00
263.00,41.00,310.00,41.00,310.00,196.00,263.00,196.00
260.00,35.00,307.00,35.00,307.00,186.00,260.00,186.00
263.00,37.00,311.00,37.00,311.00,191.00,263.00,191.00
261.00,36.00,311.00,36.00,311.00,189.00,261.00,189.00
259.00,37.00,309.00,37.00,309.00,192.00,259.00,192.00
256.00,39.00,309.00,39.00,309.00,193.00,256.00,193.00
252.00,40.00,308.00,40.00,308.00,195.00,252.00,195.00
245.00,41.00,306.00,41.00,306.00,198.00,245.00,198.00
242.00,44.00,304.00,44.00,304.00,199.00,242.00,199.00
236.00,40.00,299.00,40.00,299.00,197.00,236.00,197.00
227.00,40.00,293.00,40.00,293.00,201.00,227.00,201.00
218.00,39.00,287.00,39.00,287.00,204.00,218.00,204.00
208.00,43.00,280.00,43.00,280.00,212.00,208.00,212.00
198.00,41.00,269.00,41.00,269.00,216.00,198.00,216.00
186.00,44.00,258.00,44.00,258.00,225.00,186.00,225.00
180.00,51.00,246.00,51.00,246.00,240.00,180.00,240.00
172.00,46.00,241.00,46.00,241.00,246.00,172.00,246.00
163.00,30.00,238.00,30.00,238.00,236.00,163.00,236.00
149.00,24.00,227.00,24.00,227.00,221.00,149.00,221.00
134.00,16.00,212.00,16.00,212.00,202.00,134.00,202.00
130.00,16.00,208.00,16.00,208.00,208.00,130.00,208.00
116.00,8.00,195.00,8.00,195.00,199.00,116.00,199.00
111.00,-3.00,191.00,-3.00,191.00,190.00,111.00,190.00
105.00,-3.00,188.00,-3.00,188.00,196.00,105.00,196.00
98.00,3.00,184.00,3.00,184.00,213.00,98.00,213.00
93.00,5.00,179.00,5.00,179.00,211.00,93.00,211.00
86.00,7.00,172.00,7.00,172.00,210.00,86.00,210.00
78.00,14.00,166.00,14.00,166.00,218.00,78.00,218.00
77.00,25.00,164.00,25.00,164.00,231.00,77.00,231.00
66.00,49.00,154.00,49.00,154.00,260.00,66.00,260.00
75.00,63.00,158.00,63.00,158.00,276.00,75.00,276.00
68.00,59.00,152.00,59.00,152.00,266.00,68.00,266.00
68.00,57.00,153.00,57.00,153.00,260.00,68.00,260.00
67.00,59.00,153.00,59.00,153.00,260.00,67.00,260.00
77.00,64.00,162.00,64.00,162.00,266.00,77.00,266.00
82.00,69.00,167.00,69.00,167.00,266.00,82.00,266.00
82.00,71.00,168.00,71.00,168.00,264.00,82.00,264.00
75.00,78.00,164.00,78.00,164.00,266.00,75.00,266.00
61.00,74.00,151.00,74.00,151.00,262.00,61.00,262.00
46.00,74.00,132.00,74.00,132.00,265.00,46.00,265.00
45.00,75.00,131.00,75.00,131.00,266.00,45.00,266.00
61.00,71.00,146.00,71.00,146.00,263.00,61.00,263.00
59.00,68.00,142.00,68.00,142.00,260.00,59.00,260.00
53.00,83.00,135.00,83.00,135.00,260.00,53.00,260.00
55.00,81.00,137.00,81.00,137.00,259.00,55.00,259.00
56.00,85.00,137.00,85.00,137.00,253.00,56.00,253.00
54.00,79.00,135.00,79.00,135.00,248.00,54.00,248.00
66.00,89.00,144.00,89.00,144.00,248.00,66.00,248.00
66.00,90.00,142.00,90.00,142.00,247.00,66.00,247.00
80.00,71.00,154.00,71.00,154.00,235.00,80.00,235.00
89.00,69.00,160.00,69.00,160.00,231.00,89.00,231.00
100.00,65.00,172.00,65.00,172.00,227.00,100.00,227.00
97.00,66.00,167.00,66.00,167.00,227.00,97.00,227.00
102.00,64.00,172.00,64.00,172.00,222.00,102.00,222.00
103.00,61.00,172.00,61.00,172.00,220.00,103.00,220.00
105.00,62.00,172.00,62.00,172.00,216.00,105.00,216.00
104.00,65.00,172.00,65.00,172.00,218.00,104.00,218.00
109.00,59.00,176.00,59.00,176.00,210.00,109.00,210.00
116.00,60.00,181.00,60.00,181.00,208.00,116.00,208.00
117.00,56.00,184.00,56.00,184.00,205.00,117.00,205.00
118.00,56.00,185.00,56.00,185.00,207.00,118.00,207.00
118.00,51.00,185.00,51.00,185.00,201.00,118.00,201.00
116.00,57.00,182.00,57.00,182.00,205.00,116.00,205.00
113.00,55.00,176.00,55.00,176.00,206.00,113.00,206.00
116.00,56.00,179.00,56.00,179.00,206.00,116.00,206.00
113.00,58.00,179.00,58.00,179.00,208.00,113.00,208.00
109.00,58.00,171.00,58.00,171.00,206.00,109.00,206.00
112.00,60.00,176.00,60.00,176.00,207.00,112.00,207.00
113.00,61.00,177.00,61.00,177.00,208.00,113.00,208.00
116.00,60.00,181.00,60.00,181.00,206.00,116.00,206.00
114.00,61.00,179.00,61.00,179.00,207.00,114.00,207.00
117.00,60.00,178.00,60.00,178.00,206.00,117.00,206.00
118.00,56.00,182.00,56.00,182.00,204.00,118.00,204.00
124.00,58.00,188.00,58.00,188.00,206.00,124.00,206.00
122.00,58.00,185.00,58.00,185.00,204.00,122.00,204.00
139.00,53.00,203.00,53.00,203.00,198.00,139.00,198.00
144.00,56.00,208.00,56.00,208.00,198.00,144.00,198.00
143.00,48.00,205.00,48.00,205.00,200.00,143.00,200.00
146.00,47.00,209.00,47.00,209.00,199.00,146.00,199.00
140.00,50.00,199.00,50.00,199.00,199.00,140.00,199.00
143.00,53.00,202.00,53.00,202.00,199.00,143.00,199.00
147.00,62.00,210.00,62.00,210.00,202.00,147.00,202.00
149.00,68.00,213.00,68.00,213.00,201.00,149.00,201.00
155.00,61.00,218.00,61.00,218.00,197.00,155.00,197.00
155.00,60.00,219.00,60.00,219.00,196.00,155.00,196.00
156.00,62.00,219.00,62.00,219.00,198.00,156.00,198.00
158.00,63.00,220.00,63.00,220.00,197.00,158.00,197.00
166.00,64.00,229.00,64.00,229.00,195.00,166.00,195.00
165.00,63.00,229.00,63.00,229.00,195.00,165.00,195.00
173.00,71.00,236.00,71.00,236.00,201.00,173.00,201.00
177.00,72.00,240.00,72.00,240.00,204.00,177.00,204.00
174.00,68.00,237.00,68.00,237.00,200.00,174.00,200.00
174.00,66.00,238.00,66.00,238.00,199.00,174.00,199.00
178.00,63.00,237.00,63.00,237.00,198.00,178.00,198.00
179.00,63.00,237.00,63.00,237.00,197.00,179.00,197.00
177.00,62.00,233.00,62.00,233.00,197.00,177.00,197.00
176.00,67.00,234.00,67.00,234.00,202.00,176.00,202.00
174.00,54.00,228.00,54.00,228.00,192.00,174.00,192.00
175.00,57.00,229.00,57.00,229.00,194.00,175.00,194.00
177.00,53.00,227.00,53.00,227.00,198.00,177.00,198.00
