1
237.00,156.00,266.00,156.00,266.00,232.00,237.00,232.00
236.00,159.00,266.00,159.00,266.00,233.00,236.00,233.00
232.00,157.00,261.00,157.00,261.00,232.00,232.00,232.00
234.00,165.00,263.00,165.00,263.00,239.00,234.00,239.00
234.00,170.00,263.00,170.00,263.00,243.00,234.00,243.00
231.00,177.00,261.00,177.00,261.00,252.00,231.00,252.00
220.00,183.00,250.00,183.00,250.00,255.00,220.00,255.00
226.00,204.00,258.00,204.00,258.00,268.00,226.00,268.00
239.00,229.00,279.00,229.00,279.00,302.00,239.00,302.00
265.00,257.00,305.00,257.00,305.00,330.00,265.00,330.00
262.00,283.00,292.00,283.00,292.00,350.00,262.00,350.00
242.00,293.00,276.00,293.00,276.00,357.00,242.00,357.00
233.00,290.00,270.00,290.00,270.00,356.00,233.00,356.00
208.00,299.00,249.00,299.00,249.00,368.00,208.00,368.00
196.00,292.00,235.00,292.00,235.00,355.00,196.00,355.00
172.00,283.00,213.00,283.00,213.00,346.00,172.00,346.00
154.00,272.00,193.00,272.00,193.00,335.00,154.00,335.00
135.00,272.00,173.00,272.00,173.00,330.00,135.00,330.00
125.00,252.00,165.00,252.00,165.00,322.00,125.00,322.00
116.00,260.00,153.00,260.00,153.00,323.00,116.00,323.00
112.00,252.00,151.00,252.00,151.00,316.00,112.00,316.00
114.00,248.00,155.00,248.00,155.00,317.00,114.00,317.00
100.00,239.00,141.00,239.00,141.00,308.00,100.00,308.00
69.00,242.00,108.00,242.00,108.00,307.00,69.00,307.00
52.00,232.00,93.00,232.00,93.00,302.00,52.00,302.00
2
0
0
0
0
1
246.70,258.78,315.33,290.15,299.35,325.10,230.72,293.73
253.21,265.52,322.36,295.16,307.00,331.00,237.84,301.36
258.53,267.16,326.33,298.15,310.35,333.10,242.55,302.11
271.12,272.92,340.15,302.77,325.07,337.65,256.03,307.80
278.74,274.48,347.89,304.38,332.71,339.49,263.56,309.59
309.00,274.00,358.00,323.00,329.00,352.00,280.00,303.00
315.20,285.92,385.36,315.15,370.92,349.80,300.76,320.57
332.12,289.42,403.32,317.52,389.50,352.54,318.30,324.43
343.55,296.48,413.92,325.80,399.21,361.09,328.85,331.77
357.36,294.03,409.50,344.48,380.63,374.32,328.49,323.86
350.71,297.08,406.88,347.01,379.57,377.73,323.40,327.80
367.10,304.88,428.56,354.05,402.32,386.85,340.85,337.68
383.65,325.58,458.96,361.35,441.18,398.78,365.87,363.01
391.81,316.42,446.50,374.53,413.53,405.56,358.83,347.45
387.00,307.00,444.50,364.50,412.50,396.50,355.00,339.00
398.00,312.00,457.50,371.50,425.50,403.50,366.00,344.00
419.65,319.07,475.35,379.84,441.21,411.14,385.51,350.37
434.56,321.10,494.29,385.81,459.77,417.67,400.04,352.96
447.51,321.22,508.66,387.47,473.19,420.21,412.04,353.96
445.46,342.81,524.41,384.08,502.32,426.35,423.37,385.08
463.26,338.75,525.73,404.51,489.73,438.71,427.26,372.96
443.69,328.36,494.64,399.69,453.58,429.01,402.64,357.69
411.60,312.72,480.71,370.91,449.56,407.89,380.46,349.70
414.42,289.06,457.99,359.60,416.02,385.51,372.46,314.98
384.81,280.54,454.60,331.97,428.46,367.45,358.67,316.02
374.02,271.80,446.22,317.40,423.27,353.75,351.07,308.15
352.52,267.68,425.11,308.63,404.60,344.98,332.01,304.03
335.23,261.28,408.64,300.81,389.15,337.00,315.74,297.48
315.40,258.52,390.12,294.01,372.36,331.40,297.64,295.91
297.79,254.70,372.94,290.40,355.18,327.78,280.03,292.09
304.00,240.00,360.50,296.50,329.50,327.50,273.00,271.00
273.83,235.25,350.73,271.87,332.76,309.60,255.87,272.98
252.59,220.24,329.45,257.73,311.08,295.38,234.22,257.89
238.22,206.44,315.50,243.24,296.95,282.21,219.66,245.41
226.00,197.00,303.20,235.60,283.80,274.40,206.60,235.80
209.93,189.09,286.35,232.20,265.25,269.60,188.83,226.49
184.28,173.04,259.02,219.50,236.26,256.11,161.52,209.65
164.14,158.37,239.73,206.83,215.36,244.84,139.77,196.39
143.37,150.77,219.94,199.33,195.06,238.55,118.49,189.99
140.22,144.16,213.02,196.74,185.47,234.89,112.66,182.31
132.37,129.04,204.43,183.57,175.54,221.76,103.48,167.23
147.99,121.98,183.46,195.01,132.69,219.66,97.22,146.63
141.44,129.65,173.33,206.20,118.94,228.86,87.05,152.31
153.01,147.83,184.91,224.37,130.44,247.07,98.55,170.52
178.45,180.19,198.66,257.33,139.23,272.89,119.03,195.75
176.03,176.61,199.54,252.99,142.05,270.68,118.55,194.29
172.20,158.58,199.45,235.78,142.23,255.98,114.98,178.77
165.44,158.96,196.72,232.69,141.68,256.04,110.41,182.31
163.80,172.60,200.60,246.20,148.20,272.40,111.40,198.80
165.13,192.09,204.92,265.69,152.73,293.90,112.95,220.30
188.85,217.33,219.95,284.19,166.53,309.03,135.43,242.17
200.91,218.91,259.66,279.83,221.85,316.29,163.10,255.37
219.37,213.35,288.13,292.30,250.66,324.94,181.90,245.99
2
0
0
0
0
1
150.00,68.00,191.00,68.00,191.00,144.00,150.00,144.00
139.00,63.00,194.00,63.00,194.00,141.00,139.00,141.00
148.00,70.00,202.00,70.00,202.00,144.00,148.00,144.00
155.00,73.00,210.00,73.00,210.00,148.00,155.00,148.00
155.00,73.00,210.00,73.00,210.00,149.00,155.00,149.00
156.00,75.00,210.00,75.00,210.00,150.00,156.00,150.00
168.00,77.00,219.00,77.00,219.00,148.00,168.00,148.00
185.00,81.00,237.00,81.00,237.00,148.00,185.00,148.00
195.00,75.00,242.00,75.00,242.00,145.00,195.00,145.00
191.00,71.00,237.00,71.00,237.00,139.00,191.00,139.00
185.00,69.00,229.00,69.00,229.00,135.00,185.00,135.00
178.00,70.00,222.00,70.00,222.00,136.00,178.00,136.00
175.00,68.00,219.00,68.00,219.00,133.00,175.00,133.00
155.00,72.00,203.00,72.00,203.00,136.00,155.00,136.00
136.00,75.00,184.00,75.00,184.00,143.00,136.00,143.00
125.00,82.00,174.00,82.00,174.00,152.00,125.00,152.00
121.00,90.00,171.00,90.00,171.00,159.00,121.00,159.00
111.00,103.00,162.00,103.00,162.00,174.00,111.00,174.00
102.00,111.00,156.00,111.00,156.00,184.00,102.00,184.00
95.00,110.00,150.00,110.00,150.00,185.00,95.00,185.00
93.00,109.00,150.00,109.00,150.00,186.00,93.00,186.00
97.00,124.00,152.00,124.00,152.00,202.00,97.00,202.00
96.00,129.00,151.00,129.00,151.00,207.00,96.00,207.00
97.00,134.00,154.00,134.00,154.00,212.00,97.00,212.00
106.00,133.00,163.00,133.00,163.00,210.00,106.00,210.00
115.00,124.00,169.00,124.00,169.00,200.00,115.00,200.00
108.00,117.00,166.00,117.00,166.00,193.00,108.00,193.00
102.00,111.00,159.00,111.00,159.00,188.00,102.00,188.00
101.00,100.00,157.00,100.00,157.00,176.00,101.00,176.00
