1
236.00,156.00,266.00,156.00,266.00,232.00,236.00,232.00
237.00,161.00,267.00,161.00,267.00,233.00,237.00,233.00
232.00,158.00,263.00,158.00,263.00,232.00,232.00,232.00
234.00,166.00,264.00,166.00,264.00,237.00,234.00,237.00
235.00,170.00,264.00,170.00,264.00,241.00,235.00,241.00
232.00,178.00,263.00,178.00,263.00,252.00,232.00,252.00
220.00,186.00,251.00,186.00,251.00,257.00,220.00,257.00
225.00,203.00,258.00,203.00,258.00,270.00,225.00,270.00
242.00,232.00,279.00,232.00,279.00,304.00,242.00,304.00
265.00,257.00,303.00,257.00,303.00,330.00,265.00,330.00
261.00,283.00,294.00,283.00,294.00,351.00,261.00,351.00
242.00,291.00,278.00,291.00,278.00,358.00,242.00,358.00
234.00,288.00,271.00,288.00,271.00,355.00,234.00,355.00
208.00,298.00,251.00,298.00,251.00,368.00,208.00,368.00
195.00,292.00,233.00,292.00,233.00,357.00,195.00,357.00
170.00,280.00,210.00,280.00,210.00,349.00,170.00,349.00
152.00,272.00,192.00,272.00,192.00,339.00,152.00,339.00
132.00,268.00,171.00,268.00,171.00,341.00,132.00,341.00
131.00,249.00,167.00,249.00,167.00,322.00,131.00,322.00
116.00,256.00,154.00,256.00,154.00,328.00,116.00,328.00
99.00,248.00,139.00,248.00,139.00,319.00,99.00,319.00
115.00,248.00,155.00,248.00,155.00,322.00,115.00,322.00
98.00,240.00,138.00,240.00,138.00,314.00,98.00,314.00
67.00,239.00,109.00,239.00,109.00,306.00,67.00,306.00
51.00,229.00,91.00,229.00,91.00,301.00,51.00,301.00
2
0
0
0
0
1
246.32,259.03,315.35,289.71,299.80,324.69,230.77,294.01
254.36,265.06,322.11,297.05,305.63,331.96,237.88,299.97
258.53,267.16,326.33,298.15,310.35,333.10,242.55,302.11
270.77,273.17,340.16,302.38,325.47,337.25,256.09,308.04
278.74,274.48,347.05,304.02,331.86,339.13,263.56,309.59
293.91,278.63,363.07,307.44,348.42,342.59,279.26,313.78
315.20,285.92,384.86,314.94,370.42,349.59,300.76,320.57
344.73,283.88,397.68,330.22,370.86,360.88,317.90,314.54
353.63,291.71,409.85,336.68,384.78,368.02,328.56,323.05
344.41,298.97,415.39,330.73,399.37,366.53,328.39,334.78
348.71,297.37,407.85,344.68,382.20,376.76,323.05,329.44
367.75,304.52,428.47,354.20,401.65,386.99,340.93,337.31
383.81,325.24,459.12,361.01,441.18,398.78,365.87,363.01
390.50,316.50,447.00,373.00,415.50,404.50,359.00,348.00
387.00,307.00,442.00,362.00,410.00,394.00,355.00,339.00
398.00,312.00,457.50,371.50,425.50,403.50,366.00,344.00
417.50,319.50,475.00,377.00,442.50,409.50,385.00,352.00
434.81,320.87,493.46,384.42,458.70,416.51,400.04,352.96
447.55,321.18,505.60,384.06,470.09,416.84,412.04,353.96
444.45,343.71,521.60,381.29,500.88,423.82,423.73,386.23
463.83,338.66,523.66,403.10,487.26,436.90,427.43,372.46
428.63,332.24,504.13,385.09,476.28,424.89,400.77,372.04
411.76,312.85,477.57,368.27,446.42,405.25,380.61,349.83
398.00,291.58,468.43,345.33,440.09,382.47,369.66,328.72
384.81,280.54,454.60,331.97,428.46,367.45,358.67,316.02
374.02,271.80,445.50,316.95,422.55,353.30,351.07,308.15
353.03,267.49,425.01,309.16,404.04,345.39,332.06,303.72
335.17,261.31,408.65,300.74,389.19,337.01,315.71,297.58
315.24,258.44,390.12,294.01,372.36,331.40,297.48,295.83
297.47,254.99,373.00,289.84,355.49,327.77,279.97,292.91
304.00,240.00,360.50,296.50,329.50,327.50,273.00,271.00
274.57,236.07,349.75,271.78,331.97,309.21,256.79,273.50
252.59,220.24,329.45,257.73,311.08,295.38,234.22,257.89
251.50,201.50,309.50,259.50,278.00,291.00,220.00,233.00
226.40,197.20,303.20,235.60,283.80,274.40,207.00,236.00
209.93,189.09,286.35,232.20,265.25,269.60,188.83,226.49
184.04,173.02,259.92,219.40,237.23,256.53,161.35,210.16
163.83,158.52,239.79,206.50,215.58,244.84,139.61,196.86
144.96,150.35,219.40,200.59,194.05,238.16,119.61,187.91
140.35,143.98,213.15,196.56,185.47,234.89,112.66,182.31
153.97,128.45,194.46,199.31,148.05,225.83,107.55,154.97
147.80,121.60,184.20,194.40,133.40,219.80,97.00,147.00
141.52,129.21,174.10,205.24,119.55,228.62,86.97,152.59
148.29,146.03,188.57,219.87,138.40,247.24,98.12,173.39
178.45,180.19,198.62,257.17,139.17,272.74,119.01,195.76
176.61,176.72,199.54,253.14,141.38,270.59,118.45,194.17
156.68,154.24,208.64,223.52,165.44,255.92,113.48,186.64
166.03,159.42,195.21,231.51,139.83,253.93,110.65,181.83
164.20,172.40,200.20,244.40,147.40,270.80,111.40,198.80
165.16,192.15,203.85,264.00,151.67,292.10,112.98,220.24
188.85,217.33,219.77,283.80,166.35,308.65,135.43,242.17
220.76,228.90,248.00,297.00,197.48,317.21,170.24,249.10
220.42,217.69,286.88,293.32,250.81,325.02,184.35,249.39
2
0
0
0
0
1
151.00,68.00,190.00,68.00,190.00,144.00,151.00,144.00
142.00,63.00,193.00,63.00,193.00,140.00,142.00,140.00
151.00,71.00,200.00,71.00,200.00,145.00,151.00,145.00
157.00,75.00,206.00,75.00,206.00,146.00,157.00,146.00
158.00,74.00,207.00,74.00,207.00,147.00,158.00,147.00
160.00,76.00,209.00,76.00,209.00,149.00,160.00,149.00
171.00,77.00,217.00,77.00,217.00,147.00,171.00,147.00
188.00,82.00,235.00,82.00,235.00,148.00,188.00,148.00
198.00,76.00,240.00,76.00,240.00,142.00,198.00,142.00
194.00,72.00,236.00,72.00,236.00,136.00,194.00,136.00
188.00,69.00,227.00,69.00,227.00,133.00,188.00,133.00
181.00,72.00,219.00,72.00,219.00,135.00,181.00,135.00
178.00,69.00,217.00,69.00,217.00,132.00,178.00,132.00
158.00,73.00,201.00,73.00,201.00,134.00,158.00,134.00
139.00,76.00,181.00,76.00,181.00,140.00,139.00,140.00
129.00,83.00,171.00,83.00,171.00,149.00,129.00,149.00
124.00,91.00,170.00,91.00,170.00,157.00,124.00,157.00
114.00,103.00,160.00,103.00,160.00,172.00,114.00,172.00
104.00,112.00,151.00,112.00,151.00,182.00,104.00,182.00
98.00,111.00,145.00,111.00,145.00,182.00,98.00,182.00
96.00,111.00,143.00,111.00,143.00,183.00,96.00,183.00
100.00,125.00,147.00,125.00,147.00,199.00,100.00,199.00
99.00,130.00,147.00,130.00,147.00,204.00,99.00,204.00
100.00,135.00,149.00,135.00,149.00,211.00,100.00,211.00
110.00,134.00,160.00,134.00,160.00,209.00,110.00,209.00
118.00,125.00,166.00,125.00,166.00,200.00,118.00,200.00
112.00,118.00,161.00,118.00,161.00,191.00,112.00,191.00
106.00,113.00,156.00,113.00,156.00,186.00,106.00,186.00
104.00,101.00,154.00,101.00,154.00,175.00,104.00,175.00
