1
236.00,156.00,266.00,156.00,266.00,232.00,236.00,232.00
236.00,159.00,266.00,159.00,266.00,234.00,236.00,234.00
231.00,157.00,261.00,157.00,261.00,233.00,231.00,233.00
234.00,165.00,264.00,165.00,264.00,238.00,234.00,238.00
234.00,170.00,264.00,170.00,264.00,242.00,234.00,242.00
231.00,178.00,262.00,178.00,262.00,252.00,231.00,252.00
219.00,186.00,250.00,186.00,250.00,257.00,219.00,257.00
226.00,205.00,258.00,205.00,258.00,268.00,226.00,268.00
246.00,230.00,277.00,230.00,277.00,298.00,246.00,298.00
265.00,238.00,302.00,238.00,302.00,308.00,265.00,308.00
263.00,221.00,294.00,221.00,294.00,295.00,263.00,295.00
245.00,224.00,278.00,224.00,278.00,300.00,245.00,300.00
227.00,218.00,264.00,218.00,264.00,298.00,227.00,298.00
200.00,226.00,235.00,226.00,235.00,309.00,200.00,309.00
2
0
0
0
0
1
62.00,256.00,128.00,256.00,128.00,330.00,62.00,330.00
56.00,252.00,121.00,252.00,121.00,326.00,56.00,326.00
40.00,244.00,105.00,244.00,105.00,321.00,40.00,321.00
70.78,224.01,115.89,249.50,83.50,306.81,38.39,281.31
73.00,209.34,134.92,251.83,90.69,316.28,28.77,273.79
87.00,231.00,176.00,231.00,176.00,310.00,87.00,310.00
200.25,214.66,262.92,254.70,225.21,313.72,162.54,273.68
234.77,221.20,293.28,264.66,250.73,321.94,192.22,278.48
243.04,228.51,297.43,258.33,266.88,314.03,212.50,284.21
258.46,229.85,311.72,272.09,272.42,321.64,219.16,279.40
268.60,228.28,324.76,272.15,280.74,328.49,224.58,284.61
246.22,259.10,315.35,289.60,299.92,324.58,230.79,294.08
254.54,264.67,322.30,296.67,305.63,331.96,237.88,299.97
257.99,267.77,326.19,298.08,310.64,333.06,242.44,302.75
271.85,273.23,340.15,302.77,325.07,337.65,256.76,308.11
279.10,274.27,347.86,304.82,332.27,339.90,263.52,309.34
294.26,278.40,363.05,307.88,348.00,343.00,279.21,313.52
315.05,286.27,384.71,315.30,370.42,349.59,300.76,320.57
331.38,289.98,403.34,316.50,390.30,351.90,318.33,325.39
343.55,296.48,413.92,325.80,399.21,361.09,328.85,331.77
344.41,298.97,415.39,330.73,399.37,366.53,328.39,334.78
349.13,297.29,407.67,345.18,381.65,376.99,323.11,329.09
368.13,304.44,428.43,354.69,401.30,387.25,341.00,337.00
383.65,325.58,458.96,361.35,441.18,398.78,365.87,363.01
377.43,321.60,453.85,358.93,435.06,397.40,358.64,360.08
386.50,307.50,444.50,365.50,413.00,397.00,355.00,339.00
398.00,312.00,457.50,371.50,425.50,403.50,366.00,344.00
420.66,318.74,476.55,381.62,441.67,412.63,385.78,349.75
435.15,320.86,495.15,386.86,460.06,418.76,400.06,352.76
447.82,321.08,507.76,386.47,471.99,419.26,412.05,353.87
461.35,336.68,523.79,405.37,487.01,438.81,424.57,370.12
464.35,338.59,528.29,408.92,491.51,442.36,427.57,372.03
443.88,328.23,496.85,402.39,455.61,431.85,402.64,357.69
412.27,312.56,480.49,371.56,449.16,407.79,380.94,348.79
398.00,291.58,468.91,345.70,440.57,382.83,369.66,328.72
384.73,280.45,454.79,331.58,428.95,366.99,358.88,315.86
374.81,271.48,446.00,318.32,422.72,353.71,351.53,306.87
352.76,267.60,424.90,309.36,404.04,345.39,331.90,303.63
335.17,261.31,408.65,300.74,389.19,337.01,315.71,297.58
315.61,258.22,390.07,294.49,372.09,331.40,297.63,295.13
298.09,254.45,372.88,290.89,354.89,327.79,280.11,291.36
289.79,245.29,366.97,280.91,349.49,318.77,272.32,283.15
273.81,235.24,350.75,271.78,332.79,309.60,255.85,273.05
252.59,220.24,329.45,257.73,311.08,295.38,234.22,257.89
238.40,206.63,315.26,244.12,296.68,282.21,219.82,244.72
226.40,197.20,303.20,235.60,283.80,274.40,207.00,236.00
209.82,189.28,286.24,232.39,265.25,269.60,188.83,226.49
184.28,173.04,259.02,219.50,236.26,256.11,161.52,209.65
164.14,158.37,239.73,206.83,215.36,244.84,139.77,196.39
146.60,149.20,218.60,203.20,191.96,238.72,119.96,184.72
140.09,144.34,212.89,196.92,185.47,234.89,112.66,182.31
133.23,128.75,203.74,184.02,174.48,221.35,103.96,166.08
147.40,121.80,183.80,194.60,133.40,219.80,97.00,147.00
142.34,129.86,172.97,206.41,117.97,228.41,87.34,151.86
155.96,149.14,182.97,226.79,126.07,246.58,99.06,168.93
178.45,180.19,198.72,257.57,139.97,272.96,119.70,195.58
175.42,176.50,199.53,252.83,142.48,270.85,118.37,194.51
164.12,155.82,204.64,228.75,154.97,256.35,114.45,183.42
145.81,155.92,208.75,220.60,171.00,257.33,108.06,192.64
164.20,172.40,201.60,247.20,148.80,273.60,111.40,198.80
141.82,192.35,216.17,247.64,183.88,291.06,109.53,235.78
188.85,217.33,219.95,284.19,166.43,309.08,135.33,242.22
196.00,215.00,260.00,279.00,222.00,317.00,158.00,253.00
216.34,213.04,286.88,293.32,250.81,325.02,180.26,244.74
2
0
0
0
0
1
151.00,68.00,190.00,68.00,190.00,144.00,151.00,144.00
141.00,62.00,193.00,62.00,193.00,138.00,141.00,138.00
150.00,69.00,202.00,69.00,202.00,144.00,150.00,144.00
157.00,74.00,208.00,74.00,208.00,145.00,157.00,145.00
158.00,74.00,208.00,74.00,208.00,144.00,158.00,144.00
159.00,75.00,210.00,75.00,210.00,147.00,159.00,147.00
169.00,77.00,218.00,77.00,218.00,147.00,169.00,147.00
188.00,80.00,236.00,80.00,236.00,150.00,188.00,150.00
197.00,75.00,241.00,75.00,241.00,145.00,197.00,145.00
194.00,71.00,235.00,71.00,235.00,137.00,194.00,137.00
188.00,69.00,228.00,69.00,228.00,135.00,188.00,135.00
180.00,70.00,220.00,70.00,220.00,136.00,180.00,136.00
177.00,68.00,217.00,68.00,217.00,136.00,177.00,136.00
157.00,73.00,201.00,73.00,201.00,134.00,157.00,134.00
139.00,76.00,182.00,76.00,182.00,142.00,139.00,142.00
128.00,83.00,172.00,83.00,172.00,150.00,128.00,150.00
123.00,91.00,170.00,91.00,170.00,157.00,123.00,157.00
113.00,103.00,161.00,103.00,161.00,172.00,113.00,172.00
105.00,112.00,154.00,112.00,154.00,183.00,105.00,183.00
98.00,110.00,148.00,110.00,148.00,183.00,98.00,183.00
96.00,110.00,147.00,110.00,147.00,184.00,96.00,184.00
100.00,125.00,150.00,125.00,150.00,200.00,100.00,200.00
98.00,130.00,149.00,130.00,149.00,206.00,98.00,206.00
100.00,134.00,151.00,134.00,151.00,209.00,100.00,209.00
109.00,133.00,161.00,133.00,161.00,208.00,109.00,208.00
117.00,123.00,168.00,123.00,168.00,199.00,117.00,199.00
110.00,117.00,164.00,117.00,164.00,193.00,110.00,193.00
105.00,111.00,158.00,111.00,158.00,187.00,105.00,187.00
103.00,100.00,154.00,100.00,154.00,173.00,103.00,173.00
