1
328.00,307.00,348.00,307.00,348.00,337.00,328.00,337.00
328.00,303.00,350.00,303.00,350.00,334.00,328.00,334.00
329.00,304.00,348.00,304.00,348.00,336.00,329.00,336.00
324.00,307.00,347.00,307.00,347.00,339.00,324.00,339.00
324.00,309.00,345.00,309.00,345.00,340.00,324.00,340.00
323.00,304.00,345.00,304.00,345.00,337.00,323.00,337.00
324.00,304.00,344.00,304.00,344.00,337.00,324.00,337.00
324.00,303.00,345.00,303.00,345.00,335.00,324.00,335.00
319.00,304.00,342.00,304.00,342.00,338.00,319.00,338.00
317.00,306.00,339.00,306.00,339.00,338.00,317.00,338.00
317.00,301.00,342.00,301.00,342.00,335.00,317.00,335.00
320.00,299.00,342.00,299.00,342.00,332.00,320.00,332.00
321.00,302.00,344.00,302.00,344.00,336.00,321.00,336.00
323.00,310.00,347.00,310.00,347.00,341.00,323.00,341.00
322.00,307.00,345.00,307.00,345.00,340.00,322.00,340.00
321.00,307.00,347.00,307.00,347.00,343.00,321.00,343.00
325.00,307.00,348.00,307.00,348.00,339.00,325.00,339.00
324.00,305.00,351.00,305.00,351.00,337.00,324.00,337.00
325.00,309.00,351.00,309.00,351.00,339.00,325.00,339.00
327.00,312.00,351.00,312.00,351.00,345.00,327.00,345.00
327.00,313.00,351.00,313.00,351.00,347.00,327.00,347.00
330.00,311.00,354.00,311.00,354.00,346.00,330.00,346.00
328.00,312.00,353.00,312.00,353.00,345.00,328.00,345.00
326.00,310.00,351.00,310.00,351.00,341.00,326.00,341.00
325.00,310.00,349.00,310.00,349.00,345.00,325.00,345.00
322.00,310.00,346.00,310.00,346.00,344.00,322.00,344.00
319.00,309.00,346.00,309.00,346.00,343.00,319.00,343.00
320.00,311.00,345.00,311.00,345.00,346.00,320.00,346.00
317.00,307.00,346.00,307.00,346.00,344.00,317.00,344.00
318.00,312.00,344.00,312.00,344.00,345.00,318.00,345.00
319.00,311.00,342.00,311.00,342.00,343.00,319.00,343.00
316.00,310.00,342.00,310.00,342.00,342.00,316.00,342.00
316.00,312.00,342.00,312.00,342.00,343.00,316.00,343.00
318.00,309.00,344.00,309.00,344.00,343.00,318.00,343.00
320.00,310.00,346.00,310.00,346.00,345.00,320.00,345.00
320.00,312.00,348.00,312.00,348.00,348.00,320.00,348.00
321.00,317.00,348.00,317.00,348.00,351.00,321.00,351.00
321.00,311.00,352.00,311.00,352.00,349.00,321.00,349.00
324.00,311.00,350.00,311.00,350.00,345.00,324.00,345.00
325.00,310.00,351.00,310.00,351.00,346.00,325.00,346.00
326.00,311.00,352.00,311.00,352.00,345.00,326.00,345.00
325.00,311.00,350.00,311.00,350.00,343.00,325.00,343.00
319.00,309.00,348.00,309.00,348.00,349.00,319.00,349.00
318.00,316.00,344.00,316.00,344.00,351.00,318.00,351.00
317.00,315.00,344.00,315.00,344.00,355.00,317.00,355.00
317.00,316.00,345.00,316.00,345.00,352.00,317.00,352.00
315.00,313.00,344.00,313.00,344.00,351.00,315.00,351.00
316.00,316.00,343.00,316.00,343.00,350.00,316.00,350.00
315.00,313.00,342.00,313.00,342.00,349.00,315.00,349.00
315.00,310.00,344.00,310.00,344.00,345.00,315.00,345.00
318.00,305.00,346.00,305.00,346.00,340.00,318.00,340.00
317.00,304.00,347.00,304.00,347.00,342.00,317.00,342.00
318.00,304.00,345.00,304.00,345.00,341.00,318.00,341.00
317.00,306.00,349.00,306.00,349.00,342.00,317.00,342.00
321.00,307.00,350.00,307.00,350.00,341.00,321.00,341.00
322.00,305.00,352.00,305.00,352.00,342.00,322.00,342.00
325.00,308.00,352.00,308.00,352.00,345.00,325.00,345.00
325.00,307.00,357.00,307.00,357.00,348.00,325.00,348.00
327.00,307.00,358.00,307.00,358.00,344.00,327.00,344.00
325.00,298.00,364.00,298.00,364.00,346.00,325.00,346.00
329.00,298.00,361.00,298.00,361.00,338.00,329.00,338.00
330.00,302.00,362.00,302.00,362.00,340.00,330.00,340.00
327.00,295.00,362.00,295.00,362.00,333.00,327.00,333.00
326.00,291.00,358.00,291.00,358.00,329.00,326.00,329.00
327.00,288.00,360.00,288.00,360.00,331.00,327.00,331.00
328.00,286.00,361.00,286.00,361.00,326.00,328.00,326.00
327.00,286.00,363.00,286.00,363.00,328.00,327.00,328.00
328.00,297.00,363.00,297.00,363.00,336.00,328.00,336.00
328.00,296.00,362.00,296.00,362.00,336.00,328.00,336.00
326.00,292.00,362.00,292.00,362.00,333.00,326.00,333.00
322.00,290.00,361.00,290.00,361.00,334.00,322.00,334.00
322.00,296.00,359.00,296.00,359.00,334.00,322.00,334.00
322.00,295.00,356.00,295.00,356.00,338.00,322.00,338.00
324.00,289.00,357.00,289.00,357.00,338.00,324.00,338.00
316.00,285.00,352.00,285.00,352.00,328.00,316.00,328.00
314.00,284.00,350.00,284.00,350.00,327.00,314.00,327.00
313.00,289.00,347.00,289.00,347.00,331.00,313.00,331.00
311.00,289.00,348.00,289.00,348.00,333.00,311.00,333.00
311.00,286.00,347.00,286.00,347.00,329.00,311.00,329.00
309.00,283.00,348.00,283.00,348.00,327.00,309.00,327.00
311.00,286.00,347.00,286.00,347.00,330.00,311.00,330.00
316.00,281.00,352.00,281.00,352.00,328.00,316.00,328.00
313.00,280.00,351.00,280.00,351.00,329.00,313.00,329.00
313.00,280.00,347.00,280.00,347.00,324.00,313.00,324.00
306.00,281.00,347.00,281.00,347.00,327.00,306.00,327.00
308.00,284.00,343.00,284.00,343.00,328.00,308.00,328.00
305.00,284.00,342.00,284.00,342.00,334.00,305.00,334.00
302.00,289.00,338.00,289.00,338.00,334.00,302.00,334.00
299.00,289.00,337.00,289.00,337.00,335.00,299.00,335.00
302.00,287.00,336.00,287.00,336.00,333.00,302.00,333.00
300.00,283.00,341.00,283.00,341.00,332.00,300.00,332.00
305.00,282.00,341.00,282.00,341.00,328.00,305.00,328.00
306.00,280.00,343.00,280.00,343.00,331.00,306.00,331.00
307.00,284.00,344.00,284.00,344.00,329.00,307.00,329.00
309.00,285.00,346.00,285.00,346.00,332.00,309.00,332.00
309.00,286.00,347.00,286.00,347.00,334.00,309.00,334.00
310.00,288.00,348.00,288.00,348.00,337.00,310.00,337.00
310.00,291.00,348.00,291.00,348.00,338.00,310.00,338.00
312.00,288.00,348.00,288.00,348.00,334.00,312.00,334.00
310.00,286.00,351.00,286.00,351.00,335.00,310.00,335.00
314.00,290.00,350.00,290.00,350.00,337.00,314.00,337.00
311.00,295.00,351.00,295.00,351.00,342.00,311.00,342.00
311.00,293.00,350.00,293.00,350.00,340.00,311.00,340.00
314.00,287.00,353.00,287.00,353.00,336.00,314.00,336.00
313.00,286.00,357.00,286.00,357.00,338.00,313.00,338.00
310.00,287.00,351.00,287.00,351.00,338.00,310.00,338.00
310.00,287.00,349.00,287.00,349.00,336.00,310.00,336.00
310.00,282.00,350.00,282.00,350.00,332.00,310.00,332.00
312.00,284.00,354.00,284.00,354.00,331.00,312.00,331.00
315.00,288.00,354.00,288.00,354.00,337.00,315.00,337.00
316.00,291.00,354.00,291.00,354.00,341.00,316.00,341.00
317.00,290.00,355.00,290.00,355.00,340.00,317.00,340.00
313.00,289.00,356.00,289.00,356.00,338.00,313.00,338.00
314.00,289.00,353.00,289.00,353.00,338.00,314.00,338.00
313.00,289.00,353.00,289.00,353.00,337.00,313.00,337.00
312.00,288.00,351.00,288.00,351.00,336.00,312.00,336.00
308.00,285.00,349.00,285.00,349.00,336.00,308.00,336.00
310.00,288.00,350.00,288.00,350.00,339.00,310.00,339.00
308.00,288.00,349.00,288.00,349.00,340.00,308.00,340.00
308.00,291.00,348.00,291.00,348.00,343.00,308.00,343.00
305.00,287.00,347.00,287.00,347.00,341.00,305.00,341.00
308.00,278.00,347.00,278.00,347.00,335.00,308.00,335.00
307.00,268.00,347.00,268.00,347.00,329.00,307.00,329.00
305.00,274.00,346.00,274.00,346.00,328.00,305.00,328.00
307.00,279.00,344.00,279.00,344.00,333.00,307.00,333.00
304.00,284.00,348.00,284.00,348.00,340.00,304.00,340.00
307.00,283.00,347.00,283.00,347.00,337.00,307.00,337.00
304.00,283.00,347.00,283.00,347.00,335.00,304.00,335.00
309.00,283.00,348.00,283.00,348.00,335.00,309.00,335.00
313.00,284.00,353.00,284.00,353.00,342.00,313.00,342.00
311.00,286.00,350.00,286.00,350.00,339.00,311.00,339.00
310.00,287.00,354.00,287.00,354.00,340.00,310.00,340.00
312.00,289.00,351.00,289.00,351.00,337.00,312.00,337.00
312.00,283.00,353.00,283.00,353.00,339.00,312.00,339.00
313.00,287.00,349.00,287.00,349.00,339.00,313.00,339.00
308.00,287.00,354.00,287.00,354.00,340.00,308.00,340.00
314.00,288.00,352.00,288.00,352.00,336.00,314.00,336.00
314.00,285.00,354.00,285.00,354.00,338.00,314.00,338.00
308.00,285.00,352.00,285.00,352.00,339.00,308.00,339.00
305.00,285.00,352.00,285.00,352.00,340.00,305.00,340.00
305.00,288.00,350.00,288.00,350.00,341.00,305.00,341.00
305.00,284.00,349.00,284.00,349.00,342.00,305.00,342.00
306.00,288.00,349.00,288.00,349.00,342.00,306.00,342.00
307.00,290.00,349.00,290.00,349.00,343.00,307.00,343.00
306.00,290.00,351.00,290.00,351.00,345.00,306.00,345.00
308.00,288.00,352.00,288.00,352.00,342.00,308.00,342.00
309.00,285.00,354.00,285.00,354.00,342.00,309.00,342.00
310.00,287.00,355.00,287.00,355.00,343.00,310.00,343.00
308.00,286.00,355.00,286.00,355.00,342.00,308.00,342.00
308.00,283.00,356.00,283.00,356.00,340.00,308.00,340.00
307.00,287.00,358.00,287.00,358.00,345.00,307.00,345.00
308.00,287.00,354.00,287.00,354.00,343.00,308.00,343.00
309.00,286.00,355.00,286.00,355.00,344.00,309.00,344.00
307.00,288.00,348.00,288.00,348.00,342.00,307.00,342.00
305.00,285.00,349.00,285.00,349.00,343.00,305.00,343.00
303.00,283.00,351.00,283.00,351.00,344.00,303.00,344.00
305.00,284.00,352.00,284.00,352.00,342.00,305.00,342.00
306.00,283.00,352.00,283.00,352.00,340.00,306.00,340.00
305.00,279.00,348.00,279.00,348.00,340.00,305.00,340.00
303.00,280.00,347.00,280.00,347.00,338.00,303.00,338.00
302.00,280.00,345.00,280.00,345.00,337.00,302.00,337.00
302.00,278.00,345.00,278.00,345.00,336.00,302.00,336.00
300.00,285.00,349.00,285.00,349.00,344.00,300.00,344.00
302.00,290.00,344.00,290.00,344.00,348.00,302.00,348.00
298.00,291.00,343.00,291.00,343.00,347.00,298.00,347.00
298.00,290.00,344.00,290.00,344.00,346.00,298.00,346.00
299.00,286.00,345.00,286.00,345.00,347.00,299.00,347.00
300.00,285.00,346.00,285.00,346.00,347.00,300.00,347.00
296.00,286.00,347.00,286.00,347.00,347.00,296.00,347.00
299.00,285.00,344.00,285.00,344.00,345.00,299.00,345.00
296.00,283.00,347.00,283.00,347.00,345.00,296.00,345.00
301.00,284.00,346.00,284.00,346.00,344.00,301.00,344.00
296.00,284.00,345.00,284.00,345.00,343.00,296.00,343.00
296.00,286.00,345.00,286.00,345.00,346.00,296.00,346.00
295.00,287.00,347.00,287.00,347.00,349.00,295.00,349.00
302.00,290.00,344.00,290.00,344.00,349.00,302.00,349.00
295.00,287.00,347.00,287.00,347.00,348.00,295.00,348.00
301.00,285.00,346.00,285.00,346.00,344.00,301.00,344.00
301.00,284.00,349.00,284.00,349.00,347.00,301.00,347.00
303.00,288.00,349.00,288.00,349.00,348.00,303.00,348.00
302.00,288.00,349.00,288.00,349.00,346.00,302.00,346.00
303.00,290.00,350.00,290.00,350.00,348.00,303.00,348.00
304.00,285.00,351.00,285.00,351.00,347.00,304.00,347.00
308.00,283.00,349.00,283.00,349.00,345.00,308.00,345.00
302.00,286.00,354.00,286.00,354.00,344.00,302.00,344.00
307.00,286.00,350.00,286.00,350.00,341.00,307.00,341.00
302.00,282.00,353.00,282.00,353.00,343.00,302.00,343.00
309.00,277.00,350.00,277.00,350.00,343.00,309.00,343.00
309.00,281.00,353.00,281.00,353.00,345.00,309.00,345.00
311.00,288.00,352.00,288.00,352.00,347.00,311.00,347.00
305.00,282.00,352.00,282.00,352.00,349.00,305.00,349.00
308.00,289.00,350.00,289.00,350.00,350.00,308.00,350.00
307.00,288.00,350.00,288.00,350.00,352.00,307.00,352.00
312.00,289.00,350.00,289.00,350.00,351.00,312.00,351.00
311.00,285.00,351.00,285.00,351.00,348.00,311.00,348.00
313.00,285.00,351.00,285.00,351.00,350.00,313.00,350.00
311.00,285.00,351.00,285.00,351.00,347.00,311.00,347.00
308.00,287.00,351.00,287.00,351.00,348.00,308.00,348.00
305.00,283.00,351.00,283.00,351.00,347.00,305.00,347.00
305.00,286.00,348.00,286.00,348.00,355.00,305.00,355.00
305.00,292.00,344.00,292.00,344.00,352.00,305.00,352.00
303.00,300.00,343.00,300.00,343.00,356.00,303.00,356.00
303.00,294.00,346.00,294.00,346.00,354.00,303.00,354.00
304.00,292.00,347.00,292.00,347.00,350.00,304.00,350.00
304.00,292.00,350.00,292.00,350.00,348.00,304.00,348.00
304.00,299.00,350.00,299.00,350.00,355.00,304.00,355.00
306.00,302.00,352.00,302.00,352.00,356.00,306.00,356.00
306.00,302.00,350.00,302.00,350.00,359.00,306.00,359.00
305.00,297.00,348.00,297.00,348.00,351.00,305.00,351.00
303.00,299.00,350.00,299.00,350.00,351.00,303.00,351.00
309.00,298.00,352.00,298.00,352.00,351.00,309.00,351.00
309.00,296.00,352.00,296.00,352.00,353.00,309.00,353.00
309.00,295.00,352.00,295.00,352.00,348.00,309.00,348.00
307.00,300.00,351.00,300.00,351.00,353.00,307.00,353.00
306.00,306.00,351.00,306.00,351.00,355.00,306.00,355.00
307.00,306.00,351.00,306.00,351.00,357.00,307.00,357.00
305.00,301.00,350.00,301.00,350.00,353.00,305.00,353.00
307.00,302.00,349.00,302.00,349.00,351.00,307.00,351.00
305.00,299.00,350.00,299.00,350.00,353.00,305.00,353.00
309.00,302.00,350.00,302.00,350.00,355.00,309.00,355.00
310.00,302.00,349.00,302.00,349.00,353.00,310.00,353.00
311.00,302.00,354.00,302.00,354.00,353.00,311.00,353.00
313.00,304.00,352.00,304.00,352.00,351.00,313.00,351.00
316.00,302.00,355.00,302.00,355.00,354.00,316.00,354.00
314.00,302.00,353.00,302.00,353.00,352.00,314.00,352.00
315.00,303.00,354.00,303.00,354.00,352.00,315.00,352.00
317.00,305.00,354.00,305.00,354.00,354.00,317.00,354.00
317.00,303.00,357.00,303.00,357.00,355.00,317.00,355.00
318.00,304.00,354.00,304.00,354.00,355.00,318.00,355.00
313.00,303.00,355.00,303.00,355.00,352.00,313.00,352.00
315.00,304.00,354.00,304.00,354.00,350.00,315.00,350.00
315.00,304.00,354.00,304.00,354.00,351.00,315.00,351.00
313.00,306.00,353.00,306.00,353.00,353.00,313.00,353.00
311.00,309.00,353.00,309.00,353.00,357.00,311.00,357.00
314.00,309.00,351.00,309.00,351.00,355.00,314.00,355.00
311.00,308.00,350.00,308.00,350.00,357.00,311.00,357.00
312.00,311.00,347.00,311.00,347.00,356.00,312.00,356.00
309.00,309.00,348.00,309.00,348.00,355.00,309.00,355.00
312.00,309.00,348.00,309.00,348.00,355.00,312.00,355.00
311.00,306.00,350.00,306.00,350.00,355.00,311.00,355.00
312.00,305.00,350.00,305.00,350.00,351.00,312.00,351.00
311.00,306.00,353.00,306.00,353.00,353.00,311.00,353.00
313.00,310.00,349.00,310.00,349.00,355.00,313.00,355.00
312.00,309.00,352.00,309.00,352.00,358.00,312.00,358.00
312.00,310.00,347.00,310.00,347.00,356.00,312.00,356.00
306.00,312.00,345.00,312.00,345.00,356.00,306.00,356.00
307.00,315.00,343.00,315.00,343.00,357.00,307.00,357.00
305.00,310.00,347.00,310.00,347.00,358.00,305.00,358.00
307.00,311.00,341.00,311.00,341.00,355.00,307.00,355.00
304.00,308.00,343.00,308.00,343.00,354.00,304.00,354.00
307.00,313.00,343.00,313.00,343.00,353.00,307.00,353.00
306.00,305.00,346.00,305.00,346.00,352.00,306.00,352.00
309.00,307.00,344.00,307.00,344.00,351.00,309.00,351.00
308.00,306.00,345.00,306.00,345.00,350.00,308.00,350.00
308.00,310.00,345.00,310.00,345.00,352.00,308.00,352.00
309.00,309.00,347.00,309.00,347.00,353.00,309.00,353.00
310.00,309.00,345.00,309.00,345.00,355.00,310.00,355.00
309.00,309.00,343.00,309.00,343.00,353.00,309.00,353.00
308.00,311.00,344.00,311.00,344.00,352.00,308.00,352.00
309.00,311.00,348.00,311.00,348.00,353.00,309.00,353.00
310.00,313.00,346.00,313.00,346.00,356.00,310.00,356.00
310.00,312.00,344.00,312.00,344.00,352.00,310.00,352.00
310.00,313.00,346.00,313.00,346.00,352.00,310.00,352.00
311.00,310.00,347.00,310.00,347.00,352.00,311.00,352.00
313.00,311.00,346.00,311.00,346.00,353.00,313.00,353.00
313.00,312.00,347.00,312.00,347.00,354.00,313.00,354.00
314.00,315.00,349.00,315.00,349.00,355.00,314.00,355.00
314.00,310.00,347.00,310.00,347.00,350.00,314.00,350.00
314.00,307.00,347.00,307.00,347.00,347.00,314.00,347.00
317.00,308.00,346.00,308.00,346.00,346.00,317.00,346.00
314.00,310.00,346.00,310.00,346.00,347.00,314.00,347.00
314.00,311.00,344.00,311.00,344.00,348.00,314.00,348.00
313.00,311.00,344.00,311.00,344.00,350.00,313.00,350.00
315.00,314.00,342.00,314.00,342.00,350.00,315.00,350.00
313.00,313.00,343.00,313.00,343.00,350.00,313.00,350.00
314.00,311.00,340.00,311.00,340.00,347.00,314.00,347.00
314.00,309.00,342.00,309.00,342.00,348.00,314.00,348.00
314.00,311.00,340.00,311.00,340.00,346.00,314.00,346.00
311.00,313.00,341.00,313.00,341.00,349.00,311.00,349.00
312.00,315.00,340.00,315.00,340.00,349.00,312.00,349.00
311.00,314.00,339.00,314.00,339.00,350.00,311.00,350.00
314.00,316.00,339.00,316.00,339.00,350.00,314.00,350.00
312.00,314.00,341.00,314.00,341.00,349.00,312.00,349.00
314.00,316.00,341.00,316.00,341.00,349.00,314.00,349.00
315.00,312.00,343.00,312.00,343.00,348.00,315.00,348.00
315.00,312.00,341.00,312.00,341.00,347.00,315.00,347.00
315.00,313.00,343.00,313.00,343.00,347.00,315.00,347.00
318.00,318.00,344.00,318.00,344.00,350.00,318.00,350.00
319.00,322.00,346.00,322.00,346.00,357.00,319.00,357.00
321.00,320.00,346.00,320.00,346.00,354.00,321.00,354.00
319.00,313.00,345.00,313.00,345.00,346.00,319.00,346.00
320.00,311.00,346.00,311.00,346.00,345.00,320.00,345.00
321.00,310.00,349.00,310.00,349.00,345.00,321.00,345.00
323.00,313.00,347.00,313.00,347.00,345.00,323.00,345.00
323.00,312.00,347.00,312.00,347.00,344.00,323.00,344.00
321.00,314.00,346.00,314.00,346.00,345.00,321.00,345.00
321.00,312.00,348.00,312.00,348.00,346.00,321.00,346.00
321.00,313.00,346.00,313.00,346.00,345.00,321.00,345.00
321.00,315.00,347.00,315.00,347.00,346.00,321.00,346.00
321.00,317.00,345.00,317.00,345.00,350.00,321.00,350.00
320.00,313.00,343.00,313.00,343.00,345.00,320.00,345.00
321.00,316.00,343.00,316.00,343.00,351.00,321.00,351.00
317.00,318.00,343.00,318.00,343.00,348.00,317.00,348.00
319.00,315.00,343.00,315.00,343.00,349.00,319.00,349.00
320.00,312.00,345.00,312.00,345.00,346.00,320.00,346.00
324.00,314.00,345.00,314.00,345.00,351.00,324.00,351.00
324.00,315.00,346.00,315.00,346.00,353.00,324.00,353.00
321.00,310.00,342.00,310.00,342.00,343.00,321.00,343.00
324.00,315.00,346.00,315.00,346.00,344.00,324.00,344.00
324.00,323.00,346.00,323.00,346.00,353.00,324.00,353.00
319.00,323.00,342.00,323.00,342.00,351.00,319.00,351.00
