1
328.00,306.00,348.00,306.00,348.00,337.00,328.00,337.00
327.00,302.00,350.00,302.00,350.00,336.00,327.00,336.00
329.00,303.00,348.00,303.00,348.00,336.00,329.00,336.00
324.00,307.00,347.00,307.00,347.00,339.00,324.00,339.00
323.00,309.00,345.00,309.00,345.00,341.00,323.00,341.00
323.00,304.00,345.00,304.00,345.00,337.00,323.00,337.00
324.00,302.00,344.00,302.00,344.00,337.00,324.00,337.00
324.00,302.00,345.00,302.00,345.00,335.00,324.00,335.00
319.00,304.00,342.00,304.00,342.00,337.00,319.00,337.00
317.00,306.00,340.00,306.00,340.00,338.00,317.00,338.00
317.00,301.00,341.00,301.00,341.00,334.00,317.00,334.00
320.00,299.00,343.00,299.00,343.00,332.00,320.00,332.00
321.00,303.00,344.00,303.00,344.00,336.00,321.00,336.00
322.00,310.00,347.00,310.00,347.00,342.00,322.00,342.00
322.00,306.00,346.00,306.00,346.00,340.00,322.00,340.00
320.00,306.00,348.00,306.00,348.00,344.00,320.00,344.00
324.00,306.00,348.00,306.00,348.00,338.00,324.00,338.00
324.00,305.00,352.00,305.00,352.00,337.00,324.00,337.00
324.00,309.00,351.00,309.00,351.00,340.00,324.00,340.00
325.00,313.00,351.00,313.00,351.00,345.00,325.00,345.00
326.00,312.00,352.00,312.00,352.00,346.00,326.00,346.00
328.00,311.00,355.00,311.00,355.00,346.00,328.00,346.00
326.00,312.00,355.00,312.00,355.00,346.00,326.00,346.00
325.00,308.00,351.00,308.00,351.00,343.00,325.00,343.00
323.00,308.00,350.00,308.00,350.00,347.00,323.00,347.00
321.00,308.00,347.00,308.00,347.00,345.00,321.00,345.00
319.00,307.00,346.00,307.00,346.00,344.00,319.00,344.00
319.00,310.00,346.00,310.00,346.00,348.00,319.00,348.00
317.00,306.00,346.00,306.00,346.00,345.00,317.00,345.00
316.00,310.00,343.00,310.00,343.00,348.00,316.00,348.00
318.00,309.00,343.00,309.00,343.00,345.00,318.00,345.00
316.00,309.00,342.00,309.00,342.00,344.00,316.00,344.00
316.00,309.00,342.00,309.00,342.00,346.00,316.00,346.00
318.00,308.00,345.00,308.00,345.00,346.00,318.00,346.00
320.00,309.00,345.00,309.00,345.00,346.00,320.00,346.00
320.00,311.00,347.00,311.00,347.00,349.00,320.00,349.00
320.00,316.00,348.00,316.00,348.00,352.00,320.00,352.00
321.00,310.00,352.00,310.00,352.00,351.00,321.00,351.00
322.00,310.00,350.00,310.00,350.00,348.00,322.00,348.00
324.00,309.00,351.00,309.00,351.00,346.00,324.00,346.00
324.00,310.00,353.00,310.00,353.00,347.00,324.00,347.00
323.00,310.00,351.00,310.00,351.00,345.00,323.00,345.00
318.00,308.00,349.00,308.00,349.00,349.00,318.00,349.00
317.00,315.00,344.00,315.00,344.00,353.00,317.00,353.00
315.00,313.00,346.00,313.00,346.00,355.00,315.00,355.00
315.00,315.00,346.00,315.00,346.00,355.00,315.00,355.00
315.00,312.00,344.00,312.00,344.00,352.00,315.00,352.00
315.00,314.00,344.00,314.00,344.00,352.00,315.00,352.00
316.00,312.00,342.00,312.00,342.00,351.00,316.00,351.00
315.00,309.00,345.00,309.00,345.00,346.00,315.00,346.00
317.00,303.00,345.00,303.00,345.00,341.00,317.00,341.00
316.00,302.00,348.00,302.00,348.00,344.00,316.00,344.00
318.00,302.00,345.00,302.00,345.00,342.00,318.00,342.00
318.00,305.00,350.00,305.00,350.00,343.00,318.00,343.00
321.00,304.00,351.00,304.00,351.00,343.00,321.00,343.00
320.00,303.00,355.00,303.00,355.00,344.00,320.00,344.00
323.00,305.00,354.00,305.00,354.00,347.00,323.00,347.00
324.00,305.00,357.00,305.00,357.00,349.00,324.00,349.00
326.00,305.00,358.00,305.00,358.00,346.00,326.00,346.00
325.00,298.00,363.00,298.00,363.00,345.00,325.00,345.00
328.00,295.00,362.00,295.00,362.00,340.00,328.00,340.00
330.00,298.00,361.00,298.00,361.00,342.00,330.00,342.00
326.00,292.00,362.00,292.00,362.00,335.00,326.00,335.00
325.00,289.00,359.00,289.00,359.00,331.00,325.00,331.00
325.00,286.00,362.00,286.00,362.00,332.00,325.00,332.00
329.00,282.00,362.00,282.00,362.00,328.00,329.00,328.00
327.00,284.00,363.00,284.00,363.00,328.00,327.00,328.00
327.00,295.00,364.00,295.00,364.00,337.00,327.00,337.00
329.00,293.00,361.00,293.00,361.00,336.00,329.00,336.00
326.00,289.00,362.00,289.00,362.00,333.00,326.00,333.00
323.00,289.00,361.00,289.00,361.00,335.00,323.00,335.00
321.00,294.00,361.00,294.00,361.00,338.00,321.00,338.00
322.00,293.00,355.00,293.00,355.00,339.00,322.00,339.00
322.00,288.00,357.00,288.00,357.00,337.00,322.00,337.00
317.00,283.00,351.00,283.00,351.00,328.00,317.00,328.00
314.00,282.00,350.00,282.00,350.00,328.00,314.00,328.00
311.00,286.00,349.00,286.00,349.00,332.00,311.00,332.00
308.00,287.00,349.00,287.00,349.00,335.00,308.00,335.00
311.00,282.00,347.00,282.00,347.00,330.00,311.00,330.00
310.00,280.00,348.00,280.00,348.00,329.00,310.00,329.00
310.00,283.00,350.00,283.00,350.00,331.00,310.00,331.00
316.00,279.00,352.00,279.00,352.00,329.00,316.00,329.00
311.00,279.00,353.00,279.00,353.00,331.00,311.00,331.00
314.00,279.00,347.00,279.00,347.00,327.00,314.00,327.00
305.00,279.00,347.00,279.00,347.00,329.00,305.00,329.00
306.00,282.00,345.00,282.00,345.00,331.00,306.00,331.00
301.00,284.00,342.00,284.00,342.00,335.00,301.00,335.00
303.00,288.00,339.00,288.00,339.00,337.00,303.00,337.00
298.00,288.00,337.00,288.00,337.00,335.00,298.00,335.00
300.00,287.00,338.00,287.00,338.00,334.00,300.00,334.00
301.00,282.00,341.00,282.00,341.00,333.00,301.00,333.00
305.00,280.00,342.00,280.00,342.00,327.00,305.00,327.00
307.00,281.00,344.00,281.00,344.00,330.00,307.00,330.00
305.00,282.00,345.00,282.00,345.00,329.00,305.00,329.00
309.00,284.00,345.00,284.00,345.00,331.00,309.00,331.00
310.00,284.00,348.00,284.00,348.00,333.00,310.00,333.00
311.00,287.00,349.00,287.00,349.00,337.00,311.00,337.00
309.00,289.00,349.00,289.00,349.00,339.00,309.00,339.00
312.00,286.00,349.00,286.00,349.00,333.00,312.00,333.00
309.00,284.00,351.00,284.00,351.00,335.00,309.00,335.00
314.00,286.00,351.00,286.00,351.00,337.00,314.00,337.00
310.00,293.00,352.00,293.00,352.00,342.00,310.00,342.00
311.00,292.00,349.00,292.00,349.00,340.00,311.00,340.00
315.00,286.00,355.00,286.00,355.00,334.00,315.00,334.00
314.00,285.00,358.00,285.00,358.00,337.00,314.00,337.00
310.00,284.00,352.00,284.00,352.00,335.00,310.00,335.00
308.00,285.00,351.00,285.00,351.00,336.00,308.00,336.00
311.00,280.00,351.00,280.00,351.00,329.00,311.00,329.00
311.00,280.00,356.00,280.00,356.00,330.00,311.00,330.00
313.00,286.00,356.00,286.00,356.00,335.00,313.00,335.00
315.00,288.00,356.00,288.00,356.00,340.00,315.00,340.00
316.00,288.00,355.00,288.00,355.00,340.00,316.00,340.00
310.00,287.00,359.00,287.00,359.00,338.00,310.00,338.00
311.00,287.00,355.00,287.00,355.00,337.00,311.00,337.00
311.00,287.00,355.00,287.00,355.00,338.00,311.00,338.00
310.00,286.00,353.00,286.00,353.00,337.00,310.00,337.00
306.00,282.00,351.00,282.00,351.00,336.00,306.00,336.00
307.00,286.00,352.00,286.00,352.00,340.00,307.00,340.00
308.00,286.00,350.00,286.00,350.00,342.00,308.00,342.00
306.00,289.00,350.00,289.00,350.00,344.00,306.00,344.00
306.00,285.00,346.00,285.00,346.00,342.00,306.00,342.00
306.00,277.00,349.00,277.00,349.00,334.00,306.00,334.00
306.00,269.00,348.00,269.00,348.00,329.00,306.00,329.00
303.00,273.00,349.00,273.00,349.00,328.00,303.00,328.00
307.00,278.00,347.00,278.00,347.00,333.00,307.00,333.00
302.00,281.00,352.00,281.00,352.00,340.00,302.00,340.00
306.00,280.00,348.00,280.00,348.00,338.00,306.00,338.00
303.00,281.00,350.00,281.00,350.00,336.00,303.00,336.00
308.00,282.00,349.00,282.00,349.00,336.00,308.00,336.00
310.00,283.00,356.00,283.00,356.00,343.00,310.00,343.00
311.00,283.00,352.00,283.00,352.00,340.00,311.00,340.00
309.00,285.00,357.00,285.00,357.00,341.00,309.00,341.00
310.00,285.00,354.00,285.00,354.00,340.00,310.00,340.00
308.00,280.00,356.00,280.00,356.00,340.00,308.00,340.00
311.00,284.00,351.00,284.00,351.00,341.00,311.00,341.00
308.00,284.00,356.00,284.00,356.00,339.00,308.00,339.00
312.00,284.00,356.00,284.00,356.00,336.00,312.00,336.00
313.00,282.00,354.00,282.00,354.00,339.00,313.00,339.00
308.00,281.00,353.00,281.00,353.00,338.00,308.00,338.00
303.00,282.00,354.00,282.00,354.00,339.00,303.00,339.00
304.00,286.00,352.00,286.00,352.00,341.00,304.00,341.00
305.00,281.00,349.00,281.00,349.00,342.00,305.00,342.00
301.00,285.00,353.00,285.00,353.00,342.00,301.00,342.00
305.00,286.00,349.00,286.00,349.00,342.00,305.00,342.00
303.00,286.00,355.00,286.00,355.00,346.00,303.00,346.00
308.00,285.00,353.00,285.00,353.00,342.00,308.00,342.00
306.00,282.00,356.00,282.00,356.00,343.00,306.00,343.00
310.00,283.00,356.00,283.00,356.00,344.00,310.00,344.00
303.00,283.00,359.00,283.00,359.00,343.00,303.00,343.00
305.00,281.00,357.00,281.00,357.00,341.00,305.00,341.00
305.00,283.00,361.00,283.00,361.00,348.00,305.00,348.00
310.00,282.00,354.00,282.00,354.00,345.00,310.00,345.00
304.00,283.00,359.00,283.00,359.00,343.00,304.00,343.00
306.00,285.00,350.00,285.00,350.00,341.00,306.00,341.00
304.00,283.00,350.00,283.00,350.00,340.00,304.00,340.00
302.00,281.00,352.00,281.00,352.00,342.00,302.00,342.00
300.00,283.00,356.00,283.00,356.00,343.00,300.00,343.00
304.00,280.00,354.00,280.00,354.00,339.00,304.00,339.00
302.00,276.00,351.00,276.00,351.00,342.00,302.00,342.00
303.00,276.00,348.00,276.00,348.00,340.00,303.00,340.00
300.00,277.00,350.00,277.00,350.00,338.00,300.00,338.00
301.00,274.00,348.00,274.00,348.00,339.00,301.00,339.00
295.00,281.00,353.00,281.00,353.00,346.00,295.00,346.00
301.00,287.00,347.00,287.00,347.00,350.00,301.00,350.00
298.00,287.00,347.00,287.00,347.00,349.00,298.00,349.00
297.00,286.00,347.00,286.00,347.00,347.00,297.00,347.00
297.00,283.00,349.00,283.00,349.00,349.00,297.00,349.00
300.00,282.00,348.00,282.00,348.00,349.00,300.00,349.00
293.00,283.00,352.00,283.00,352.00,348.00,293.00,348.00
295.00,282.00,350.00,282.00,350.00,346.00,295.00,346.00
294.00,280.00,351.00,280.00,351.00,348.00,294.00,348.00
301.00,281.00,347.00,281.00,347.00,346.00,301.00,346.00
295.00,282.00,348.00,282.00,348.00,344.00,295.00,344.00
294.00,283.00,349.00,283.00,349.00,347.00,294.00,347.00
293.00,285.00,352.00,285.00,352.00,350.00,293.00,350.00
298.00,288.00,347.00,288.00,347.00,351.00,298.00,351.00
295.00,286.00,350.00,286.00,350.00,350.00,295.00,350.00
299.00,280.00,349.00,280.00,349.00,345.00,299.00,345.00
297.00,282.00,351.00,282.00,351.00,347.00,297.00,347.00
303.00,284.00,350.00,284.00,350.00,347.00,303.00,347.00
301.00,285.00,351.00,285.00,351.00,347.00,301.00,347.00
301.00,288.00,354.00,288.00,354.00,348.00,301.00,348.00
302.00,282.00,355.00,282.00,355.00,347.00,302.00,347.00
307.00,282.00,350.00,282.00,350.00,345.00,307.00,345.00
302.00,283.00,356.00,283.00,356.00,344.00,302.00,344.00
306.00,283.00,352.00,283.00,352.00,341.00,306.00,341.00
300.00,280.00,355.00,280.00,355.00,344.00,300.00,344.00
309.00,275.00,353.00,275.00,353.00,342.00,309.00,342.00
308.00,279.00,354.00,279.00,354.00,346.00,308.00,346.00
309.00,287.00,354.00,287.00,354.00,347.00,309.00,347.00
306.00,281.00,352.00,281.00,352.00,350.00,306.00,350.00
306.00,286.00,350.00,286.00,350.00,353.00,306.00,353.00
308.00,287.00,351.00,287.00,351.00,354.00,308.00,354.00
310.00,288.00,353.00,288.00,353.00,350.00,310.00,350.00
309.00,283.00,353.00,283.00,353.00,347.00,309.00,347.00
311.00,283.00,352.00,283.00,352.00,350.00,311.00,350.00
311.00,282.00,351.00,282.00,351.00,347.00,311.00,347.00
308.00,285.00,352.00,285.00,352.00,348.00,308.00,348.00
307.00,281.00,352.00,281.00,352.00,347.00,307.00,347.00
303.00,284.00,350.00,284.00,350.00,356.00,303.00,356.00
304.00,289.00,345.00,289.00,345.00,355.00,304.00,355.00
299.00,298.00,347.00,298.00,347.00,357.00,299.00,357.00
302.00,293.00,347.00,293.00,347.00,355.00,302.00,355.00
301.00,290.00,349.00,290.00,349.00,352.00,301.00,352.00
304.00,290.00,349.00,290.00,349.00,351.00,304.00,351.00
302.00,298.00,353.00,298.00,353.00,356.00,302.00,356.00
305.00,299.00,354.00,299.00,354.00,358.00,305.00,358.00
303.00,299.00,353.00,299.00,353.00,361.00,303.00,361.00
305.00,295.00,349.00,295.00,349.00,353.00,305.00,353.00
302.00,296.00,352.00,296.00,352.00,352.00,302.00,352.00
309.00,295.00,353.00,295.00,353.00,353.00,309.00,353.00
308.00,293.00,354.00,293.00,354.00,355.00,308.00,355.00
309.00,292.00,353.00,292.00,353.00,349.00,309.00,349.00
307.00,297.00,354.00,297.00,354.00,355.00,307.00,355.00
305.00,302.00,353.00,302.00,353.00,356.00,305.00,356.00
306.00,301.00,353.00,301.00,353.00,360.00,306.00,360.00
307.00,298.00,350.00,298.00,350.00,353.00,307.00,353.00
306.00,299.00,353.00,299.00,353.00,352.00,306.00,352.00
305.00,298.00,351.00,298.00,351.00,353.00,305.00,353.00
307.00,300.00,354.00,300.00,354.00,355.00,307.00,355.00
312.00,299.00,351.00,299.00,351.00,353.00,312.00,353.00
310.00,300.00,356.00,300.00,356.00,352.00,310.00,352.00
313.00,301.00,355.00,301.00,355.00,351.00,313.00,351.00
312.00,300.00,358.00,300.00,358.00,355.00,312.00,355.00
315.00,299.00,354.00,299.00,354.00,353.00,315.00,353.00
311.00,301.00,359.00,301.00,359.00,353.00,311.00,353.00
315.00,303.00,357.00,303.00,357.00,356.00,315.00,356.00
313.00,300.00,361.00,300.00,361.00,357.00,313.00,357.00
317.00,301.00,356.00,301.00,356.00,355.00,317.00,355.00
312.00,300.00,358.00,300.00,358.00,351.00,312.00,351.00
315.00,302.00,356.00,302.00,356.00,350.00,315.00,350.00
314.00,303.00,356.00,303.00,356.00,351.00,314.00,351.00
313.00,305.00,357.00,305.00,357.00,353.00,313.00,353.00
309.00,307.00,358.00,307.00,358.00,356.00,309.00,356.00
311.00,308.00,354.00,308.00,354.00,353.00,311.00,353.00
308.00,306.00,354.00,306.00,354.00,354.00,308.00,354.00
311.00,309.00,349.00,309.00,349.00,355.00,311.00,355.00
309.00,308.00,349.00,308.00,349.00,354.00,309.00,354.00
309.00,308.00,351.00,308.00,351.00,353.00,309.00,353.00
309.00,306.00,353.00,306.00,353.00,353.00,309.00,353.00
314.00,304.00,351.00,304.00,351.00,352.00,314.00,352.00
311.00,304.00,354.00,304.00,354.00,353.00,311.00,353.00
313.00,310.00,350.00,310.00,350.00,354.00,313.00,354.00
312.00,308.00,354.00,308.00,354.00,356.00,312.00,356.00
313.00,309.00,348.00,309.00,348.00,355.00,313.00,355.00
307.00,311.00,346.00,311.00,346.00,355.00,307.00,355.00
306.00,314.00,344.00,314.00,344.00,358.00,306.00,358.00
304.00,309.00,347.00,309.00,347.00,361.00,304.00,361.00
309.00,309.00,343.00,309.00,343.00,355.00,309.00,355.00
304.00,308.00,343.00,308.00,343.00,356.00,304.00,356.00
307.00,311.00,344.00,311.00,344.00,353.00,307.00,353.00
306.00,304.00,347.00,304.00,347.00,351.00,306.00,351.00
309.00,305.00,345.00,305.00,345.00,352.00,309.00,352.00
310.00,306.00,345.00,306.00,345.00,350.00,310.00,350.00
309.00,308.00,346.00,308.00,346.00,353.00,309.00,353.00
309.00,307.00,348.00,307.00,348.00,354.00,309.00,354.00
310.00,307.00,346.00,307.00,346.00,354.00,310.00,354.00
311.00,307.00,344.00,307.00,344.00,352.00,311.00,352.00
309.00,310.00,345.00,310.00,345.00,351.00,309.00,351.00
311.00,310.00,347.00,310.00,347.00,354.00,311.00,354.00
309.00,311.00,347.00,311.00,347.00,356.00,309.00,356.00
311.00,310.00,344.00,310.00,344.00,352.00,311.00,352.00
309.00,311.00,345.00,311.00,345.00,355.00,309.00,355.00
312.00,308.00,348.00,308.00,348.00,351.00,312.00,351.00
311.00,309.00,348.00,309.00,348.00,353.00,311.00,353.00
314.00,309.00,348.00,309.00,348.00,352.00,314.00,352.00
313.00,313.00,348.00,313.00,348.00,355.00,313.00,355.00
315.00,309.00,347.00,309.00,347.00,351.00,315.00,351.00
315.00,305.00,347.00,305.00,347.00,348.00,315.00,348.00
316.00,307.00,346.00,307.00,346.00,347.00,316.00,347.00
313.00,309.00,347.00,309.00,347.00,348.00,313.00,348.00
314.00,309.00,344.00,309.00,344.00,348.00,314.00,348.00
312.00,309.00,346.00,309.00,346.00,350.00,312.00,350.00
315.00,312.00,342.00,312.00,342.00,350.00,315.00,350.00
311.00,312.00,343.00,312.00,343.00,350.00,311.00,350.00
314.00,309.00,341.00,309.00,341.00,347.00,314.00,347.00
311.00,308.00,343.00,308.00,343.00,348.00,311.00,348.00
314.00,310.00,341.00,310.00,341.00,348.00,314.00,348.00
310.00,311.00,341.00,311.00,341.00,350.00,310.00,350.00
312.00,313.00,339.00,313.00,339.00,351.00,312.00,351.00
310.00,312.00,340.00,312.00,340.00,351.00,310.00,351.00
313.00,315.00,338.00,315.00,338.00,352.00,313.00,352.00
311.00,313.00,340.00,313.00,340.00,351.00,311.00,351.00
314.00,314.00,341.00,314.00,341.00,349.00,314.00,349.00
314.00,311.00,343.00,311.00,343.00,349.00,314.00,349.00
314.00,312.00,341.00,312.00,341.00,348.00,314.00,348.00
315.00,312.00,342.00,312.00,342.00,347.00,315.00,347.00
318.00,317.00,344.00,317.00,344.00,350.00,318.00,350.00
319.00,321.00,346.00,321.00,346.00,357.00,319.00,357.00
320.00,319.00,345.00,319.00,345.00,354.00,320.00,354.00
319.00,312.00,345.00,312.00,345.00,346.00,319.00,346.00
320.00,312.00,346.00,312.00,346.00,345.00,320.00,345.00
321.00,309.00,349.00,309.00,349.00,345.00,321.00,345.00
323.00,312.00,348.00,312.00,348.00,345.00,323.00,345.00
322.00,311.00,347.00,311.00,347.00,345.00,322.00,345.00
321.00,314.00,346.00,314.00,346.00,346.00,321.00,346.00
321.00,312.00,347.00,312.00,347.00,346.00,321.00,346.00
320.00,313.00,345.00,313.00,345.00,346.00,320.00,346.00
321.00,313.00,347.00,313.00,347.00,346.00,321.00,346.00
319.00,316.00,346.00,316.00,346.00,349.00,319.00,349.00
319.00,313.00,344.00,313.00,344.00,346.00,319.00,346.00
318.00,316.00,344.00,316.00,344.00,351.00,318.00,351.00
317.00,316.00,344.00,316.00,344.00,348.00,317.00,348.00
318.00,316.00,345.00,316.00,345.00,348.00,318.00,348.00
318.00,312.00,345.00,312.00,345.00,346.00,318.00,346.00
323.00,314.00,346.00,314.00,346.00,350.00,323.00,350.00
322.00,317.00,348.00,317.00,348.00,352.00,322.00,352.00
321.00,311.00,343.00,311.00,343.00,342.00,321.00,342.00
323.00,314.00,346.00,314.00,346.00,344.00,323.00,344.00
324.00,323.00,346.00,323.00,346.00,353.00,324.00,353.00
319.00,322.00,343.00,322.00,343.00,350.00,319.00,350.00
