335.834228515625,114.04063415527344,362.21917724609375,156.71437072753906
331.1826477050781,114.12931060791016,355.84735107421875,155.8435516357422
289.39642333984375,110.85678100585938,316.1316223144531,151.3997344970703
320.9078369140625,114.64746856689453,343.7823791503906,156.29022216796875
317.3889465332031,107.38935089111328,338.6497497558594,157.86228942871094
310.2113952636719,107.48827362060547,335.2840576171875,157.17013549804688
308.762939453125,108.9756088256836,333.36724853515625,155.23629760742188
302.92822265625,109.51898193359375,330.76611328125,156.62159729003906
301.7286682128906,111.3756332397461,324.2509765625,154.95960998535156
301.07757568359375,108.79298400878906,322.16259765625,156.55514526367188
296.9814147949219,110.81881713867188,318.7317199707031,157.23802185058594
292.3330993652344,111.24837493896484,317.4371643066406,156.21560668945312
288.2606506347656,108.61628723144531,313.5883483886719,153.78961181640625
286.0838317871094,111.80294036865234,311.4784851074219,152.85549926757812
284.70782470703125,110.20213317871094,309.6580505371094,152.73068237304688
278.43646240234375,111.39679718017578,306.185546875,153.4130859375
279.0990295410156,108.58980560302734,302.6634216308594,154.04010009765625
274.1697692871094,109.20610809326172,298.1358642578125,152.9483184814453
272.9222412109375,107.5853042602539,294.1666564941406,154.1839599609375
274.15289306640625,113.59760284423828,291.5408020019531,149.4380645751953
267.8852844238281,113.21244812011719,286.6878662109375,148.408447265625
263.807861328125,111.44428253173828,286.89447021484375,154.15689086914062
259.99700927734375,110.66071319580078,280.64678955078125,156.7494659423828
257.4543151855469,111.10298919677734,278.7128601074219,154.35488891601562
254.88665771484375,111.3779525756836,272.91314697265625,149.16688537597656
247.7183380126953,111.43313598632812,271.4880676269531,153.9800262451172
243.6744384765625,109.22797393798828,266.32550048828125,152.28884887695312
236.4893798828125,111.86470794677734,260.0100402832031,153.4654998779297
232.52476501464844,112.69770812988281,258.1927185058594,151.6797637939453
227.1536865234375,112.53727722167969,254.31576538085938,151.72267150878906
226.28707885742188,110.92884063720703,250.7966766357422,151.5437469482422
215.96534729003906,110.54765319824219,242.94235229492188,153.46987915039062
212.7744598388672,110.74495697021484,237.97225952148438,152.17681884765625
215.0667724609375,116.91970825195312,234.27073669433594,149.28016662597656
204.0616455078125,109.07392120361328,228.1631622314453,154.239990234375
243.20413208007812,124.39495086669922,262.3863830566406,155.22201538085938
265.7070617675781,115.03434753417969,289.6896667480469,162.33682250976562
191.501220703125,114.01931762695312,216.37588500976562,159.43753051757812
187.7529754638672,113.65010833740234,210.6857452392578,157.01736450195312
184.65171813964844,114.84170532226562,206.5038299560547,159.36912536621094
182.50596618652344,113.4402847290039,204.24497985839844,159.521728515625
176.1438446044922,114.96443939208984,198.8915252685547,158.68765258789062
172.62391662597656,114.44529724121094,192.04481506347656,158.8347625732422
170.0876007080078,112.06930541992188,189.99349975585938,158.1542205810547
162.37142944335938,112.94348907470703,185.63304138183594,157.22836303710938
158.68490600585938,114.24018859863281,182.15652465820312,157.0897674560547
156.63661193847656,113.03931427001953,176.86215209960938,161.1875457763672
138.42430114746094,137.09840393066406,168.50982666015625,205.18617248535156
137.78140258789062,135.0373992919922,168.79347229003906,204.3006591796875
136.90928649902344,136.618896484375,168.8663787841797,204.2828826904297
136.86683654785156,139.40464782714844,168.9116973876953,203.04815673828125
137.13284301757812,138.76449584960938,170.25570678710938,203.19894409179688
136.73236083984375,138.9839630126953,170.673828125,203.38217163085938
141.16493225097656,137.50662231445312,172.0950469970703,202.22921752929688
143.00059509277344,136.51124572753906,174.22970581054688,204.40907287597656
147.00047302246094,143.45594787597656,173.89047241210938,208.36102294921875
146.8516387939453,135.6358184814453,175.34837341308594,202.67449951171875
151.6895751953125,141.27174377441406,183.53302001953125,209.19004821777344
151.14410400390625,136.9321746826172,185.33724975585938,205.67355346679688
155.74867248535156,141.27642822265625,190.5401153564453,208.9182891845703
156.9063720703125,144.69932556152344,192.20082092285156,208.2009735107422
160.5978546142578,145.9317169189453,202.4886932373047,208.27049255371094
162.82774353027344,144.756591796875,204.75146484375,207.80580139160156
166.1940460205078,147.7047576904297,207.27703857421875,208.94119262695312
164.55923461914062,146.5189971923828,212.1710662841797,208.31610107421875
169.2071075439453,149.68008422851562,219.14247131347656,208.27728271484375
170.78956604003906,150.11231994628906,219.87835693359375,208.9549102783203
179.37522888183594,148.82237243652344,215.8723602294922,210.99960327148438
186.11517333984375,150.34591674804688,217.2657928466797,205.43382263183594
192.66738891601562,152.84877014160156,225.76797485351562,211.45050048828125
200.4364013671875,150.1981658935547,229.64976501464844,209.8389129638672
203.26087951660156,154.8338165283203,234.54417419433594,211.71044921875
208.84613037109375,150.31239318847656,239.07666015625,204.01283264160156
215.50173950195312,150.70571899414062,244.6831512451172,215.52516174316406
219.40757751464844,150.61842346191406,247.12857055664062,190.0673065185547
231.19944763183594,142.94677734375,257.19171142578125,188.6444549560547
180.43540954589844,134.33799743652344,209.4669952392578,190.54771423339844
183.4552459716797,128.5745849609375,212.248779296875,182.4062042236328
188.849609375,135.6839141845703,214.04412841796875,185.94142150878906
192.74562072753906,138.23324584960938,217.27944946289062,186.10328674316406
197.0835418701172,135.2832489013672,225.92433166503906,186.19679260253906
201.01504516601562,132.51876831054688,232.669189453125,192.18833923339844
210.44703674316406,131.17904663085938,238.54319763183594,190.2250518798828
210.24749755859375,137.92201232910156,241.0752410888672,192.4222869873047
214.86045837402344,135.67385864257812,245.08775329589844,192.92501831054688
218.524169921875,139.2493133544922,247.18569946289062,195.50025939941406
220.82676696777344,141.2867889404297,248.95626831054688,194.06080627441406
225.96026611328125,142.3526153564453,255.88970947265625,195.78819274902344
228.5808868408203,144.28384399414062,258.2275085449219,195.7760772705078
231.76060485839844,149.8439483642578,259.6022644042969,201.474853515625
234.02159118652344,145.63221740722656,261.63580322265625,197.27098083496094
237.28195190429688,151.16929626464844,267.2811584472656,200.1463623046875
239.42213439941406,146.25160217285156,267.9571228027344,194.4263153076172
239.7830047607422,149.76083374023438,268.28857421875,200.0988311767578
241.1975860595703,145.96299743652344,268.0055236816406,196.16319274902344
241.9539794921875,141.37184143066406,268.00054931640625,198.23963928222656
241.031494140625,138.71127319335938,269.9591064453125,196.69532775878906
241.84544372558594,137.8488006591797,269.31744384765625,198.4416961669922
241.64549255371094,138.6532440185547,269.4240417480469,198.7694549560547
242.18905639648438,140.0733184814453,270.87347412109375,197.52862548828125
242.06634521484375,139.37686157226562,270.9264221191406,196.40478515625
243.15528869628906,139.17967224121094,271.10931396484375,196.9399871826172
243.5189666748047,138.40725708007812,270.51019287109375,195.21783447265625
242.39938354492188,137.1751708984375,271.4830017089844,197.31016540527344
241.40858459472656,135.10440063476562,270.3186340332031,198.122314453125
241.66656494140625,135.88294982910156,269.8036804199219,197.94454956054688
242.28443908691406,136.5443115234375,269.2557678222656,197.35780334472656
241.7937469482422,136.268310546875,268.383544921875,198.80410766601562
242.23919677734375,135.89891052246094,267.4875793457031,194.3338623046875
242.83297729492188,135.4463348388672,268.3285217285156,195.77078247070312
243.691650390625,135.40872192382812,269.4188232421875,193.15480041503906
246.74851989746094,137.73995971679688,267.8747863769531,187.1616973876953
247.17349243164062,136.82220458984375,269.3062744140625,191.85125732421875
247.96888732910156,136.04910278320312,271.49652099609375,191.94261169433594
248.62718200683594,135.32632446289062,270.71844482421875,191.3018798828125
244.14329528808594,137.3090362548828,270.8857116699219,191.98745727539062
248.58140563964844,136.39141845703125,271.7453308105469,191.53428649902344
244.86798095703125,139.89768981933594,269.8811950683594,189.7446746826172
242.67747497558594,137.29452514648438,270.1041259765625,191.9088134765625
244.54922485351562,137.54379272460938,270.8531494140625,190.794677734375
243.81399536132812,138.22506713867188,270.0881652832031,192.24716186523438
242.83987426757812,136.80471801757812,271.5498046875,192.5812225341797
243.19993591308594,134.94517517089844,271.39971923828125,194.5610809326172
242.33802795410156,136.0966033935547,273.37432861328125,194.52926635742188
242.9272003173828,136.7353973388672,270.90203857421875,192.82801818847656
243.2254638671875,135.1150360107422,270.0939025878906,191.23590087890625
243.42129516601562,135.26988220214844,269.797607421875,193.2034454345703
242.30984497070312,134.84976196289062,269.1839294433594,193.45945739746094
242.04896545410156,136.4393768310547,268.2644958496094,188.46530151367188
239.72784423828125,136.99038696289062,267.0833435058594,186.9660186767578
240.94766235351562,136.4864959716797,265.33233642578125,187.13729858398438
239.30447387695312,135.40611267089844,266.18560791015625,188.95999145507812
238.26890563964844,132.5950469970703,267.09710693359375,191.09454345703125
247.24378967285156,137.6062774658203,266.67413330078125,171.45355224609375
245.17593383789062,134.09156799316406,267.5295715332031,178.31500244140625
244.49888610839844,134.25918579101562,267.2254333496094,176.67724609375
245.27374267578125,134.31597900390625,267.0210266113281,177.56089782714844
247.23980712890625,133.73544311523438,268.87115478515625,178.20071411132812
247.62063598632812,134.59600830078125,269.55572509765625,177.74560546875
248.9557342529297,134.0481719970703,268.650390625,177.71263122558594
248.46763610839844,134.49124145507812,269.0943908691406,177.95199584960938
249.31692504882812,132.7066192626953,269.17840576171875,177.30332946777344
260.22357177734375,156.95118713378906,286.48504638671875,212.9456787109375
262.6363220214844,158.7720489501953,285.963623046875,222.21661376953125
264.33837890625,156.40000915527344,287.43670654296875,208.50473022460938
265.63641357421875,154.60833740234375,288.2171630859375,216.27955627441406
265.1707458496094,152.15699768066406,288.7048034667969,216.49046325683594
266.3118591308594,153.72894287109375,289.3332214355469,204.0432891845703
266.26361083984375,154.79232788085938,290.4873352050781,206.3511199951172
265.63836669921875,153.92201232910156,292.4884338378906,207.5369415283203
270.2131652832031,155.22189331054688,294.0336608886719,209.37118530273438
269.27691650390625,154.6503448486328,296.2352294921875,210.11839294433594
268.4074401855469,154.60739135742188,298.3582763671875,208.2844696044922
270.8015441894531,152.3619384765625,298.49017333984375,205.6578369140625
270.8804626464844,151.60760498046875,298.5476379394531,203.64791870117188
271.8487243652344,151.0679473876953,299.1637268066406,205.92820739746094
273.5603942871094,149.18894958496094,299.4626770019531,207.80909729003906
272.3709411621094,145.79440307617188,301.0517883300781,206.9917449951172
272.3133239746094,145.28421020507812,301.3749084472656,207.61553955078125
272.68524169921875,143.98928833007812,302.0006408691406,206.54147338867188
275.17596435546875,143.98548889160156,301.47869873046875,205.81478881835938
274.83038330078125,140.86444091796875,303.2930908203125,201.2598876953125
275.4301452636719,139.9656524658203,301.54766845703125,202.99195861816406
274.5579833984375,138.24000549316406,301.98736572265625,202.13462829589844
276.3490905761719,137.13294982910156,303.0329895019531,204.87648010253906
275.28167724609375,136.82394409179688,303.4801330566406,199.2786102294922
274.89678955078125,137.2580108642578,304.0094299316406,199.0903778076172
273.1353454589844,134.4127197265625,303.3648681640625,196.42999267578125
275.37457275390625,136.31430053710938,305.18572998046875,197.62057495117188
274.01446533203125,135.98202514648438,306.67156982421875,197.06857299804688
272.1262512207031,136.38729858398438,305.6728515625,198.5471649169922
275.81512451171875,136.44342041015625,304.9163513183594,198.21527099609375
277.507568359375,137.22036743164062,304.4264831542969,193.96209716796875
274.35101318359375,136.77609252929688,304.0785827636719,195.7391815185547
279.03411865234375,136.69720458984375,303.6955261230469,196.17831420898438
276.8437194824219,134.98422241210938,304.1936340332031,195.00238037109375
274.5693359375,135.54188537597656,304.44342041015625,195.83839416503906
272.52783203125,133.80059814453125,304.8002624511719,191.9305877685547
271.9638977050781,133.5291748046875,303.06634521484375,193.9376220703125
275.31353759765625,135.9530792236328,304.1160888671875,192.84230041503906
278.85052490234375,128.19647216796875,304.3515319824219,194.2163543701172
279.47894287109375,129.777099609375,304.7749328613281,192.98118591308594
276.76434326171875,128.62960815429688,304.580810546875,194.05445861816406
276.6975402832031,125.02301788330078,304.056640625,187.14300537109375
278.6004333496094,128.46986389160156,304.34014892578125,193.09262084960938
280.6102600097656,127.41527557373047,303.8284606933594,193.8662109375
280.8531494140625,127.4903335571289,305.2185363769531,184.4696502685547
282.1291198730469,127.34370422363281,305.1842346191406,194.38729858398438
285.6202697753906,125.2114028930664,309.8870849609375,185.48741149902344
286.7068786621094,124.51994323730469,309.6723937988281,186.33892822265625
286.9639892578125,122.66432189941406,309.7285461425781,187.36534118652344
287.4312744140625,125.90510559082031,310.5658264160156,186.46873474121094
288.95318603515625,126.12577819824219,310.5765380859375,185.6020965576172
289.42449951171875,124.01339721679688,311.31207275390625,187.63812255859375
288.2112121582031,125.45030975341797,313.1567077636719,185.61691284179688
288.2946472167969,126.43695831298828,314.3934326171875,184.90013122558594
289.1239929199219,125.06410217285156,314.7971496582031,182.8151092529297
289.4971923828125,121.74604797363281,319.5689697265625,185.9620361328125
290.2523193359375,124.82508087158203,317.8996276855469,182.92613220214844
290.6826477050781,124.79692077636719,318.44268798828125,185.64297485351562
292.28863525390625,123.59059143066406,319.7305603027344,185.1485595703125
291.5416259765625,127.60726928710938,316.72216796875,180.90838623046875
292.7525939941406,124.7091293334961,317.4108581542969,185.49261474609375
291.8363037109375,124.81282043457031,315.0945739746094,186.2311553955078
291.2149963378906,125.07090759277344,315.7929382324219,185.1083984375
291.8721618652344,125.14655303955078,316.2250061035156,184.68653869628906
293.7838134765625,123.0121078491211,317.4646911621094,185.19911193847656
293.458740234375,121.37379455566406,317.1033935546875,186.21859741210938
293.93841552734375,123.30940246582031,315.8403625488281,185.88487243652344
295.10174560546875,120.46250915527344,317.7261962890625,185.11395263671875
295.9345397949219,117.19766235351562,318.27374267578125,185.2738037109375
296.8473815917969,118.63963317871094,317.56793212890625,184.79371643066406
296.0322265625,118.41697692871094,317.1067199707031,184.1078643798828
297.04052734375,116.65428161621094,316.8461608886719,183.2485809326172
296.7389221191406,118.28209686279297,317.7854309082031,182.46524047851562
298.1776428222656,118.84803771972656,316.99224853515625,183.41033935546875
297.0631408691406,115.0654296875,318.2222595214844,184.5640411376953
297.2452392578125,118.65762329101562,316.4949645996094,184.7625732421875
295.9820861816406,117.63472747802734,317.49383544921875,183.7861328125
297.4535827636719,116.66453552246094,316.4613952636719,182.55621337890625
297.3019104003906,114.77297973632812,317.7115783691406,183.7379913330078
297.74102783203125,114.95890808105469,317.7458801269531,181.37770080566406
295.5451965332031,114.37352752685547,318.5467529296875,182.2577362060547
295.1923522949219,117.12487030029297,316.9032897949219,181.26446533203125
293.7836608886719,114.54351043701172,316.9218444824219,184.553466796875
294.0614929199219,114.77332305908203,316.99322509765625,182.4789276123047
292.8375244140625,112.87553405761719,317.6896057128906,182.1717071533203
294.1873474121094,112.66158294677734,315.7024230957031,181.9321746826172
291.0228271484375,112.57373046875,314.6418151855469,181.9950714111328
290.3826904296875,110.5329360961914,313.39166259765625,184.08755493164062
289.3328857421875,109.02659606933594,313.21563720703125,184.63717651367188
288.1540222167969,112.28132629394531,311.08709716796875,182.45489501953125
288.0835876464844,114.6616439819336,309.2830505371094,181.89163208007812
286.1766662597656,115.44824981689453,309.1578674316406,184.531494140625
286.5712585449219,115.3277816772461,308.025634765625,182.7158203125
283.2030334472656,115.2074203491211,305.429443359375,183.33839416503906
283.0106201171875,114.77472686767578,305.6925964355469,183.65272521972656
282.88787841796875,114.22676849365234,304.9906311035156,187.29547119140625
282.14434814453125,115.76634216308594,304.9410705566406,183.92552185058594
281.02703857421875,114.57335662841797,305.2176818847656,184.04669189453125
280.56005859375,116.69719696044922,304.2854309082031,184.6156005859375
279.01068115234375,115.70874786376953,304.58636474609375,184.47361755371094
278.86639404296875,113.34042358398438,303.09442138671875,182.6949920654297
278.0879821777344,114.02498626708984,304.1158752441406,182.9084930419922
278.1239318847656,113.68392944335938,302.3764343261719,184.1797332763672
278.24456787109375,115.53306579589844,302.0723571777344,184.398193359375
277.3902893066406,110.92647552490234,301.35321044921875,185.5342254638672
276.23004150390625,111.64193725585938,302.2267150878906,184.43849182128906
275.39306640625,112.2391128540039,300.9169006347656,183.95285034179688
274.7684326171875,113.07445526123047,301.2111511230469,184.4420928955078
272.687255859375,111.94190216064453,300.2891845703125,183.38943481445312
273.1714782714844,114.77132415771484,299.8627014160156,184.96510314941406
271.8733215332031,115.26607513427734,297.8048400878906,184.9270477294922
267.4153137207031,119.49793243408203,290.86688232421875,182.8186492919922
272.249267578125,116.52245330810547,294.393798828125,183.77590942382812
266.7595520019531,115.91302490234375,289.7432861328125,184.44664001464844
266.3807067871094,117.20668029785156,288.2059020996094,179.78890991210938
264.60821533203125,116.60237884521484,288.6146240234375,179.15725708007812
265.6529846191406,115.1827621459961,288.6775207519531,179.33485412597656
265.4187927246094,116.54600524902344,287.32757568359375,184.58883666992188
264.4658508300781,116.88241577148438,287.7082824707031,182.55230712890625
260.40313720703125,116.86397552490234,287.10369873046875,183.0242919921875
261.89874267578125,113.71419525146484,284.901611328125,182.55393981933594
261.166748046875,115.73316192626953,283.7371826171875,182.6964111328125
261.2878112792969,116.4062271118164,284.0360412597656,183.31324768066406
259.96954345703125,116.16770935058594,284.90264892578125,181.27734375
260.1441345214844,116.0918197631836,282.80621337890625,181.9395294189453
261.0224914550781,117.58607482910156,282.9760437011719,181.42416381835938
258.46795654296875,115.07563018798828,280.8660888671875,181.4690704345703
252.2132110595703,116.51262664794922,273.8558349609375,179.79342651367188
251.64505004882812,114.26211547851562,274.28106689453125,180.2311248779297
252.06353759765625,116.82542419433594,273.380126953125,179.94654846191406
251.01251220703125,117.33428955078125,273.2197265625,178.163818359375
250.6381378173828,115.48178100585938,271.9865417480469,180.58966064453125
250.0567626953125,114.72360229492188,271.9227600097656,181.22970581054688
247.67848205566406,114.09681701660156,272.231689453125,182.853759765625
247.76290893554688,115.22722625732422,273.82415771484375,183.64227294921875
247.7666473388672,115.70580291748047,273.500244140625,183.0615997314453
248.68307495117188,115.90060424804688,272.25872802734375,181.48605346679688
247.11383056640625,115.21760559082031,272.0211486816406,181.7537078857422
248.01023864746094,117.1356201171875,271.06866455078125,180.5305938720703
247.45204162597656,115.06503295898438,272.1411437988281,181.98585510253906
246.78717041015625,114.04814910888672,272.1732482910156,180.97764587402344
246.464599609375,114.47235107421875,271.6302185058594,180.80982971191406
246.5138702392578,114.83892822265625,270.88177490234375,179.36380004882812
246.00230407714844,116.03766632080078,270.26434326171875,179.00526428222656
244.94398498535156,117.10050964355469,272.2423095703125,177.73379516601562
244.18893432617188,116.4822006225586,270.29571533203125,178.61233520507812
243.38746643066406,117.86504364013672,269.3658447265625,179.000244140625
241.69366455078125,116.65103912353516,267.4063415527344,179.91073608398438
239.42210388183594,116.49507904052734,267.077392578125,180.1674346923828
239.57040405273438,118.21978759765625,267.57611083984375,179.78927612304688
239.75865173339844,117.7309799194336,267.78253173828125,179.62384033203125
236.29759216308594,120.5638198852539,262.294677734375,179.4710693359375
234.25746154785156,119.03199005126953,263.264404296875,179.7806396484375
233.92723083496094,123.28044128417969,261.7111511230469,178.84002685546875
233.70919799804688,121.01893615722656,260.8395080566406,179.143310546875
234.3574676513672,122.9822769165039,259.77471923828125,179.7268524169922
232.76893615722656,119.91860961914062,260.15716552734375,177.7174072265625
231.98681640625,120.88583374023438,257.8908386230469,176.53253173828125
229.62991333007812,116.36351776123047,259.0250549316406,177.58370971679688
228.38490295410156,117.12844848632812,258.2184753417969,177.53268432617188
228.4667205810547,117.05098724365234,256.9757385253906,177.4119873046875
226.76800537109375,117.37854766845703,257.4113464355469,177.1085662841797
225.62057495117188,116.67910766601562,254.80459594726562,174.40158081054688
225.80931091308594,119.92957305908203,252.6083221435547,171.6716766357422
224.83030700683594,119.86282348632812,251.5034942626953,172.2205352783203
219.80355834960938,114.77033233642578,245.7244873046875,166.24093627929688
219.1392059326172,112.85965728759766,245.61495971679688,166.01190185546875
217.6180877685547,113.27688598632812,243.67637634277344,168.47267150878906
216.3890838623047,114.50598907470703,243.02227783203125,177.49273681640625
215.05152893066406,111.24304962158203,241.00811767578125,170.7318115234375
213.37681579589844,112.87284088134766,240.25726318359375,170.4002685546875
210.28775024414062,116.29241943359375,238.65914916992188,175.6705322265625
210.61566162109375,117.29828643798828,236.46461486816406,174.67633056640625
201.5050048828125,117.91707611083984,231.06654357910156,177.28118896484375
204.1431427001953,118.78524780273438,228.4271697998047,176.5318603515625
199.78326416015625,117.50640869140625,227.31076049804688,177.9622039794922
197.2584228515625,117.43130493164062,224.49559020996094,178.79676818847656
195.1041717529297,115.599365234375,222.2125701904297,180.2056427001953
187.8625030517578,117.60238647460938,215.49095153808594,177.97975158691406
184.9237060546875,118.69963836669922,213.7694854736328,178.1792755126953
182.5498504638672,123.47039031982422,210.90476989746094,179.1645050048828
175.27871704101562,118.00215911865234,203.70240783691406,178.01751708984375
175.2896270751953,116.31359100341797,202.0774688720703,177.8563995361328
171.70826721191406,115.36524200439453,198.84149169921875,181.40274047851562
167.37875366210938,107.54891204833984,197.0869140625,174.01841735839844
165.80140686035156,115.38583374023438,194.35377502441406,180.0449676513672
161.20545959472656,119.57929229736328,189.0088653564453,176.71458435058594
160.45960998535156,118.09412384033203,188.15281677246094,177.5267791748047
155.83375549316406,120.33795166015625,186.83326721191406,175.37513732910156
155.68148803710938,109.0323715209961,185.98626708984375,172.22122192382812
159.7089385986328,110.18462371826172,183.7591094970703,168.45489501953125
149.2406768798828,120.19847869873047,185.08815002441406,180.24343872070312
147.06605529785156,122.84070587158203,182.22706604003906,179.78977966308594
147.54432678222656,121.93712615966797,181.88070678710938,178.94602966308594
141.94610595703125,119.9137954711914,175.26895141601562,180.0492401123047
140.82003784179688,118.07115173339844,172.49778747558594,180.8169403076172
138.78460693359375,123.5954818725586,171.04164123535156,179.78240966796875
135.1500701904297,125.12244415283203,170.05007934570312,183.36891174316406
135.37579345703125,124.9433364868164,168.1746368408203,181.98037719726562
133.28451538085938,123.64517211914062,167.51370239257812,183.18255615234375
131.03176879882812,121.37875366210938,159.85150146484375,181.68850708007812
129.0388946533203,124.90461730957031,158.19760131835938,180.146240234375
124.58206939697266,121.18814086914062,156.25930786132812,182.03762817382812
124.09783935546875,120.74591064453125,154.0255889892578,183.95724487304688
123.59028625488281,118.32530212402344,151.34378051757812,181.72314453125
121.73797607421875,116.20089721679688,149.4007568359375,185.45115661621094
115.44962310791016,118.09571075439453,144.29771423339844,183.100341796875
113.538330078125,119.28754425048828,139.54925537109375,182.58242797851562
109.33895874023438,115.86431884765625,134.59083557128906,182.1432342529297
107.60789489746094,115.06539154052734,133.29147338867188,182.3883056640625
98.99710845947266,117.95784759521484,126.7936019897461,183.21026611328125
95.28509521484375,115.8763198852539,122.26332092285156,181.91925048828125
92.0617904663086,117.76830291748047,120.89098358154297,182.51788330078125
88.03455352783203,119.58313751220703,112.86165618896484,180.3927459716797
83.84980773925781,121.78837585449219,111.02725219726562,182.6562957763672
80.77540588378906,121.11447143554688,107.03175354003906,181.4912109375
78.40020751953125,121.32039642333984,105.93756866455078,182.59632873535156
72.13080596923828,123.5368881225586,98.03475952148438,180.6831512451172
67.9964370727539,123.35601043701172,94.29173278808594,182.5749053955078
65.56558227539062,121.6236343383789,90.89082336425781,184.0741729736328
59.82133102416992,124.92574310302734,83.1285171508789,183.48797607421875
56.049560546875,124.90567016601562,81.9677734375,180.9375457763672
52.015323638916016,122.62275695800781,78.42362213134766,186.00668334960938
51.41830062866211,117.98455047607422,75.82821655273438,183.47903442382812
41.613094329833984,126.2420883178711,67.20750427246094,183.75762939453125
39.375492095947266,122.96465301513672,62.45027160644531,183.7481689453125
32.944091796875,122.69749450683594,53.66559600830078,186.56045532226562
29.071081161499023,123.31211853027344,51.57334899902344,186.18524169921875
21.61494255065918,122.33529663085938,47.840423583984375,189.39352416992188
16.958276748657227,123.272216796875,39.3243293762207,185.53421020507812
13.317866325378418,125.66019439697266,36.68946838378906,184.50259399414062
9.589079856872559,123.41533660888672,33.362125396728516,188.2672882080078
6.871438503265381,125.1637954711914,30.729557037353516,187.06549072265625
1.9732025861740112,126.40277099609375,24.605552673339844,185.58592224121094
82.79386138916016,119.68047332763672,107.54016876220703,164.51365661621094
