1
527.00,73.00,584.00,73.00,584.00,111.00,527.00,111.00
523.00,76.00,580.00,76.00,580.00,113.00,523.00,113.00
518.00,77.00,579.00,77.00,579.00,115.00,518.00,115.00
513.00,78.00,574.00,78.00,574.00,116.00,513.00,116.00
507.00,80.00,568.00,80.00,568.00,118.00,507.00,118.00
503.00,82.00,563.00,82.00,563.00,121.00,503.00,121.00
497.00,82.00,561.00,82.00,561.00,122.00,497.00,122.00
493.00,85.00,556.00,85.00,556.00,123.00,493.00,123.00
489.00,86.00,552.00,86.00,552.00,125.00,489.00,125.00
484.00,86.00,549.00,86.00,549.00,128.00,484.00,128.00
480.00,88.00,545.00,88.00,545.00,129.00,480.00,129.00
476.00,89.00,541.00,89.00,541.00,131.00,476.00,131.00
473.00,91.00,537.00,91.00,537.00,133.00,473.00,133.00
468.00,93.00,531.00,93.00,531.00,136.00,468.00,136.00
463.00,94.00,527.00,94.00,527.00,137.00,463.00,137.00
461.00,95.00,524.00,95.00,524.00,138.00,461.00,138.00
454.00,98.00,519.00,98.00,519.00,141.00,454.00,141.00
450.00,100.00,517.00,100.00,517.00,143.00,450.00,143.00
446.00,103.00,512.00,103.00,512.00,146.00,446.00,146.00
445.00,102.00,514.00,102.00,514.00,148.00,445.00,148.00
440.00,105.00,508.00,105.00,508.00,151.00,440.00,151.00
433.00,111.00,499.00,111.00,499.00,154.00,433.00,154.00
431.00,113.00,497.00,113.00,497.00,156.00,431.00,156.00
430.00,116.00,501.00,116.00,501.00,158.00,430.00,158.00
427.00,117.00,499.00,117.00,499.00,161.00,427.00,161.00
425.00,118.00,499.00,118.00,499.00,164.00,425.00,164.00
424.00,122.00,497.00,122.00,497.00,168.00,424.00,168.00
424.00,123.00,496.00,123.00,496.00,169.00,424.00,169.00
423.00,127.00,496.00,127.00,496.00,171.00,423.00,171.00
425.00,133.00,496.00,133.00,496.00,176.00,425.00,176.00
420.00,136.00,492.00,136.00,492.00,181.00,420.00,181.00
419.00,139.00,491.00,139.00,491.00,186.00,419.00,186.00
422.00,141.00,496.00,141.00,496.00,186.00,422.00,186.00
432.00,138.00,506.00,138.00,506.00,185.00,432.00,185.00
420.00,146.00,496.00,146.00,496.00,194.00,420.00,194.00
414.00,153.00,488.00,153.00,488.00,201.00,414.00,201.00
416.00,155.00,493.00,155.00,493.00,205.00,416.00,205.00
413.00,161.00,488.00,161.00,488.00,210.00,413.00,210.00
418.00,160.00,499.00,160.00,499.00,212.00,418.00,212.00
421.00,162.00,506.00,162.00,506.00,212.00,421.00,212.00
421.00,166.00,507.00,166.00,507.00,216.00,421.00,216.00
425.00,171.00,510.00,171.00,510.00,220.00,425.00,220.00
411.00,177.00,497.00,177.00,497.00,232.00,411.00,232.00
415.00,180.00,502.00,180.00,502.00,236.00,415.00,236.00
416.00,182.00,512.00,182.00,512.00,237.00,416.00,237.00
417.00,183.00,513.00,183.00,513.00,240.00,417.00,240.00
419.00,187.00,515.00,187.00,515.00,244.00,419.00,244.00
419.00,191.00,517.00,191.00,517.00,248.00,419.00,248.00
409.00,196.00,508.00,196.00,508.00,256.00,409.00,256.00
408.00,200.00,508.00,200.00,508.00,259.00,408.00,259.00
404.00,202.00,504.00,202.00,504.00,264.00,404.00,264.00
401.00,208.00,497.00,208.00,497.00,270.00,401.00,270.00
395.00,212.00,491.00,212.00,491.00,274.00,395.00,274.00
392.00,218.00,488.00,218.00,488.00,279.00,392.00,279.00
388.00,220.00,487.00,220.00,487.00,282.00,388.00,282.00
386.00,222.00,481.00,222.00,481.00,287.00,386.00,287.00
379.00,231.00,470.00,231.00,470.00,292.00,379.00,292.00
379.00,229.00,472.00,229.00,472.00,292.00,379.00,292.00
378.00,232.00,472.00,232.00,472.00,295.00,378.00,295.00
374.00,239.00,466.00,239.00,466.00,303.00,374.00,303.00
371.00,242.00,464.00,242.00,464.00,304.00,371.00,304.00
366.00,244.00,462.00,244.00,462.00,305.00,366.00,305.00
363.00,247.00,461.00,247.00,461.00,309.00,363.00,309.00
358.00,251.00,451.00,251.00,451.00,310.00,358.00,310.00
357.00,253.00,451.00,253.00,451.00,312.00,357.00,312.00
356.00,256.00,450.00,256.00,450.00,314.00,356.00,314.00
353.00,259.00,445.00,259.00,445.00,317.00,353.00,317.00
354.00,264.00,445.00,264.00,445.00,320.00,354.00,320.00
349.00,266.00,442.00,266.00,442.00,321.00,349.00,321.00
343.00,263.00,435.00,263.00,435.00,318.00,343.00,318.00
341.00,265.00,431.00,265.00,431.00,320.00,341.00,320.00
336.00,264.00,426.00,264.00,426.00,318.00,336.00,318.00
332.00,266.00,422.00,266.00,422.00,320.00,332.00,320.00
330.00,266.00,419.00,266.00,419.00,319.00,330.00,319.00
329.00,269.00,420.00,269.00,420.00,320.00,329.00,320.00
322.00,268.00,414.00,268.00,414.00,318.00,322.00,318.00
316.00,268.00,412.00,268.00,412.00,319.00,316.00,319.00
311.00,265.00,402.00,265.00,402.00,317.00,311.00,317.00
306.00,264.00,399.00,264.00,399.00,315.00,306.00,315.00
303.00,265.00,395.00,265.00,395.00,315.00,303.00,315.00
298.00,261.00,389.00,261.00,389.00,312.00,298.00,312.00
295.00,262.00,386.00,262.00,386.00,311.00,295.00,311.00
292.00,262.00,382.00,262.00,382.00,310.00,292.00,310.00
285.00,259.00,376.00,259.00,376.00,308.00,285.00,308.00
284.00,259.00,372.00,259.00,372.00,306.00,284.00,306.00
277.00,255.00,365.00,255.00,365.00,304.00,277.00,304.00
274.00,257.00,360.00,257.00,360.00,304.00,274.00,304.00
271.00,257.00,357.00,257.00,357.00,301.00,271.00,301.00
268.00,254.00,353.00,254.00,353.00,300.00,268.00,300.00
263.00,253.00,347.00,253.00,347.00,299.00,263.00,299.00
260.00,251.00,344.00,251.00,344.00,298.00,260.00,298.00
261.00,249.00,344.00,249.00,344.00,295.00,261.00,295.00
255.00,246.00,338.00,246.00,338.00,293.00,255.00,293.00
254.00,244.00,336.00,244.00,336.00,291.00,254.00,291.00
253.00,244.00,334.00,244.00,334.00,289.00,253.00,289.00
255.00,243.00,336.00,243.00,336.00,288.00,255.00,288.00
252.00,241.00,330.00,241.00,330.00,286.00,252.00,286.00
257.00,239.00,336.00,239.00,336.00,284.00,257.00,284.00
268.00,237.00,347.00,237.00,347.00,284.00,268.00,284.00
259.00,231.00,342.00,231.00,342.00,279.00,259.00,279.00
255.00,229.00,334.00,229.00,334.00,276.00,255.00,276.00
260.00,226.00,339.00,226.00,339.00,274.00,260.00,274.00
267.00,225.00,347.00,225.00,347.00,273.00,267.00,273.00
272.00,223.00,353.00,223.00,353.00,272.00,272.00,272.00
295.00,225.00,379.00,225.00,379.00,275.00,295.00,275.00
293.00,222.00,380.00,222.00,380.00,274.00,293.00,274.00
297.00,222.00,382.00,222.00,382.00,273.00,297.00,273.00
295.00,216.00,383.00,216.00,383.00,268.00,295.00,268.00
296.00,213.00,386.00,213.00,386.00,267.00,296.00,267.00
296.00,212.00,386.00,212.00,386.00,266.00,296.00,266.00
298.00,209.00,389.00,209.00,389.00,263.00,298.00,263.00
301.00,208.00,392.00,208.00,392.00,262.00,301.00,262.00
305.00,206.00,396.00,206.00,396.00,260.00,305.00,260.00
306.00,202.00,400.00,202.00,400.00,254.00,306.00,254.00
310.00,202.00,400.00,202.00,400.00,254.00,310.00,254.00
313.00,201.00,403.00,201.00,403.00,251.00,313.00,251.00
316.00,200.00,402.00,200.00,402.00,251.00,316.00,251.00
314.00,197.00,402.00,197.00,402.00,248.00,314.00,248.00
318.00,196.00,407.00,196.00,407.00,245.00,318.00,245.00
320.00,196.00,410.00,196.00,410.00,247.00,320.00,247.00
322.00,192.00,412.00,192.00,412.00,242.00,322.00,242.00
328.00,193.00,416.00,193.00,416.00,242.00,328.00,242.00
330.00,193.00,417.00,193.00,417.00,240.00,330.00,240.00
332.00,191.00,419.00,191.00,419.00,239.00,332.00,239.00
335.00,188.00,420.00,188.00,420.00,237.00,335.00,237.00
337.00,187.00,422.00,187.00,422.00,236.00,337.00,236.00
340.00,186.00,426.00,186.00,426.00,234.00,340.00,234.00
342.00,187.00,429.00,187.00,429.00,235.00,342.00,235.00
341.00,184.00,429.00,184.00,429.00,233.00,341.00,233.00
344.00,185.00,432.00,185.00,432.00,234.00,344.00,234.00
343.00,183.00,432.00,183.00,432.00,230.00,343.00,230.00
347.00,185.00,435.00,185.00,435.00,233.00,347.00,233.00
349.00,185.00,436.00,185.00,436.00,231.00,349.00,231.00
349.00,183.00,434.00,183.00,434.00,230.00,349.00,230.00
349.00,183.00,435.00,183.00,435.00,231.00,349.00,231.00
347.00,181.00,436.00,181.00,436.00,231.00,347.00,231.00
352.00,182.00,438.00,182.00,438.00,230.00,352.00,230.00
351.00,182.00,438.00,182.00,438.00,230.00,351.00,230.00
354.00,179.00,439.00,179.00,439.00,228.00,354.00,228.00
358.00,181.00,441.00,181.00,441.00,229.00,358.00,229.00
362.00,179.00,443.00,179.00,443.00,228.00,362.00,228.00
359.00,180.00,442.00,180.00,442.00,229.00,359.00,229.00
359.00,179.00,442.00,179.00,442.00,226.00,359.00,226.00
362.00,180.00,444.00,180.00,444.00,228.00,362.00,228.00
367.00,179.00,445.00,179.00,445.00,226.00,367.00,226.00
367.00,178.00,445.00,178.00,445.00,225.00,367.00,225.00
366.00,179.00,448.00,179.00,448.00,226.00,366.00,226.00
368.00,178.00,447.00,178.00,447.00,224.00,368.00,224.00
367.00,177.00,447.00,177.00,447.00,222.00,367.00,222.00
366.00,177.00,447.00,177.00,447.00,222.00,366.00,222.00
365.00,174.00,446.00,174.00,446.00,221.00,365.00,221.00
364.00,173.00,445.00,173.00,445.00,219.00,364.00,219.00
361.00,170.00,443.00,170.00,443.00,217.00,361.00,217.00
359.00,168.00,440.00,168.00,440.00,214.00,359.00,214.00
358.00,166.00,436.00,166.00,436.00,211.00,358.00,211.00
