1
527.00,73.00,584.00,73.00,584.00,111.00,527.00,111.00
525.00,76.00,580.00,76.00,580.00,113.00,525.00,113.00
520.00,77.00,576.00,77.00,576.00,114.00,520.00,114.00
515.00,78.00,572.00,78.00,572.00,116.00,515.00,116.00
509.00,80.00,566.00,80.00,566.00,118.00,509.00,118.00
505.00,81.00,563.00,81.00,563.00,120.00,505.00,120.00
498.00,83.00,558.00,83.00,558.00,122.00,498.00,122.00
495.00,84.00,555.00,84.00,555.00,124.00,495.00,124.00
490.00,85.00,549.00,85.00,549.00,124.00,490.00,124.00
486.00,85.00,546.00,85.00,546.00,126.00,486.00,126.00
483.00,88.00,542.00,88.00,542.00,130.00,483.00,130.00
477.00,90.00,538.00,90.00,538.00,132.00,477.00,132.00
476.00,91.00,536.00,91.00,536.00,132.00,476.00,132.00
468.00,95.00,529.00,95.00,529.00,135.00,468.00,135.00
465.00,95.00,526.00,95.00,526.00,136.00,465.00,136.00
462.00,96.00,524.00,96.00,524.00,137.00,462.00,137.00
456.00,99.00,517.00,99.00,517.00,141.00,456.00,141.00
452.00,100.00,514.00,100.00,514.00,143.00,452.00,143.00
447.00,102.00,509.00,102.00,509.00,145.00,447.00,145.00
446.00,103.00,510.00,103.00,510.00,149.00,446.00,149.00
439.00,106.00,506.00,106.00,506.00,151.00,439.00,151.00
435.00,110.00,498.00,110.00,498.00,154.00,435.00,154.00
432.00,112.00,497.00,112.00,497.00,156.00,432.00,156.00
432.00,114.00,498.00,114.00,498.00,159.00,432.00,159.00
428.00,116.00,496.00,116.00,496.00,163.00,428.00,163.00
427.00,119.00,496.00,119.00,496.00,165.00,427.00,165.00
424.00,121.00,493.00,121.00,493.00,168.00,424.00,168.00
426.00,122.00,492.00,122.00,492.00,169.00,426.00,169.00
426.00,126.00,494.00,126.00,494.00,171.00,426.00,171.00
422.00,131.00,494.00,131.00,494.00,177.00,422.00,177.00
423.00,132.00,495.00,132.00,495.00,180.00,423.00,180.00
423.00,136.00,496.00,136.00,496.00,185.00,423.00,185.00
423.00,137.00,497.00,137.00,497.00,188.00,423.00,188.00
432.00,135.00,507.00,135.00,507.00,186.00,432.00,186.00
420.00,144.00,492.00,144.00,492.00,196.00,420.00,196.00
414.00,153.00,487.00,153.00,487.00,199.00,414.00,199.00
422.00,153.00,493.00,153.00,493.00,204.00,422.00,204.00
420.00,156.00,495.00,156.00,495.00,208.00,420.00,208.00
421.00,160.00,495.00,160.00,495.00,211.00,421.00,211.00
426.00,160.00,500.00,160.00,500.00,211.00,426.00,211.00
423.00,167.00,499.00,167.00,499.00,217.00,423.00,217.00
424.00,171.00,502.00,171.00,502.00,222.00,424.00,222.00
418.00,175.00,498.00,175.00,498.00,228.00,418.00,228.00
420.00,178.00,500.00,178.00,500.00,234.00,420.00,234.00
421.00,180.00,507.00,180.00,507.00,236.00,421.00,236.00
424.00,183.00,505.00,183.00,505.00,240.00,424.00,240.00
424.00,187.00,505.00,187.00,505.00,243.00,424.00,243.00
424.00,191.00,509.00,191.00,509.00,251.00,424.00,251.00
414.00,196.00,504.00,196.00,504.00,257.00,414.00,257.00
416.00,199.00,503.00,199.00,503.00,260.00,416.00,260.00
412.00,203.00,500.00,203.00,500.00,264.00,412.00,264.00
405.00,209.00,492.00,209.00,492.00,269.00,405.00,269.00
402.00,214.00,485.00,214.00,485.00,274.00,402.00,274.00
399.00,217.00,485.00,217.00,485.00,278.00,399.00,278.00
394.00,221.00,481.00,221.00,481.00,283.00,394.00,283.00
381.00,229.00,464.00,229.00,464.00,293.00,381.00,293.00
383.00,229.00,469.00,229.00,469.00,294.00,383.00,294.00
378.00,231.00,466.00,231.00,466.00,297.00,378.00,297.00
380.00,234.00,466.00,234.00,466.00,298.00,380.00,298.00
377.00,236.00,465.00,236.00,465.00,302.00,377.00,302.00
375.00,236.00,463.00,236.00,463.00,301.00,375.00,301.00
370.00,241.00,459.00,241.00,459.00,307.00,370.00,307.00
367.00,245.00,460.00,245.00,460.00,311.00,367.00,311.00
364.00,247.00,456.00,247.00,456.00,313.00,364.00,313.00
359.00,249.00,452.00,249.00,452.00,315.00,359.00,315.00
357.00,254.00,450.00,254.00,450.00,320.00,357.00,320.00
355.00,254.00,446.00,254.00,446.00,320.00,355.00,320.00
353.00,259.00,446.00,259.00,446.00,324.00,353.00,324.00
352.00,261.00,443.00,261.00,443.00,323.00,352.00,323.00
348.00,265.00,436.00,265.00,436.00,325.00,348.00,325.00
342.00,264.00,428.00,264.00,428.00,322.00,342.00,322.00
340.00,265.00,426.00,265.00,426.00,323.00,340.00,323.00
335.00,263.00,420.00,263.00,420.00,323.00,335.00,323.00
331.00,261.00,416.00,261.00,416.00,322.00,331.00,322.00
327.00,259.00,415.00,259.00,415.00,320.00,327.00,320.00
325.00,262.00,413.00,262.00,413.00,322.00,325.00,322.00
319.00,263.00,405.00,263.00,405.00,321.00,319.00,321.00
313.00,260.00,401.00,260.00,401.00,317.00,313.00,317.00
308.00,260.00,395.00,260.00,395.00,316.00,308.00,316.00
307.00,258.00,395.00,258.00,395.00,315.00,307.00,315.00
302.00,258.00,387.00,258.00,387.00,313.00,302.00,313.00
297.00,256.00,381.00,256.00,381.00,311.00,297.00,311.00
291.00,253.00,375.00,253.00,375.00,311.00,291.00,311.00
286.00,252.00,371.00,252.00,371.00,309.00,286.00,309.00
283.00,251.00,367.00,251.00,367.00,307.00,283.00,307.00
280.00,252.00,363.00,252.00,363.00,306.00,280.00,306.00
276.00,249.00,360.00,249.00,360.00,304.00,276.00,304.00
275.00,249.00,358.00,249.00,358.00,303.00,275.00,303.00
271.00,249.00,352.00,249.00,352.00,301.00,271.00,301.00
266.00,248.00,349.00,248.00,349.00,301.00,266.00,301.00
264.00,245.00,347.00,245.00,347.00,298.00,264.00,298.00
262.00,245.00,343.00,245.00,343.00,297.00,262.00,297.00
259.00,243.00,341.00,243.00,341.00,295.00,259.00,295.00
257.00,241.00,339.00,241.00,339.00,293.00,257.00,293.00
257.00,240.00,338.00,240.00,338.00,291.00,257.00,291.00
257.00,238.00,339.00,238.00,339.00,289.00,257.00,289.00
270.00,238.00,355.00,238.00,355.00,291.00,270.00,291.00
300.00,243.00,388.00,243.00,388.00,298.00,300.00,298.00
295.00,239.00,384.00,239.00,384.00,294.00,295.00,294.00
285.00,235.00,375.00,235.00,375.00,289.00,285.00,289.00
290.00,234.00,384.00,234.00,384.00,289.00,290.00,289.00
289.00,231.00,381.00,231.00,381.00,286.00,289.00,286.00
288.00,228.00,381.00,228.00,381.00,283.00,288.00,283.00
286.00,225.00,381.00,225.00,381.00,281.00,286.00,281.00
283.00,221.00,380.00,221.00,380.00,277.00,283.00,277.00
289.00,219.00,385.00,219.00,385.00,277.00,289.00,277.00
289.00,218.00,385.00,218.00,385.00,275.00,289.00,275.00
292.00,216.00,386.00,216.00,386.00,274.00,292.00,274.00
294.00,212.00,387.00,212.00,387.00,269.00,294.00,269.00
298.00,210.00,390.00,210.00,390.00,267.00,298.00,267.00
296.00,208.00,388.00,208.00,388.00,266.00,296.00,266.00
297.00,205.00,389.00,205.00,389.00,263.00,297.00,263.00
304.00,204.00,397.00,204.00,397.00,262.00,304.00,262.00
306.00,201.00,396.00,201.00,396.00,257.00,306.00,257.00
311.00,201.00,400.00,201.00,400.00,258.00,311.00,258.00
312.00,197.00,400.00,197.00,400.00,253.00,312.00,253.00
316.00,198.00,403.00,198.00,403.00,255.00,316.00,255.00
316.00,194.00,405.00,194.00,405.00,252.00,316.00,252.00
318.00,193.00,405.00,193.00,405.00,252.00,318.00,252.00
321.00,191.00,409.00,191.00,409.00,250.00,321.00,250.00
324.00,189.00,412.00,189.00,412.00,249.00,324.00,249.00
326.00,188.00,413.00,188.00,413.00,248.00,326.00,248.00
330.00,188.00,417.00,188.00,417.00,247.00,330.00,247.00
330.00,186.00,418.00,186.00,418.00,245.00,330.00,245.00
331.00,185.00,421.00,185.00,421.00,245.00,331.00,245.00
337.00,184.00,422.00,184.00,422.00,241.00,337.00,241.00
340.00,181.00,424.00,181.00,424.00,238.00,340.00,238.00
342.00,182.00,426.00,182.00,426.00,238.00,342.00,238.00
342.00,182.00,428.00,182.00,428.00,239.00,342.00,239.00
346.00,181.00,430.00,181.00,430.00,238.00,346.00,238.00
347.00,180.00,432.00,180.00,432.00,238.00,347.00,238.00
347.00,179.00,431.00,179.00,431.00,237.00,347.00,237.00
351.00,180.00,433.00,180.00,433.00,235.00,351.00,235.00
349.00,178.00,433.00,178.00,433.00,233.00,349.00,233.00
352.00,177.00,434.00,177.00,434.00,233.00,352.00,233.00
351.00,176.00,433.00,176.00,433.00,232.00,351.00,232.00
353.00,176.00,434.00,176.00,434.00,231.00,353.00,231.00
355.00,177.00,435.00,177.00,435.00,229.00,355.00,229.00
358.00,177.00,436.00,177.00,436.00,228.00,358.00,228.00
362.00,179.00,438.00,179.00,438.00,229.00,362.00,229.00
365.00,180.00,441.00,180.00,441.00,231.00,365.00,231.00
366.00,180.00,439.00,180.00,439.00,229.00,366.00,229.00
368.00,179.00,440.00,179.00,440.00,225.00,368.00,225.00
369.00,180.00,442.00,180.00,442.00,228.00,369.00,228.00
369.00,179.00,440.00,179.00,440.00,226.00,369.00,226.00
372.00,177.00,442.00,177.00,442.00,224.00,372.00,224.00
370.00,178.00,442.00,178.00,442.00,225.00,370.00,225.00
371.00,178.00,441.00,178.00,441.00,226.00,371.00,226.00
372.00,176.00,442.00,176.00,442.00,223.00,372.00,223.00
371.00,175.00,443.00,175.00,443.00,223.00,371.00,223.00
370.00,175.00,442.00,175.00,442.00,223.00,370.00,223.00
366.00,170.00,439.00,170.00,439.00,217.00,366.00,217.00
367.00,170.00,436.00,170.00,436.00,217.00,367.00,217.00
364.00,168.00,434.00,168.00,434.00,214.00,364.00,214.00
363.00,167.00,432.00,167.00,432.00,212.00,363.00,212.00
