1
526.00,73.00,584.00,73.00,584.00,111.00,526.00,111.00
523.00,75.00,581.00,75.00,581.00,113.00,523.00,113.00
518.00,77.00,578.00,77.00,578.00,115.00,518.00,115.00
512.00,79.00,574.00,79.00,574.00,116.00,512.00,116.00
507.00,81.00,569.00,81.00,569.00,118.00,507.00,118.00
503.00,82.00,565.00,82.00,565.00,119.00,503.00,119.00
498.00,83.00,560.00,83.00,560.00,122.00,498.00,122.00
493.00,84.00,554.00,84.00,554.00,123.00,493.00,123.00
488.00,85.00,552.00,85.00,552.00,125.00,488.00,125.00
483.00,85.00,549.00,85.00,549.00,127.00,483.00,127.00
479.00,87.00,546.00,87.00,546.00,129.00,479.00,129.00
473.00,90.00,541.00,90.00,541.00,132.00,473.00,132.00
470.00,92.00,538.00,92.00,538.00,133.00,470.00,133.00
466.00,94.00,533.00,94.00,533.00,134.00,466.00,134.00
460.00,95.00,530.00,95.00,530.00,135.00,460.00,135.00
459.00,97.00,526.00,97.00,526.00,137.00,459.00,137.00
452.00,100.00,520.00,100.00,520.00,139.00,452.00,139.00
448.00,101.00,518.00,101.00,518.00,142.00,448.00,142.00
444.00,103.00,515.00,103.00,515.00,145.00,444.00,145.00
441.00,106.00,513.00,106.00,513.00,146.00,441.00,146.00
435.00,109.00,509.00,109.00,509.00,149.00,435.00,149.00
431.00,112.00,501.00,112.00,501.00,153.00,431.00,153.00
428.00,113.00,500.00,113.00,500.00,154.00,428.00,154.00
426.00,117.00,501.00,117.00,501.00,157.00,426.00,157.00
426.00,118.00,500.00,118.00,500.00,161.00,426.00,161.00
423.00,119.00,498.00,119.00,498.00,164.00,423.00,164.00
421.00,125.00,495.00,125.00,495.00,166.00,421.00,166.00
420.00,126.00,494.00,126.00,494.00,169.00,420.00,169.00
421.00,129.00,495.00,129.00,495.00,171.00,421.00,171.00
419.00,134.00,494.00,134.00,494.00,175.00,419.00,175.00
418.00,136.00,495.00,136.00,495.00,179.00,418.00,179.00
416.00,139.00,498.00,139.00,498.00,183.00,416.00,183.00
420.00,138.00,502.00,138.00,502.00,184.00,420.00,184.00
424.00,137.00,504.00,137.00,504.00,186.00,424.00,186.00
412.00,146.00,494.00,146.00,494.00,196.00,412.00,196.00
409.00,153.00,493.00,153.00,493.00,198.00,409.00,198.00
411.00,154.00,500.00,154.00,500.00,202.00,411.00,202.00
412.00,156.00,500.00,156.00,500.00,205.00,412.00,205.00
414.00,159.00,502.00,159.00,502.00,209.00,414.00,209.00
414.00,163.00,506.00,163.00,506.00,213.00,414.00,213.00
415.00,165.00,510.00,165.00,510.00,215.00,415.00,215.00
419.00,170.00,514.00,170.00,514.00,218.00,419.00,218.00
408.00,177.00,500.00,177.00,500.00,228.00,408.00,228.00
414.00,181.00,507.00,181.00,507.00,231.00,414.00,231.00
413.00,184.00,510.00,184.00,510.00,235.00,413.00,235.00
417.00,184.00,514.00,184.00,514.00,236.00,417.00,236.00
416.00,188.00,514.00,188.00,514.00,241.00,416.00,241.00
413.00,193.00,516.00,193.00,516.00,247.00,413.00,247.00
404.00,199.00,505.00,199.00,505.00,255.00,404.00,255.00
405.00,202.00,513.00,202.00,513.00,256.00,405.00,256.00
403.00,204.00,509.00,204.00,509.00,261.00,403.00,261.00
399.00,210.00,503.00,210.00,503.00,266.00,399.00,266.00
395.00,213.00,495.00,213.00,495.00,271.00,395.00,271.00
388.00,221.00,489.00,221.00,489.00,276.00,388.00,276.00
387.00,223.00,490.00,223.00,490.00,278.00,387.00,278.00
381.00,229.00,479.00,229.00,479.00,286.00,381.00,286.00
376.00,237.00,470.00,237.00,470.00,292.00,376.00,292.00
375.00,235.00,473.00,235.00,473.00,291.00,375.00,291.00
376.00,236.00,475.00,236.00,475.00,291.00,376.00,291.00
372.00,239.00,471.00,239.00,471.00,294.00,372.00,294.00
368.00,243.00,468.00,243.00,468.00,298.00,368.00,298.00
364.00,249.00,462.00,249.00,462.00,303.00,364.00,303.00
361.00,251.00,461.00,251.00,461.00,306.00,361.00,306.00
357.00,253.00,458.00,253.00,458.00,309.00,357.00,309.00
354.00,257.00,453.00,257.00,453.00,313.00,354.00,313.00
351.00,258.00,448.00,258.00,448.00,314.00,351.00,314.00
352.00,263.00,451.00,263.00,451.00,318.00,352.00,318.00
346.00,263.00,443.00,263.00,443.00,319.00,346.00,319.00
343.00,265.00,442.00,265.00,442.00,320.00,343.00,320.00
341.00,268.00,437.00,268.00,437.00,323.00,341.00,323.00
339.00,267.00,433.00,267.00,433.00,322.00,339.00,322.00
335.00,265.00,428.00,265.00,428.00,322.00,335.00,322.00
330.00,264.00,423.00,264.00,423.00,321.00,330.00,321.00
324.00,260.00,416.00,260.00,416.00,318.00,324.00,318.00
327.00,266.00,417.00,266.00,417.00,321.00,327.00,321.00
322.00,266.00,413.00,266.00,413.00,321.00,322.00,321.00
316.00,264.00,407.00,264.00,407.00,319.00,316.00,319.00
310.00,263.00,399.00,263.00,399.00,317.00,310.00,317.00
306.00,261.00,396.00,261.00,396.00,316.00,306.00,316.00
301.00,261.00,390.00,261.00,390.00,314.00,301.00,314.00
297.00,258.00,384.00,258.00,384.00,312.00,297.00,312.00
292.00,256.00,377.00,256.00,377.00,310.00,292.00,310.00
290.00,257.00,374.00,257.00,374.00,310.00,290.00,310.00
285.00,255.00,369.00,255.00,369.00,307.00,285.00,307.00
282.00,257.00,366.00,257.00,366.00,307.00,282.00,307.00
276.00,253.00,358.00,253.00,358.00,304.00,276.00,304.00
275.00,257.00,356.00,257.00,356.00,304.00,275.00,304.00
271.00,252.00,356.00,252.00,356.00,301.00,271.00,301.00
267.00,251.00,351.00,251.00,351.00,301.00,267.00,301.00
264.00,249.00,347.00,249.00,347.00,298.00,264.00,298.00
261.00,247.00,345.00,247.00,345.00,297.00,261.00,297.00
260.00,248.00,342.00,248.00,342.00,295.00,260.00,295.00
255.00,244.00,334.00,244.00,334.00,293.00,255.00,293.00
255.00,244.00,337.00,244.00,337.00,292.00,255.00,292.00
251.00,241.00,333.00,241.00,333.00,289.00,251.00,289.00
250.00,239.00,331.00,239.00,331.00,286.00,250.00,286.00
256.00,239.00,341.00,239.00,341.00,284.00,256.00,284.00
277.00,242.00,368.00,242.00,368.00,291.00,277.00,291.00
293.00,243.00,388.00,243.00,388.00,291.00,293.00,291.00
276.00,236.00,369.00,236.00,369.00,285.00,276.00,285.00
285.00,233.00,381.00,233.00,381.00,283.00,285.00,283.00
287.00,232.00,381.00,232.00,381.00,281.00,287.00,281.00
287.00,231.00,380.00,231.00,380.00,279.00,287.00,279.00
286.00,227.00,381.00,227.00,381.00,277.00,286.00,277.00
285.00,223.00,383.00,223.00,383.00,274.00,285.00,274.00
284.00,221.00,383.00,221.00,383.00,272.00,284.00,272.00
287.00,217.00,384.00,217.00,384.00,269.00,287.00,269.00
287.00,216.00,385.00,216.00,385.00,267.00,287.00,267.00
292.00,213.00,391.00,213.00,391.00,265.00,292.00,265.00
291.00,211.00,390.00,211.00,390.00,264.00,291.00,264.00
293.00,210.00,394.00,210.00,394.00,264.00,293.00,264.00
295.00,208.00,396.00,208.00,396.00,262.00,295.00,262.00
296.00,205.00,396.00,205.00,396.00,258.00,296.00,258.00
302.00,203.00,402.00,203.00,402.00,255.00,302.00,255.00
306.00,201.00,403.00,201.00,403.00,253.00,306.00,253.00
309.00,200.00,406.00,200.00,406.00,252.00,309.00,252.00
311.00,199.00,407.00,199.00,407.00,251.00,311.00,251.00
308.00,197.00,407.00,197.00,407.00,250.00,308.00,250.00
310.00,197.00,410.00,197.00,410.00,250.00,310.00,250.00
317.00,195.00,414.00,195.00,414.00,248.00,317.00,248.00
321.00,192.00,416.00,192.00,416.00,247.00,321.00,247.00
323.00,190.00,417.00,190.00,417.00,245.00,323.00,245.00
323.00,189.00,419.00,189.00,419.00,245.00,323.00,245.00
328.00,188.00,422.00,188.00,422.00,244.00,328.00,244.00
331.00,186.00,424.00,186.00,424.00,242.00,331.00,242.00
333.00,184.00,425.00,184.00,425.00,239.00,333.00,239.00
336.00,184.00,427.00,184.00,427.00,238.00,336.00,238.00
337.00,183.00,426.00,183.00,426.00,236.00,337.00,236.00
339.00,183.00,430.00,183.00,430.00,236.00,339.00,236.00
342.00,183.00,433.00,183.00,433.00,236.00,342.00,236.00
341.00,181.00,433.00,181.00,433.00,233.00,341.00,233.00
344.00,181.00,433.00,181.00,433.00,233.00,344.00,233.00
346.00,181.00,434.00,181.00,434.00,233.00,346.00,233.00
346.00,180.00,435.00,180.00,435.00,230.00,346.00,230.00
348.00,180.00,436.00,180.00,436.00,232.00,348.00,232.00
350.00,179.00,436.00,179.00,436.00,230.00,350.00,230.00
350.00,178.00,437.00,178.00,437.00,231.00,350.00,231.00
355.00,178.00,438.00,178.00,438.00,228.00,355.00,228.00
357.00,179.00,439.00,179.00,439.00,228.00,357.00,228.00
358.00,180.00,439.00,180.00,439.00,229.00,358.00,229.00
360.00,181.00,441.00,181.00,441.00,229.00,360.00,229.00
362.00,179.00,441.00,179.00,441.00,226.00,362.00,226.00
363.00,180.00,442.00,180.00,442.00,228.00,363.00,228.00
363.00,181.00,443.00,181.00,443.00,229.00,363.00,229.00
365.00,181.00,442.00,181.00,442.00,228.00,365.00,228.00
368.00,178.00,443.00,178.00,443.00,223.00,368.00,223.00
366.00,177.00,443.00,177.00,443.00,223.00,366.00,223.00
370.00,176.00,443.00,176.00,443.00,221.00,370.00,221.00
369.00,175.00,444.00,175.00,444.00,221.00,369.00,221.00
368.00,176.00,444.00,176.00,444.00,223.00,368.00,223.00
368.00,173.00,443.00,173.00,443.00,220.00,368.00,220.00
367.00,171.00,440.00,171.00,440.00,217.00,367.00,217.00
364.00,170.00,438.00,170.00,438.00,216.00,364.00,216.00
361.00,167.00,436.00,167.00,436.00,214.00,361.00,214.00
362.00,165.00,432.00,165.00,432.00,209.00,362.00,209.00
