1
527.00,73.00,585.00,73.00,585.00,111.00,527.00,111.00
523.00,75.00,581.00,75.00,581.00,113.00,523.00,113.00
518.00,76.00,578.00,76.00,578.00,114.00,518.00,114.00
514.00,78.00,575.00,78.00,575.00,117.00,514.00,117.00
508.00,80.00,567.00,80.00,567.00,120.00,508.00,120.00
504.00,81.00,564.00,81.00,564.00,122.00,504.00,122.00
497.00,82.00,560.00,82.00,560.00,122.00,497.00,122.00
493.00,83.00,556.00,83.00,556.00,124.00,493.00,124.00
488.00,84.00,552.00,84.00,552.00,126.00,488.00,126.00
483.00,84.00,548.00,84.00,548.00,128.00,483.00,128.00
480.00,86.00,544.00,86.00,544.00,130.00,480.00,130.00
475.00,89.00,540.00,89.00,540.00,133.00,475.00,133.00
472.00,92.00,537.00,92.00,537.00,134.00,472.00,134.00
467.00,94.00,532.00,94.00,532.00,135.00,467.00,135.00
461.00,95.00,529.00,95.00,529.00,137.00,461.00,137.00
459.00,96.00,526.00,96.00,526.00,137.00,459.00,137.00
452.00,99.00,520.00,99.00,520.00,141.00,452.00,141.00
449.00,100.00,517.00,100.00,517.00,143.00,449.00,143.00
446.00,101.00,515.00,101.00,515.00,146.00,446.00,146.00
443.00,103.00,513.00,103.00,513.00,149.00,443.00,149.00
437.00,106.00,508.00,106.00,508.00,151.00,437.00,151.00
432.00,111.00,502.00,111.00,502.00,153.00,432.00,153.00
429.00,112.00,501.00,112.00,501.00,155.00,429.00,155.00
426.00,114.00,501.00,114.00,501.00,159.00,426.00,159.00
427.00,115.00,500.00,115.00,500.00,163.00,427.00,163.00
424.00,118.00,498.00,118.00,498.00,165.00,424.00,165.00
421.00,122.00,494.00,122.00,494.00,170.00,421.00,170.00
423.00,122.00,496.00,122.00,496.00,170.00,423.00,170.00
421.00,127.00,496.00,127.00,496.00,175.00,421.00,175.00
420.00,132.00,494.00,132.00,494.00,179.00,420.00,179.00
417.00,135.00,491.00,135.00,491.00,183.00,417.00,183.00
421.00,136.00,497.00,136.00,497.00,183.00,421.00,183.00
422.00,137.00,502.00,137.00,502.00,187.00,422.00,187.00
424.00,139.00,504.00,139.00,504.00,189.00,424.00,189.00
420.00,141.00,504.00,141.00,504.00,194.00,420.00,194.00
412.00,153.00,490.00,153.00,490.00,202.00,412.00,202.00
415.00,153.00,496.00,153.00,496.00,205.00,415.00,205.00
416.00,158.00,495.00,158.00,495.00,209.00,416.00,209.00
417.00,158.00,499.00,158.00,499.00,212.00,417.00,212.00
417.00,162.00,506.00,162.00,506.00,214.00,417.00,214.00
420.00,167.00,510.00,167.00,510.00,216.00,420.00,216.00
422.00,172.00,513.00,172.00,513.00,222.00,422.00,222.00
416.00,177.00,502.00,177.00,502.00,229.00,416.00,229.00
422.00,178.00,512.00,178.00,512.00,230.00,422.00,230.00
420.00,182.00,513.00,182.00,513.00,235.00,420.00,235.00
421.00,183.00,512.00,183.00,512.00,238.00,421.00,238.00
420.00,187.00,517.00,187.00,517.00,243.00,420.00,243.00
423.00,192.00,518.00,192.00,518.00,248.00,423.00,248.00
410.00,196.00,507.00,196.00,507.00,257.00,410.00,257.00
412.00,200.00,509.00,200.00,509.00,259.00,412.00,259.00
409.00,203.00,506.00,203.00,506.00,265.00,409.00,265.00
402.00,209.00,500.00,209.00,500.00,271.00,402.00,271.00
400.00,213.00,492.00,213.00,492.00,276.00,400.00,276.00
396.00,217.00,493.00,217.00,493.00,279.00,396.00,279.00
390.00,220.00,483.00,220.00,483.00,285.00,390.00,285.00
385.00,227.00,473.00,227.00,473.00,291.00,385.00,291.00
383.00,226.00,475.00,226.00,475.00,293.00,383.00,293.00
382.00,228.00,474.00,228.00,474.00,295.00,382.00,295.00
379.00,234.00,477.00,234.00,477.00,297.00,379.00,297.00
374.00,240.00,471.00,240.00,471.00,305.00,374.00,305.00
371.00,237.00,470.00,237.00,470.00,304.00,371.00,304.00
367.00,245.00,465.00,245.00,465.00,309.00,367.00,309.00
364.00,246.00,463.00,246.00,463.00,312.00,364.00,312.00
359.00,247.00,460.00,247.00,460.00,314.00,359.00,314.00
358.00,253.00,461.00,253.00,461.00,317.00,358.00,317.00
353.00,254.00,456.00,254.00,456.00,319.00,353.00,319.00
353.00,262.00,454.00,262.00,454.00,321.00,353.00,321.00
351.00,267.00,451.00,267.00,451.00,324.00,351.00,324.00
348.00,265.00,450.00,265.00,450.00,323.00,348.00,323.00
344.00,268.00,443.00,268.00,443.00,324.00,344.00,324.00
339.00,268.00,438.00,268.00,438.00,324.00,339.00,324.00
335.00,271.00,429.00,271.00,429.00,324.00,335.00,324.00
334.00,266.00,428.00,266.00,428.00,322.00,334.00,322.00
330.00,267.00,424.00,267.00,424.00,322.00,330.00,322.00
328.00,271.00,422.00,271.00,422.00,322.00,328.00,322.00
324.00,270.00,418.00,270.00,418.00,321.00,324.00,321.00
317.00,268.00,412.00,268.00,412.00,320.00,317.00,320.00
313.00,268.00,407.00,268.00,407.00,318.00,313.00,318.00
308.00,267.00,401.00,267.00,401.00,317.00,308.00,317.00
302.00,266.00,396.00,266.00,396.00,316.00,302.00,316.00
301.00,265.00,390.00,265.00,390.00,314.00,301.00,314.00
295.00,263.00,385.00,263.00,385.00,313.00,295.00,313.00
292.00,262.00,381.00,262.00,381.00,312.00,292.00,312.00
286.00,259.00,377.00,259.00,377.00,311.00,286.00,311.00
281.00,257.00,370.00,257.00,370.00,308.00,281.00,308.00
278.00,257.00,367.00,257.00,367.00,307.00,278.00,307.00
273.00,255.00,360.00,255.00,360.00,305.00,273.00,305.00
275.00,253.00,364.00,253.00,364.00,304.00,275.00,304.00
269.00,250.00,356.00,250.00,356.00,301.00,269.00,301.00
264.00,250.00,352.00,250.00,352.00,300.00,264.00,300.00
263.00,248.00,351.00,248.00,351.00,298.00,263.00,298.00
263.00,247.00,355.00,247.00,355.00,298.00,263.00,298.00
268.00,248.00,357.00,248.00,357.00,298.00,268.00,298.00
280.00,248.00,370.00,248.00,370.00,299.00,280.00,299.00
280.00,246.00,375.00,246.00,375.00,299.00,280.00,299.00
297.00,245.00,399.00,245.00,399.00,301.00,297.00,301.00
293.00,243.00,398.00,243.00,398.00,301.00,293.00,301.00
288.00,240.00,393.00,240.00,393.00,298.00,288.00,298.00
289.00,238.00,393.00,238.00,393.00,296.00,289.00,296.00
283.00,234.00,390.00,234.00,390.00,293.00,283.00,293.00
282.00,231.00,392.00,231.00,392.00,290.00,282.00,290.00
282.00,229.00,390.00,229.00,390.00,287.00,282.00,287.00
278.00,225.00,386.00,225.00,386.00,283.00,278.00,283.00
276.00,222.00,386.00,222.00,386.00,281.00,276.00,281.00
279.00,218.00,389.00,218.00,389.00,278.00,279.00,278.00
282.00,217.00,390.00,217.00,390.00,278.00,282.00,278.00
286.00,215.00,392.00,215.00,392.00,276.00,286.00,276.00
288.00,215.00,390.00,215.00,390.00,276.00,288.00,276.00
288.00,209.00,393.00,209.00,393.00,271.00,288.00,271.00
290.00,207.00,397.00,207.00,397.00,268.00,290.00,268.00
294.00,207.00,397.00,207.00,397.00,269.00,294.00,269.00
295.00,204.00,400.00,204.00,400.00,266.00,295.00,266.00
296.00,201.00,402.00,201.00,402.00,264.00,296.00,264.00
301.00,199.00,408.00,199.00,408.00,261.00,301.00,261.00
304.00,198.00,408.00,198.00,408.00,259.00,304.00,259.00
306.00,196.00,408.00,196.00,408.00,255.00,306.00,255.00
310.00,195.00,411.00,195.00,411.00,255.00,310.00,255.00
311.00,194.00,409.00,194.00,409.00,253.00,311.00,253.00
315.00,193.00,412.00,193.00,412.00,250.00,315.00,250.00
315.00,191.00,415.00,191.00,415.00,248.00,315.00,248.00
318.00,189.00,416.00,189.00,416.00,246.00,318.00,246.00
323.00,190.00,419.00,190.00,419.00,246.00,323.00,246.00
325.00,189.00,423.00,189.00,423.00,245.00,325.00,245.00
323.00,185.00,423.00,185.00,423.00,243.00,323.00,243.00
330.00,184.00,426.00,184.00,426.00,242.00,330.00,242.00
334.00,184.00,429.00,184.00,429.00,242.00,334.00,242.00
334.00,183.00,429.00,183.00,429.00,240.00,334.00,240.00
337.00,182.00,431.00,182.00,431.00,238.00,337.00,238.00
338.00,182.00,432.00,182.00,432.00,238.00,338.00,238.00
341.00,181.00,433.00,181.00,433.00,237.00,341.00,237.00
341.00,180.00,434.00,180.00,434.00,235.00,341.00,235.00
342.00,180.00,435.00,180.00,435.00,234.00,342.00,234.00
344.00,182.00,441.00,182.00,441.00,238.00,344.00,238.00
345.00,180.00,442.00,180.00,442.00,235.00,345.00,235.00
346.00,178.00,440.00,178.00,440.00,232.00,346.00,232.00
347.00,179.00,440.00,179.00,440.00,233.00,347.00,233.00
348.00,178.00,442.00,178.00,442.00,232.00,348.00,232.00
351.00,179.00,443.00,179.00,443.00,233.00,351.00,233.00
351.00,178.00,443.00,178.00,443.00,231.00,351.00,231.00
352.00,181.00,445.00,181.00,445.00,235.00,352.00,235.00
356.00,180.00,448.00,180.00,448.00,233.00,356.00,233.00
356.00,181.00,449.00,181.00,449.00,234.00,356.00,234.00
356.00,180.00,448.00,180.00,448.00,233.00,356.00,233.00
360.00,177.00,449.00,177.00,449.00,229.00,360.00,229.00
359.00,178.00,448.00,178.00,448.00,231.00,359.00,231.00
361.00,178.00,449.00,178.00,449.00,229.00,361.00,229.00
358.00,178.00,448.00,178.00,448.00,229.00,358.00,229.00
363.00,177.00,448.00,177.00,448.00,225.00,363.00,225.00
363.00,179.00,449.00,179.00,449.00,228.00,363.00,228.00
362.00,177.00,447.00,177.00,447.00,226.00,362.00,226.00
362.00,176.00,447.00,176.00,447.00,225.00,362.00,225.00
364.00,173.00,444.00,173.00,444.00,220.00,364.00,220.00
362.00,170.00,441.00,170.00,441.00,218.00,362.00,218.00
360.00,170.00,440.00,170.00,440.00,217.00,360.00,217.00
355.00,165.00,435.00,165.00,435.00,212.00,355.00,212.00
