1
527.00,72.00,584.00,72.00,584.00,111.00,527.00,111.00
524.00,75.00,581.00,75.00,581.00,113.00,524.00,113.00
519.00,77.00,578.00,77.00,578.00,115.00,519.00,115.00
514.00,78.00,574.00,78.00,574.00,116.00,514.00,116.00
508.00,80.00,566.00,80.00,566.00,119.00,508.00,119.00
504.00,82.00,563.00,82.00,563.00,120.00,504.00,120.00
498.00,83.00,558.00,83.00,558.00,122.00,498.00,122.00
494.00,84.00,555.00,84.00,555.00,124.00,494.00,124.00
487.00,84.00,551.00,84.00,551.00,125.00,487.00,125.00
484.00,85.00,548.00,85.00,548.00,127.00,484.00,127.00
481.00,88.00,545.00,88.00,545.00,129.00,481.00,129.00
476.00,89.00,541.00,89.00,541.00,132.00,476.00,132.00
473.00,91.00,537.00,91.00,537.00,133.00,473.00,133.00
466.00,93.00,532.00,93.00,532.00,135.00,466.00,135.00
462.00,95.00,528.00,95.00,528.00,136.00,462.00,136.00
459.00,96.00,524.00,96.00,524.00,137.00,459.00,137.00
454.00,98.00,519.00,98.00,519.00,140.00,454.00,140.00
449.00,99.00,518.00,99.00,518.00,143.00,449.00,143.00
443.00,100.00,515.00,100.00,515.00,147.00,443.00,147.00
442.00,103.00,512.00,103.00,512.00,148.00,442.00,148.00
437.00,106.00,508.00,106.00,508.00,150.00,437.00,150.00
431.00,110.00,499.00,110.00,499.00,155.00,431.00,155.00
429.00,111.00,498.00,111.00,498.00,156.00,429.00,156.00
426.00,113.00,501.00,113.00,501.00,160.00,426.00,160.00
426.00,115.00,499.00,115.00,499.00,162.00,426.00,162.00
425.00,117.00,497.00,117.00,497.00,166.00,425.00,166.00
419.00,121.00,494.00,121.00,494.00,169.00,419.00,169.00
421.00,123.00,495.00,123.00,495.00,171.00,421.00,171.00
424.00,126.00,494.00,126.00,494.00,172.00,424.00,172.00
420.00,130.00,495.00,130.00,495.00,177.00,420.00,177.00
420.00,132.00,498.00,132.00,498.00,180.00,420.00,180.00
417.00,135.00,499.00,135.00,499.00,185.00,417.00,185.00
422.00,137.00,501.00,137.00,501.00,186.00,422.00,186.00
425.00,140.00,504.00,140.00,504.00,187.00,425.00,187.00
416.00,144.00,498.00,144.00,498.00,195.00,416.00,195.00
408.00,151.00,493.00,151.00,493.00,202.00,408.00,202.00
412.00,150.00,500.00,150.00,500.00,205.00,412.00,205.00
413.00,155.00,501.00,155.00,501.00,209.00,413.00,209.00
416.00,157.00,503.00,157.00,503.00,212.00,416.00,212.00
415.00,160.00,507.00,160.00,507.00,215.00,415.00,215.00
415.00,164.00,510.00,164.00,510.00,219.00,415.00,219.00
416.00,166.00,516.00,166.00,516.00,223.00,416.00,223.00
412.00,170.00,516.00,170.00,516.00,228.00,412.00,228.00
415.00,173.00,519.00,173.00,519.00,233.00,415.00,233.00
414.00,179.00,518.00,179.00,518.00,237.00,414.00,237.00
418.00,180.00,520.00,180.00,520.00,240.00,418.00,240.00
416.00,185.00,520.00,185.00,520.00,245.00,416.00,245.00
414.00,189.00,520.00,189.00,520.00,249.00,414.00,249.00
406.00,195.00,516.00,195.00,516.00,255.00,406.00,255.00
407.00,198.00,516.00,198.00,516.00,260.00,407.00,260.00
407.00,202.00,515.00,202.00,515.00,263.00,407.00,263.00
400.00,204.00,513.00,204.00,513.00,266.00,400.00,266.00
398.00,209.00,506.00,209.00,506.00,272.00,398.00,272.00
394.00,213.00,504.00,213.00,504.00,277.00,394.00,277.00
391.00,215.00,505.00,215.00,505.00,279.00,391.00,279.00
386.00,220.00,493.00,220.00,493.00,285.00,386.00,285.00
379.00,224.00,483.00,224.00,483.00,291.00,379.00,291.00
378.00,227.00,480.00,227.00,480.00,292.00,378.00,292.00
376.00,233.00,482.00,233.00,482.00,294.00,376.00,294.00
372.00,237.00,480.00,237.00,480.00,300.00,372.00,300.00
369.00,240.00,476.00,240.00,476.00,301.00,369.00,301.00
366.00,243.00,468.00,243.00,468.00,304.00,366.00,304.00
362.00,247.00,466.00,247.00,466.00,308.00,362.00,308.00
359.00,249.00,462.00,249.00,462.00,309.00,359.00,309.00
357.00,253.00,462.00,253.00,462.00,314.00,357.00,314.00
354.00,257.00,458.00,257.00,458.00,316.00,354.00,316.00
352.00,262.00,456.00,262.00,456.00,320.00,352.00,320.00
351.00,262.00,453.00,262.00,453.00,321.00,351.00,321.00
344.00,261.00,444.00,261.00,444.00,320.00,344.00,320.00
344.00,265.00,445.00,265.00,445.00,321.00,344.00,321.00
340.00,265.00,441.00,265.00,441.00,321.00,340.00,321.00
338.00,267.00,439.00,267.00,439.00,322.00,338.00,322.00
333.00,265.00,432.00,265.00,432.00,322.00,333.00,322.00
332.00,267.00,430.00,267.00,430.00,322.00,332.00,322.00
326.00,265.00,427.00,265.00,427.00,320.00,326.00,320.00
321.00,266.00,422.00,266.00,422.00,320.00,321.00,320.00
317.00,265.00,419.00,265.00,419.00,319.00,317.00,319.00
310.00,263.00,410.00,263.00,410.00,317.00,310.00,317.00
307.00,264.00,408.00,264.00,408.00,317.00,307.00,317.00
302.00,262.00,404.00,262.00,404.00,315.00,302.00,315.00
299.00,263.00,398.00,263.00,398.00,315.00,299.00,315.00
292.00,258.00,389.00,258.00,389.00,313.00,292.00,313.00
290.00,258.00,385.00,258.00,385.00,312.00,290.00,312.00
287.00,258.00,381.00,258.00,381.00,310.00,287.00,310.00
282.00,257.00,373.00,257.00,373.00,309.00,282.00,309.00
281.00,256.00,380.00,256.00,380.00,308.00,281.00,308.00
279.00,256.00,375.00,256.00,375.00,307.00,279.00,307.00
274.00,254.00,369.00,254.00,369.00,305.00,274.00,305.00
268.00,254.00,357.00,254.00,357.00,304.00,268.00,304.00
267.00,251.00,354.00,251.00,354.00,300.00,267.00,300.00
265.00,249.00,353.00,249.00,353.00,299.00,265.00,299.00
261.00,246.00,346.00,246.00,346.00,297.00,261.00,297.00
259.00,245.00,349.00,245.00,349.00,295.00,259.00,295.00
257.00,244.00,346.00,244.00,346.00,294.00,257.00,294.00
258.00,244.00,353.00,244.00,353.00,293.00,258.00,293.00
264.00,240.00,361.00,240.00,361.00,292.00,264.00,292.00
287.00,242.00,388.00,242.00,388.00,298.00,287.00,298.00
295.00,242.00,396.00,242.00,396.00,299.00,295.00,299.00
290.00,238.00,394.00,238.00,394.00,295.00,290.00,295.00
283.00,236.00,390.00,236.00,390.00,293.00,283.00,293.00
285.00,234.00,391.00,234.00,391.00,290.00,285.00,290.00
281.00,228.00,389.00,228.00,389.00,286.00,281.00,286.00
279.00,227.00,387.00,227.00,387.00,284.00,279.00,284.00
282.00,225.00,388.00,225.00,388.00,281.00,282.00,281.00
280.00,220.00,391.00,220.00,391.00,277.00,280.00,277.00
282.00,218.00,391.00,218.00,391.00,276.00,282.00,276.00
283.00,216.00,393.00,216.00,393.00,274.00,283.00,274.00
286.00,216.00,394.00,216.00,394.00,272.00,286.00,272.00
291.00,213.00,400.00,213.00,400.00,270.00,291.00,270.00
291.00,210.00,402.00,210.00,402.00,267.00,291.00,267.00
292.00,208.00,403.00,208.00,403.00,267.00,292.00,267.00
289.00,204.00,402.00,204.00,402.00,263.00,289.00,263.00
294.00,202.00,409.00,202.00,409.00,260.00,294.00,260.00
297.00,202.00,410.00,202.00,410.00,260.00,297.00,260.00
304.00,200.00,414.00,200.00,414.00,258.00,304.00,258.00
304.00,197.00,410.00,197.00,410.00,254.00,304.00,254.00
306.00,196.00,413.00,196.00,413.00,256.00,306.00,256.00
308.00,194.00,417.00,194.00,417.00,252.00,308.00,252.00
309.00,193.00,417.00,193.00,417.00,251.00,309.00,251.00
311.00,191.00,420.00,191.00,420.00,250.00,311.00,250.00
315.00,190.00,423.00,190.00,423.00,249.00,315.00,249.00
317.00,189.00,424.00,189.00,424.00,248.00,317.00,248.00
321.00,189.00,428.00,189.00,428.00,248.00,321.00,248.00
321.00,186.00,427.00,186.00,427.00,242.00,321.00,242.00
325.00,186.00,431.00,186.00,431.00,243.00,325.00,243.00
328.00,185.00,434.00,185.00,434.00,241.00,328.00,241.00
330.00,184.00,435.00,184.00,435.00,239.00,330.00,239.00
332.00,185.00,437.00,185.00,437.00,241.00,332.00,241.00
331.00,183.00,434.00,183.00,434.00,237.00,331.00,237.00
336.00,182.00,437.00,182.00,437.00,236.00,336.00,236.00
340.00,182.00,439.00,182.00,439.00,236.00,340.00,236.00
339.00,181.00,439.00,181.00,439.00,234.00,339.00,234.00
339.00,181.00,438.00,181.00,438.00,233.00,339.00,233.00
342.00,181.00,440.00,181.00,440.00,232.00,342.00,232.00
344.00,180.00,440.00,180.00,440.00,231.00,344.00,231.00
343.00,180.00,437.00,180.00,437.00,229.00,343.00,229.00
349.00,180.00,440.00,180.00,440.00,229.00,349.00,229.00
351.00,180.00,440.00,180.00,440.00,227.00,351.00,227.00
354.00,181.00,442.00,181.00,442.00,228.00,354.00,228.00
356.00,180.00,441.00,180.00,441.00,227.00,356.00,227.00
357.00,181.00,442.00,181.00,442.00,228.00,357.00,228.00
358.00,179.00,441.00,179.00,441.00,226.00,358.00,226.00
363.00,179.00,446.00,179.00,446.00,226.00,363.00,226.00
361.00,181.00,446.00,181.00,446.00,228.00,361.00,228.00
365.00,181.00,447.00,181.00,447.00,227.00,365.00,227.00
364.00,180.00,446.00,180.00,446.00,225.00,364.00,225.00
364.00,179.00,445.00,179.00,445.00,224.00,364.00,224.00
364.00,180.00,446.00,180.00,446.00,225.00,364.00,225.00
366.00,177.00,448.00,177.00,448.00,222.00,366.00,222.00
365.00,175.00,444.00,175.00,444.00,220.00,365.00,220.00
365.00,176.00,444.00,176.00,444.00,220.00,365.00,220.00
364.00,174.00,441.00,174.00,441.00,217.00,364.00,217.00
363.00,172.00,439.00,172.00,439.00,214.00,363.00,214.00
361.00,168.00,438.00,168.00,438.00,211.00,361.00,211.00
360.00,166.00,434.00,166.00,434.00,209.00,360.00,209.00
