1
527.00,73.00,584.00,73.00,584.00,111.00,527.00,111.00
524.00,76.00,580.00,76.00,580.00,113.00,524.00,113.00
519.00,77.00,578.00,77.00,578.00,114.00,519.00,114.00
514.00,78.00,574.00,78.00,574.00,115.00,514.00,115.00
509.00,80.00,568.00,80.00,568.00,119.00,509.00,119.00
502.00,80.00,565.00,80.00,565.00,121.00,502.00,121.00
498.00,83.00,560.00,83.00,560.00,122.00,498.00,122.00
493.00,84.00,555.00,84.00,555.00,124.00,493.00,124.00
488.00,85.00,553.00,85.00,553.00,126.00,488.00,126.00
484.00,85.00,549.00,85.00,549.00,127.00,484.00,127.00
480.00,88.00,546.00,88.00,546.00,129.00,480.00,129.00
475.00,90.00,541.00,90.00,541.00,131.00,475.00,131.00
472.00,92.00,537.00,92.00,537.00,132.00,472.00,132.00
467.00,94.00,531.00,94.00,531.00,135.00,467.00,135.00
462.00,94.00,529.00,94.00,529.00,136.00,462.00,136.00
458.00,97.00,525.00,97.00,525.00,138.00,458.00,138.00
453.00,99.00,520.00,99.00,520.00,141.00,453.00,141.00
449.00,99.00,518.00,99.00,518.00,144.00,449.00,144.00
445.00,101.00,515.00,101.00,515.00,146.00,445.00,146.00
441.00,103.00,513.00,103.00,513.00,149.00,441.00,149.00
435.00,106.00,509.00,106.00,509.00,151.00,435.00,151.00
433.00,109.00,500.00,109.00,500.00,155.00,433.00,155.00
430.00,112.00,499.00,112.00,499.00,157.00,430.00,157.00
427.00,114.00,501.00,114.00,501.00,160.00,427.00,160.00
426.00,114.00,500.00,114.00,500.00,164.00,426.00,164.00
423.00,116.00,499.00,116.00,499.00,167.00,423.00,167.00
421.00,119.00,498.00,119.00,498.00,170.00,421.00,170.00
421.00,121.00,497.00,121.00,497.00,172.00,421.00,172.00
422.00,125.00,495.00,125.00,495.00,173.00,422.00,173.00
419.00,129.00,496.00,129.00,496.00,179.00,419.00,179.00
419.00,132.00,496.00,132.00,496.00,183.00,419.00,183.00
417.00,135.00,496.00,135.00,496.00,187.00,417.00,187.00
420.00,137.00,502.00,137.00,502.00,189.00,420.00,189.00
423.00,136.00,507.00,136.00,507.00,189.00,423.00,189.00
414.00,144.00,497.00,144.00,497.00,198.00,414.00,198.00
412.00,150.00,490.00,150.00,490.00,202.00,412.00,202.00
412.00,152.00,494.00,152.00,494.00,208.00,412.00,208.00
413.00,156.00,493.00,156.00,493.00,211.00,413.00,211.00
416.00,155.00,501.00,155.00,501.00,213.00,416.00,213.00
416.00,157.00,505.00,157.00,505.00,214.00,416.00,214.00
418.00,163.00,506.00,163.00,506.00,219.00,418.00,219.00
418.00,169.00,507.00,169.00,507.00,225.00,418.00,225.00
412.00,176.00,495.00,176.00,495.00,233.00,412.00,233.00
412.00,180.00,494.00,180.00,494.00,238.00,412.00,238.00
416.00,180.00,505.00,180.00,505.00,238.00,416.00,238.00
421.00,182.00,509.00,182.00,509.00,240.00,421.00,240.00
419.00,187.00,506.00,187.00,506.00,246.00,419.00,246.00
420.00,192.00,508.00,192.00,508.00,251.00,420.00,251.00
403.00,202.00,483.00,202.00,483.00,262.00,403.00,262.00
406.00,204.00,488.00,204.00,488.00,265.00,406.00,265.00
406.00,204.00,497.00,204.00,497.00,265.00,406.00,265.00
401.00,212.00,484.00,212.00,484.00,272.00,401.00,272.00
397.00,215.00,481.00,215.00,481.00,276.00,397.00,276.00
391.00,226.00,468.00,226.00,468.00,284.00,391.00,284.00
387.00,232.00,461.00,232.00,461.00,291.00,387.00,291.00
384.00,234.00,460.00,234.00,460.00,292.00,384.00,292.00
380.00,239.00,456.00,239.00,456.00,296.00,380.00,296.00
376.00,244.00,449.00,244.00,449.00,301.00,376.00,301.00
375.00,240.00,453.00,240.00,453.00,298.00,375.00,298.00
370.00,246.00,447.00,246.00,447.00,307.00,370.00,307.00
369.00,248.00,449.00,248.00,449.00,308.00,369.00,308.00
365.00,248.00,451.00,248.00,451.00,309.00,365.00,309.00
363.00,251.00,451.00,251.00,451.00,312.00,363.00,312.00
360.00,253.00,450.00,253.00,450.00,314.00,360.00,314.00
357.00,252.00,447.00,252.00,447.00,314.00,357.00,314.00
354.00,259.00,443.00,259.00,443.00,321.00,354.00,321.00
352.00,258.00,444.00,258.00,444.00,321.00,352.00,321.00
347.00,263.00,436.00,263.00,436.00,326.00,347.00,326.00
348.00,265.00,436.00,265.00,436.00,325.00,348.00,325.00
342.00,263.00,430.00,263.00,430.00,325.00,342.00,325.00
339.00,264.00,429.00,264.00,429.00,326.00,339.00,326.00
336.00,263.00,425.00,263.00,425.00,324.00,336.00,324.00
331.00,266.00,417.00,266.00,417.00,326.00,331.00,326.00
329.00,265.00,415.00,265.00,415.00,325.00,329.00,325.00
326.00,265.00,414.00,265.00,414.00,324.00,326.00,324.00
318.00,261.00,408.00,261.00,408.00,322.00,318.00,322.00
319.00,266.00,407.00,266.00,407.00,321.00,319.00,321.00
308.00,259.00,394.00,259.00,394.00,320.00,308.00,320.00
306.00,261.00,394.00,261.00,394.00,319.00,306.00,319.00
302.00,261.00,389.00,261.00,389.00,318.00,302.00,318.00
298.00,255.00,388.00,255.00,388.00,316.00,298.00,316.00
293.00,255.00,379.00,255.00,379.00,315.00,293.00,315.00
289.00,254.00,375.00,254.00,375.00,314.00,289.00,314.00
285.00,253.00,366.00,253.00,366.00,311.00,285.00,311.00
281.00,254.00,362.00,254.00,362.00,310.00,281.00,310.00
278.00,252.00,357.00,252.00,357.00,308.00,278.00,308.00
275.00,251.00,353.00,251.00,353.00,306.00,275.00,306.00
272.00,250.00,353.00,250.00,353.00,304.00,272.00,304.00
269.00,250.00,349.00,250.00,349.00,303.00,269.00,303.00
262.00,248.00,342.00,248.00,342.00,301.00,262.00,301.00
259.00,247.00,341.00,247.00,341.00,299.00,259.00,299.00
258.00,246.00,338.00,246.00,338.00,297.00,258.00,297.00
256.00,243.00,337.00,243.00,337.00,296.00,256.00,296.00
252.00,244.00,330.00,244.00,330.00,293.00,252.00,293.00
249.00,242.00,329.00,242.00,329.00,292.00,249.00,292.00
252.00,243.00,329.00,243.00,329.00,291.00,252.00,291.00
249.00,240.00,324.00,240.00,324.00,287.00,249.00,287.00
251.00,237.00,329.00,237.00,329.00,283.00,251.00,283.00
260.00,236.00,340.00,236.00,340.00,283.00,260.00,283.00
255.00,233.00,334.00,233.00,334.00,279.00,255.00,279.00
253.00,228.00,327.00,228.00,327.00,275.00,253.00,275.00
258.00,227.00,335.00,227.00,335.00,274.00,258.00,274.00
258.00,224.00,334.00,224.00,334.00,272.00,258.00,272.00
261.00,222.00,337.00,222.00,337.00,270.00,261.00,270.00
263.00,219.00,337.00,219.00,337.00,266.00,263.00,266.00
265.00,217.00,338.00,217.00,338.00,264.00,265.00,264.00
280.00,219.00,357.00,219.00,357.00,266.00,280.00,266.00
290.00,217.00,379.00,217.00,379.00,267.00,290.00,267.00
293.00,215.00,382.00,215.00,382.00,266.00,293.00,266.00
278.00,208.00,358.00,208.00,358.00,259.00,278.00,259.00
282.00,207.00,365.00,207.00,365.00,258.00,282.00,258.00
286.00,207.00,368.00,207.00,368.00,257.00,286.00,257.00
284.00,201.00,367.00,201.00,367.00,253.00,284.00,253.00
298.00,205.00,389.00,205.00,389.00,255.00,298.00,255.00
307.00,204.00,398.00,204.00,398.00,254.00,307.00,254.00
308.00,202.00,397.00,202.00,397.00,250.00,308.00,250.00
312.00,200.00,403.00,200.00,403.00,250.00,312.00,250.00
310.00,198.00,400.00,198.00,400.00,246.00,310.00,246.00
313.00,194.00,400.00,194.00,400.00,244.00,313.00,244.00
317.00,195.00,407.00,195.00,407.00,243.00,317.00,243.00
322.00,194.00,410.00,194.00,410.00,243.00,322.00,243.00
323.00,192.00,410.00,192.00,410.00,239.00,323.00,239.00
329.00,193.00,416.00,193.00,416.00,239.00,329.00,239.00
328.00,191.00,413.00,191.00,413.00,238.00,328.00,238.00
333.00,190.00,419.00,190.00,419.00,238.00,333.00,238.00
333.00,188.00,420.00,188.00,420.00,236.00,333.00,236.00
335.00,185.00,422.00,185.00,422.00,233.00,335.00,233.00
339.00,185.00,424.00,185.00,424.00,232.00,339.00,232.00
339.00,184.00,428.00,184.00,428.00,233.00,339.00,233.00
341.00,184.00,429.00,184.00,429.00,230.00,341.00,230.00
341.00,183.00,430.00,183.00,430.00,229.00,341.00,229.00
344.00,183.00,431.00,183.00,431.00,231.00,344.00,231.00
343.00,181.00,430.00,181.00,430.00,230.00,343.00,230.00
345.00,181.00,434.00,181.00,434.00,229.00,345.00,229.00
348.00,182.00,435.00,182.00,435.00,230.00,348.00,230.00
349.00,182.00,434.00,182.00,434.00,228.00,349.00,228.00
350.00,180.00,433.00,180.00,433.00,226.00,350.00,226.00
351.00,181.00,433.00,181.00,433.00,226.00,351.00,226.00
355.00,180.00,434.00,180.00,434.00,226.00,355.00,226.00
358.00,181.00,435.00,181.00,435.00,225.00,358.00,225.00
361.00,181.00,440.00,181.00,440.00,226.00,361.00,226.00
364.00,181.00,442.00,181.00,442.00,225.00,364.00,225.00
362.00,180.00,441.00,180.00,441.00,224.00,362.00,224.00
364.00,181.00,443.00,181.00,443.00,225.00,364.00,225.00
364.00,181.00,444.00,181.00,444.00,225.00,364.00,225.00
365.00,179.00,442.00,179.00,442.00,222.00,365.00,222.00
364.00,178.00,443.00,178.00,443.00,223.00,364.00,223.00
367.00,177.00,444.00,177.00,444.00,221.00,367.00,221.00
368.00,175.00,445.00,175.00,445.00,219.00,368.00,219.00
366.00,175.00,443.00,175.00,443.00,219.00,366.00,219.00
367.00,173.00,443.00,173.00,443.00,217.00,367.00,217.00
368.00,173.00,443.00,173.00,443.00,219.00,368.00,219.00
364.00,171.00,439.00,171.00,439.00,216.00,364.00,216.00
363.00,169.00,437.00,169.00,437.00,213.00,363.00,213.00
360.00,166.00,433.00,166.00,433.00,208.00,360.00,208.00
