1
527.00,73.00,585.00,73.00,585.00,111.00,527.00,111.00
523.00,75.00,581.00,75.00,581.00,112.00,523.00,112.00
518.00,77.00,578.00,77.00,578.00,114.00,518.00,114.00
514.00,78.00,573.00,78.00,573.00,116.00,514.00,116.00
509.00,81.00,567.00,81.00,567.00,119.00,509.00,119.00
505.00,82.00,563.00,82.00,563.00,120.00,505.00,120.00
499.00,83.00,559.00,83.00,559.00,123.00,499.00,123.00
494.00,84.00,555.00,84.00,555.00,124.00,494.00,124.00
489.00,85.00,552.00,85.00,552.00,126.00,489.00,126.00
483.00,86.00,548.00,86.00,548.00,128.00,483.00,128.00
480.00,88.00,544.00,88.00,544.00,131.00,480.00,131.00
476.00,90.00,540.00,90.00,540.00,131.00,476.00,131.00
473.00,93.00,535.00,93.00,535.00,132.00,473.00,132.00
469.00,94.00,531.00,94.00,531.00,135.00,469.00,135.00
463.00,95.00,527.00,95.00,527.00,135.00,463.00,135.00
460.00,96.00,525.00,96.00,525.00,137.00,460.00,137.00
453.00,99.00,519.00,99.00,519.00,141.00,453.00,141.00
451.00,100.00,518.00,100.00,518.00,143.00,451.00,143.00
445.00,102.00,514.00,102.00,514.00,144.00,445.00,144.00
444.00,104.00,511.00,104.00,511.00,148.00,444.00,148.00
439.00,106.00,510.00,106.00,510.00,149.00,439.00,149.00
433.00,110.00,502.00,110.00,502.00,152.00,433.00,152.00
431.00,112.00,499.00,112.00,499.00,154.00,431.00,154.00
429.00,115.00,500.00,115.00,500.00,158.00,429.00,158.00
427.00,116.00,500.00,116.00,500.00,162.00,427.00,162.00
424.00,119.00,498.00,119.00,498.00,165.00,424.00,165.00
419.00,123.00,495.00,123.00,495.00,168.00,419.00,168.00
422.00,124.00,496.00,124.00,496.00,170.00,422.00,170.00
425.00,127.00,495.00,127.00,495.00,170.00,425.00,170.00
421.00,133.00,494.00,133.00,494.00,176.00,421.00,176.00
419.00,135.00,494.00,135.00,494.00,181.00,419.00,181.00
421.00,137.00,497.00,137.00,497.00,184.00,421.00,184.00
423.00,138.00,499.00,138.00,499.00,187.00,423.00,187.00
427.00,138.00,503.00,138.00,503.00,185.00,427.00,185.00
419.00,144.00,501.00,144.00,501.00,193.00,419.00,193.00
410.00,154.00,490.00,154.00,490.00,196.00,410.00,196.00
414.00,154.00,499.00,154.00,499.00,203.00,414.00,203.00
414.00,157.00,501.00,157.00,501.00,205.00,414.00,205.00
416.00,159.00,504.00,159.00,504.00,209.00,416.00,209.00
417.00,163.00,508.00,163.00,508.00,212.00,417.00,212.00
421.00,166.00,512.00,166.00,512.00,216.00,421.00,216.00
420.00,169.00,512.00,169.00,512.00,219.00,420.00,219.00
413.00,174.00,508.00,174.00,508.00,226.00,413.00,226.00
415.00,178.00,510.00,178.00,510.00,231.00,415.00,231.00
415.00,182.00,516.00,182.00,516.00,235.00,415.00,235.00
418.00,183.00,516.00,183.00,516.00,238.00,418.00,238.00
417.00,188.00,515.00,188.00,515.00,242.00,417.00,242.00
419.00,193.00,516.00,193.00,516.00,247.00,419.00,247.00
406.00,196.00,514.00,196.00,514.00,253.00,406.00,253.00
409.00,199.00,515.00,199.00,515.00,256.00,409.00,256.00
406.00,202.00,512.00,202.00,512.00,261.00,406.00,261.00
402.00,207.00,507.00,207.00,507.00,266.00,402.00,266.00
400.00,211.00,505.00,211.00,505.00,270.00,400.00,270.00
397.00,215.00,503.00,215.00,503.00,273.00,397.00,273.00
388.00,218.00,499.00,218.00,499.00,277.00,388.00,277.00
386.00,221.00,492.00,221.00,492.00,282.00,386.00,282.00
381.00,226.00,484.00,226.00,484.00,287.00,381.00,287.00
378.00,228.00,481.00,228.00,481.00,289.00,378.00,289.00
373.00,234.00,479.00,234.00,479.00,294.00,373.00,294.00
370.00,237.00,476.00,237.00,476.00,297.00,370.00,297.00
369.00,239.00,474.00,239.00,474.00,298.00,369.00,298.00
364.00,244.00,469.00,244.00,469.00,302.00,364.00,302.00
360.00,247.00,465.00,247.00,465.00,305.00,360.00,305.00
358.00,251.00,464.00,251.00,464.00,309.00,358.00,309.00
358.00,254.00,460.00,254.00,460.00,312.00,358.00,312.00
353.00,257.00,453.00,257.00,453.00,314.00,353.00,314.00
355.00,262.00,454.00,262.00,454.00,317.00,355.00,317.00
354.00,265.00,452.00,265.00,452.00,318.00,354.00,318.00
348.00,264.00,444.00,264.00,444.00,319.00,348.00,319.00
346.00,267.00,439.00,267.00,439.00,319.00,346.00,319.00
342.00,267.00,434.00,267.00,434.00,320.00,342.00,320.00
337.00,266.00,428.00,266.00,428.00,320.00,337.00,320.00
335.00,266.00,425.00,266.00,425.00,319.00,335.00,319.00
332.00,266.00,420.00,266.00,420.00,319.00,332.00,319.00
330.00,268.00,421.00,268.00,421.00,317.00,330.00,317.00
325.00,269.00,415.00,269.00,415.00,317.00,325.00,317.00
319.00,268.00,409.00,268.00,409.00,316.00,319.00,316.00
311.00,263.00,401.00,263.00,401.00,313.00,311.00,313.00
306.00,261.00,395.00,261.00,395.00,312.00,306.00,312.00
302.00,262.00,393.00,262.00,393.00,312.00,302.00,312.00
300.00,262.00,389.00,262.00,389.00,311.00,300.00,311.00
294.00,258.00,381.00,258.00,381.00,308.00,294.00,308.00
290.00,255.00,377.00,255.00,377.00,307.00,290.00,307.00
282.00,253.00,369.00,253.00,369.00,305.00,282.00,305.00
281.00,254.00,365.00,254.00,365.00,304.00,281.00,304.00
278.00,254.00,362.00,254.00,362.00,303.00,278.00,303.00
275.00,252.00,356.00,252.00,356.00,300.00,275.00,300.00
273.00,251.00,354.00,251.00,354.00,299.00,273.00,299.00
267.00,249.00,347.00,249.00,347.00,298.00,267.00,298.00
265.00,248.00,345.00,248.00,345.00,296.00,265.00,296.00
262.00,248.00,343.00,248.00,343.00,296.00,262.00,296.00
260.00,246.00,339.00,246.00,339.00,294.00,260.00,294.00
256.00,244.00,337.00,244.00,337.00,292.00,256.00,292.00
255.00,243.00,334.00,243.00,334.00,290.00,255.00,290.00
256.00,242.00,336.00,242.00,336.00,289.00,256.00,289.00
257.00,241.00,338.00,241.00,338.00,288.00,257.00,288.00
263.00,238.00,346.00,238.00,346.00,286.00,263.00,286.00
299.00,245.00,390.00,245.00,390.00,294.00,299.00,294.00
295.00,241.00,386.00,241.00,386.00,289.00,295.00,289.00
292.00,239.00,386.00,239.00,386.00,289.00,292.00,289.00
291.00,236.00,386.00,236.00,386.00,284.00,291.00,284.00
289.00,232.00,383.00,232.00,383.00,281.00,289.00,281.00
286.00,229.00,382.00,229.00,382.00,278.00,286.00,278.00
283.00,222.00,380.00,222.00,380.00,276.00,283.00,276.00
286.00,223.00,386.00,223.00,386.00,273.00,286.00,273.00
287.00,218.00,386.00,218.00,386.00,271.00,287.00,271.00
287.00,217.00,388.00,217.00,388.00,268.00,287.00,268.00
291.00,216.00,389.00,216.00,389.00,267.00,291.00,267.00
293.00,213.00,391.00,213.00,391.00,264.00,293.00,264.00
295.00,214.00,391.00,214.00,391.00,263.00,295.00,263.00
297.00,211.00,395.00,211.00,395.00,261.00,297.00,261.00
297.00,208.00,395.00,208.00,395.00,258.00,297.00,258.00
298.00,206.00,398.00,206.00,398.00,256.00,298.00,256.00
302.00,205.00,403.00,205.00,403.00,254.00,302.00,254.00
307.00,204.00,405.00,204.00,405.00,253.00,307.00,253.00
312.00,201.00,406.00,201.00,406.00,250.00,312.00,250.00
311.00,201.00,409.00,201.00,409.00,249.00,311.00,249.00
310.00,198.00,405.00,198.00,405.00,246.00,310.00,246.00
313.00,199.00,411.00,199.00,411.00,247.00,313.00,247.00
318.00,195.00,410.00,195.00,410.00,244.00,318.00,244.00
321.00,194.00,414.00,194.00,414.00,242.00,321.00,242.00
325.00,194.00,417.00,194.00,417.00,242.00,325.00,242.00
326.00,192.00,417.00,192.00,417.00,240.00,326.00,240.00
328.00,191.00,420.00,191.00,420.00,240.00,328.00,240.00
329.00,189.00,421.00,189.00,421.00,239.00,329.00,239.00
332.00,188.00,425.00,188.00,425.00,237.00,332.00,237.00
335.00,187.00,428.00,187.00,428.00,237.00,335.00,237.00
337.00,187.00,431.00,187.00,431.00,238.00,337.00,238.00
339.00,184.00,433.00,184.00,433.00,236.00,339.00,236.00
340.00,183.00,433.00,183.00,433.00,235.00,340.00,235.00
342.00,182.00,434.00,182.00,434.00,234.00,342.00,234.00
341.00,183.00,432.00,183.00,432.00,234.00,341.00,234.00
345.00,183.00,436.00,183.00,436.00,234.00,345.00,234.00
347.00,182.00,437.00,182.00,437.00,233.00,347.00,233.00
346.00,181.00,435.00,181.00,435.00,232.00,346.00,232.00
344.00,180.00,434.00,180.00,434.00,230.00,344.00,230.00
348.00,180.00,437.00,180.00,437.00,229.00,348.00,229.00
350.00,181.00,437.00,181.00,437.00,231.00,350.00,231.00
352.00,180.00,436.00,180.00,436.00,228.00,352.00,228.00
357.00,182.00,437.00,182.00,437.00,227.00,357.00,227.00
360.00,182.00,441.00,182.00,441.00,229.00,360.00,229.00
360.00,180.00,438.00,180.00,438.00,226.00,360.00,226.00
360.00,182.00,444.00,182.00,444.00,230.00,360.00,230.00
364.00,180.00,442.00,180.00,442.00,225.00,364.00,225.00
363.00,181.00,443.00,181.00,443.00,229.00,363.00,229.00
364.00,178.00,442.00,178.00,442.00,224.00,364.00,224.00
365.00,178.00,443.00,178.00,443.00,223.00,365.00,223.00
367.00,178.00,444.00,178.00,444.00,224.00,367.00,224.00
365.00,176.00,442.00,176.00,442.00,221.00,365.00,221.00
365.00,177.00,443.00,177.00,443.00,221.00,365.00,221.00
364.00,175.00,443.00,175.00,443.00,222.00,364.00,222.00
364.00,173.00,442.00,173.00,442.00,219.00,364.00,219.00
362.00,171.00,439.00,171.00,439.00,216.00,362.00,216.00
360.00,170.00,437.00,170.00,437.00,214.00,360.00,214.00
358.00,166.00,432.00,166.00,432.00,207.00,358.00,207.00
