1
46.00,42.00,62.00,42.00,62.00,107.00,46.00,107.00
35.00,39.00,50.00,39.00,50.00,103.00,35.00,103.00
31.00,43.00,45.00,43.00,45.00,106.00,31.00,106.00
37.00,38.00,51.00,38.00,51.00,102.00,37.00,102.00
28.00,40.00,43.00,40.00,43.00,107.00,28.00,107.00
30.00,42.00,45.00,42.00,45.00,109.00,30.00,109.00
33.00,43.00,49.00,43.00,49.00,109.00,33.00,109.00
38.00,41.00,53.00,41.00,53.00,107.00,38.00,107.00
38.00,35.00,53.00,35.00,53.00,102.00,38.00,102.00
42.00,34.00,57.00,34.00,57.00,100.00,42.00,100.00
46.00,35.00,61.00,35.00,61.00,100.00,46.00,100.00
62.00,39.00,77.00,39.00,77.00,105.00,62.00,105.00
65.00,33.00,80.00,33.00,80.00,99.00,65.00,99.00
63.00,32.00,79.00,32.00,79.00,97.00,63.00,97.00
84.00,33.00,101.00,33.00,101.00,98.00,84.00,98.00
99.00,34.00,114.00,34.00,114.00,102.00,99.00,102.00
90.00,27.00,105.00,27.00,105.00,95.00,90.00,95.00
83.00,26.00,95.00,26.00,95.00,94.00,83.00,94.00
88.00,23.00,102.00,23.00,102.00,91.00,88.00,91.00
85.00,24.00,99.00,24.00,99.00,90.00,85.00,90.00
82.00,27.00,96.00,27.00,96.00,95.00,82.00,95.00
84.00,35.00,98.00,35.00,98.00,104.00,84.00,104.00
91.00,41.00,105.00,41.00,105.00,110.00,91.00,110.00
76.00,45.00,90.00,45.00,90.00,113.00,76.00,113.00
75.00,42.00,89.00,42.00,89.00,111.00,75.00,111.00
82.00,28.00,95.00,28.00,95.00,98.00,82.00,98.00
79.00,22.00,92.00,22.00,92.00,91.00,79.00,91.00
70.00,12.00,84.00,12.00,84.00,84.00,70.00,84.00
61.00,13.00,76.00,13.00,76.00,85.00,61.00,85.00
64.00,16.00,78.00,16.00,78.00,88.00,64.00,88.00
74.00,23.00,89.00,23.00,89.00,93.00,74.00,93.00
81.00,23.00,97.00,23.00,97.00,96.00,81.00,96.00
90.00,25.00,104.00,25.00,104.00,96.00,90.00,96.00
107.00,21.00,120.00,21.00,120.00,93.00,107.00,93.00
118.00,24.00,131.00,24.00,131.00,91.00,118.00,91.00
113.00,19.00,127.00,19.00,127.00,93.00,113.00,93.00
113.00,20.00,128.00,20.00,128.00,92.00,113.00,92.00
131.00,26.00,146.00,26.00,146.00,99.00,131.00,99.00
140.00,27.00,154.00,27.00,154.00,100.00,140.00,100.00
148.00,29.00,161.00,29.00,161.00,101.00,148.00,101.00
152.00,29.00,166.00,29.00,166.00,97.00,152.00,97.00
152.00,28.00,166.00,28.00,166.00,102.00,152.00,102.00
149.00,25.00,165.00,25.00,165.00,104.00,149.00,104.00
155.00,23.00,170.00,23.00,170.00,101.00,155.00,101.00
152.00,28.00,168.00,28.00,168.00,104.00,152.00,104.00
124.00,32.00,140.00,32.00,140.00,108.00,124.00,108.00
106.00,32.00,119.00,32.00,119.00,105.00,106.00,105.00
104.00,30.00,119.00,30.00,119.00,106.00,104.00,106.00
104.00,30.00,118.00,30.00,118.00,101.00,104.00,101.00
106.00,21.00,120.00,21.00,120.00,91.00,106.00,91.00
108.00,8.00,122.00,8.00,122.00,86.00,108.00,86.00
109.00,11.00,123.00,11.00,123.00,90.00,109.00,90.00
115.00,19.00,131.00,19.00,131.00,96.00,115.00,96.00
120.00,18.00,136.00,18.00,136.00,97.00,120.00,97.00
121.00,25.00,136.00,25.00,136.00,101.00,121.00,101.00
111.00,26.00,125.00,26.00,125.00,102.00,111.00,102.00
112.00,28.00,126.00,28.00,126.00,102.00,112.00,102.00
103.00,24.00,118.00,24.00,118.00,104.00,103.00,104.00
103.00,18.00,117.00,18.00,117.00,100.00,103.00,100.00
128.00,17.00,144.00,17.00,144.00,95.00,128.00,95.00
137.00,15.00,153.00,15.00,153.00,95.00,137.00,95.00
131.00,19.00,146.00,19.00,146.00,97.00,131.00,97.00
133.00,29.00,147.00,29.00,147.00,107.00,133.00,107.00
132.00,34.00,145.00,34.00,145.00,110.00,132.00,110.00
130.00,37.00,144.00,37.00,144.00,109.00,130.00,109.00
133.00,40.00,147.00,40.00,147.00,116.00,133.00,116.00
144.00,53.00,159.00,53.00,159.00,132.00,144.00,132.00
140.00,58.00,155.00,58.00,155.00,137.00,140.00,137.00
123.00,58.00,137.00,58.00,137.00,136.00,123.00,136.00
128.00,44.00,141.00,44.00,141.00,121.00,128.00,121.00
123.00,46.00,138.00,46.00,138.00,124.00,123.00,124.00
111.00,49.00,127.00,49.00,127.00,127.00,111.00,127.00
102.00,39.00,116.00,39.00,116.00,116.00,102.00,116.00
100.00,45.00,114.00,45.00,114.00,125.00,100.00,125.00
110.00,52.00,127.00,52.00,127.00,137.00,110.00,137.00
119.00,63.00,136.00,63.00,136.00,146.00,119.00,146.00
127.00,67.00,144.00,67.00,144.00,153.00,127.00,153.00
139.00,64.00,153.00,64.00,153.00,146.00,139.00,146.00
150.00,70.00,164.00,70.00,164.00,146.00,150.00,146.00
137.00,59.00,152.00,59.00,152.00,138.00,137.00,138.00
147.00,55.00,160.00,55.00,160.00,133.00,147.00,133.00
161.00,53.00,176.00,53.00,176.00,131.00,161.00,131.00
166.00,49.00,181.00,49.00,181.00,128.00,166.00,128.00
174.00,50.00,189.00,50.00,189.00,131.00,174.00,131.00
184.00,52.00,199.00,52.00,199.00,135.00,184.00,135.00
181.00,53.00,196.00,53.00,196.00,135.00,181.00,135.00
177.00,49.00,192.00,49.00,192.00,133.00,177.00,133.00
178.00,54.00,193.00,54.00,193.00,137.00,178.00,137.00
179.00,47.00,193.00,47.00,193.00,129.00,179.00,129.00
2
0
0
0
0
1
134.00,39.00,164.00,39.00,164.00,127.00,134.00,127.00
147.00,41.00,178.00,41.00,178.00,128.00,147.00,128.00
148.00,42.00,179.00,42.00,179.00,134.00,148.00,134.00
138.00,47.00,170.00,47.00,170.00,139.00,138.00,139.00
137.00,43.00,170.00,43.00,170.00,133.00,137.00,133.00
143.00,42.00,174.00,42.00,174.00,133.00,143.00,133.00
140.00,31.00,172.00,31.00,172.00,128.00,140.00,128.00
132.00,19.00,164.00,19.00,164.00,113.00,132.00,113.00
165.00,21.00,196.00,21.00,196.00,112.00,165.00,112.00
177.00,28.00,211.00,28.00,211.00,119.00,177.00,119.00
176.00,29.00,210.00,29.00,210.00,121.00,176.00,121.00
183.00,29.00,215.00,29.00,215.00,122.00,183.00,122.00
188.00,35.00,219.00,35.00,219.00,129.00,188.00,129.00
171.00,34.00,202.00,34.00,202.00,130.00,171.00,130.00
173.00,34.00,208.00,34.00,208.00,129.00,173.00,129.00
171.00,38.00,207.00,38.00,207.00,132.00,171.00,132.00
165.00,42.00,200.00,42.00,200.00,133.00,165.00,133.00
139.00,43.00,174.00,43.00,174.00,135.00,139.00,135.00
131.00,40.00,166.00,40.00,166.00,131.00,131.00,131.00
120.00,46.00,156.00,46.00,156.00,141.00,120.00,141.00
122.00,45.00,156.00,45.00,156.00,143.00,122.00,143.00
120.00,42.00,153.00,42.00,153.00,142.00,120.00,142.00
117.00,47.00,150.00,47.00,150.00,148.00,117.00,148.00
122.00,44.00,157.00,44.00,157.00,142.00,122.00,142.00
139.00,45.00,175.00,45.00,175.00,140.00,139.00,140.00
149.00,50.00,185.00,50.00,185.00,144.00,149.00,144.00
145.00,43.00,180.00,43.00,180.00,139.00,145.00,139.00
141.00,43.00,177.00,43.00,177.00,139.00,141.00,139.00
144.00,25.00,179.00,25.00,179.00,126.00,144.00,126.00
143.00,17.00,180.00,17.00,180.00,116.00,143.00,116.00
171.00,16.00,206.00,16.00,206.00,114.00,171.00,114.00
177.00,20.00,212.00,20.00,212.00,117.00,177.00,117.00
177.00,25.00,214.00,25.00,214.00,123.00,177.00,123.00
173.00,31.00,209.00,31.00,209.00,127.00,173.00,127.00
168.00,27.00,206.00,27.00,206.00,127.00,168.00,127.00
163.00,30.00,201.00,30.00,201.00,132.00,163.00,132.00
169.00,36.00,203.00,36.00,203.00,131.00,169.00,131.00
153.00,30.00,186.00,30.00,186.00,124.00,153.00,124.00
136.00,30.00,169.00,30.00,169.00,125.00,136.00,125.00
131.00,27.00,164.00,27.00,164.00,121.00,131.00,121.00
140.00,14.00,173.00,14.00,173.00,106.00,140.00,106.00
133.00,17.00,167.00,17.00,167.00,107.00,133.00,107.00
138.00,13.00,172.00,13.00,172.00,108.00,138.00,108.00
142.00,23.00,176.00,23.00,176.00,116.00,142.00,116.00
