1
47.00,42.00,61.00,42.00,61.00,108.00,47.00,108.00
35.00,40.00,49.00,40.00,49.00,102.00,35.00,102.00
31.00,42.00,46.00,42.00,46.00,108.00,31.00,108.00
37.00,38.00,52.00,38.00,52.00,103.00,37.00,103.00
28.00,40.00,45.00,40.00,45.00,106.00,28.00,106.00
30.00,40.00,47.00,40.00,47.00,109.00,30.00,109.00
33.00,43.00,50.00,43.00,50.00,110.00,33.00,110.00
37.00,40.00,54.00,40.00,54.00,106.00,37.00,106.00
37.00,34.00,54.00,34.00,54.00,102.00,37.00,102.00
46.00,35.00,63.00,35.00,63.00,100.00,46.00,100.00
46.00,35.00,61.00,35.00,61.00,100.00,46.00,100.00
61.00,39.00,76.00,39.00,76.00,105.00,61.00,105.00
66.00,33.00,81.00,33.00,81.00,100.00,66.00,100.00
63.00,30.00,80.00,30.00,80.00,98.00,63.00,98.00
83.00,32.00,101.00,32.00,101.00,99.00,83.00,99.00
98.00,33.00,115.00,33.00,115.00,103.00,98.00,103.00
90.00,25.00,104.00,25.00,104.00,95.00,90.00,95.00
82.00,27.00,97.00,27.00,97.00,94.00,82.00,94.00
87.00,23.00,103.00,23.00,103.00,94.00,87.00,94.00
83.00,23.00,99.00,23.00,99.00,91.00,83.00,91.00
79.00,25.00,95.00,25.00,95.00,94.00,79.00,94.00
82.00,32.00,98.00,32.00,98.00,102.00,82.00,102.00
89.00,39.00,106.00,39.00,106.00,110.00,89.00,110.00
75.00,44.00,91.00,44.00,91.00,113.00,75.00,113.00
74.00,40.00,91.00,40.00,91.00,111.00,74.00,111.00
81.00,27.00,95.00,27.00,95.00,97.00,81.00,97.00
78.00,21.00,94.00,21.00,94.00,92.00,78.00,92.00
70.00,11.00,85.00,11.00,85.00,84.00,70.00,84.00
60.00,11.00,76.00,11.00,76.00,85.00,60.00,85.00
63.00,15.00,79.00,15.00,79.00,88.00,63.00,88.00
74.00,22.00,90.00,22.00,90.00,93.00,74.00,93.00
81.00,21.00,98.00,21.00,98.00,96.00,81.00,96.00
89.00,24.00,104.00,24.00,104.00,95.00,89.00,95.00
106.00,21.00,122.00,21.00,122.00,92.00,106.00,92.00
116.00,24.00,132.00,24.00,132.00,93.00,116.00,93.00
112.00,19.00,128.00,19.00,128.00,93.00,112.00,93.00
111.00,18.00,129.00,18.00,129.00,92.00,111.00,92.00
130.00,25.00,147.00,25.00,147.00,99.00,130.00,99.00
138.00,26.00,156.00,26.00,156.00,101.00,138.00,101.00
147.00,29.00,164.00,29.00,164.00,104.00,147.00,104.00
151.00,31.00,168.00,31.00,168.00,97.00,151.00,97.00
151.00,30.00,167.00,30.00,167.00,97.00,151.00,97.00
149.00,25.00,165.00,25.00,165.00,104.00,149.00,104.00
154.00,24.00,171.00,24.00,171.00,100.00,154.00,100.00
151.00,28.00,169.00,28.00,169.00,105.00,151.00,105.00
124.00,34.00,142.00,34.00,142.00,108.00,124.00,108.00
105.00,32.00,121.00,32.00,121.00,103.00,105.00,103.00
104.00,29.00,119.00,29.00,119.00,102.00,104.00,102.00
104.00,32.00,118.00,32.00,118.00,102.00,104.00,102.00
107.00,23.00,123.00,23.00,123.00,95.00,107.00,95.00
107.00,9.00,124.00,9.00,124.00,86.00,107.00,86.00
107.00,9.00,124.00,9.00,124.00,87.00,107.00,87.00
114.00,17.00,133.00,17.00,133.00,96.00,114.00,96.00
118.00,18.00,136.00,18.00,136.00,98.00,118.00,98.00
120.00,25.00,138.00,25.00,138.00,102.00,120.00,102.00
110.00,25.00,127.00,25.00,127.00,106.00,110.00,106.00
111.00,28.00,127.00,28.00,127.00,102.00,111.00,102.00
103.00,25.00,119.00,25.00,119.00,105.00,103.00,105.00
103.00,18.00,118.00,18.00,118.00,101.00,103.00,101.00
127.00,14.00,144.00,14.00,144.00,97.00,127.00,97.00
137.00,14.00,155.00,14.00,155.00,98.00,137.00,98.00
130.00,17.00,147.00,17.00,147.00,100.00,130.00,100.00
132.00,27.00,148.00,27.00,148.00,108.00,132.00,108.00
131.00,33.00,146.00,33.00,146.00,109.00,131.00,109.00
129.00,36.00,146.00,36.00,146.00,110.00,129.00,110.00
133.00,40.00,150.00,40.00,150.00,120.00,133.00,120.00
143.00,51.00,161.00,51.00,161.00,132.00,143.00,132.00
139.00,59.00,157.00,59.00,157.00,139.00,139.00,139.00
122.00,58.00,140.00,58.00,140.00,135.00,122.00,135.00
128.00,44.00,144.00,44.00,144.00,124.00,128.00,124.00
122.00,44.00,139.00,44.00,139.00,125.00,122.00,125.00
110.00,50.00,128.00,50.00,128.00,128.00,110.00,128.00
100.00,38.00,118.00,38.00,118.00,115.00,100.00,115.00
98.00,45.00,114.00,45.00,114.00,123.00,98.00,123.00
109.00,50.00,127.00,50.00,127.00,134.00,109.00,134.00
118.00,62.00,137.00,62.00,137.00,145.00,118.00,145.00
127.00,65.00,144.00,65.00,144.00,149.00,127.00,149.00
139.00,63.00,154.00,63.00,154.00,144.00,139.00,144.00
149.00,69.00,166.00,69.00,166.00,141.00,149.00,141.00
136.00,57.00,154.00,57.00,154.00,134.00,136.00,134.00
145.00,54.00,162.00,54.00,162.00,130.00,145.00,130.00
160.00,53.00,177.00,53.00,177.00,130.00,160.00,130.00
166.00,51.00,183.00,51.00,183.00,128.00,166.00,128.00
172.00,52.00,190.00,52.00,190.00,131.00,172.00,131.00
184.00,52.00,201.00,52.00,201.00,131.00,184.00,131.00
180.00,53.00,197.00,53.00,197.00,133.00,180.00,133.00
176.00,49.00,194.00,49.00,194.00,130.00,176.00,130.00
177.00,53.00,195.00,53.00,195.00,133.00,177.00,133.00
177.00,47.00,194.00,47.00,194.00,126.00,177.00,126.00
2
0
0
0
0
1
133.00,39.00,164.00,39.00,164.00,125.00,133.00,125.00
146.00,41.00,178.00,41.00,178.00,127.00,146.00,127.00
148.00,45.00,178.00,45.00,178.00,134.00,148.00,134.00
137.00,48.00,169.00,48.00,169.00,135.00,137.00,135.00
137.00,43.00,170.00,43.00,170.00,131.00,137.00,131.00
141.00,42.00,174.00,42.00,174.00,131.00,141.00,131.00
140.00,32.00,170.00,32.00,170.00,125.00,140.00,125.00
132.00,22.00,163.00,22.00,163.00,110.00,132.00,110.00
166.00,24.00,200.00,24.00,200.00,109.00,166.00,109.00
176.00,27.00,210.00,27.00,210.00,116.00,176.00,116.00
176.00,27.00,210.00,27.00,210.00,117.00,176.00,117.00
182.00,31.00,215.00,31.00,215.00,121.00,182.00,121.00
188.00,35.00,217.00,35.00,217.00,126.00,188.00,126.00
171.00,32.00,202.00,32.00,202.00,126.00,171.00,126.00
172.00,35.00,208.00,35.00,208.00,127.00,172.00,127.00
171.00,40.00,206.00,40.00,206.00,131.00,171.00,131.00
163.00,44.00,200.00,44.00,200.00,131.00,163.00,131.00
137.00,43.00,173.00,43.00,173.00,132.00,137.00,132.00
130.00,40.00,166.00,40.00,166.00,131.00,130.00,131.00
120.00,45.00,157.00,45.00,157.00,141.00,120.00,141.00
122.00,46.00,155.00,46.00,155.00,140.00,122.00,140.00
121.00,44.00,153.00,44.00,153.00,140.00,121.00,140.00
117.00,51.00,149.00,51.00,149.00,145.00,117.00,145.00
123.00,51.00,157.00,51.00,157.00,140.00,123.00,140.00
140.00,49.00,175.00,49.00,175.00,136.00,140.00,136.00
147.00,52.00,183.00,52.00,183.00,140.00,147.00,140.00
145.00,46.00,179.00,46.00,179.00,137.00,145.00,137.00
141.00,43.00,177.00,43.00,177.00,136.00,141.00,136.00
144.00,29.00,180.00,29.00,180.00,124.00,144.00,124.00
143.00,19.00,181.00,19.00,181.00,114.00,143.00,114.00
168.00,18.00,206.00,18.00,206.00,111.00,168.00,111.00
175.00,22.00,211.00,22.00,211.00,114.00,175.00,114.00
177.00,31.00,215.00,31.00,215.00,124.00,177.00,124.00
172.00,34.00,209.00,34.00,209.00,125.00,172.00,125.00
168.00,31.00,206.00,31.00,206.00,123.00,168.00,123.00
162.00,33.00,200.00,33.00,200.00,129.00,162.00,129.00
169.00,39.00,203.00,39.00,203.00,128.00,169.00,128.00
155.00,32.00,189.00,32.00,189.00,122.00,155.00,122.00
136.00,30.00,171.00,30.00,171.00,122.00,136.00,122.00
131.00,28.00,164.00,28.00,164.00,118.00,131.00,118.00
140.00,17.00,171.00,17.00,171.00,105.00,140.00,105.00
130.00,17.00,165.00,17.00,165.00,105.00,130.00,105.00
140.00,13.00,176.00,13.00,176.00,103.00,140.00,103.00
143.00,25.00,177.00,25.00,177.00,115.00,143.00,115.00
