1
47.00,41.00,61.00,41.00,61.00,108.00,47.00,108.00
35.00,40.00,49.00,40.00,49.00,103.00,35.00,103.00
30.00,43.00,45.00,43.00,45.00,107.00,30.00,107.00
37.00,39.00,51.00,39.00,51.00,102.00,37.00,102.00
29.00,41.00,44.00,41.00,44.00,107.00,29.00,107.00
30.00,41.00,45.00,41.00,45.00,108.00,30.00,108.00
33.00,43.00,49.00,43.00,49.00,109.00,33.00,109.00
38.00,40.00,55.00,40.00,55.00,107.00,38.00,107.00
38.00,34.00,54.00,34.00,54.00,103.00,38.00,103.00
41.00,33.00,57.00,33.00,57.00,99.00,41.00,99.00
46.00,34.00,61.00,34.00,61.00,100.00,46.00,100.00
62.00,38.00,77.00,38.00,77.00,106.00,62.00,106.00
66.00,32.00,81.00,32.00,81.00,100.00,66.00,100.00
62.00,31.00,79.00,31.00,79.00,99.00,62.00,99.00
83.00,31.00,101.00,31.00,101.00,99.00,83.00,99.00
99.00,33.00,115.00,33.00,115.00,101.00,99.00,101.00
91.00,26.00,105.00,26.00,105.00,94.00,91.00,94.00
82.00,26.00,97.00,26.00,97.00,93.00,82.00,93.00
88.00,24.00,103.00,24.00,103.00,93.00,88.00,93.00
85.00,23.00,99.00,23.00,99.00,91.00,85.00,91.00
81.00,25.00,95.00,25.00,95.00,93.00,81.00,93.00
84.00,33.00,99.00,33.00,99.00,105.00,84.00,105.00
91.00,38.00,106.00,38.00,106.00,109.00,91.00,109.00
76.00,42.00,91.00,42.00,91.00,113.00,76.00,113.00
75.00,39.00,91.00,39.00,91.00,111.00,75.00,111.00
82.00,27.00,95.00,27.00,95.00,97.00,82.00,97.00
79.00,21.00,93.00,21.00,93.00,91.00,79.00,91.00
70.00,11.00,85.00,11.00,85.00,84.00,70.00,84.00
60.00,12.00,76.00,12.00,76.00,85.00,60.00,85.00
64.00,15.00,79.00,15.00,79.00,87.00,64.00,87.00
74.00,22.00,89.00,22.00,89.00,93.00,74.00,93.00
82.00,22.00,97.00,22.00,97.00,94.00,82.00,94.00
90.00,25.00,104.00,25.00,104.00,95.00,90.00,95.00
107.00,22.00,122.00,22.00,122.00,93.00,107.00,93.00
118.00,25.00,131.00,25.00,131.00,92.00,118.00,92.00
114.00,20.00,128.00,20.00,128.00,90.00,114.00,90.00
112.00,20.00,127.00,20.00,127.00,91.00,112.00,91.00
130.00,24.00,145.00,24.00,145.00,95.00,130.00,95.00
139.00,27.00,154.00,27.00,154.00,100.00,139.00,100.00
148.00,30.00,163.00,30.00,163.00,100.00,148.00,100.00
151.00,31.00,166.00,31.00,166.00,95.00,151.00,95.00
152.00,32.00,167.00,32.00,167.00,99.00,152.00,99.00
149.00,26.00,164.00,26.00,164.00,102.00,149.00,102.00
154.00,23.00,169.00,23.00,169.00,99.00,154.00,99.00
152.00,30.00,168.00,30.00,168.00,105.00,152.00,105.00
125.00,34.00,141.00,34.00,141.00,109.00,125.00,109.00
107.00,32.00,121.00,32.00,121.00,104.00,107.00,104.00
104.00,30.00,118.00,30.00,118.00,103.00,104.00,103.00
105.00,32.00,119.00,32.00,119.00,102.00,105.00,102.00
106.00,22.00,121.00,22.00,121.00,92.00,106.00,92.00
108.00,10.00,123.00,10.00,123.00,86.00,108.00,86.00
108.00,11.00,123.00,11.00,123.00,88.00,108.00,88.00
116.00,18.00,131.00,18.00,131.00,96.00,116.00,96.00
119.00,19.00,134.00,19.00,134.00,97.00,119.00,97.00
122.00,27.00,137.00,27.00,137.00,102.00,122.00,102.00
111.00,27.00,126.00,27.00,126.00,104.00,111.00,104.00
112.00,31.00,127.00,31.00,127.00,104.00,112.00,104.00
103.00,25.00,119.00,25.00,119.00,106.00,103.00,106.00
103.00,18.00,118.00,18.00,118.00,101.00,103.00,101.00
128.00,18.00,145.00,18.00,145.00,96.00,128.00,96.00
137.00,14.00,153.00,14.00,153.00,96.00,137.00,96.00
130.00,19.00,146.00,19.00,146.00,100.00,130.00,100.00
132.00,27.00,148.00,27.00,148.00,107.00,132.00,107.00
131.00,33.00,146.00,33.00,146.00,109.00,131.00,109.00
129.00,36.00,144.00,36.00,144.00,110.00,129.00,110.00
133.00,41.00,148.00,41.00,148.00,117.00,133.00,117.00
143.00,53.00,158.00,53.00,158.00,131.00,143.00,131.00
140.00,58.00,156.00,58.00,156.00,138.00,140.00,138.00
123.00,56.00,137.00,56.00,137.00,135.00,123.00,135.00
128.00,45.00,142.00,45.00,142.00,122.00,128.00,122.00
123.00,46.00,140.00,46.00,140.00,124.00,123.00,124.00
111.00,52.00,127.00,52.00,127.00,130.00,111.00,130.00
101.00,39.00,117.00,39.00,117.00,116.00,101.00,116.00
99.00,45.00,114.00,45.00,114.00,125.00,99.00,125.00
110.00,51.00,127.00,51.00,127.00,138.00,110.00,138.00
119.00,62.00,136.00,62.00,136.00,145.00,119.00,145.00
127.00,66.00,144.00,66.00,144.00,154.00,127.00,154.00
139.00,62.00,153.00,62.00,153.00,148.00,139.00,148.00
151.00,69.00,166.00,69.00,166.00,146.00,151.00,146.00
136.00,58.00,152.00,58.00,152.00,137.00,136.00,137.00
147.00,56.00,161.00,56.00,161.00,133.00,147.00,133.00
160.00,53.00,176.00,53.00,176.00,131.00,160.00,131.00
167.00,50.00,183.00,50.00,183.00,129.00,167.00,129.00
173.00,49.00,188.00,49.00,188.00,133.00,173.00,133.00
185.00,51.00,200.00,51.00,200.00,134.00,185.00,134.00
180.00,55.00,195.00,55.00,195.00,138.00,180.00,138.00
177.00,49.00,193.00,49.00,193.00,134.00,177.00,134.00
178.00,52.00,194.00,52.00,194.00,137.00,178.00,137.00
179.00,47.00,193.00,47.00,193.00,132.00,179.00,132.00
2
0
0
0
0
1
133.00,40.00,164.00,40.00,164.00,125.00,133.00,125.00
146.00,42.00,177.00,42.00,177.00,127.00,146.00,127.00
147.00,44.00,178.00,44.00,178.00,131.00,147.00,131.00
136.00,47.00,170.00,47.00,170.00,137.00,136.00,137.00
137.00,44.00,170.00,44.00,170.00,133.00,137.00,133.00
142.00,43.00,174.00,43.00,174.00,133.00,142.00,133.00
139.00,33.00,170.00,33.00,170.00,123.00,139.00,123.00
131.00,22.00,164.00,22.00,164.00,107.00,131.00,107.00
166.00,23.00,201.00,23.00,201.00,108.00,166.00,108.00
175.00,27.00,211.00,27.00,211.00,116.00,175.00,116.00
176.00,27.00,210.00,27.00,210.00,117.00,176.00,117.00
181.00,28.00,215.00,28.00,215.00,117.00,181.00,117.00
187.00,34.00,219.00,34.00,219.00,123.00,187.00,123.00
169.00,33.00,204.00,33.00,204.00,127.00,169.00,127.00
171.00,36.00,208.00,36.00,208.00,127.00,171.00,127.00
169.00,40.00,205.00,40.00,205.00,129.00,169.00,129.00
164.00,44.00,200.00,44.00,200.00,132.00,164.00,132.00
139.00,45.00,174.00,45.00,174.00,135.00,139.00,135.00
132.00,41.00,166.00,41.00,166.00,132.00,132.00,132.00
118.00,46.00,156.00,46.00,156.00,143.00,118.00,143.00
121.00,47.00,156.00,47.00,156.00,140.00,121.00,140.00
120.00,45.00,153.00,45.00,153.00,139.00,120.00,139.00
116.00,51.00,150.00,51.00,150.00,144.00,116.00,144.00
122.00,52.00,158.00,52.00,158.00,140.00,122.00,140.00
139.00,50.00,176.00,50.00,176.00,137.00,139.00,137.00
146.00,52.00,182.00,52.00,182.00,140.00,146.00,140.00
144.00,44.00,180.00,44.00,180.00,136.00,144.00,136.00
140.00,45.00,176.00,45.00,176.00,137.00,140.00,137.00
144.00,28.00,179.00,28.00,179.00,123.00,144.00,123.00
142.00,23.00,179.00,23.00,179.00,116.00,142.00,116.00
170.00,18.00,207.00,18.00,207.00,111.00,170.00,111.00
176.00,24.00,212.00,24.00,212.00,114.00,176.00,114.00
177.00,31.00,214.00,31.00,214.00,122.00,177.00,122.00
173.00,36.00,210.00,36.00,210.00,126.00,173.00,126.00
168.00,31.00,205.00,31.00,205.00,123.00,168.00,123.00
163.00,33.00,199.00,33.00,199.00,128.00,163.00,128.00
169.00,38.00,203.00,38.00,203.00,126.00,169.00,126.00
153.00,34.00,189.00,34.00,189.00,121.00,153.00,121.00
140.00,31.00,174.00,31.00,174.00,120.00,140.00,120.00
132.00,30.00,163.00,30.00,163.00,119.00,132.00,119.00
141.00,17.00,175.00,17.00,175.00,106.00,141.00,106.00
134.00,19.00,171.00,19.00,171.00,104.00,134.00,104.00
141.00,15.00,176.00,15.00,176.00,103.00,141.00,103.00
142.00,26.00,177.00,26.00,177.00,112.00,142.00,112.00
