1
47.00,42.00,62.00,42.00,62.00,108.00,47.00,108.00
34.00,40.00,49.00,40.00,49.00,103.00,34.00,103.00
30.00,42.00,45.00,42.00,45.00,105.00,30.00,105.00
38.00,37.00,52.00,37.00,52.00,101.00,38.00,101.00
29.00,41.00,45.00,41.00,45.00,106.00,29.00,106.00
30.00,42.00,46.00,42.00,46.00,109.00,30.00,109.00
33.00,44.00,50.00,44.00,50.00,110.00,33.00,110.00
39.00,41.00,55.00,41.00,55.00,107.00,39.00,107.00
37.00,35.00,53.00,35.00,53.00,101.00,37.00,101.00
46.00,37.00,61.00,37.00,61.00,100.00,46.00,100.00
45.00,34.00,61.00,34.00,61.00,99.00,45.00,99.00
61.00,38.00,77.00,38.00,77.00,104.00,61.00,104.00
65.00,33.00,81.00,33.00,81.00,98.00,65.00,98.00
62.00,31.00,79.00,31.00,79.00,96.00,62.00,96.00
84.00,32.00,101.00,32.00,101.00,99.00,84.00,99.00
99.00,34.00,115.00,34.00,115.00,103.00,99.00,103.00
91.00,27.00,105.00,27.00,105.00,95.00,91.00,95.00
83.00,27.00,96.00,27.00,96.00,94.00,83.00,94.00
88.00,23.00,102.00,23.00,102.00,91.00,88.00,91.00
86.00,25.00,99.00,25.00,99.00,91.00,86.00,91.00
81.00,27.00,96.00,27.00,96.00,96.00,81.00,96.00
83.00,34.00,98.00,34.00,98.00,104.00,83.00,104.00
89.00,39.00,105.00,39.00,105.00,110.00,89.00,110.00
74.00,42.00,90.00,42.00,90.00,114.00,74.00,114.00
73.00,39.00,89.00,39.00,89.00,114.00,73.00,114.00
81.00,27.00,95.00,27.00,95.00,100.00,81.00,100.00
78.00,21.00,93.00,21.00,93.00,92.00,78.00,92.00
70.00,12.00,85.00,12.00,85.00,84.00,70.00,84.00
61.00,12.00,76.00,12.00,76.00,85.00,61.00,85.00
64.00,14.00,79.00,14.00,79.00,88.00,64.00,88.00
74.00,20.00,90.00,20.00,90.00,93.00,74.00,93.00
81.00,21.00,97.00,21.00,97.00,97.00,81.00,97.00
90.00,24.00,104.00,24.00,104.00,97.00,90.00,97.00
107.00,19.00,121.00,19.00,121.00,94.00,107.00,94.00
118.00,22.00,131.00,22.00,131.00,94.00,118.00,94.00
113.00,20.00,127.00,20.00,127.00,94.00,113.00,94.00
112.00,17.00,127.00,17.00,127.00,93.00,112.00,93.00
131.00,24.00,146.00,24.00,146.00,100.00,131.00,100.00
139.00,25.00,154.00,25.00,154.00,103.00,139.00,103.00
148.00,27.00,163.00,27.00,163.00,103.00,148.00,103.00
151.00,29.00,166.00,29.00,166.00,99.00,151.00,99.00
152.00,28.00,167.00,28.00,167.00,100.00,152.00,100.00
149.00,24.00,164.00,24.00,164.00,103.00,149.00,103.00
154.00,22.00,170.00,22.00,170.00,100.00,154.00,100.00
152.00,28.00,168.00,28.00,168.00,106.00,152.00,106.00
124.00,31.00,140.00,31.00,140.00,107.00,124.00,107.00
106.00,31.00,120.00,31.00,120.00,104.00,106.00,104.00
103.00,28.00,118.00,28.00,118.00,104.00,103.00,104.00
105.00,31.00,118.00,31.00,118.00,105.00,105.00,105.00
107.00,21.00,121.00,21.00,121.00,93.00,107.00,93.00
107.00,8.00,123.00,8.00,123.00,84.00,107.00,84.00
107.00,9.00,122.00,9.00,122.00,86.00,107.00,86.00
116.00,17.00,132.00,17.00,132.00,96.00,116.00,96.00
120.00,18.00,136.00,18.00,136.00,97.00,120.00,97.00
121.00,24.00,136.00,24.00,136.00,101.00,121.00,101.00
111.00,25.00,125.00,25.00,125.00,104.00,111.00,104.00
113.00,28.00,126.00,28.00,126.00,104.00,113.00,104.00
103.00,23.00,117.00,23.00,117.00,105.00,103.00,105.00
103.00,18.00,118.00,18.00,118.00,101.00,103.00,101.00
126.00,13.00,142.00,13.00,142.00,94.00,126.00,94.00
138.00,14.00,154.00,14.00,154.00,95.00,138.00,95.00
130.00,19.00,146.00,19.00,146.00,98.00,130.00,98.00
133.00,28.00,148.00,28.00,148.00,108.00,133.00,108.00
131.00,34.00,145.00,34.00,145.00,110.00,131.00,110.00
129.00,36.00,144.00,36.00,144.00,109.00,129.00,109.00
134.00,41.00,149.00,41.00,149.00,119.00,134.00,119.00
144.00,53.00,160.00,53.00,160.00,129.00,144.00,129.00
140.00,59.00,155.00,59.00,155.00,135.00,140.00,135.00
122.00,56.00,136.00,56.00,136.00,134.00,122.00,134.00
129.00,46.00,142.00,46.00,142.00,122.00,129.00,122.00
122.00,44.00,139.00,44.00,139.00,124.00,122.00,124.00
111.00,50.00,127.00,50.00,127.00,128.00,111.00,128.00
102.00,38.00,117.00,38.00,117.00,117.00,102.00,117.00
99.00,45.00,115.00,45.00,115.00,125.00,99.00,125.00
109.00,51.00,127.00,51.00,127.00,138.00,109.00,138.00
119.00,62.00,136.00,62.00,136.00,145.00,119.00,145.00
128.00,68.00,145.00,68.00,145.00,153.00,128.00,153.00
138.00,63.00,152.00,63.00,152.00,147.00,138.00,147.00
150.00,70.00,164.00,70.00,164.00,144.00,150.00,144.00
136.00,57.00,151.00,57.00,151.00,136.00,136.00,136.00
146.00,54.00,161.00,54.00,161.00,130.00,146.00,130.00
159.00,52.00,175.00,52.00,175.00,128.00,159.00,128.00
167.00,48.00,183.00,48.00,183.00,128.00,167.00,128.00
173.00,50.00,190.00,50.00,190.00,134.00,173.00,134.00
185.00,51.00,200.00,51.00,200.00,135.00,185.00,135.00
181.00,52.00,196.00,52.00,196.00,137.00,181.00,137.00
177.00,47.00,193.00,47.00,193.00,135.00,177.00,135.00
178.00,50.00,194.00,50.00,194.00,138.00,178.00,138.00
179.00,47.00,194.00,47.00,194.00,130.00,179.00,130.00
2
0
0
0
0
1
134.00,39.00,165.00,39.00,165.00,127.00,134.00,127.00
146.00,42.00,177.00,42.00,177.00,128.00,146.00,128.00
148.00,43.00,178.00,43.00,178.00,134.00,148.00,134.00
137.00,46.00,170.00,46.00,170.00,136.00,137.00,136.00
136.00,41.00,170.00,41.00,170.00,130.00,136.00,130.00
142.00,41.00,174.00,41.00,174.00,133.00,142.00,133.00
141.00,33.00,171.00,33.00,171.00,126.00,141.00,126.00
132.00,21.00,164.00,21.00,164.00,110.00,132.00,110.00
168.00,24.00,201.00,24.00,201.00,110.00,168.00,110.00
178.00,29.00,212.00,29.00,212.00,118.00,178.00,118.00
177.00,30.00,211.00,30.00,211.00,120.00,177.00,120.00
182.00,30.00,216.00,30.00,216.00,120.00,182.00,120.00
188.00,35.00,218.00,35.00,218.00,126.00,188.00,126.00
172.00,35.00,203.00,35.00,203.00,125.00,172.00,125.00
173.00,39.00,207.00,39.00,207.00,126.00,173.00,126.00
172.00,42.00,206.00,42.00,206.00,129.00,172.00,129.00
167.00,44.00,201.00,44.00,201.00,131.00,167.00,131.00
139.00,46.00,173.00,46.00,173.00,132.00,139.00,132.00
131.00,42.00,166.00,42.00,166.00,130.00,131.00,130.00
122.00,48.00,156.00,48.00,156.00,140.00,122.00,140.00
124.00,47.00,154.00,47.00,154.00,139.00,124.00,139.00
122.00,45.00,153.00,45.00,153.00,139.00,122.00,139.00
117.00,52.00,150.00,52.00,150.00,145.00,117.00,145.00
124.00,51.00,157.00,51.00,157.00,139.00,124.00,139.00
141.00,52.00,175.00,52.00,175.00,137.00,141.00,137.00
150.00,51.00,183.00,51.00,183.00,141.00,150.00,141.00
148.00,46.00,179.00,46.00,179.00,139.00,148.00,139.00
142.00,44.00,176.00,44.00,176.00,137.00,142.00,137.00
147.00,29.00,179.00,29.00,179.00,124.00,147.00,124.00
146.00,23.00,180.00,23.00,180.00,115.00,146.00,115.00
171.00,22.00,206.00,22.00,206.00,111.00,171.00,111.00
178.00,24.00,211.00,24.00,211.00,114.00,178.00,114.00
180.00,32.00,213.00,32.00,213.00,123.00,180.00,123.00
175.00,34.00,209.00,34.00,209.00,126.00,175.00,126.00
170.00,33.00,205.00,33.00,205.00,124.00,170.00,124.00
166.00,32.00,200.00,32.00,200.00,130.00,166.00,130.00
170.00,36.00,203.00,36.00,203.00,130.00,170.00,130.00
155.00,32.00,187.00,32.00,187.00,122.00,155.00,122.00
141.00,31.00,173.00,31.00,173.00,122.00,141.00,122.00
136.00,29.00,167.00,29.00,167.00,119.00,136.00,119.00
147.00,15.00,178.00,15.00,178.00,102.00,147.00,102.00
136.00,19.00,171.00,19.00,171.00,105.00,136.00,105.00
144.00,15.00,178.00,15.00,178.00,102.00,144.00,102.00
144.00,26.00,176.00,26.00,176.00,113.00,144.00,113.00
