1
440.00,174.00,486.00,174.00,486.00,226.00,440.00,226.00
436.00,173.00,482.00,173.00,482.00,225.00,436.00,225.00
430.00,173.00,480.00,173.00,480.00,226.00,430.00,226.00
426.00,172.00,477.00,172.00,477.00,225.00,426.00,225.00
424.00,172.00,474.00,172.00,474.00,225.00,424.00,225.00
420.00,171.00,469.00,171.00,469.00,225.00,420.00,225.00
417.00,169.00,466.00,169.00,466.00,222.00,417.00,222.00
415.00,169.00,462.00,169.00,462.00,221.00,415.00,221.00
411.00,166.00,461.00,166.00,461.00,220.00,411.00,220.00
407.00,164.00,458.00,164.00,458.00,218.00,407.00,218.00
405.00,161.00,457.00,161.00,457.00,218.00,405.00,218.00
404.00,159.00,455.00,159.00,455.00,217.00,404.00,217.00
400.00,156.00,454.00,156.00,454.00,215.00,400.00,215.00
401.00,156.00,452.00,156.00,452.00,214.00,401.00,214.00
400.00,155.00,452.00,155.00,452.00,213.00,400.00,213.00
402.00,152.00,452.00,152.00,452.00,213.00,402.00,213.00
403.00,151.00,454.00,151.00,454.00,206.00,403.00,206.00
402.00,150.00,456.00,150.00,456.00,205.00,402.00,205.00
411.00,146.00,459.00,146.00,459.00,206.00,411.00,206.00
415.00,142.00,465.00,142.00,465.00,201.00,415.00,201.00
420.00,139.00,473.00,139.00,473.00,199.00,420.00,199.00
427.00,134.00,481.00,134.00,481.00,194.00,427.00,194.00
435.00,129.00,490.00,129.00,490.00,191.00,435.00,191.00
443.00,128.00,499.00,128.00,499.00,191.00,443.00,191.00
451.00,123.00,505.00,123.00,505.00,188.00,451.00,188.00
461.00,121.00,516.00,121.00,516.00,185.00,461.00,185.00
468.00,116.00,529.00,116.00,529.00,180.00,468.00,180.00
479.00,104.00,543.00,104.00,543.00,169.00,479.00,169.00
494.00,93.00,558.00,93.00,558.00,155.00,494.00,155.00
503.00,82.00,567.00,82.00,567.00,142.00,503.00,142.00
515.00,68.00,582.00,68.00,582.00,132.00,515.00,132.00
522.00,58.00,590.00,58.00,590.00,123.00,522.00,123.00
528.00,47.00,599.00,47.00,599.00,114.00,528.00,114.00
537.00,52.00,592.00,52.00,592.00,111.00,537.00,111.00
538.00,47.00,593.00,47.00,593.00,106.00,538.00,106.00
521.00,75.00,576.00,75.00,576.00,134.00,521.00,134.00
507.00,74.00,562.00,74.00,562.00,133.00,507.00,133.00
487.00,78.00,542.00,78.00,542.00,136.00,487.00,136.00
463.00,83.00,519.00,83.00,519.00,142.00,463.00,142.00
458.00,67.00,514.00,67.00,514.00,127.00,458.00,127.00
417.00,69.00,473.00,69.00,473.00,129.00,417.00,129.00
384.00,70.00,442.00,70.00,442.00,132.00,384.00,132.00
377.00,54.00,435.00,54.00,435.00,116.00,377.00,116.00
367.00,-8.00,439.00,-8.00,439.00,52.00,367.00,52.00
360.00,-8.00,419.00,-8.00,419.00,55.00,360.00,55.00
331.00,-4.00,403.00,-4.00,403.00,65.00,331.00,65.00
319.00,-5.00,392.00,-5.00,392.00,63.00,319.00,63.00
307.00,-1.00,365.00,-1.00,365.00,61.00,307.00,61.00
290.00,-4.00,351.00,-4.00,351.00,70.00,290.00,70.00
278.00,-7.00,334.00,-7.00,334.00,53.00,278.00,53.00
275.00,18.00,332.00,18.00,332.00,79.00,275.00,79.00
260.00,26.00,318.00,26.00,318.00,88.00,260.00,88.00
241.00,17.00,312.00,17.00,312.00,83.00,241.00,83.00
229.00,22.00,288.00,22.00,288.00,85.00,229.00,85.00
242.00,-6.00,302.00,-6.00,302.00,58.00,242.00,58.00
259.00,7.00,318.00,7.00,318.00,70.00,259.00,70.00
268.00,22.00,326.00,22.00,326.00,84.00,268.00,84.00
245.00,26.00,303.00,26.00,303.00,87.00,245.00,87.00
229.00,43.00,287.00,43.00,287.00,104.00,229.00,104.00
217.00,70.00,275.00,70.00,275.00,131.00,217.00,131.00
205.00,72.00,262.00,72.00,262.00,132.00,205.00,132.00
182.00,94.00,239.00,94.00,239.00,154.00,182.00,154.00
187.00,77.00,243.00,77.00,243.00,136.00,187.00,136.00
192.00,66.00,249.00,66.00,249.00,126.00,192.00,126.00
201.00,83.00,258.00,83.00,258.00,143.00,201.00,143.00
217.00,97.00,275.00,97.00,275.00,158.00,217.00,158.00
187.00,141.00,244.00,141.00,244.00,201.00,187.00,201.00
209.00,160.00,265.00,160.00,265.00,219.00,209.00,219.00
198.00,157.00,254.00,157.00,254.00,216.00,198.00,216.00
188.00,109.00,243.00,109.00,243.00,167.00,188.00,167.00
204.00,108.00,259.00,108.00,259.00,166.00,204.00,166.00
221.00,109.00,277.00,109.00,277.00,168.00,221.00,168.00
231.00,121.00,288.00,121.00,288.00,181.00,231.00,181.00
259.00,109.00,317.00,109.00,317.00,170.00,259.00,170.00
269.00,131.00,327.00,131.00,327.00,192.00,269.00,192.00
276.00,143.00,334.00,143.00,334.00,204.00,276.00,204.00
290.00,146.00,348.00,146.00,348.00,207.00,290.00,207.00
304.00,150.00,361.00,150.00,361.00,210.00,304.00,210.00
310.00,144.00,368.00,144.00,368.00,205.00,310.00,205.00
350.00,168.00,409.00,168.00,409.00,230.00,350.00,230.00
407.00,205.00,466.00,205.00,466.00,267.00,407.00,267.00
396.00,267.00,470.00,267.00,470.00,331.00,396.00,331.00
387.00,268.00,466.00,268.00,466.00,335.00,387.00,335.00
396.00,262.00,474.00,262.00,474.00,326.00,396.00,326.00
411.00,263.00,492.00,263.00,492.00,331.00,411.00,331.00
422.00,271.00,504.00,271.00,504.00,341.00,422.00,341.00
430.00,285.00,511.00,285.00,511.00,352.00,430.00,352.00
436.00,298.00,517.00,298.00,517.00,364.00,436.00,364.00
442.00,303.00,523.00,303.00,523.00,369.00,442.00,369.00
442.00,309.00,519.00,309.00,519.00,373.00,442.00,373.00
435.00,325.00,512.00,325.00,512.00,392.00,435.00,392.00
427.00,302.00,501.00,302.00,501.00,371.00,427.00,371.00
410.00,285.00,468.00,285.00,468.00,345.00,410.00,345.00
381.00,245.00,458.00,245.00,458.00,317.00,381.00,317.00
360.00,212.00,438.00,212.00,438.00,283.00,360.00,283.00
349.00,183.00,423.00,183.00,423.00,252.00,349.00,252.00
326.00,174.00,398.00,174.00,398.00,240.00,326.00,240.00
320.00,158.00,395.00,158.00,395.00,217.00,320.00,217.00
320.00,138.00,395.00,138.00,395.00,198.00,320.00,198.00
299.00,133.00,370.00,133.00,370.00,192.00,299.00,192.00
287.00,131.00,345.00,131.00,345.00,191.00,287.00,191.00
274.00,119.00,339.00,119.00,339.00,174.00,274.00,174.00
269.00,110.00,335.00,110.00,335.00,167.00,269.00,167.00
258.00,118.00,322.00,118.00,322.00,177.00,258.00,177.00
279.00,119.00,347.00,119.00,347.00,181.00,279.00,181.00
272.00,114.00,333.00,114.00,333.00,172.00,272.00,172.00
268.00,102.00,328.00,102.00,328.00,159.00,268.00,159.00
273.00,113.00,337.00,113.00,337.00,172.00,273.00,172.00
266.00,115.00,328.00,115.00,328.00,175.00,266.00,175.00
266.00,123.00,330.00,123.00,330.00,183.00,266.00,183.00
264.00,129.00,323.00,129.00,323.00,188.00,264.00,188.00
262.00,134.00,320.00,134.00,320.00,193.00,262.00,193.00
263.00,139.00,318.00,139.00,318.00,196.00,263.00,196.00
266.00,142.00,320.00,142.00,320.00,201.00,266.00,201.00
269.00,144.00,321.00,144.00,321.00,201.00,269.00,201.00
275.00,146.00,326.00,146.00,326.00,203.00,275.00,203.00
280.00,148.00,330.00,148.00,330.00,204.00,280.00,204.00
285.00,153.00,334.00,153.00,334.00,207.00,285.00,207.00
287.00,163.00,337.00,163.00,337.00,218.00,287.00,218.00
293.00,157.00,339.00,157.00,339.00,217.00,293.00,217.00
299.00,161.00,341.00,161.00,341.00,219.00,299.00,219.00
302.00,166.00,342.00,166.00,342.00,223.00,302.00,223.00
302.00,171.00,342.00,171.00,342.00,226.00,302.00,226.00
304.00,176.00,343.00,176.00,343.00,230.00,304.00,230.00
305.00,180.00,344.00,180.00,344.00,237.00,305.00,237.00
307.00,184.00,346.00,184.00,346.00,240.00,307.00,240.00
310.00,188.00,348.00,188.00,348.00,241.00,310.00,241.00
313.00,191.00,352.00,191.00,352.00,245.00,313.00,245.00
317.00,193.00,355.00,193.00,355.00,246.00,317.00,246.00
319.00,195.00,357.00,195.00,357.00,246.00,319.00,246.00
