1
440.00,174.00,486.00,174.00,486.00,225.00,440.00,225.00
436.00,174.00,483.00,174.00,483.00,226.00,436.00,226.00
429.00,173.00,480.00,173.00,480.00,226.00,429.00,226.00
426.00,172.00,478.00,172.00,478.00,226.00,426.00,226.00
423.00,171.00,475.00,171.00,475.00,227.00,423.00,227.00
420.00,171.00,471.00,171.00,471.00,225.00,420.00,225.00
416.00,170.00,467.00,170.00,467.00,225.00,416.00,225.00
415.00,169.00,465.00,169.00,465.00,222.00,415.00,222.00
411.00,167.00,461.00,167.00,461.00,221.00,411.00,221.00
407.00,166.00,457.00,166.00,457.00,219.00,407.00,219.00
406.00,164.00,456.00,164.00,456.00,219.00,406.00,219.00
403.00,162.00,455.00,162.00,455.00,217.00,403.00,217.00
402.00,160.00,454.00,160.00,454.00,216.00,402.00,216.00
400.00,159.00,452.00,159.00,452.00,215.00,400.00,215.00
400.00,157.00,451.00,157.00,451.00,213.00,400.00,213.00
401.00,155.00,453.00,155.00,453.00,211.00,401.00,211.00
401.00,152.00,455.00,152.00,455.00,207.00,401.00,207.00
401.00,150.00,457.00,150.00,457.00,206.00,401.00,206.00
409.00,147.00,461.00,147.00,461.00,207.00,409.00,207.00
414.00,143.00,467.00,143.00,467.00,204.00,414.00,204.00
419.00,139.00,474.00,139.00,474.00,201.00,419.00,201.00
426.00,135.00,483.00,135.00,483.00,198.00,426.00,198.00
434.00,130.00,493.00,130.00,493.00,194.00,434.00,194.00
440.00,128.00,501.00,128.00,501.00,193.00,440.00,193.00
449.00,123.00,511.00,123.00,511.00,189.00,449.00,189.00
459.00,119.00,520.00,119.00,520.00,184.00,459.00,184.00
466.00,113.00,531.00,113.00,531.00,179.00,466.00,179.00
477.00,109.00,541.00,109.00,541.00,175.00,477.00,175.00
489.00,93.00,557.00,93.00,557.00,160.00,489.00,160.00
498.00,86.00,566.00,86.00,566.00,153.00,498.00,153.00
510.00,70.00,582.00,70.00,582.00,140.00,510.00,140.00
520.00,55.00,594.00,55.00,594.00,125.00,520.00,125.00
524.00,46.00,600.00,46.00,600.00,118.00,524.00,118.00
525.00,41.00,600.00,41.00,600.00,113.00,525.00,113.00
541.00,34.00,601.00,34.00,601.00,101.00,541.00,101.00
526.00,50.00,586.00,50.00,586.00,116.00,526.00,116.00
503.00,65.00,563.00,65.00,563.00,130.00,503.00,130.00
487.00,75.00,548.00,75.00,548.00,141.00,487.00,141.00
464.00,67.00,526.00,67.00,526.00,134.00,464.00,134.00
450.00,89.00,511.00,89.00,511.00,155.00,450.00,155.00
404.00,84.00,476.00,84.00,476.00,158.00,404.00,158.00
379.00,55.00,451.00,55.00,451.00,132.00,379.00,132.00
363.00,57.00,426.00,57.00,426.00,125.00,363.00,125.00
345.00,65.00,409.00,65.00,409.00,134.00,345.00,134.00
335.00,80.00,401.00,80.00,401.00,151.00,335.00,151.00
324.00,99.00,390.00,99.00,390.00,170.00,324.00,170.00
318.00,80.00,384.00,80.00,384.00,151.00,318.00,151.00
298.00,120.00,364.00,120.00,364.00,192.00,298.00,192.00
291.00,127.00,357.00,127.00,357.00,199.00,291.00,199.00
294.00,121.00,359.00,121.00,359.00,192.00,294.00,192.00
308.00,146.00,373.00,146.00,373.00,217.00,308.00,217.00
285.00,124.00,350.00,124.00,350.00,195.00,285.00,195.00
275.00,127.00,341.00,127.00,341.00,199.00,275.00,199.00
279.00,144.00,345.00,144.00,345.00,216.00,279.00,216.00
241.00,166.00,307.00,166.00,307.00,239.00,241.00,239.00
248.00,244.00,314.00,244.00,314.00,317.00,248.00,317.00
217.00,277.00,284.00,277.00,284.00,351.00,217.00,351.00
188.00,271.00,262.00,271.00,262.00,351.00,188.00,351.00
234.00,288.00,302.00,288.00,302.00,364.00,234.00,364.00
222.00,290.00,308.00,290.00,308.00,372.00,222.00,372.00
213.00,300.00,296.00,300.00,296.00,387.00,213.00,387.00
201.00,314.00,280.00,314.00,280.00,402.00,201.00,402.00
204.00,330.00,283.00,330.00,283.00,416.00,204.00,416.00
220.00,333.00,304.00,333.00,304.00,420.00,220.00,420.00
2
0
0
0
0
1
157.00,11.00,449.00,11.00,449.00,353.00,157.00,353.00
174.00,14.00,469.00,14.00,469.00,359.00,174.00,359.00
189.00,19.00,489.00,19.00,489.00,370.00,189.00,370.00
201.00,22.00,508.00,22.00,508.00,381.00,201.00,381.00
213.00,25.00,525.00,25.00,525.00,387.00,213.00,387.00
224.00,30.00,538.00,30.00,538.00,392.00,224.00,392.00
234.00,32.00,554.00,32.00,554.00,398.00,234.00,398.00
244.00,27.00,565.00,27.00,565.00,391.00,244.00,391.00
255.00,19.00,578.00,19.00,578.00,387.00,255.00,387.00
267.00,9.00,589.00,9.00,589.00,376.00,267.00,376.00
281.00,-3.00,605.00,-3.00,605.00,361.00,281.00,361.00
297.00,-13.00,622.00,-13.00,622.00,351.00,297.00,351.00
315.00,-20.00,644.00,-20.00,644.00,340.00,315.00,340.00
336.00,-24.00,667.00,-24.00,667.00,332.00,336.00,332.00
351.00,-19.00,677.00,-19.00,677.00,330.00,351.00,330.00
366.00,-10.00,689.00,-10.00,689.00,342.00,366.00,342.00
373.00,1.00,702.00,1.00,702.00,359.00,373.00,359.00
381.00,10.00,717.00,10.00,717.00,375.00,381.00,375.00
385.00,15.00,721.00,15.00,721.00,384.00,385.00,384.00
386.00,20.00,722.00,20.00,722.00,382.00,386.00,382.00
382.00,21.00,714.00,21.00,714.00,374.00,382.00,374.00
377.00,22.00,701.00,22.00,701.00,364.00,377.00,364.00
368.00,18.00,686.00,18.00,686.00,351.00,368.00,351.00
357.00,25.00,657.00,25.00,657.00,338.00,357.00,338.00
340.00,28.00,629.00,28.00,629.00,330.00,340.00,330.00
320.00,32.00,599.00,32.00,599.00,321.00,320.00,321.00
299.00,43.00,569.00,43.00,569.00,315.00,299.00,315.00
261.00,56.00,540.00,56.00,540.00,385.00,261.00,385.00
242.00,78.00,486.00,78.00,486.00,349.00,242.00,349.00
219.00,96.00,452.00,96.00,452.00,375.00,219.00,375.00
193.00,130.00,422.00,130.00,422.00,409.00,193.00,409.00
180.00,145.00,408.00,145.00,408.00,427.00,180.00,427.00
147.00,133.00,379.00,133.00,379.00,425.00,147.00,425.00
126.00,126.00,398.00,126.00,398.00,447.00,126.00,447.00
145.00,106.00,365.00,106.00,365.00,383.00,145.00,383.00
143.00,96.00,364.00,96.00,364.00,372.00,143.00,372.00
124.00,72.00,382.00,72.00,382.00,377.00,124.00,377.00
133.00,82.00,388.00,82.00,388.00,383.00,133.00,383.00
149.00,97.00,402.00,97.00,402.00,396.00,149.00,396.00
168.00,110.00,421.00,110.00,421.00,409.00,168.00,409.00
184.00,123.00,432.00,123.00,432.00,417.00,184.00,417.00
197.00,125.00,446.00,125.00,446.00,420.00,197.00,420.00
193.00,121.00,440.00,121.00,440.00,414.00,193.00,414.00
185.00,114.00,434.00,114.00,434.00,410.00,185.00,410.00
259.00,137.00,509.00,137.00,509.00,434.00,259.00,434.00
318.00,150.00,567.00,150.00,567.00,446.00,318.00,446.00
310.00,104.00,557.00,104.00,557.00,397.00,310.00,397.00
2
0
0
0
0
1
307.00,182.00,343.00,182.00,343.00,226.00,307.00,226.00
309.00,188.00,344.00,188.00,344.00,229.00,309.00,229.00
311.00,192.00,345.00,192.00,345.00,233.00,311.00,233.00
315.00,196.00,348.00,196.00,348.00,232.00,315.00,232.00
317.00,199.00,350.00,199.00,350.00,232.00,317.00,232.00
321.00,201.00,353.00,201.00,353.00,234.00,321.00,234.00
324.00,203.00,355.00,203.00,355.00,235.00,324.00,235.00
