1
740.00,223.00,820.00,223.00,820.00,393.00,740.00,393.00
740.00,225.00,821.00,225.00,821.00,393.00,740.00,393.00
758.00,229.00,837.00,229.00,837.00,397.00,758.00,397.00
765.00,224.00,845.00,224.00,845.00,392.00,765.00,392.00
765.00,224.00,845.00,224.00,845.00,391.00,765.00,391.00
776.00,216.00,859.00,216.00,859.00,372.00,776.00,372.00
776.00,216.00,859.00,216.00,859.00,372.00,776.00,372.00
737.00,228.00,820.00,228.00,820.00,399.00,737.00,399.00
787.00,208.00,880.00,208.00,880.00,382.00,787.00,382.00
793.00,210.00,882.00,210.00,882.00,379.00,793.00,379.00
807.00,205.00,890.00,205.00,890.00,376.00,807.00,376.00
813.00,207.00,896.00,207.00,896.00,377.00,813.00,377.00
813.00,209.00,895.00,209.00,895.00,377.00,813.00,377.00
825.00,214.00,907.00,214.00,907.00,386.00,825.00,386.00
829.00,219.00,915.00,219.00,915.00,386.00,829.00,386.00
829.00,219.00,915.00,219.00,915.00,386.00,829.00,386.00
792.00,185.00,874.00,185.00,874.00,355.00,792.00,355.00
843.00,207.00,932.00,207.00,932.00,396.00,843.00,396.00
846.00,211.00,933.00,211.00,933.00,395.00,846.00,395.00
866.00,208.00,949.00,208.00,949.00,385.00,866.00,385.00
872.00,199.00,952.00,199.00,952.00,376.00,872.00,376.00
874.00,199.00,955.00,199.00,955.00,375.00,874.00,375.00
874.00,199.00,956.00,199.00,956.00,376.00,874.00,376.00
887.00,197.00,967.00,197.00,967.00,374.00,887.00,374.00
894.00,200.00,973.00,200.00,973.00,374.00,894.00,374.00
901.00,195.00,980.00,195.00,980.00,370.00,901.00,370.00
901.00,195.00,980.00,195.00,980.00,370.00,901.00,370.00
915.00,195.00,992.00,195.00,992.00,369.00,915.00,369.00
921.00,196.00,998.00,196.00,998.00,369.00,921.00,369.00
925.00,199.00,1003.00,199.00,1003.00,369.00,925.00,369.00
927.00,200.00,1004.00,200.00,1004.00,369.00,927.00,369.00
935.00,203.00,1013.00,203.00,1013.00,373.00,935.00,373.00
939.00,198.00,1017.00,198.00,1017.00,366.00,939.00,366.00
943.00,190.00,1021.00,190.00,1021.00,361.00,943.00,361.00
944.00,191.00,1021.00,191.00,1021.00,361.00,944.00,361.00
957.00,200.00,1037.00,200.00,1037.00,368.00,957.00,368.00
945.00,186.00,1031.00,186.00,1031.00,354.00,945.00,354.00
949.00,186.00,1034.00,186.00,1034.00,352.00,949.00,352.00
948.00,187.00,1034.00,187.00,1034.00,353.00,948.00,353.00
951.00,187.00,1032.00,187.00,1032.00,363.00,951.00,363.00
949.00,192.00,1032.00,192.00,1032.00,370.00,949.00,370.00
947.00,193.00,1031.00,193.00,1031.00,372.00,947.00,372.00
948.00,193.00,1032.00,193.00,1032.00,370.00,948.00,370.00
948.00,192.00,1033.00,192.00,1033.00,369.00,948.00,369.00
954.00,187.00,1037.00,187.00,1037.00,364.00,954.00,364.00
960.00,181.00,1041.00,181.00,1041.00,355.00,960.00,355.00
966.00,181.00,1047.00,181.00,1047.00,340.00,966.00,340.00
968.00,182.00,1046.00,182.00,1046.00,345.00,968.00,345.00
968.00,177.00,1045.00,177.00,1045.00,339.00,968.00,339.00
975.00,185.00,1050.00,185.00,1050.00,349.00,975.00,349.00
975.00,181.00,1054.00,181.00,1054.00,353.00,975.00,353.00
979.00,183.00,1058.00,183.00,1058.00,355.00,979.00,355.00
981.00,183.00,1061.00,183.00,1061.00,355.00,981.00,355.00
986.00,188.00,1066.00,188.00,1066.00,361.00,986.00,361.00
994.00,194.00,1071.00,194.00,1071.00,364.00,994.00,364.00
995.00,194.00,1074.00,194.00,1074.00,365.00,995.00,365.00
995.00,194.00,1075.00,194.00,1075.00,365.00,995.00,365.00
1001.00,198.00,1081.00,198.00,1081.00,370.00,1001.00,370.00
1003.00,194.00,1084.00,194.00,1084.00,369.00,1003.00,369.00
1007.00,192.00,1089.00,192.00,1089.00,369.00,1007.00,369.00
1009.00,192.00,1092.00,192.00,1092.00,368.00,1009.00,368.00
1009.00,191.00,1093.00,191.00,1093.00,369.00,1009.00,369.00
1010.00,199.00,1092.00,199.00,1092.00,377.00,1010.00,377.00
1008.00,204.00,1092.00,204.00,1092.00,385.00,1008.00,385.00
1007.00,205.00,1090.00,205.00,1090.00,385.00,1007.00,385.00
1009.00,207.00,1093.00,207.00,1093.00,387.00,1009.00,387.00
1010.00,209.00,1093.00,209.00,1093.00,389.00,1010.00,389.00
1007.00,213.00,1092.00,213.00,1092.00,395.00,1007.00,395.00
1003.00,213.00,1087.00,213.00,1087.00,394.00,1003.00,394.00
998.00,210.00,1081.00,210.00,1081.00,392.00,998.00,392.00
994.00,209.00,1077.00,209.00,1077.00,389.00,994.00,389.00
986.00,207.00,1070.00,207.00,1070.00,387.00,986.00,387.00
974.00,206.00,1059.00,206.00,1059.00,384.00,974.00,384.00
964.00,204.00,1047.00,204.00,1047.00,382.00,964.00,382.00
954.00,199.00,1037.00,199.00,1037.00,376.00,954.00,376.00
944.00,195.00,1026.00,195.00,1026.00,371.00,944.00,371.00
932.00,191.00,1016.00,191.00,1016.00,368.00,932.00,368.00
920.00,191.00,1004.00,191.00,1004.00,369.00,920.00,369.00
908.00,193.00,991.00,193.00,991.00,371.00,908.00,371.00
891.00,195.00,977.00,195.00,977.00,375.00,891.00,375.00
873.00,198.00,962.00,198.00,962.00,379.00,873.00,379.00
853.00,205.00,943.00,205.00,943.00,387.00,853.00,387.00
833.00,205.00,924.00,205.00,924.00,384.00,833.00,384.00
810.00,201.00,904.00,201.00,904.00,379.00,810.00,379.00
785.00,200.00,883.00,200.00,883.00,382.00,785.00,382.00
753.00,201.00,854.00,201.00,854.00,384.00,753.00,384.00
724.00,195.00,824.00,195.00,824.00,378.00,724.00,378.00
700.00,188.00,798.00,188.00,798.00,371.00,700.00,371.00
676.00,179.00,775.00,179.00,775.00,364.00,676.00,364.00
656.00,174.00,754.00,174.00,754.00,357.00,656.00,357.00
637.00,171.00,737.00,171.00,737.00,354.00,637.00,354.00
619.00,171.00,717.00,171.00,717.00,354.00,619.00,354.00
600.00,173.00,699.00,173.00,699.00,357.00,600.00,357.00
580.00,178.00,681.00,178.00,681.00,362.00,580.00,362.00
567.00,180.00,667.00,180.00,667.00,359.00,567.00,359.00
551.00,181.00,652.00,181.00,652.00,360.00,551.00,360.00
534.00,181.00,634.00,181.00,634.00,363.00,534.00,363.00
521.00,184.00,618.00,184.00,618.00,365.00,521.00,365.00
510.00,187.00,605.00,187.00,605.00,367.00,510.00,367.00
504.00,189.00,594.00,189.00,594.00,370.00,504.00,370.00
494.00,188.00,587.00,188.00,587.00,368.00,494.00,368.00
475.00,186.00,574.00,186.00,574.00,371.00,475.00,371.00
459.00,188.00,556.00,188.00,556.00,373.00,459.00,373.00
449.00,189.00,545.00,189.00,545.00,374.00,449.00,374.00
439.00,184.00,535.00,184.00,535.00,372.00,439.00,372.00
428.00,179.00,525.00,179.00,525.00,369.00,428.00,369.00
415.00,180.00,511.00,180.00,511.00,368.00,415.00,368.00
406.00,189.00,503.00,189.00,503.00,378.00,406.00,378.00
396.00,202.00,493.00,202.00,493.00,386.00,396.00,386.00
384.00,202.00,481.00,202.00,481.00,386.00,384.00,386.00
378.00,197.00,473.00,197.00,473.00,380.00,378.00,380.00
370.00,195.00,469.00,195.00,469.00,378.00,370.00,378.00
363.00,201.00,461.00,201.00,461.00,387.00,363.00,387.00
355.00,206.00,449.00,206.00,449.00,390.00,355.00,390.00
345.00,206.00,439.00,206.00,439.00,394.00,345.00,394.00
346.00,206.00,440.00,206.00,440.00,393.00,346.00,393.00
323.00,202.00,423.00,202.00,423.00,394.00,323.00,394.00
314.00,199.00,417.00,199.00,417.00,392.00,314.00,392.00
311.00,207.00,409.00,207.00,409.00,391.00,311.00,391.00
306.00,213.00,403.00,213.00,403.00,393.00,306.00,393.00
300.00,212.00,396.00,212.00,396.00,393.00,300.00,393.00
295.00,216.00,389.00,216.00,389.00,397.00,295.00,397.00
291.00,217.00,383.00,217.00,383.00,399.00,291.00,399.00
287.00,215.00,379.00,215.00,379.00,398.00,287.00,398.00
282.00,219.00,374.00,219.00,374.00,401.00,282.00,401.00
279.00,217.00,368.00,217.00,368.00,397.00,279.00,397.00
272.00,218.00,360.00,218.00,360.00,398.00,272.00,398.00
271.00,224.00,358.00,224.00,358.00,400.00,271.00,400.00
269.00,225.00,355.00,225.00,355.00,396.00,269.00,396.00
267.00,219.00,355.00,219.00,355.00,387.00,267.00,387.00
266.00,213.00,350.00,213.00,350.00,380.00,266.00,380.00
266.00,213.00,350.00,213.00,350.00,381.00,266.00,381.00
267.00,216.00,352.00,216.00,352.00,383.00,267.00,383.00
274.00,221.00,358.00,221.00,358.00,388.00,274.00,388.00
276.00,222.00,361.00,222.00,361.00,386.00,276.00,386.00
283.00,221.00,368.00,221.00,368.00,387.00,283.00,387.00
292.00,228.00,376.00,228.00,376.00,391.00,292.00,391.00
299.00,231.00,381.00,231.00,381.00,396.00,299.00,396.00
306.00,230.00,391.00,230.00,391.00,395.00,306.00,395.00
315.00,233.00,409.00,233.00,409.00,401.00,315.00,401.00
323.00,234.00,412.00,234.00,412.00,402.00,323.00,402.00
325.00,234.00,415.00,234.00,415.00,401.00,325.00,401.00
327.00,228.00,419.00,228.00,419.00,394.00,327.00,394.00
337.00,220.00,425.00,220.00,425.00,387.00,337.00,387.00
340.00,223.00,421.00,223.00,421.00,387.00,340.00,387.00
339.00,229.00,420.00,229.00,420.00,391.00,339.00,391.00
336.00,233.00,416.00,233.00,416.00,396.00,336.00,396.00
332.00,237.00,415.00,237.00,415.00,400.00,332.00,400.00
331.00,241.00,413.00,241.00,413.00,400.00,331.00,400.00
330.00,248.00,413.00,248.00,413.00,406.00,330.00,406.00
331.00,251.00,413.00,251.00,413.00,409.00,331.00,409.00
329.00,255.00,412.00,255.00,412.00,414.00,329.00,414.00
330.00,257.00,412.00,257.00,412.00,417.00,330.00,417.00
331.00,258.00,414.00,258.00,414.00,418.00,331.00,418.00
335.00,262.00,417.00,262.00,417.00,421.00,335.00,421.00
339.00,262.00,420.00,262.00,420.00,421.00,339.00,421.00
339.00,259.00,420.00,259.00,420.00,419.00,339.00,419.00
341.00,260.00,422.00,260.00,422.00,419.00,341.00,419.00
342.00,258.00,424.00,258.00,424.00,418.00,342.00,418.00
342.00,256.00,424.00,256.00,424.00,416.00,342.00,416.00
344.00,256.00,426.00,256.00,426.00,418.00,344.00,418.00
348.00,252.00,430.00,252.00,430.00,414.00,348.00,414.00
354.00,249.00,436.00,249.00,436.00,412.00,354.00,412.00
358.00,246.00,441.00,246.00,441.00,410.00,358.00,410.00
363.00,244.00,446.00,244.00,446.00,408.00,363.00,408.00
367.00,248.00,449.00,248.00,449.00,414.00,367.00,414.00
372.00,251.00,456.00,251.00,456.00,420.00,372.00,420.00
378.00,249.00,462.00,249.00,462.00,420.00,378.00,420.00
381.00,247.00,464.00,247.00,464.00,416.00,381.00,416.00
389.00,248.00,473.00,248.00,473.00,415.00,389.00,415.00
393.00,242.00,477.00,242.00,477.00,415.00,393.00,415.00
396.00,239.00,479.00,239.00,479.00,414.00,396.00,414.00
400.00,238.00,485.00,238.00,485.00,413.00,400.00,413.00
406.00,238.00,492.00,238.00,492.00,411.00,406.00,411.00
413.00,236.00,497.00,236.00,497.00,409.00,413.00,409.00
417.00,230.00,503.00,230.00,503.00,410.00,417.00,410.00
423.00,237.00,505.00,237.00,505.00,404.00,423.00,404.00
430.00,242.00,510.00,242.00,510.00,410.00,430.00,410.00
433.00,249.00,514.00,249.00,514.00,416.00,433.00,416.00
438.00,254.00,519.00,254.00,519.00,418.00,438.00,418.00
435.00,254.00,519.00,254.00,519.00,429.00,435.00,429.00
444.00,255.00,523.00,255.00,523.00,413.00,444.00,413.00
447.00,254.00,528.00,254.00,528.00,415.00,447.00,415.00
448.00,254.00,529.00,254.00,529.00,418.00,448.00,418.00
452.00,254.00,534.00,254.00,534.00,422.00,452.00,422.00
460.00,253.00,538.00,253.00,538.00,414.00,460.00,414.00
463.00,259.00,537.00,259.00,537.00,416.00,463.00,416.00
463.00,252.00,540.00,252.00,540.00,412.00,463.00,412.00
467.00,246.00,546.00,246.00,546.00,407.00,467.00,407.00
471.00,249.00,552.00,249.00,552.00,409.00,471.00,409.00
477.00,244.00,557.00,244.00,557.00,414.00,477.00,414.00
479.00,253.00,556.00,253.00,556.00,410.00,479.00,410.00
482.00,246.00,562.00,246.00,562.00,416.00,482.00,416.00
485.00,262.00,560.00,262.00,560.00,412.00,485.00,412.00
488.00,262.00,565.00,262.00,565.00,415.00,488.00,415.00
493.00,265.00,569.00,265.00,569.00,416.00,493.00,416.00
498.00,266.00,574.00,266.00,574.00,416.00,498.00,416.00
502.00,265.00,578.00,265.00,578.00,414.00,502.00,414.00
507.00,265.00,582.00,265.00,582.00,412.00,507.00,412.00
510.00,254.00,587.00,254.00,587.00,418.00,510.00,418.00
