1
740.00,223.00,820.00,223.00,820.00,392.00,740.00,392.00
740.00,223.00,821.00,223.00,821.00,393.00,740.00,393.00
757.00,229.00,837.00,229.00,837.00,397.00,757.00,397.00
764.00,224.00,845.00,224.00,845.00,391.00,764.00,391.00
764.00,223.00,846.00,223.00,846.00,393.00,764.00,393.00
773.00,215.00,858.00,215.00,858.00,373.00,773.00,373.00
773.00,216.00,858.00,216.00,858.00,373.00,773.00,373.00
763.00,188.00,842.00,188.00,842.00,354.00,763.00,354.00
791.00,214.00,881.00,214.00,881.00,379.00,791.00,379.00
793.00,214.00,881.00,214.00,881.00,380.00,793.00,380.00
804.00,204.00,890.00,204.00,890.00,375.00,804.00,375.00
811.00,205.00,896.00,205.00,896.00,376.00,811.00,376.00
811.00,205.00,897.00,205.00,897.00,377.00,811.00,377.00
822.00,213.00,907.00,213.00,907.00,386.00,822.00,386.00
825.00,216.00,916.00,216.00,916.00,389.00,825.00,389.00
825.00,215.00,916.00,215.00,916.00,389.00,825.00,389.00
807.00,187.00,892.00,187.00,892.00,363.00,807.00,363.00
848.00,211.00,931.00,211.00,931.00,400.00,848.00,400.00
845.00,208.00,931.00,208.00,931.00,398.00,845.00,398.00
864.00,207.00,950.00,207.00,950.00,385.00,864.00,385.00
871.00,198.00,953.00,198.00,953.00,377.00,871.00,377.00
873.00,196.00,956.00,196.00,956.00,377.00,873.00,377.00
873.00,196.00,957.00,196.00,957.00,377.00,873.00,377.00
886.00,196.00,968.00,196.00,968.00,375.00,886.00,375.00
891.00,198.00,973.00,198.00,973.00,375.00,891.00,375.00
899.00,193.00,981.00,193.00,981.00,371.00,899.00,371.00
900.00,195.00,981.00,195.00,981.00,370.00,900.00,370.00
913.00,195.00,993.00,195.00,993.00,370.00,913.00,370.00
920.00,196.00,999.00,196.00,999.00,368.00,920.00,368.00
926.00,199.00,1004.00,199.00,1004.00,369.00,926.00,369.00
926.00,199.00,1004.00,199.00,1004.00,369.00,926.00,369.00
934.00,204.00,1014.00,204.00,1014.00,372.00,934.00,372.00
937.00,197.00,1018.00,197.00,1018.00,369.00,937.00,369.00
941.00,190.00,1022.00,190.00,1022.00,360.00,941.00,360.00
941.00,191.00,1022.00,191.00,1022.00,361.00,941.00,361.00
952.00,199.00,1037.00,199.00,1037.00,374.00,952.00,374.00
945.00,185.00,1031.00,185.00,1031.00,354.00,945.00,354.00
947.00,186.00,1034.00,186.00,1034.00,356.00,947.00,356.00
946.00,186.00,1034.00,186.00,1034.00,356.00,946.00,356.00
950.00,185.00,1033.00,185.00,1033.00,364.00,950.00,364.00
947.00,190.00,1032.00,190.00,1032.00,370.00,947.00,370.00
946.00,192.00,1031.00,192.00,1031.00,370.00,946.00,370.00
948.00,191.00,1034.00,191.00,1034.00,370.00,948.00,370.00
948.00,191.00,1034.00,191.00,1034.00,370.00,948.00,370.00
953.00,186.00,1038.00,186.00,1038.00,365.00,953.00,365.00
957.00,180.00,1039.00,180.00,1039.00,358.00,957.00,358.00
965.00,179.00,1045.00,179.00,1045.00,347.00,965.00,347.00
964.00,184.00,1048.00,184.00,1048.00,357.00,964.00,357.00
959.00,181.00,1043.00,181.00,1043.00,355.00,959.00,355.00
976.00,179.00,1048.00,179.00,1048.00,350.00,976.00,350.00
974.00,179.00,1054.00,179.00,1054.00,357.00,974.00,357.00
978.00,181.00,1058.00,181.00,1058.00,358.00,978.00,358.00
981.00,183.00,1061.00,183.00,1061.00,357.00,981.00,357.00
986.00,186.00,1067.00,186.00,1067.00,364.00,986.00,364.00
993.00,193.00,1072.00,193.00,1072.00,367.00,993.00,367.00
995.00,192.00,1074.00,192.00,1074.00,368.00,995.00,368.00
994.00,192.00,1075.00,192.00,1075.00,368.00,994.00,368.00
1000.00,195.00,1081.00,195.00,1081.00,372.00,1000.00,372.00
1004.00,194.00,1084.00,194.00,1084.00,371.00,1004.00,371.00
1007.00,193.00,1089.00,193.00,1089.00,370.00,1007.00,370.00
1009.00,191.00,1091.00,191.00,1091.00,370.00,1009.00,370.00
1009.00,189.00,1093.00,189.00,1093.00,371.00,1009.00,371.00
1008.00,194.00,1092.00,194.00,1092.00,379.00,1008.00,379.00
1007.00,201.00,1092.00,201.00,1092.00,386.00,1007.00,386.00
1005.00,202.00,1090.00,202.00,1090.00,386.00,1005.00,386.00
1008.00,203.00,1093.00,203.00,1093.00,388.00,1008.00,388.00
1009.00,208.00,1093.00,208.00,1093.00,392.00,1009.00,392.00
1006.00,210.00,1091.00,210.00,1091.00,394.00,1006.00,394.00
1002.00,213.00,1087.00,213.00,1087.00,396.00,1002.00,396.00
997.00,209.00,1081.00,209.00,1081.00,393.00,997.00,393.00
992.00,207.00,1078.00,207.00,1078.00,392.00,992.00,392.00
984.00,206.00,1069.00,206.00,1069.00,390.00,984.00,390.00
973.00,206.00,1058.00,206.00,1058.00,387.00,973.00,387.00
961.00,201.00,1047.00,201.00,1047.00,384.00,961.00,384.00
951.00,196.00,1038.00,196.00,1038.00,378.00,951.00,378.00
941.00,193.00,1026.00,193.00,1026.00,374.00,941.00,374.00
930.00,190.00,1016.00,190.00,1016.00,371.00,930.00,371.00
918.00,189.00,1005.00,189.00,1005.00,372.00,918.00,372.00
905.00,192.00,991.00,192.00,991.00,373.00,905.00,373.00
890.00,194.00,978.00,194.00,978.00,377.00,890.00,377.00
872.00,197.00,962.00,197.00,962.00,382.00,872.00,382.00
852.00,205.00,943.00,205.00,943.00,388.00,852.00,388.00
832.00,204.00,925.00,204.00,925.00,385.00,832.00,385.00
810.00,201.00,904.00,201.00,904.00,381.00,810.00,381.00
782.00,200.00,882.00,200.00,882.00,383.00,782.00,383.00
750.00,200.00,852.00,200.00,852.00,383.00,750.00,383.00
722.00,195.00,822.00,195.00,822.00,379.00,722.00,379.00
698.00,186.00,797.00,186.00,797.00,369.00,698.00,369.00
677.00,181.00,775.00,181.00,775.00,363.00,677.00,363.00
658.00,177.00,755.00,177.00,755.00,355.00,658.00,355.00
635.00,170.00,736.00,170.00,736.00,353.00,635.00,353.00
618.00,171.00,717.00,171.00,717.00,353.00,618.00,353.00
599.00,172.00,699.00,172.00,699.00,355.00,599.00,355.00
579.00,177.00,681.00,177.00,681.00,362.00,579.00,362.00
565.00,178.00,666.00,178.00,666.00,359.00,565.00,359.00
549.00,179.00,651.00,179.00,651.00,362.00,549.00,362.00
534.00,179.00,634.00,179.00,634.00,362.00,534.00,362.00
520.00,183.00,618.00,183.00,618.00,364.00,520.00,364.00
509.00,186.00,603.00,186.00,603.00,367.00,509.00,367.00
502.00,188.00,594.00,188.00,594.00,371.00,502.00,371.00
494.00,187.00,586.00,187.00,586.00,367.00,494.00,367.00
475.00,186.00,572.00,186.00,572.00,368.00,475.00,368.00
458.00,187.00,554.00,187.00,554.00,372.00,458.00,372.00
450.00,190.00,544.00,190.00,544.00,374.00,450.00,374.00
439.00,185.00,532.00,185.00,532.00,372.00,439.00,372.00
429.00,180.00,524.00,180.00,524.00,366.00,429.00,366.00
416.00,179.00,513.00,179.00,513.00,365.00,416.00,365.00
406.00,189.00,501.00,189.00,501.00,376.00,406.00,376.00
396.00,200.00,488.00,200.00,488.00,386.00,396.00,386.00
385.00,200.00,481.00,200.00,481.00,386.00,385.00,386.00
378.00,197.00,473.00,197.00,473.00,379.00,378.00,379.00
368.00,195.00,466.00,195.00,466.00,377.00,368.00,377.00
363.00,202.00,459.00,202.00,459.00,388.00,363.00,388.00
356.00,205.00,447.00,205.00,447.00,392.00,356.00,392.00
345.00,205.00,437.00,205.00,437.00,393.00,345.00,393.00
344.00,205.00,438.00,205.00,438.00,394.00,344.00,394.00
323.00,199.00,422.00,199.00,422.00,394.00,323.00,394.00
313.00,199.00,412.00,199.00,412.00,394.00,313.00,394.00
308.00,205.00,407.00,205.00,407.00,392.00,308.00,392.00
305.00,209.00,401.00,209.00,401.00,394.00,305.00,394.00
301.00,211.00,396.00,211.00,396.00,393.00,301.00,393.00
295.00,215.00,388.00,215.00,388.00,397.00,295.00,397.00
290.00,216.00,382.00,216.00,382.00,397.00,290.00,397.00
286.00,213.00,380.00,213.00,380.00,395.00,286.00,395.00
281.00,220.00,373.00,220.00,373.00,399.00,281.00,399.00
278.00,218.00,369.00,218.00,369.00,394.00,278.00,394.00
272.00,218.00,361.00,218.00,361.00,394.00,272.00,394.00
271.00,224.00,359.00,224.00,359.00,397.00,271.00,397.00
269.00,225.00,355.00,225.00,355.00,393.00,269.00,393.00
267.00,219.00,354.00,219.00,354.00,385.00,267.00,385.00
265.00,213.00,349.00,213.00,349.00,380.00,265.00,380.00
264.00,212.00,349.00,212.00,349.00,382.00,264.00,382.00
267.00,215.00,351.00,215.00,351.00,385.00,267.00,385.00
274.00,220.00,356.00,220.00,356.00,387.00,274.00,387.00
278.00,220.00,360.00,220.00,360.00,384.00,278.00,384.00
285.00,222.00,368.00,222.00,368.00,385.00,285.00,385.00
294.00,227.00,374.00,227.00,374.00,386.00,294.00,386.00
301.00,231.00,381.00,231.00,381.00,392.00,301.00,392.00
309.00,226.00,393.00,226.00,393.00,395.00,309.00,395.00
315.00,232.00,404.00,232.00,404.00,401.00,315.00,401.00
323.00,232.00,412.00,232.00,412.00,403.00,323.00,403.00
326.00,233.00,415.00,233.00,415.00,401.00,326.00,401.00
328.00,226.00,418.00,226.00,418.00,396.00,328.00,396.00
337.00,218.00,423.00,218.00,423.00,388.00,337.00,388.00
340.00,221.00,422.00,221.00,422.00,389.00,340.00,389.00
340.00,227.00,419.00,227.00,419.00,393.00,340.00,393.00
338.00,229.00,416.00,229.00,416.00,398.00,338.00,398.00
332.00,231.00,415.00,231.00,415.00,401.00,332.00,401.00
329.00,235.00,414.00,235.00,414.00,402.00,329.00,402.00
326.00,243.00,412.00,243.00,412.00,408.00,326.00,408.00
327.00,246.00,412.00,246.00,412.00,410.00,327.00,410.00
329.00,254.00,412.00,254.00,412.00,416.00,329.00,416.00
328.00,255.00,411.00,255.00,411.00,416.00,328.00,416.00
331.00,257.00,413.00,257.00,413.00,418.00,331.00,418.00
334.00,262.00,417.00,262.00,417.00,422.00,334.00,422.00
338.00,260.00,421.00,260.00,421.00,421.00,338.00,421.00
338.00,258.00,420.00,258.00,420.00,420.00,338.00,420.00
340.00,259.00,423.00,259.00,423.00,420.00,340.00,420.00
341.00,257.00,424.00,257.00,424.00,419.00,341.00,419.00
341.00,255.00,424.00,255.00,424.00,416.00,341.00,416.00
345.00,257.00,426.00,257.00,426.00,417.00,345.00,417.00
348.00,253.00,430.00,253.00,430.00,410.00,348.00,410.00
353.00,250.00,435.00,250.00,435.00,408.00,353.00,408.00
359.00,247.00,440.00,247.00,440.00,406.00,359.00,406.00
363.00,245.00,446.00,245.00,446.00,405.00,363.00,405.00
365.00,247.00,449.00,247.00,449.00,410.00,365.00,410.00
370.00,251.00,455.00,251.00,455.00,414.00,370.00,414.00
377.00,248.00,463.00,248.00,463.00,415.00,377.00,415.00
380.00,247.00,464.00,247.00,464.00,412.00,380.00,412.00
384.00,244.00,470.00,244.00,470.00,412.00,384.00,412.00
390.00,240.00,477.00,240.00,477.00,411.00,390.00,411.00
393.00,238.00,478.00,238.00,478.00,410.00,393.00,410.00
397.00,237.00,483.00,237.00,483.00,408.00,397.00,408.00
404.00,235.00,492.00,235.00,492.00,406.00,404.00,406.00
410.00,235.00,497.00,235.00,497.00,406.00,410.00,406.00
416.00,238.00,503.00,238.00,503.00,407.00,416.00,407.00
421.00,234.00,510.00,234.00,510.00,403.00,421.00,403.00
425.00,236.00,511.00,236.00,511.00,407.00,425.00,407.00
430.00,242.00,513.00,242.00,513.00,412.00,430.00,412.00
435.00,246.00,518.00,246.00,518.00,414.00,435.00,414.00
434.00,254.00,525.00,254.00,525.00,432.00,434.00,432.00
440.00,249.00,524.00,249.00,524.00,414.00,440.00,414.00
437.00,246.00,529.00,246.00,529.00,424.00,437.00,424.00
446.00,255.00,528.00,255.00,528.00,417.00,446.00,417.00
450.00,250.00,531.00,250.00,531.00,417.00,450.00,417.00
459.00,251.00,540.00,251.00,540.00,412.00,459.00,412.00
460.00,256.00,542.00,256.00,542.00,413.00,460.00,413.00
459.00,250.00,542.00,250.00,542.00,408.00,459.00,408.00
464.00,247.00,546.00,247.00,546.00,402.00,464.00,402.00
467.00,250.00,552.00,250.00,552.00,404.00,467.00,404.00
467.00,247.00,555.00,247.00,555.00,415.00,467.00,415.00
475.00,254.00,554.00,254.00,554.00,404.00,475.00,404.00
473.00,240.00,561.00,240.00,561.00,409.00,473.00,409.00
480.00,262.00,560.00,262.00,560.00,410.00,480.00,410.00
483.00,264.00,562.00,264.00,562.00,411.00,483.00,411.00
489.00,273.00,569.00,273.00,569.00,420.00,489.00,420.00
495.00,271.00,575.00,271.00,575.00,418.00,495.00,418.00
498.00,262.00,578.00,262.00,578.00,408.00,498.00,408.00
502.00,265.00,582.00,265.00,582.00,411.00,502.00,411.00
505.00,258.00,592.00,258.00,592.00,426.00,505.00,426.00
