1
740.00,223.00,820.00,223.00,820.00,393.00,740.00,393.00
740.00,223.00,820.00,223.00,820.00,394.00,740.00,394.00
758.00,227.00,837.00,227.00,837.00,396.00,758.00,396.00
764.00,222.00,845.00,222.00,845.00,392.00,764.00,392.00
765.00,222.00,844.00,222.00,844.00,392.00,765.00,392.00
777.00,211.00,859.00,211.00,859.00,378.00,777.00,378.00
778.00,211.00,860.00,211.00,860.00,378.00,778.00,378.00
753.00,144.00,835.00,144.00,835.00,320.00,753.00,320.00
791.00,204.00,879.00,204.00,879.00,374.00,791.00,374.00
789.00,203.00,880.00,203.00,880.00,388.00,789.00,388.00
806.00,203.00,890.00,203.00,890.00,377.00,806.00,377.00
813.00,205.00,896.00,205.00,896.00,379.00,813.00,379.00
812.00,204.00,896.00,204.00,896.00,378.00,812.00,378.00
823.00,211.00,907.00,211.00,907.00,389.00,823.00,389.00
831.00,213.00,916.00,213.00,916.00,389.00,831.00,389.00
831.00,213.00,917.00,213.00,917.00,388.00,831.00,388.00
807.00,177.00,889.00,177.00,889.00,353.00,807.00,353.00
848.00,204.00,930.00,204.00,930.00,400.00,848.00,400.00
849.00,205.00,930.00,205.00,930.00,401.00,849.00,401.00
865.00,205.00,948.00,205.00,948.00,388.00,865.00,388.00
872.00,196.00,952.00,196.00,952.00,380.00,872.00,380.00
875.00,196.00,954.00,196.00,954.00,378.00,875.00,378.00
875.00,195.00,954.00,195.00,954.00,380.00,875.00,380.00
887.00,195.00,966.00,195.00,966.00,376.00,887.00,376.00
894.00,197.00,972.00,197.00,972.00,377.00,894.00,377.00
900.00,192.00,978.00,192.00,978.00,372.00,900.00,372.00
901.00,193.00,980.00,193.00,980.00,373.00,901.00,373.00
915.00,193.00,991.00,193.00,991.00,371.00,915.00,371.00
921.00,196.00,997.00,196.00,997.00,370.00,921.00,370.00
927.00,199.00,1003.00,199.00,1003.00,370.00,927.00,370.00
927.00,199.00,1003.00,199.00,1003.00,370.00,927.00,370.00
934.00,202.00,1013.00,202.00,1013.00,375.00,934.00,375.00
939.00,196.00,1017.00,196.00,1017.00,370.00,939.00,370.00
942.00,189.00,1021.00,189.00,1021.00,361.00,942.00,361.00
943.00,190.00,1022.00,190.00,1022.00,363.00,943.00,363.00
957.00,195.00,1038.00,195.00,1038.00,373.00,957.00,373.00
946.00,180.00,1029.00,180.00,1029.00,357.00,946.00,357.00
948.00,181.00,1032.00,181.00,1032.00,356.00,948.00,356.00
949.00,182.00,1032.00,182.00,1032.00,357.00,949.00,357.00
951.00,185.00,1032.00,185.00,1032.00,363.00,951.00,363.00
949.00,191.00,1031.00,191.00,1031.00,370.00,949.00,370.00
947.00,191.00,1030.00,191.00,1030.00,372.00,947.00,372.00
949.00,191.00,1031.00,191.00,1031.00,371.00,949.00,371.00
949.00,190.00,1032.00,190.00,1032.00,371.00,949.00,371.00
954.00,185.00,1035.00,185.00,1035.00,365.00,954.00,365.00
958.00,180.00,1037.00,180.00,1037.00,359.00,958.00,359.00
967.00,176.00,1045.00,176.00,1045.00,348.00,967.00,348.00
966.00,173.00,1047.00,173.00,1047.00,349.00,966.00,349.00
964.00,171.00,1045.00,171.00,1045.00,347.00,964.00,347.00
975.00,178.00,1048.00,178.00,1048.00,351.00,975.00,351.00
976.00,179.00,1054.00,179.00,1054.00,356.00,976.00,356.00
980.00,181.00,1057.00,181.00,1057.00,358.00,980.00,358.00
982.00,182.00,1060.00,182.00,1060.00,357.00,982.00,357.00
986.00,186.00,1064.00,186.00,1064.00,363.00,986.00,363.00
994.00,192.00,1070.00,192.00,1070.00,365.00,994.00,365.00
995.00,192.00,1073.00,192.00,1073.00,366.00,995.00,366.00
996.00,193.00,1073.00,193.00,1073.00,366.00,996.00,366.00
1000.00,195.00,1079.00,195.00,1079.00,372.00,1000.00,372.00
1004.00,194.00,1082.00,194.00,1082.00,370.00,1004.00,370.00
1008.00,191.00,1087.00,191.00,1087.00,370.00,1008.00,370.00
1010.00,189.00,1090.00,189.00,1090.00,369.00,1010.00,369.00
1010.00,189.00,1092.00,189.00,1092.00,371.00,1010.00,371.00
1010.00,195.00,1091.00,195.00,1091.00,377.00,1010.00,377.00
1009.00,202.00,1090.00,202.00,1090.00,386.00,1009.00,386.00
1008.00,203.00,1089.00,203.00,1089.00,385.00,1008.00,385.00
1009.00,204.00,1092.00,204.00,1092.00,388.00,1009.00,388.00
1009.00,207.00,1091.00,207.00,1091.00,390.00,1009.00,390.00
1006.00,210.00,1090.00,210.00,1090.00,394.00,1006.00,394.00
1003.00,211.00,1086.00,211.00,1086.00,395.00,1003.00,395.00
998.00,208.00,1080.00,208.00,1080.00,392.00,998.00,392.00
995.00,207.00,1076.00,207.00,1076.00,390.00,995.00,390.00
986.00,205.00,1068.00,205.00,1068.00,389.00,986.00,389.00
976.00,206.00,1057.00,206.00,1057.00,386.00,976.00,386.00
963.00,202.00,1045.00,202.00,1045.00,384.00,963.00,384.00
954.00,195.00,1036.00,195.00,1036.00,379.00,954.00,379.00
942.00,191.00,1025.00,191.00,1025.00,375.00,942.00,375.00
932.00,189.00,1014.00,189.00,1014.00,371.00,932.00,371.00
920.00,188.00,1002.00,188.00,1002.00,371.00,920.00,371.00
908.00,192.00,989.00,192.00,989.00,372.00,908.00,372.00
892.00,193.00,974.00,193.00,974.00,376.00,892.00,376.00
874.00,196.00,959.00,196.00,959.00,380.00,874.00,380.00
853.00,203.00,939.00,203.00,939.00,388.00,853.00,388.00
834.00,203.00,922.00,203.00,922.00,384.00,834.00,384.00
813.00,199.00,902.00,199.00,902.00,380.00,813.00,380.00
783.00,198.00,878.00,198.00,878.00,382.00,783.00,382.00
755.00,201.00,850.00,201.00,850.00,383.00,755.00,383.00
728.00,197.00,820.00,197.00,820.00,379.00,728.00,379.00
702.00,186.00,795.00,186.00,795.00,370.00,702.00,370.00
680.00,178.00,772.00,178.00,772.00,364.00,680.00,364.00
659.00,172.00,750.00,172.00,750.00,358.00,659.00,358.00
639.00,169.00,732.00,169.00,732.00,353.00,639.00,353.00
621.00,169.00,714.00,169.00,714.00,354.00,621.00,354.00
602.00,171.00,695.00,171.00,695.00,356.00,602.00,356.00
584.00,176.00,678.00,176.00,678.00,361.00,584.00,361.00
567.00,177.00,662.00,177.00,662.00,360.00,567.00,360.00
551.00,179.00,647.00,179.00,647.00,362.00,551.00,362.00
535.00,178.00,631.00,178.00,631.00,363.00,535.00,363.00
522.00,181.00,614.00,181.00,614.00,365.00,522.00,365.00
511.00,184.00,600.00,184.00,600.00,367.00,511.00,367.00
505.00,187.00,591.00,187.00,591.00,371.00,505.00,371.00
495.00,185.00,583.00,185.00,583.00,369.00,495.00,369.00
477.00,184.00,567.00,184.00,567.00,371.00,477.00,371.00
459.00,185.00,551.00,185.00,551.00,375.00,459.00,375.00
450.00,187.00,541.00,187.00,541.00,377.00,450.00,377.00
441.00,182.00,530.00,182.00,530.00,373.00,441.00,373.00
430.00,177.00,521.00,177.00,521.00,369.00,430.00,369.00
417.00,177.00,507.00,177.00,507.00,369.00,417.00,369.00
408.00,184.00,501.00,184.00,501.00,380.00,408.00,380.00
397.00,197.00,489.00,197.00,489.00,387.00,397.00,387.00
387.00,200.00,479.00,200.00,479.00,387.00,387.00,387.00
381.00,193.00,472.00,193.00,472.00,384.00,381.00,384.00
370.00,193.00,466.00,193.00,466.00,380.00,370.00,380.00
364.00,199.00,458.00,199.00,458.00,391.00,364.00,391.00
357.00,202.00,447.00,202.00,447.00,395.00,357.00,395.00
346.00,202.00,436.00,202.00,436.00,395.00,346.00,395.00
347.00,202.00,436.00,202.00,436.00,396.00,347.00,396.00
324.00,198.00,419.00,198.00,419.00,396.00,324.00,396.00
315.00,194.00,415.00,194.00,415.00,396.00,315.00,396.00
307.00,200.00,406.00,200.00,406.00,394.00,307.00,394.00
309.00,206.00,402.00,206.00,402.00,399.00,309.00,399.00
303.00,209.00,395.00,209.00,395.00,400.00,303.00,400.00
297.00,212.00,388.00,212.00,388.00,401.00,297.00,401.00
293.00,214.00,383.00,214.00,383.00,404.00,293.00,404.00
288.00,211.00,378.00,211.00,378.00,401.00,288.00,401.00
283.00,213.00,373.00,213.00,373.00,406.00,283.00,406.00
280.00,212.00,368.00,212.00,368.00,402.00,280.00,402.00
273.00,214.00,359.00,214.00,359.00,403.00,273.00,403.00
272.00,220.00,357.00,220.00,357.00,405.00,272.00,405.00
270.00,220.00,354.00,220.00,354.00,398.00,270.00,398.00
267.00,215.00,354.00,215.00,354.00,391.00,267.00,391.00
267.00,209.00,349.00,209.00,349.00,385.00,267.00,385.00
266.00,209.00,347.00,209.00,347.00,385.00,266.00,385.00
268.00,212.00,351.00,212.00,351.00,387.00,268.00,387.00
273.00,218.00,355.00,218.00,355.00,391.00,273.00,391.00
277.00,219.00,358.00,219.00,358.00,389.00,277.00,389.00
286.00,219.00,366.00,219.00,366.00,390.00,286.00,390.00
293.00,225.00,373.00,225.00,373.00,394.00,293.00,394.00
299.00,229.00,378.00,229.00,378.00,396.00,299.00,396.00
309.00,224.00,391.00,224.00,391.00,398.00,309.00,398.00
318.00,230.00,401.00,230.00,401.00,403.00,318.00,403.00
325.00,230.00,410.00,230.00,410.00,404.00,325.00,404.00
327.00,230.00,413.00,230.00,413.00,404.00,327.00,404.00
329.00,225.00,418.00,225.00,418.00,398.00,329.00,398.00
338.00,217.00,422.00,217.00,422.00,389.00,338.00,389.00
341.00,220.00,420.00,220.00,420.00,389.00,341.00,389.00
340.00,228.00,418.00,228.00,418.00,394.00,340.00,394.00
338.00,232.00,416.00,232.00,416.00,400.00,338.00,400.00
333.00,232.00,415.00,232.00,415.00,404.00,333.00,404.00
332.00,236.00,412.00,236.00,412.00,404.00,332.00,404.00
329.00,243.00,412.00,243.00,412.00,411.00,329.00,411.00
330.00,247.00,413.00,247.00,413.00,414.00,330.00,414.00
329.00,251.00,411.00,251.00,411.00,419.00,329.00,419.00
329.00,254.00,411.00,254.00,411.00,421.00,329.00,421.00
331.00,255.00,415.00,255.00,415.00,421.00,331.00,421.00
335.00,260.00,417.00,260.00,417.00,425.00,335.00,425.00
338.00,259.00,418.00,259.00,418.00,424.00,338.00,424.00
340.00,256.00,420.00,256.00,420.00,422.00,340.00,422.00
342.00,258.00,421.00,258.00,421.00,422.00,342.00,422.00
342.00,254.00,422.00,254.00,422.00,421.00,342.00,421.00
343.00,253.00,423.00,253.00,423.00,419.00,343.00,419.00
345.00,253.00,426.00,253.00,426.00,420.00,345.00,420.00
348.00,249.00,429.00,249.00,429.00,414.00,348.00,414.00
354.00,247.00,435.00,247.00,435.00,412.00,354.00,412.00
358.00,244.00,439.00,244.00,439.00,410.00,358.00,410.00
363.00,243.00,444.00,243.00,444.00,408.00,363.00,408.00
366.00,245.00,448.00,245.00,448.00,411.00,366.00,411.00
370.00,249.00,452.00,249.00,452.00,414.00,370.00,414.00
378.00,248.00,458.00,248.00,458.00,415.00,378.00,415.00
380.00,246.00,462.00,246.00,462.00,412.00,380.00,412.00
384.00,244.00,467.00,244.00,467.00,411.00,384.00,411.00
391.00,237.00,473.00,237.00,473.00,411.00,391.00,411.00
394.00,240.00,477.00,240.00,477.00,410.00,394.00,410.00
397.00,233.00,480.00,233.00,480.00,406.00,397.00,406.00
404.00,236.00,489.00,236.00,489.00,408.00,404.00,408.00
411.00,236.00,496.00,236.00,496.00,405.00,411.00,405.00
416.00,233.00,499.00,233.00,499.00,405.00,416.00,405.00
423.00,232.00,504.00,232.00,504.00,400.00,423.00,400.00
428.00,237.00,508.00,237.00,508.00,405.00,428.00,405.00
432.00,242.00,510.00,242.00,510.00,410.00,432.00,410.00
437.00,246.00,515.00,246.00,515.00,413.00,437.00,413.00
438.00,247.00,518.00,247.00,518.00,412.00,438.00,412.00
441.00,241.00,521.00,241.00,521.00,406.00,441.00,406.00
448.00,246.00,527.00,246.00,527.00,414.00,448.00,414.00
449.00,249.00,526.00,249.00,526.00,415.00,449.00,415.00
453.00,246.00,530.00,246.00,530.00,416.00,453.00,416.00
461.00,250.00,535.00,250.00,535.00,411.00,461.00,411.00
462.00,243.00,537.00,243.00,537.00,410.00,462.00,410.00
463.00,243.00,540.00,243.00,540.00,406.00,463.00,406.00
467.00,245.00,543.00,245.00,543.00,401.00,467.00,401.00
470.00,244.00,548.00,244.00,548.00,401.00,470.00,401.00
476.00,238.00,553.00,238.00,553.00,400.00,476.00,400.00
476.00,241.00,554.00,241.00,554.00,404.00,476.00,404.00
484.00,254.00,554.00,254.00,554.00,403.00,484.00,403.00
484.00,241.00,561.00,241.00,561.00,401.00,484.00,401.00
489.00,259.00,560.00,259.00,560.00,405.00,489.00,405.00
496.00,265.00,566.00,265.00,566.00,407.00,496.00,407.00
500.00,264.00,569.00,264.00,569.00,405.00,500.00,405.00
502.00,262.00,571.00,262.00,571.00,402.00,502.00,402.00
506.00,264.00,576.00,264.00,576.00,407.00,506.00,407.00
513.00,262.00,582.00,262.00,582.00,399.00,513.00,399.00
