1
741.00,224.00,821.00,224.00,821.00,393.00,741.00,393.00
741.00,224.00,821.00,224.00,821.00,393.00,741.00,393.00
758.00,228.00,837.00,228.00,837.00,396.00,758.00,396.00
766.00,224.00,844.00,224.00,844.00,392.00,766.00,392.00
767.00,224.00,845.00,224.00,845.00,391.00,767.00,391.00
778.00,216.00,859.00,216.00,859.00,375.00,778.00,375.00
779.00,217.00,860.00,217.00,860.00,376.00,779.00,376.00
766.00,121.00,849.00,121.00,849.00,297.00,766.00,297.00
794.00,210.00,881.00,210.00,881.00,371.00,794.00,371.00
792.00,211.00,882.00,211.00,882.00,378.00,792.00,378.00
805.00,203.00,889.00,203.00,889.00,375.00,805.00,375.00
811.00,206.00,896.00,206.00,896.00,377.00,811.00,377.00
812.00,205.00,897.00,205.00,897.00,377.00,812.00,377.00
824.00,212.00,908.00,212.00,908.00,387.00,824.00,387.00
831.00,217.00,917.00,217.00,917.00,386.00,831.00,386.00
831.00,217.00,918.00,217.00,918.00,385.00,831.00,385.00
798.00,184.00,881.00,184.00,881.00,360.00,798.00,360.00
849.00,211.00,931.00,211.00,931.00,398.00,849.00,398.00
849.00,209.00,931.00,209.00,931.00,397.00,849.00,397.00
866.00,208.00,950.00,208.00,950.00,384.00,866.00,384.00
872.00,199.00,953.00,199.00,953.00,376.00,872.00,376.00
875.00,197.00,956.00,197.00,956.00,376.00,875.00,376.00
875.00,196.00,956.00,196.00,956.00,377.00,875.00,377.00
888.00,196.00,967.00,196.00,967.00,375.00,888.00,375.00
893.00,197.00,972.00,197.00,972.00,374.00,893.00,374.00
901.00,194.00,980.00,194.00,980.00,371.00,901.00,371.00
901.00,194.00,980.00,194.00,980.00,371.00,901.00,371.00
914.00,195.00,992.00,195.00,992.00,371.00,914.00,371.00
921.00,197.00,998.00,197.00,998.00,368.00,921.00,368.00
928.00,200.00,1004.00,200.00,1004.00,369.00,928.00,369.00
927.00,200.00,1004.00,200.00,1004.00,370.00,927.00,370.00
935.00,204.00,1013.00,204.00,1013.00,373.00,935.00,373.00
940.00,198.00,1018.00,198.00,1018.00,368.00,940.00,368.00
942.00,191.00,1021.00,191.00,1021.00,360.00,942.00,360.00
943.00,191.00,1022.00,191.00,1022.00,359.00,943.00,359.00
952.00,175.00,1032.00,175.00,1032.00,346.00,952.00,346.00
945.00,185.00,1030.00,185.00,1030.00,351.00,945.00,351.00
948.00,186.00,1033.00,186.00,1033.00,352.00,948.00,352.00
949.00,187.00,1034.00,187.00,1034.00,352.00,949.00,352.00
950.00,188.00,1032.00,188.00,1032.00,362.00,950.00,362.00
949.00,192.00,1031.00,192.00,1031.00,369.00,949.00,369.00
947.00,192.00,1030.00,192.00,1030.00,371.00,947.00,371.00
949.00,192.00,1031.00,192.00,1031.00,371.00,949.00,371.00
949.00,193.00,1032.00,193.00,1032.00,370.00,949.00,370.00
954.00,186.00,1036.00,186.00,1036.00,365.00,954.00,365.00
960.00,179.00,1041.00,179.00,1041.00,358.00,960.00,358.00
967.00,178.00,1047.00,178.00,1047.00,348.00,967.00,348.00
969.00,174.00,1055.00,174.00,1055.00,355.00,969.00,355.00
958.00,153.00,1042.00,153.00,1042.00,329.00,958.00,329.00
976.00,181.00,1049.00,181.00,1049.00,351.00,976.00,351.00
975.00,180.00,1054.00,180.00,1054.00,356.00,975.00,356.00
979.00,182.00,1057.00,182.00,1057.00,357.00,979.00,357.00
982.00,183.00,1060.00,183.00,1060.00,358.00,982.00,358.00
987.00,188.00,1066.00,188.00,1066.00,361.00,987.00,361.00
994.00,194.00,1071.00,194.00,1071.00,363.00,994.00,363.00
996.00,194.00,1074.00,194.00,1074.00,366.00,996.00,366.00
995.00,193.00,1074.00,193.00,1074.00,365.00,995.00,365.00
1002.00,197.00,1080.00,197.00,1080.00,369.00,1002.00,369.00
1005.00,195.00,1083.00,195.00,1083.00,369.00,1005.00,369.00
1007.00,191.00,1088.00,191.00,1088.00,369.00,1007.00,369.00
1010.00,189.00,1090.00,189.00,1090.00,368.00,1010.00,368.00
1009.00,187.00,1092.00,187.00,1092.00,371.00,1009.00,371.00
1010.00,193.00,1091.00,193.00,1091.00,378.00,1010.00,378.00
1009.00,202.00,1091.00,202.00,1091.00,384.00,1009.00,384.00
1007.00,202.00,1088.00,202.00,1088.00,384.00,1007.00,384.00
1010.00,204.00,1092.00,204.00,1092.00,386.00,1010.00,386.00
1010.00,208.00,1091.00,208.00,1091.00,388.00,1010.00,388.00
1008.00,211.00,1090.00,211.00,1090.00,393.00,1008.00,393.00
1002.00,212.00,1086.00,212.00,1086.00,394.00,1002.00,394.00
998.00,210.00,1080.00,210.00,1080.00,391.00,998.00,391.00
996.00,209.00,1077.00,209.00,1077.00,387.00,996.00,387.00
986.00,206.00,1068.00,206.00,1068.00,388.00,986.00,388.00
975.00,207.00,1057.00,207.00,1057.00,386.00,975.00,386.00
964.00,203.00,1046.00,203.00,1046.00,381.00,964.00,381.00
954.00,198.00,1036.00,198.00,1036.00,376.00,954.00,376.00
943.00,193.00,1025.00,193.00,1025.00,371.00,943.00,371.00
932.00,190.00,1015.00,190.00,1015.00,367.00,932.00,367.00
920.00,188.00,1003.00,188.00,1003.00,370.00,920.00,370.00
908.00,192.00,990.00,192.00,990.00,370.00,908.00,370.00
892.00,194.00,976.00,194.00,976.00,373.00,892.00,373.00
874.00,197.00,960.00,197.00,960.00,380.00,874.00,380.00
853.00,204.00,941.00,204.00,941.00,386.00,853.00,386.00
834.00,204.00,923.00,204.00,923.00,382.00,834.00,382.00
812.00,199.00,904.00,199.00,904.00,379.00,812.00,379.00
783.00,197.00,881.00,197.00,881.00,382.00,783.00,382.00
753.00,197.00,851.00,197.00,851.00,381.00,753.00,381.00
725.00,194.00,821.00,194.00,821.00,376.00,725.00,376.00
702.00,187.00,797.00,187.00,797.00,368.00,702.00,368.00
679.00,179.00,774.00,179.00,774.00,360.00,679.00,360.00
659.00,173.00,752.00,173.00,752.00,355.00,659.00,355.00
638.00,170.00,735.00,170.00,735.00,353.00,638.00,353.00
619.00,169.00,715.00,169.00,715.00,352.00,619.00,352.00
601.00,170.00,697.00,170.00,697.00,353.00,601.00,353.00
582.00,175.00,679.00,175.00,679.00,360.00,582.00,360.00
567.00,176.00,664.00,176.00,664.00,358.00,567.00,358.00
551.00,179.00,650.00,179.00,650.00,362.00,551.00,362.00
536.00,178.00,631.00,178.00,631.00,361.00,536.00,361.00
521.00,182.00,615.00,182.00,615.00,365.00,521.00,365.00
510.00,184.00,602.00,184.00,602.00,367.00,510.00,367.00
504.00,187.00,593.00,187.00,593.00,369.00,504.00,369.00
494.00,187.00,584.00,187.00,584.00,369.00,494.00,369.00
476.00,186.00,570.00,186.00,570.00,368.00,476.00,368.00
461.00,187.00,553.00,187.00,553.00,372.00,461.00,372.00
451.00,188.00,541.00,188.00,541.00,375.00,451.00,375.00
441.00,185.00,531.00,185.00,531.00,372.00,441.00,372.00
431.00,180.00,521.00,180.00,521.00,367.00,431.00,367.00
418.00,178.00,507.00,178.00,507.00,365.00,418.00,365.00
408.00,185.00,501.00,185.00,501.00,376.00,408.00,376.00
397.00,199.00,487.00,199.00,487.00,386.00,397.00,386.00
386.00,198.00,479.00,198.00,479.00,387.00,386.00,387.00
379.00,195.00,468.00,195.00,468.00,381.00,379.00,381.00
368.00,194.00,463.00,194.00,463.00,378.00,368.00,378.00
364.00,198.00,459.00,198.00,459.00,390.00,364.00,390.00
356.00,203.00,447.00,203.00,447.00,394.00,356.00,394.00
346.00,201.00,437.00,201.00,437.00,396.00,346.00,396.00
347.00,201.00,437.00,201.00,437.00,396.00,347.00,396.00
325.00,201.00,417.00,201.00,417.00,396.00,325.00,396.00
313.00,201.00,410.00,201.00,410.00,393.00,313.00,393.00
310.00,205.00,404.00,205.00,404.00,393.00,310.00,393.00
308.00,211.00,402.00,211.00,402.00,393.00,308.00,393.00
302.00,213.00,395.00,213.00,395.00,395.00,302.00,395.00
296.00,216.00,387.00,216.00,387.00,397.00,296.00,397.00
291.00,217.00,382.00,217.00,382.00,398.00,291.00,398.00
287.00,214.00,378.00,214.00,378.00,396.00,287.00,396.00
282.00,218.00,372.00,218.00,372.00,400.00,282.00,400.00
278.00,215.00,367.00,215.00,367.00,397.00,278.00,397.00
272.00,216.00,359.00,216.00,359.00,397.00,272.00,397.00
270.00,222.00,356.00,222.00,356.00,401.00,270.00,401.00
269.00,222.00,353.00,222.00,353.00,396.00,269.00,396.00
267.00,217.00,353.00,217.00,353.00,388.00,267.00,388.00
266.00,213.00,348.00,213.00,348.00,382.00,266.00,382.00
265.00,212.00,348.00,212.00,348.00,381.00,265.00,381.00
267.00,214.00,350.00,214.00,350.00,386.00,267.00,386.00
273.00,220.00,356.00,220.00,356.00,390.00,273.00,390.00
276.00,221.00,357.00,221.00,357.00,389.00,276.00,389.00
287.00,222.00,365.00,222.00,365.00,386.00,287.00,386.00
294.00,228.00,372.00,228.00,372.00,390.00,294.00,390.00
301.00,230.00,379.00,230.00,379.00,391.00,301.00,391.00
307.00,228.00,389.00,228.00,389.00,395.00,307.00,395.00
316.00,235.00,399.00,235.00,399.00,400.00,316.00,400.00
325.00,232.00,407.00,232.00,407.00,399.00,325.00,399.00
326.00,232.00,409.00,232.00,409.00,399.00,326.00,399.00
329.00,225.00,417.00,225.00,417.00,397.00,329.00,397.00
337.00,219.00,421.00,219.00,421.00,387.00,337.00,387.00
340.00,221.00,420.00,221.00,420.00,387.00,340.00,387.00
340.00,226.00,417.00,226.00,417.00,391.00,340.00,391.00
337.00,231.00,415.00,231.00,415.00,397.00,337.00,397.00
331.00,232.00,414.00,232.00,414.00,402.00,331.00,402.00
329.00,237.00,413.00,237.00,413.00,403.00,329.00,403.00
330.00,246.00,412.00,246.00,412.00,409.00,330.00,409.00
331.00,249.00,414.00,249.00,414.00,411.00,331.00,411.00
328.00,254.00,412.00,254.00,412.00,417.00,328.00,417.00
329.00,255.00,412.00,255.00,412.00,417.00,329.00,417.00
330.00,256.00,413.00,256.00,413.00,419.00,330.00,419.00
335.00,261.00,416.00,261.00,416.00,422.00,335.00,422.00
338.00,259.00,419.00,259.00,419.00,420.00,338.00,420.00
339.00,256.00,420.00,256.00,420.00,419.00,339.00,419.00
340.00,257.00,421.00,257.00,421.00,419.00,340.00,419.00
341.00,255.00,423.00,255.00,423.00,419.00,341.00,419.00
342.00,253.00,423.00,253.00,423.00,418.00,342.00,418.00
344.00,253.00,426.00,253.00,426.00,418.00,344.00,418.00
347.00,251.00,429.00,251.00,429.00,413.00,347.00,413.00
352.00,247.00,434.00,247.00,434.00,410.00,352.00,410.00
358.00,245.00,439.00,245.00,439.00,409.00,358.00,409.00
362.00,243.00,444.00,243.00,444.00,405.00,362.00,405.00
365.00,245.00,448.00,245.00,448.00,409.00,365.00,409.00
370.00,249.00,452.00,249.00,452.00,414.00,370.00,414.00
377.00,247.00,459.00,247.00,459.00,417.00,377.00,417.00
380.00,245.00,463.00,245.00,463.00,412.00,380.00,412.00
383.00,243.00,468.00,243.00,468.00,412.00,383.00,412.00
390.00,239.00,474.00,239.00,474.00,410.00,390.00,410.00
393.00,239.00,478.00,239.00,478.00,408.00,393.00,408.00
396.00,235.00,480.00,235.00,480.00,403.00,396.00,403.00
403.00,237.00,488.00,237.00,488.00,402.00,403.00,402.00
410.00,233.00,493.00,233.00,493.00,399.00,410.00,399.00
414.00,234.00,499.00,234.00,499.00,400.00,414.00,400.00
421.00,234.00,502.00,234.00,502.00,398.00,421.00,398.00
426.00,233.00,508.00,233.00,508.00,401.00,426.00,401.00
431.00,236.00,507.00,236.00,507.00,403.00,431.00,403.00
435.00,249.00,516.00,249.00,516.00,412.00,435.00,412.00
436.00,242.00,519.00,242.00,519.00,406.00,436.00,406.00
440.00,244.00,520.00,244.00,520.00,406.00,440.00,406.00
446.00,246.00,524.00,246.00,524.00,410.00,446.00,410.00
447.00,250.00,528.00,250.00,528.00,414.00,447.00,414.00
450.00,250.00,529.00,250.00,529.00,414.00,450.00,414.00
458.00,248.00,534.00,248.00,534.00,409.00,458.00,409.00
461.00,249.00,538.00,249.00,538.00,407.00,461.00,407.00
459.00,241.00,537.00,241.00,537.00,401.00,459.00,401.00
465.00,243.00,543.00,243.00,543.00,396.00,465.00,396.00
468.00,249.00,544.00,249.00,544.00,398.00,468.00,398.00
476.00,238.00,546.00,238.00,546.00,392.00,476.00,392.00
477.00,249.00,547.00,249.00,547.00,395.00,477.00,395.00
482.00,243.00,551.00,243.00,551.00,394.00,482.00,394.00
485.00,251.00,554.00,251.00,554.00,392.00,485.00,392.00
487.00,258.00,556.00,258.00,556.00,399.00,487.00,399.00
494.00,262.00,562.00,262.00,562.00,401.00,494.00,401.00
499.00,268.00,567.00,268.00,567.00,405.00,499.00,405.00
500.00,264.00,568.00,264.00,568.00,400.00,500.00,400.00
504.00,265.00,571.00,265.00,571.00,400.00,504.00,400.00
512.00,259.00,579.00,259.00,579.00,391.00,512.00,391.00
