1
741.00,223.00,821.00,223.00,821.00,393.00,741.00,393.00
740.00,223.00,821.00,223.00,821.00,394.00,740.00,394.00
759.00,227.00,837.00,227.00,837.00,396.00,759.00,396.00
765.00,223.00,844.00,223.00,844.00,392.00,765.00,392.00
765.00,222.00,845.00,222.00,845.00,392.00,765.00,392.00
776.00,213.00,859.00,213.00,859.00,373.00,776.00,373.00
776.00,214.00,859.00,214.00,859.00,373.00,776.00,373.00
798.00,222.00,876.00,222.00,876.00,385.00,798.00,385.00
793.00,209.00,879.00,209.00,879.00,377.00,793.00,377.00
795.00,209.00,880.00,209.00,880.00,377.00,795.00,377.00
806.00,202.00,889.00,202.00,889.00,376.00,806.00,376.00
814.00,206.00,896.00,206.00,896.00,378.00,814.00,378.00
813.00,203.00,896.00,203.00,896.00,378.00,813.00,378.00
824.00,211.00,907.00,211.00,907.00,389.00,824.00,389.00
830.00,216.00,915.00,216.00,915.00,387.00,830.00,387.00
829.00,215.00,915.00,215.00,915.00,387.00,829.00,387.00
794.00,228.00,876.00,228.00,876.00,396.00,794.00,396.00
849.00,210.00,931.00,210.00,931.00,400.00,849.00,400.00
849.00,210.00,930.00,210.00,930.00,398.00,849.00,398.00
867.00,208.00,949.00,208.00,949.00,386.00,867.00,386.00
872.00,197.00,952.00,197.00,952.00,379.00,872.00,379.00
874.00,196.00,955.00,196.00,955.00,378.00,874.00,378.00
875.00,196.00,955.00,196.00,955.00,377.00,875.00,377.00
888.00,196.00,967.00,196.00,967.00,374.00,888.00,374.00
893.00,196.00,973.00,196.00,973.00,378.00,893.00,378.00
901.00,192.00,979.00,192.00,979.00,372.00,901.00,372.00
901.00,192.00,980.00,192.00,980.00,372.00,901.00,372.00
915.00,194.00,992.00,194.00,992.00,371.00,915.00,371.00
922.00,196.00,998.00,196.00,998.00,369.00,922.00,369.00
928.00,200.00,1003.00,200.00,1003.00,369.00,928.00,369.00
927.00,199.00,1002.00,199.00,1002.00,371.00,927.00,371.00
935.00,202.00,1013.00,202.00,1013.00,375.00,935.00,375.00
939.00,196.00,1016.00,196.00,1016.00,370.00,939.00,370.00
944.00,190.00,1021.00,190.00,1021.00,362.00,944.00,362.00
944.00,190.00,1022.00,190.00,1022.00,360.00,944.00,360.00
950.00,193.00,1034.00,193.00,1034.00,369.00,950.00,369.00
945.00,182.00,1030.00,182.00,1030.00,355.00,945.00,355.00
947.00,181.00,1032.00,181.00,1032.00,357.00,947.00,357.00
947.00,181.00,1032.00,181.00,1032.00,356.00,947.00,356.00
950.00,184.00,1033.00,184.00,1033.00,364.00,950.00,364.00
949.00,190.00,1032.00,190.00,1032.00,371.00,949.00,371.00
947.00,191.00,1030.00,191.00,1030.00,372.00,947.00,372.00
949.00,191.00,1032.00,191.00,1032.00,369.00,949.00,369.00
949.00,190.00,1033.00,190.00,1033.00,370.00,949.00,370.00
954.00,185.00,1037.00,185.00,1037.00,364.00,954.00,364.00
959.00,180.00,1039.00,180.00,1039.00,357.00,959.00,357.00
966.00,178.00,1044.00,178.00,1044.00,345.00,966.00,345.00
965.00,177.00,1044.00,177.00,1044.00,345.00,965.00,345.00
966.00,176.00,1044.00,176.00,1044.00,342.00,966.00,342.00
975.00,178.00,1048.00,178.00,1048.00,350.00,975.00,350.00
975.00,178.00,1053.00,178.00,1053.00,357.00,975.00,357.00
979.00,181.00,1057.00,181.00,1057.00,356.00,979.00,356.00
982.00,182.00,1060.00,182.00,1060.00,357.00,982.00,357.00
986.00,186.00,1065.00,186.00,1065.00,361.00,986.00,361.00
994.00,192.00,1070.00,192.00,1070.00,366.00,994.00,366.00
996.00,193.00,1072.00,193.00,1072.00,366.00,996.00,366.00
996.00,194.00,1073.00,194.00,1073.00,367.00,996.00,367.00
1002.00,195.00,1080.00,195.00,1080.00,370.00,1002.00,370.00
1003.00,192.00,1083.00,192.00,1083.00,370.00,1003.00,370.00
1007.00,190.00,1088.00,190.00,1088.00,370.00,1007.00,370.00
1010.00,187.00,1091.00,187.00,1091.00,369.00,1010.00,369.00
1010.00,188.00,1092.00,188.00,1092.00,371.00,1010.00,371.00
1011.00,195.00,1092.00,195.00,1092.00,377.00,1011.00,377.00
1009.00,201.00,1092.00,201.00,1092.00,384.00,1009.00,384.00
1007.00,202.00,1090.00,202.00,1090.00,383.00,1007.00,383.00
1009.00,202.00,1092.00,202.00,1092.00,386.00,1009.00,386.00
1010.00,206.00,1093.00,206.00,1093.00,390.00,1010.00,390.00
1007.00,209.00,1090.00,209.00,1090.00,393.00,1007.00,393.00
1002.00,210.00,1087.00,210.00,1087.00,395.00,1002.00,395.00
998.00,208.00,1081.00,208.00,1081.00,390.00,998.00,390.00
995.00,207.00,1077.00,207.00,1077.00,389.00,995.00,389.00
987.00,205.00,1069.00,205.00,1069.00,389.00,987.00,389.00
975.00,206.00,1058.00,206.00,1058.00,388.00,975.00,388.00
963.00,201.00,1046.00,201.00,1046.00,383.00,963.00,383.00
953.00,196.00,1037.00,196.00,1037.00,378.00,953.00,378.00
943.00,191.00,1026.00,191.00,1026.00,373.00,943.00,373.00
933.00,188.00,1016.00,188.00,1016.00,370.00,933.00,370.00
920.00,187.00,1003.00,187.00,1003.00,370.00,920.00,370.00
908.00,190.00,991.00,190.00,991.00,372.00,908.00,372.00
891.00,192.00,976.00,192.00,976.00,376.00,891.00,376.00
872.00,194.00,960.00,194.00,960.00,381.00,872.00,381.00
853.00,203.00,943.00,203.00,943.00,389.00,853.00,389.00
833.00,203.00,924.00,203.00,924.00,386.00,833.00,386.00
810.00,197.00,904.00,197.00,904.00,382.00,810.00,382.00
781.00,197.00,882.00,197.00,882.00,385.00,781.00,385.00
749.00,196.00,852.00,196.00,852.00,384.00,749.00,384.00
723.00,193.00,823.00,193.00,823.00,379.00,723.00,379.00
700.00,185.00,798.00,185.00,798.00,370.00,700.00,370.00
677.00,176.00,775.00,176.00,775.00,361.00,677.00,361.00
656.00,171.00,752.00,171.00,752.00,356.00,656.00,356.00
638.00,168.00,735.00,168.00,735.00,353.00,638.00,353.00
620.00,169.00,715.00,169.00,715.00,352.00,620.00,352.00
601.00,170.00,697.00,170.00,697.00,353.00,601.00,353.00
580.00,173.00,680.00,173.00,680.00,360.00,580.00,360.00
565.00,176.00,665.00,176.00,665.00,358.00,565.00,358.00
550.00,178.00,650.00,178.00,650.00,362.00,550.00,362.00
535.00,178.00,633.00,178.00,633.00,360.00,535.00,360.00
520.00,180.00,616.00,180.00,616.00,364.00,520.00,364.00
509.00,184.00,602.00,184.00,602.00,368.00,509.00,368.00
503.00,186.00,593.00,186.00,593.00,369.00,503.00,369.00
494.00,184.00,585.00,184.00,585.00,368.00,494.00,368.00
474.00,183.00,571.00,183.00,571.00,372.00,474.00,372.00
457.00,185.00,554.00,185.00,554.00,373.00,457.00,373.00
449.00,188.00,542.00,188.00,542.00,374.00,449.00,374.00
439.00,183.00,533.00,183.00,533.00,369.00,439.00,369.00
429.00,176.00,522.00,176.00,522.00,366.00,429.00,366.00
416.00,175.00,508.00,175.00,508.00,367.00,416.00,367.00
405.00,183.00,499.00,183.00,499.00,377.00,405.00,377.00
395.00,197.00,488.00,197.00,488.00,385.00,395.00,385.00
385.00,198.00,479.00,198.00,479.00,388.00,385.00,388.00
379.00,192.00,473.00,192.00,473.00,381.00,379.00,381.00
370.00,193.00,465.00,193.00,465.00,380.00,370.00,380.00
362.00,197.00,457.00,197.00,457.00,390.00,362.00,390.00
355.00,202.00,446.00,202.00,446.00,394.00,355.00,394.00
344.00,201.00,437.00,201.00,437.00,396.00,344.00,396.00
344.00,202.00,436.00,202.00,436.00,395.00,344.00,395.00
323.00,200.00,417.00,200.00,417.00,395.00,323.00,395.00
314.00,197.00,413.00,197.00,413.00,392.00,314.00,392.00
307.00,202.00,405.00,202.00,405.00,393.00,307.00,393.00
306.00,207.00,402.00,207.00,402.00,395.00,306.00,395.00
302.00,211.00,394.00,211.00,394.00,395.00,302.00,395.00
297.00,215.00,387.00,215.00,387.00,396.00,297.00,396.00
292.00,215.00,382.00,215.00,382.00,398.00,292.00,398.00
287.00,213.00,378.00,213.00,378.00,396.00,287.00,396.00
283.00,218.00,373.00,218.00,373.00,399.00,283.00,399.00
279.00,214.00,368.00,214.00,368.00,395.00,279.00,395.00
272.00,216.00,359.00,216.00,359.00,397.00,272.00,397.00
271.00,221.00,358.00,221.00,358.00,398.00,271.00,398.00
268.00,221.00,354.00,221.00,354.00,394.00,268.00,394.00
267.00,215.00,353.00,215.00,353.00,387.00,267.00,387.00
265.00,211.00,349.00,211.00,349.00,379.00,265.00,379.00
263.00,211.00,348.00,211.00,348.00,381.00,263.00,381.00
267.00,213.00,351.00,213.00,351.00,382.00,267.00,382.00
271.00,218.00,357.00,218.00,357.00,388.00,271.00,388.00
276.00,220.00,358.00,220.00,358.00,386.00,276.00,386.00
285.00,220.00,366.00,220.00,366.00,385.00,285.00,385.00
292.00,227.00,372.00,227.00,372.00,389.00,292.00,389.00
300.00,230.00,378.00,230.00,378.00,392.00,300.00,392.00
305.00,228.00,387.00,228.00,387.00,394.00,305.00,394.00
315.00,231.00,400.00,231.00,400.00,398.00,315.00,398.00
324.00,231.00,408.00,231.00,408.00,399.00,324.00,399.00
325.00,231.00,410.00,231.00,410.00,400.00,325.00,400.00
331.00,225.00,419.00,225.00,419.00,396.00,331.00,396.00
339.00,216.00,422.00,216.00,422.00,387.00,339.00,387.00
340.00,218.00,419.00,218.00,419.00,387.00,340.00,387.00
340.00,227.00,418.00,227.00,418.00,393.00,340.00,393.00
338.00,230.00,415.00,230.00,415.00,396.00,338.00,396.00
334.00,233.00,414.00,233.00,414.00,402.00,334.00,402.00
331.00,235.00,411.00,235.00,411.00,403.00,331.00,403.00
331.00,244.00,412.00,244.00,412.00,408.00,331.00,408.00
330.00,246.00,411.00,246.00,411.00,411.00,330.00,411.00
329.00,253.00,411.00,253.00,411.00,417.00,329.00,417.00
329.00,253.00,410.00,253.00,410.00,417.00,329.00,417.00
332.00,255.00,413.00,255.00,413.00,419.00,332.00,419.00
335.00,259.00,416.00,259.00,416.00,422.00,335.00,422.00
339.00,258.00,418.00,258.00,418.00,421.00,339.00,421.00
340.00,255.00,419.00,255.00,419.00,418.00,340.00,418.00
341.00,255.00,421.00,255.00,421.00,420.00,341.00,420.00
343.00,254.00,422.00,254.00,422.00,419.00,343.00,419.00
343.00,252.00,422.00,252.00,422.00,418.00,343.00,418.00
345.00,252.00,426.00,252.00,426.00,419.00,345.00,419.00
348.00,250.00,429.00,250.00,429.00,415.00,348.00,415.00
352.00,246.00,435.00,246.00,435.00,410.00,352.00,410.00
359.00,245.00,440.00,245.00,440.00,409.00,359.00,409.00
363.00,243.00,445.00,243.00,445.00,408.00,363.00,408.00
366.00,245.00,448.00,245.00,448.00,410.00,366.00,410.00
371.00,249.00,454.00,249.00,454.00,416.00,371.00,416.00
379.00,247.00,462.00,247.00,462.00,417.00,379.00,417.00
382.00,244.00,465.00,244.00,465.00,413.00,382.00,413.00
385.00,243.00,471.00,243.00,471.00,413.00,385.00,413.00
391.00,240.00,475.00,240.00,475.00,414.00,391.00,414.00
395.00,238.00,479.00,238.00,479.00,410.00,395.00,410.00
397.00,237.00,480.00,237.00,480.00,408.00,397.00,408.00
405.00,238.00,490.00,238.00,490.00,406.00,405.00,406.00
411.00,235.00,496.00,235.00,496.00,400.00,411.00,400.00
416.00,238.00,502.00,238.00,502.00,401.00,416.00,401.00
422.00,236.00,505.00,236.00,505.00,396.00,422.00,396.00
427.00,230.00,504.00,230.00,504.00,392.00,427.00,392.00
430.00,245.00,511.00,245.00,511.00,405.00,430.00,405.00
435.00,248.00,516.00,248.00,516.00,409.00,435.00,409.00
436.00,248.00,519.00,248.00,519.00,407.00,436.00,407.00
440.00,236.00,518.00,236.00,518.00,401.00,440.00,401.00
444.00,248.00,525.00,248.00,525.00,411.00,444.00,411.00
446.00,250.00,528.00,250.00,528.00,414.00,446.00,414.00
450.00,249.00,533.00,249.00,533.00,417.00,450.00,417.00
460.00,252.00,536.00,252.00,536.00,412.00,460.00,412.00
461.00,249.00,538.00,249.00,538.00,407.00,461.00,407.00
462.00,248.00,543.00,248.00,543.00,409.00,462.00,409.00
464.00,232.00,542.00,232.00,542.00,400.00,464.00,400.00
469.00,245.00,551.00,245.00,551.00,402.00,469.00,402.00
473.00,247.00,552.00,247.00,552.00,400.00,473.00,400.00
476.00,250.00,553.00,250.00,553.00,402.00,476.00,402.00
479.00,240.00,555.00,240.00,555.00,404.00,479.00,404.00
484.00,253.00,559.00,253.00,559.00,400.00,484.00,400.00
486.00,258.00,559.00,258.00,559.00,407.00,486.00,407.00
494.00,261.00,568.00,261.00,568.00,410.00,494.00,410.00
498.00,264.00,572.00,264.00,572.00,412.00,498.00,412.00
500.00,263.00,573.00,263.00,573.00,408.00,500.00,408.00
503.00,250.00,578.00,250.00,578.00,413.00,503.00,413.00
512.00,258.00,586.00,258.00,586.00,397.00,512.00,397.00
