1
1109.00,616.00,1136.00,616.00,1136.00,654.00,1109.00,654.00
1091.00,611.00,1141.00,611.00,1141.00,669.00,1091.00,669.00
1072.00,603.00,1105.60,619.80,1083.80,663.40,1050.20,646.60
1072.40,618.80,1118.00,634.00,1105.10,672.70,1059.50,657.50
2
0
0
0
0
1
876.00,613.00,940.00,613.00,940.00,648.00,876.00,648.00
861.00,592.00,925.00,592.00,925.00,627.00,861.00,627.00
842.00,575.00,909.00,575.00,909.00,620.00,842.00,620.00
831.00,571.00,902.00,571.00,902.00,616.00,831.00,616.00
834.00,561.00,895.00,561.00,895.00,606.00,834.00,606.00
825.00,569.00,890.00,569.00,890.00,605.00,825.00,605.00
818.00,566.00,870.00,566.00,870.00,604.00,818.00,604.00
804.00,573.00,870.00,573.00,870.00,609.00,804.00,609.00
801.00,566.00,850.00,566.00,850.00,603.00,801.00,603.00
790.00,555.00,847.00,555.00,847.00,595.00,790.00,595.00
783.00,551.00,848.00,551.00,848.00,590.00,783.00,590.00
783.00,553.00,843.00,553.00,843.00,590.00,783.00,590.00
784.00,554.00,843.00,554.00,843.00,592.00,784.00,592.00
787.00,560.00,849.00,560.00,849.00,595.00,787.00,595.00
811.00,580.00,873.00,580.00,873.00,615.00,811.00,615.00
815.00,575.00,877.00,575.00,877.00,610.00,815.00,610.00
786.00,564.00,848.00,564.00,848.00,599.00,786.00,599.00
789.00,540.00,845.00,540.00,845.00,570.00,789.00,570.00
795.00,529.00,852.00,529.00,852.00,566.00,795.00,566.00
791.00,509.00,850.00,509.00,850.00,554.00,791.00,554.00
792.00,497.00,849.00,497.00,849.00,547.00,792.00,547.00
789.00,487.00,847.00,487.00,847.00,531.00,789.00,531.00
789.00,489.00,842.00,489.00,842.00,530.00,789.00,530.00
784.00,487.00,835.00,487.00,835.00,525.00,784.00,525.00
775.00,486.00,824.00,486.00,824.00,520.00,775.00,520.00
763.00,484.00,815.00,484.00,815.00,518.00,763.00,518.00
756.00,486.00,808.00,486.00,808.00,516.00,756.00,516.00
748.00,485.00,804.00,485.00,804.00,517.00,748.00,517.00
732.00,481.00,785.00,481.00,785.00,512.00,732.00,512.00
718.00,476.00,780.00,476.00,780.00,509.00,718.00,509.00
709.00,473.00,763.00,473.00,763.00,500.00,709.00,500.00
689.00,471.00,743.00,471.00,743.00,498.00,689.00,498.00
663.00,464.00,724.00,464.00,724.00,496.00,663.00,496.00
651.00,465.00,699.00,465.00,699.00,490.00,651.00,490.00
630.00,459.00,678.00,459.00,678.00,486.00,630.00,486.00
606.00,456.00,653.00,456.00,653.00,482.00,606.00,482.00
582.00,452.00,628.00,452.00,628.00,478.00,582.00,478.00
556.00,448.00,603.00,448.00,603.00,475.00,556.00,475.00
526.00,443.00,585.00,443.00,585.00,475.00,526.00,475.00
502.00,444.00,553.00,444.00,553.00,472.00,502.00,472.00
484.00,439.00,544.00,439.00,544.00,471.00,484.00,471.00
465.00,442.00,525.00,442.00,525.00,474.00,465.00,474.00
436.00,440.00,495.00,440.00,495.00,472.00,436.00,472.00
2
0
0
0
0
1
2
0
0
