1.8615,1.8859,1.8586,1.9149,2.1111,2.0881,1.7332,1.8652,1.8964,1.927,1.9168,1.8827,1.8429,1.8832,1.6578
1.8615,1.8859,1.8586,1.9149,2.1111,2.0881,1.7332,1.8652,1.8964,1.927,1.9168,1.8827,1.8429,1.8832,1.6578
1.8615,1.8859,1.8586,1.9149,2.1111,2.0881,1.7332,1.8652,1.8964,1.927,1.9168,1.8827,1.8429,1.8832,1.6578
1.8615,1.8859,1.8586,1.9149,2.1111,2.0881,1.7332,1.8652,1.8964,1.927,1.9168,1.8827,1.8429,1.8832,1.6578
1.8615,1.8859,1.8586,1.9149,2.1111,2.0881,1.7332,1.8652,1.8964,1.927,1.9168,1.8827,1.8429,1.8832,1.6578
1.8615,1.8859,1.8586,1.9149,2.1111,2.0881,1.7332,1.8652,1.8964,1.927,1.9168,1.8827,1.8429,1.8832,1.6578
1.8615,1.8859,1.8586,1.9149,2.1111,2.0881,1.7332,1.8652,1.8964,1.927,1.9168,1.8827,1.8429,1.8832,1.6578
1.8615,1.8859,1.8586,1.9149,2.1111,2.0881,1.7332,1.8652,1.8964,1.927,1.9168,1.8827,1.8429,1.8832,1.6578
1.8615,1.8859,1.8586,1.9149,2.1111,2.0881,1.7332,1.8652,1.8964,1.927,1.9168,1.8827,1.8429,1.8832,1.6578
1.8615,1.8859,1.8586,1.9149,2.1111,2.0881,1.7332,1.8652,1.8964,1.927,1.9168,1.8827,1.8429,1.8832,1.6578
1.8615,1.8859,1.8586,1.9149,2.1111,2.0881,1.7332,1.8652,1.8964,1.927,1.9168,1.8827,1.8429,1.8832,1.6578
1.8615,1.8859,1.8586,1.9149,2.1111,2.0881,1.7332,1.8652,1.8964,1.927,1.9168,1.8827,1.8429,1.8832,1.6578
1.8615,1.8859,1.8586,1.9149,2.1111,2.0881,1.7332,1.8652,1.8964,1.927,1.9168,1.8827,1.8429,1.8832,1.6578
1.8615,1.8859,1.8586,1.9149,2.1111,2.0881,1.7332,1.8652,1.8964,1.927,1.9168,1.8827,1.8429,1.8832,1.6578
1.8615,1.8859,1.8586,1.9149,2.1111,2.0881,1.7332,1.8652,1.8964,1.927,1.9168,1.8827,1.8429,1.8832,1.6578
1.8615,1.8859,1.8586,1.9149,2.1111,2.0881,1.7332,1.8652,1.8964,1.927,1.9168,1.8827,1.8429,1.8832,1.6578
1.8615,1.8859,1.8586,1.9149,2.1111,2.0881,1.7332,1.8652,1.8964,1.927,1.9168,1.8827,1.8429,1.8832,1.6578
1.8615,1.8859,1.8586,1.9149,2.1111,2.0881,1.7332,1.8652,1.8964,1.927,1.9168,1.8827,1.8429,1.8832,1.6578
1.8615,1.8859,1.8586,1.9149,2.1111,2.0881,1.7332,1.8652,1.8964,1.927,1.9168,1.8827,1.8429,1.8832,1.6578
1.8615,1.8859,1.8586,1.9149,2.1111,2.0881,1.7332,1.8652,1.8964,1.927,1.9168,1.8827,1.8429,1.8832,1.6578
1.8615,1.8859,1.8586,1.9149,2.1111,2.0881,1.7332,1.8652,1.8964,1.927,1.9168,1.8827,1.8429,1.8832,1.6578
1.8615,1.8859,1.8586,1.9149,2.1111,2.0881,1.7332,1.8652,1.8964,1.927,1.9168,1.8827,1.8429,1.8832,1.6578
1.8615,1.8859,1.8586,1.9149,2.1111,2.0881,1.7332,1.8652,1.8964,1.927,1.9168,1.8827,1.8429,1.8832,1.6578
1.8615,1.8859,1.8586,1.9149,2.1111,2.0881,1.7332,1.8652,1.8964,1.927,1.9168,1.8827,1.8429,1.8832,1.6578
1.8615,1.8859,1.8586,1.9149,2.1111,2.0881,1.7332,1.8652,1.8964,1.927,1.9168,1.8827,1.8429,1.8832,1.6578
1.8615,1.8859,1.8586,1.9149,2.1111,2.0881,1.7332,1.8652,1.8964,1.927,1.9168,1.8827,1.8429,1.8832,1.6578
1.8615,1.8859,1.8586,1.9149,2.1111,2.0881,1.7332,1.8652,1.8964,1.927,1.9168,1.8827,1.8429,1.8832,1.6578
1.8615,1.8859,1.8586,1.9149,2.1111,2.0881,1.7332,1.8652,1.8964,1.927,1.9168,1.8827,1.8429,1.8832,1.6578
1.8615,1.8859,1.8586,1.9149,2.1111,2.0881,1.7332,1.8652,1.8964,1.927,1.9168,1.8827,1.8429,1.8832,1.6578
1.8615,1.8859,1.8586,1.9149,2.1111,2.0881,1.7332,1.8652,1.8964,1.927,1.9168,1.8827,1.8429,1.8832,1.6578
1.8615,1.8859,1.8586,1.9149,2.1111,2.0881,1.7332,1.8652,1.8964,1.927,1.9168,1.8827,1.8429,1.8832,1.6578
1.8615,1.8859,1.8586,1.9149,2.1111,2.0881,1.7332,1.8652,1.8964,1.927,1.9168,1.8827,1.8429,1.8832,1.6578
1.8615,1.8859,1.8586,1.9149,2.1111,2.0881,1.7332,1.8652,1.8964,1.927,1.9168,1.8827,1.8429,1.8832,1.6578
1.8615,1.8859,1.8586,1.9149,2.1111,2.0881,1.7332,1.8652,1.8964,1.927,1.9168,1.8827,1.8429,1.8832,1.6578
1.8615,1.8859,1.8586,1.9149,2.1111,2.0881,1.7332,1.8652,1.8964,1.927,1.9168,1.8827,1.8429,1.8832,1.6578
1.8615,1.8859,1.8586,1.9149,2.1111,2.0881,1.7332,1.8652,1.8964,1.927,1.9168,1.8827,1.8429,1.8832,1.6578
1.8615,1.8859,1.8586,1.9149,2.1111,2.0881,1.7332,1.8652,1.8964,1.927,1.9168,1.8827,1.8429,1.8832,1.6578
1.8615,1.8859,1.8586,1.9149,2.1111,2.0881,1.7332,1.8652,1.8964,1.927,1.9168,1.8827,1.8429,1.8832,1.6578
1.8615,1.8859,1.8586,1.9149,2.1111,2.0881,1.7332,1.8652,1.8964,1.927,1.9168,1.8827,1.8429,1.8832,1.6578
1.8615,1.8859,1.8586,1.9149,2.1111,2.0881,1.7332,1.8652,1.8964,1.927,1.9168,1.8827,1.8429,1.8832,1.6578
1.8615,1.8859,1.8586,1.9149,2.1111,2.0881,1.7332,1.8652,1.8964,1.927,1.9168,1.8827,1.8429,1.8832,1.6578
1.8615,1.8859,1.8586,1.9149,2.1111,2.0881,1.7332,1.8652,1.8964,1.927,1.9168,1.8827,1.8429,1.8832,1.6578
1.8615,1.8859,1.8586,1.9149,2.1111,2.0881,1.7332,1.8652,1.8964,1.927,1.9168,1.8827,1.8429,1.8832,1.6578
1.8615,1.8859,1.8586,1.9149,2.1111,2.0881,1.7332,1.8652,1.8964,1.927,1.9168,1.8827,1.8429,1.8832,1.6578
1.8615,1.8859,1.8586,1.9149,2.1111,2.0881,1.7332,1.8652,1.8964,1.927,1.9168,1.8827,1.8429,1.8832,1.6578
1.8615,1.8859,1.8586,1.9149,2.1111,2.0881,1.7332,1.8652,1.8964,1.927,1.9168,1.8827,1.8429,1.8832,1.6578
1.8615,1.8859,1.8586,1.9149,2.1111,2.0881,1.7332,1.8652,1.8964,1.927,1.9168,1.8827,1.8429,1.8832,1.6578
1.8615,1.8859,1.8586,1.9149,2.1111,2.0881,1.7332,1.8652,1.8964,1.927,1.9168,1.8827,1.8429,1.8832,1.6578
1.8615,1.8859,1.8586,1.9149,2.1111,2.0881,1.7332,1.8652,1.8964,1.927,1.9168,1.8827,1.8429,1.8832,1.6578
1.8615,1.8859,1.8586,1.9149,2.1111,2.0881,1.7332,1.8652,1.8964,1.927,1.9168,1.8827,1.8429,1.8832,1.6578
1.8615,1.8859,1.8586,1.9149,2.1111,2.0881,1.7332,1.8652,1.8964,1.927,1.9168,1.8827,1.8429,1.8832,1.6578
1.8615,1.8859,1.8586,1.9149,2.1111,2.0881,1.7332,1.8652,1.8964,1.927,1.9168,1.8827,1.8429,1.8832,1.6578
1.8615,1.8859,1.8586,1.9149,2.1111,2.0881,1.7332,1.8652,1.8964,1.927,1.9168,1.8827,1.8429,1.8832,1.6578
1.8615,1.8859,1.8586,1.9149,2.1111,2.0881,1.7332,1.8652,1.8964,1.927,1.9168,1.8827,1.8429,1.8832,1.6578
1.8615,1.8859,1.8586,1.9149,2.1111,2.0881,1.7332,1.8652,1.8964,1.927,1.9168,1.8827,1.8429,1.8832,1.6578
1.8615,1.8859,1.8586,1.9149,2.1111,2.0881,1.7332,1.8652,1.8964,1.927,1.9168,1.8827,1.8429,1.8832,1.6578
1.8615,1.8859,1.8586,1.9149,2.1111,2.0881,1.7332,1.8652,1.8964,1.927,1.9168,1.8827,1.8429,1.8832,1.6578
1.8615,1.8859,1.8586,1.9149,2.1111,2.0881,1.7332,1.8652,1.8964,1.927,1.9168,1.8827,1.8429,1.8832,1.6578
1.8615,1.8859,1.8586,1.9149,2.1111,2.0881,1.7332,1.8652,1.8964,1.927,1.9168,1.8827,1.8429,1.8832,1.6578
1.8615,1.8859,1.8586,1.9149,2.1111,2.0881,1.7332,1.8652,1.8964,1.927,1.9168,1.8827,1.8429,1.8832,1.6578
1.8615,1.8859,1.8586,1.9149,2.1111,2.0881,1.7332,1.8652,1.8964,1.927,1.9168,1.8827,1.8429,1.8832,1.6578
1.8615,1.8859,1.8586,1.9149,2.1111,2.0881,1.7332,1.8652,1.8964,1.927,1.9168,1.8827,1.8429,1.8832,1.6578
1.8615,1.8859,1.8586,1.9149,2.1111,2.0881,1.7332,1.8652,1.8964,1.927,1.9168,1.8827,1.8429,1.8832,1.6578
