1
1110.00,616.00,1136.00,616.00,1136.00,654.00,1110.00,654.00
1092.00,611.00,1143.00,611.00,1143.00,670.00,1092.00,670.00
1069.36,603.89,1105.31,618.02,1087.61,663.10,1051.65,648.97
1072.39,618.80,1117.94,633.50,1105.36,672.47,1059.81,657.78
2
0
0
0
0
1
876.00,614.00,939.00,614.00,939.00,648.00,876.00,648.00
858.00,586.00,917.00,586.00,917.00,625.00,858.00,625.00
840.00,577.00,907.00,577.00,907.00,617.00,840.00,617.00
831.00,573.00,903.00,573.00,903.00,615.00,831.00,615.00
834.00,564.00,895.00,564.00,895.00,603.00,834.00,603.00
825.00,568.00,888.00,568.00,888.00,606.00,825.00,606.00
817.00,566.00,870.00,566.00,870.00,603.00,817.00,603.00
806.00,575.00,870.00,575.00,870.00,610.00,806.00,610.00
799.00,566.00,848.00,566.00,848.00,603.00,799.00,603.00
789.00,559.00,846.00,559.00,846.00,595.00,789.00,595.00
780.00,554.00,845.00,554.00,845.00,587.00,780.00,587.00
783.00,556.00,843.00,556.00,843.00,589.00,783.00,589.00
781.00,558.00,844.00,558.00,844.00,592.00,781.00,592.00
790.00,562.00,852.00,562.00,852.00,595.00,790.00,595.00
823.00,560.00,884.00,560.00,884.00,593.00,823.00,593.00
839.00,564.00,888.00,564.00,888.00,592.00,839.00,592.00
838.00,563.00,898.00,563.00,898.00,596.00,838.00,596.00
2
0
0
0
0
1
803.92,473.67,839.39,522.77,816.54,539.28,781.07,490.17
776.67,478.48,844.96,493.66,836.59,531.35,768.29,516.18
764.27,472.88,835.94,492.94,826.83,525.47,755.17,505.41
755.00,475.00,809.00,475.00,809.00,533.00,755.00,533.00
754.00,478.00,810.00,478.00,810.00,513.00,754.00,513.00
747.81,484.86,773.35,503.11,762.41,518.43,736.86,500.19
723.00,473.00,777.00,473.00,777.00,531.00,723.00,531.00
706.00,464.00,760.00,464.00,760.00,522.00,706.00,522.00
689.00,464.00,743.00,464.00,743.00,522.00,689.00,522.00
667.00,462.00,720.00,462.00,720.00,519.00,667.00,519.00
651.00,454.00,704.00,454.00,704.00,511.00,651.00,511.00
626.00,450.00,678.00,450.00,678.00,506.00,626.00,506.00
604.00,446.00,656.00,446.00,656.00,502.00,604.00,502.00
581.00,443.00,632.00,443.00,632.00,498.00,581.00,498.00
554.00,437.00,605.00,437.00,605.00,492.00,554.00,492.00
522.00,437.00,573.00,437.00,573.00,492.00,522.00,492.00
508.93,446.15,539.28,449.35,537.03,470.74,506.68,467.55
476.00,445.00,508.00,445.00,508.00,467.00,476.00,467.00
439.00,427.00,490.00,427.00,490.00,482.00,439.00,482.00
410.20,441.40,442.16,443.18,440.91,465.55,408.96,463.78
368.77,448.79,417.37,453.35,415.65,471.72,367.05,467.16
346.00,423.00,397.00,423.00,397.00,478.00,346.00,478.00
330.00,423.00,380.00,423.00,380.00,477.00,330.00,477.00
2
0
0
0
0
0
