1
746.00,230.00,929.00,230.00,929.00,343.00,746.00,343.00
748.00,231.00,932.00,231.00,932.00,341.00,748.00,341.00
747.00,233.00,935.00,233.00,935.00,341.00,747.00,341.00
747.00,233.00,939.00,233.00,939.00,341.00,747.00,341.00
749.00,233.00,940.00,233.00,940.00,343.00,749.00,343.00
750.00,233.00,944.00,233.00,944.00,344.00,750.00,344.00
747.00,232.00,947.00,232.00,947.00,344.00,747.00,344.00
749.00,232.00,944.00,232.00,944.00,342.00,749.00,342.00
752.00,232.00,949.00,232.00,949.00,343.00,752.00,343.00
750.00,231.00,951.00,231.00,951.00,343.00,750.00,343.00
750.00,230.00,949.00,230.00,949.00,343.00,750.00,343.00
752.00,230.00,949.00,230.00,949.00,340.00,752.00,340.00
752.00,229.00,950.00,229.00,950.00,344.00,752.00,344.00
758.00,228.00,952.00,228.00,952.00,345.00,758.00,345.00
758.00,227.00,952.00,227.00,952.00,345.00,758.00,345.00
755.00,226.00,955.00,226.00,955.00,342.00,755.00,342.00
763.00,224.00,955.00,224.00,955.00,342.00,763.00,342.00
762.00,224.00,955.00,224.00,955.00,341.00,762.00,341.00
762.00,222.00,960.00,222.00,960.00,341.00,762.00,341.00
765.00,221.00,958.00,221.00,958.00,341.00,765.00,341.00
776.00,219.00,961.00,219.00,961.00,340.00,776.00,340.00
776.00,216.00,965.00,216.00,965.00,339.00,776.00,339.00
784.00,219.00,965.00,219.00,965.00,338.00,784.00,338.00
783.00,215.00,965.00,215.00,965.00,336.00,783.00,336.00
778.00,216.00,967.00,216.00,967.00,336.00,778.00,336.00
780.00,213.00,969.00,213.00,969.00,338.00,780.00,338.00
783.00,214.00,968.00,214.00,968.00,336.00,783.00,336.00
787.00,212.00,969.00,212.00,969.00,336.00,787.00,336.00
792.00,212.00,969.00,212.00,969.00,336.00,792.00,336.00
796.00,213.00,971.00,213.00,971.00,337.00,796.00,337.00
805.00,209.00,967.00,209.00,967.00,329.00,805.00,329.00
807.00,209.00,970.00,209.00,970.00,330.00,807.00,330.00
808.00,208.00,974.00,208.00,974.00,333.00,808.00,333.00
810.00,207.00,977.00,207.00,977.00,331.00,810.00,331.00
817.00,207.00,977.00,207.00,977.00,330.00,817.00,330.00
814.00,209.00,984.00,209.00,984.00,330.00,814.00,330.00
816.00,209.00,985.00,209.00,985.00,329.00,816.00,329.00
819.00,209.00,989.00,209.00,989.00,327.00,819.00,327.00
821.00,206.00,987.00,206.00,987.00,325.00,821.00,325.00
826.00,208.00,988.00,208.00,988.00,325.00,826.00,325.00
830.00,206.00,987.00,206.00,987.00,322.00,830.00,322.00
834.00,206.00,988.00,206.00,988.00,320.00,834.00,320.00
833.00,207.00,985.00,207.00,985.00,319.00,833.00,319.00
838.00,207.00,990.00,207.00,990.00,317.00,838.00,317.00
838.00,208.00,990.00,208.00,990.00,319.00,838.00,319.00
850.00,208.00,1003.00,208.00,1003.00,302.00,850.00,302.00
851.00,207.00,998.00,207.00,998.00,314.00,851.00,314.00
854.00,211.00,1002.00,211.00,1002.00,302.00,854.00,302.00
850.00,216.00,998.00,216.00,998.00,307.00,850.00,307.00
849.00,217.00,997.00,217.00,997.00,308.00,849.00,308.00
848.00,215.00,997.00,215.00,997.00,307.00,848.00,307.00
853.00,210.00,1001.00,210.00,1001.00,301.00,853.00,301.00
864.00,206.00,1011.00,206.00,1011.00,296.00,864.00,296.00
858.00,202.00,1005.00,202.00,1005.00,292.00,858.00,292.00
849.00,211.00,995.00,211.00,995.00,300.00,849.00,300.00
838.00,226.00,984.00,226.00,984.00,315.00,838.00,315.00
847.00,225.00,990.00,225.00,990.00,312.00,847.00,312.00
812.00,270.00,956.00,270.00,956.00,358.00,812.00,358.00
825.00,262.00,968.00,262.00,968.00,349.00,825.00,349.00
2
0
0
0
0
1
901.00,203.00,971.00,203.00,971.00,303.00,901.00,303.00
902.00,203.00,972.00,203.00,972.00,303.00,902.00,303.00
902.00,205.00,971.00,205.00,971.00,303.00,902.00,303.00
903.00,205.00,972.00,205.00,972.00,302.00,903.00,302.00
904.00,207.00,972.00,207.00,972.00,302.00,904.00,302.00
905.00,206.00,971.00,206.00,971.00,303.00,905.00,303.00
906.00,206.00,971.00,206.00,971.00,303.00,906.00,303.00
905.00,206.00,971.00,206.00,971.00,303.00,905.00,303.00
904.00,206.00,970.00,206.00,970.00,302.00,904.00,302.00
904.00,205.00,970.00,205.00,970.00,302.00,904.00,302.00
904.00,205.00,970.00,205.00,970.00,300.00,904.00,300.00
904.00,207.00,971.00,207.00,971.00,302.00,904.00,302.00
904.00,205.00,970.00,205.00,970.00,299.00,904.00,299.00
904.00,203.00,970.00,203.00,970.00,301.00,904.00,301.00
902.00,203.00,970.00,203.00,970.00,302.00,902.00,302.00
900.00,203.00,969.00,203.00,969.00,301.00,900.00,301.00
901.00,203.00,969.00,203.00,969.00,298.00,901.00,298.00
900.00,201.00,970.00,201.00,970.00,299.00,900.00,299.00
900.00,202.00,969.00,202.00,969.00,299.00,900.00,299.00
900.00,201.00,970.00,201.00,970.00,300.00,900.00,300.00
900.00,200.00,969.00,200.00,969.00,299.00,900.00,299.00
899.00,200.00,969.00,200.00,969.00,299.00,899.00,299.00
900.00,201.00,969.00,201.00,969.00,300.00,900.00,300.00
899.00,202.00,969.00,202.00,969.00,303.00,899.00,303.00
898.00,203.00,969.00,203.00,969.00,304.00,898.00,304.00
898.00,204.00,969.00,204.00,969.00,306.00,898.00,306.00
898.00,206.00,969.00,206.00,969.00,307.00,898.00,307.00
900.00,202.00,968.00,202.00,968.00,303.00,900.00,303.00
898.00,208.00,968.00,208.00,968.00,311.00,898.00,311.00
897.00,211.00,968.00,211.00,968.00,314.00,897.00,314.00
898.00,210.00,969.00,210.00,969.00,313.00,898.00,313.00
897.00,216.00,969.00,216.00,969.00,320.00,897.00,320.00
896.00,216.00,970.00,216.00,970.00,323.00,896.00,323.00
896.00,216.00,970.00,216.00,970.00,322.00,896.00,322.00
898.00,210.00,969.00,210.00,969.00,315.00,898.00,315.00
898.00,213.00,971.00,213.00,971.00,318.00,898.00,318.00
891.00,219.00,971.00,219.00,971.00,327.00,891.00,327.00
893.00,210.00,970.00,210.00,970.00,319.00,893.00,319.00
887.00,223.00,971.00,223.00,971.00,330.00,887.00,330.00
889.00,220.00,971.00,220.00,971.00,327.00,889.00,327.00
888.00,218.00,971.00,218.00,971.00,326.00,888.00,326.00
893.00,210.00,972.00,210.00,972.00,315.00,893.00,315.00
893.00,211.00,971.00,211.00,971.00,317.00,893.00,317.00
892.00,212.00,971.00,212.00,971.00,319.00,892.00,319.00
894.00,207.00,972.00,207.00,972.00,315.00,894.00,315.00
892.00,208.00,972.00,208.00,972.00,316.00,892.00,316.00
893.00,210.00,972.00,210.00,972.00,315.00,893.00,315.00
893.00,209.00,970.00,209.00,970.00,317.00,893.00,317.00
890.00,213.00,970.00,213.00,970.00,321.00,890.00,321.00
888.00,212.00,970.00,212.00,970.00,325.00,888.00,325.00
890.00,209.00,971.00,209.00,971.00,323.00,890.00,323.00
891.00,211.00,971.00,211.00,971.00,321.00,891.00,321.00
891.00,212.00,972.00,212.00,972.00,323.00,891.00,323.00
890.00,212.00,973.00,212.00,973.00,322.00,890.00,322.00
889.00,213.00,972.00,213.00,972.00,325.00,889.00,325.00
889.00,212.00,972.00,212.00,972.00,322.00,889.00,322.00
889.00,211.00,972.00,211.00,972.00,322.00,889.00,322.00
888.00,208.00,972.00,208.00,972.00,320.00,888.00,320.00
888.00,210.00,972.00,210.00,972.00,321.00,888.00,321.00
886.00,208.00,972.00,208.00,972.00,323.00,886.00,323.00
888.00,207.00,974.00,207.00,974.00,318.00,888.00,318.00
887.00,206.00,973.00,206.00,973.00,316.00,887.00,316.00
888.00,205.00,973.00,205.00,973.00,316.00,888.00,316.00
888.00,203.00,974.00,203.00,974.00,313.00,888.00,313.00
889.00,204.00,976.00,204.00,976.00,316.00,889.00,316.00
889.00,205.00,974.00,205.00,974.00,313.00,889.00,313.00
889.00,204.00,974.00,204.00,974.00,312.00,889.00,312.00
888.00,204.00,972.00,204.00,972.00,313.00,888.00,313.00
889.00,205.00,973.00,205.00,973.00,312.00,889.00,312.00
890.00,203.00,973.00,203.00,973.00,311.00,890.00,311.00
889.00,203.00,973.00,203.00,973.00,310.00,889.00,310.00
891.00,201.00,974.00,201.00,974.00,308.00,891.00,308.00
891.00,200.00,974.00,200.00,974.00,309.00,891.00,309.00
891.00,203.00,973.00,203.00,973.00,311.00,891.00,311.00
891.00,201.00,974.00,201.00,974.00,307.00,891.00,307.00
891.00,199.00,975.00,199.00,975.00,307.00,891.00,307.00
890.00,199.00,973.00,199.00,973.00,307.00,890.00,307.00
890.00,201.00,973.00,201.00,973.00,308.00,890.00,308.00
891.00,203.00,972.00,203.00,972.00,309.00,891.00,309.00
891.00,202.00,974.00,202.00,974.00,308.00,891.00,308.00
891.00,202.00,973.00,202.00,973.00,308.00,891.00,308.00
890.00,202.00,973.00,202.00,973.00,308.00,890.00,308.00
891.00,202.00,972.00,202.00,972.00,309.00,891.00,309.00
893.00,202.00,972.00,202.00,972.00,308.00,893.00,308.00
892.00,204.00,972.00,204.00,972.00,310.00,892.00,310.00
892.00,200.00,972.00,200.00,972.00,307.00,892.00,307.00
893.00,204.00,973.00,204.00,973.00,311.00,893.00,311.00
892.00,200.00,973.00,200.00,973.00,306.00,892.00,306.00
892.00,200.00,973.00,200.00,973.00,309.00,892.00,309.00
893.00,200.00,974.00,200.00,974.00,307.00,893.00,307.00
891.00,197.00,973.00,197.00,973.00,304.00,891.00,304.00
891.00,199.00,972.00,199.00,972.00,304.00,891.00,304.00
891.00,199.00,973.00,199.00,973.00,303.00,891.00,303.00
889.00,197.00,972.00,197.00,972.00,303.00,889.00,303.00
890.00,198.00,971.00,198.00,971.00,302.00,890.00,302.00
890.00,199.00,972.00,199.00,972.00,305.00,890.00,305.00
890.00,198.00,972.00,198.00,972.00,301.00,890.00,301.00
889.00,196.00,972.00,196.00,972.00,301.00,889.00,301.00
890.00,195.00,973.00,195.00,973.00,300.00,890.00,300.00
886.00,194.00,973.00,194.00,973.00,299.00,886.00,299.00
887.00,196.00,973.00,196.00,973.00,300.00,887.00,300.00
888.00,201.00,973.00,201.00,973.00,305.00,888.00,305.00
888.00,200.00,973.00,200.00,973.00,305.00,888.00,305.00
886.00,196.00,973.00,196.00,973.00,299.00,886.00,299.00
889.00,198.00,973.00,198.00,973.00,300.00,889.00,300.00
887.00,197.00,974.00,197.00,974.00,301.00,887.00,301.00
887.00,199.00,973.00,199.00,973.00,304.00,887.00,304.00
887.00,199.00,973.00,199.00,973.00,304.00,887.00,304.00
888.00,198.00,972.00,198.00,972.00,302.00,888.00,302.00
887.00,200.00,973.00,200.00,973.00,303.00,887.00,303.00
887.00,200.00,973.00,200.00,973.00,306.00,887.00,306.00
885.00,199.00,972.00,199.00,972.00,306.00,885.00,306.00
883.00,201.00,972.00,201.00,972.00,309.00,883.00,309.00
886.00,198.00,972.00,198.00,972.00,307.00,886.00,307.00
881.00,205.00,971.00,205.00,971.00,315.00,881.00,315.00
879.00,206.00,972.00,206.00,972.00,317.00,879.00,317.00
879.00,203.00,971.00,203.00,971.00,316.00,879.00,316.00
877.00,207.00,970.00,207.00,970.00,323.00,877.00,323.00
876.00,210.00,970.00,210.00,970.00,329.00,876.00,329.00
877.00,214.00,970.00,214.00,970.00,333.00,877.00,333.00
875.00,212.00,971.00,212.00,971.00,335.00,875.00,335.00
872.00,206.00,971.00,206.00,971.00,331.00,872.00,331.00
872.00,210.00,971.00,210.00,971.00,337.00,872.00,337.00
869.00,211.00,970.00,211.00,970.00,338.00,869.00,338.00
867.00,209.00,970.00,209.00,970.00,335.00,867.00,335.00
869.00,206.00,973.00,206.00,973.00,330.00,869.00,330.00
869.00,207.00,975.00,207.00,975.00,329.00,869.00,329.00
871.00,207.00,976.00,207.00,976.00,327.00,871.00,327.00
866.00,207.00,976.00,207.00,976.00,331.00,866.00,331.00
866.00,209.00,977.00,209.00,977.00,335.00,866.00,335.00
860.00,208.00,977.00,208.00,977.00,339.00,860.00,339.00
862.00,211.00,978.00,211.00,978.00,342.00,862.00,342.00
853.00,209.00,979.00,209.00,979.00,343.00,853.00,343.00
859.00,212.00,979.00,212.00,979.00,346.00,859.00,346.00
854.00,210.00,980.00,210.00,980.00,348.00,854.00,348.00
853.00,211.00,979.00,211.00,979.00,348.00,853.00,348.00
852.00,211.00,978.00,211.00,978.00,346.00,852.00,346.00
856.00,213.00,978.00,213.00,978.00,350.00,856.00,350.00
847.00,212.00,977.00,212.00,977.00,347.00,847.00,347.00
845.00,208.00,978.00,208.00,978.00,345.00,845.00,345.00
845.00,208.00,976.00,208.00,976.00,343.00,845.00,343.00
846.00,209.00,977.00,209.00,977.00,346.00,846.00,346.00
844.00,208.00,975.00,208.00,975.00,344.00,844.00,344.00
854.00,209.00,971.00,209.00,971.00,366.00,854.00,366.00
856.00,214.00,971.00,214.00,971.00,369.00,856.00,369.00
839.00,215.00,953.00,215.00,953.00,369.00,839.00,369.00
854.00,219.00,966.00,219.00,966.00,370.00,854.00,370.00
840.00,217.00,952.00,217.00,952.00,367.00,840.00,367.00
848.00,213.00,975.00,213.00,975.00,358.00,848.00,358.00
850.00,210.00,976.00,210.00,976.00,363.00,850.00,363.00
853.00,215.00,975.00,215.00,975.00,364.00,853.00,364.00
851.00,217.00,976.00,217.00,976.00,360.00,851.00,360.00
854.00,215.00,977.00,215.00,977.00,359.00,854.00,359.00
851.00,216.00,978.00,216.00,978.00,359.00,851.00,359.00
849.00,215.00,975.00,215.00,975.00,354.00,849.00,354.00
854.00,224.00,974.00,224.00,974.00,360.00,854.00,360.00
853.00,228.00,975.00,228.00,975.00,360.00,853.00,360.00
853.00,230.00,975.00,230.00,975.00,361.00,853.00,361.00
853.00,231.00,974.00,231.00,974.00,358.00,853.00,358.00
851.00,233.00,974.00,233.00,974.00,360.00,851.00,360.00
867.00,237.00,971.00,237.00,971.00,374.00,867.00,374.00
857.00,235.00,972.00,235.00,972.00,359.00,857.00,359.00
860.00,236.00,971.00,236.00,971.00,356.00,860.00,356.00
861.00,238.00,971.00,238.00,971.00,358.00,861.00,358.00
860.00,238.00,971.00,238.00,971.00,355.00,860.00,355.00
862.00,238.00,964.00,238.00,964.00,373.00,862.00,373.00
857.00,240.00,970.00,240.00,970.00,361.00,857.00,361.00
865.00,245.00,972.00,245.00,972.00,358.00,865.00,358.00
876.00,252.00,974.00,252.00,974.00,361.00,876.00,361.00
868.00,254.00,971.00,254.00,971.00,365.00,868.00,365.00
868.00,250.00,970.00,250.00,970.00,360.00,868.00,360.00
878.00,255.00,971.00,255.00,971.00,362.00,878.00,362.00
875.00,253.00,971.00,253.00,971.00,359.00,875.00,359.00
874.00,252.00,971.00,252.00,971.00,358.00,874.00,358.00
2
0
0
0
0
1
662.00,244.00,790.00,244.00,790.00,327.00,662.00,327.00
649.00,251.00,789.00,251.00,789.00,340.00,649.00,340.00
646.00,239.00,786.00,239.00,786.00,328.00,646.00,328.00
662.00,244.00,781.00,244.00,781.00,325.00,662.00,325.00
2
0
0
0
0
1
606.95,197.00,612.23,307.89,440.29,316.08,435.01,205.19
439.21,204.75,598.36,206.34,597.33,308.56,438.19,306.97
431.84,196.22,606.09,201.13,602.92,313.72,428.67,308.81
440.72,195.90,604.73,205.27,598.50,314.29,434.49,304.91
485.71,155.45,624.08,234.19,565.25,337.59,426.87,258.86
467.96,162.89,615.59,228.30,571.65,327.47,424.02,262.06
476.37,148.67,622.78,232.96,562.59,337.49,416.19,253.20
479.41,156.37,616.58,237.51,557.04,338.18,419.87,257.03
482.58,167.94,611.11,238.21,557.95,335.46,429.41,265.20
461.47,175.02,598.72,230.71,561.02,323.62,423.77,267.92
467.92,167.97,606.30,233.43,559.91,331.51,421.53,266.06
461.80,169.89,602.20,235.15,557.99,330.26,417.59,265.01
469.72,167.33,608.02,233.56,560.26,333.28,421.96,267.05
461.43,157.66,602.03,241.42,541.61,342.83,401.02,259.08
455.10,157.28,598.87,240.35,536.22,348.77,392.46,265.71
451.60,158.26,597.25,237.42,538.40,345.70,392.75,266.54
457.37,154.98,599.18,238.40,533.75,349.62,391.94,266.20
448.62,160.40,589.67,234.89,533.13,341.97,392.07,267.48
477.28,156.07,582.03,243.36,494.41,348.51,389.66,261.21
440.16,165.60,579.87,229.38,530.32,337.93,390.61,274.15
435.86,167.62,575.39,226.91,528.45,337.34,388.93,278.05
480.65,157.49,576.00,237.24,485.65,345.27,390.29,265.52
458.37,161.61,568.48,230.43,491.52,353.57,381.40,284.75
456.39,162.36,566.83,230.57,490.89,353.52,380.46,285.31
450.44,162.25,563.92,224.59,493.68,352.46,380.20,290.12
452.04,160.91,563.59,224.43,491.04,351.84,379.49,288.32
451.43,159.82,562.04,221.10,490.11,350.93,379.50,289.64
452.63,159.78,558.08,221.30,483.65,348.88,378.20,287.37
454.17,159.44,557.64,222.36,479.96,350.11,376.48,287.19
454.75,157.89,558.28,221.39,477.77,352.66,374.24,289.16
464.96,157.72,559.20,228.40,467.28,350.96,373.04,280.28
459.60,156.20,558.17,221.15,472.32,351.47,373.74,286.52
464.83,156.28,560.57,223.19,471.37,350.81,375.63,283.89
457.54,158.81,556.19,221.12,474.47,350.51,375.82,288.20
445.82,160.31,553.67,213.54,487.05,348.49,379.20,295.25
440.55,163.16,553.97,212.60,494.82,348.30,381.39,298.86
432.47,169.68,552.72,212.85,502.68,352.24,382.43,309.08
400.00,195.00,544.00,195.00,544.00,322.00,400.00,322.00
429.76,174.06,547.47,216.10,500.07,348.81,382.37,306.77
460.72,173.06,558.41,250.30,471.62,360.07,373.93,282.83
449.23,174.08,558.76,244.49,481.53,364.62,372.00,294.22
457.28,174.96,558.24,250.68,469.56,368.92,368.60,293.20
455.96,179.72,555.80,254.60,469.88,369.16,370.04,294.28
511.18,195.73,549.81,303.32,413.64,352.21,375.01,244.61
393.00,215.00,520.00,215.00,520.00,332.00,393.00,332.00
512.10,210.07,532.74,323.59,400.39,347.66,379.75,234.14
400.44,205.85,515.66,221.80,498.40,346.44,383.18,330.49
387.00,206.00,513.00,206.00,513.00,335.00,387.00,335.00
494.39,193.33,544.18,296.24,402.06,365.00,352.27,262.09
510.44,205.20,536.09,312.46,375.43,350.88,349.78,243.62
509.41,207.97,531.34,312.14,367.25,346.68,345.32,242.51
516.37,220.12,519.23,328.73,357.42,332.99,354.56,224.38
512.33,212.33,527.85,317.56,369.83,340.88,354.31,235.64
507.53,211.12,528.11,315.70,378.82,345.07,358.24,240.49
508.85,215.92,523.48,321.97,368.90,343.29,354.27,237.24
509.53,216.75,521.91,321.10,354.40,340.97,342.02,236.62
391.52,201.19,518.69,233.61,488.04,353.83,360.87,321.42
503.16,212.68,522.93,314.82,370.70,344.28,350.93,242.14
503.22,214.30,520.62,318.73,372.57,343.41,355.16,238.97
505.35,218.47,516.05,325.50,365.55,340.54,354.85,233.51
505.48,223.11,507.62,334.49,380.21,336.94,378.07,225.56
379.00,225.00,506.00,225.00,506.00,331.00,379.00,331.00
504.97,218.62,513.14,324.84,358.90,336.70,350.73,230.48
492.77,202.97,527.40,310.69,378.05,358.70,343.42,250.97
493.75,201.91,529.19,310.96,379.59,359.58,344.15,250.53
497.09,201.08,533.44,306.67,389.77,356.13,353.42,250.54
493.63,204.23,520.15,315.63,365.67,352.41,339.15,241.01
496.87,201.59,517.73,315.37,360.23,344.24,339.37,230.47
491.97,201.97,524.79,312.15,366.43,359.32,333.61,249.14
497.94,202.22,529.93,305.73,361.78,357.70,329.79,254.19
498.17,200.93,531.82,306.38,370.43,357.88,336.78,252.43
507.90,198.61,529.95,311.62,366.68,343.48,344.63,230.46
500.97,199.25,535.61,305.09,369.41,359.48,334.77,253.64
504.60,202.97,531.55,309.30,361.60,352.38,334.65,246.06
506.66,202.21,533.91,309.71,362.79,353.10,335.53,245.60
507.36,203.86,531.25,312.07,361.28,349.60,337.38,241.38
508.66,205.26,529.84,314.20,358.41,347.53,337.23,238.59
508.13,205.31,525.30,315.52,346.11,343.45,328.93,233.23
508.64,207.23,521.76,320.95,349.21,340.86,336.09,227.14
509.62,205.53,522.61,316.58,347.62,337.05,334.63,226.01
510.52,206.87,521.48,320.60,344.59,337.65,333.63,223.92
501.52,202.38,525.76,306.26,356.44,345.76,332.21,241.89
500.66,204.64,523.03,307.52,350.82,344.95,328.45,242.08
496.20,200.75,523.77,304.13,350.80,350.25,323.23,246.87
499.44,201.36,524.85,306.36,350.90,348.44,325.49,243.44
503.42,202.73,525.05,304.25,352.37,341.05,330.74,239.53
502.59,200.98,525.86,302.39,352.28,342.23,329.01,240.82
498.78,198.93,523.01,301.03,350.64,341.93,326.42,239.83
505.96,199.81,525.96,299.81,353.46,334.31,333.46,234.31
496.51,195.28,523.96,302.34,348.76,347.27,321.31,240.20
500.47,197.90,522.61,301.96,341.92,340.40,319.78,236.35
504.81,206.32,516.19,315.80,330.14,335.13,318.77,225.65
477.72,181.31,519.45,285.62,352.55,352.38,310.83,248.07
440.54,175.42,509.49,271.54,379.72,364.64,310.76,268.52
407.83,179.66,486.23,268.06,383.89,358.81,305.50,270.41
392.40,180.96,476.19,268.56,383.46,357.25,299.67,269.66
410.70,175.50,487.98,269.59,376.00,361.57,298.72,267.48
363.57,176.93,500.39,226.69,457.67,344.15,320.85,294.40
460.49,172.69,512.45,270.67,364.72,349.01,312.76,251.04
465.20,176.95,508.78,269.72,366.79,336.42,323.21,243.64
473.69,177.28,511.90,270.25,366.03,330.20,327.82,237.23
467.77,173.10,509.79,265.55,365.97,330.92,323.95,238.48
462.23,163.80,512.72,254.43,371.50,333.11,321.01,242.48
485.49,207.81,491.34,313.09,323.91,322.39,318.06,217.11
400.46,173.06,487.89,257.48,389.43,359.45,302.00,275.04
418.48,170.86,488.00,261.77,368.85,352.88,299.34,261.98
396.66,184.75,471.94,264.21,378.33,352.90,303.04,273.43
402.68,182.48,475.07,266.01,374.56,353.11,302.17,269.58
383.00,193.00,463.00,273.00,382.00,354.00,302.00,274.00
398.88,180.61,478.62,265.67,379.90,358.22,300.16,273.17
381.50,182.50,469.50,270.50,378.00,362.00,290.00,274.00
398.42,174.10,480.63,264.96,374.37,361.09,292.16,270.23
381.50,178.50,469.50,266.50,375.00,361.00,287.00,273.00
377.00,179.00,464.50,266.50,371.50,359.50,284.00,272.00
372.50,177.50,460.50,265.50,365.50,360.50,277.50,272.50
372.00,179.00,456.50,263.50,363.00,357.00,278.50,272.50
353.89,165.95,460.82,250.45,375.60,358.28,268.68,273.78
352.14,172.12,448.50,256.43,365.67,351.09,269.32,266.78
352.64,168.17,449.65,251.80,363.84,351.35,266.83,267.72
348.24,167.97,446.75,250.36,363.47,349.94,264.96,267.55
352.94,166.12,445.67,249.01,358.77,346.22,266.04,263.33
350.05,174.43,439.95,256.99,357.56,346.70,267.67,264.14
328.87,170.49,433.14,252.58,355.12,351.69,250.85,269.60
340.20,161.38,435.92,248.70,343.47,350.04,247.75,262.72
337.82,157.94,439.10,246.15,350.22,348.19,248.95,259.99
323.08,172.56,428.84,251.88,354.92,350.44,249.16,271.12
321.31,169.52,429.36,248.90,354.09,351.35,246.04,271.97
316.12,164.84,422.68,244.76,341.32,353.24,234.76,273.32
373.54,162.31,443.69,267.54,315.38,353.08,245.23,247.85
354.54,163.17,431.38,262.61,314.44,352.98,237.60,253.54
350.74,157.49,431.56,251.07,319.29,348.02,238.48,254.45
406.84,185.15,435.41,277.22,265.22,330.04,236.65,237.97
394.88,177.89,431.63,273.45,275.50,333.50,238.75,237.94
395.21,179.83,429.96,275.38,271.86,332.87,237.12,237.32
402.67,181.16,433.02,273.71,267.25,328.07,236.90,235.51
394.65,193.67,417.77,282.56,261.06,323.30,237.95,234.41
395.71,182.07,427.72,275.03,266.70,330.46,234.70,237.50
388.10,178.78,425.07,274.12,267.83,335.09,230.86,239.75
386.97,189.41,416.53,281.79,259.02,332.19,229.46,239.81
385.88,181.67,420.85,274.93,262.16,334.44,227.19,241.18
354.40,165.71,412.91,256.41,286.06,338.25,227.55,247.55
337.17,168.24,401.13,256.18,289.46,337.39,225.51,249.45
343.80,170.63,398.00,256.00,275.42,333.83,221.22,248.47
221.00,217.00,393.00,217.00,393.00,327.00,221.00,327.00
335.49,171.85,390.00,256.00,269.83,333.84,215.32,249.69
327.96,174.53,384.14,255.20,275.93,330.57,219.75,249.89
327.25,173.37,383.00,255.00,271.56,331.11,215.81,249.47
316.82,182.84,372.11,255.15,282.03,324.04,226.74,251.73
279.88,260.73,287.58,343.20,259.23,345.85,251.53,263.38
211.79,224.23,383.10,240.29,375.13,325.26,203.82,309.20
315.15,168.99,378.00,252.00,268.16,335.17,205.30,252.16
312.49,170.29,377.00,252.00,273.80,333.48,209.29,251.77
279.75,260.70,288.73,343.73,256.06,347.26,247.08,264.23
165.68,222.23,272.27,238.32,258.32,330.75,151.73,314.66
157.27,223.52,274.54,253.92,253.26,335.99,135.99,305.59
144.19,223.55,270.39,240.01,258.51,331.07,132.31,314.61
152.64,225.42,269.93,236.77,261.22,326.76,143.93,315.41
138.15,250.29,247.26,253.16,245.43,322.77,136.32,319.90
130.10,236.51,262.64,239.01,261.05,323.40,128.51,320.90
138.97,238.86,262.28,243.26,259.37,324.66,136.06,320.25
125.00,244.00,259.00,244.00,259.00,323.00,125.00,323.00
153.57,223.10,269.64,237.36,258.36,329.20,142.29,314.95
142.57,227.78,265.28,238.93,257.38,325.85,134.66,314.70
129.59,239.42,260.62,248.46,255.36,324.75,124.33,315.71
117.19,225.03,270.21,231.54,266.27,324.25,113.25,317.73
111.85,227.00,266.95,230.97,264.57,323.68,109.47,319.70
115.72,226.23,269.73,229.81,267.59,321.73,113.58,318.15
112.09,225.70,267.03,230.00,264.48,321.87,109.54,317.57
115.72,223.83,270.12,229.27,266.84,322.16,112.45,316.71
104.52,224.41,265.42,230.16,262.14,322.08,101.24,316.33
107.59,220.54,268.28,230.58,262.45,323.84,101.76,313.80
105.53,218.76,268.62,230.01,262.20,323.08,99.11,311.84
110.60,218.83,273.78,228.31,268.33,322.17,105.15,312.68
96.77,217.67,268.35,228.40,262.50,321.97,90.92,311.25
103.38,216.30,268.88,228.75,261.77,323.17,96.27,310.71
106.29,215.25,273.30,228.10,265.96,323.46,98.95,310.61
101.47,215.81,270.28,227.19,263.88,322.08,95.08,310.70
116.82,212.87,285.49,229.13,276.16,325.93,107.49,309.67
129.78,203.42,282.58,234.42,261.94,336.18,109.14,305.17
120.31,213.20,283.69,230.22,273.79,325.25,110.41,308.23
126.95,212.88,288.59,231.40,277.66,326.77,116.02,308.25
124.90,213.53,285.52,231.75,274.80,326.29,114.18,308.07
126.86,214.64,283.68,232.61,272.97,326.12,116.15,308.15
114.98,212.41,287.59,236.22,274.43,331.65,101.82,307.84
132.62,201.72,277.82,241.32,251.38,338.28,106.18,298.68
132.75,200.86,277.70,242.74,250.11,338.23,105.16,296.36
110.53,223.25,279.34,232.45,274.39,323.15,105.59,313.94
128.49,202.70,274.80,243.97,248.21,338.24,101.90,296.97
271.97,227.59,275.09,319.57,101.27,325.47,98.15,233.49
270.47,229.71,272.06,320.30,95.57,323.39,93.98,232.81
269.44,229.72,271.06,320.28,96.56,323.40,94.94,232.84
91.00,232.00,267.00,232.00,267.00,322.00,91.00,322.00
93.00,233.00,266.00,233.00,266.00,323.00,93.00,323.00
94.84,227.82,264.60,237.26,259.50,328.92,89.75,319.49
97.38,229.47,258.47,237.52,253.95,328.10,92.85,320.04
91.00,234.00,246.00,234.00,246.00,323.00,91.00,323.00
86.00,234.00,256.00,234.00,256.00,324.00,86.00,324.00
85.00,234.00,247.00,234.00,247.00,324.00,85.00,324.00
247.85,226.38,255.96,315.55,96.64,330.03,88.53,240.86
240.05,227.19,247.77,316.74,91.35,330.23,83.63,240.67
239.40,227.99,246.65,317.33,93.41,329.75,86.17,240.42
230.92,226.01,241.24,315.43,92.87,332.55,82.55,243.13
229.38,224.11,242.38,314.18,95.54,335.38,82.54,245.30
236.65,224.19,249.28,313.59,98.22,334.94,85.59,245.54
237.84,224.59,250.42,313.57,95.32,335.50,82.74,246.52
220.58,226.51,233.77,314.44,100.71,334.39,87.52,246.47
207.56,225.44,225.04,313.83,101.96,338.17,84.47,249.79
208.12,225.77,225.16,316.34,97.28,340.39,80.24,249.83
211.44,223.71,229.54,312.99,98.41,339.57,80.32,250.29
212.94,224.46,229.20,313.27,101.35,336.68,85.09,247.87
210.41,225.59,225.64,314.38,100.96,335.75,85.74,246.96
211.10,224.92,226.76,313.63,98.69,336.23,83.03,247.52
214.52,223.77,230.62,313.77,96.23,337.82,80.13,247.82
203.69,224.38,220.55,313.46,92.93,337.61,76.07,248.53
210.03,228.57,220.46,318.95,96.22,333.28,85.80,242.91
208.30,227.54,219.87,317.21,94.82,333.35,83.25,243.68
204.71,229.03,215.25,318.62,87.49,333.65,76.95,244.06
195.94,228.51,207.26,319.09,70.89,336.14,59.57,245.55
184.59,224.44,204.16,314.75,64.49,345.01,44.92,254.70
183.49,223.45,203.54,314.44,61.71,345.69,41.66,254.70
173.83,222.02,198.69,312.41,66.69,348.71,41.84,258.32
173.57,220.48,199.34,311.83,54.78,352.60,29.02,261.25
178.30,219.06,204.42,310.45,64.81,350.34,38.70,258.94
163.43,213.14,201.28,303.04,69.04,358.72,31.19,268.82
162.40,210.04,203.35,298.76,80.58,355.42,39.63,266.71
52.46,219.95,202.93,239.82,190.47,334.19,40.00,314.32
183.19,214.30,206.29,299.76,57.83,339.88,34.74,254.42
161.78,212.09,197.07,295.92,62.95,352.39,27.66,268.56
159.04,207.08,197.26,292.03,61.26,353.23,23.03,268.29
165.77,208.84,196.71,293.40,52.95,345.99,22.01,261.43
158.64,207.78,194.37,292.63,58.78,349.72,23.05,264.87
152.77,208.10,192.95,296.48,61.25,356.34,21.08,267.97
163.89,217.19,186.61,303.52,56.91,337.66,34.19,251.32
167.72,216.15,188.18,305.65,51.05,336.99,30.60,247.49
167.53,221.51,180.20,312.01,50.54,330.16,37.87,239.66
174.45,225.29,180.68,316.66,40.27,326.23,34.04,234.86
165.29,224.28,175.06,317.10,42.84,331.02,33.07,238.20
168.47,225.61,175.11,318.49,34.04,328.57,27.41,235.69
25.00,230.00,173.00,230.00,173.00,323.00,25.00,323.00
169.31,227.54,174.78,321.56,33.93,329.75,28.46,235.73
29.00,231.00,172.00,231.00,172.00,325.00,29.00,325.00
140.38,206.42,180.57,312.65,75.05,352.57,34.86,246.35
171.27,229.77,173.92,325.25,39.14,329.00,36.49,233.51
141.20,209.47,181.10,312.73,76.53,353.14,36.63,249.87
148.02,214.43,182.21,313.90,74.22,351.02,40.03,251.55
143.85,208.16,180.34,315.62,72.09,352.38,35.60,244.93
148.45,211.41,179.72,316.60,69.96,349.23,38.69,244.04
141.36,208.44,181.85,313.03,79.65,352.59,39.16,248.00
69.87,202.68,191.56,253.92,156.28,337.70,34.60,286.46
113.00,203.00,192.50,282.50,124.00,351.00,44.50,271.50
134.63,206.19,186.88,304.89,95.45,353.29,43.20,254.60
115.50,203.50,194.00,282.00,126.50,349.50,48.00,271.00
121.91,207.22,191.93,288.92,119.71,350.82,49.68,269.13
108.50,202.50,191.50,285.50,127.50,349.50,44.50,266.50
117.08,203.33,191.16,288.80,119.47,350.93,45.40,265.46
134.67,208.54,187.94,299.10,98.04,351.97,44.78,261.42
119.10,198.91,194.38,286.08,118.54,351.58,43.26,264.41
62.49,196.70,193.20,258.21,156.32,336.56,25.62,275.06
136.26,205.56,189.38,302.14,94.52,354.31,41.40,257.73
119.64,202.86,190.48,290.05,112.66,353.28,41.82,266.08
130.37,201.85,189.08,297.26,98.42,353.05,39.70,257.64
128.93,205.16,186.08,298.67,96.89,353.18,39.74,259.66
129.69,203.54,189.23,292.85,100.85,351.77,41.31,262.46
134.28,205.22,184.51,300.68,91.45,349.66,41.21,254.20
127.67,202.54,185.78,296.42,99.37,349.91,41.26,256.03
129.79,203.32,185.91,296.85,97.82,349.71,41.71,256.18
129.29,203.54,186.51,295.97,99.20,350.02,41.98,257.58
126.58,200.48,189.51,292.02,104.46,350.49,41.53,258.95
134.61,204.05,185.08,299.96,91.57,349.18,41.09,253.27
53.24,213.55,181.22,240.98,162.37,328.94,34.39,301.51
144.30,208.00,183.00,306.24,79.83,346.88,41.13,248.64
130.87,200.49,186.98,296.68,96.26,349.60,40.16,253.41
149.21,209.39,181.08,309.52,72.64,344.02,40.78,243.89
154.88,212.05,178.96,313.72,64.01,340.94,39.93,239.28
55.83,215.34,180.95,241.23,162.64,329.75,37.51,303.86
138.40,203.80,186.80,300.60,90.00,349.00,41.60,252.20
151.51,210.59,179.03,312.84,67.39,342.89,39.87,240.65
52.82,212.96,181.63,242.05,161.52,331.12,32.70,302.03
47.46,212.59,181.51,242.01,161.97,331.02,27.92,301.59
52.48,214.86,180.71,241.39,162.20,330.87,33.96,304.34
158.77,217.99,172.46,318.35,54.07,334.49,40.38,234.13
135.80,204.60,184.40,301.80,89.60,349.20,41.00,252.00
111.00,197.00,193.50,279.50,123.50,349.50,41.00,267.00
140.45,209.91,179.31,308.55,79.97,347.68,41.11,249.05
141.44,211.15,179.07,315.34,79.13,351.43,41.50,247.24
54.49,214.76,180.19,242.26,160.39,332.77,34.69,305.28
158.03,217.25,171.17,322.35,57.69,336.54,44.55,231.43
141.77,208.45,174.91,314.53,76.18,345.38,43.03,239.30
140.71,202.54,174.14,312.87,75.75,342.68,42.32,232.36
140.70,202.32,175.69,313.64,77.99,344.34,43.01,233.03
142.67,203.03,173.84,313.89,74.83,341.73,43.65,230.88
144.60,204.51,173.70,313.61,73.49,340.34,44.39,231.23
144.67,203.74,173.58,314.55,73.80,340.57,44.90,229.77
54.61,213.43,180.97,243.52,160.10,331.17,33.74,301.08
145.55,209.18,174.96,315.07,76.45,342.43,47.04,236.54
52.42,213.88,179.54,239.31,161.35,330.27,34.23,304.85
56.27,208.96,183.05,247.29,156.79,334.15,30.01,295.82
55.57,209.46,182.72,246.54,157.04,334.59,29.89,297.51
54.97,209.09,182.68,247.40,156.31,335.29,28.61,296.98
56.49,207.69,183.87,248.64,155.89,335.68,28.51,294.74
61.07,207.30,184.24,252.09,153.38,336.96,30.21,292.17
52.19,215.04,179.50,240.50,161.38,331.08,34.08,305.62
54.38,212.73,180.25,242.94,158.72,332.65,32.85,302.44
62.59,214.65,180.24,244.06,158.00,333.00,40.35,303.59
98.11,201.87,189.47,279.17,131.40,347.80,40.04,270.50
81.08,210.22,186.03,257.92,149.15,339.07,44.20,291.36
115.83,206.52,187.88,288.86,119.70,348.51,47.65,266.18
83.66,213.02,186.76,255.98,152.29,338.70,49.19,295.75
105.44,216.08,188.00,278.00,135.68,347.76,53.12,285.84
108.70,214.75,188.67,281.39,131.79,349.66,51.82,283.02
114.00,216.00,187.00,289.00,125.00,351.00,52.00,278.00
116.49,215.80,186.26,291.92,122.19,350.66,52.41,274.54
122.47,215.41,185.89,297.86,118.96,349.34,55.54,266.90
92.44,220.73,184.56,256.55,152.66,338.59,60.54,302.76
83.76,225.05,177.95,249.47,156.52,332.13,62.33,307.72
91.12,222.68,180.00,255.00,150.66,335.69,61.77,303.37
84.56,225.65,174.28,249.81,152.16,331.97,62.44,307.81
86.49,224.28,174.19,249.34,150.45,332.42,62.75,307.36
128.67,223.57,168.04,318.90,97.29,348.12,57.92,252.80
126.99,222.37,170.21,317.45,100.66,349.06,57.45,253.98
127.52,222.32,170.40,317.96,101.92,348.66,59.04,253.02
128.20,221.64,171.66,317.25,104.00,348.00,60.54,252.39
82.60,231.20,168.63,237.82,161.61,329.05,75.58,322.43
93.75,224.88,180.41,251.41,156.56,329.31,69.90,302.79
96.68,224.20,182.81,254.70,156.09,330.16,69.96,299.65
98.27,223.61,183.18,254.80,155.54,330.03,70.63,298.84
98.04,223.82,183.12,255.26,155.69,329.47,70.62,298.03
106.66,218.86,192.52,253.21,161.07,331.83,75.21,297.48
132.54,204.23,202.16,257.39,142.47,335.56,72.85,282.39
153.84,201.54,213.19,264.38,139.28,334.18,79.93,271.34
152.45,203.92,211.66,260.93,143.06,332.17,83.85,275.15
153.56,202.05,212.78,263.59,140.66,332.98,81.44,271.44
152.67,203.44,211.59,261.20,143.29,330.87,84.37,273.11
155.25,205.55,211.89,263.28,138.57,335.21,81.93,277.49
158.93,206.45,211.38,264.42,139.42,329.52,86.97,271.55
159.51,206.75,212.00,263.70,139.26,330.75,86.76,273.79
158.26,205.45,212.47,264.18,139.42,331.62,85.20,272.89
158.64,205.93,212.49,264.15,135.61,335.26,81.76,277.04
161.42,208.02,213.23,265.59,135.99,335.10,84.18,277.54
160.75,209.89,213.32,263.91,135.15,339.96,82.59,285.94
161.78,210.91,213.81,264.43,142.74,333.53,90.70,280.01
162.33,210.87,214.86,265.90,143.20,334.31,90.67,279.27
160.50,210.50,216.00,266.00,143.00,339.00,87.50,283.50
168.44,209.05,219.37,272.71,132.66,342.07,81.73,278.41
187.94,208.89,229.48,281.58,131.58,337.52,90.05,264.83
203.59,212.67,234.97,289.38,125.28,334.25,93.90,257.54
204.65,210.95,239.30,286.57,129.19,337.04,94.53,261.42
209.44,213.23,241.29,290.19,129.61,336.40,97.77,259.44
215.08,215.55,242.63,295.17,128.43,334.70,100.87,255.08
216.90,216.70,243.90,297.70,130.80,335.40,103.80,254.40
220.30,219.92,243.03,301.11,127.97,333.33,105.24,252.13
219.76,221.60,241.49,303.07,131.32,332.45,109.59,250.98
220.66,221.96,242.69,303.46,134.64,332.67,112.61,251.16
222.39,221.81,244.09,303.80,135.58,332.52,113.88,250.53
223.29,221.18,244.35,305.41,134.00,333.00,112.94,248.76
225.54,223.27,243.81,307.34,134.96,331.01,116.68,246.94
224.15,221.75,244.28,306.75,131.40,333.48,111.27,248.49
130.66,234.77,238.25,238.13,235.46,327.30,127.88,323.93
127.83,234.72,238.74,239.76,234.71,328.31,123.81,323.26
130.56,233.18,239.64,240.97,233.28,330.02,124.20,322.23
131.81,232.90,240.07,242.18,232.45,331.04,124.19,321.76
228.89,225.96,242.85,312.05,135.09,329.53,121.13,243.44
137.33,230.47,241.95,248.93,226.06,339.01,121.43,320.55
131.45,235.11,238.68,239.99,234.72,327.26,127.48,322.39
129.00,236.00,237.00,236.00,237.00,324.00,129.00,324.00
235.79,234.95,238.33,321.17,128.72,324.39,126.18,238.17
127.00,236.00,236.00,236.00,236.00,325.00,127.00,325.00
232.69,227.69,240.75,318.00,126.16,328.24,118.10,237.92
214.58,206.81,251.38,303.20,141.38,345.20,104.58,248.81
237.65,224.12,246.30,319.34,124.22,330.43,115.57,235.22
244.03,230.86,245.15,326.79,114.61,328.31,113.49,232.38
116.00,232.00,244.00,232.00,244.00,329.00,116.00,329.00
171.40,209.19,245.12,308.26,168.30,365.43,94.57,266.36
150.81,196.17,244.43,296.32,173.96,362.19,80.35,262.05
113.73,231.18,245.36,233.33,243.76,330.72,112.14,328.56
171.84,205.97,248.05,312.68,169.07,369.09,92.85,262.39
168.32,208.92,247.10,305.00,171.12,367.30,92.34,271.22
122.00,233.00,258.00,233.00,258.00,331.00,122.00,331.00
128.00,234.00,265.00,234.00,265.00,331.00,128.00,331.00
154.23,206.31,257.47,299.02,191.97,371.97,88.72,279.26
120.38,232.47,268.40,236.95,265.52,331.71,117.51,327.23
129.60,233.44,269.78,237.96,266.74,331.99,126.57,327.47
124.20,230.55,270.81,237.22,266.47,332.57,119.87,325.90
107.13,227.63,268.64,237.88,262.58,333.34,101.07,323.08
109.43,229.07,267.83,236.61,263.26,332.54,104.86,324.99
108.14,225.24,271.02,243.86,260.04,339.92,97.17,321.30
158.50,197.50,260.00,299.00,188.00,371.00,86.50,269.50
156.36,197.40,261.01,296.54,191.35,370.07,86.70,270.93
157.50,200.50,253.50,296.50,184.50,365.50,88.50,269.50
117.26,224.56,278.36,250.54,262.78,347.19,101.68,321.21
110.49,225.16,275.60,245.29,263.68,342.99,98.58,322.85
138.67,205.47,246.72,281.11,193.68,356.88,85.63,281.24
97.46,229.04,269.21,242.25,261.86,337.84,90.11,324.62
107.67,234.44,267.03,236.46,265.84,330.50,106.47,328.49
98.60,237.09,267.01,239.30,265.81,330.62,97.40,328.40
265.69,235.98,268.21,326.58,98.31,331.30,95.80,240.70
264.42,227.82,274.67,318.18,113.61,336.45,103.36,246.08
259.34,222.84,274.76,312.50,111.06,340.67,95.64,251.01
258.45,222.84,274.96,309.17,115.86,339.59,99.36,253.26
259.47,219.88,280.24,302.94,126.35,341.41,105.59,258.35
254.62,220.71,275.30,304.54,116.98,343.60,96.29,259.77
256.65,221.10,276.76,305.31,111.82,344.70,91.71,260.49
258.59,223.25,277.07,307.06,124.94,340.62,106.46,256.81
257.38,224.92,274.46,310.31,109.85,343.23,92.77,257.85
262.13,228.20,276.00,314.23,110.22,340.96,96.35,254.94
261.95,229.55,274.79,315.94,111.76,340.17,98.91,253.78
260.30,228.70,273.92,315.86,113.27,340.96,99.66,253.80
257.65,229.02,270.85,315.92,105.96,340.97,92.76,254.06
260.15,229.44,272.02,317.07,111.69,338.78,99.82,251.15
262.70,232.94,270.11,320.89,104.62,334.82,97.21,246.88
266.10,234.56,271.53,321.40,110.22,331.49,104.79,244.64
91.00,240.00,266.00,240.00,266.00,327.00,91.00,327.00
110.00,239.00,270.00,239.00,270.00,326.00,110.00,326.00
99.00,238.00,268.00,238.00,268.00,325.00,99.00,325.00
264.42,226.45,273.67,316.86,111.29,333.47,102.04,243.05
260.47,221.48,273.21,314.88,111.27,336.96,98.53,243.56
256.85,213.15,275.79,312.31,113.02,343.40,94.08,244.24
260.81,216.74,275.96,312.30,115.22,337.78,100.07,242.22
253.37,215.20,270.76,311.91,107.80,341.20,90.42,244.50
264.42,228.84,266.61,316.41,103.41,320.49,101.22,232.92
262.55,220.83,272.26,311.40,108.85,328.91,99.14,238.34
102.00,229.00,268.00,229.00,268.00,317.00,102.00,317.00
113.00,223.94,275.39,232.97,270.50,320.92,108.12,311.90
111.07,222.79,274.51,231.62,269.73,319.93,106.29,311.10
105.00,226.00,269.00,226.00,269.00,315.00,105.00,315.00
105.00,225.00,269.00,225.00,269.00,314.00,105.00,314.00
257.13,216.20,267.00,307.51,103.83,325.15,93.96,233.84
261.85,216.51,270.95,307.50,118.57,322.74,109.48,231.75
93.00,224.00,271.00,224.00,271.00,314.00,93.00,314.00
113.83,214.33,276.47,231.15,267.37,319.11,104.73,302.28
104.86,218.45,272.61,225.44,268.80,316.70,101.05,309.71
262.04,212.30,274.40,307.04,103.65,329.31,91.29,234.57
114.02,205.34,279.54,237.52,261.48,330.40,95.96,298.21
113.48,212.18,275.82,232.48,264.08,326.38,101.74,306.09
265.17,224.03,269.21,321.12,99.42,328.19,95.38,231.11
111.00,227.00,270.00,227.00,270.00,325.00,111.00,325.00
107.00,228.00,268.00,228.00,268.00,324.00,107.00,324.00
265.89,225.47,268.91,322.07,119.34,326.74,116.32,230.15
119.74,224.43,271.87,229.18,268.88,325.00,116.74,320.24
156.01,190.60,296.37,247.62,261.69,333.00,121.32,275.97
160.33,185.26,299.69,247.20,261.63,332.84,122.27,270.90
161.36,181.97,300.01,245.61,260.89,330.84,122.24,267.19
125.76,221.51,292.27,228.75,288.71,310.77,122.19,303.53
124.42,222.30,294.06,228.36,291.11,310.97,121.47,304.91
167.12,177.67,302.27,241.98,261.94,326.73,126.80,262.43
157.27,190.00,307.15,237.68,280.64,320.98,130.77,273.29
135.00,226.00,300.00,226.00,300.00,308.00,135.00,308.00
300.28,224.24,302.15,306.79,138.13,310.52,136.25,227.97
165.31,184.26,307.77,237.03,277.23,319.49,134.77,266.73
302.25,221.61,306.65,302.99,150.78,311.42,146.38,230.03
214.61,175.86,320.15,242.51,265.09,329.69,159.56,263.04
201.22,179.10,315.26,238.02,270.66,324.34,156.62,265.42
194.75,178.13,313.58,236.54,271.07,323.02,152.24,264.61
303.14,215.34,313.63,292.32,169.23,312.01,158.73,235.04
215.36,183.81,315.42,237.06,269.80,322.77,169.74,269.51
215.15,179.67,317.80,236.49,269.70,323.39,167.05,266.56
218.28,172.55,321.32,237.43,266.98,323.73,163.94,258.85
228.98,171.61,325.16,239.30,264.67,325.25,168.49,257.57
174.39,205.18,320.52,220.97,311.43,305.05,165.30,289.25
228.86,181.44,319.91,237.73,267.84,321.96,176.79,265.67
251.29,191.73,319.42,243.21,261.39,320.01,193.26,268.53
279.91,197.49,330.78,272.47,248.64,328.21,197.76,253.23
277.50,188.50,356.50,267.50,281.50,342.50,202.50,263.50
293.50,182.50,385.50,274.50,306.50,353.50,214.50,261.50
272.20,175.74,411.97,267.79,349.40,362.80,209.63,270.75
300.00,177.00,399.50,276.50,317.00,359.00,217.50,259.50
395.45,185.54,426.48,289.42,249.48,342.29,218.45,238.41
392.75,197.21,415.37,293.97,259.18,330.48,236.56,233.73
315.24,183.66,410.25,282.19,335.19,354.57,240.18,256.04
390.54,191.91,418.53,291.72,254.78,337.65,226.78,237.84
295.36,180.71,414.50,278.82,345.97,362.04,226.83,263.92
388.53,184.51,424.85,288.63,255.86,347.59,219.53,243.46
294.85,185.00,404.03,277.12,336.98,356.58,227.80,264.46
297.51,180.67,407.04,276.84,335.65,358.15,226.12,261.98
324.00,176.00,426.00,278.00,342.00,362.00,240.00,260.00
297.23,171.57,423.76,277.58,348.80,367.05,222.27,261.04
388.33,181.10,429.68,288.32,258.27,354.44,216.91,247.22
298.01,174.41,418.09,275.02,345.78,361.33,225.70,260.72
308.50,183.50,404.50,279.50,329.50,354.50,233.50,258.50
307.00,186.00,395.00,274.00,321.50,347.50,233.50,259.50
314.00,179.00,417.50,282.50,337.50,362.50,234.00,259.00
313.00,182.00,411.50,280.50,334.50,357.50,236.00,259.00
309.00,189.00,403.00,283.00,331.50,354.50,237.50,260.50
372.68,190.84,410.06,294.87,254.86,350.65,217.47,246.61
364.22,191.02,404.15,299.42,247.66,357.07,207.72,248.68
316.00,176.00,418.00,278.00,335.00,361.00,233.00,259.00
410.31,180.52,447.14,285.11,284.42,342.40,247.60,237.82
314.50,179.50,417.50,282.50,337.50,362.50,234.50,259.50
403.75,184.41,439.27,288.34,279.06,343.09,243.54,239.17
399.37,188.17,432.27,291.12,275.34,341.27,242.43,238.33
330.99,176.53,433.42,282.89,350.75,362.50,248.32,256.14
408.35,181.21,444.69,286.35,272.94,345.72,236.60,240.58
382.61,194.29,414.15,295.92,259.43,343.94,227.89,242.31
393.38,191.01,425.42,293.56,261.84,344.68,229.79,242.13
398.01,191.74,428.29,293.34,262.11,342.87,231.82,241.27
411.58,192.01,437.72,291.34,274.35,334.33,248.21,235.00
397.90,191.61,428.49,292.93,258.25,344.32,227.66,243.01
415.74,194.69,438.80,292.05,275.91,330.63,252.85,233.27
417.14,191.60,442.72,290.01,266.50,335.83,240.91,237.42
412.58,193.14,437.98,291.55,275.96,333.36,250.57,234.95
342.00,181.00,439.50,278.50,362.50,355.50,265.00,258.00
349.56,177.64,439.19,280.08,351.76,356.58,262.12,254.14
341.68,180.46,434.41,281.63,354.85,354.56,262.11,253.40
336.73,182.77,425.85,285.60,344.30,356.27,255.18,253.44
335.50,180.45,429.03,283.83,347.39,357.69,253.86,254.32
335.00,179.00,435.50,279.50,356.00,359.00,255.50,258.50
337.52,180.17,429.45,285.23,342.73,361.12,250.80,256.05
319.00,187.00,412.00,280.00,342.50,349.50,249.50,256.50
333.71,181.38,425.93,284.08,343.39,358.20,251.17,255.50
336.19,180.03,427.67,284.27,342.86,358.70,251.38,254.46
323.57,182.76,420.62,286.90,339.57,362.42,242.53,258.28
334.73,172.61,439.63,275.22,359.37,357.27,254.47,254.65
325.80,174.18,434.81,278.91,354.99,361.99,245.99,257.26
351.29,173.44,441.99,274.21,352.38,354.86,261.68,254.09
326.50,183.95,418.75,288.02,336.60,360.83,244.35,256.76
323.52,175.03,432.25,281.64,352.23,363.27,243.49,256.66
361.87,176.80,424.45,287.66,299.35,358.28,236.77,247.42
333.50,171.54,440.19,275.63,358.13,359.74,251.44,255.65
329.83,173.75,433.40,279.79,349.99,361.27,246.41,255.23
336.18,171.08,441.70,274.14,359.03,358.78,253.51,255.71
336.00,167.00,442.50,273.50,355.50,360.50,249.00,254.00
330.50,171.50,436.50,277.50,352.00,362.00,246.00,256.00
360.89,184.47,416.96,290.37,301.73,351.38,245.66,245.47
327.81,180.03,426.72,283.54,347.24,359.48,248.33,255.97
327.81,177.78,429.32,281.83,347.91,361.26,246.39,257.20
334.30,176.27,428.18,282.67,336.26,363.77,242.38,257.37
363.59,182.08,421.07,288.54,299.59,354.14,242.11,247.68
339.24,180.59,420.76,285.41,327.51,357.94,245.98,253.12
371.32,187.50,418.55,294.29,285.54,353.13,238.30,246.33
373.81,188.97,417.92,295.75,289.85,348.65,245.75,241.86
369.30,172.48,435.73,279.79,302.67,362.16,236.24,254.85
373.36,170.13,440.37,276.67,307.27,360.40,240.25,253.86
349.91,168.22,439.62,272.89,335.20,362.40,245.48,257.73
382.21,168.24,446.14,273.73,310.53,355.92,246.59,250.43
371.40,173.46,436.82,279.38,307.89,359.01,242.47,253.09
377.34,171.50,441.99,276.18,317.26,353.22,252.60,248.54
375.71,190.42,421.46,296.37,295.83,350.62,250.08,244.67
364.85,173.77,435.00,279.00,316.62,357.92,246.46,252.69
339.00,175.00,430.50,266.50,348.50,348.50,257.00,257.00
355.90,174.88,435.41,274.27,339.32,351.15,259.80,251.76
371.03,172.38,435.97,280.62,308.76,356.94,243.82,248.71
299.35,163.85,445.55,240.90,390.90,344.61,244.69,267.55
291.44,160.69,443.41,241.49,386.33,348.85,234.36,268.05
280.25,161.35,449.65,237.70,404.70,337.45,235.29,261.10
269.93,160.17,445.79,230.52,401.52,341.21,225.66,270.86
252.86,190.66,442.96,206.50,433.66,318.06,243.57,302.21
249.00,202.00,446.00,202.00,446.00,311.00,249.00,311.00
379.15,159.51,440.65,278.11,295.40,353.42,233.91,234.82
299.71,160.94,428.63,244.12,368.21,337.78,239.29,254.60
410.04,172.50,449.10,287.51,274.77,346.72,235.71,231.70
392.92,163.79,448.96,273.26,283.55,357.93,227.51,248.46
378.09,163.79,441.27,270.19,290.49,359.71,227.31,253.31
381.68,170.77,431.20,277.35,268.98,352.73,219.45,246.15
305.23,142.15,441.15,232.77,360.54,353.69,224.62,263.08
409.50,166.13,452.79,278.08,274.15,347.15,230.86,235.20
256.01,174.24,446.53,213.05,423.13,327.92,232.61,289.11
374.21,173.14,430.95,282.69,290.29,355.53,233.56,245.98
376.51,172.15,433.95,279.38,299.64,351.33,242.20,244.11
275.03,169.69,428.59,217.41,394.42,327.36,240.86,279.63
374.51,174.57,431.11,281.25,301.88,349.82,245.28,243.14
369.55,178.24,425.06,283.71,296.80,351.21,241.29,245.74
356.35,149.15,452.72,242.51,355.85,342.51,259.48,249.15
389.80,164.40,450.23,270.15,302.26,354.71,241.83,248.95
396.59,161.79,456.02,268.14,304.87,352.60,245.44,246.26
381.32,161.59,449.93,266.32,308.05,359.28,239.43,254.55
396.74,162.26,456.20,268.68,300.91,355.46,241.44,249.05
359.66,164.07,441.51,266.39,328.71,356.63,246.85,254.32
340.50,170.50,434.00,264.00,349.50,348.50,256.00,255.00
351.69,166.98,437.18,266.71,334.73,354.52,249.25,254.79
346.50,171.44,433.62,269.45,339.96,352.70,252.84,254.70
401.00,167.00,454.40,273.80,297.60,352.20,244.20,245.40
370.18,177.32,430.37,282.65,310.29,351.26,250.11,245.94
382.41,178.75,432.61,285.42,299.93,347.86,249.73,241.18
311.38,161.15,440.45,232.23,384.53,333.77,255.46,262.69
384.89,180.74,431.34,286.91,297.99,345.26,251.53,239.08
377.57,165.82,445.47,269.66,312.45,356.63,244.56,252.79
390.94,170.44,446.40,275.20,302.64,351.31,247.18,246.55
372.54,165.71,443.90,268.29,320.37,354.22,249.01,251.64
377.97,186.30,422.01,291.32,298.22,343.23,254.19,238.21
405.86,175.81,448.60,281.01,288.52,346.04,245.78,240.84
405.10,176.16,448.35,280.68,287.72,347.15,244.47,242.63
382.03,185.26,426.16,289.55,298.02,343.76,253.89,239.47
401.64,181.87,440.12,286.32,287.33,342.61,248.85,238.16
391.02,184.42,431.86,288.38,292.82,343.00,251.98,239.04
399.60,170.20,451.40,273.80,302.60,348.20,250.80,244.60
351.62,172.33,437.03,269.52,344.96,350.43,259.55,253.25
390.60,175.20,442.20,278.40,299.00,350.00,247.40,246.80
395.12,179.95,439.45,283.38,295.83,344.93,251.50,241.50
386.00,178.00,437.40,280.80,302.20,348.40,250.80,245.60
379.38,167.86,444.81,269.44,320.86,349.28,255.43,247.69
382.44,167.38,446.37,269.33,316.44,350.81,252.51,248.87
379.60,167.49,445.30,269.49,316.62,352.36,250.93,250.37
375.62,170.97,440.43,272.82,316.45,351.71,251.64,249.86
379.70,166.65,446.39,268.44,319.89,351.31,253.20,249.52
386.68,160.56,454.98,262.12,322.58,351.14,254.29,249.58
372.55,169.99,440.72,271.38,316.69,354.78,248.52,253.39
376.03,166.72,444.64,268.74,317.38,354.31,248.78,252.29
366.88,175.20,433.70,276.30,320.10,351.39,253.28,250.29
376.49,167.41,444.63,268.75,320.12,352.47,251.98,251.13
378.22,184.31,427.59,286.36,305.42,345.47,256.05,243.43
380.85,165.77,448.23,266.85,323.15,350.23,255.77,249.15
349.27,166.56,442.55,264.29,348.82,353.76,255.53,256.04
380.40,169.64,444.32,270.85,322.16,348.00,258.24,246.80
356.46,166.16,444.05,264.06,346.54,351.31,258.95,253.41
351.89,169.02,440.93,266.54,348.03,351.36,258.98,253.84
354.79,167.47,443.61,265.17,348.69,351.46,259.87,253.76
354.43,168.52,442.61,265.10,350.21,349.46,262.03,252.89
391.60,177.20,442.40,278.80,314.00,343.00,263.20,241.40
347.50,177.50,438.00,268.00,362.00,344.00,271.50,253.50
376.85,169.77,443.92,270.38,328.31,347.46,261.23,246.85
381.43,168.35,447.00,269.04,322.20,350.31,256.63,249.61
373.67,171.63,440.47,272.99,316.71,354.56,249.90,253.20
376.18,171.89,441.66,272.62,321.66,350.62,256.18,249.89
381.60,167.02,448.01,268.38,315.70,355.06,249.29,253.71
380.25,168.01,446.61,269.29,318.74,353.07,252.38,251.79
381.06,168.00,447.12,269.15,318.57,353.10,252.52,251.95
380.51,165.97,448.68,267.35,317.99,355.23,249.81,253.85
377.87,168.46,445.70,269.38,320.96,353.23,253.13,252.31
387.27,159.80,456.81,261.29,318.86,355.82,249.31,254.32
381.97,162.93,452.31,264.16,320.62,355.67,250.28,254.45
346.66,165.40,446.05,260.28,359.19,351.27,259.80,256.40
382.36,165.66,449.46,268.08,309.63,359.69,242.53,257.28
347.00,168.00,443.00,264.00,354.50,352.50,258.50,256.50
343.50,178.50,436.00,271.00,357.50,349.50,265.00,257.00
369.54,175.31,436.77,276.15,324.62,350.92,257.38,250.08
349.60,170.09,445.13,262.33,365.13,345.19,269.60,252.95
352.50,165.50,447.50,260.50,360.50,347.50,265.50,252.50
355.50,165.50,449.50,259.50,363.50,345.50,269.50,251.50
389.71,167.50,452.78,269.23,321.00,350.94,257.93,249.21
350.00,165.00,447.00,262.00,355.50,353.50,258.50,256.50
386.87,169.25,450.17,270.20,316.02,354.33,252.71,253.38
349.00,166.00,446.00,263.00,356.00,353.00,259.00,256.00
346.19,173.92,445.95,261.20,374.46,342.90,274.71,255.62
385.44,172.74,446.24,274.06,317.26,351.44,256.47,250.12
386.23,165.85,453.31,266.46,327.08,350.62,260.00,250.00
391.97,166.92,454.23,267.34,322.37,349.09,260.11,248.67
387.12,167.72,450.79,268.19,322.47,349.52,258.79,249.05
342.74,177.94,439.40,270.20,365.57,347.54,268.91,255.28
391.18,166.15,454.04,267.34,323.09,348.69,260.23,247.49
382.49,169.47,446.75,271.99,313.75,355.36,249.49,252.85
385.73,168.14,451.17,269.57,322.46,352.61,257.02,251.18
385.78,170.27,448.59,272.64,314.55,354.89,251.73,252.53
389.95,167.50,454.32,269.13,324.75,351.19,260.39,249.56
339.49,165.12,457.67,258.49,386.42,348.67,268.24,255.29
331.56,164.92,457.80,259.60,386.16,355.12,259.92,260.44
337.67,163.91,461.88,258.31,391.09,351.47,266.87,257.06
408.47,165.83,466.52,268.27,323.26,349.45,265.21,247.02
407.84,170.25,464.45,270.15,339.66,340.86,283.05,240.97
409.26,172.53,461.95,274.28,316.83,349.43,264.14,247.68
374.50,159.50,473.50,258.50,382.00,350.00,283.00,251.00
347.62,166.47,468.04,264.59,397.25,351.46,276.83,253.34
443.53,187.12,468.12,285.47,300.59,327.35,276.00,229.00
332.11,168.72,467.74,267.36,406.08,352.15,270.45,253.51
283.42,202.07,472.05,212.00,467.04,307.27,278.40,297.34
457.84,187.45,478.39,286.08,296.98,323.88,276.43,225.24
281.02,189.85,478.98,220.57,464.35,314.85,266.39,284.13
289.21,189.57,479.17,225.41,461.54,318.82,271.59,282.98
447.19,186.47,471.19,285.12,294.51,328.09,270.51,229.44
341.44,164.08,477.44,266.08,410.96,354.72,274.96,252.72
340.13,164.41,480.28,263.54,415.47,355.16,275.32,256.03
342.57,167.05,481.23,265.65,416.58,356.57,277.92,257.96
343.20,169.30,483.84,264.93,421.68,356.35,281.04,260.71
326.58,180.07,494.74,237.60,460.21,338.54,292.05,281.02
438.06,154.05,507.27,261.15,367.24,351.63,298.04,244.53
325.65,180.43,499.81,236.33,467.16,338.03,293.01,282.13
334.28,178.44,502.69,240.06,465.54,341.59,297.13,279.97
345.24,175.31,510.42,243.48,469.40,342.87,304.22,274.69
348.84,175.30,514.34,247.37,471.92,344.79,306.42,272.71
352.68,174.31,519.80,247.96,476.87,345.38,309.74,271.73
383.81,166.78,522.06,263.79,455.63,358.46,317.38,261.44
340.45,173.86,519.46,244.18,483.49,335.76,304.47,265.44
511.42,172.66,543.01,272.68,365.50,328.74,333.91,228.71
525.98,173.83,554.15,273.70,365.46,326.92,337.29,227.05
536.91,191.85,551.50,291.86,354.30,320.62,339.71,220.60
526.20,194.84,539.56,292.74,349.63,318.64,336.28,220.73
538.95,194.11,551.46,292.13,360.99,316.45,348.48,218.43
544.70,185.64,562.05,283.93,379.55,316.14,362.21,217.85
544.32,186.83,560.92,285.27,380.11,315.77,363.50,217.33
540.91,188.77,556.46,286.85,378.37,315.09,362.82,217.00
554.78,194.17,565.19,292.00,364.48,313.35,354.08,215.52
552.49,187.13,568.30,284.28,392.54,312.89,376.73,215.74
553.73,182.45,574.02,278.55,392.59,316.85,372.30,220.75
538.22,174.80,574.19,272.22,414.35,331.24,378.38,233.81
560.13,187.76,576.46,283.39,391.43,314.97,375.11,219.35
552.68,185.48,574.90,276.81,403.53,318.49,381.31,227.17
576.74,205.83,578.69,303.31,392.78,307.02,390.83,209.54
511.25,172.65,579.13,270.52,453.37,357.74,385.49,259.87
495.90,172.70,578.29,270.07,466.76,364.44,384.37,267.07
505.00,175.00,586.67,270.28,474.84,366.14,393.16,270.86
487.39,176.84,585.52,270.30,489.59,371.03,391.45,277.57
406.13,227.49,589.02,231.42,587.01,324.97,404.12,321.03
432.00,226.44,606.83,244.65,597.48,334.42,422.64,316.21
438.30,228.29,618.20,255.59,605.51,339.18,425.62,311.87
463.82,220.08,640.70,259.57,620.49,350.14,443.60,310.66
478.81,215.76,647.85,264.94,622.40,352.43,453.36,303.25
497.55,221.96,647.63,270.64,621.88,350.04,471.80,301.37
450.00,265.00,645.00,265.00,645.00,400.00,450.00,400.00
442.00,255.00,634.00,255.00,634.00,388.00,442.00,388.00
444.00,279.00,637.00,279.00,637.00,413.00,444.00,413.00
445.00,294.00,639.00,294.00,639.00,429.00,445.00,429.00
426.00,298.00,618.00,298.00,618.00,432.00,426.00,432.00
424.00,300.00,617.00,300.00,617.00,435.00,424.00,435.00
443.00,265.00,637.00,265.00,637.00,400.00,443.00,400.00
427.00,288.00,620.00,288.00,620.00,422.00,427.00,422.00
438.00,293.00,631.00,293.00,631.00,427.00,438.00,427.00
442.00,294.00,634.00,294.00,634.00,427.00,442.00,427.00
538.00,235.00,729.00,235.00,729.00,367.00,538.00,367.00
514.00,219.00,705.00,219.00,705.00,351.00,514.00,351.00
542.00,256.00,735.00,256.00,735.00,389.00,542.00,389.00
560.00,238.00,749.00,238.00,749.00,369.00,560.00,369.00
594.00,242.00,781.00,242.00,781.00,372.00,594.00,372.00
659.00,212.00,843.00,212.00,843.00,340.00,659.00,340.00
695.00,210.00,876.00,210.00,876.00,336.00,695.00,336.00
739.27,233.94,849.01,251.26,839.11,313.96,729.37,296.64
740.00,242.00,860.00,242.00,860.00,307.00,740.00,307.00
743.96,233.84,861.97,246.26,854.92,313.31,736.91,300.88
841.94,227.30,859.42,288.45,752.57,318.98,735.09,257.83
742.59,243.34,854.61,247.82,852.22,307.49,740.20,303.01
755.53,225.88,884.71,258.18,868.12,324.53,738.94,292.24
848.55,236.43,856.32,298.58,744.94,312.51,737.17,250.35
726.01,228.88,850.96,261.37,836.31,317.74,711.35,285.25
757.86,235.48,861.28,264.44,845.48,320.85,742.07,291.90
749.50,217.50,822.50,290.50,781.50,331.50,708.50,258.50
739.15,224.93,860.52,268.49,840.86,323.26,719.50,279.69
771.85,211.22,880.20,284.30,842.71,339.88,734.36,266.80
784.29,214.84,897.18,287.16,858.02,348.29,745.13,275.97
758.66,230.71,899.54,250.44,889.86,319.56,748.98,299.84
790.17,237.75,912.68,254.25,903.61,321.62,781.10,305.13
791.44,234.92,910.44,251.92,900.44,321.92,781.44,304.92
790.93,237.99,907.73,256.16,897.37,322.77,780.57,304.60
792.30,241.22,907.27,260.38,896.78,323.30,781.81,304.14
799.03,234.84,912.86,253.81,901.16,324.03,787.32,305.05
797.17,229.69,923.46,246.53,913.30,322.77,787.01,305.93
792.20,232.73,914.19,249.81,904.16,321.42,782.17,304.34
790.00,243.00,912.00,243.00,912.00,313.00,790.00,313.00
799.18,232.92,917.54,250.18,906.97,322.62,788.61,305.36
803.01,229.96,920.68,246.00,910.37,321.60,792.70,305.55
803.24,245.47,916.35,248.37,914.69,312.92,801.59,310.02
828.66,232.22,917.16,272.88,888.87,334.45,800.37,293.79
834.35,226.74,928.37,274.90,893.53,342.91,799.52,294.75
841.62,230.40,912.48,276.25,871.62,339.40,800.76,293.55
900.02,237.12,913.05,303.44,813.10,323.07,800.08,256.75
886.44,236.91,903.11,302.16,811.08,325.66,794.42,260.40
