1
747.00,230.00,930.00,230.00,930.00,343.00,747.00,343.00
748.00,231.00,936.00,231.00,936.00,342.00,748.00,342.00
748.00,232.00,937.00,232.00,937.00,342.00,748.00,342.00
748.00,233.00,940.00,233.00,940.00,342.00,748.00,342.00
749.00,233.00,941.00,233.00,941.00,343.00,749.00,343.00
752.00,233.00,944.00,233.00,944.00,344.00,752.00,344.00
750.00,231.00,946.00,231.00,946.00,345.00,750.00,345.00
750.00,232.00,947.00,232.00,947.00,345.00,750.00,345.00
752.00,232.00,950.00,232.00,950.00,344.00,752.00,344.00
754.00,230.00,953.00,230.00,953.00,346.00,754.00,346.00
752.00,229.00,950.00,229.00,950.00,344.00,752.00,344.00
754.00,230.00,950.00,230.00,950.00,342.00,754.00,342.00
755.00,228.00,951.00,228.00,951.00,345.00,755.00,345.00
763.00,228.00,950.00,228.00,950.00,346.00,763.00,346.00
761.00,225.00,952.00,225.00,952.00,344.00,761.00,344.00
762.00,226.00,953.00,226.00,953.00,345.00,762.00,345.00
766.00,224.00,952.00,224.00,952.00,344.00,766.00,344.00
767.00,223.00,954.00,223.00,954.00,344.00,767.00,344.00
772.00,222.00,958.00,222.00,958.00,342.00,772.00,342.00
775.00,221.00,957.00,221.00,957.00,341.00,775.00,341.00
775.00,217.00,963.00,217.00,963.00,339.00,775.00,339.00
787.00,219.00,962.00,219.00,962.00,340.00,787.00,340.00
789.00,217.00,962.00,217.00,962.00,338.00,789.00,338.00
783.00,216.00,965.00,216.00,965.00,338.00,783.00,338.00
783.00,216.00,966.00,216.00,966.00,338.00,783.00,338.00
783.00,212.00,970.00,212.00,970.00,338.00,783.00,338.00
786.00,214.00,970.00,214.00,970.00,338.00,786.00,338.00
789.00,211.00,972.00,211.00,972.00,341.00,789.00,341.00
792.00,210.00,973.00,210.00,973.00,341.00,792.00,341.00
798.00,209.00,970.00,209.00,970.00,340.00,798.00,340.00
797.00,210.00,976.00,210.00,976.00,344.00,797.00,344.00
806.00,207.00,974.00,207.00,974.00,337.00,806.00,337.00
811.00,206.00,976.00,206.00,976.00,338.00,811.00,338.00
812.00,206.00,976.00,206.00,976.00,335.00,812.00,335.00
820.00,207.00,977.00,207.00,977.00,332.00,820.00,332.00
820.00,209.00,983.00,209.00,983.00,333.00,820.00,333.00
815.00,209.00,985.00,209.00,985.00,330.00,815.00,330.00
811.00,209.00,988.00,209.00,988.00,331.00,811.00,331.00
814.00,209.00,988.00,209.00,988.00,329.00,814.00,329.00
820.00,207.00,986.00,207.00,986.00,324.00,820.00,324.00
822.00,208.00,986.00,208.00,986.00,327.00,822.00,327.00
835.00,206.00,990.00,206.00,990.00,322.00,835.00,322.00
832.00,208.00,986.00,208.00,986.00,323.00,832.00,323.00
835.00,207.00,987.00,207.00,987.00,320.00,835.00,320.00
840.00,208.00,987.00,208.00,987.00,320.00,840.00,320.00
846.00,210.00,992.00,210.00,992.00,320.00,846.00,320.00
844.00,213.00,998.00,213.00,998.00,310.00,844.00,310.00
847.00,211.00,1003.00,211.00,1003.00,309.00,847.00,309.00
846.00,212.00,1002.00,212.00,1002.00,310.00,846.00,310.00
848.00,211.00,1004.00,211.00,1004.00,309.00,848.00,309.00
846.00,207.00,1001.00,207.00,1001.00,305.00,846.00,305.00
856.00,210.00,1010.00,210.00,1010.00,307.00,856.00,307.00
848.00,209.00,1001.00,209.00,1001.00,306.00,848.00,306.00
841.00,222.00,994.00,222.00,994.00,319.00,841.00,319.00
822.00,274.00,978.00,274.00,978.00,373.00,822.00,373.00
836.00,218.00,991.00,218.00,991.00,316.00,836.00,316.00
817.00,253.00,969.00,253.00,969.00,349.00,817.00,349.00
822.00,246.00,974.00,246.00,974.00,342.00,822.00,342.00
818.00,264.00,971.00,264.00,971.00,361.00,818.00,361.00
2
0
0
0
0
1
901.00,204.00,971.00,204.00,971.00,303.00,901.00,303.00
901.00,204.00,970.00,204.00,970.00,301.00,901.00,301.00
902.00,205.00,970.00,205.00,970.00,302.00,902.00,302.00
903.00,206.00,970.00,206.00,970.00,301.00,903.00,301.00
904.00,206.00,970.00,206.00,970.00,302.00,904.00,302.00
905.00,206.00,970.00,206.00,970.00,303.00,905.00,303.00
906.00,206.00,970.00,206.00,970.00,302.00,906.00,302.00
905.00,207.00,969.00,207.00,969.00,304.00,905.00,304.00
904.00,205.00,968.00,205.00,968.00,302.00,904.00,302.00
904.00,205.00,969.00,205.00,969.00,301.00,904.00,301.00
904.00,205.00,968.00,205.00,968.00,301.00,904.00,301.00
903.00,206.00,968.00,206.00,968.00,302.00,903.00,302.00
903.00,206.00,968.00,206.00,968.00,302.00,903.00,302.00
903.00,204.00,968.00,204.00,968.00,303.00,903.00,303.00
902.00,204.00,968.00,204.00,968.00,303.00,902.00,303.00
900.00,206.00,968.00,206.00,968.00,303.00,900.00,303.00
901.00,205.00,968.00,205.00,968.00,301.00,901.00,301.00
901.00,205.00,968.00,205.00,968.00,302.00,901.00,302.00
902.00,203.00,966.00,203.00,966.00,300.00,902.00,300.00
902.00,203.00,967.00,203.00,967.00,301.00,902.00,301.00
901.00,202.00,967.00,202.00,967.00,302.00,901.00,302.00
900.00,204.00,968.00,204.00,968.00,304.00,900.00,304.00
901.00,203.00,967.00,203.00,967.00,303.00,901.00,303.00
900.00,205.00,967.00,205.00,967.00,305.00,900.00,305.00
898.00,207.00,967.00,207.00,967.00,308.00,898.00,308.00
898.00,209.00,967.00,209.00,967.00,311.00,898.00,311.00
899.00,208.00,967.00,208.00,967.00,307.00,899.00,307.00
898.00,210.00,966.00,210.00,966.00,312.00,898.00,312.00
898.00,208.00,967.00,208.00,967.00,312.00,898.00,312.00
896.00,214.00,967.00,214.00,967.00,317.00,896.00,317.00
899.00,208.00,968.00,208.00,968.00,311.00,899.00,311.00
897.00,211.00,968.00,211.00,968.00,315.00,897.00,315.00
896.00,211.00,970.00,211.00,970.00,319.00,896.00,319.00
893.00,216.00,968.00,216.00,968.00,325.00,893.00,325.00
893.00,215.00,968.00,215.00,968.00,324.00,893.00,324.00
895.00,212.00,968.00,212.00,968.00,319.00,895.00,319.00
891.00,215.00,969.00,215.00,969.00,323.00,891.00,323.00
892.00,211.00,969.00,211.00,969.00,322.00,892.00,322.00
889.00,215.00,969.00,215.00,969.00,325.00,889.00,325.00
890.00,215.00,971.00,215.00,971.00,325.00,890.00,325.00
887.00,217.00,970.00,217.00,970.00,326.00,887.00,326.00
888.00,217.00,970.00,217.00,970.00,327.00,888.00,327.00
891.00,215.00,971.00,215.00,971.00,324.00,891.00,324.00
890.00,214.00,971.00,214.00,971.00,325.00,890.00,325.00
891.00,212.00,970.00,212.00,970.00,325.00,891.00,325.00
889.00,213.00,968.00,213.00,968.00,324.00,889.00,324.00
890.00,213.00,967.00,213.00,967.00,323.00,890.00,323.00
894.00,210.00,971.00,210.00,971.00,320.00,894.00,320.00
890.00,212.00,969.00,212.00,969.00,326.00,890.00,326.00
887.00,212.00,970.00,212.00,970.00,331.00,887.00,331.00
889.00,210.00,969.00,210.00,969.00,327.00,889.00,327.00
890.00,210.00,970.00,210.00,970.00,323.00,890.00,323.00
887.00,212.00,970.00,212.00,970.00,330.00,887.00,330.00
889.00,212.00,971.00,212.00,971.00,327.00,889.00,327.00
891.00,212.00,971.00,212.00,971.00,325.00,891.00,325.00
891.00,212.00,972.00,212.00,972.00,326.00,891.00,326.00
890.00,210.00,969.00,210.00,969.00,324.00,890.00,324.00
891.00,209.00,970.00,209.00,970.00,324.00,891.00,324.00
889.00,210.00,970.00,210.00,970.00,327.00,889.00,327.00
890.00,209.00,971.00,209.00,971.00,323.00,890.00,323.00
890.00,209.00,970.00,209.00,970.00,321.00,890.00,321.00
890.00,207.00,970.00,207.00,970.00,319.00,890.00,319.00
890.00,206.00,968.00,206.00,968.00,319.00,890.00,319.00
889.00,205.00,969.00,205.00,969.00,318.00,889.00,318.00
890.00,204.00,970.00,204.00,970.00,316.00,890.00,316.00
890.00,204.00,969.00,204.00,969.00,313.00,890.00,313.00
891.00,205.00,970.00,205.00,970.00,314.00,891.00,314.00
890.00,204.00,969.00,204.00,969.00,316.00,890.00,316.00
890.00,204.00,968.00,204.00,968.00,315.00,890.00,315.00
892.00,203.00,971.00,203.00,971.00,314.00,892.00,314.00
890.00,204.00,970.00,204.00,970.00,314.00,890.00,314.00
893.00,203.00,971.00,203.00,971.00,312.00,893.00,312.00
891.00,201.00,969.00,201.00,969.00,311.00,891.00,311.00
891.00,203.00,969.00,203.00,969.00,312.00,891.00,312.00
892.00,204.00,971.00,204.00,971.00,313.00,892.00,313.00
892.00,203.00,969.00,203.00,969.00,311.00,892.00,311.00
893.00,202.00,971.00,202.00,971.00,311.00,893.00,311.00
892.00,202.00,970.00,202.00,970.00,310.00,892.00,310.00
892.00,202.00,969.00,202.00,969.00,310.00,892.00,310.00
892.00,203.00,968.00,203.00,968.00,313.00,892.00,313.00
892.00,203.00,968.00,203.00,968.00,312.00,892.00,312.00
892.00,203.00,967.00,203.00,967.00,312.00,892.00,312.00
893.00,203.00,968.00,203.00,968.00,313.00,893.00,313.00
892.00,202.00,967.00,202.00,967.00,310.00,892.00,310.00
893.00,205.00,966.00,205.00,966.00,309.00,893.00,309.00
893.00,205.00,965.00,205.00,965.00,310.00,893.00,310.00
894.00,205.00,969.00,205.00,969.00,310.00,894.00,310.00
893.00,202.00,968.00,202.00,968.00,308.00,893.00,308.00
893.00,201.00,967.00,201.00,967.00,307.00,893.00,307.00
894.00,202.00,968.00,202.00,968.00,308.00,894.00,308.00
894.00,202.00,967.00,202.00,967.00,307.00,894.00,307.00
893.00,198.00,969.00,198.00,969.00,305.00,893.00,305.00
893.00,200.00,967.00,200.00,967.00,306.00,893.00,306.00
893.00,199.00,967.00,199.00,967.00,304.00,893.00,304.00
894.00,199.00,969.00,199.00,969.00,304.00,894.00,304.00
894.00,200.00,968.00,200.00,968.00,305.00,894.00,305.00
895.00,200.00,969.00,200.00,969.00,303.00,895.00,303.00
893.00,198.00,969.00,198.00,969.00,301.00,893.00,301.00
893.00,197.00,969.00,197.00,969.00,301.00,893.00,301.00
892.00,198.00,970.00,198.00,970.00,299.00,892.00,299.00
893.00,200.00,970.00,200.00,970.00,297.00,893.00,297.00
892.00,200.00,969.00,200.00,969.00,298.00,892.00,298.00
894.00,201.00,969.00,201.00,969.00,299.00,894.00,299.00
893.00,200.00,970.00,200.00,970.00,298.00,893.00,298.00
890.00,200.00,968.00,200.00,968.00,299.00,890.00,299.00
891.00,200.00,970.00,200.00,970.00,301.00,891.00,301.00
891.00,200.00,970.00,200.00,970.00,300.00,891.00,300.00
889.00,201.00,970.00,201.00,970.00,305.00,889.00,305.00
893.00,201.00,970.00,201.00,970.00,300.00,893.00,300.00
891.00,201.00,970.00,201.00,970.00,302.00,891.00,302.00
890.00,201.00,971.00,201.00,971.00,304.00,890.00,304.00
890.00,201.00,970.00,201.00,970.00,306.00,890.00,306.00
888.00,202.00,968.00,202.00,968.00,306.00,888.00,306.00
885.00,202.00,967.00,202.00,967.00,307.00,885.00,307.00
882.00,204.00,966.00,204.00,966.00,309.00,882.00,309.00
882.00,207.00,968.00,207.00,968.00,311.00,882.00,311.00
880.00,203.00,965.00,203.00,965.00,311.00,880.00,311.00
885.00,203.00,968.00,203.00,968.00,311.00,885.00,311.00
889.00,203.00,969.00,203.00,969.00,311.00,889.00,311.00
884.00,214.00,967.00,214.00,967.00,320.00,884.00,320.00
881.00,212.00,967.00,212.00,967.00,320.00,881.00,320.00
875.00,203.00,967.00,203.00,967.00,319.00,875.00,319.00
876.00,203.00,968.00,203.00,968.00,320.00,876.00,320.00
878.00,205.00,968.00,205.00,968.00,317.00,878.00,317.00
877.00,208.00,967.00,208.00,967.00,319.00,877.00,319.00
878.00,209.00,969.00,209.00,969.00,318.00,878.00,318.00
877.00,212.00,972.00,212.00,972.00,315.00,877.00,315.00
874.00,214.00,972.00,214.00,972.00,319.00,874.00,319.00
875.00,214.00,971.00,214.00,971.00,314.00,875.00,314.00
873.00,215.00,972.00,215.00,972.00,316.00,873.00,316.00
863.00,219.00,963.00,219.00,963.00,328.00,863.00,328.00
864.00,220.00,966.00,220.00,966.00,327.00,864.00,327.00
858.00,220.00,964.00,220.00,964.00,327.00,858.00,327.00
870.00,224.00,974.00,224.00,974.00,335.00,870.00,335.00
869.00,227.00,973.00,227.00,973.00,343.00,869.00,343.00
855.00,223.00,964.00,223.00,964.00,340.00,855.00,340.00
867.00,226.00,973.00,226.00,973.00,344.00,867.00,344.00
866.00,225.00,973.00,225.00,973.00,343.00,866.00,343.00
863.00,224.00,973.00,224.00,973.00,343.00,863.00,343.00
861.00,222.00,973.00,222.00,973.00,343.00,861.00,343.00
857.00,220.00,971.00,220.00,971.00,343.00,857.00,343.00
850.00,216.00,972.00,216.00,972.00,340.00,850.00,340.00
847.00,217.00,970.00,217.00,970.00,339.00,847.00,339.00
843.00,216.00,970.00,216.00,970.00,338.00,843.00,338.00
832.00,217.00,954.00,217.00,954.00,336.00,832.00,336.00
803.00,216.00,928.00,216.00,928.00,339.00,803.00,339.00
785.00,217.00,909.00,217.00,909.00,337.00,785.00,337.00
775.00,216.00,902.00,216.00,902.00,340.00,775.00,340.00
776.00,214.00,899.00,214.00,899.00,334.00,776.00,334.00
773.00,215.00,893.00,215.00,893.00,335.00,773.00,335.00
775.00,217.00,897.00,217.00,897.00,339.00,775.00,339.00
796.00,218.00,919.00,218.00,919.00,337.00,796.00,337.00
802.00,217.00,926.00,217.00,926.00,337.00,802.00,337.00
835.00,221.00,958.00,221.00,958.00,345.00,835.00,345.00
851.00,222.00,974.00,222.00,974.00,348.00,851.00,348.00
851.00,227.00,973.00,227.00,973.00,349.00,851.00,349.00
856.00,234.00,973.00,234.00,973.00,355.00,856.00,355.00
857.00,234.00,974.00,234.00,974.00,354.00,857.00,354.00
857.00,234.00,975.00,234.00,975.00,352.00,857.00,352.00
854.00,236.00,973.00,236.00,973.00,353.00,854.00,353.00
852.00,236.00,972.00,236.00,972.00,356.00,852.00,356.00
857.00,234.00,973.00,234.00,973.00,354.00,857.00,354.00
858.00,233.00,971.00,233.00,971.00,351.00,858.00,351.00
855.00,232.00,973.00,232.00,973.00,352.00,855.00,352.00
858.00,236.00,973.00,236.00,973.00,355.00,858.00,355.00
859.00,237.00,972.00,237.00,972.00,355.00,859.00,355.00
847.00,232.00,973.00,232.00,973.00,353.00,847.00,353.00
863.00,245.00,965.00,245.00,965.00,373.00,863.00,373.00
863.00,247.00,971.00,247.00,971.00,359.00,863.00,359.00
867.00,252.00,971.00,252.00,971.00,360.00,867.00,360.00
865.00,248.00,973.00,248.00,973.00,359.00,865.00,359.00
866.00,251.00,972.00,251.00,972.00,360.00,866.00,360.00
867.00,249.00,973.00,249.00,973.00,358.00,867.00,358.00
866.00,251.00,975.00,251.00,975.00,360.00,866.00,360.00
867.00,250.00,975.00,250.00,975.00,359.00,867.00,359.00
2
0
0
0
0
1
610.00,236.00,768.00,236.00,768.00,340.00,610.00,340.00
599.00,230.00,762.00,230.00,762.00,332.00,599.00,332.00
592.00,224.00,761.00,224.00,761.00,330.00,592.00,330.00
591.00,222.00,758.00,222.00,758.00,327.00,591.00,327.00
609.00,237.00,763.00,237.00,763.00,335.00,609.00,335.00
610.00,237.00,764.00,237.00,764.00,335.00,610.00,335.00
608.00,235.00,764.00,235.00,764.00,334.00,608.00,334.00
2
0
0
0
0
1
416.00,194.00,587.00,194.00,587.00,305.00,416.00,305.00
416.00,195.00,588.00,195.00,588.00,305.00,416.00,305.00
416.00,195.00,590.00,195.00,590.00,305.00,416.00,305.00
413.00,196.00,593.00,196.00,593.00,304.00,413.00,304.00
414.00,197.00,590.00,197.00,590.00,304.00,414.00,304.00
412.00,197.00,590.00,197.00,590.00,304.00,412.00,304.00
410.00,198.00,588.00,198.00,588.00,304.00,410.00,304.00
409.00,199.00,589.00,199.00,589.00,304.00,409.00,304.00
402.00,201.00,585.00,201.00,585.00,302.00,402.00,302.00
401.00,202.00,584.00,202.00,584.00,302.00,401.00,302.00
392.00,204.00,582.00,204.00,582.00,304.00,392.00,304.00
391.00,204.00,579.00,204.00,579.00,304.00,391.00,304.00
386.00,203.00,578.00,203.00,578.00,303.00,386.00,303.00
383.00,203.00,574.00,203.00,574.00,304.00,383.00,304.00
380.00,202.00,569.00,202.00,569.00,306.00,380.00,306.00
381.00,204.00,563.00,204.00,563.00,306.00,381.00,306.00
379.00,201.00,567.00,201.00,567.00,305.00,379.00,305.00
378.00,201.00,565.00,201.00,565.00,305.00,378.00,305.00
371.00,199.00,562.00,199.00,562.00,305.00,371.00,305.00
371.00,200.00,559.00,200.00,559.00,305.00,371.00,305.00
365.00,198.00,556.00,198.00,556.00,307.00,365.00,307.00
369.00,200.00,552.00,200.00,552.00,305.00,369.00,305.00
365.00,200.00,550.00,200.00,550.00,306.00,365.00,306.00
368.00,200.00,547.00,200.00,547.00,304.00,368.00,304.00
373.00,200.00,543.00,200.00,543.00,305.00,373.00,305.00
371.00,203.00,544.00,203.00,544.00,308.00,371.00,308.00
370.00,200.00,540.00,200.00,540.00,306.00,370.00,306.00
372.00,200.00,542.00,200.00,542.00,307.00,372.00,307.00
375.00,201.00,539.00,201.00,539.00,311.00,375.00,311.00
376.00,199.00,537.00,199.00,537.00,306.00,376.00,306.00
379.00,202.00,533.00,202.00,533.00,310.00,379.00,310.00
379.00,201.00,539.00,201.00,539.00,306.00,379.00,306.00
379.00,203.00,533.00,203.00,533.00,311.00,379.00,311.00
380.00,206.00,532.00,206.00,532.00,311.00,380.00,311.00
380.00,207.00,533.00,207.00,533.00,313.00,380.00,313.00
380.00,209.00,534.00,209.00,534.00,313.00,380.00,313.00
379.00,210.00,530.00,210.00,530.00,317.00,379.00,317.00
376.00,211.00,529.00,211.00,529.00,316.00,376.00,316.00
376.00,215.00,521.00,215.00,521.00,318.00,376.00,318.00
375.00,219.00,521.00,219.00,521.00,322.00,375.00,322.00
376.00,220.00,517.00,220.00,517.00,324.00,376.00,324.00
374.00,220.00,518.00,220.00,518.00,322.00,374.00,322.00
371.00,222.00,509.00,222.00,509.00,327.00,371.00,327.00
370.00,222.00,510.00,222.00,510.00,327.00,370.00,327.00
367.00,220.00,511.00,220.00,511.00,321.00,367.00,321.00
366.00,220.00,510.00,220.00,510.00,321.00,366.00,321.00
366.00,220.00,512.00,220.00,512.00,319.00,366.00,319.00
365.00,221.00,512.00,221.00,512.00,320.00,365.00,320.00
365.00,221.00,514.00,221.00,514.00,320.00,365.00,320.00
364.00,222.00,514.00,222.00,514.00,321.00,364.00,321.00
363.00,220.00,515.00,220.00,515.00,321.00,363.00,321.00
359.00,223.00,511.00,223.00,511.00,325.00,359.00,325.00
361.00,221.00,511.00,221.00,511.00,321.00,361.00,321.00
359.00,221.00,509.00,221.00,509.00,322.00,359.00,322.00
359.00,222.00,511.00,222.00,511.00,322.00,359.00,322.00
360.00,221.00,511.00,221.00,511.00,321.00,360.00,321.00
358.00,220.00,509.00,220.00,509.00,321.00,358.00,321.00
358.00,220.00,511.00,220.00,511.00,320.00,358.00,320.00
357.00,219.00,507.00,219.00,507.00,320.00,357.00,320.00
357.00,220.00,508.00,220.00,508.00,321.00,357.00,321.00
356.00,221.00,504.00,221.00,504.00,323.00,356.00,323.00
354.00,222.00,501.00,222.00,501.00,324.00,354.00,324.00
355.00,221.00,502.00,221.00,502.00,325.00,355.00,325.00
354.00,220.00,505.00,220.00,505.00,325.00,354.00,325.00
354.00,219.00,501.00,219.00,501.00,323.00,354.00,323.00
352.00,220.00,508.00,220.00,508.00,324.00,352.00,324.00
352.00,220.00,508.00,220.00,508.00,323.00,352.00,323.00
354.00,219.00,506.00,219.00,506.00,322.00,354.00,322.00
353.00,221.00,509.00,221.00,509.00,321.00,353.00,321.00
352.00,221.00,511.00,221.00,511.00,321.00,352.00,321.00
349.00,220.00,513.00,220.00,513.00,319.00,349.00,319.00
351.00,217.00,514.00,217.00,514.00,315.00,351.00,315.00
347.00,219.00,514.00,219.00,514.00,319.00,347.00,319.00
345.00,217.00,508.00,217.00,508.00,319.00,345.00,319.00
345.00,218.00,507.00,218.00,507.00,320.00,345.00,320.00
343.00,216.00,508.00,216.00,508.00,317.00,343.00,317.00
341.00,218.00,510.00,218.00,510.00,320.00,341.00,320.00
339.00,217.00,505.00,217.00,505.00,320.00,339.00,320.00
340.00,214.00,508.00,214.00,508.00,316.00,340.00,316.00
339.00,216.00,507.00,216.00,507.00,316.00,339.00,316.00
342.00,215.00,510.00,215.00,510.00,314.00,342.00,314.00
336.00,213.00,510.00,213.00,510.00,314.00,336.00,314.00
334.00,214.00,510.00,214.00,510.00,314.00,334.00,314.00
329.00,213.00,507.00,213.00,507.00,313.00,329.00,313.00
331.00,212.00,515.00,212.00,515.00,310.00,331.00,310.00
328.00,210.00,511.00,210.00,511.00,308.00,328.00,308.00
323.00,210.00,513.00,210.00,513.00,309.00,323.00,309.00
325.00,208.00,511.00,208.00,511.00,307.00,325.00,307.00
320.00,208.00,507.00,208.00,507.00,308.00,320.00,308.00
317.00,208.00,507.00,208.00,507.00,308.00,317.00,308.00
304.00,216.00,486.00,216.00,486.00,312.00,304.00,312.00
307.00,212.00,494.00,212.00,494.00,309.00,307.00,309.00
307.00,210.00,495.00,210.00,495.00,308.00,307.00,308.00
305.00,210.00,493.00,210.00,493.00,307.00,305.00,307.00
310.00,209.00,498.00,209.00,498.00,305.00,310.00,305.00
315.00,208.00,503.00,208.00,503.00,304.00,315.00,304.00
298.00,213.00,480.00,213.00,480.00,309.00,298.00,309.00
308.00,208.00,495.00,208.00,495.00,303.00,308.00,303.00
289.00,217.00,462.00,217.00,462.00,314.00,289.00,314.00
298.00,208.00,478.00,208.00,478.00,306.00,298.00,306.00
297.00,209.00,475.00,209.00,475.00,308.00,297.00,308.00
293.00,213.00,466.00,213.00,466.00,314.00,293.00,314.00
287.00,209.00,471.00,209.00,471.00,313.00,287.00,313.00
281.00,211.00,472.00,211.00,472.00,314.00,281.00,314.00
277.00,213.00,471.00,213.00,471.00,318.00,277.00,318.00
270.00,217.00,461.00,217.00,461.00,321.00,270.00,321.00
274.00,214.00,470.00,214.00,470.00,319.00,274.00,319.00
264.00,219.00,452.00,219.00,452.00,324.00,264.00,324.00
265.00,214.00,464.00,214.00,464.00,318.00,265.00,318.00
260.00,216.00,457.00,216.00,457.00,320.00,260.00,320.00
261.00,216.00,458.00,216.00,458.00,320.00,261.00,320.00
256.00,216.00,456.00,216.00,456.00,319.00,256.00,319.00
250.00,219.00,441.00,219.00,441.00,323.00,250.00,323.00
247.00,216.00,441.00,216.00,441.00,319.00,247.00,319.00
250.00,217.00,442.00,217.00,442.00,318.00,250.00,318.00
247.00,215.00,442.00,215.00,442.00,317.00,247.00,317.00
247.00,214.00,439.00,214.00,439.00,314.00,247.00,314.00
243.00,217.00,429.00,217.00,429.00,320.00,243.00,320.00
236.00,213.00,428.00,213.00,428.00,317.00,236.00,317.00
232.00,213.00,426.00,213.00,426.00,320.00,232.00,320.00
228.00,209.00,431.00,209.00,431.00,317.00,228.00,317.00
229.00,212.00,425.00,212.00,425.00,320.00,229.00,320.00
228.00,212.00,424.00,212.00,424.00,321.00,228.00,321.00
232.00,211.00,421.00,211.00,421.00,317.00,232.00,317.00
229.00,212.00,417.00,212.00,417.00,319.00,229.00,319.00
227.00,210.00,422.00,210.00,422.00,317.00,227.00,317.00
222.00,210.00,411.00,210.00,411.00,319.00,222.00,319.00
225.00,210.00,418.00,210.00,418.00,318.00,225.00,318.00
219.00,211.00,408.00,211.00,408.00,322.00,219.00,322.00
226.00,213.00,412.00,213.00,412.00,322.00,226.00,322.00
220.00,210.00,403.00,210.00,403.00,321.00,220.00,321.00
221.00,211.00,404.00,211.00,404.00,320.00,221.00,320.00
229.00,214.00,410.00,214.00,410.00,318.00,229.00,318.00
225.00,215.00,402.00,215.00,402.00,322.00,225.00,322.00
233.00,218.00,408.00,218.00,408.00,321.00,233.00,321.00
223.00,216.00,393.00,216.00,393.00,324.00,223.00,324.00
220.00,216.00,389.00,216.00,389.00,325.00,220.00,325.00
219.00,216.00,386.00,216.00,386.00,325.00,219.00,325.00
218.00,217.00,378.00,217.00,378.00,332.00,218.00,332.00
221.00,219.00,385.00,219.00,385.00,328.00,221.00,328.00
221.00,219.00,392.00,219.00,392.00,324.00,221.00,324.00
219.00,220.00,386.00,220.00,386.00,331.00,219.00,331.00
217.00,218.00,385.00,218.00,385.00,328.00,217.00,328.00
219.00,220.00,380.00,220.00,380.00,329.00,219.00,329.00
214.00,219.00,380.00,219.00,380.00,328.00,214.00,328.00
214.00,222.00,374.00,222.00,374.00,333.00,214.00,333.00
219.00,217.00,385.00,217.00,385.00,326.00,219.00,326.00
218.00,216.00,382.00,216.00,382.00,324.00,218.00,324.00
188.00,227.00,341.00,227.00,341.00,335.00,188.00,335.00
162.00,231.00,318.00,231.00,318.00,337.00,162.00,337.00
124.00,239.00,278.00,239.00,278.00,342.00,124.00,342.00
109.00,241.00,273.00,241.00,273.00,344.00,109.00,344.00
111.00,241.00,272.00,241.00,272.00,343.00,111.00,343.00
101.00,242.00,271.00,242.00,271.00,344.00,101.00,344.00
109.00,244.00,271.00,244.00,271.00,346.00,109.00,346.00
107.00,237.00,274.00,237.00,274.00,339.00,107.00,339.00
99.00,240.00,268.00,240.00,268.00,343.00,99.00,343.00
109.00,238.00,273.00,238.00,273.00,340.00,109.00,340.00
105.00,241.00,271.00,241.00,271.00,343.00,105.00,343.00
96.00,242.00,268.00,242.00,268.00,346.00,96.00,346.00
95.00,241.00,268.00,241.00,268.00,345.00,95.00,345.00
101.00,240.00,272.00,240.00,272.00,344.00,101.00,344.00
94.00,236.00,273.00,236.00,273.00,343.00,94.00,343.00
94.00,237.00,273.00,237.00,273.00,343.00,94.00,343.00
92.00,236.00,271.00,236.00,271.00,345.00,92.00,345.00
89.00,234.00,269.00,234.00,269.00,341.00,89.00,341.00
90.00,233.00,274.00,233.00,274.00,343.00,90.00,343.00
92.00,234.00,273.00,234.00,273.00,342.00,92.00,342.00
88.00,233.00,269.00,233.00,269.00,339.00,88.00,339.00
95.00,231.00,275.00,231.00,275.00,337.00,95.00,337.00
92.00,232.00,273.00,232.00,273.00,340.00,92.00,340.00
91.00,228.00,273.00,228.00,273.00,336.00,91.00,336.00
92.00,226.00,276.00,226.00,276.00,336.00,92.00,336.00
94.00,228.00,273.00,228.00,273.00,335.00,94.00,335.00
105.00,222.00,279.00,222.00,279.00,331.00,105.00,331.00
103.00,225.00,280.00,225.00,280.00,336.00,103.00,336.00
98.00,224.00,280.00,224.00,280.00,333.00,98.00,333.00
99.00,223.00,279.00,223.00,279.00,330.00,99.00,330.00
101.00,225.00,276.00,225.00,276.00,331.00,101.00,331.00
98.00,227.00,274.00,227.00,274.00,336.00,98.00,336.00
99.00,224.00,280.00,224.00,280.00,333.00,99.00,333.00
94.00,225.00,277.00,225.00,277.00,336.00,94.00,336.00
89.00,226.00,275.00,226.00,275.00,336.00,89.00,336.00
91.00,227.00,274.00,227.00,274.00,336.00,91.00,336.00
83.00,226.00,278.00,226.00,278.00,335.00,83.00,335.00
90.00,228.00,276.00,228.00,276.00,336.00,90.00,336.00
85.00,228.00,276.00,228.00,276.00,336.00,85.00,336.00
73.00,229.00,272.00,229.00,272.00,339.00,73.00,339.00
65.00,229.00,269.00,229.00,269.00,341.00,65.00,341.00
64.00,228.00,266.00,228.00,266.00,341.00,64.00,341.00
59.00,228.00,263.00,228.00,263.00,343.00,59.00,343.00
66.00,225.00,268.00,225.00,268.00,339.00,66.00,339.00
58.00,227.00,261.00,227.00,261.00,342.00,58.00,342.00
55.00,227.00,258.00,227.00,258.00,343.00,55.00,343.00
54.00,230.00,251.00,230.00,251.00,347.00,54.00,347.00
52.00,226.00,255.00,226.00,255.00,343.00,52.00,343.00
50.00,227.00,247.00,227.00,247.00,347.00,50.00,347.00
53.00,223.00,254.00,223.00,254.00,343.00,53.00,343.00
50.00,225.00,247.00,225.00,247.00,345.00,50.00,345.00
55.00,220.00,249.00,220.00,249.00,342.00,55.00,342.00
60.00,224.00,252.00,224.00,252.00,343.00,60.00,343.00
61.00,223.00,248.00,223.00,248.00,341.00,61.00,341.00
61.00,225.00,242.00,225.00,242.00,344.00,61.00,344.00
59.00,226.00,240.00,226.00,240.00,346.00,59.00,346.00
53.00,227.00,238.00,227.00,238.00,344.00,53.00,344.00
53.00,226.00,241.00,226.00,241.00,343.00,53.00,343.00
53.00,227.00,242.00,227.00,242.00,346.00,53.00,346.00
50.00,226.00,238.00,226.00,238.00,344.00,50.00,344.00
52.00,229.00,239.00,229.00,239.00,348.00,52.00,348.00
49.00,225.00,240.00,225.00,240.00,345.00,49.00,345.00
48.00,227.00,235.00,227.00,235.00,344.00,48.00,344.00
46.00,224.00,235.00,224.00,235.00,342.00,46.00,342.00
44.00,225.00,233.00,225.00,233.00,341.00,44.00,341.00
40.00,227.00,229.00,227.00,229.00,344.00,40.00,344.00
33.00,226.00,228.00,226.00,228.00,341.00,33.00,341.00
33.00,224.00,230.00,224.00,230.00,338.00,33.00,338.00
29.00,227.00,225.00,227.00,225.00,338.00,29.00,338.00
32.00,227.00,226.00,227.00,226.00,339.00,32.00,339.00
32.00,228.00,223.00,228.00,223.00,341.00,32.00,341.00
24.00,227.00,217.00,227.00,217.00,342.00,24.00,342.00
18.00,221.00,222.00,221.00,222.00,336.00,18.00,336.00
20.00,222.00,220.00,222.00,220.00,338.00,20.00,338.00
17.00,220.00,220.00,220.00,220.00,339.00,17.00,339.00
14.00,223.00,215.00,223.00,215.00,345.00,14.00,345.00
14.00,220.00,216.00,220.00,216.00,342.00,14.00,342.00
13.00,218.00,217.00,218.00,217.00,338.00,13.00,338.00
8.00,219.00,210.00,219.00,210.00,342.00,8.00,342.00
9.00,216.00,210.00,216.00,210.00,339.00,9.00,339.00
10.00,212.00,214.00,212.00,214.00,334.00,10.00,334.00
13.00,211.00,209.00,211.00,209.00,334.00,13.00,334.00
18.00,209.00,210.00,209.00,210.00,330.00,18.00,330.00
21.00,209.00,208.00,209.00,208.00,329.00,21.00,329.00
18.00,210.00,202.00,210.00,202.00,333.00,18.00,333.00
19.00,206.00,204.00,206.00,204.00,329.00,19.00,329.00
20.00,206.00,201.00,206.00,201.00,329.00,20.00,329.00
26.00,207.00,202.00,207.00,202.00,326.00,26.00,326.00
24.00,208.00,202.00,208.00,202.00,331.00,24.00,331.00
20.00,211.00,196.00,211.00,196.00,334.00,20.00,334.00
21.00,209.00,201.00,209.00,201.00,331.00,21.00,331.00
18.00,207.00,201.00,207.00,201.00,333.00,18.00,333.00
18.00,208.00,203.00,208.00,203.00,333.00,18.00,333.00
18.00,210.00,200.00,210.00,200.00,336.00,18.00,336.00
21.00,211.00,199.00,211.00,199.00,334.00,21.00,334.00
22.00,212.00,199.00,212.00,199.00,334.00,22.00,334.00
22.00,213.00,197.00,213.00,197.00,337.00,22.00,337.00
28.00,216.00,200.00,216.00,200.00,339.00,28.00,339.00
30.00,215.00,203.00,215.00,203.00,336.00,30.00,336.00
29.00,215.00,201.00,215.00,201.00,334.00,29.00,334.00
32.00,215.00,202.00,215.00,202.00,334.00,32.00,334.00
33.00,215.00,201.00,215.00,201.00,333.00,33.00,333.00
35.00,215.00,200.00,215.00,200.00,330.00,35.00,330.00
37.00,214.00,203.00,214.00,203.00,328.00,37.00,328.00
35.00,217.00,198.00,217.00,198.00,330.00,35.00,330.00
36.00,218.00,198.00,218.00,198.00,328.00,36.00,328.00
35.00,214.00,201.00,214.00,201.00,324.00,35.00,324.00
29.00,215.00,194.00,215.00,194.00,328.00,29.00,328.00
34.00,218.00,196.00,218.00,196.00,331.00,34.00,331.00
35.00,219.00,196.00,219.00,196.00,331.00,35.00,331.00
32.00,216.00,193.00,216.00,193.00,330.00,32.00,330.00
33.00,217.00,192.00,217.00,192.00,330.00,33.00,330.00
36.00,217.00,193.00,217.00,193.00,328.00,36.00,328.00
39.00,217.00,196.00,217.00,196.00,327.00,39.00,327.00
42.00,219.00,196.00,219.00,196.00,327.00,42.00,327.00
39.00,217.00,195.00,217.00,195.00,327.00,39.00,327.00
40.00,220.00,191.00,220.00,191.00,327.00,40.00,327.00
38.00,215.00,194.00,215.00,194.00,324.00,38.00,324.00
45.00,219.00,194.00,219.00,194.00,326.00,45.00,326.00
43.00,220.00,190.00,220.00,190.00,326.00,43.00,326.00
42.00,224.00,189.00,224.00,189.00,330.00,42.00,330.00
45.00,221.00,192.00,221.00,192.00,327.00,45.00,327.00
45.00,216.00,196.00,216.00,196.00,322.00,45.00,322.00
44.00,222.00,191.00,222.00,191.00,327.00,44.00,327.00
46.00,224.00,190.00,224.00,190.00,330.00,46.00,330.00
45.00,220.00,193.00,220.00,193.00,325.00,45.00,325.00
44.00,220.00,192.00,220.00,192.00,327.00,44.00,327.00
45.00,220.00,193.00,220.00,193.00,327.00,45.00,327.00
44.00,222.00,189.00,222.00,189.00,328.00,44.00,328.00
41.00,221.00,190.00,221.00,190.00,329.00,41.00,329.00
41.00,220.00,193.00,220.00,193.00,329.00,41.00,329.00
35.00,218.00,189.00,218.00,189.00,329.00,35.00,329.00
37.00,219.00,190.00,219.00,190.00,330.00,37.00,330.00
40.00,219.00,191.00,219.00,191.00,328.00,40.00,328.00
38.00,220.00,188.00,220.00,188.00,331.00,38.00,331.00
39.00,214.00,193.00,214.00,193.00,327.00,39.00,327.00
38.00,216.00,190.00,216.00,190.00,328.00,38.00,328.00
41.00,220.00,189.00,220.00,189.00,332.00,41.00,332.00
40.00,220.00,190.00,220.00,190.00,333.00,40.00,333.00
44.00,222.00,191.00,222.00,191.00,332.00,44.00,332.00
41.00,216.00,194.00,216.00,194.00,328.00,41.00,328.00
43.00,219.00,193.00,219.00,193.00,331.00,43.00,331.00
43.00,219.00,191.00,219.00,191.00,329.00,43.00,329.00
41.00,220.00,189.00,220.00,189.00,331.00,41.00,331.00
41.00,215.00,192.00,215.00,192.00,326.00,41.00,326.00
42.00,215.00,192.00,215.00,192.00,326.00,42.00,326.00
42.00,218.00,189.00,218.00,189.00,330.00,42.00,330.00
44.00,219.00,190.00,219.00,190.00,330.00,44.00,330.00
41.00,218.00,187.00,218.00,187.00,331.00,41.00,331.00
45.00,219.00,192.00,219.00,192.00,331.00,45.00,331.00
41.00,218.00,188.00,218.00,188.00,332.00,41.00,332.00
36.00,214.00,190.00,214.00,190.00,329.00,36.00,329.00
38.00,217.00,190.00,217.00,190.00,331.00,38.00,331.00
42.00,220.00,190.00,220.00,190.00,333.00,42.00,333.00
43.00,220.00,190.00,220.00,190.00,332.00,43.00,332.00
48.00,227.00,190.00,227.00,190.00,333.00,48.00,333.00
49.00,230.00,183.00,230.00,183.00,337.00,49.00,337.00
49.00,227.00,186.00,227.00,186.00,334.00,49.00,334.00
48.00,227.00,184.00,227.00,184.00,336.00,48.00,336.00
48.00,227.00,182.00,227.00,182.00,337.00,48.00,337.00
49.00,223.00,185.00,223.00,185.00,332.00,49.00,332.00
54.00,223.00,183.00,223.00,183.00,332.00,54.00,332.00
54.00,223.00,181.00,223.00,181.00,329.00,54.00,329.00
51.00,227.00,175.00,227.00,175.00,332.00,51.00,332.00
49.00,227.00,172.00,227.00,172.00,332.00,49.00,332.00
53.00,224.00,172.00,224.00,172.00,326.00,53.00,326.00
48.00,226.00,166.00,226.00,166.00,330.00,48.00,330.00
45.00,225.00,159.00,225.00,159.00,326.00,45.00,326.00
49.00,224.00,164.00,224.00,164.00,326.00,49.00,326.00
53.00,228.00,167.00,228.00,167.00,328.00,53.00,328.00
52.00,224.00,165.00,224.00,165.00,325.00,52.00,325.00
52.00,224.00,164.00,224.00,164.00,325.00,52.00,325.00
54.00,224.00,168.00,224.00,168.00,324.00,54.00,324.00
53.00,224.00,169.00,224.00,169.00,321.00,53.00,321.00
55.00,228.00,177.00,228.00,177.00,322.00,55.00,322.00
58.00,229.00,187.00,229.00,187.00,320.00,58.00,320.00
57.00,227.00,191.00,227.00,191.00,321.00,57.00,321.00
53.00,223.00,191.00,223.00,191.00,319.00,53.00,319.00
55.00,222.00,194.00,222.00,194.00,318.00,55.00,318.00
55.00,220.00,196.00,220.00,196.00,319.00,55.00,319.00
52.00,219.00,193.00,219.00,193.00,318.00,52.00,318.00
52.00,218.00,195.00,218.00,195.00,319.00,52.00,319.00
52.00,219.00,197.00,219.00,197.00,318.00,52.00,318.00
50.00,219.00,194.00,219.00,194.00,321.00,50.00,321.00
52.00,221.00,198.00,221.00,198.00,324.00,52.00,324.00
54.00,220.00,200.00,220.00,200.00,323.00,54.00,323.00
52.00,221.00,196.00,221.00,196.00,325.00,52.00,325.00
57.00,217.00,205.00,217.00,205.00,321.00,57.00,321.00
59.00,219.00,205.00,219.00,205.00,322.00,59.00,322.00
56.00,222.00,201.00,222.00,201.00,326.00,56.00,326.00
60.00,224.00,205.00,224.00,205.00,327.00,60.00,327.00
58.00,225.00,204.00,225.00,204.00,327.00,58.00,327.00
62.00,228.00,211.00,228.00,211.00,327.00,62.00,327.00
63.00,224.00,216.00,224.00,216.00,325.00,63.00,325.00
66.00,228.00,223.00,228.00,223.00,328.00,66.00,328.00
64.00,230.00,219.00,230.00,219.00,330.00,64.00,330.00
63.00,226.00,223.00,226.00,223.00,328.00,63.00,328.00
69.00,226.00,231.00,226.00,231.00,328.00,69.00,328.00
72.00,224.00,235.00,224.00,235.00,327.00,72.00,327.00
74.00,224.00,238.00,224.00,238.00,328.00,74.00,328.00
70.00,226.00,233.00,226.00,233.00,329.00,70.00,329.00
72.00,224.00,235.00,224.00,235.00,328.00,72.00,328.00
75.00,228.00,234.00,228.00,234.00,330.00,75.00,330.00
77.00,225.00,237.00,225.00,237.00,327.00,77.00,327.00
76.00,226.00,237.00,226.00,237.00,328.00,76.00,328.00
76.00,227.00,238.00,227.00,238.00,330.00,76.00,330.00
78.00,225.00,242.00,225.00,242.00,329.00,78.00,329.00
77.00,228.00,240.00,228.00,240.00,331.00,77.00,331.00
76.00,228.00,238.00,228.00,238.00,332.00,76.00,332.00
75.00,229.00,238.00,229.00,238.00,332.00,75.00,332.00
76.00,229.00,238.00,229.00,238.00,333.00,76.00,333.00
71.00,225.00,235.00,225.00,235.00,331.00,71.00,331.00
72.00,226.00,239.00,226.00,239.00,332.00,72.00,332.00
72.00,224.00,239.00,224.00,239.00,331.00,72.00,331.00
70.00,226.00,236.00,226.00,236.00,333.00,70.00,333.00
70.00,228.00,235.00,228.00,235.00,336.00,70.00,336.00
69.00,228.00,234.00,228.00,234.00,338.00,69.00,338.00
73.00,231.00,243.00,231.00,243.00,342.00,73.00,342.00
67.00,228.00,235.00,228.00,235.00,340.00,67.00,340.00
67.00,228.00,235.00,228.00,235.00,341.00,67.00,341.00
70.00,228.00,240.00,228.00,240.00,340.00,70.00,340.00
67.00,228.00,234.00,228.00,234.00,340.00,67.00,340.00
65.00,226.00,229.00,226.00,229.00,339.00,65.00,339.00
68.00,227.00,233.00,227.00,233.00,338.00,68.00,338.00
65.00,225.00,232.00,225.00,232.00,337.00,65.00,337.00
69.00,230.00,235.00,230.00,235.00,342.00,69.00,342.00
67.00,228.00,235.00,228.00,235.00,339.00,67.00,339.00
66.00,225.00,236.00,225.00,236.00,334.00,66.00,334.00
62.00,226.00,237.00,226.00,237.00,337.00,62.00,337.00
70.00,231.00,244.00,231.00,244.00,340.00,70.00,340.00
63.00,221.00,239.00,221.00,239.00,334.00,63.00,334.00
68.00,226.00,244.00,226.00,244.00,337.00,68.00,337.00
68.00,228.00,244.00,228.00,244.00,340.00,68.00,340.00
76.00,232.00,252.00,232.00,252.00,342.00,76.00,342.00
66.00,224.00,244.00,224.00,244.00,337.00,66.00,337.00
65.00,225.00,243.00,225.00,243.00,338.00,65.00,338.00
68.00,225.00,250.00,225.00,250.00,341.00,68.00,341.00
70.00,225.00,256.00,225.00,256.00,339.00,70.00,339.00
67.00,225.00,257.00,225.00,257.00,341.00,67.00,341.00
60.00,225.00,250.00,225.00,250.00,340.00,60.00,340.00
53.00,227.00,247.00,227.00,247.00,341.00,53.00,341.00
65.00,233.00,253.00,233.00,253.00,344.00,65.00,344.00
70.00,237.00,256.00,237.00,256.00,344.00,70.00,344.00
63.00,236.00,247.00,236.00,247.00,344.00,63.00,344.00
78.00,239.00,266.00,239.00,266.00,346.00,78.00,346.00
72.00,237.00,259.00,237.00,259.00,343.00,72.00,343.00
77.00,239.00,264.00,239.00,264.00,345.00,77.00,345.00
75.00,238.00,262.00,238.00,262.00,347.00,75.00,347.00
76.00,233.00,265.00,233.00,265.00,344.00,76.00,344.00
74.00,235.00,266.00,235.00,266.00,346.00,74.00,346.00
76.00,235.00,271.00,235.00,271.00,347.00,76.00,347.00
74.00,235.00,267.00,235.00,267.00,347.00,74.00,347.00
73.00,237.00,265.00,237.00,265.00,348.00,73.00,348.00
78.00,237.00,271.00,237.00,271.00,349.00,78.00,349.00
84.00,234.00,276.00,234.00,276.00,345.00,84.00,345.00
84.00,237.00,275.00,237.00,275.00,347.00,84.00,347.00
78.00,238.00,270.00,238.00,270.00,348.00,78.00,348.00
77.00,235.00,269.00,235.00,269.00,347.00,77.00,347.00
78.00,238.00,266.00,238.00,266.00,348.00,78.00,348.00
83.00,237.00,273.00,237.00,273.00,348.00,83.00,348.00
79.00,234.00,271.00,234.00,271.00,345.00,79.00,345.00
82.00,236.00,271.00,236.00,271.00,347.00,82.00,347.00
78.00,232.00,272.00,232.00,272.00,344.00,78.00,344.00
66.00,229.00,259.00,229.00,259.00,341.00,66.00,341.00
61.00,226.00,255.00,226.00,255.00,337.00,61.00,337.00
75.00,227.00,270.00,227.00,270.00,339.00,75.00,339.00
71.00,225.00,269.00,225.00,269.00,337.00,71.00,337.00
78.00,224.00,273.00,224.00,273.00,337.00,78.00,337.00
74.00,224.00,268.00,224.00,268.00,337.00,74.00,337.00
71.00,222.00,266.00,222.00,266.00,336.00,71.00,336.00
69.00,221.00,264.00,221.00,264.00,333.00,69.00,333.00
81.00,221.00,274.00,221.00,274.00,335.00,81.00,335.00
69.00,219.00,263.00,219.00,263.00,332.00,69.00,332.00
65.00,218.00,263.00,218.00,263.00,332.00,65.00,332.00
65.00,216.00,269.00,216.00,269.00,332.00,65.00,332.00
74.00,220.00,271.00,220.00,271.00,334.00,74.00,334.00
68.00,218.00,268.00,218.00,268.00,332.00,68.00,332.00
72.00,214.00,278.00,214.00,278.00,332.00,72.00,332.00
77.00,216.00,280.00,216.00,280.00,333.00,77.00,333.00
82.00,215.00,287.00,215.00,287.00,333.00,82.00,333.00
79.00,214.00,284.00,214.00,284.00,333.00,79.00,333.00
79.00,218.00,281.00,218.00,281.00,336.00,79.00,336.00
83.00,218.00,280.00,218.00,280.00,335.00,83.00,335.00
93.00,219.00,282.00,219.00,282.00,337.00,93.00,337.00
96.00,215.00,286.00,215.00,286.00,331.00,96.00,331.00
107.00,220.00,289.00,220.00,289.00,334.00,107.00,334.00
112.00,217.00,294.00,217.00,294.00,330.00,112.00,330.00
115.00,216.00,297.00,216.00,297.00,329.00,115.00,329.00
121.00,213.00,303.00,213.00,303.00,329.00,121.00,329.00
116.00,210.00,300.00,210.00,300.00,327.00,116.00,327.00
118.00,207.00,302.00,207.00,302.00,321.00,118.00,321.00
124.00,210.00,300.00,210.00,300.00,322.00,124.00,322.00
136.00,211.00,306.00,211.00,306.00,320.00,136.00,320.00
138.00,213.00,310.00,213.00,310.00,325.00,138.00,325.00
142.00,212.00,312.00,212.00,312.00,323.00,142.00,323.00
140.00,212.00,307.00,212.00,307.00,321.00,140.00,321.00
141.00,210.00,309.00,210.00,309.00,321.00,141.00,321.00
151.00,213.00,325.00,213.00,325.00,323.00,151.00,323.00
154.00,213.00,329.00,213.00,329.00,322.00,154.00,322.00
150.00,213.00,327.00,213.00,327.00,322.00,150.00,322.00
156.00,211.00,335.00,211.00,335.00,320.00,156.00,320.00
157.00,212.00,331.00,212.00,331.00,321.00,157.00,321.00
158.00,209.00,333.00,209.00,333.00,319.00,158.00,319.00
162.00,209.00,335.00,209.00,335.00,319.00,162.00,319.00
161.00,210.00,334.00,210.00,334.00,319.00,161.00,319.00
161.00,211.00,330.00,211.00,330.00,317.00,161.00,317.00
168.00,211.00,344.00,211.00,344.00,323.00,168.00,323.00
170.00,209.00,341.00,209.00,341.00,318.00,170.00,318.00
168.00,210.00,340.00,210.00,340.00,318.00,168.00,318.00
173.00,210.00,341.00,210.00,341.00,316.00,173.00,316.00
181.00,211.00,348.00,211.00,348.00,319.00,181.00,319.00
188.00,212.00,354.00,212.00,354.00,324.00,188.00,324.00
196.00,211.00,374.00,211.00,374.00,324.00,196.00,324.00
201.00,212.00,375.00,212.00,375.00,323.00,201.00,323.00
213.00,213.00,391.00,213.00,391.00,325.00,213.00,325.00
218.00,212.00,394.00,212.00,394.00,325.00,218.00,325.00
226.00,215.00,403.00,215.00,403.00,327.00,226.00,327.00
220.00,216.00,396.00,216.00,396.00,328.00,220.00,328.00
219.00,216.00,395.00,216.00,395.00,327.00,219.00,327.00
214.00,214.00,390.00,214.00,390.00,324.00,214.00,324.00
216.00,215.00,392.00,215.00,392.00,324.00,216.00,324.00
214.00,216.00,389.00,216.00,389.00,326.00,214.00,326.00
215.00,215.00,392.00,215.00,392.00,323.00,215.00,323.00
219.00,216.00,394.00,216.00,394.00,324.00,219.00,324.00
214.00,215.00,392.00,215.00,392.00,322.00,214.00,322.00
223.00,216.00,406.00,216.00,406.00,325.00,223.00,325.00
218.00,217.00,399.00,217.00,399.00,326.00,218.00,326.00
218.00,217.00,392.00,217.00,392.00,324.00,218.00,324.00
222.00,217.00,403.00,217.00,403.00,328.00,222.00,328.00
224.00,216.00,409.00,216.00,409.00,330.00,224.00,330.00
218.00,217.00,399.00,217.00,399.00,327.00,218.00,327.00
218.00,213.00,403.00,213.00,403.00,323.00,218.00,323.00
219.00,215.00,404.00,215.00,404.00,326.00,219.00,326.00
223.00,215.00,410.00,215.00,410.00,325.00,223.00,325.00
229.00,214.00,419.00,214.00,419.00,327.00,229.00,327.00
226.00,217.00,411.00,217.00,411.00,328.00,226.00,328.00
229.00,214.00,420.00,214.00,420.00,328.00,229.00,328.00
222.00,215.00,407.00,215.00,407.00,327.00,222.00,327.00
229.00,210.00,426.00,210.00,426.00,325.00,229.00,325.00
230.00,213.00,422.00,213.00,422.00,328.00,230.00,328.00
229.00,212.00,424.00,212.00,424.00,328.00,229.00,328.00
232.00,212.00,429.00,212.00,429.00,329.00,232.00,329.00
230.00,212.00,428.00,212.00,428.00,328.00,230.00,328.00
236.00,213.00,434.00,213.00,434.00,329.00,236.00,329.00
236.00,211.00,441.00,211.00,441.00,330.00,236.00,330.00
229.00,213.00,425.00,213.00,425.00,331.00,229.00,331.00
228.00,213.00,427.00,213.00,427.00,328.00,228.00,328.00
236.00,211.00,437.00,211.00,437.00,328.00,236.00,328.00
237.00,210.00,439.00,210.00,439.00,329.00,237.00,329.00
229.00,212.00,425.00,212.00,425.00,330.00,229.00,330.00
230.00,208.00,432.00,208.00,432.00,325.00,230.00,325.00
234.00,209.00,434.00,209.00,434.00,328.00,234.00,328.00
231.00,211.00,427.00,211.00,427.00,329.00,231.00,329.00
232.00,208.00,429.00,208.00,429.00,327.00,232.00,327.00
237.00,210.00,432.00,210.00,432.00,329.00,237.00,329.00
230.00,212.00,421.00,212.00,421.00,329.00,230.00,329.00
229.00,211.00,421.00,211.00,421.00,329.00,229.00,329.00
239.00,210.00,430.00,210.00,430.00,328.00,239.00,328.00
234.00,208.00,428.00,208.00,428.00,326.00,234.00,326.00
236.00,210.00,425.00,210.00,425.00,328.00,236.00,328.00
242.00,210.00,433.00,210.00,433.00,329.00,242.00,329.00
245.00,206.00,438.00,206.00,438.00,326.00,245.00,326.00
238.00,205.00,430.00,205.00,430.00,324.00,238.00,324.00
234.00,209.00,421.00,209.00,421.00,328.00,234.00,328.00
238.00,209.00,424.00,209.00,424.00,328.00,238.00,328.00
242.00,209.00,427.00,209.00,427.00,328.00,242.00,328.00
247.00,208.00,432.00,208.00,432.00,328.00,247.00,328.00
242.00,207.00,428.00,207.00,428.00,326.00,242.00,326.00
246.00,206.00,432.00,206.00,432.00,327.00,246.00,327.00
237.00,205.00,427.00,205.00,427.00,327.00,237.00,327.00
235.00,207.00,421.00,207.00,421.00,328.00,235.00,328.00
245.00,207.00,432.00,207.00,432.00,329.00,245.00,329.00
238.00,208.00,421.00,208.00,421.00,327.00,238.00,327.00
242.00,206.00,427.00,206.00,427.00,326.00,242.00,326.00
241.00,206.00,426.00,206.00,426.00,327.00,241.00,327.00
238.00,208.00,421.00,208.00,421.00,328.00,238.00,328.00
241.00,208.00,423.00,208.00,423.00,329.00,241.00,329.00
239.00,206.00,424.00,206.00,424.00,328.00,239.00,328.00
236.00,205.00,421.00,205.00,421.00,328.00,236.00,328.00
241.00,201.00,427.00,201.00,427.00,326.00,241.00,326.00
244.00,202.00,428.00,202.00,428.00,328.00,244.00,328.00
247.00,203.00,430.00,203.00,430.00,327.00,247.00,327.00
247.00,203.00,429.00,203.00,429.00,326.00,247.00,326.00
250.00,201.00,439.00,201.00,439.00,322.00,250.00,322.00
245.00,202.00,434.00,202.00,434.00,325.00,245.00,325.00
248.00,203.00,440.00,203.00,440.00,327.00,248.00,327.00
245.00,203.00,434.00,203.00,434.00,326.00,245.00,326.00
240.00,201.00,430.00,201.00,430.00,325.00,240.00,325.00
240.00,199.00,431.00,199.00,431.00,326.00,240.00,326.00
234.00,193.00,430.00,193.00,430.00,326.00,234.00,326.00
228.00,193.00,419.00,193.00,419.00,324.00,228.00,324.00
236.00,188.00,432.00,188.00,432.00,319.00,236.00,319.00
225.00,185.00,428.00,185.00,428.00,322.00,225.00,322.00
239.00,191.00,438.00,191.00,438.00,323.00,239.00,323.00
237.00,194.00,435.00,194.00,435.00,323.00,237.00,323.00
234.00,192.00,437.00,192.00,437.00,320.00,234.00,320.00
232.00,193.00,439.00,193.00,439.00,323.00,232.00,323.00
228.00,191.00,434.00,191.00,434.00,323.00,228.00,323.00
229.00,192.00,433.00,192.00,433.00,325.00,229.00,325.00
230.00,190.00,441.00,190.00,441.00,324.00,230.00,324.00
221.00,190.00,426.00,190.00,426.00,322.00,221.00,322.00
226.00,187.00,441.00,187.00,441.00,325.00,226.00,325.00
224.00,191.00,431.00,191.00,431.00,323.00,224.00,323.00
233.00,186.00,441.00,186.00,441.00,323.00,233.00,323.00
235.00,189.00,435.00,189.00,435.00,325.00,235.00,325.00
233.00,189.00,431.00,189.00,431.00,325.00,233.00,325.00
239.00,189.00,437.00,189.00,437.00,326.00,239.00,326.00
237.00,190.00,434.00,190.00,434.00,324.00,237.00,324.00
237.00,195.00,426.00,195.00,426.00,329.00,237.00,329.00
241.00,186.00,443.00,186.00,443.00,323.00,241.00,323.00
241.00,186.00,443.00,186.00,443.00,323.00,241.00,323.00
242.00,189.00,435.00,189.00,435.00,325.00,242.00,325.00
245.00,189.00,433.00,189.00,433.00,322.00,245.00,322.00
244.00,192.00,428.00,192.00,428.00,326.00,244.00,326.00
245.00,191.00,431.00,191.00,431.00,325.00,245.00,325.00
247.00,192.00,434.00,192.00,434.00,325.00,247.00,325.00
248.00,193.00,428.00,193.00,428.00,324.00,248.00,324.00
248.00,194.00,427.00,194.00,427.00,322.00,248.00,322.00
251.00,193.00,433.00,193.00,433.00,322.00,251.00,322.00
253.00,193.00,433.00,193.00,433.00,321.00,253.00,321.00
250.00,195.00,428.00,195.00,428.00,323.00,250.00,323.00
249.00,196.00,426.00,196.00,426.00,321.00,249.00,321.00
252.00,195.00,427.00,195.00,427.00,322.00,252.00,322.00
252.00,198.00,425.00,198.00,425.00,323.00,252.00,323.00
257.00,193.00,434.00,193.00,434.00,321.00,257.00,321.00
258.00,194.00,433.00,194.00,433.00,319.00,258.00,319.00
253.00,195.00,428.00,195.00,428.00,320.00,253.00,320.00
255.00,196.00,428.00,196.00,428.00,320.00,255.00,320.00
260.00,195.00,437.00,195.00,437.00,320.00,260.00,320.00
254.00,196.00,431.00,196.00,431.00,322.00,254.00,322.00
250.00,197.00,426.00,197.00,426.00,322.00,250.00,322.00
250.00,198.00,426.00,198.00,426.00,324.00,250.00,324.00
250.00,195.00,428.00,195.00,428.00,321.00,250.00,321.00
258.00,197.00,437.00,197.00,437.00,322.00,258.00,322.00
252.00,198.00,429.00,198.00,429.00,322.00,252.00,322.00
253.00,196.00,430.00,196.00,430.00,320.00,253.00,320.00
253.00,197.00,429.00,197.00,429.00,321.00,253.00,321.00
254.00,196.00,433.00,196.00,433.00,321.00,254.00,321.00
256.00,197.00,435.00,197.00,435.00,320.00,256.00,320.00
255.00,198.00,433.00,198.00,433.00,321.00,255.00,321.00
256.00,202.00,431.00,202.00,431.00,326.00,256.00,326.00
255.00,199.00,431.00,199.00,431.00,323.00,255.00,323.00
256.00,197.00,434.00,197.00,434.00,320.00,256.00,320.00
249.00,200.00,427.00,200.00,427.00,324.00,249.00,324.00
256.00,197.00,435.00,197.00,435.00,321.00,256.00,321.00
255.00,201.00,431.00,201.00,431.00,324.00,255.00,324.00
254.00,200.00,430.00,200.00,430.00,323.00,254.00,323.00
250.00,199.00,430.00,199.00,430.00,321.00,250.00,321.00
255.00,198.00,435.00,198.00,435.00,320.00,255.00,320.00
255.00,199.00,432.00,199.00,432.00,320.00,255.00,320.00
255.00,200.00,431.00,200.00,431.00,319.00,255.00,319.00
256.00,198.00,434.00,198.00,434.00,319.00,256.00,319.00
255.00,204.00,430.00,204.00,430.00,323.00,255.00,323.00
257.00,199.00,436.00,199.00,436.00,320.00,257.00,320.00
261.00,199.00,437.00,199.00,437.00,319.00,261.00,319.00
260.00,197.00,436.00,197.00,436.00,315.00,260.00,315.00
259.00,197.00,438.00,197.00,438.00,317.00,259.00,317.00
258.00,200.00,434.00,200.00,434.00,318.00,258.00,318.00
253.00,200.00,431.00,200.00,431.00,322.00,253.00,322.00
257.00,199.00,438.00,199.00,438.00,322.00,257.00,322.00
259.00,200.00,438.00,200.00,438.00,321.00,259.00,321.00
259.00,202.00,436.00,202.00,436.00,322.00,259.00,322.00
256.00,200.00,434.00,200.00,434.00,322.00,256.00,322.00
259.00,201.00,434.00,201.00,434.00,321.00,259.00,321.00
261.00,200.00,436.00,200.00,436.00,322.00,261.00,322.00
260.00,198.00,438.00,198.00,438.00,319.00,260.00,319.00
255.00,197.00,435.00,197.00,435.00,321.00,255.00,321.00
257.00,202.00,435.00,202.00,435.00,325.00,257.00,325.00
257.00,203.00,436.00,203.00,436.00,327.00,257.00,327.00
256.00,199.00,437.00,199.00,437.00,324.00,256.00,324.00
259.00,201.00,438.00,201.00,438.00,322.00,259.00,322.00
257.00,203.00,435.00,203.00,435.00,325.00,257.00,325.00
256.00,200.00,433.00,200.00,433.00,322.00,256.00,322.00
257.00,202.00,436.00,202.00,436.00,324.00,257.00,324.00
260.00,200.00,441.00,200.00,441.00,321.00,260.00,321.00
259.00,203.00,434.00,203.00,434.00,322.00,259.00,322.00
258.00,201.00,437.00,201.00,437.00,322.00,258.00,322.00
260.00,199.00,443.00,199.00,443.00,320.00,260.00,320.00
259.00,200.00,442.00,200.00,442.00,324.00,259.00,324.00
256.00,203.00,435.00,203.00,435.00,327.00,256.00,327.00
258.00,200.00,440.00,200.00,440.00,323.00,258.00,323.00
257.00,203.00,435.00,203.00,435.00,326.00,257.00,326.00
260.00,201.00,440.00,201.00,440.00,323.00,260.00,323.00
261.00,197.00,447.00,197.00,447.00,319.00,261.00,319.00
259.00,198.00,446.00,198.00,446.00,319.00,259.00,319.00
259.00,199.00,447.00,199.00,447.00,318.00,259.00,318.00
261.00,199.00,452.00,199.00,452.00,319.00,261.00,319.00
257.00,201.00,440.00,201.00,440.00,321.00,257.00,321.00
259.00,203.00,441.00,203.00,441.00,323.00,259.00,323.00
260.00,204.00,440.00,204.00,440.00,322.00,260.00,322.00
264.00,203.00,446.00,203.00,446.00,321.00,264.00,321.00
263.00,200.00,451.00,200.00,451.00,317.00,263.00,317.00
262.00,200.00,448.00,200.00,448.00,319.00,262.00,319.00
264.00,201.00,449.00,201.00,449.00,318.00,264.00,318.00
268.00,201.00,455.00,201.00,455.00,317.00,268.00,317.00
271.00,203.00,456.00,203.00,456.00,318.00,271.00,318.00
269.00,202.00,454.00,202.00,454.00,317.00,269.00,317.00
272.00,199.00,462.00,199.00,462.00,315.00,272.00,315.00
263.00,208.00,450.00,208.00,450.00,323.00,263.00,323.00
267.00,205.00,462.00,205.00,462.00,319.00,267.00,319.00
268.00,205.00,466.00,205.00,466.00,318.00,268.00,318.00
257.00,205.00,455.00,205.00,455.00,322.00,257.00,322.00
264.00,207.00,459.00,207.00,459.00,323.00,264.00,323.00
265.00,201.00,468.00,201.00,468.00,316.00,265.00,316.00
267.00,207.00,465.00,207.00,465.00,322.00,267.00,322.00
263.00,205.00,466.00,205.00,466.00,320.00,263.00,320.00
270.00,204.00,474.00,204.00,474.00,320.00,270.00,320.00
271.00,201.00,473.00,201.00,473.00,319.00,271.00,319.00
272.00,201.00,463.00,201.00,463.00,322.00,272.00,322.00
282.00,201.00,480.00,201.00,480.00,319.00,282.00,319.00
285.00,203.00,486.00,203.00,486.00,320.00,285.00,320.00
284.00,205.00,484.00,205.00,484.00,320.00,284.00,320.00
284.00,205.00,484.00,205.00,484.00,321.00,284.00,321.00
293.00,208.00,495.00,208.00,495.00,322.00,293.00,322.00
302.00,210.00,504.00,210.00,504.00,322.00,302.00,322.00
310.00,210.00,513.00,210.00,513.00,319.00,310.00,319.00
311.00,209.00,516.00,209.00,516.00,319.00,311.00,319.00
312.00,210.00,520.00,210.00,520.00,320.00,312.00,320.00
317.00,206.00,524.00,206.00,524.00,317.00,317.00,317.00
327.00,205.00,528.00,205.00,528.00,315.00,327.00,315.00
331.00,204.00,532.00,204.00,532.00,313.00,331.00,313.00
335.00,207.00,535.00,207.00,535.00,316.00,335.00,316.00
339.00,207.00,538.00,207.00,538.00,316.00,339.00,316.00
342.00,209.00,533.00,209.00,533.00,315.00,342.00,315.00
350.00,205.00,548.00,205.00,548.00,314.00,350.00,314.00
353.00,203.00,551.00,203.00,551.00,313.00,353.00,313.00
353.00,204.00,547.00,204.00,547.00,314.00,353.00,314.00
354.00,204.00,545.00,204.00,545.00,314.00,354.00,314.00
363.00,205.00,553.00,205.00,553.00,312.00,363.00,312.00
362.00,202.00,549.00,202.00,549.00,310.00,362.00,310.00
367.00,202.00,557.00,202.00,557.00,310.00,367.00,310.00
366.00,203.00,558.00,203.00,558.00,314.00,366.00,314.00
368.00,203.00,558.00,203.00,558.00,315.00,368.00,315.00
373.00,202.00,564.00,202.00,564.00,314.00,373.00,314.00
374.00,211.00,560.00,211.00,560.00,320.00,374.00,320.00
377.00,214.00,559.00,214.00,559.00,322.00,377.00,322.00
385.00,214.00,568.00,214.00,568.00,323.00,385.00,323.00
391.00,217.00,570.00,217.00,570.00,326.00,391.00,326.00
400.00,222.00,575.00,222.00,575.00,329.00,400.00,329.00
417.00,233.00,578.00,233.00,578.00,336.00,417.00,336.00
429.00,235.00,586.00,235.00,586.00,340.00,429.00,340.00
439.00,239.00,593.00,239.00,593.00,345.00,439.00,345.00
455.00,240.00,610.00,240.00,610.00,349.00,455.00,349.00
460.00,236.00,610.00,236.00,610.00,343.00,460.00,343.00
468.00,232.00,646.00,232.00,646.00,355.00,468.00,355.00
460.00,234.00,635.00,234.00,635.00,355.00,460.00,355.00
466.00,230.00,639.00,230.00,639.00,349.00,466.00,349.00
450.00,299.00,626.00,299.00,626.00,420.00,450.00,420.00
432.00,297.00,608.00,297.00,608.00,418.00,432.00,418.00
435.00,300.00,611.00,300.00,611.00,421.00,435.00,421.00
436.00,302.00,614.00,302.00,614.00,424.00,436.00,424.00
430.00,290.00,611.00,290.00,611.00,414.00,430.00,414.00
447.00,306.00,627.00,306.00,627.00,429.00,447.00,429.00
446.00,305.00,628.00,305.00,628.00,429.00,446.00,429.00
491.00,280.00,677.00,280.00,677.00,407.00,491.00,407.00
534.00,198.00,717.00,198.00,717.00,323.00,534.00,323.00
2
0
0
0
0
1
715.00,226.00,877.00,226.00,877.00,301.00,715.00,301.00
716.00,227.00,878.00,227.00,878.00,302.00,716.00,302.00
717.00,231.00,892.00,231.00,892.00,302.00,717.00,302.00
718.00,232.00,893.00,232.00,893.00,305.00,718.00,305.00
717.00,231.00,899.00,231.00,899.00,306.00,717.00,306.00
718.00,233.00,895.00,233.00,895.00,307.00,718.00,307.00
720.00,231.00,884.00,231.00,884.00,307.00,720.00,307.00
719.00,227.00,880.00,227.00,880.00,304.00,719.00,304.00
721.00,228.00,880.00,228.00,880.00,303.00,721.00,303.00
723.00,228.00,888.00,228.00,888.00,303.00,723.00,303.00
739.00,239.00,927.00,239.00,927.00,313.00,739.00,313.00
741.00,237.00,933.00,237.00,933.00,313.00,741.00,313.00
744.00,235.00,934.00,235.00,934.00,314.00,744.00,314.00
751.00,236.00,936.00,236.00,936.00,317.00,751.00,317.00
748.00,233.00,936.00,233.00,936.00,315.00,748.00,315.00
751.00,235.00,936.00,235.00,936.00,319.00,751.00,319.00
748.00,235.00,937.00,235.00,937.00,318.00,748.00,318.00
754.00,235.00,940.00,235.00,940.00,320.00,754.00,320.00
757.00,236.00,946.00,236.00,946.00,321.00,757.00,321.00
755.00,239.00,952.00,239.00,952.00,322.00,755.00,322.00
757.00,241.00,960.00,241.00,960.00,323.00,757.00,323.00
759.00,239.00,960.00,239.00,960.00,322.00,759.00,322.00
760.00,238.00,958.00,238.00,958.00,319.00,760.00,319.00
764.00,235.00,960.00,235.00,960.00,318.00,764.00,318.00
767.00,233.00,956.00,233.00,956.00,315.00,767.00,315.00
759.00,230.00,952.00,230.00,952.00,313.00,759.00,313.00
765.00,225.00,951.00,225.00,951.00,308.00,765.00,308.00
766.00,214.00,940.00,214.00,940.00,292.00,766.00,292.00
764.00,214.00,943.00,214.00,943.00,295.00,764.00,295.00
