1
746.00,230.00,929.00,230.00,929.00,343.00,746.00,343.00
746.00,230.00,932.00,230.00,932.00,344.00,746.00,344.00
745.00,230.00,935.00,230.00,935.00,342.00,745.00,342.00
746.00,232.00,937.00,232.00,937.00,343.00,746.00,343.00
747.00,232.00,940.00,232.00,940.00,343.00,747.00,343.00
748.00,231.00,944.00,231.00,944.00,346.00,748.00,346.00
747.00,230.00,945.00,230.00,945.00,346.00,747.00,346.00
748.00,230.00,947.00,230.00,947.00,347.00,748.00,347.00
749.00,229.00,950.00,229.00,950.00,347.00,749.00,347.00
752.00,228.00,953.00,228.00,953.00,348.00,752.00,348.00
751.00,227.00,951.00,227.00,951.00,348.00,751.00,348.00
752.00,228.00,950.00,228.00,950.00,347.00,752.00,347.00
753.00,226.00,951.00,226.00,951.00,347.00,753.00,347.00
757.00,226.00,953.00,226.00,953.00,348.00,757.00,348.00
756.00,225.00,952.00,225.00,952.00,347.00,756.00,347.00
759.00,223.00,955.00,223.00,955.00,347.00,759.00,347.00
758.00,223.00,956.00,223.00,956.00,347.00,758.00,347.00
756.00,222.00,956.00,222.00,956.00,347.00,756.00,347.00
758.00,220.00,960.00,220.00,960.00,346.00,758.00,346.00
758.00,219.00,962.00,219.00,962.00,346.00,758.00,346.00
767.00,217.00,963.00,217.00,963.00,346.00,767.00,346.00
766.00,215.00,965.00,215.00,965.00,344.00,766.00,344.00
774.00,215.00,964.00,215.00,964.00,343.00,774.00,343.00
774.00,214.00,965.00,214.00,965.00,339.00,774.00,339.00
774.00,214.00,966.00,214.00,966.00,341.00,774.00,341.00
776.00,211.00,971.00,211.00,971.00,341.00,776.00,341.00
774.00,212.00,975.00,212.00,975.00,341.00,774.00,341.00
783.00,213.00,971.00,213.00,971.00,342.00,783.00,342.00
786.00,212.00,971.00,212.00,971.00,341.00,786.00,341.00
794.00,210.00,973.00,210.00,973.00,339.00,794.00,339.00
798.00,210.00,975.00,210.00,975.00,339.00,798.00,339.00
803.00,210.00,977.00,210.00,977.00,338.00,803.00,338.00
805.00,208.00,982.00,208.00,982.00,338.00,805.00,338.00
808.00,207.00,984.00,207.00,984.00,337.00,808.00,337.00
817.00,206.00,985.00,206.00,985.00,335.00,817.00,335.00
815.00,208.00,988.00,208.00,988.00,332.00,815.00,332.00
805.00,213.00,988.00,213.00,988.00,336.00,805.00,336.00
816.00,209.00,992.00,209.00,992.00,332.00,816.00,332.00
814.00,210.00,990.00,210.00,990.00,330.00,814.00,330.00
816.00,209.00,992.00,209.00,992.00,331.00,816.00,331.00
826.00,207.00,994.00,207.00,994.00,325.00,826.00,325.00
831.00,206.00,991.00,206.00,991.00,323.00,831.00,323.00
831.00,208.00,992.00,208.00,992.00,324.00,831.00,324.00
834.00,206.00,991.00,206.00,991.00,319.00,834.00,319.00
838.00,208.00,994.00,208.00,994.00,322.00,838.00,322.00
843.00,212.00,994.00,212.00,994.00,309.00,843.00,309.00
845.00,211.00,995.00,211.00,995.00,319.00,845.00,319.00
850.00,210.00,996.00,210.00,996.00,320.00,850.00,320.00
846.00,214.00,991.00,214.00,991.00,321.00,846.00,321.00
846.00,215.00,995.00,215.00,995.00,311.00,846.00,311.00
851.00,215.00,997.00,215.00,997.00,309.00,851.00,309.00
850.00,214.00,996.00,214.00,996.00,308.00,850.00,308.00
850.00,214.00,998.00,214.00,998.00,309.00,850.00,309.00
852.00,212.00,1000.00,212.00,1000.00,307.00,852.00,307.00
845.00,211.00,993.00,211.00,993.00,306.00,845.00,306.00
848.00,216.00,994.00,216.00,994.00,310.00,848.00,310.00
842.00,221.00,988.00,221.00,988.00,315.00,842.00,315.00
830.00,240.00,974.00,240.00,974.00,333.00,830.00,333.00
814.00,256.00,960.00,256.00,960.00,350.00,814.00,350.00
802.00,286.00,948.00,286.00,948.00,380.00,802.00,380.00
815.00,257.00,960.00,257.00,960.00,350.00,815.00,350.00
807.00,292.00,952.00,292.00,952.00,385.00,807.00,385.00
2
0
0
0
0
1
908.00,206.00,965.00,206.00,965.00,297.00,908.00,297.00
909.00,206.00,965.00,206.00,965.00,297.00,909.00,297.00
910.00,206.00,965.00,206.00,965.00,299.00,910.00,299.00
911.00,205.00,965.00,205.00,965.00,297.00,911.00,297.00
910.00,202.00,965.00,202.00,965.00,298.00,910.00,298.00
909.00,202.00,964.00,202.00,964.00,298.00,909.00,298.00
909.00,202.00,964.00,202.00,964.00,297.00,909.00,297.00
909.00,201.00,963.00,201.00,963.00,296.00,909.00,296.00
909.00,201.00,963.00,201.00,963.00,296.00,909.00,296.00
909.00,201.00,963.00,201.00,963.00,297.00,909.00,297.00
909.00,200.00,963.00,200.00,963.00,297.00,909.00,297.00
908.00,199.00,963.00,199.00,963.00,297.00,908.00,297.00
906.00,199.00,963.00,199.00,963.00,295.00,906.00,295.00
908.00,200.00,962.00,200.00,962.00,295.00,908.00,295.00
908.00,199.00,962.00,199.00,962.00,295.00,908.00,295.00
909.00,199.00,962.00,199.00,962.00,294.00,909.00,294.00
910.00,200.00,962.00,200.00,962.00,292.00,910.00,292.00
909.00,198.00,963.00,198.00,963.00,292.00,909.00,292.00
907.00,198.00,962.00,198.00,962.00,296.00,907.00,296.00
909.00,197.00,962.00,197.00,962.00,295.00,909.00,295.00
909.00,198.00,962.00,198.00,962.00,294.00,909.00,294.00
908.00,199.00,961.00,199.00,961.00,295.00,908.00,295.00
907.00,200.00,962.00,200.00,962.00,299.00,907.00,299.00
907.00,199.00,963.00,199.00,963.00,297.00,907.00,297.00
906.00,200.00,962.00,200.00,962.00,299.00,906.00,299.00
905.00,203.00,961.00,203.00,961.00,303.00,905.00,303.00
901.00,207.00,959.00,207.00,959.00,311.00,901.00,311.00
901.00,203.00,959.00,203.00,959.00,309.00,901.00,309.00
900.00,207.00,958.00,207.00,958.00,312.00,900.00,312.00
900.00,205.00,960.00,205.00,960.00,313.00,900.00,313.00
900.00,208.00,959.00,208.00,959.00,318.00,900.00,318.00
900.00,205.00,958.00,205.00,958.00,314.00,900.00,314.00
900.00,206.00,958.00,206.00,958.00,314.00,900.00,314.00
898.00,205.00,959.00,205.00,959.00,315.00,898.00,315.00
895.00,209.00,956.00,209.00,956.00,320.00,895.00,320.00
898.00,210.00,961.00,210.00,961.00,323.00,898.00,323.00
894.00,213.00,958.00,213.00,958.00,325.00,894.00,325.00
895.00,208.00,960.00,208.00,960.00,322.00,895.00,322.00
896.00,207.00,960.00,207.00,960.00,319.00,896.00,319.00
896.00,206.00,961.00,206.00,961.00,319.00,896.00,319.00
898.00,204.00,963.00,204.00,963.00,316.00,898.00,316.00
895.00,204.00,959.00,204.00,959.00,316.00,895.00,316.00
895.00,206.00,961.00,206.00,961.00,318.00,895.00,318.00
898.00,205.00,963.00,205.00,963.00,315.00,898.00,315.00
897.00,206.00,962.00,206.00,962.00,318.00,897.00,318.00
896.00,205.00,963.00,205.00,963.00,319.00,896.00,319.00
894.00,206.00,962.00,206.00,962.00,325.00,894.00,325.00
893.00,207.00,961.00,207.00,961.00,326.00,893.00,326.00
895.00,208.00,962.00,208.00,962.00,323.00,895.00,323.00
893.00,209.00,961.00,209.00,961.00,328.00,893.00,328.00
894.00,208.00,963.00,208.00,963.00,324.00,894.00,324.00
891.00,211.00,961.00,211.00,961.00,331.00,891.00,331.00
894.00,208.00,963.00,208.00,963.00,324.00,894.00,324.00
892.00,209.00,962.00,209.00,962.00,326.00,892.00,326.00
893.00,206.00,963.00,206.00,963.00,325.00,893.00,325.00
893.00,207.00,962.00,207.00,962.00,323.00,893.00,323.00
892.00,205.00,962.00,205.00,962.00,323.00,892.00,323.00
892.00,206.00,962.00,206.00,962.00,322.00,892.00,322.00
894.00,202.00,964.00,202.00,964.00,317.00,894.00,317.00
894.00,201.00,963.00,201.00,963.00,317.00,894.00,317.00
893.00,201.00,964.00,201.00,964.00,316.00,893.00,316.00
894.00,200.00,964.00,200.00,964.00,318.00,894.00,318.00
893.00,199.00,963.00,199.00,963.00,314.00,893.00,314.00
893.00,202.00,963.00,202.00,963.00,319.00,893.00,319.00
893.00,202.00,963.00,202.00,963.00,317.00,893.00,317.00
894.00,201.00,963.00,201.00,963.00,314.00,894.00,314.00
894.00,200.00,963.00,200.00,963.00,314.00,894.00,314.00
895.00,200.00,964.00,200.00,964.00,312.00,895.00,312.00
895.00,201.00,963.00,201.00,963.00,315.00,895.00,315.00
892.00,199.00,963.00,199.00,963.00,316.00,892.00,316.00
891.00,202.00,961.00,202.00,961.00,324.00,891.00,324.00
893.00,198.00,963.00,198.00,963.00,314.00,893.00,314.00
891.00,200.00,961.00,200.00,961.00,318.00,891.00,318.00
892.00,199.00,962.00,199.00,962.00,318.00,892.00,318.00
890.00,201.00,960.00,201.00,960.00,322.00,890.00,322.00
892.00,201.00,962.00,201.00,962.00,321.00,892.00,321.00
893.00,200.00,962.00,200.00,962.00,319.00,893.00,319.00
894.00,200.00,962.00,200.00,962.00,318.00,894.00,318.00
891.00,201.00,960.00,201.00,960.00,320.00,891.00,320.00
892.00,198.00,961.00,198.00,961.00,318.00,892.00,318.00
892.00,200.00,961.00,200.00,961.00,320.00,892.00,320.00
893.00,200.00,961.00,200.00,961.00,317.00,893.00,317.00
893.00,196.00,961.00,196.00,961.00,314.00,893.00,314.00
895.00,200.00,961.00,200.00,961.00,318.00,895.00,318.00
891.00,197.00,962.00,197.00,962.00,318.00,891.00,318.00
891.00,197.00,960.00,197.00,960.00,321.00,891.00,321.00
891.00,194.00,961.00,194.00,961.00,314.00,891.00,314.00
893.00,197.00,961.00,197.00,961.00,314.00,893.00,314.00
891.00,195.00,961.00,195.00,961.00,316.00,891.00,316.00
892.00,196.00,960.00,196.00,960.00,313.00,892.00,313.00
891.00,191.00,962.00,191.00,962.00,306.00,891.00,306.00
890.00,195.00,961.00,195.00,961.00,314.00,890.00,314.00
888.00,192.00,961.00,192.00,961.00,311.00,888.00,311.00
888.00,195.00,960.00,195.00,960.00,314.00,888.00,314.00
886.00,193.00,960.00,193.00,960.00,313.00,886.00,313.00
887.00,193.00,960.00,193.00,960.00,314.00,887.00,314.00
884.00,194.00,959.00,194.00,959.00,315.00,884.00,315.00
876.00,202.00,957.00,202.00,957.00,330.00,876.00,330.00
878.00,203.00,960.00,203.00,960.00,333.00,878.00,333.00
871.00,200.00,958.00,200.00,958.00,329.00,871.00,329.00
874.00,199.00,959.00,199.00,959.00,327.00,874.00,327.00
870.00,207.00,958.00,207.00,958.00,336.00,870.00,336.00
876.00,201.00,961.00,201.00,961.00,330.00,876.00,330.00
878.00,200.00,961.00,200.00,961.00,325.00,878.00,325.00
875.00,203.00,960.00,203.00,960.00,330.00,875.00,330.00
876.00,200.00,960.00,200.00,960.00,323.00,876.00,323.00
876.00,204.00,962.00,204.00,962.00,332.00,876.00,332.00
876.00,201.00,961.00,201.00,961.00,326.00,876.00,326.00
869.00,204.00,961.00,204.00,961.00,334.00,869.00,334.00
870.00,204.00,960.00,204.00,960.00,336.00,870.00,336.00
870.00,207.00,960.00,207.00,960.00,337.00,870.00,337.00
871.00,204.00,960.00,204.00,960.00,333.00,871.00,333.00
871.00,204.00,961.00,204.00,961.00,333.00,871.00,333.00
869.00,206.00,959.00,206.00,959.00,339.00,869.00,339.00
867.00,207.00,959.00,207.00,959.00,340.00,867.00,340.00
869.00,208.00,961.00,208.00,961.00,342.00,869.00,342.00
867.00,208.00,960.00,208.00,960.00,343.00,867.00,343.00
861.00,209.00,959.00,209.00,959.00,344.00,861.00,344.00
864.00,202.00,960.00,202.00,960.00,339.00,864.00,339.00
866.00,204.00,960.00,204.00,960.00,343.00,866.00,343.00
868.00,202.00,961.00,202.00,961.00,336.00,868.00,336.00
865.00,204.00,960.00,204.00,960.00,342.00,865.00,342.00
861.00,206.00,958.00,206.00,958.00,343.00,861.00,343.00
868.00,202.00,961.00,202.00,961.00,339.00,868.00,339.00
859.00,201.00,959.00,201.00,959.00,337.00,859.00,337.00
865.00,202.00,961.00,202.00,961.00,340.00,865.00,340.00
861.00,204.00,961.00,204.00,961.00,346.00,861.00,346.00
857.00,205.00,958.00,205.00,958.00,346.00,857.00,346.00
863.00,205.00,963.00,205.00,963.00,345.00,863.00,345.00
862.00,206.00,964.00,206.00,964.00,346.00,862.00,346.00
859.00,207.00,962.00,207.00,962.00,348.00,859.00,348.00
860.00,209.00,964.00,209.00,964.00,348.00,860.00,348.00
851.00,207.00,957.00,207.00,957.00,349.00,851.00,349.00
862.00,212.00,966.00,212.00,966.00,348.00,862.00,348.00
859.00,214.00,964.00,214.00,964.00,353.00,859.00,353.00
861.00,211.00,967.00,211.00,967.00,346.00,861.00,346.00
868.00,209.00,969.00,209.00,969.00,368.00,868.00,368.00
857.00,209.00,964.00,209.00,964.00,344.00,857.00,344.00
862.00,211.00,963.00,211.00,963.00,370.00,862.00,370.00
861.00,206.00,964.00,206.00,964.00,368.00,861.00,368.00
842.00,212.00,947.00,212.00,947.00,376.00,842.00,376.00
809.00,208.00,915.00,208.00,915.00,374.00,809.00,374.00
779.00,209.00,885.00,209.00,885.00,375.00,779.00,375.00
769.00,210.00,874.00,210.00,874.00,374.00,769.00,374.00
775.00,206.00,882.00,206.00,882.00,372.00,775.00,372.00
790.00,210.00,898.00,210.00,898.00,379.00,790.00,379.00
825.00,207.00,934.00,207.00,934.00,378.00,825.00,378.00
830.00,209.00,939.00,209.00,939.00,379.00,830.00,379.00
835.00,214.00,944.00,214.00,944.00,384.00,835.00,384.00
761.00,235.00,871.00,235.00,871.00,406.00,761.00,406.00
781.00,224.00,890.00,224.00,890.00,394.00,781.00,394.00
684.00,282.00,793.00,282.00,793.00,452.00,684.00,452.00
689.00,209.00,798.00,209.00,798.00,378.00,689.00,378.00
2
0
0
0
0
1
735.00,228.00,960.00,228.00,960.00,327.00,735.00,327.00
733.00,228.00,959.00,228.00,959.00,326.00,733.00,326.00
731.00,228.00,959.00,228.00,959.00,324.00,731.00,324.00
728.00,228.00,958.00,228.00,958.00,323.00,728.00,323.00
723.00,228.00,954.00,228.00,954.00,323.00,723.00,323.00
717.00,228.00,950.00,228.00,950.00,323.00,717.00,323.00
716.00,229.00,950.00,229.00,950.00,323.00,716.00,323.00
713.00,228.00,951.00,228.00,951.00,321.00,713.00,321.00
708.00,229.00,953.00,229.00,953.00,318.00,708.00,318.00
705.00,231.00,946.00,231.00,946.00,320.00,705.00,320.00
713.00,232.00,963.00,232.00,963.00,323.00,713.00,323.00
710.00,231.00,948.00,231.00,948.00,324.00,710.00,324.00
698.00,226.00,918.00,226.00,918.00,321.00,698.00,321.00
697.00,225.00,908.00,225.00,908.00,319.00,697.00,319.00
739.00,247.00,968.00,247.00,968.00,347.00,739.00,347.00
750.00,247.00,965.00,247.00,965.00,334.00,750.00,334.00
753.00,242.00,982.00,242.00,982.00,342.00,753.00,342.00
760.00,251.00,968.00,251.00,968.00,333.00,760.00,333.00
760.00,253.00,970.00,253.00,970.00,333.00,760.00,333.00
2
0
0
0
0
1
414.00,199.00,635.00,199.00,635.00,310.00,414.00,310.00
406.00,198.00,633.00,198.00,633.00,308.00,406.00,308.00
401.00,199.00,633.00,199.00,633.00,307.00,401.00,307.00
398.00,197.00,628.00,197.00,628.00,307.00,398.00,307.00
396.00,196.00,623.00,196.00,623.00,306.00,396.00,306.00
393.00,194.00,624.00,194.00,624.00,307.00,393.00,307.00
396.00,193.00,616.00,193.00,616.00,306.00,396.00,306.00
390.00,192.00,624.00,192.00,624.00,308.00,390.00,308.00
391.00,193.00,628.00,193.00,628.00,307.00,391.00,307.00
392.00,193.00,627.00,193.00,627.00,309.00,392.00,309.00
391.00,195.00,626.00,195.00,626.00,309.00,391.00,309.00
390.00,197.00,619.00,197.00,619.00,309.00,390.00,309.00
391.00,196.00,624.00,196.00,624.00,310.00,391.00,310.00
386.00,198.00,623.00,198.00,623.00,309.00,386.00,309.00
383.00,198.00,629.00,198.00,629.00,309.00,383.00,309.00
377.00,201.00,627.00,201.00,627.00,308.00,377.00,308.00
376.00,204.00,617.00,204.00,617.00,308.00,376.00,308.00
377.00,202.00,633.00,202.00,633.00,311.00,377.00,311.00
371.00,205.00,616.00,205.00,616.00,311.00,371.00,311.00
367.00,204.00,610.00,204.00,610.00,310.00,367.00,310.00
359.00,203.00,620.00,203.00,620.00,311.00,359.00,311.00
359.00,206.00,593.00,206.00,593.00,311.00,359.00,311.00
357.00,203.00,603.00,203.00,603.00,311.00,357.00,311.00
356.00,200.00,612.00,200.00,612.00,309.00,356.00,309.00
356.00,201.00,609.00,201.00,609.00,310.00,356.00,310.00
356.00,198.00,603.00,198.00,603.00,309.00,356.00,309.00
353.00,200.00,589.00,200.00,589.00,308.00,353.00,308.00
353.00,200.00,584.00,200.00,584.00,311.00,353.00,311.00
354.00,200.00,583.00,200.00,583.00,307.00,354.00,307.00
355.00,200.00,581.00,200.00,581.00,308.00,355.00,308.00
359.00,203.00,575.00,203.00,575.00,308.00,359.00,308.00
360.00,203.00,575.00,203.00,575.00,308.00,360.00,308.00
360.00,204.00,573.00,204.00,573.00,309.00,360.00,309.00
359.00,202.00,577.00,202.00,577.00,308.00,359.00,308.00
363.00,204.00,569.00,204.00,569.00,309.00,363.00,309.00
365.00,201.00,575.00,201.00,575.00,311.00,365.00,311.00
368.00,203.00,566.00,203.00,566.00,311.00,368.00,311.00
369.00,203.00,581.00,203.00,581.00,315.00,369.00,315.00
367.00,205.00,569.00,205.00,569.00,312.00,367.00,312.00
365.00,205.00,578.00,205.00,578.00,318.00,365.00,318.00
364.00,208.00,573.00,208.00,573.00,316.00,364.00,316.00
363.00,206.00,568.00,206.00,568.00,313.00,363.00,313.00
367.00,205.00,577.00,205.00,577.00,314.00,367.00,314.00
361.00,210.00,571.00,210.00,571.00,319.00,361.00,319.00
364.00,214.00,557.00,214.00,557.00,319.00,364.00,319.00
363.00,215.00,559.00,215.00,559.00,323.00,363.00,323.00
361.00,217.00,551.00,217.00,551.00,323.00,361.00,323.00
364.00,215.00,560.00,215.00,560.00,323.00,364.00,323.00
362.00,221.00,549.00,221.00,549.00,330.00,362.00,330.00
362.00,219.00,540.00,219.00,540.00,326.00,362.00,326.00
357.00,220.00,542.00,220.00,542.00,327.00,357.00,327.00
353.00,222.00,541.00,222.00,541.00,326.00,353.00,326.00
354.00,220.00,541.00,220.00,541.00,322.00,354.00,322.00
352.00,223.00,537.00,223.00,537.00,322.00,352.00,322.00
351.00,224.00,533.00,224.00,533.00,321.00,351.00,321.00
349.00,224.00,534.00,224.00,534.00,322.00,349.00,322.00
349.00,225.00,535.00,225.00,535.00,323.00,349.00,323.00
349.00,224.00,530.00,224.00,530.00,324.00,349.00,324.00
349.00,225.00,531.00,225.00,531.00,323.00,349.00,323.00
350.00,224.00,531.00,224.00,531.00,324.00,350.00,324.00
347.00,225.00,521.00,225.00,521.00,320.00,347.00,320.00
347.00,223.00,527.00,223.00,527.00,320.00,347.00,320.00
347.00,223.00,526.00,223.00,526.00,321.00,347.00,321.00
346.00,224.00,522.00,224.00,522.00,319.00,346.00,319.00
345.00,223.00,519.00,223.00,519.00,319.00,345.00,319.00
348.00,223.00,527.00,223.00,527.00,319.00,348.00,319.00
346.00,223.00,527.00,223.00,527.00,317.00,346.00,317.00
344.00,223.00,518.00,223.00,518.00,318.00,344.00,318.00
342.00,224.00,520.00,224.00,520.00,319.00,342.00,319.00
344.00,224.00,523.00,224.00,523.00,320.00,344.00,320.00
343.00,220.00,528.00,220.00,528.00,319.00,343.00,319.00
341.00,222.00,520.00,222.00,520.00,320.00,341.00,320.00
341.00,222.00,523.00,222.00,523.00,320.00,341.00,320.00
344.00,221.00,528.00,221.00,528.00,318.00,344.00,318.00
347.00,221.00,538.00,221.00,538.00,319.00,347.00,319.00
342.00,222.00,536.00,222.00,536.00,320.00,342.00,320.00
337.00,228.00,522.00,228.00,522.00,321.00,337.00,321.00
338.00,223.00,522.00,223.00,522.00,316.00,338.00,316.00
334.00,228.00,520.00,228.00,520.00,320.00,334.00,320.00
334.00,226.00,525.00,226.00,525.00,320.00,334.00,320.00
335.00,222.00,525.00,222.00,525.00,318.00,335.00,318.00
331.00,227.00,521.00,227.00,521.00,320.00,331.00,320.00
328.00,223.00,520.00,223.00,520.00,319.00,328.00,319.00
330.00,221.00,526.00,221.00,526.00,317.00,330.00,317.00
331.00,218.00,528.00,218.00,528.00,315.00,331.00,315.00
331.00,221.00,527.00,221.00,527.00,318.00,331.00,318.00
329.00,222.00,523.00,222.00,523.00,317.00,329.00,317.00
327.00,221.00,516.00,221.00,516.00,314.00,327.00,314.00
330.00,219.00,531.00,219.00,531.00,315.00,330.00,315.00
321.00,220.00,520.00,220.00,520.00,315.00,321.00,315.00
310.00,222.00,517.00,222.00,517.00,317.00,310.00,317.00
310.00,220.00,515.00,220.00,515.00,314.00,310.00,314.00
308.00,222.00,511.00,222.00,511.00,314.00,308.00,314.00
318.00,217.00,526.00,217.00,526.00,311.00,318.00,311.00
314.00,215.00,520.00,215.00,520.00,311.00,314.00,311.00
301.00,221.00,503.00,221.00,503.00,315.00,301.00,315.00
313.00,211.00,526.00,211.00,526.00,310.00,313.00,310.00
306.00,215.00,517.00,215.00,517.00,311.00,306.00,311.00
296.00,219.00,504.00,219.00,504.00,314.00,296.00,314.00
303.00,216.00,514.00,216.00,514.00,312.00,303.00,312.00
308.00,212.00,526.00,212.00,526.00,310.00,308.00,310.00
297.00,213.00,513.00,213.00,513.00,313.00,297.00,313.00
299.00,213.00,513.00,213.00,513.00,312.00,299.00,312.00
296.00,210.00,509.00,210.00,509.00,309.00,296.00,309.00
299.00,208.00,520.00,208.00,520.00,309.00,299.00,309.00
296.00,209.00,516.00,209.00,516.00,310.00,296.00,310.00
296.00,207.00,515.00,207.00,515.00,308.00,296.00,308.00
289.00,210.00,501.00,210.00,501.00,311.00,289.00,311.00
288.00,208.00,504.00,208.00,504.00,310.00,288.00,310.00
288.00,207.00,511.00,207.00,511.00,311.00,288.00,311.00
275.00,215.00,499.00,215.00,499.00,316.00,275.00,316.00
270.00,218.00,497.00,218.00,497.00,320.00,270.00,320.00
263.00,220.00,488.00,220.00,488.00,322.00,263.00,322.00
267.00,216.00,499.00,216.00,499.00,319.00,267.00,319.00
245.00,227.00,466.00,227.00,466.00,328.00,245.00,328.00
258.00,219.00,483.00,219.00,483.00,322.00,258.00,322.00
255.00,219.00,476.00,219.00,476.00,322.00,255.00,322.00
256.00,216.00,479.00,216.00,479.00,320.00,256.00,320.00
249.00,222.00,467.00,222.00,467.00,324.00,249.00,324.00
249.00,219.00,463.00,219.00,463.00,321.00,249.00,321.00
251.00,218.00,467.00,218.00,467.00,321.00,251.00,321.00
249.00,217.00,461.00,217.00,461.00,318.00,249.00,318.00
248.00,217.00,460.00,217.00,460.00,317.00,248.00,317.00
247.00,217.00,460.00,217.00,460.00,316.00,247.00,316.00
242.00,216.00,447.00,216.00,447.00,315.00,242.00,315.00
238.00,214.00,446.00,214.00,446.00,315.00,238.00,315.00
236.00,213.00,445.00,213.00,445.00,314.00,236.00,314.00
235.00,211.00,447.00,211.00,447.00,313.00,235.00,313.00
238.00,212.00,450.00,212.00,450.00,314.00,238.00,314.00
235.00,214.00,443.00,214.00,443.00,316.00,235.00,316.00
234.00,212.00,443.00,212.00,443.00,314.00,234.00,314.00
233.00,212.00,440.00,212.00,440.00,312.00,233.00,312.00
234.00,211.00,435.00,211.00,435.00,310.00,234.00,310.00
228.00,211.00,425.00,211.00,425.00,312.00,228.00,312.00
235.00,211.00,436.00,211.00,436.00,309.00,235.00,309.00
233.00,213.00,426.00,213.00,426.00,310.00,233.00,310.00
224.00,214.00,415.00,214.00,415.00,313.00,224.00,313.00
234.00,211.00,431.00,211.00,431.00,310.00,234.00,310.00
232.00,214.00,423.00,214.00,423.00,311.00,232.00,311.00
237.00,215.00,429.00,215.00,429.00,311.00,237.00,311.00
231.00,218.00,418.00,218.00,418.00,316.00,231.00,316.00
228.00,219.00,410.00,219.00,410.00,316.00,228.00,316.00
222.00,221.00,400.00,221.00,400.00,319.00,222.00,319.00
226.00,221.00,409.00,221.00,409.00,318.00,226.00,318.00
224.00,222.00,402.00,222.00,402.00,317.00,224.00,317.00
216.00,221.00,391.00,221.00,391.00,317.00,216.00,317.00
215.00,221.00,392.00,221.00,392.00,317.00,215.00,317.00
219.00,221.00,395.00,221.00,395.00,317.00,219.00,317.00
193.00,227.00,368.00,227.00,368.00,322.00,193.00,322.00
214.00,223.00,385.00,223.00,385.00,318.00,214.00,318.00
210.00,223.00,384.00,223.00,384.00,317.00,210.00,317.00
204.00,218.00,380.00,218.00,380.00,311.00,204.00,311.00
201.00,219.00,378.00,219.00,378.00,312.00,201.00,312.00
210.00,219.00,387.00,219.00,387.00,311.00,210.00,311.00
208.00,221.00,382.00,221.00,382.00,314.00,208.00,314.00
205.00,218.00,384.00,218.00,384.00,314.00,205.00,314.00
144.00,231.00,336.00,231.00,336.00,327.00,144.00,327.00
107.00,245.00,303.00,245.00,303.00,339.00,107.00,339.00
99.00,246.00,297.00,246.00,297.00,339.00,99.00,339.00
101.00,246.00,302.00,246.00,302.00,340.00,101.00,340.00
101.00,245.00,309.00,245.00,309.00,342.00,101.00,342.00
96.00,245.00,304.00,245.00,304.00,344.00,96.00,344.00
92.00,247.00,301.00,247.00,301.00,344.00,92.00,344.00
99.00,246.00,308.00,246.00,308.00,344.00,99.00,344.00
84.00,246.00,295.00,246.00,295.00,342.00,84.00,342.00
68.00,249.00,273.00,249.00,273.00,343.00,68.00,343.00
79.00,248.00,287.00,248.00,287.00,345.00,79.00,345.00
74.00,244.00,283.00,244.00,283.00,341.00,74.00,341.00
71.00,246.00,285.00,246.00,285.00,346.00,71.00,346.00
86.00,243.00,301.00,243.00,301.00,345.00,86.00,345.00
82.00,242.00,298.00,242.00,298.00,344.00,82.00,344.00
87.00,246.00,304.00,246.00,304.00,350.00,87.00,350.00
80.00,244.00,299.00,244.00,299.00,348.00,80.00,348.00
80.00,242.00,296.00,242.00,296.00,345.00,80.00,345.00
66.00,243.00,282.00,243.00,282.00,346.00,66.00,346.00
75.00,238.00,292.00,238.00,292.00,341.00,75.00,341.00
63.00,238.00,281.00,238.00,281.00,340.00,63.00,340.00
81.00,239.00,295.00,239.00,295.00,341.00,81.00,341.00
82.00,234.00,294.00,234.00,294.00,336.00,82.00,336.00
73.00,235.00,286.00,235.00,286.00,338.00,73.00,338.00
79.00,236.00,292.00,236.00,292.00,339.00,79.00,339.00
94.00,235.00,301.00,235.00,301.00,338.00,94.00,338.00
94.00,220.00,310.00,220.00,310.00,327.00,94.00,327.00
91.00,220.00,308.00,220.00,308.00,327.00,91.00,327.00
90.00,229.00,307.00,229.00,307.00,333.00,90.00,333.00
92.00,232.00,303.00,232.00,303.00,335.00,92.00,335.00
88.00,229.00,302.00,229.00,302.00,332.00,88.00,332.00
81.00,233.00,295.00,233.00,295.00,334.00,81.00,334.00
72.00,234.00,291.00,234.00,291.00,336.00,72.00,336.00
66.00,234.00,285.00,234.00,285.00,335.00,66.00,335.00
71.00,232.00,290.00,232.00,290.00,333.00,71.00,333.00
69.00,234.00,287.00,234.00,287.00,335.00,69.00,335.00
70.00,233.00,293.00,233.00,293.00,335.00,70.00,335.00
69.00,238.00,290.00,238.00,290.00,339.00,69.00,339.00
62.00,232.00,288.00,232.00,288.00,335.00,62.00,335.00
57.00,235.00,284.00,235.00,284.00,337.00,57.00,337.00
50.00,235.00,277.00,235.00,277.00,340.00,50.00,340.00
45.00,230.00,280.00,230.00,280.00,338.00,45.00,338.00
47.00,235.00,279.00,235.00,279.00,343.00,47.00,343.00
46.00,233.00,280.00,233.00,280.00,343.00,46.00,343.00
44.00,233.00,280.00,233.00,280.00,345.00,44.00,345.00
41.00,231.00,278.00,231.00,278.00,346.00,41.00,346.00
44.00,235.00,280.00,235.00,280.00,351.00,44.00,351.00
40.00,230.00,278.00,230.00,278.00,347.00,40.00,347.00
39.00,225.00,281.00,225.00,281.00,343.00,39.00,343.00
45.00,229.00,281.00,229.00,281.00,346.00,45.00,346.00
44.00,223.00,285.00,223.00,285.00,346.00,44.00,346.00
54.00,226.00,291.00,226.00,291.00,347.00,54.00,347.00
41.00,228.00,277.00,228.00,277.00,351.00,41.00,351.00
55.00,230.00,285.00,230.00,285.00,351.00,55.00,351.00
41.00,226.00,275.00,226.00,275.00,348.00,41.00,348.00
45.00,228.00,281.00,228.00,281.00,350.00,45.00,350.00
35.00,227.00,274.00,227.00,274.00,349.00,35.00,349.00
38.00,228.00,278.00,228.00,278.00,350.00,38.00,350.00
34.00,226.00,273.00,226.00,273.00,348.00,34.00,348.00
41.00,231.00,276.00,231.00,276.00,351.00,41.00,351.00
39.00,225.00,278.00,225.00,278.00,344.00,39.00,344.00
30.00,227.00,269.00,227.00,269.00,348.00,30.00,348.00
25.00,225.00,263.00,225.00,263.00,346.00,25.00,346.00
30.00,223.00,271.00,223.00,271.00,345.00,30.00,345.00
22.00,226.00,267.00,226.00,267.00,350.00,22.00,350.00
6.00,227.00,264.00,227.00,264.00,352.00,6.00,352.00
-6.00,230.00,252.00,230.00,252.00,354.00,-6.00,354.00
-10.00,227.00,256.00,227.00,256.00,353.00,-10.00,353.00
-14.00,230.00,247.00,230.00,247.00,355.00,-14.00,355.00
-7.00,227.00,252.00,227.00,252.00,352.00,-7.00,352.00
-12.00,222.00,249.00,222.00,249.00,348.00,-12.00,348.00
-8.00,221.00,253.00,221.00,253.00,347.00,-8.00,347.00
-5.00,220.00,253.00,220.00,253.00,345.00,-5.00,345.00
-10.00,222.00,245.00,222.00,245.00,346.00,-10.00,346.00
-7.00,222.00,247.00,222.00,247.00,345.00,-7.00,345.00
-14.00,221.00,232.00,221.00,232.00,342.00,-14.00,342.00
-11.00,223.00,235.00,223.00,235.00,343.00,-11.00,343.00
-12.00,221.00,238.00,221.00,238.00,343.00,-12.00,343.00
-6.00,225.00,239.00,225.00,239.00,343.00,-6.00,343.00
-18.00,216.00,236.00,216.00,236.00,340.00,-18.00,340.00
-15.00,218.00,228.00,218.00,228.00,338.00,-15.00,338.00
-10.00,213.00,235.00,213.00,235.00,335.00,-10.00,335.00
-7.00,211.00,234.00,211.00,234.00,334.00,-7.00,334.00
-1.00,209.00,240.00,209.00,240.00,332.00,-1.00,332.00
-3.00,210.00,236.00,210.00,236.00,333.00,-3.00,333.00
-4.00,206.00,235.00,206.00,235.00,331.00,-4.00,331.00
-10.00,210.00,225.00,210.00,225.00,333.00,-10.00,333.00
-7.00,212.00,223.00,212.00,223.00,333.00,-7.00,333.00
-3.00,211.00,228.00,211.00,228.00,332.00,-3.00,332.00
-4.00,211.00,222.00,211.00,222.00,331.00,-4.00,331.00
-6.00,213.00,224.00,213.00,224.00,333.00,-6.00,333.00
-2.00,216.00,226.00,216.00,226.00,332.00,-2.00,332.00
-8.00,215.00,216.00,215.00,216.00,332.00,-8.00,332.00
-7.00,216.00,216.00,216.00,216.00,333.00,-7.00,333.00
1.00,216.00,220.00,216.00,220.00,331.00,1.00,331.00
8.00,216.00,225.00,216.00,225.00,331.00,8.00,331.00
14.00,219.00,223.00,219.00,223.00,330.00,14.00,330.00
10.00,217.00,222.00,217.00,222.00,329.00,10.00,329.00
6.00,218.00,218.00,218.00,218.00,327.00,6.00,327.00
12.00,215.00,223.00,215.00,223.00,325.00,12.00,325.00
10.00,217.00,221.00,217.00,221.00,327.00,10.00,327.00
14.00,216.00,222.00,216.00,222.00,326.00,14.00,326.00
15.00,218.00,223.00,218.00,223.00,328.00,15.00,328.00
7.00,213.00,222.00,213.00,222.00,325.00,7.00,325.00
17.00,217.00,226.00,217.00,226.00,328.00,17.00,328.00
9.00,223.00,212.00,223.00,212.00,329.00,9.00,329.00
21.00,220.00,223.00,220.00,223.00,327.00,21.00,327.00
12.00,221.00,212.00,221.00,212.00,328.00,12.00,328.00
12.00,222.00,206.00,222.00,206.00,328.00,12.00,328.00
18.00,220.00,212.00,220.00,212.00,327.00,18.00,327.00
16.00,218.00,211.00,218.00,211.00,326.00,16.00,326.00
17.00,217.00,213.00,217.00,213.00,326.00,17.00,326.00
14.00,223.00,205.00,223.00,205.00,329.00,14.00,329.00
18.00,218.00,210.00,218.00,210.00,325.00,18.00,325.00
18.00,219.00,210.00,219.00,210.00,325.00,18.00,325.00
24.00,216.00,219.00,216.00,219.00,324.00,24.00,324.00
19.00,215.00,216.00,215.00,216.00,324.00,19.00,324.00
9.00,218.00,202.00,218.00,202.00,326.00,9.00,326.00
7.00,216.00,203.00,216.00,203.00,326.00,7.00,326.00
12.00,220.00,207.00,220.00,207.00,329.00,12.00,329.00
17.00,217.00,212.00,217.00,212.00,327.00,17.00,327.00
16.00,223.00,210.00,223.00,210.00,330.00,16.00,330.00
12.00,218.00,208.00,218.00,208.00,328.00,12.00,328.00
17.00,217.00,215.00,217.00,215.00,328.00,17.00,328.00
13.00,220.00,210.00,220.00,210.00,329.00,13.00,329.00
16.00,221.00,210.00,221.00,210.00,330.00,16.00,330.00
20.00,220.00,209.00,220.00,209.00,327.00,20.00,327.00
22.00,221.00,211.00,221.00,211.00,328.00,22.00,328.00
20.00,225.00,207.00,225.00,207.00,331.00,20.00,331.00
17.00,224.00,201.00,224.00,201.00,328.00,17.00,328.00
22.00,218.00,204.00,218.00,204.00,324.00,22.00,324.00
19.00,223.00,196.00,223.00,196.00,326.00,19.00,326.00
21.00,226.00,198.00,226.00,198.00,328.00,21.00,328.00
23.00,219.00,205.00,219.00,205.00,324.00,23.00,324.00
25.00,222.00,204.00,222.00,204.00,326.00,25.00,326.00
27.00,221.00,207.00,221.00,207.00,326.00,27.00,326.00
26.00,225.00,201.00,225.00,201.00,329.00,26.00,329.00
23.00,223.00,198.00,223.00,198.00,327.00,23.00,327.00
30.00,221.00,209.00,221.00,209.00,325.00,30.00,325.00
27.00,221.00,202.00,221.00,202.00,324.00,27.00,324.00
28.00,224.00,203.00,224.00,203.00,327.00,28.00,327.00
29.00,221.00,207.00,221.00,207.00,326.00,29.00,326.00
28.00,220.00,205.00,220.00,205.00,326.00,28.00,326.00
30.00,224.00,204.00,224.00,204.00,329.00,30.00,329.00
27.00,225.00,198.00,225.00,198.00,330.00,27.00,330.00
34.00,220.00,212.00,220.00,212.00,326.00,34.00,326.00
31.00,222.00,204.00,222.00,204.00,327.00,31.00,327.00
33.00,224.00,207.00,224.00,207.00,330.00,33.00,330.00
34.00,224.00,207.00,224.00,207.00,328.00,34.00,328.00
32.00,223.00,207.00,223.00,207.00,329.00,32.00,329.00
28.00,225.00,201.00,225.00,201.00,328.00,28.00,328.00
31.00,226.00,202.00,226.00,202.00,328.00,31.00,328.00
35.00,226.00,208.00,226.00,208.00,329.00,35.00,329.00
38.00,227.00,210.00,227.00,210.00,331.00,38.00,331.00
30.00,230.00,198.00,230.00,198.00,331.00,30.00,331.00
33.00,229.00,203.00,229.00,203.00,334.00,33.00,334.00
33.00,226.00,199.00,226.00,199.00,329.00,33.00,329.00
34.00,229.00,206.00,229.00,206.00,333.00,34.00,333.00
39.00,232.00,212.00,232.00,212.00,335.00,39.00,335.00
41.00,227.00,210.00,227.00,210.00,330.00,41.00,330.00
46.00,225.00,210.00,225.00,210.00,328.00,46.00,328.00
43.00,227.00,200.00,227.00,200.00,328.00,43.00,328.00
40.00,225.00,199.00,225.00,199.00,325.00,40.00,325.00
39.00,226.00,197.00,226.00,197.00,324.00,39.00,324.00
34.00,225.00,187.00,225.00,187.00,323.00,34.00,323.00
39.00,228.00,188.00,228.00,188.00,325.00,39.00,325.00
38.00,231.00,185.00,231.00,185.00,326.00,38.00,326.00
38.00,227.00,182.00,227.00,182.00,322.00,38.00,322.00
39.00,231.00,184.00,231.00,184.00,326.00,39.00,326.00
42.00,231.00,188.00,231.00,188.00,326.00,42.00,326.00
43.00,229.00,187.00,229.00,187.00,324.00,43.00,324.00
41.00,227.00,184.00,227.00,184.00,322.00,41.00,322.00
38.00,229.00,182.00,229.00,182.00,325.00,38.00,325.00
47.00,225.00,199.00,225.00,199.00,324.00,47.00,324.00
47.00,228.00,202.00,228.00,202.00,324.00,47.00,324.00
50.00,230.00,206.00,230.00,206.00,324.00,50.00,324.00
49.00,227.00,205.00,227.00,205.00,321.00,49.00,321.00
52.00,225.00,212.00,225.00,212.00,321.00,52.00,321.00
47.00,220.00,207.00,220.00,207.00,318.00,47.00,318.00
49.00,219.00,209.00,219.00,209.00,317.00,49.00,317.00
49.00,220.00,209.00,220.00,209.00,318.00,49.00,318.00
49.00,221.00,212.00,221.00,212.00,318.00,49.00,318.00
51.00,221.00,222.00,221.00,222.00,320.00,51.00,320.00
44.00,222.00,207.00,222.00,207.00,322.00,44.00,322.00
44.00,222.00,210.00,222.00,210.00,324.00,44.00,324.00
45.00,225.00,209.00,225.00,209.00,326.00,45.00,326.00
51.00,223.00,221.00,223.00,221.00,326.00,51.00,326.00
46.00,221.00,222.00,221.00,222.00,326.00,46.00,326.00
42.00,225.00,224.00,225.00,224.00,331.00,42.00,331.00
45.00,227.00,225.00,227.00,225.00,332.00,45.00,332.00
52.00,223.00,231.00,223.00,231.00,328.00,52.00,328.00
49.00,229.00,223.00,229.00,223.00,329.00,49.00,329.00
49.00,230.00,229.00,230.00,229.00,330.00,49.00,330.00
52.00,231.00,233.00,231.00,233.00,331.00,52.00,331.00
60.00,228.00,242.00,228.00,242.00,329.00,60.00,329.00
56.00,233.00,235.00,233.00,235.00,331.00,56.00,331.00
61.00,231.00,242.00,231.00,242.00,331.00,61.00,331.00
58.00,232.00,231.00,232.00,231.00,330.00,58.00,330.00
58.00,232.00,230.00,232.00,230.00,330.00,58.00,330.00
61.00,234.00,237.00,234.00,237.00,331.00,61.00,331.00
63.00,231.00,242.00,231.00,242.00,331.00,63.00,331.00
72.00,230.00,247.00,230.00,247.00,328.00,72.00,328.00
66.00,232.00,239.00,232.00,239.00,329.00,66.00,329.00
72.00,231.00,248.00,231.00,248.00,329.00,72.00,329.00
73.00,233.00,248.00,233.00,248.00,330.00,73.00,330.00
75.00,232.00,252.00,232.00,252.00,329.00,75.00,329.00
75.00,231.00,248.00,231.00,248.00,328.00,75.00,328.00
75.00,234.00,250.00,234.00,250.00,330.00,75.00,330.00
77.00,232.00,259.00,232.00,259.00,330.00,77.00,330.00
68.00,232.00,247.00,232.00,247.00,329.00,68.00,329.00
68.00,228.00,249.00,228.00,249.00,328.00,68.00,328.00
65.00,231.00,247.00,231.00,247.00,330.00,65.00,330.00
62.00,233.00,242.00,233.00,242.00,332.00,62.00,332.00
64.00,230.00,245.00,230.00,245.00,330.00,64.00,330.00
59.00,231.00,236.00,231.00,236.00,330.00,59.00,330.00
55.00,237.00,236.00,237.00,236.00,334.00,55.00,334.00
61.00,238.00,239.00,238.00,239.00,335.00,61.00,335.00
55.00,236.00,236.00,236.00,236.00,335.00,55.00,335.00
65.00,242.00,249.00,242.00,249.00,338.00,65.00,338.00
58.00,235.00,241.00,235.00,241.00,334.00,58.00,334.00
56.00,237.00,243.00,237.00,243.00,337.00,56.00,337.00
61.00,243.00,249.00,243.00,249.00,339.00,61.00,339.00
61.00,240.00,247.00,240.00,247.00,338.00,61.00,338.00
60.00,240.00,251.00,240.00,251.00,338.00,60.00,338.00
79.00,246.00,274.00,246.00,274.00,343.00,79.00,343.00
69.00,241.00,262.00,241.00,262.00,340.00,69.00,340.00
60.00,238.00,249.00,238.00,249.00,337.00,60.00,337.00
69.00,243.00,266.00,243.00,266.00,340.00,69.00,340.00
80.00,249.00,282.00,249.00,282.00,345.00,80.00,345.00
76.00,244.00,272.00,244.00,272.00,340.00,76.00,340.00
69.00,240.00,263.00,240.00,263.00,338.00,69.00,338.00
68.00,242.00,261.00,242.00,261.00,338.00,68.00,338.00
72.00,245.00,273.00,245.00,273.00,343.00,72.00,343.00
63.00,238.00,264.00,238.00,264.00,339.00,63.00,339.00
68.00,241.00,263.00,241.00,263.00,339.00,68.00,339.00
67.00,243.00,263.00,243.00,263.00,342.00,67.00,342.00
79.00,249.00,276.00,249.00,276.00,344.00,79.00,344.00
67.00,242.00,268.00,242.00,268.00,343.00,67.00,343.00
65.00,244.00,264.00,244.00,264.00,342.00,65.00,342.00
70.00,246.00,266.00,246.00,266.00,342.00,70.00,342.00
74.00,242.00,272.00,242.00,272.00,340.00,74.00,340.00
60.00,239.00,265.00,239.00,265.00,339.00,60.00,339.00
65.00,247.00,266.00,247.00,266.00,345.00,65.00,345.00
65.00,246.00,271.00,246.00,271.00,346.00,65.00,346.00
58.00,241.00,265.00,241.00,265.00,343.00,58.00,343.00
60.00,242.00,269.00,242.00,269.00,345.00,60.00,345.00
66.00,240.00,273.00,240.00,273.00,343.00,66.00,343.00
66.00,241.00,269.00,241.00,269.00,343.00,66.00,343.00
68.00,243.00,272.00,243.00,272.00,345.00,68.00,345.00
63.00,246.00,270.00,246.00,270.00,348.00,63.00,348.00
61.00,243.00,272.00,243.00,272.00,346.00,61.00,346.00
63.00,239.00,275.00,239.00,275.00,344.00,63.00,344.00
62.00,245.00,274.00,245.00,274.00,347.00,62.00,347.00
55.00,243.00,270.00,243.00,270.00,346.00,55.00,346.00
58.00,243.00,273.00,243.00,273.00,345.00,58.00,345.00
63.00,244.00,280.00,244.00,280.00,346.00,63.00,346.00
65.00,243.00,281.00,243.00,281.00,345.00,65.00,345.00
66.00,241.00,284.00,241.00,284.00,344.00,66.00,344.00
64.00,238.00,283.00,238.00,283.00,343.00,64.00,343.00
58.00,236.00,277.00,236.00,277.00,341.00,58.00,341.00
67.00,238.00,281.00,238.00,281.00,341.00,67.00,341.00
75.00,236.00,288.00,236.00,288.00,339.00,75.00,339.00
73.00,236.00,291.00,236.00,291.00,340.00,73.00,340.00
69.00,231.00,291.00,231.00,291.00,337.00,69.00,337.00
70.00,232.00,292.00,232.00,292.00,338.00,70.00,338.00
65.00,231.00,288.00,231.00,288.00,337.00,65.00,337.00
65.00,224.00,293.00,224.00,293.00,333.00,65.00,333.00
71.00,227.00,297.00,227.00,297.00,334.00,71.00,334.00
71.00,225.00,296.00,225.00,296.00,332.00,71.00,332.00
72.00,224.00,292.00,224.00,292.00,329.00,72.00,329.00
72.00,220.00,293.00,220.00,293.00,327.00,72.00,327.00
65.00,221.00,286.00,221.00,286.00,328.00,65.00,328.00
70.00,219.00,293.00,219.00,293.00,327.00,70.00,327.00
67.00,220.00,289.00,220.00,289.00,327.00,67.00,327.00
68.00,219.00,289.00,219.00,289.00,326.00,68.00,326.00
65.00,220.00,280.00,220.00,280.00,326.00,65.00,326.00
72.00,216.00,294.00,216.00,294.00,325.00,72.00,325.00
72.00,219.00,293.00,219.00,293.00,326.00,72.00,326.00
73.00,219.00,290.00,219.00,290.00,325.00,73.00,325.00
81.00,220.00,295.00,220.00,295.00,326.00,81.00,326.00
71.00,218.00,283.00,218.00,283.00,325.00,71.00,325.00
74.00,220.00,282.00,220.00,282.00,327.00,74.00,327.00
84.00,218.00,293.00,218.00,293.00,328.00,84.00,328.00
90.00,219.00,304.00,219.00,304.00,327.00,90.00,327.00
94.00,219.00,304.00,219.00,304.00,328.00,94.00,328.00
94.00,215.00,312.00,215.00,312.00,326.00,94.00,326.00
97.00,214.00,313.00,214.00,313.00,325.00,97.00,325.00
101.00,210.00,318.00,210.00,318.00,323.00,101.00,323.00
110.00,211.00,327.00,211.00,327.00,323.00,110.00,323.00
111.00,210.00,323.00,210.00,323.00,320.00,111.00,320.00
116.00,211.00,326.00,211.00,326.00,320.00,116.00,320.00
122.00,215.00,321.00,215.00,321.00,321.00,122.00,321.00
124.00,210.00,327.00,210.00,327.00,317.00,124.00,317.00
125.00,212.00,320.00,212.00,320.00,318.00,125.00,318.00
132.00,214.00,324.00,214.00,324.00,318.00,132.00,318.00
135.00,210.00,335.00,210.00,335.00,316.00,135.00,316.00
133.00,213.00,330.00,213.00,330.00,318.00,133.00,318.00
135.00,213.00,334.00,213.00,334.00,318.00,135.00,318.00
140.00,214.00,337.00,214.00,337.00,316.00,140.00,316.00
141.00,216.00,332.00,216.00,332.00,317.00,141.00,317.00
148.00,215.00,341.00,215.00,341.00,316.00,148.00,316.00
153.00,212.00,345.00,212.00,345.00,315.00,153.00,315.00
147.00,211.00,338.00,211.00,338.00,314.00,147.00,314.00
149.00,211.00,338.00,211.00,338.00,312.00,149.00,312.00
149.00,212.00,339.00,212.00,339.00,313.00,149.00,313.00
156.00,212.00,347.00,212.00,347.00,313.00,156.00,313.00
155.00,212.00,344.00,212.00,344.00,311.00,155.00,311.00
154.00,212.00,341.00,212.00,341.00,310.00,154.00,310.00
162.00,213.00,350.00,213.00,350.00,311.00,162.00,311.00
165.00,215.00,349.00,215.00,349.00,312.00,165.00,312.00
173.00,215.00,354.00,215.00,354.00,312.00,173.00,312.00
176.00,215.00,360.00,215.00,360.00,314.00,176.00,314.00
181.00,217.00,364.00,217.00,364.00,313.00,181.00,313.00
205.00,216.00,382.00,216.00,382.00,314.00,205.00,314.00
209.00,215.00,390.00,215.00,390.00,313.00,209.00,313.00
215.00,218.00,402.00,218.00,402.00,317.00,215.00,317.00
209.00,218.00,398.00,218.00,398.00,317.00,209.00,317.00
198.00,217.00,391.00,217.00,391.00,317.00,198.00,317.00
208.00,215.00,405.00,215.00,405.00,317.00,208.00,317.00
202.00,216.00,396.00,216.00,396.00,317.00,202.00,317.00
206.00,217.00,407.00,217.00,407.00,319.00,206.00,319.00
202.00,217.00,401.00,217.00,401.00,319.00,202.00,319.00
209.00,218.00,406.00,218.00,406.00,319.00,209.00,319.00
202.00,216.00,404.00,216.00,404.00,319.00,202.00,319.00
210.00,218.00,411.00,218.00,411.00,319.00,210.00,319.00
218.00,218.00,426.00,218.00,426.00,320.00,218.00,320.00
214.00,217.00,421.00,217.00,421.00,320.00,214.00,320.00
208.00,217.00,423.00,217.00,423.00,322.00,208.00,322.00
208.00,217.00,421.00,217.00,421.00,322.00,208.00,322.00
209.00,217.00,424.00,217.00,424.00,323.00,209.00,323.00
215.00,217.00,440.00,217.00,440.00,325.00,215.00,325.00
216.00,218.00,444.00,218.00,444.00,327.00,216.00,327.00
213.00,215.00,439.00,215.00,439.00,325.00,213.00,325.00
219.00,214.00,450.00,214.00,450.00,324.00,219.00,324.00
211.00,216.00,432.00,216.00,432.00,325.00,211.00,325.00
222.00,215.00,455.00,215.00,455.00,325.00,222.00,325.00
222.00,214.00,450.00,214.00,450.00,323.00,222.00,323.00
216.00,216.00,445.00,216.00,445.00,326.00,216.00,326.00
228.00,216.00,459.00,216.00,459.00,325.00,228.00,325.00
221.00,217.00,445.00,217.00,445.00,324.00,221.00,324.00
218.00,216.00,444.00,216.00,444.00,326.00,218.00,326.00
223.00,215.00,446.00,215.00,446.00,324.00,223.00,324.00
216.00,216.00,441.00,216.00,441.00,327.00,216.00,327.00
219.00,216.00,455.00,216.00,455.00,329.00,219.00,329.00
214.00,215.00,440.00,215.00,440.00,327.00,214.00,327.00
217.00,213.00,458.00,213.00,458.00,328.00,217.00,328.00
211.00,213.00,440.00,213.00,440.00,326.00,211.00,326.00
213.00,212.00,443.00,212.00,443.00,327.00,213.00,327.00
214.00,213.00,450.00,213.00,450.00,330.00,214.00,330.00
212.00,213.00,447.00,213.00,447.00,330.00,212.00,330.00
218.00,213.00,457.00,213.00,457.00,330.00,218.00,330.00
213.00,211.00,449.00,211.00,449.00,329.00,213.00,329.00
212.00,213.00,442.00,213.00,442.00,330.00,212.00,330.00
214.00,213.00,451.00,213.00,451.00,331.00,214.00,331.00
214.00,211.00,444.00,211.00,444.00,328.00,214.00,328.00
217.00,211.00,454.00,211.00,454.00,329.00,217.00,329.00
223.00,209.00,461.00,209.00,461.00,327.00,223.00,327.00
220.00,209.00,454.00,209.00,454.00,326.00,220.00,326.00
215.00,213.00,447.00,213.00,447.00,331.00,215.00,331.00
225.00,209.00,464.00,209.00,464.00,327.00,225.00,327.00
219.00,213.00,453.00,213.00,453.00,331.00,219.00,331.00
223.00,210.00,455.00,210.00,455.00,329.00,223.00,329.00
223.00,209.00,454.00,209.00,454.00,329.00,223.00,329.00
217.00,209.00,450.00,209.00,450.00,330.00,217.00,330.00
217.00,209.00,445.00,209.00,445.00,330.00,217.00,330.00
219.00,208.00,447.00,208.00,447.00,328.00,219.00,328.00
217.00,210.00,442.00,210.00,442.00,331.00,217.00,331.00
222.00,206.00,446.00,206.00,446.00,328.00,222.00,328.00
220.00,207.00,447.00,207.00,447.00,328.00,220.00,328.00
221.00,208.00,447.00,208.00,447.00,327.00,221.00,327.00
219.00,207.00,441.00,207.00,441.00,327.00,219.00,327.00
217.00,209.00,436.00,209.00,436.00,326.00,217.00,326.00
227.00,207.00,443.00,207.00,443.00,325.00,227.00,325.00
228.00,208.00,445.00,208.00,445.00,325.00,228.00,325.00
229.00,205.00,448.00,205.00,448.00,324.00,229.00,324.00
217.00,207.00,430.00,207.00,430.00,324.00,217.00,324.00
229.00,208.00,444.00,208.00,444.00,324.00,229.00,324.00
229.00,208.00,445.00,208.00,445.00,326.00,229.00,326.00
226.00,210.00,437.00,210.00,437.00,328.00,226.00,328.00
235.00,208.00,442.00,208.00,442.00,324.00,235.00,324.00
238.00,207.00,449.00,207.00,449.00,324.00,238.00,324.00
232.00,207.00,442.00,207.00,442.00,325.00,232.00,325.00
232.00,208.00,440.00,208.00,440.00,326.00,232.00,326.00
238.00,206.00,449.00,206.00,449.00,324.00,238.00,324.00
247.00,204.00,467.00,204.00,467.00,323.00,247.00,323.00
244.00,205.00,460.00,205.00,460.00,323.00,244.00,323.00
231.00,207.00,442.00,207.00,442.00,325.00,231.00,325.00
227.00,203.00,443.00,203.00,443.00,322.00,227.00,322.00
232.00,197.00,452.00,197.00,452.00,319.00,232.00,319.00
222.00,199.00,446.00,199.00,446.00,319.00,222.00,319.00
223.00,195.00,452.00,195.00,452.00,317.00,223.00,317.00
215.00,193.00,444.00,193.00,444.00,318.00,215.00,318.00
218.00,193.00,444.00,193.00,444.00,316.00,218.00,316.00
217.00,197.00,461.00,197.00,461.00,322.00,217.00,322.00
216.00,194.00,465.00,194.00,465.00,322.00,216.00,322.00
208.00,196.00,446.00,196.00,446.00,322.00,208.00,322.00
215.00,197.00,456.00,197.00,456.00,323.00,215.00,323.00
216.00,197.00,459.00,197.00,459.00,324.00,216.00,324.00
216.00,197.00,457.00,197.00,457.00,322.00,216.00,322.00
222.00,195.00,465.00,195.00,465.00,317.00,222.00,317.00
211.00,194.00,439.00,194.00,439.00,319.00,211.00,319.00
227.00,194.00,458.00,194.00,458.00,318.00,227.00,318.00
219.00,194.00,455.00,194.00,455.00,322.00,219.00,322.00
227.00,193.00,457.00,193.00,457.00,321.00,227.00,321.00
228.00,198.00,452.00,198.00,452.00,325.00,228.00,325.00
234.00,192.00,454.00,192.00,454.00,316.00,234.00,316.00
223.00,196.00,443.00,196.00,443.00,320.00,223.00,320.00
226.00,199.00,451.00,199.00,451.00,324.00,226.00,324.00
232.00,195.00,456.00,195.00,456.00,319.00,232.00,319.00
234.00,194.00,456.00,194.00,456.00,318.00,234.00,318.00
232.00,195.00,453.00,195.00,453.00,319.00,232.00,319.00
239.00,194.00,459.00,194.00,459.00,318.00,239.00,318.00
239.00,193.00,453.00,193.00,453.00,316.00,239.00,316.00
228.00,198.00,447.00,198.00,447.00,323.00,228.00,323.00
232.00,196.00,450.00,196.00,450.00,320.00,232.00,320.00
232.00,197.00,448.00,197.00,448.00,321.00,232.00,321.00
233.00,198.00,450.00,198.00,450.00,322.00,233.00,322.00
233.00,200.00,456.00,200.00,456.00,324.00,233.00,324.00
234.00,202.00,449.00,202.00,449.00,323.00,234.00,323.00
230.00,199.00,442.00,199.00,442.00,320.00,230.00,320.00
225.00,200.00,437.00,200.00,437.00,323.00,225.00,323.00
241.00,197.00,448.00,197.00,448.00,318.00,241.00,318.00
243.00,198.00,450.00,198.00,450.00,319.00,243.00,319.00
240.00,197.00,450.00,197.00,450.00,320.00,240.00,320.00
243.00,198.00,452.00,198.00,452.00,320.00,243.00,320.00
241.00,200.00,453.00,200.00,453.00,321.00,241.00,321.00
240.00,201.00,453.00,201.00,453.00,322.00,240.00,322.00
244.00,200.00,457.00,200.00,457.00,320.00,244.00,320.00
239.00,201.00,446.00,201.00,446.00,321.00,239.00,321.00
238.00,200.00,441.00,200.00,441.00,318.00,238.00,318.00
248.00,199.00,457.00,199.00,457.00,318.00,248.00,318.00
231.00,201.00,435.00,201.00,435.00,321.00,231.00,321.00
245.00,202.00,454.00,202.00,454.00,322.00,245.00,322.00
246.00,203.00,456.00,203.00,456.00,321.00,246.00,321.00
244.00,202.00,449.00,202.00,449.00,320.00,244.00,320.00
239.00,203.00,450.00,203.00,450.00,323.00,239.00,323.00
247.00,201.00,454.00,201.00,454.00,321.00,247.00,321.00
243.00,200.00,453.00,200.00,453.00,321.00,243.00,321.00
249.00,200.00,463.00,200.00,463.00,320.00,249.00,320.00
240.00,201.00,450.00,201.00,450.00,322.00,240.00,322.00
239.00,202.00,450.00,202.00,450.00,324.00,239.00,324.00
237.00,202.00,453.00,202.00,453.00,325.00,237.00,325.00
231.00,204.00,440.00,204.00,440.00,325.00,231.00,325.00
242.00,204.00,453.00,204.00,453.00,323.00,242.00,323.00
241.00,204.00,449.00,204.00,449.00,324.00,241.00,324.00
242.00,203.00,453.00,203.00,453.00,324.00,242.00,324.00
241.00,202.00,455.00,202.00,455.00,322.00,241.00,322.00
240.00,204.00,457.00,204.00,457.00,325.00,240.00,325.00
237.00,207.00,454.00,207.00,454.00,328.00,237.00,328.00
239.00,205.00,455.00,205.00,455.00,325.00,239.00,325.00
242.00,202.00,457.00,202.00,457.00,322.00,242.00,322.00
242.00,203.00,455.00,203.00,455.00,323.00,242.00,323.00
233.00,204.00,445.00,204.00,445.00,325.00,233.00,325.00
251.00,199.00,463.00,199.00,463.00,320.00,251.00,320.00
246.00,203.00,465.00,203.00,465.00,323.00,246.00,323.00
241.00,204.00,457.00,204.00,457.00,324.00,241.00,324.00
241.00,204.00,454.00,204.00,454.00,324.00,241.00,324.00
244.00,204.00,459.00,204.00,459.00,325.00,244.00,325.00
246.00,204.00,458.00,204.00,458.00,323.00,246.00,323.00
246.00,203.00,458.00,203.00,458.00,323.00,246.00,323.00
244.00,204.00,461.00,204.00,461.00,326.00,244.00,326.00
249.00,203.00,459.00,203.00,459.00,322.00,249.00,322.00
244.00,204.00,460.00,204.00,460.00,325.00,244.00,325.00
246.00,205.00,456.00,205.00,456.00,322.00,246.00,322.00
235.00,207.00,448.00,207.00,448.00,326.00,235.00,326.00
249.00,202.00,463.00,202.00,463.00,321.00,249.00,321.00
248.00,205.00,461.00,205.00,461.00,326.00,248.00,326.00
243.00,204.00,452.00,204.00,452.00,325.00,243.00,325.00
246.00,204.00,462.00,204.00,462.00,324.00,246.00,324.00
253.00,204.00,459.00,204.00,459.00,321.00,253.00,321.00
252.00,204.00,460.00,204.00,460.00,321.00,252.00,321.00
252.00,204.00,462.00,204.00,462.00,322.00,252.00,322.00
249.00,205.00,454.00,205.00,454.00,322.00,249.00,322.00
250.00,204.00,460.00,204.00,460.00,321.00,250.00,321.00
246.00,206.00,457.00,206.00,457.00,323.00,246.00,323.00
251.00,204.00,458.00,204.00,458.00,322.00,251.00,322.00
246.00,205.00,456.00,205.00,456.00,324.00,246.00,324.00
243.00,207.00,457.00,207.00,457.00,327.00,243.00,327.00
250.00,205.00,463.00,205.00,463.00,325.00,250.00,325.00
245.00,205.00,456.00,205.00,456.00,325.00,245.00,325.00
245.00,205.00,459.00,205.00,459.00,326.00,245.00,326.00
246.00,204.00,462.00,204.00,462.00,325.00,246.00,325.00
241.00,204.00,453.00,204.00,453.00,324.00,241.00,324.00
248.00,200.00,463.00,200.00,463.00,323.00,248.00,323.00
244.00,204.00,465.00,204.00,465.00,323.00,244.00,323.00
249.00,203.00,470.00,203.00,470.00,321.00,249.00,321.00
244.00,203.00,467.00,203.00,467.00,322.00,244.00,322.00
244.00,203.00,463.00,203.00,463.00,322.00,244.00,322.00
255.00,203.00,471.00,203.00,471.00,318.00,255.00,318.00
252.00,203.00,473.00,203.00,473.00,319.00,252.00,319.00
254.00,204.00,476.00,204.00,476.00,320.00,254.00,320.00
253.00,204.00,471.00,204.00,471.00,320.00,253.00,320.00
252.00,205.00,470.00,205.00,470.00,322.00,252.00,322.00
253.00,204.00,471.00,204.00,471.00,320.00,253.00,320.00
256.00,204.00,478.00,204.00,478.00,319.00,256.00,319.00
249.00,208.00,476.00,208.00,476.00,324.00,249.00,324.00
250.00,206.00,476.00,206.00,476.00,321.00,250.00,321.00
248.00,208.00,487.00,208.00,487.00,320.00,248.00,320.00
255.00,206.00,489.00,206.00,489.00,315.00,255.00,315.00
251.00,207.00,483.00,207.00,483.00,315.00,251.00,315.00
256.00,207.00,486.00,207.00,486.00,312.00,256.00,312.00
254.00,208.00,483.00,208.00,483.00,313.00,254.00,313.00
253.00,206.00,474.00,206.00,474.00,311.00,253.00,311.00
256.00,210.00,483.00,210.00,483.00,313.00,256.00,313.00
251.00,210.00,479.00,210.00,479.00,315.00,251.00,315.00
254.00,206.00,486.00,206.00,486.00,313.00,254.00,313.00
256.00,207.00,488.00,207.00,488.00,315.00,256.00,315.00
259.00,211.00,490.00,211.00,490.00,321.00,259.00,321.00
263.00,208.00,495.00,208.00,495.00,318.00,263.00,318.00
266.00,209.00,496.00,209.00,496.00,318.00,266.00,318.00
267.00,210.00,501.00,210.00,501.00,318.00,267.00,318.00
271.00,210.00,505.00,210.00,505.00,318.00,271.00,318.00
274.00,214.00,506.00,214.00,506.00,320.00,274.00,320.00
284.00,213.00,527.00,213.00,527.00,322.00,284.00,322.00
286.00,213.00,529.00,213.00,529.00,320.00,286.00,320.00
291.00,212.00,535.00,212.00,535.00,318.00,291.00,318.00
292.00,212.00,537.00,212.00,537.00,317.00,292.00,317.00
298.00,208.00,548.00,208.00,548.00,316.00,298.00,316.00
303.00,208.00,550.00,208.00,550.00,315.00,303.00,315.00
304.00,207.00,545.00,207.00,545.00,312.00,304.00,312.00
312.00,206.00,557.00,206.00,557.00,311.00,312.00,311.00
317.00,208.00,565.00,208.00,565.00,314.00,317.00,314.00
320.00,208.00,567.00,208.00,567.00,314.00,320.00,314.00
324.00,207.00,567.00,207.00,567.00,312.00,324.00,312.00
336.00,205.00,586.00,205.00,586.00,312.00,336.00,312.00
332.00,205.00,579.00,205.00,579.00,311.00,332.00,311.00
332.00,206.00,588.00,206.00,588.00,314.00,332.00,314.00
333.00,204.00,590.00,204.00,590.00,313.00,333.00,313.00
330.00,201.00,584.00,201.00,584.00,309.00,330.00,309.00
331.00,202.00,587.00,202.00,587.00,311.00,331.00,311.00
330.00,204.00,579.00,204.00,579.00,312.00,330.00,312.00
330.00,202.00,585.00,202.00,585.00,313.00,330.00,313.00
337.00,204.00,597.00,204.00,597.00,316.00,337.00,316.00
352.00,212.00,601.00,212.00,601.00,321.00,352.00,321.00
348.00,216.00,587.00,216.00,587.00,322.00,348.00,322.00
353.00,216.00,591.00,216.00,591.00,325.00,353.00,325.00
363.00,219.00,593.00,219.00,593.00,327.00,363.00,327.00
372.00,220.00,604.00,220.00,604.00,330.00,372.00,330.00
386.00,230.00,604.00,230.00,604.00,331.00,386.00,331.00
398.00,235.00,612.00,235.00,612.00,333.00,398.00,333.00
410.00,240.00,620.00,240.00,620.00,336.00,410.00,336.00
424.00,240.00,628.00,240.00,628.00,338.00,424.00,338.00
437.00,237.00,631.00,237.00,631.00,334.00,437.00,334.00
440.00,274.00,655.00,274.00,655.00,391.00,440.00,391.00
433.00,271.00,648.00,271.00,648.00,388.00,433.00,388.00
424.00,285.00,635.00,285.00,635.00,400.00,424.00,400.00
424.00,301.00,636.00,301.00,636.00,416.00,424.00,416.00
425.00,307.00,636.00,307.00,636.00,421.00,425.00,421.00
436.00,311.00,647.00,311.00,647.00,425.00,436.00,425.00
423.00,314.00,636.00,314.00,636.00,429.00,423.00,429.00
432.00,304.00,645.00,304.00,645.00,419.00,432.00,419.00
440.00,309.00,655.00,309.00,655.00,425.00,440.00,425.00
430.00,305.00,646.00,305.00,646.00,422.00,430.00,422.00
444.00,310.00,662.00,310.00,662.00,428.00,444.00,428.00
470.00,285.00,685.00,285.00,685.00,401.00,470.00,401.00
2
0
0
0
0
1
715.00,226.00,877.00,226.00,877.00,301.00,715.00,301.00
715.00,226.00,879.00,226.00,879.00,302.00,715.00,302.00
716.00,229.00,894.00,229.00,894.00,304.00,716.00,304.00
718.00,229.00,890.00,229.00,890.00,305.00,718.00,305.00
718.00,232.00,890.00,232.00,890.00,306.00,718.00,306.00
719.00,231.00,896.00,231.00,896.00,307.00,719.00,307.00
721.00,231.00,881.00,231.00,881.00,306.00,721.00,306.00
723.00,231.00,884.00,231.00,884.00,305.00,723.00,305.00
723.00,227.00,877.00,227.00,877.00,301.00,723.00,301.00
724.00,227.00,883.00,227.00,883.00,301.00,724.00,301.00
735.00,235.00,910.00,235.00,910.00,308.00,735.00,308.00
742.00,239.00,931.00,239.00,931.00,315.00,742.00,315.00
747.00,240.00,934.00,240.00,934.00,319.00,747.00,319.00
748.00,236.00,936.00,236.00,936.00,317.00,748.00,317.00
749.00,237.00,935.00,237.00,935.00,319.00,749.00,319.00
750.00,234.00,935.00,234.00,935.00,319.00,750.00,319.00
749.00,236.00,936.00,236.00,936.00,320.00,749.00,320.00
752.00,240.00,937.00,240.00,937.00,323.00,752.00,323.00
758.00,240.00,945.00,240.00,945.00,323.00,758.00,323.00
750.00,236.00,940.00,236.00,940.00,317.00,750.00,317.00
758.00,243.00,956.00,243.00,956.00,325.00,758.00,325.00
757.00,236.00,949.00,236.00,949.00,318.00,757.00,318.00
754.00,223.00,931.00,223.00,931.00,301.00,754.00,301.00
753.00,226.00,939.00,226.00,939.00,306.00,753.00,306.00
765.00,232.00,952.00,232.00,952.00,313.00,765.00,313.00
765.00,240.00,965.00,240.00,965.00,326.00,765.00,326.00
768.00,235.00,959.00,235.00,959.00,319.00,768.00,319.00
762.00,213.00,936.00,213.00,936.00,290.00,762.00,290.00
766.00,213.00,942.00,213.00,942.00,292.00,766.00,292.00
