1
744.00,229.00,931.00,229.00,931.00,344.00,744.00,344.00
745.00,229.00,936.00,229.00,936.00,343.00,745.00,343.00
745.00,231.00,938.00,231.00,938.00,343.00,745.00,343.00
747.00,232.00,943.00,232.00,943.00,341.00,747.00,341.00
745.00,233.00,943.00,233.00,943.00,343.00,745.00,343.00
745.00,232.00,947.00,232.00,947.00,344.00,745.00,344.00
745.00,231.00,948.00,231.00,948.00,345.00,745.00,345.00
745.00,232.00,949.00,232.00,949.00,344.00,745.00,344.00
748.00,232.00,953.00,232.00,953.00,344.00,748.00,344.00
747.00,230.00,954.00,230.00,954.00,343.00,747.00,343.00
747.00,229.00,952.00,229.00,952.00,345.00,747.00,345.00
748.00,231.00,951.00,231.00,951.00,341.00,748.00,341.00
750.00,229.00,953.00,229.00,953.00,344.00,750.00,344.00
753.00,228.00,956.00,228.00,956.00,344.00,753.00,344.00
753.00,228.00,956.00,228.00,956.00,344.00,753.00,344.00
749.00,227.00,961.00,227.00,961.00,341.00,749.00,341.00
754.00,225.00,962.00,225.00,962.00,342.00,754.00,342.00
758.00,224.00,959.00,224.00,959.00,343.00,758.00,343.00
760.00,224.00,963.00,224.00,963.00,342.00,760.00,342.00
761.00,222.00,964.00,222.00,964.00,341.00,761.00,341.00
776.00,220.00,966.00,220.00,966.00,340.00,776.00,340.00
770.00,218.00,970.00,218.00,970.00,342.00,770.00,342.00
772.00,217.00,971.00,217.00,971.00,339.00,772.00,339.00
772.00,217.00,970.00,217.00,970.00,338.00,772.00,338.00
773.00,216.00,968.00,216.00,968.00,339.00,773.00,339.00
775.00,213.00,973.00,213.00,973.00,340.00,775.00,340.00
780.00,214.00,974.00,214.00,974.00,337.00,780.00,337.00
782.00,214.00,975.00,214.00,975.00,338.00,782.00,338.00
785.00,213.00,975.00,213.00,975.00,336.00,785.00,336.00
788.00,213.00,976.00,213.00,976.00,337.00,788.00,337.00
789.00,212.00,979.00,212.00,979.00,338.00,789.00,338.00
793.00,212.00,980.00,212.00,980.00,338.00,793.00,338.00
802.00,210.00,980.00,210.00,980.00,330.00,802.00,330.00
803.00,210.00,984.00,210.00,984.00,334.00,803.00,334.00
808.00,210.00,984.00,210.00,984.00,331.00,808.00,331.00
815.00,212.00,991.00,212.00,991.00,331.00,815.00,331.00
810.00,211.00,989.00,211.00,989.00,326.00,810.00,326.00
814.00,211.00,991.00,211.00,991.00,323.00,814.00,323.00
812.00,212.00,990.00,212.00,990.00,325.00,812.00,325.00
817.00,212.00,989.00,212.00,989.00,324.00,817.00,324.00
825.00,211.00,991.00,211.00,991.00,320.00,825.00,320.00
830.00,210.00,994.00,210.00,994.00,318.00,830.00,318.00
831.00,209.00,991.00,209.00,991.00,316.00,831.00,316.00
836.00,210.00,992.00,210.00,992.00,314.00,836.00,314.00
836.00,211.00,990.00,211.00,990.00,315.00,836.00,315.00
845.00,212.00,997.00,212.00,997.00,307.00,845.00,307.00
849.00,210.00,994.00,210.00,994.00,309.00,849.00,309.00
847.00,216.00,990.00,216.00,990.00,316.00,847.00,316.00
851.00,214.00,990.00,214.00,990.00,315.00,851.00,315.00
850.00,217.00,996.00,217.00,996.00,309.00,850.00,309.00
849.00,218.00,996.00,218.00,996.00,311.00,849.00,311.00
852.00,212.00,996.00,212.00,996.00,303.00,852.00,303.00
857.00,210.00,998.00,210.00,998.00,299.00,857.00,299.00
864.00,205.00,1006.00,205.00,1006.00,295.00,864.00,295.00
860.00,207.00,1001.00,207.00,1001.00,296.00,860.00,296.00
857.00,209.00,996.00,209.00,996.00,297.00,857.00,297.00
836.00,248.00,975.00,248.00,975.00,336.00,836.00,336.00
830.00,257.00,969.00,257.00,969.00,345.00,830.00,345.00
831.00,270.00,970.00,270.00,970.00,358.00,831.00,358.00
2
0
0
0
0
1
901.00,203.00,970.00,203.00,970.00,302.00,901.00,302.00
902.00,203.00,971.00,203.00,971.00,302.00,902.00,302.00
902.00,204.00,971.00,204.00,971.00,303.00,902.00,303.00
903.00,206.00,969.00,206.00,969.00,303.00,903.00,303.00
903.00,208.00,969.00,208.00,969.00,303.00,903.00,303.00
905.00,206.00,969.00,206.00,969.00,305.00,905.00,305.00
905.00,208.00,969.00,208.00,969.00,304.00,905.00,304.00
904.00,205.00,968.00,205.00,968.00,304.00,904.00,304.00
905.00,205.00,969.00,205.00,969.00,303.00,905.00,303.00
904.00,206.00,968.00,206.00,968.00,303.00,904.00,303.00
903.00,205.00,968.00,205.00,968.00,302.00,903.00,302.00
903.00,205.00,968.00,205.00,968.00,300.00,903.00,300.00
902.00,206.00,968.00,206.00,968.00,303.00,902.00,303.00
902.00,203.00,969.00,203.00,969.00,302.00,902.00,302.00
901.00,205.00,969.00,205.00,969.00,306.00,901.00,306.00
899.00,207.00,970.00,207.00,970.00,305.00,899.00,305.00
900.00,205.00,970.00,205.00,970.00,301.00,900.00,301.00
899.00,203.00,970.00,203.00,970.00,303.00,899.00,303.00
900.00,202.00,969.00,202.00,969.00,299.00,900.00,299.00
900.00,201.00,969.00,201.00,969.00,299.00,900.00,299.00
899.00,200.00,970.00,200.00,970.00,303.00,899.00,303.00
899.00,201.00,970.00,201.00,970.00,302.00,899.00,302.00
898.00,202.00,970.00,202.00,970.00,306.00,898.00,306.00
899.00,203.00,970.00,203.00,970.00,306.00,899.00,306.00
899.00,202.00,970.00,202.00,970.00,304.00,899.00,304.00
899.00,203.00,969.00,203.00,969.00,305.00,899.00,305.00
897.00,209.00,969.00,209.00,969.00,311.00,897.00,311.00
900.00,205.00,967.00,205.00,967.00,307.00,900.00,307.00
899.00,206.00,969.00,206.00,969.00,312.00,899.00,312.00
897.00,212.00,969.00,212.00,969.00,317.00,897.00,317.00
896.00,214.00,970.00,214.00,970.00,320.00,896.00,320.00
895.00,215.00,970.00,215.00,970.00,320.00,895.00,320.00
895.00,213.00,971.00,213.00,971.00,322.00,895.00,322.00
891.00,223.00,970.00,223.00,970.00,330.00,891.00,330.00
893.00,218.00,969.00,218.00,969.00,324.00,893.00,324.00
895.00,215.00,970.00,215.00,970.00,321.00,895.00,321.00
889.00,220.00,971.00,220.00,971.00,329.00,889.00,329.00
889.00,216.00,971.00,216.00,971.00,327.00,889.00,327.00
887.00,219.00,971.00,219.00,971.00,328.00,887.00,328.00
888.00,220.00,971.00,220.00,971.00,327.00,888.00,327.00
889.00,219.00,972.00,219.00,972.00,326.00,889.00,326.00
888.00,219.00,971.00,219.00,971.00,325.00,888.00,325.00
888.00,218.00,971.00,218.00,971.00,326.00,888.00,326.00
892.00,212.00,972.00,212.00,972.00,323.00,892.00,323.00
893.00,209.00,970.00,209.00,970.00,322.00,893.00,322.00
890.00,210.00,972.00,210.00,972.00,326.00,890.00,326.00
889.00,212.00,971.00,212.00,971.00,323.00,889.00,323.00
887.00,215.00,972.00,215.00,972.00,330.00,887.00,330.00
889.00,212.00,972.00,212.00,972.00,327.00,889.00,327.00
890.00,207.00,971.00,207.00,971.00,328.00,890.00,328.00
890.00,209.00,971.00,209.00,971.00,329.00,890.00,329.00
889.00,211.00,972.00,211.00,972.00,328.00,889.00,328.00
889.00,212.00,972.00,212.00,972.00,329.00,889.00,329.00
889.00,211.00,972.00,211.00,972.00,326.00,889.00,326.00
887.00,211.00,972.00,211.00,972.00,327.00,887.00,327.00
887.00,212.00,973.00,212.00,973.00,328.00,887.00,328.00
886.00,212.00,972.00,212.00,972.00,330.00,886.00,330.00
885.00,208.00,972.00,208.00,972.00,329.00,885.00,329.00
886.00,209.00,972.00,209.00,972.00,327.00,886.00,327.00
884.00,208.00,972.00,208.00,972.00,331.00,884.00,331.00
888.00,208.00,973.00,208.00,973.00,326.00,888.00,326.00
887.00,205.00,973.00,205.00,973.00,322.00,887.00,322.00
887.00,203.00,971.00,203.00,971.00,322.00,887.00,322.00
886.00,203.00,973.00,203.00,973.00,323.00,886.00,323.00
885.00,203.00,972.00,203.00,972.00,324.00,885.00,324.00
887.00,201.00,972.00,201.00,972.00,319.00,887.00,319.00
885.00,204.00,971.00,204.00,971.00,321.00,885.00,321.00
885.00,203.00,971.00,203.00,971.00,320.00,885.00,320.00
884.00,205.00,972.00,205.00,972.00,323.00,884.00,323.00
888.00,201.00,971.00,201.00,971.00,317.00,888.00,317.00
886.00,205.00,971.00,205.00,971.00,324.00,886.00,324.00
886.00,204.00,971.00,204.00,971.00,321.00,886.00,321.00
886.00,205.00,972.00,205.00,972.00,328.00,886.00,328.00
887.00,204.00,970.00,204.00,970.00,322.00,887.00,322.00
888.00,205.00,972.00,205.00,972.00,323.00,888.00,323.00
888.00,203.00,971.00,203.00,971.00,319.00,888.00,319.00
886.00,202.00,971.00,202.00,971.00,320.00,886.00,320.00
887.00,204.00,972.00,204.00,972.00,322.00,887.00,322.00
887.00,203.00,970.00,203.00,970.00,320.00,887.00,320.00
886.00,205.00,970.00,205.00,970.00,323.00,886.00,323.00
887.00,204.00,970.00,204.00,970.00,321.00,887.00,321.00
883.00,208.00,971.00,208.00,971.00,328.00,883.00,328.00
888.00,201.00,970.00,201.00,970.00,318.00,888.00,318.00
889.00,203.00,969.00,203.00,969.00,316.00,889.00,316.00
889.00,205.00,970.00,205.00,970.00,318.00,889.00,318.00
889.00,200.00,969.00,200.00,969.00,312.00,889.00,312.00
891.00,202.00,969.00,202.00,969.00,313.00,891.00,313.00
892.00,205.00,970.00,205.00,970.00,316.00,892.00,316.00
889.00,199.00,970.00,199.00,970.00,313.00,889.00,313.00
891.00,199.00,970.00,199.00,970.00,311.00,891.00,311.00
890.00,201.00,970.00,201.00,970.00,314.00,890.00,314.00
889.00,200.00,971.00,200.00,971.00,315.00,889.00,315.00
889.00,200.00,970.00,200.00,970.00,312.00,889.00,312.00
890.00,198.00,970.00,198.00,970.00,308.00,890.00,308.00
891.00,199.00,969.00,199.00,969.00,307.00,891.00,307.00
891.00,200.00,969.00,200.00,969.00,310.00,891.00,310.00
891.00,198.00,970.00,198.00,970.00,305.00,891.00,305.00
890.00,198.00,969.00,198.00,969.00,307.00,890.00,307.00
888.00,196.00,970.00,196.00,970.00,304.00,888.00,304.00
886.00,196.00,970.00,196.00,970.00,304.00,886.00,304.00
873.00,195.00,958.00,195.00,958.00,305.00,873.00,305.00
890.00,197.00,971.00,197.00,971.00,306.00,890.00,306.00
888.00,199.00,971.00,199.00,971.00,306.00,888.00,306.00
887.00,200.00,971.00,200.00,971.00,309.00,887.00,309.00
888.00,198.00,971.00,198.00,971.00,305.00,888.00,305.00
889.00,197.00,972.00,197.00,972.00,306.00,889.00,306.00
890.00,198.00,973.00,198.00,973.00,307.00,890.00,307.00
890.00,199.00,973.00,199.00,973.00,309.00,890.00,309.00
891.00,200.00,972.00,200.00,972.00,307.00,891.00,307.00
890.00,200.00,972.00,200.00,972.00,306.00,890.00,306.00
890.00,199.00,973.00,199.00,973.00,307.00,890.00,307.00
891.00,199.00,972.00,199.00,972.00,307.00,891.00,307.00
893.00,199.00,972.00,199.00,972.00,309.00,893.00,309.00
891.00,201.00,971.00,201.00,971.00,309.00,891.00,309.00
891.00,200.00,971.00,200.00,971.00,308.00,891.00,308.00
885.00,207.00,970.00,207.00,970.00,314.00,885.00,314.00
886.00,205.00,969.00,205.00,969.00,312.00,886.00,312.00
886.00,205.00,967.00,205.00,967.00,313.00,886.00,313.00
891.00,202.00,970.00,202.00,970.00,310.00,891.00,310.00
881.00,215.00,969.00,215.00,969.00,323.00,881.00,323.00
881.00,225.00,968.00,225.00,968.00,336.00,881.00,336.00
877.00,226.00,967.00,226.00,967.00,341.00,877.00,341.00
880.00,223.00,969.00,223.00,969.00,338.00,880.00,338.00
881.00,205.00,971.00,205.00,971.00,320.00,881.00,320.00
881.00,208.00,973.00,208.00,973.00,320.00,881.00,320.00
879.00,209.00,972.00,209.00,972.00,322.00,879.00,322.00
876.00,211.00,974.00,211.00,974.00,322.00,876.00,322.00
874.00,211.00,975.00,211.00,975.00,326.00,874.00,326.00
862.00,215.00,963.00,215.00,963.00,327.00,862.00,327.00
840.00,223.00,941.00,223.00,941.00,339.00,840.00,339.00
840.00,224.00,943.00,224.00,943.00,343.00,840.00,343.00
844.00,220.00,951.00,220.00,951.00,336.00,844.00,336.00
850.00,219.00,960.00,219.00,960.00,336.00,850.00,336.00
869.00,220.00,974.00,220.00,974.00,341.00,869.00,341.00
870.00,223.00,973.00,223.00,973.00,344.00,870.00,344.00
868.00,220.00,973.00,220.00,973.00,341.00,868.00,341.00
863.00,223.00,974.00,223.00,974.00,347.00,863.00,347.00
863.00,224.00,971.00,224.00,971.00,347.00,863.00,347.00
861.00,224.00,973.00,224.00,973.00,348.00,861.00,348.00
858.00,220.00,974.00,220.00,974.00,347.00,858.00,347.00
853.00,216.00,974.00,216.00,974.00,345.00,853.00,345.00
854.00,216.00,972.00,216.00,972.00,346.00,854.00,346.00
855.00,217.00,972.00,217.00,972.00,350.00,855.00,350.00
862.00,230.00,962.00,230.00,962.00,370.00,862.00,370.00
855.00,225.00,954.00,225.00,954.00,364.00,855.00,364.00
796.00,222.00,895.00,222.00,895.00,361.00,796.00,361.00
769.00,221.00,884.00,221.00,884.00,345.00,769.00,345.00
775.00,218.00,894.00,218.00,894.00,346.00,775.00,346.00
768.00,219.00,887.00,219.00,887.00,343.00,768.00,343.00
772.00,218.00,890.00,218.00,890.00,349.00,772.00,349.00
773.00,217.00,894.00,217.00,894.00,344.00,773.00,344.00
811.00,219.00,912.00,219.00,912.00,362.00,811.00,362.00
864.00,232.00,967.00,232.00,967.00,377.00,864.00,377.00
855.00,223.00,973.00,223.00,973.00,364.00,855.00,364.00
852.00,221.00,975.00,221.00,975.00,363.00,852.00,363.00
849.00,227.00,974.00,227.00,974.00,364.00,849.00,364.00
863.00,236.00,966.00,236.00,966.00,381.00,863.00,381.00
866.00,228.00,970.00,228.00,970.00,374.00,866.00,374.00
863.00,233.00,968.00,233.00,968.00,380.00,863.00,380.00
861.00,232.00,966.00,232.00,966.00,379.00,861.00,379.00
852.00,232.00,957.00,232.00,957.00,380.00,852.00,380.00
861.00,229.00,966.00,229.00,966.00,377.00,861.00,377.00
863.00,211.00,968.00,211.00,968.00,359.00,863.00,359.00
861.00,227.00,965.00,227.00,965.00,373.00,861.00,373.00
858.00,234.00,962.00,234.00,962.00,379.00,858.00,379.00
863.00,258.00,967.00,258.00,967.00,403.00,863.00,403.00
844.00,292.00,948.00,292.00,948.00,437.00,844.00,437.00
851.00,287.00,954.00,287.00,954.00,430.00,851.00,430.00
2
0
0
0
0
1
724.18,234.22,886.65,250.47,880.11,315.91,717.63,299.66
725.69,225.54,882.23,256.85,869.12,322.42,712.58,291.12
704.00,237.00,866.00,237.00,866.00,305.00,704.00,305.00
715.00,243.00,875.00,243.00,875.00,310.00,715.00,310.00
701.00,239.00,862.00,239.00,862.00,306.00,701.00,306.00
741.00,254.00,903.00,254.00,903.00,321.00,741.00,321.00
2
0
0
0
0
1
424.00,201.00,640.00,201.00,640.00,313.00,424.00,313.00
405.00,202.00,635.00,202.00,635.00,312.00,405.00,312.00
398.00,201.00,633.00,201.00,633.00,311.00,398.00,311.00
395.00,200.00,629.00,200.00,629.00,309.00,395.00,309.00
392.00,200.00,625.00,200.00,625.00,309.00,392.00,309.00
392.00,199.00,624.00,199.00,624.00,308.00,392.00,308.00
388.00,198.00,610.00,198.00,610.00,309.00,388.00,309.00
390.00,197.00,604.00,197.00,604.00,309.00,390.00,309.00
384.00,198.00,599.00,198.00,599.00,307.00,384.00,307.00
386.00,198.00,615.00,198.00,615.00,309.00,386.00,309.00
386.00,197.00,616.00,197.00,616.00,311.00,386.00,311.00
385.00,198.00,615.00,198.00,615.00,311.00,385.00,311.00
386.00,194.00,623.00,194.00,623.00,313.00,386.00,313.00
386.00,197.00,617.00,197.00,617.00,312.00,386.00,312.00
382.00,197.00,617.00,197.00,617.00,312.00,382.00,312.00
380.00,199.00,612.00,199.00,612.00,312.00,380.00,312.00
371.00,203.00,614.00,203.00,614.00,309.00,371.00,309.00
367.00,205.00,605.00,205.00,605.00,309.00,367.00,309.00
368.00,206.00,608.00,206.00,608.00,313.00,368.00,313.00
364.00,205.00,603.00,205.00,603.00,312.00,364.00,312.00
360.00,205.00,602.00,205.00,602.00,312.00,360.00,312.00
361.00,203.00,608.00,203.00,608.00,313.00,361.00,313.00
356.00,204.00,594.00,204.00,594.00,313.00,356.00,313.00
354.00,205.00,587.00,205.00,587.00,313.00,354.00,313.00
353.00,201.00,591.00,201.00,591.00,312.00,353.00,312.00
352.00,199.00,595.00,199.00,595.00,316.00,352.00,316.00
351.00,195.00,600.00,195.00,600.00,316.00,351.00,316.00
350.00,196.00,592.00,196.00,592.00,315.00,350.00,315.00
350.00,194.00,595.00,194.00,595.00,319.00,350.00,319.00
351.00,194.00,600.00,194.00,600.00,316.00,351.00,316.00
353.00,195.00,592.00,195.00,592.00,317.00,353.00,317.00
356.00,195.00,591.00,195.00,591.00,316.00,356.00,316.00
358.00,197.00,577.00,197.00,577.00,315.00,358.00,315.00
360.00,199.00,586.00,199.00,586.00,319.00,360.00,319.00
358.00,199.00,576.00,199.00,576.00,316.00,358.00,316.00
358.00,198.00,583.00,198.00,583.00,319.00,358.00,319.00
359.00,199.00,588.00,199.00,588.00,323.00,359.00,323.00
363.00,200.00,586.00,200.00,586.00,322.00,363.00,322.00
367.00,201.00,597.00,201.00,597.00,329.00,367.00,329.00
364.00,199.00,585.00,199.00,585.00,321.00,364.00,321.00
363.00,204.00,574.00,204.00,574.00,324.00,363.00,324.00
370.00,204.00,591.00,204.00,591.00,326.00,370.00,326.00
363.00,206.00,575.00,206.00,575.00,322.00,363.00,322.00
362.00,206.00,572.00,206.00,572.00,322.00,362.00,322.00
364.00,208.00,581.00,208.00,581.00,329.00,364.00,329.00
364.00,211.00,562.00,211.00,562.00,326.00,364.00,326.00
367.00,213.00,560.00,213.00,560.00,330.00,367.00,330.00
367.00,209.00,566.00,209.00,566.00,328.00,367.00,328.00
366.00,217.00,543.00,217.00,543.00,330.00,366.00,330.00
365.00,220.00,540.00,220.00,540.00,333.00,365.00,333.00
363.00,222.00,541.00,222.00,541.00,337.00,363.00,337.00
361.00,218.00,545.00,218.00,545.00,335.00,361.00,335.00
357.00,219.00,536.00,219.00,536.00,331.00,357.00,331.00
358.00,217.00,543.00,217.00,543.00,330.00,358.00,330.00
355.00,218.00,541.00,218.00,541.00,329.00,355.00,329.00
356.00,216.00,546.00,216.00,546.00,330.00,356.00,330.00
354.00,219.00,536.00,219.00,536.00,328.00,354.00,328.00
353.00,220.00,534.00,220.00,534.00,327.00,353.00,327.00
355.00,219.00,543.00,219.00,543.00,333.00,355.00,333.00
352.00,223.00,528.00,223.00,528.00,330.00,352.00,330.00
349.00,226.00,525.00,226.00,525.00,331.00,349.00,331.00
352.00,220.00,531.00,220.00,531.00,327.00,352.00,327.00
351.00,223.00,530.00,223.00,530.00,328.00,351.00,328.00
352.00,224.00,526.00,224.00,526.00,327.00,352.00,327.00
350.00,222.00,525.00,222.00,525.00,326.00,350.00,326.00
349.00,224.00,519.00,224.00,519.00,326.00,349.00,326.00
348.00,222.00,515.00,222.00,515.00,324.00,348.00,324.00
346.00,223.00,511.00,223.00,511.00,323.00,346.00,323.00
352.00,221.00,514.00,221.00,514.00,320.00,352.00,320.00
348.00,223.00,508.00,223.00,508.00,321.00,348.00,321.00
350.00,221.00,514.00,221.00,514.00,322.00,350.00,322.00
350.00,225.00,506.00,225.00,506.00,325.00,350.00,325.00
349.00,222.00,507.00,222.00,507.00,323.00,349.00,323.00
350.00,219.00,520.00,219.00,520.00,319.00,350.00,319.00
347.00,223.00,511.00,223.00,511.00,322.00,347.00,322.00
349.00,221.00,514.00,221.00,514.00,321.00,349.00,321.00
343.00,224.00,516.00,224.00,516.00,326.00,343.00,326.00
346.00,220.00,524.00,220.00,524.00,324.00,346.00,324.00
344.00,223.00,526.00,223.00,526.00,325.00,344.00,325.00
339.00,221.00,524.00,221.00,524.00,326.00,339.00,326.00
338.00,220.00,527.00,220.00,527.00,326.00,338.00,326.00
338.00,216.00,531.00,216.00,531.00,326.00,338.00,326.00
332.00,219.00,523.00,219.00,523.00,326.00,332.00,326.00
339.00,212.00,535.00,212.00,535.00,323.00,339.00,323.00
333.00,216.00,529.00,216.00,529.00,326.00,333.00,326.00
335.00,219.00,531.00,219.00,531.00,328.00,335.00,328.00
332.00,216.00,527.00,216.00,527.00,324.00,332.00,324.00
327.00,220.00,516.00,220.00,516.00,324.00,327.00,324.00
336.00,215.00,528.00,215.00,528.00,324.00,336.00,324.00
326.00,219.00,517.00,219.00,517.00,323.00,326.00,323.00
325.00,219.00,520.00,219.00,520.00,323.00,325.00,323.00
314.00,219.00,516.00,219.00,516.00,322.00,314.00,322.00
317.00,216.00,523.00,216.00,523.00,321.00,317.00,321.00
317.00,217.00,519.00,217.00,519.00,322.00,317.00,322.00
312.00,217.00,514.00,217.00,514.00,321.00,312.00,321.00
320.00,212.00,529.00,212.00,529.00,321.00,320.00,321.00
308.00,209.00,512.00,209.00,512.00,316.00,308.00,316.00
309.00,212.00,513.00,212.00,513.00,319.00,309.00,319.00
314.00,208.00,518.00,208.00,518.00,317.00,314.00,317.00
313.00,211.00,521.00,211.00,521.00,319.00,313.00,319.00
301.00,212.00,509.00,212.00,509.00,320.00,301.00,320.00
311.00,209.00,526.00,209.00,526.00,321.00,311.00,321.00
302.00,211.00,517.00,211.00,517.00,323.00,302.00,323.00
308.00,208.00,524.00,208.00,524.00,320.00,308.00,320.00
297.00,208.00,510.00,208.00,510.00,321.00,297.00,321.00
301.00,209.00,513.00,209.00,513.00,320.00,301.00,320.00
303.00,207.00,521.00,207.00,521.00,317.00,303.00,317.00
297.00,204.00,515.00,204.00,515.00,315.00,297.00,315.00
295.00,207.00,510.00,207.00,510.00,317.00,295.00,317.00
294.00,205.00,510.00,205.00,510.00,315.00,294.00,315.00
292.00,203.00,515.00,203.00,515.00,316.00,292.00,316.00
287.00,207.00,511.00,207.00,511.00,319.00,287.00,319.00
275.00,217.00,497.00,217.00,497.00,326.00,275.00,326.00
268.00,218.00,488.00,218.00,488.00,327.00,268.00,327.00
262.00,217.00,479.00,217.00,479.00,325.00,262.00,325.00
252.00,223.00,471.00,223.00,471.00,328.00,252.00,328.00
246.00,223.00,466.00,223.00,466.00,330.00,246.00,330.00
260.00,217.00,484.00,217.00,484.00,328.00,260.00,328.00
257.00,215.00,475.00,215.00,475.00,326.00,257.00,326.00
256.00,217.00,476.00,217.00,476.00,326.00,256.00,326.00
255.00,218.00,473.00,218.00,473.00,327.00,255.00,327.00
246.00,220.00,460.00,220.00,460.00,328.00,246.00,328.00
246.00,216.00,466.00,216.00,466.00,326.00,246.00,326.00
248.00,214.00,467.00,214.00,467.00,324.00,248.00,324.00
243.00,216.00,460.00,216.00,460.00,323.00,243.00,323.00
247.00,216.00,465.00,216.00,465.00,324.00,247.00,324.00
238.00,213.00,455.00,213.00,455.00,320.00,238.00,320.00
236.00,215.00,451.00,215.00,451.00,323.00,236.00,323.00
245.00,210.00,467.00,210.00,467.00,319.00,245.00,319.00
239.00,212.00,454.00,212.00,454.00,320.00,239.00,320.00
240.00,210.00,462.00,210.00,462.00,321.00,240.00,321.00
238.00,210.00,453.00,210.00,453.00,317.00,238.00,317.00
241.00,210.00,456.00,210.00,456.00,317.00,241.00,317.00
237.00,208.00,445.00,208.00,445.00,312.00,237.00,312.00
245.00,209.00,454.00,209.00,454.00,311.00,245.00,311.00
241.00,208.00,445.00,208.00,445.00,310.00,241.00,310.00
236.00,211.00,437.00,211.00,437.00,314.00,236.00,314.00
243.00,211.00,445.00,211.00,445.00,316.00,243.00,316.00
226.00,213.00,427.00,213.00,427.00,318.00,226.00,318.00
239.00,211.00,443.00,211.00,443.00,316.00,239.00,316.00
241.00,209.00,450.00,209.00,450.00,315.00,241.00,315.00
235.00,213.00,438.00,213.00,438.00,319.00,235.00,319.00
225.00,218.00,423.00,218.00,423.00,325.00,225.00,325.00
224.00,216.00,417.00,216.00,417.00,321.00,224.00,321.00
220.00,216.00,409.00,216.00,409.00,321.00,220.00,321.00
223.00,218.00,412.00,218.00,412.00,322.00,223.00,322.00
215.00,217.00,403.00,217.00,403.00,325.00,215.00,325.00
179.00,222.00,367.00,222.00,367.00,330.00,179.00,330.00
214.00,219.00,404.00,219.00,404.00,331.00,214.00,331.00
204.00,218.00,397.00,218.00,397.00,332.00,204.00,332.00
207.00,214.00,399.00,214.00,399.00,329.00,207.00,329.00
208.00,215.00,399.00,215.00,399.00,329.00,208.00,329.00
206.00,213.00,395.00,213.00,395.00,325.00,206.00,325.00
210.00,212.00,399.00,212.00,399.00,323.00,210.00,323.00
212.00,212.00,398.00,212.00,398.00,321.00,212.00,321.00
210.00,212.00,391.00,212.00,391.00,320.00,210.00,320.00
208.00,212.00,391.00,212.00,391.00,320.00,208.00,320.00
164.00,226.00,349.00,226.00,349.00,331.00,164.00,331.00
116.00,242.00,309.00,242.00,309.00,341.00,116.00,341.00
171.00,226.00,362.00,226.00,362.00,334.00,171.00,334.00
129.00,239.00,326.00,239.00,326.00,342.00,129.00,342.00
100.00,244.00,301.00,244.00,301.00,345.00,100.00,345.00
91.00,243.00,287.00,243.00,287.00,343.00,91.00,343.00
95.00,248.00,296.00,248.00,296.00,348.00,95.00,348.00
94.00,248.00,295.00,248.00,295.00,348.00,94.00,348.00
82.00,247.00,277.00,247.00,277.00,345.00,82.00,345.00
102.00,248.00,297.00,248.00,297.00,346.00,102.00,346.00
90.00,249.00,288.00,249.00,288.00,349.00,90.00,349.00
90.00,249.00,288.00,249.00,288.00,348.00,90.00,348.00
95.00,244.00,295.00,244.00,295.00,345.00,95.00,345.00
88.00,246.00,292.00,246.00,292.00,348.00,88.00,348.00
87.00,246.00,290.00,246.00,290.00,347.00,87.00,347.00
85.00,248.00,290.00,248.00,290.00,353.00,85.00,353.00
83.00,245.00,290.00,245.00,290.00,349.00,83.00,349.00
90.00,243.00,299.00,243.00,299.00,348.00,90.00,348.00
85.00,243.00,293.00,243.00,293.00,348.00,85.00,348.00
71.00,241.00,279.00,241.00,279.00,345.00,71.00,345.00
87.00,241.00,296.00,241.00,296.00,347.00,87.00,347.00
75.00,238.00,288.00,238.00,288.00,344.00,75.00,344.00
77.00,234.00,287.00,234.00,287.00,342.00,77.00,342.00
89.00,233.00,296.00,233.00,296.00,341.00,89.00,341.00
83.00,235.00,293.00,235.00,293.00,343.00,83.00,343.00
101.00,234.00,304.00,234.00,304.00,341.00,101.00,341.00
92.00,234.00,298.00,234.00,298.00,342.00,92.00,342.00
89.00,230.00,303.00,230.00,303.00,341.00,89.00,341.00
89.00,232.00,302.00,232.00,302.00,342.00,89.00,342.00
94.00,233.00,302.00,233.00,302.00,341.00,94.00,341.00
83.00,234.00,294.00,234.00,294.00,342.00,83.00,342.00
82.00,234.00,298.00,234.00,298.00,341.00,82.00,341.00
79.00,234.00,296.00,234.00,296.00,342.00,79.00,342.00
81.00,233.00,301.00,233.00,301.00,341.00,81.00,341.00
71.00,234.00,288.00,234.00,288.00,338.00,71.00,338.00
69.00,235.00,287.00,235.00,287.00,341.00,69.00,341.00
73.00,232.00,291.00,232.00,291.00,341.00,73.00,341.00
77.00,237.00,292.00,237.00,292.00,343.00,77.00,343.00
69.00,234.00,286.00,234.00,286.00,342.00,69.00,342.00
64.00,235.00,282.00,235.00,282.00,343.00,64.00,343.00
59.00,236.00,278.00,236.00,278.00,346.00,59.00,346.00
55.00,238.00,273.00,238.00,273.00,349.00,55.00,349.00
51.00,234.00,268.00,234.00,268.00,346.00,51.00,346.00
57.00,236.00,275.00,236.00,275.00,348.00,57.00,348.00
56.00,234.00,275.00,234.00,275.00,347.00,56.00,347.00
57.00,231.00,282.00,231.00,282.00,346.00,57.00,346.00
52.00,229.00,278.00,229.00,278.00,346.00,52.00,346.00
53.00,234.00,279.00,234.00,279.00,351.00,53.00,351.00
55.00,225.00,284.00,225.00,284.00,347.00,55.00,347.00
50.00,228.00,272.00,228.00,272.00,349.00,50.00,349.00
56.00,226.00,273.00,226.00,273.00,349.00,56.00,349.00
55.00,229.00,268.00,229.00,268.00,350.00,55.00,350.00
62.00,232.00,274.00,232.00,274.00,353.00,62.00,353.00
58.00,233.00,264.00,233.00,264.00,354.00,58.00,354.00
54.00,231.00,262.00,231.00,262.00,352.00,54.00,352.00
55.00,230.00,270.00,230.00,270.00,352.00,55.00,352.00
56.00,232.00,272.00,232.00,272.00,354.00,56.00,354.00
53.00,230.00,267.00,230.00,267.00,351.00,53.00,351.00
47.00,229.00,259.00,229.00,259.00,350.00,47.00,350.00
46.00,232.00,262.00,232.00,262.00,353.00,46.00,353.00
48.00,230.00,267.00,230.00,267.00,352.00,48.00,352.00
44.00,229.00,261.00,229.00,261.00,352.00,44.00,352.00
38.00,230.00,254.00,230.00,254.00,352.00,38.00,352.00
39.00,234.00,253.00,234.00,253.00,356.00,39.00,356.00
38.00,233.00,251.00,233.00,251.00,354.00,38.00,354.00
19.00,233.00,239.00,233.00,239.00,355.00,19.00,355.00
12.00,231.00,241.00,231.00,241.00,357.00,12.00,357.00
13.00,229.00,242.00,229.00,242.00,355.00,13.00,355.00
7.00,230.00,236.00,230.00,236.00,357.00,7.00,357.00
11.00,225.00,242.00,225.00,242.00,352.00,11.00,352.00
9.00,226.00,241.00,226.00,241.00,355.00,9.00,355.00
4.00,226.00,240.00,226.00,240.00,357.00,4.00,357.00
4.00,224.00,241.00,224.00,241.00,356.00,4.00,356.00
1.00,223.00,240.00,223.00,240.00,356.00,1.00,356.00
6.00,225.00,245.00,225.00,245.00,358.00,6.00,358.00
-0.00,224.00,236.00,224.00,236.00,357.00,-0.00,357.00
-1.00,226.00,238.00,226.00,238.00,359.00,-1.00,359.00
-5.00,224.00,235.00,224.00,235.00,359.00,-5.00,359.00
-11.00,224.00,227.00,224.00,227.00,358.00,-11.00,358.00
-7.00,224.00,238.00,224.00,238.00,360.00,-7.00,360.00
-12.00,216.00,232.00,216.00,232.00,352.00,-12.00,352.00
-9.00,211.00,238.00,211.00,238.00,351.00,-9.00,351.00
-0.00,212.00,243.00,212.00,243.00,350.00,-0.00,350.00
-1.00,209.00,240.00,209.00,240.00,347.00,-1.00,347.00
-6.00,209.00,228.00,209.00,228.00,347.00,-6.00,347.00
-11.00,207.00,228.00,207.00,228.00,349.00,-11.00,349.00
-2.00,207.00,240.00,207.00,240.00,348.00,-2.00,348.00
-1.00,208.00,237.00,208.00,237.00,349.00,-1.00,349.00
-3.00,207.00,228.00,207.00,228.00,346.00,-3.00,346.00
-3.00,209.00,223.00,209.00,223.00,346.00,-3.00,346.00
-1.00,213.00,231.00,213.00,231.00,348.00,-1.00,348.00
-6.00,209.00,226.00,209.00,226.00,346.00,-6.00,346.00
-7.00,214.00,222.00,214.00,222.00,349.00,-7.00,349.00
-1.00,211.00,222.00,211.00,222.00,345.00,-1.00,345.00
7.00,215.00,228.00,215.00,228.00,346.00,7.00,346.00
7.00,223.00,222.00,223.00,222.00,350.00,7.00,350.00
9.00,219.00,226.00,219.00,226.00,347.00,9.00,347.00
3.00,212.00,220.00,212.00,220.00,342.00,3.00,342.00
1.00,216.00,221.00,216.00,221.00,346.00,1.00,346.00
8.00,218.00,229.00,218.00,229.00,346.00,8.00,346.00
7.00,219.00,225.00,219.00,225.00,345.00,7.00,345.00
11.00,212.00,229.00,212.00,229.00,339.00,11.00,339.00
4.00,219.00,220.00,219.00,220.00,345.00,4.00,345.00
4.00,220.00,221.00,220.00,221.00,346.00,4.00,346.00
10.00,218.00,228.00,218.00,228.00,344.00,10.00,344.00
8.00,219.00,227.00,219.00,227.00,345.00,8.00,345.00
10.00,218.00,226.00,218.00,226.00,344.00,10.00,344.00
11.00,213.00,233.00,213.00,233.00,344.00,11.00,344.00
7.00,218.00,216.00,218.00,216.00,344.00,7.00,344.00
9.00,220.00,214.00,220.00,214.00,344.00,9.00,344.00
13.00,219.00,218.00,219.00,218.00,343.00,13.00,343.00
21.00,218.00,228.00,218.00,228.00,343.00,21.00,343.00
17.00,217.00,223.00,217.00,223.00,340.00,17.00,340.00
15.00,213.00,217.00,213.00,217.00,335.00,15.00,335.00
17.00,217.00,211.00,217.00,211.00,335.00,17.00,335.00
22.00,224.00,215.00,224.00,215.00,340.00,22.00,340.00
18.00,220.00,210.00,220.00,210.00,338.00,18.00,338.00
21.00,221.00,214.00,221.00,214.00,338.00,21.00,338.00
15.00,222.00,203.00,222.00,203.00,338.00,15.00,338.00
16.00,220.00,207.00,220.00,207.00,337.00,16.00,337.00
19.00,224.00,202.00,224.00,202.00,338.00,19.00,338.00
23.00,220.00,209.00,220.00,209.00,335.00,23.00,335.00
22.00,220.00,208.00,220.00,208.00,335.00,22.00,335.00
24.00,221.00,208.00,221.00,208.00,335.00,24.00,335.00
23.00,220.00,212.00,220.00,212.00,336.00,23.00,336.00
21.00,220.00,208.00,220.00,208.00,336.00,21.00,336.00
26.00,219.00,212.00,219.00,212.00,334.00,26.00,334.00
23.00,222.00,211.00,222.00,211.00,339.00,23.00,339.00
16.00,218.00,205.00,218.00,205.00,335.00,16.00,335.00
16.00,222.00,205.00,222.00,205.00,339.00,16.00,339.00
16.00,216.00,209.00,216.00,209.00,337.00,16.00,337.00
18.00,221.00,205.00,221.00,205.00,339.00,18.00,339.00
17.00,222.00,201.00,222.00,201.00,339.00,17.00,339.00
18.00,216.00,204.00,216.00,204.00,334.00,18.00,334.00
20.00,222.00,199.00,222.00,199.00,337.00,20.00,337.00
24.00,222.00,213.00,222.00,213.00,341.00,24.00,341.00
20.00,220.00,201.00,220.00,201.00,337.00,20.00,337.00
24.00,217.00,205.00,217.00,205.00,333.00,24.00,333.00
35.00,225.00,210.00,225.00,210.00,336.00,35.00,336.00
29.00,222.00,201.00,222.00,201.00,332.00,29.00,332.00
32.00,224.00,199.00,224.00,199.00,332.00,32.00,332.00
39.00,226.00,205.00,226.00,205.00,332.00,39.00,332.00
37.00,225.00,196.00,225.00,196.00,330.00,37.00,330.00
38.00,223.00,205.00,223.00,205.00,331.00,38.00,331.00
41.00,227.00,206.00,227.00,206.00,333.00,41.00,333.00
39.00,224.00,206.00,224.00,206.00,332.00,39.00,332.00
36.00,223.00,203.00,223.00,203.00,332.00,36.00,332.00
34.00,219.00,204.00,219.00,204.00,330.00,34.00,330.00
36.00,222.00,206.00,222.00,206.00,332.00,36.00,332.00
36.00,227.00,201.00,227.00,201.00,334.00,36.00,334.00
31.00,226.00,196.00,226.00,196.00,333.00,31.00,333.00
32.00,226.00,198.00,226.00,198.00,333.00,32.00,333.00
36.00,228.00,201.00,228.00,201.00,336.00,36.00,336.00
38.00,226.00,202.00,226.00,202.00,334.00,38.00,334.00
38.00,228.00,204.00,228.00,204.00,336.00,38.00,336.00
36.00,234.00,200.00,234.00,200.00,340.00,36.00,340.00
34.00,226.00,197.00,226.00,197.00,334.00,34.00,334.00
36.00,231.00,196.00,231.00,196.00,336.00,36.00,336.00
38.00,227.00,200.00,227.00,200.00,335.00,38.00,335.00
39.00,226.00,206.00,226.00,206.00,334.00,39.00,334.00
43.00,229.00,205.00,229.00,205.00,336.00,43.00,336.00
49.00,228.00,211.00,228.00,211.00,335.00,49.00,335.00
42.00,235.00,198.00,235.00,198.00,337.00,42.00,337.00
38.00,229.00,195.00,229.00,195.00,334.00,38.00,334.00
43.00,227.00,193.00,227.00,193.00,331.00,43.00,331.00
40.00,229.00,187.00,229.00,187.00,330.00,40.00,330.00
38.00,232.00,179.00,232.00,179.00,329.00,38.00,329.00
42.00,231.00,184.00,231.00,184.00,329.00,42.00,329.00
41.00,231.00,181.00,231.00,181.00,328.00,41.00,328.00
48.00,227.00,193.00,227.00,193.00,327.00,48.00,327.00
45.00,229.00,190.00,229.00,190.00,329.00,45.00,329.00
46.00,232.00,188.00,232.00,188.00,329.00,46.00,329.00
49.00,228.00,193.00,228.00,193.00,327.00,49.00,327.00
46.00,228.00,196.00,228.00,196.00,327.00,46.00,327.00
54.00,227.00,213.00,227.00,213.00,327.00,54.00,327.00
54.00,230.00,209.00,230.00,209.00,328.00,54.00,328.00
51.00,225.00,209.00,225.00,209.00,325.00,51.00,325.00
53.00,223.00,214.00,223.00,214.00,325.00,53.00,325.00
54.00,220.00,213.00,220.00,213.00,324.00,54.00,324.00
54.00,218.00,207.00,218.00,207.00,320.00,54.00,320.00
54.00,220.00,205.00,220.00,205.00,321.00,54.00,321.00
55.00,222.00,213.00,222.00,213.00,324.00,55.00,324.00
57.00,219.00,213.00,219.00,213.00,321.00,57.00,321.00
57.00,223.00,217.00,223.00,217.00,326.00,57.00,326.00
54.00,225.00,215.00,225.00,215.00,329.00,54.00,329.00
53.00,226.00,212.00,226.00,212.00,330.00,53.00,330.00
58.00,227.00,224.00,227.00,224.00,331.00,58.00,331.00
52.00,226.00,209.00,226.00,209.00,330.00,52.00,330.00
48.00,231.00,212.00,231.00,212.00,334.00,48.00,334.00
57.00,227.00,223.00,227.00,223.00,332.00,57.00,332.00
59.00,227.00,224.00,227.00,224.00,331.00,59.00,331.00
61.00,230.00,230.00,230.00,230.00,332.00,61.00,332.00
60.00,228.00,226.00,228.00,226.00,330.00,60.00,330.00
60.00,230.00,224.00,230.00,224.00,331.00,60.00,331.00
70.00,233.00,237.00,233.00,237.00,333.00,70.00,333.00
63.00,232.00,227.00,232.00,227.00,332.00,63.00,332.00
70.00,228.00,237.00,228.00,237.00,332.00,70.00,332.00
67.00,232.00,228.00,232.00,228.00,333.00,67.00,333.00
68.00,235.00,233.00,235.00,233.00,335.00,68.00,335.00
67.00,235.00,238.00,235.00,238.00,336.00,67.00,336.00
71.00,235.00,239.00,235.00,239.00,336.00,71.00,336.00
71.00,235.00,237.00,235.00,237.00,336.00,71.00,336.00
74.00,232.00,237.00,232.00,237.00,333.00,74.00,333.00
75.00,235.00,245.00,235.00,245.00,337.00,75.00,337.00
81.00,230.00,251.00,230.00,251.00,335.00,81.00,335.00
76.00,235.00,252.00,235.00,252.00,338.00,76.00,338.00
71.00,235.00,247.00,235.00,247.00,339.00,71.00,339.00
69.00,237.00,245.00,237.00,245.00,340.00,69.00,340.00
70.00,238.00,248.00,238.00,248.00,341.00,70.00,341.00
72.00,235.00,247.00,235.00,247.00,340.00,72.00,340.00
67.00,234.00,244.00,234.00,244.00,339.00,67.00,339.00
65.00,234.00,243.00,234.00,243.00,339.00,65.00,339.00
70.00,237.00,250.00,237.00,250.00,341.00,70.00,341.00
68.00,238.00,246.00,238.00,246.00,343.00,68.00,343.00
62.00,237.00,242.00,237.00,242.00,343.00,62.00,343.00
61.00,237.00,244.00,237.00,244.00,343.00,61.00,343.00
65.00,239.00,249.00,239.00,249.00,345.00,65.00,345.00
76.00,240.00,268.00,240.00,268.00,350.00,76.00,350.00
59.00,234.00,244.00,234.00,244.00,342.00,59.00,342.00
60.00,234.00,246.00,234.00,246.00,342.00,60.00,342.00
67.00,235.00,255.00,235.00,255.00,345.00,67.00,345.00
67.00,239.00,250.00,239.00,250.00,345.00,67.00,345.00
68.00,237.00,256.00,237.00,256.00,347.00,68.00,347.00
63.00,234.00,253.00,234.00,253.00,347.00,63.00,347.00
75.00,239.00,270.00,239.00,270.00,352.00,75.00,352.00
76.00,238.00,268.00,238.00,268.00,349.00,76.00,349.00
72.00,241.00,261.00,241.00,261.00,349.00,72.00,349.00
73.00,241.00,263.00,241.00,263.00,350.00,73.00,350.00
69.00,239.00,264.00,239.00,264.00,348.00,69.00,348.00
76.00,242.00,269.00,242.00,269.00,349.00,76.00,349.00
69.00,236.00,260.00,236.00,260.00,344.00,69.00,344.00
69.00,236.00,260.00,236.00,260.00,343.00,69.00,343.00
70.00,237.00,264.00,237.00,264.00,347.00,70.00,347.00
77.00,240.00,266.00,240.00,266.00,346.00,77.00,346.00
75.00,241.00,259.00,241.00,259.00,346.00,75.00,346.00
79.00,243.00,264.00,243.00,264.00,348.00,79.00,348.00
85.00,246.00,270.00,246.00,270.00,350.00,85.00,350.00
81.00,241.00,270.00,241.00,270.00,348.00,81.00,348.00
67.00,236.00,262.00,236.00,262.00,344.00,67.00,344.00
84.00,246.00,270.00,246.00,270.00,348.00,84.00,348.00
82.00,248.00,271.00,248.00,271.00,353.00,82.00,353.00
74.00,247.00,263.00,247.00,263.00,348.00,74.00,348.00
69.00,239.00,264.00,239.00,264.00,346.00,69.00,346.00
73.00,246.00,264.00,246.00,264.00,349.00,73.00,349.00
68.00,240.00,264.00,240.00,264.00,346.00,68.00,346.00
73.00,243.00,270.00,243.00,270.00,347.00,73.00,347.00
83.00,242.00,282.00,242.00,282.00,347.00,83.00,347.00
81.00,245.00,282.00,245.00,282.00,350.00,81.00,350.00
66.00,244.00,264.00,244.00,264.00,350.00,66.00,350.00
83.00,245.00,286.00,245.00,286.00,352.00,83.00,352.00
68.00,242.00,268.00,242.00,268.00,348.00,68.00,348.00
72.00,247.00,276.00,247.00,276.00,355.00,72.00,355.00
59.00,243.00,266.00,243.00,266.00,351.00,59.00,351.00
78.00,244.00,278.00,244.00,278.00,351.00,78.00,351.00
67.00,243.00,274.00,243.00,274.00,350.00,67.00,350.00
72.00,246.00,274.00,246.00,274.00,351.00,72.00,351.00
78.00,248.00,277.00,248.00,277.00,352.00,78.00,352.00
79.00,242.00,281.00,242.00,281.00,349.00,79.00,349.00
65.00,238.00,269.00,238.00,269.00,346.00,65.00,346.00
72.00,239.00,278.00,239.00,278.00,346.00,72.00,346.00
73.00,240.00,280.00,240.00,280.00,348.00,73.00,348.00
76.00,235.00,285.00,235.00,285.00,344.00,76.00,344.00
68.00,235.00,280.00,235.00,280.00,344.00,68.00,344.00
65.00,229.00,282.00,229.00,282.00,342.00,65.00,342.00
70.00,230.00,286.00,230.00,286.00,342.00,70.00,342.00
71.00,229.00,292.00,229.00,292.00,342.00,71.00,342.00
72.00,227.00,293.00,227.00,293.00,341.00,72.00,341.00
66.00,224.00,287.00,224.00,287.00,337.00,66.00,337.00
70.00,224.00,293.00,224.00,293.00,339.00,70.00,339.00
70.00,225.00,291.00,225.00,291.00,338.00,70.00,338.00
73.00,227.00,293.00,227.00,293.00,339.00,73.00,339.00
65.00,222.00,289.00,222.00,289.00,336.00,65.00,336.00
58.00,221.00,284.00,221.00,284.00,336.00,58.00,336.00
56.00,221.00,280.00,221.00,280.00,335.00,56.00,335.00
61.00,224.00,281.00,224.00,281.00,335.00,61.00,335.00
68.00,222.00,285.00,222.00,285.00,334.00,68.00,334.00
78.00,223.00,293.00,223.00,293.00,334.00,78.00,334.00
73.00,222.00,291.00,222.00,291.00,335.00,73.00,335.00
66.00,223.00,281.00,223.00,281.00,334.00,66.00,334.00
72.00,225.00,285.00,225.00,285.00,336.00,72.00,336.00
63.00,222.00,283.00,222.00,283.00,335.00,63.00,335.00
80.00,228.00,295.00,228.00,295.00,338.00,80.00,338.00
87.00,220.00,303.00,220.00,303.00,337.00,87.00,337.00
79.00,221.00,298.00,221.00,298.00,338.00,79.00,338.00
91.00,217.00,306.00,217.00,306.00,336.00,91.00,336.00
99.00,216.00,315.00,216.00,315.00,335.00,99.00,335.00
98.00,217.00,310.00,217.00,310.00,333.00,98.00,333.00
104.00,211.00,316.00,211.00,316.00,329.00,104.00,329.00
113.00,215.00,322.00,215.00,322.00,331.00,113.00,331.00
109.00,212.00,316.00,212.00,316.00,327.00,109.00,327.00
114.00,214.00,318.00,214.00,318.00,329.00,114.00,329.00
116.00,212.00,314.00,212.00,314.00,325.00,116.00,325.00
122.00,214.00,317.00,214.00,317.00,325.00,122.00,325.00
129.00,212.00,324.00,212.00,324.00,324.00,129.00,324.00
132.00,212.00,325.00,212.00,325.00,323.00,132.00,323.00
133.00,210.00,326.00,210.00,326.00,320.00,133.00,320.00
138.00,218.00,328.00,218.00,328.00,321.00,138.00,321.00
142.00,219.00,331.00,219.00,331.00,320.00,142.00,320.00
143.00,220.00,334.00,220.00,334.00,321.00,143.00,321.00
144.00,217.00,334.00,217.00,334.00,319.00,144.00,319.00
147.00,216.00,333.00,216.00,333.00,317.00,147.00,317.00
149.00,213.00,333.00,213.00,333.00,316.00,149.00,316.00
156.00,213.00,340.00,213.00,340.00,314.00,156.00,314.00
160.00,213.00,344.00,213.00,344.00,314.00,160.00,314.00
157.00,215.00,337.00,215.00,337.00,313.00,157.00,313.00
160.00,214.00,341.00,214.00,341.00,313.00,160.00,313.00
163.00,215.00,342.00,215.00,342.00,312.00,163.00,312.00
160.00,213.00,338.00,213.00,338.00,310.00,160.00,310.00
166.00,216.00,343.00,216.00,343.00,313.00,166.00,313.00
165.00,217.00,343.00,217.00,343.00,313.00,165.00,313.00
173.00,217.00,347.00,217.00,347.00,315.00,173.00,315.00
185.00,217.00,359.00,217.00,359.00,315.00,185.00,315.00
192.00,218.00,366.00,218.00,366.00,315.00,192.00,315.00
212.00,217.00,382.00,217.00,382.00,315.00,212.00,315.00
216.00,216.00,385.00,216.00,385.00,314.00,216.00,314.00
206.00,216.00,378.00,216.00,378.00,314.00,206.00,314.00
219.00,218.00,390.00,218.00,390.00,317.00,219.00,317.00
200.00,218.00,382.00,218.00,382.00,318.00,200.00,318.00
214.00,218.00,393.00,218.00,393.00,318.00,214.00,318.00
207.00,216.00,391.00,216.00,391.00,318.00,207.00,318.00
199.00,216.00,390.00,216.00,390.00,319.00,199.00,319.00
214.00,221.00,400.00,221.00,400.00,321.00,214.00,321.00
212.00,222.00,401.00,222.00,401.00,322.00,212.00,322.00
213.00,220.00,402.00,220.00,402.00,321.00,213.00,321.00
202.00,219.00,396.00,219.00,396.00,322.00,202.00,322.00
205.00,219.00,398.00,219.00,398.00,322.00,205.00,322.00
219.00,224.00,407.00,224.00,407.00,324.00,219.00,324.00
206.00,216.00,399.00,216.00,399.00,319.00,206.00,319.00
215.00,219.00,407.00,219.00,407.00,320.00,215.00,320.00
216.00,220.00,409.00,220.00,409.00,322.00,216.00,322.00
217.00,219.00,410.00,219.00,410.00,322.00,217.00,322.00
214.00,221.00,411.00,221.00,411.00,325.00,214.00,325.00
212.00,217.00,413.00,217.00,413.00,323.00,212.00,323.00
212.00,218.00,414.00,218.00,414.00,325.00,212.00,325.00
223.00,222.00,426.00,222.00,426.00,325.00,223.00,325.00
219.00,220.00,420.00,220.00,420.00,324.00,219.00,324.00
221.00,221.00,422.00,221.00,422.00,325.00,221.00,325.00
213.00,219.00,417.00,219.00,417.00,324.00,213.00,324.00
218.00,221.00,422.00,221.00,422.00,326.00,218.00,326.00
223.00,223.00,430.00,223.00,430.00,329.00,223.00,329.00
224.00,221.00,432.00,221.00,432.00,328.00,224.00,328.00
224.00,221.00,427.00,221.00,427.00,330.00,224.00,330.00
221.00,221.00,424.00,221.00,424.00,329.00,221.00,329.00
225.00,221.00,429.00,221.00,429.00,329.00,225.00,329.00
228.00,222.00,437.00,222.00,437.00,330.00,228.00,330.00
230.00,220.00,443.00,220.00,443.00,331.00,230.00,331.00
227.00,221.00,441.00,221.00,441.00,332.00,227.00,332.00
221.00,219.00,435.00,219.00,435.00,333.00,221.00,333.00
227.00,219.00,439.00,219.00,439.00,334.00,227.00,334.00
232.00,220.00,445.00,220.00,445.00,334.00,232.00,334.00
226.00,217.00,437.00,217.00,437.00,332.00,226.00,332.00
227.00,219.00,438.00,219.00,438.00,334.00,227.00,334.00
231.00,221.00,447.00,221.00,447.00,335.00,231.00,335.00
225.00,219.00,440.00,219.00,440.00,335.00,225.00,335.00
227.00,218.00,440.00,218.00,440.00,333.00,227.00,333.00
228.00,216.00,439.00,216.00,439.00,331.00,228.00,331.00
227.00,220.00,441.00,220.00,441.00,333.00,227.00,333.00
217.00,217.00,427.00,217.00,427.00,331.00,217.00,331.00
226.00,218.00,440.00,218.00,440.00,331.00,226.00,331.00
231.00,219.00,448.00,219.00,448.00,333.00,231.00,333.00
224.00,219.00,436.00,219.00,436.00,334.00,224.00,334.00
227.00,216.00,437.00,216.00,437.00,332.00,227.00,332.00
225.00,217.00,431.00,217.00,431.00,332.00,225.00,332.00
234.00,217.00,440.00,217.00,440.00,331.00,234.00,331.00
232.00,216.00,438.00,216.00,438.00,330.00,232.00,330.00
230.00,218.00,436.00,218.00,436.00,333.00,230.00,333.00
228.00,218.00,433.00,218.00,433.00,332.00,228.00,332.00
226.00,218.00,431.00,218.00,431.00,331.00,226.00,331.00
227.00,215.00,433.00,215.00,433.00,329.00,227.00,329.00
226.00,217.00,435.00,217.00,435.00,332.00,226.00,332.00
223.00,215.00,432.00,215.00,432.00,332.00,223.00,332.00
225.00,215.00,432.00,215.00,432.00,330.00,225.00,330.00
226.00,216.00,437.00,216.00,437.00,330.00,226.00,330.00
230.00,219.00,436.00,219.00,436.00,332.00,230.00,332.00
227.00,214.00,434.00,214.00,434.00,329.00,227.00,329.00
233.00,216.00,438.00,216.00,438.00,330.00,233.00,330.00
226.00,217.00,431.00,217.00,431.00,330.00,226.00,330.00
234.00,214.00,440.00,214.00,440.00,330.00,234.00,330.00
225.00,214.00,435.00,214.00,435.00,333.00,225.00,333.00
222.00,215.00,432.00,215.00,432.00,334.00,222.00,334.00
228.00,215.00,438.00,215.00,438.00,334.00,228.00,334.00
229.00,217.00,436.00,217.00,436.00,335.00,229.00,335.00
230.00,215.00,442.00,215.00,442.00,332.00,230.00,332.00
235.00,213.00,441.00,213.00,441.00,330.00,235.00,330.00
235.00,210.00,442.00,210.00,442.00,329.00,235.00,329.00
230.00,212.00,439.00,212.00,439.00,330.00,230.00,330.00
232.00,213.00,444.00,213.00,444.00,330.00,232.00,330.00
236.00,210.00,451.00,210.00,451.00,330.00,236.00,330.00
222.00,199.00,431.00,199.00,431.00,326.00,222.00,326.00
226.00,201.00,448.00,201.00,448.00,326.00,226.00,326.00
225.00,200.00,441.00,200.00,441.00,328.00,225.00,328.00
214.00,193.00,440.00,193.00,440.00,324.00,214.00,324.00
220.00,197.00,434.00,197.00,434.00,324.00,220.00,324.00
220.00,199.00,438.00,199.00,438.00,325.00,220.00,325.00
220.00,199.00,439.00,199.00,439.00,324.00,220.00,324.00
217.00,200.00,437.00,200.00,437.00,326.00,217.00,326.00
216.00,203.00,436.00,203.00,436.00,326.00,216.00,326.00
218.00,210.00,440.00,210.00,440.00,329.00,218.00,329.00
216.00,206.00,435.00,206.00,435.00,324.00,216.00,324.00
218.00,203.00,430.00,203.00,430.00,323.00,218.00,323.00
226.00,198.00,445.00,198.00,445.00,319.00,226.00,319.00
226.00,203.00,442.00,203.00,442.00,320.00,226.00,320.00
222.00,202.00,431.00,202.00,431.00,325.00,222.00,325.00
230.00,199.00,437.00,199.00,437.00,323.00,230.00,323.00
231.00,208.00,437.00,208.00,437.00,327.00,231.00,327.00
235.00,204.00,441.00,204.00,441.00,326.00,235.00,326.00
231.00,208.00,436.00,208.00,436.00,326.00,231.00,326.00
237.00,205.00,438.00,205.00,438.00,323.00,237.00,323.00
235.00,204.00,438.00,204.00,438.00,323.00,235.00,323.00
239.00,205.00,440.00,205.00,440.00,324.00,239.00,324.00
240.00,204.00,436.00,204.00,436.00,322.00,240.00,322.00
235.00,203.00,431.00,203.00,431.00,321.00,235.00,321.00
238.00,211.00,435.00,211.00,435.00,329.00,238.00,329.00
234.00,207.00,432.00,207.00,432.00,326.00,234.00,326.00
239.00,212.00,441.00,212.00,441.00,331.00,239.00,331.00
237.00,210.00,434.00,210.00,434.00,327.00,237.00,327.00
239.00,206.00,430.00,206.00,430.00,324.00,239.00,324.00
243.00,208.00,431.00,208.00,431.00,324.00,243.00,324.00
239.00,212.00,428.00,212.00,428.00,326.00,239.00,326.00
246.00,207.00,436.00,207.00,436.00,322.00,246.00,322.00
236.00,212.00,428.00,212.00,428.00,326.00,236.00,326.00
248.00,210.00,434.00,210.00,434.00,324.00,248.00,324.00
247.00,209.00,430.00,209.00,430.00,321.00,247.00,321.00
249.00,209.00,433.00,209.00,433.00,322.00,249.00,322.00
252.00,209.00,436.00,209.00,436.00,321.00,252.00,321.00
250.00,205.00,435.00,205.00,435.00,319.00,250.00,319.00
250.00,211.00,445.00,211.00,445.00,326.00,250.00,326.00
248.00,209.00,444.00,209.00,444.00,325.00,248.00,325.00
235.00,209.00,434.00,209.00,434.00,326.00,235.00,326.00
237.00,210.00,436.00,210.00,436.00,327.00,237.00,327.00
245.00,208.00,441.00,208.00,441.00,326.00,245.00,326.00
239.00,208.00,435.00,208.00,435.00,325.00,239.00,325.00
245.00,213.00,442.00,213.00,442.00,329.00,245.00,329.00
245.00,210.00,443.00,210.00,443.00,327.00,245.00,327.00
238.00,211.00,438.00,211.00,438.00,328.00,238.00,328.00
235.00,209.00,435.00,209.00,435.00,326.00,235.00,326.00
236.00,213.00,432.00,213.00,432.00,328.00,236.00,328.00
244.00,211.00,449.00,211.00,449.00,329.00,244.00,329.00
241.00,205.00,445.00,205.00,445.00,324.00,241.00,324.00
240.00,215.00,447.00,215.00,447.00,333.00,240.00,333.00
238.00,210.00,444.00,210.00,444.00,329.00,238.00,329.00
238.00,211.00,446.00,211.00,446.00,331.00,238.00,331.00
242.00,206.00,445.00,206.00,445.00,325.00,242.00,325.00
233.00,211.00,438.00,211.00,438.00,329.00,233.00,329.00
246.00,212.00,447.00,212.00,447.00,328.00,246.00,328.00
242.00,213.00,443.00,213.00,443.00,330.00,242.00,330.00
237.00,210.00,440.00,210.00,440.00,328.00,237.00,328.00
241.00,210.00,442.00,210.00,442.00,328.00,241.00,328.00
241.00,214.00,444.00,214.00,444.00,330.00,241.00,330.00
240.00,215.00,442.00,215.00,442.00,331.00,240.00,331.00
237.00,212.00,441.00,212.00,441.00,330.00,237.00,330.00
244.00,212.00,449.00,212.00,449.00,329.00,244.00,329.00
237.00,211.00,439.00,211.00,439.00,327.00,237.00,327.00
240.00,212.00,442.00,212.00,442.00,329.00,240.00,329.00
245.00,210.00,446.00,210.00,446.00,327.00,245.00,327.00
241.00,213.00,442.00,213.00,442.00,329.00,241.00,329.00
247.00,210.00,447.00,210.00,447.00,326.00,247.00,326.00
250.00,208.00,448.00,208.00,448.00,325.00,250.00,325.00
247.00,210.00,445.00,210.00,445.00,327.00,247.00,327.00
251.00,211.00,451.00,211.00,451.00,328.00,251.00,328.00
246.00,210.00,446.00,210.00,446.00,327.00,246.00,327.00
245.00,213.00,444.00,213.00,444.00,328.00,245.00,328.00
246.00,211.00,446.00,211.00,446.00,328.00,246.00,328.00
248.00,212.00,451.00,212.00,451.00,329.00,248.00,329.00
245.00,208.00,444.00,208.00,444.00,326.00,245.00,326.00
252.00,209.00,456.00,209.00,456.00,328.00,252.00,328.00
247.00,211.00,445.00,211.00,445.00,328.00,247.00,328.00
244.00,211.00,440.00,211.00,440.00,327.00,244.00,327.00
247.00,209.00,447.00,209.00,447.00,328.00,247.00,328.00
243.00,212.00,442.00,212.00,442.00,329.00,243.00,329.00
246.00,214.00,445.00,214.00,445.00,330.00,246.00,330.00
249.00,212.00,447.00,212.00,447.00,328.00,249.00,328.00
251.00,210.00,450.00,210.00,450.00,326.00,251.00,326.00
247.00,212.00,446.00,212.00,446.00,327.00,247.00,327.00
252.00,212.00,448.00,212.00,448.00,326.00,252.00,326.00
252.00,215.00,451.00,215.00,451.00,330.00,252.00,330.00
251.00,214.00,448.00,214.00,448.00,329.00,251.00,329.00
247.00,212.00,445.00,212.00,445.00,328.00,247.00,328.00
249.00,213.00,447.00,213.00,447.00,329.00,249.00,329.00
247.00,210.00,442.00,210.00,442.00,325.00,247.00,325.00
250.00,212.00,450.00,212.00,450.00,328.00,250.00,328.00
245.00,213.00,447.00,213.00,447.00,330.00,245.00,330.00
244.00,211.00,452.00,211.00,452.00,329.00,244.00,329.00
248.00,210.00,456.00,210.00,456.00,329.00,248.00,329.00
245.00,213.00,453.00,213.00,453.00,331.00,245.00,331.00
244.00,212.00,450.00,212.00,450.00,329.00,244.00,329.00
242.00,213.00,446.00,213.00,446.00,329.00,242.00,329.00
247.00,211.00,451.00,211.00,451.00,327.00,247.00,327.00
247.00,211.00,451.00,211.00,451.00,327.00,247.00,327.00
248.00,211.00,453.00,211.00,453.00,327.00,248.00,327.00
250.00,211.00,453.00,211.00,453.00,327.00,250.00,327.00
243.00,214.00,450.00,214.00,450.00,331.00,243.00,331.00
254.00,211.00,462.00,211.00,462.00,329.00,254.00,329.00
250.00,209.00,457.00,209.00,457.00,327.00,250.00,327.00
252.00,213.00,460.00,213.00,460.00,329.00,252.00,329.00
250.00,215.00,460.00,215.00,460.00,330.00,250.00,330.00
255.00,212.00,465.00,212.00,465.00,327.00,255.00,327.00
247.00,213.00,466.00,213.00,466.00,327.00,247.00,327.00
251.00,211.00,469.00,211.00,469.00,324.00,251.00,324.00
245.00,213.00,464.00,213.00,464.00,324.00,245.00,324.00
249.00,214.00,470.00,214.00,470.00,324.00,249.00,324.00
253.00,213.00,471.00,213.00,471.00,324.00,253.00,324.00
252.00,218.00,467.00,218.00,467.00,325.00,252.00,325.00
258.00,216.00,471.00,216.00,471.00,325.00,258.00,325.00
265.00,214.00,483.00,214.00,483.00,325.00,265.00,325.00
255.00,213.00,475.00,213.00,475.00,325.00,255.00,325.00
248.00,211.00,470.00,211.00,470.00,326.00,248.00,326.00
254.00,207.00,471.00,207.00,471.00,324.00,254.00,324.00
262.00,208.00,484.00,208.00,484.00,326.00,262.00,326.00
273.00,208.00,497.00,208.00,497.00,325.00,273.00,325.00
282.00,214.00,508.00,214.00,508.00,326.00,282.00,326.00
276.00,213.00,502.00,213.00,502.00,327.00,276.00,327.00
278.00,212.00,502.00,212.00,502.00,325.00,278.00,325.00
281.00,214.00,505.00,214.00,505.00,325.00,281.00,325.00
290.00,214.00,517.00,214.00,517.00,325.00,290.00,325.00
296.00,216.00,522.00,216.00,522.00,325.00,296.00,325.00
300.00,212.00,534.00,212.00,534.00,326.00,300.00,326.00
300.00,210.00,533.00,210.00,533.00,323.00,300.00,323.00
309.00,206.00,541.00,206.00,541.00,318.00,309.00,318.00
318.00,205.00,550.00,205.00,550.00,320.00,318.00,320.00
316.00,208.00,544.00,208.00,544.00,319.00,316.00,319.00
320.00,204.00,544.00,204.00,544.00,316.00,320.00,316.00
325.00,208.00,546.00,208.00,546.00,317.00,325.00,317.00
335.00,205.00,563.00,205.00,563.00,318.00,335.00,318.00
340.00,206.00,562.00,206.00,562.00,317.00,340.00,317.00
344.00,205.00,569.00,205.00,569.00,318.00,344.00,318.00
342.00,205.00,568.00,205.00,568.00,318.00,342.00,318.00
343.00,206.00,570.00,206.00,570.00,319.00,343.00,319.00
342.00,203.00,575.00,203.00,575.00,316.00,342.00,316.00
339.00,207.00,570.00,207.00,570.00,319.00,339.00,319.00
343.00,207.00,581.00,207.00,581.00,320.00,343.00,320.00
341.00,206.00,578.00,206.00,578.00,320.00,341.00,320.00
352.00,209.00,592.00,209.00,592.00,323.00,352.00,323.00
359.00,215.00,586.00,215.00,586.00,324.00,359.00,324.00
363.00,216.00,580.00,216.00,580.00,325.00,363.00,325.00
366.00,219.00,579.00,219.00,579.00,326.00,366.00,326.00
376.00,222.00,589.00,222.00,589.00,329.00,376.00,329.00
385.00,229.00,585.00,229.00,585.00,331.00,385.00,331.00
404.00,239.00,594.00,239.00,594.00,335.00,404.00,335.00
414.00,241.00,606.00,241.00,606.00,338.00,414.00,338.00
421.00,243.00,612.00,243.00,612.00,337.00,421.00,337.00
432.00,243.00,624.00,243.00,624.00,341.00,432.00,341.00
444.00,239.00,628.00,239.00,628.00,336.00,444.00,336.00
459.00,236.00,632.00,236.00,632.00,332.00,459.00,332.00
455.00,234.00,644.00,234.00,644.00,353.00,455.00,353.00
464.00,232.00,649.00,232.00,649.00,349.00,464.00,349.00
448.00,300.00,634.00,300.00,634.00,418.00,448.00,418.00
448.00,316.00,635.00,316.00,635.00,435.00,448.00,435.00
446.00,305.00,632.00,305.00,632.00,423.00,446.00,423.00
436.00,312.00,624.00,312.00,624.00,431.00,436.00,431.00
430.00,299.00,617.00,299.00,617.00,417.00,430.00,417.00
427.00,307.00,618.00,307.00,618.00,428.00,427.00,428.00
443.00,301.00,638.00,301.00,638.00,424.00,443.00,424.00
2
0
0
0
0
1
722.00,228.00,870.00,228.00,870.00,301.00,722.00,301.00
723.00,227.00,870.00,227.00,870.00,303.00,723.00,303.00
724.00,226.00,872.00,226.00,872.00,303.00,724.00,303.00
724.00,226.00,874.00,226.00,874.00,304.00,724.00,304.00
724.00,231.00,885.00,231.00,885.00,303.00,724.00,303.00
724.00,231.00,888.00,231.00,888.00,305.00,724.00,305.00
724.00,232.00,891.00,232.00,891.00,307.00,724.00,307.00
726.00,233.00,891.00,233.00,891.00,307.00,726.00,307.00
727.00,233.00,884.00,233.00,884.00,306.00,727.00,306.00
731.00,232.00,887.00,232.00,887.00,307.00,731.00,307.00
730.00,229.00,878.00,229.00,878.00,304.00,730.00,304.00
734.00,231.00,890.00,231.00,890.00,304.00,734.00,304.00
750.00,240.00,923.00,240.00,923.00,315.00,750.00,315.00
757.00,239.00,930.00,239.00,930.00,315.00,757.00,315.00
758.00,233.00,931.00,233.00,931.00,317.00,758.00,317.00
757.00,236.00,931.00,236.00,931.00,319.00,757.00,319.00
759.00,237.00,931.00,237.00,931.00,320.00,759.00,320.00
765.00,236.00,933.00,236.00,933.00,321.00,765.00,321.00
763.00,234.00,932.00,234.00,932.00,319.00,763.00,319.00
769.00,236.00,936.00,236.00,936.00,322.00,769.00,322.00
768.00,235.00,941.00,235.00,941.00,322.00,768.00,322.00
769.00,239.00,946.00,239.00,946.00,324.00,769.00,324.00
773.00,240.00,956.00,240.00,956.00,326.00,773.00,326.00
772.00,241.00,954.00,241.00,954.00,326.00,772.00,326.00
774.00,237.00,958.00,237.00,958.00,326.00,774.00,326.00
779.00,240.00,959.00,240.00,959.00,328.00,779.00,328.00
778.00,236.00,961.00,236.00,961.00,327.00,778.00,327.00
780.00,239.00,961.00,239.00,961.00,329.00,780.00,329.00
780.00,237.00,964.00,237.00,964.00,330.00,780.00,330.00
768.00,223.00,948.00,223.00,948.00,313.00,768.00,313.00
770.00,222.00,948.00,222.00,948.00,310.00,770.00,310.00
