1
746.00,229.00,931.00,229.00,931.00,343.00,746.00,343.00
745.00,230.00,934.00,230.00,934.00,342.00,745.00,342.00
746.00,231.00,939.00,231.00,939.00,343.00,746.00,343.00
748.00,232.00,942.00,232.00,942.00,342.00,748.00,342.00
747.00,233.00,941.00,233.00,941.00,342.00,747.00,342.00
747.00,233.00,945.00,233.00,945.00,344.00,747.00,344.00
748.00,232.00,947.00,232.00,947.00,345.00,748.00,345.00
749.00,232.00,947.00,232.00,947.00,344.00,749.00,344.00
750.00,231.00,951.00,231.00,951.00,344.00,750.00,344.00
753.00,230.00,952.00,230.00,952.00,344.00,753.00,344.00
752.00,229.00,951.00,229.00,951.00,345.00,752.00,345.00
755.00,230.00,949.00,230.00,949.00,343.00,755.00,343.00
753.00,228.00,952.00,228.00,952.00,344.00,753.00,344.00
756.00,227.00,954.00,227.00,954.00,345.00,756.00,345.00
756.00,227.00,955.00,227.00,955.00,345.00,756.00,345.00
761.00,225.00,956.00,225.00,956.00,343.00,761.00,343.00
755.00,224.00,957.00,224.00,957.00,343.00,755.00,343.00
758.00,223.00,956.00,223.00,956.00,343.00,758.00,343.00
756.00,222.00,961.00,222.00,961.00,342.00,756.00,342.00
760.00,221.00,961.00,221.00,961.00,342.00,760.00,342.00
768.00,218.00,961.00,218.00,961.00,341.00,768.00,341.00
766.00,217.00,964.00,217.00,964.00,341.00,766.00,341.00
775.00,217.00,962.00,217.00,962.00,341.00,775.00,341.00
775.00,216.00,961.00,216.00,961.00,340.00,775.00,340.00
775.00,216.00,963.00,216.00,963.00,339.00,775.00,339.00
774.00,212.00,968.00,212.00,968.00,339.00,774.00,339.00
779.00,213.00,967.00,213.00,967.00,338.00,779.00,338.00
780.00,212.00,972.00,212.00,972.00,341.00,780.00,341.00
785.00,211.00,970.00,211.00,970.00,342.00,785.00,342.00
788.00,208.00,972.00,208.00,972.00,341.00,788.00,341.00
793.00,207.00,973.00,207.00,973.00,343.00,793.00,343.00
799.00,206.00,974.00,206.00,974.00,339.00,799.00,339.00
800.00,206.00,978.00,206.00,978.00,342.00,800.00,342.00
806.00,207.00,980.00,207.00,980.00,341.00,806.00,341.00
812.00,206.00,982.00,206.00,982.00,336.00,812.00,336.00
807.00,207.00,988.00,207.00,988.00,337.00,807.00,337.00
809.00,207.00,990.00,207.00,990.00,333.00,809.00,333.00
810.00,207.00,990.00,207.00,990.00,333.00,810.00,333.00
814.00,206.00,992.00,206.00,992.00,331.00,814.00,331.00
822.00,207.00,990.00,207.00,990.00,329.00,822.00,329.00
827.00,208.00,990.00,208.00,990.00,329.00,827.00,329.00
831.00,207.00,987.00,207.00,987.00,325.00,831.00,325.00
835.00,207.00,988.00,207.00,988.00,325.00,835.00,325.00
837.00,209.00,987.00,209.00,987.00,321.00,837.00,321.00
840.00,208.00,988.00,208.00,988.00,321.00,840.00,321.00
843.00,209.00,992.00,209.00,992.00,319.00,843.00,319.00
846.00,209.00,1002.00,209.00,1002.00,309.00,846.00,309.00
843.00,213.00,1000.00,213.00,1000.00,314.00,843.00,314.00
846.00,213.00,1002.00,213.00,1002.00,313.00,846.00,313.00
846.00,212.00,1002.00,212.00,1002.00,312.00,846.00,312.00
840.00,220.00,995.00,220.00,995.00,319.00,840.00,319.00
854.00,208.00,1006.00,208.00,1006.00,305.00,854.00,305.00
856.00,214.00,1006.00,214.00,1006.00,310.00,856.00,310.00
855.00,211.00,1004.00,211.00,1004.00,306.00,855.00,306.00
837.00,238.00,986.00,238.00,986.00,333.00,837.00,333.00
833.00,245.00,982.00,245.00,982.00,340.00,833.00,340.00
2
0
0
0
0
1
900.00,201.00,974.00,201.00,974.00,299.00,900.00,299.00
901.00,201.00,974.00,201.00,974.00,299.00,901.00,299.00
901.00,201.00,976.00,201.00,976.00,301.00,901.00,301.00
902.00,202.00,975.00,202.00,975.00,301.00,902.00,301.00
903.00,203.00,975.00,203.00,975.00,301.00,903.00,301.00
902.00,203.00,974.00,203.00,974.00,301.00,902.00,301.00
903.00,204.00,974.00,204.00,974.00,299.00,903.00,299.00
903.00,206.00,974.00,206.00,974.00,300.00,903.00,300.00
905.00,206.00,974.00,206.00,974.00,301.00,905.00,301.00
906.00,206.00,973.00,206.00,973.00,301.00,906.00,301.00
905.00,204.00,973.00,204.00,973.00,300.00,905.00,300.00
904.00,204.00,974.00,204.00,974.00,300.00,904.00,300.00
905.00,206.00,972.00,206.00,972.00,301.00,905.00,301.00
904.00,206.00,973.00,206.00,973.00,304.00,904.00,304.00
903.00,206.00,973.00,206.00,973.00,303.00,903.00,303.00
904.00,205.00,974.00,205.00,974.00,301.00,904.00,301.00
904.00,203.00,973.00,203.00,973.00,301.00,904.00,301.00
901.00,204.00,974.00,204.00,974.00,305.00,901.00,305.00
901.00,203.00,974.00,203.00,974.00,302.00,901.00,302.00
900.00,203.00,974.00,203.00,974.00,302.00,900.00,302.00
901.00,201.00,975.00,201.00,975.00,296.00,901.00,296.00
900.00,201.00,973.00,201.00,973.00,297.00,900.00,297.00
900.00,201.00,974.00,201.00,974.00,297.00,900.00,297.00
898.00,200.00,974.00,200.00,974.00,300.00,898.00,300.00
899.00,201.00,973.00,201.00,973.00,300.00,899.00,300.00
900.00,199.00,974.00,199.00,974.00,300.00,900.00,300.00
899.00,200.00,974.00,200.00,974.00,301.00,899.00,301.00
900.00,200.00,974.00,200.00,974.00,300.00,900.00,300.00
900.00,200.00,974.00,200.00,974.00,299.00,900.00,299.00
900.00,201.00,973.00,201.00,973.00,300.00,900.00,300.00
900.00,201.00,973.00,201.00,973.00,303.00,900.00,303.00
900.00,202.00,974.00,202.00,974.00,307.00,900.00,307.00
898.00,209.00,973.00,209.00,973.00,315.00,898.00,315.00
899.00,206.00,974.00,206.00,974.00,315.00,899.00,315.00
897.00,209.00,974.00,209.00,974.00,317.00,897.00,317.00
896.00,209.00,973.00,209.00,973.00,319.00,896.00,319.00
896.00,211.00,973.00,211.00,973.00,322.00,896.00,322.00
897.00,206.00,974.00,206.00,974.00,316.00,897.00,316.00
896.00,211.00,974.00,211.00,974.00,324.00,896.00,324.00
892.00,209.00,975.00,209.00,975.00,323.00,892.00,323.00
895.00,203.00,976.00,203.00,976.00,317.00,895.00,317.00
891.00,211.00,974.00,211.00,974.00,323.00,891.00,323.00
890.00,214.00,974.00,214.00,974.00,326.00,890.00,326.00
890.00,214.00,975.00,214.00,975.00,324.00,890.00,324.00
892.00,208.00,975.00,208.00,975.00,319.00,892.00,319.00
891.00,213.00,974.00,213.00,974.00,325.00,891.00,325.00
892.00,208.00,975.00,208.00,975.00,319.00,892.00,319.00
892.00,209.00,974.00,209.00,974.00,322.00,892.00,322.00
888.00,210.00,973.00,210.00,973.00,324.00,888.00,324.00
890.00,207.00,973.00,207.00,973.00,317.00,890.00,317.00
891.00,206.00,975.00,206.00,975.00,320.00,891.00,320.00
888.00,208.00,975.00,208.00,975.00,321.00,888.00,321.00
887.00,209.00,975.00,209.00,975.00,326.00,887.00,326.00
887.00,209.00,976.00,209.00,976.00,326.00,887.00,326.00
888.00,210.00,975.00,210.00,975.00,325.00,888.00,325.00
888.00,209.00,975.00,209.00,975.00,323.00,888.00,323.00
889.00,209.00,976.00,209.00,976.00,322.00,889.00,322.00
888.00,210.00,974.00,210.00,974.00,324.00,888.00,324.00
889.00,212.00,975.00,212.00,975.00,326.00,889.00,326.00
889.00,209.00,976.00,209.00,976.00,321.00,889.00,321.00
887.00,207.00,976.00,207.00,976.00,321.00,887.00,321.00
885.00,208.00,975.00,208.00,975.00,323.00,885.00,323.00
887.00,206.00,977.00,206.00,977.00,321.00,887.00,321.00
886.00,206.00,976.00,206.00,976.00,319.00,886.00,319.00
887.00,202.00,976.00,202.00,976.00,314.00,887.00,314.00
889.00,202.00,976.00,202.00,976.00,316.00,889.00,316.00
887.00,200.00,977.00,200.00,977.00,311.00,887.00,311.00
889.00,204.00,975.00,204.00,975.00,318.00,889.00,318.00
889.00,202.00,978.00,202.00,978.00,310.00,889.00,310.00
890.00,204.00,977.00,204.00,977.00,309.00,890.00,309.00
890.00,205.00,976.00,205.00,976.00,316.00,890.00,316.00
890.00,202.00,976.00,202.00,976.00,311.00,890.00,311.00
890.00,200.00,978.00,200.00,978.00,310.00,890.00,310.00
890.00,201.00,978.00,201.00,978.00,311.00,890.00,311.00
891.00,201.00,976.00,201.00,976.00,311.00,891.00,311.00
891.00,200.00,976.00,200.00,976.00,313.00,891.00,313.00
891.00,199.00,978.00,199.00,978.00,311.00,891.00,311.00
890.00,201.00,976.00,201.00,976.00,316.00,890.00,316.00
888.00,196.00,976.00,196.00,976.00,310.00,888.00,310.00
890.00,196.00,978.00,196.00,978.00,310.00,890.00,310.00
891.00,199.00,978.00,199.00,978.00,312.00,891.00,312.00
890.00,198.00,976.00,198.00,976.00,312.00,890.00,312.00
890.00,199.00,976.00,199.00,976.00,313.00,890.00,313.00
892.00,200.00,976.00,200.00,976.00,313.00,892.00,313.00
890.00,200.00,975.00,200.00,975.00,314.00,890.00,314.00
892.00,199.00,977.00,199.00,977.00,311.00,892.00,311.00
891.00,197.00,975.00,197.00,975.00,310.00,891.00,310.00
891.00,199.00,974.00,199.00,974.00,311.00,891.00,311.00
892.00,197.00,976.00,197.00,976.00,311.00,892.00,311.00
893.00,197.00,976.00,197.00,976.00,311.00,893.00,311.00
892.00,197.00,975.00,197.00,975.00,311.00,892.00,311.00
892.00,194.00,976.00,194.00,976.00,309.00,892.00,309.00
892.00,195.00,975.00,195.00,975.00,310.00,892.00,310.00
892.00,195.00,977.00,195.00,977.00,310.00,892.00,310.00
888.00,190.00,975.00,190.00,975.00,309.00,888.00,309.00
889.00,195.00,976.00,195.00,976.00,311.00,889.00,311.00
890.00,196.00,976.00,196.00,976.00,313.00,890.00,313.00
892.00,197.00,976.00,197.00,976.00,313.00,892.00,313.00
888.00,194.00,974.00,194.00,974.00,311.00,888.00,311.00
890.00,193.00,976.00,193.00,976.00,307.00,890.00,307.00
888.00,194.00,973.00,194.00,973.00,309.00,888.00,309.00
886.00,191.00,974.00,191.00,974.00,307.00,886.00,307.00
887.00,193.00,972.00,193.00,972.00,307.00,887.00,307.00
886.00,194.00,975.00,194.00,975.00,306.00,886.00,306.00
890.00,195.00,977.00,195.00,977.00,305.00,890.00,305.00
888.00,194.00,976.00,194.00,976.00,304.00,888.00,304.00
887.00,194.00,976.00,194.00,976.00,304.00,887.00,304.00
886.00,195.00,977.00,195.00,977.00,305.00,886.00,305.00
887.00,194.00,977.00,194.00,977.00,305.00,887.00,305.00
886.00,195.00,978.00,195.00,978.00,307.00,886.00,307.00
887.00,196.00,977.00,196.00,977.00,306.00,887.00,306.00
888.00,197.00,977.00,197.00,977.00,305.00,888.00,305.00
885.00,197.00,978.00,197.00,978.00,305.00,885.00,305.00
885.00,197.00,978.00,197.00,978.00,307.00,885.00,307.00
883.00,197.00,979.00,197.00,979.00,309.00,883.00,309.00
884.00,197.00,977.00,197.00,977.00,311.00,884.00,311.00
883.00,196.00,978.00,196.00,978.00,312.00,883.00,312.00
882.00,196.00,978.00,196.00,978.00,312.00,882.00,312.00
882.00,198.00,977.00,198.00,977.00,313.00,882.00,313.00
879.00,199.00,977.00,199.00,977.00,313.00,879.00,313.00
879.00,199.00,977.00,199.00,977.00,314.00,879.00,314.00
879.00,201.00,978.00,201.00,978.00,316.00,879.00,316.00
881.00,200.00,977.00,200.00,977.00,315.00,881.00,315.00
877.00,201.00,978.00,201.00,978.00,320.00,877.00,320.00
873.00,202.00,978.00,202.00,978.00,324.00,873.00,324.00
875.00,201.00,978.00,201.00,978.00,323.00,875.00,323.00
873.00,201.00,977.00,201.00,977.00,321.00,873.00,321.00
874.00,202.00,978.00,202.00,978.00,322.00,874.00,322.00
872.00,203.00,978.00,203.00,978.00,322.00,872.00,322.00
870.00,206.00,978.00,206.00,978.00,324.00,870.00,324.00
867.00,206.00,978.00,206.00,978.00,324.00,867.00,324.00
867.00,208.00,979.00,208.00,979.00,329.00,867.00,329.00
867.00,210.00,980.00,210.00,980.00,328.00,867.00,328.00
864.00,208.00,979.00,208.00,979.00,330.00,864.00,330.00
863.00,209.00,979.00,209.00,979.00,328.00,863.00,328.00
862.00,211.00,979.00,211.00,979.00,334.00,862.00,334.00
861.00,211.00,978.00,211.00,978.00,335.00,861.00,335.00
860.00,215.00,975.00,215.00,975.00,343.00,860.00,343.00
863.00,215.00,976.00,215.00,976.00,343.00,863.00,343.00
862.00,219.00,976.00,219.00,976.00,347.00,862.00,347.00
860.00,216.00,977.00,216.00,977.00,343.00,860.00,343.00
859.00,215.00,978.00,215.00,978.00,344.00,859.00,344.00
857.00,215.00,977.00,215.00,977.00,345.00,857.00,345.00
856.00,213.00,979.00,213.00,979.00,345.00,856.00,345.00
860.00,215.00,971.00,215.00,971.00,359.00,860.00,359.00
858.00,217.00,971.00,217.00,971.00,363.00,858.00,363.00
857.00,222.00,969.00,222.00,969.00,366.00,857.00,366.00
863.00,216.00,977.00,216.00,977.00,362.00,863.00,362.00
837.00,214.00,951.00,214.00,951.00,360.00,837.00,360.00
821.00,221.00,936.00,221.00,936.00,368.00,821.00,368.00
837.00,225.00,952.00,225.00,952.00,372.00,837.00,372.00
868.00,231.00,983.00,231.00,983.00,377.00,868.00,377.00
847.00,222.00,960.00,222.00,960.00,366.00,847.00,366.00
821.00,212.00,936.00,212.00,936.00,359.00,821.00,359.00
841.00,222.00,955.00,222.00,955.00,367.00,841.00,367.00
864.00,226.00,978.00,226.00,978.00,372.00,864.00,372.00
871.00,220.00,984.00,220.00,984.00,365.00,871.00,365.00
868.00,231.00,980.00,231.00,980.00,375.00,868.00,375.00
858.00,223.00,970.00,223.00,970.00,367.00,858.00,367.00
861.00,231.00,972.00,231.00,972.00,374.00,861.00,374.00
859.00,230.00,971.00,230.00,971.00,374.00,859.00,374.00
868.00,223.00,981.00,223.00,981.00,368.00,868.00,368.00
864.00,223.00,976.00,223.00,976.00,368.00,864.00,368.00
865.00,225.00,977.00,225.00,977.00,370.00,865.00,370.00
860.00,228.00,971.00,228.00,971.00,372.00,860.00,372.00
863.00,206.00,974.00,206.00,974.00,349.00,863.00,349.00
854.00,221.00,965.00,221.00,965.00,364.00,854.00,364.00
854.00,228.00,965.00,228.00,965.00,370.00,854.00,370.00
859.00,231.00,971.00,231.00,971.00,374.00,859.00,374.00
831.00,275.00,943.00,275.00,943.00,418.00,831.00,418.00
845.00,284.00,958.00,284.00,958.00,429.00,845.00,429.00
822.00,283.00,936.00,283.00,936.00,429.00,822.00,429.00
801.00,248.00,917.00,248.00,917.00,396.00,801.00,396.00
809.00,299.00,922.00,299.00,922.00,444.00,809.00,444.00
802.00,281.00,914.00,281.00,914.00,424.00,802.00,424.00
809.00,258.00,922.00,258.00,922.00,402.00,809.00,402.00
760.00,269.00,875.00,269.00,875.00,415.00,760.00,415.00
747.00,176.00,862.00,176.00,862.00,322.00,747.00,322.00
734.00,177.00,852.00,177.00,852.00,326.00,734.00,326.00
707.00,177.00,824.00,177.00,824.00,324.00,707.00,324.00
701.00,173.00,817.00,173.00,817.00,319.00,701.00,319.00
622.00,153.00,738.00,153.00,738.00,300.00,622.00,300.00
553.00,144.00,672.00,144.00,672.00,295.00,553.00,295.00
574.00,143.00,692.00,143.00,692.00,293.00,574.00,293.00
632.00,132.00,750.00,132.00,750.00,281.00,632.00,281.00
521.00,142.00,640.00,142.00,640.00,292.00,521.00,292.00
516.00,143.00,638.00,143.00,638.00,296.00,516.00,296.00
492.00,160.00,630.00,160.00,630.00,305.00,492.00,305.00
469.00,162.00,615.00,162.00,615.00,299.00,469.00,299.00
462.00,162.00,613.00,162.00,613.00,301.00,462.00,301.00
446.00,165.00,607.00,165.00,607.00,301.00,446.00,301.00
449.00,167.00,610.00,167.00,610.00,300.00,449.00,300.00
442.00,167.00,604.00,167.00,604.00,302.00,442.00,302.00
441.00,166.00,603.00,166.00,603.00,299.00,441.00,299.00
440.00,166.00,605.00,166.00,605.00,299.00,440.00,299.00
434.00,168.00,603.00,168.00,603.00,305.00,434.00,305.00
440.00,167.00,610.00,167.00,610.00,303.00,440.00,303.00
439.00,165.00,610.00,165.00,610.00,307.00,439.00,307.00
431.00,163.00,601.00,163.00,601.00,305.00,431.00,305.00
433.00,162.00,601.00,162.00,601.00,305.00,433.00,305.00
434.00,162.00,607.00,162.00,607.00,303.00,434.00,303.00
426.00,160.00,598.00,160.00,598.00,303.00,426.00,303.00
430.00,163.00,599.00,163.00,599.00,302.00,430.00,302.00
431.00,160.00,604.00,160.00,604.00,300.00,431.00,300.00
426.00,160.00,602.00,160.00,602.00,302.00,426.00,302.00
432.00,162.00,606.00,162.00,606.00,304.00,432.00,304.00
428.00,163.00,602.00,163.00,602.00,305.00,428.00,305.00
440.00,162.00,608.00,162.00,608.00,305.00,440.00,305.00
432.00,166.00,600.00,166.00,600.00,308.00,432.00,308.00
430.00,166.00,597.00,166.00,597.00,301.00,430.00,301.00
431.00,161.00,598.00,161.00,598.00,298.00,431.00,298.00
421.00,160.00,592.00,160.00,592.00,299.00,421.00,299.00
426.00,159.00,598.00,159.00,598.00,299.00,426.00,299.00
410.00,165.00,580.00,165.00,580.00,304.00,410.00,304.00
400.00,171.00,564.00,171.00,564.00,306.00,400.00,306.00
403.00,172.00,571.00,172.00,571.00,307.00,403.00,307.00
399.00,173.00,569.00,173.00,569.00,306.00,399.00,306.00
408.00,169.00,576.00,169.00,576.00,309.00,408.00,309.00
391.00,171.00,562.00,171.00,562.00,308.00,391.00,308.00
391.00,170.00,566.00,170.00,566.00,309.00,391.00,309.00
389.00,167.00,559.00,167.00,559.00,306.00,389.00,306.00
389.00,168.00,551.00,168.00,551.00,312.00,389.00,312.00
391.00,167.00,554.00,167.00,554.00,309.00,391.00,309.00
390.00,169.00,545.00,169.00,545.00,313.00,390.00,313.00
389.00,174.00,541.00,174.00,541.00,317.00,389.00,317.00
392.00,172.00,547.00,172.00,547.00,319.00,392.00,319.00
399.00,171.00,551.00,171.00,551.00,314.00,399.00,314.00
391.00,174.00,543.00,174.00,543.00,318.00,391.00,318.00
395.00,174.00,542.00,174.00,542.00,313.00,395.00,313.00
395.00,175.00,544.00,175.00,544.00,312.00,395.00,312.00
397.00,178.00,542.00,178.00,542.00,313.00,397.00,313.00
396.00,176.00,546.00,176.00,546.00,307.00,396.00,307.00
397.00,178.00,542.00,178.00,542.00,310.00,397.00,310.00
392.00,180.00,536.00,180.00,536.00,316.00,392.00,316.00
395.00,179.00,540.00,179.00,540.00,312.00,395.00,312.00
394.00,183.00,538.00,183.00,538.00,325.00,394.00,325.00
389.00,187.00,534.00,187.00,534.00,325.00,389.00,325.00
387.00,189.00,532.00,189.00,532.00,336.00,387.00,336.00
385.00,192.00,527.00,192.00,527.00,343.00,385.00,343.00
383.00,194.00,521.00,194.00,521.00,349.00,383.00,349.00
381.00,190.00,528.00,190.00,528.00,335.00,381.00,335.00
378.00,189.00,530.00,189.00,530.00,326.00,378.00,326.00
379.00,188.00,532.00,188.00,532.00,322.00,379.00,322.00
379.00,190.00,531.00,190.00,531.00,318.00,379.00,318.00
380.00,192.00,529.00,192.00,529.00,321.00,380.00,321.00
377.00,192.00,528.00,192.00,528.00,321.00,377.00,321.00
375.00,191.00,529.00,191.00,529.00,319.00,375.00,319.00
374.00,193.00,528.00,193.00,528.00,325.00,374.00,325.00
371.00,194.00,525.00,194.00,525.00,325.00,371.00,325.00
370.00,189.00,531.00,189.00,531.00,325.00,370.00,325.00
372.00,192.00,523.00,192.00,523.00,322.00,372.00,322.00
368.00,193.00,522.00,193.00,522.00,323.00,368.00,323.00
368.00,192.00,524.00,192.00,524.00,321.00,368.00,321.00
365.00,198.00,516.00,198.00,516.00,327.00,365.00,327.00
365.00,196.00,517.00,196.00,517.00,325.00,365.00,325.00
364.00,194.00,517.00,194.00,517.00,324.00,364.00,324.00
367.00,192.00,520.00,192.00,520.00,323.00,367.00,323.00
365.00,191.00,519.00,191.00,519.00,323.00,365.00,323.00
369.00,193.00,520.00,193.00,520.00,324.00,369.00,324.00
365.00,191.00,514.00,191.00,514.00,324.00,365.00,324.00
367.00,190.00,517.00,190.00,517.00,324.00,367.00,324.00
366.00,192.00,516.00,192.00,516.00,326.00,366.00,326.00
365.00,191.00,520.00,191.00,520.00,322.00,365.00,322.00
365.00,189.00,518.00,189.00,518.00,322.00,365.00,322.00
365.00,190.00,518.00,190.00,518.00,323.00,365.00,323.00
367.00,189.00,525.00,189.00,525.00,317.00,367.00,317.00
369.00,189.00,530.00,189.00,530.00,316.00,369.00,316.00
371.00,188.00,533.00,188.00,533.00,315.00,371.00,315.00
361.00,188.00,529.00,188.00,529.00,319.00,361.00,319.00
358.00,184.00,530.00,184.00,530.00,318.00,358.00,318.00
360.00,181.00,529.00,181.00,529.00,315.00,360.00,315.00
355.00,182.00,527.00,182.00,527.00,318.00,355.00,318.00
358.00,181.00,528.00,181.00,528.00,317.00,358.00,317.00
352.00,183.00,523.00,183.00,523.00,320.00,352.00,320.00
351.00,185.00,524.00,185.00,524.00,323.00,351.00,323.00
354.00,182.00,527.00,182.00,527.00,317.00,354.00,317.00
354.00,184.00,524.00,184.00,524.00,320.00,354.00,320.00
355.00,183.00,524.00,183.00,524.00,319.00,355.00,319.00
352.00,181.00,524.00,181.00,524.00,320.00,352.00,320.00
354.00,176.00,529.00,176.00,529.00,316.00,354.00,316.00
352.00,181.00,524.00,181.00,524.00,320.00,352.00,320.00
344.00,178.00,521.00,178.00,521.00,317.00,344.00,317.00
347.00,179.00,523.00,179.00,523.00,315.00,347.00,315.00
346.00,177.00,523.00,177.00,523.00,313.00,346.00,313.00
345.00,176.00,522.00,176.00,522.00,312.00,345.00,312.00
336.00,175.00,517.00,175.00,517.00,312.00,336.00,312.00
337.00,174.00,515.00,174.00,515.00,310.00,337.00,310.00
341.00,174.00,515.00,174.00,515.00,312.00,341.00,312.00
337.00,171.00,516.00,171.00,516.00,309.00,337.00,309.00
337.00,170.00,518.00,170.00,518.00,309.00,337.00,309.00
335.00,170.00,522.00,170.00,522.00,310.00,335.00,310.00
332.00,170.00,516.00,170.00,516.00,311.00,332.00,311.00
329.00,166.00,516.00,166.00,516.00,307.00,329.00,307.00
331.00,170.00,516.00,170.00,516.00,309.00,331.00,309.00
329.00,171.00,512.00,171.00,512.00,308.00,329.00,308.00
317.00,174.00,495.00,174.00,495.00,315.00,317.00,315.00
316.00,176.00,492.00,176.00,492.00,313.00,316.00,313.00
313.00,178.00,488.00,178.00,488.00,314.00,313.00,314.00
316.00,177.00,494.00,177.00,494.00,315.00,316.00,315.00
311.00,173.00,497.00,173.00,497.00,311.00,311.00,311.00
308.00,181.00,486.00,181.00,486.00,316.00,308.00,316.00
306.00,178.00,490.00,178.00,490.00,316.00,306.00,316.00
303.00,183.00,479.00,183.00,479.00,320.00,303.00,320.00
309.00,173.00,502.00,173.00,502.00,312.00,309.00,312.00
300.00,175.00,495.00,175.00,495.00,313.00,300.00,313.00
294.00,182.00,472.00,182.00,472.00,320.00,294.00,320.00
289.00,178.00,471.00,178.00,471.00,320.00,289.00,320.00
293.00,180.00,468.00,180.00,468.00,318.00,293.00,318.00
289.00,177.00,466.00,177.00,466.00,316.00,289.00,316.00
285.00,176.00,459.00,176.00,459.00,314.00,285.00,314.00
286.00,174.00,459.00,174.00,459.00,313.00,286.00,313.00
285.00,172.00,459.00,172.00,459.00,311.00,285.00,311.00
285.00,178.00,452.00,178.00,452.00,316.00,285.00,316.00
284.00,174.00,453.00,174.00,453.00,313.00,284.00,313.00
277.00,169.00,453.00,169.00,453.00,307.00,277.00,307.00
279.00,169.00,451.00,169.00,451.00,308.00,279.00,308.00
278.00,175.00,445.00,175.00,445.00,314.00,278.00,314.00
273.00,178.00,430.00,178.00,430.00,315.00,273.00,315.00
275.00,175.00,435.00,175.00,435.00,312.00,275.00,312.00
274.00,170.00,436.00,170.00,436.00,311.00,274.00,311.00
274.00,173.00,429.00,173.00,429.00,311.00,274.00,311.00
272.00,167.00,432.00,167.00,432.00,308.00,272.00,308.00
271.00,169.00,427.00,169.00,427.00,307.00,271.00,307.00
270.00,167.00,429.00,167.00,429.00,306.00,270.00,306.00
271.00,163.00,433.00,163.00,433.00,302.00,271.00,302.00
266.00,165.00,428.00,165.00,428.00,303.00,266.00,303.00
269.00,168.00,428.00,168.00,428.00,304.00,269.00,304.00
269.00,173.00,428.00,173.00,428.00,304.00,269.00,304.00
271.00,166.00,429.00,166.00,429.00,297.00,271.00,297.00
277.00,168.00,434.00,168.00,434.00,298.00,277.00,298.00
280.00,168.00,437.00,168.00,437.00,298.00,280.00,298.00
276.00,173.00,427.00,173.00,427.00,302.00,276.00,302.00
275.00,156.00,410.00,156.00,410.00,324.00,275.00,324.00
267.00,171.00,423.00,171.00,423.00,300.00,267.00,300.00
271.00,175.00,422.00,175.00,422.00,302.00,271.00,302.00
261.00,171.00,413.00,171.00,413.00,298.00,261.00,298.00
254.00,170.00,408.00,170.00,408.00,300.00,254.00,300.00
255.00,176.00,405.00,176.00,405.00,304.00,255.00,304.00
255.00,173.00,404.00,173.00,404.00,299.00,255.00,299.00
255.00,176.00,402.00,176.00,402.00,299.00,255.00,299.00
257.00,179.00,403.00,179.00,403.00,296.00,257.00,296.00
254.00,178.00,401.00,178.00,401.00,295.00,254.00,295.00
252.00,176.00,400.00,176.00,400.00,295.00,252.00,295.00
249.00,173.00,400.00,173.00,400.00,294.00,249.00,294.00
244.00,175.00,397.00,175.00,397.00,297.00,244.00,297.00
244.00,173.00,395.00,173.00,395.00,294.00,244.00,294.00
230.00,185.00,375.00,185.00,375.00,307.00,230.00,307.00
151.00,215.00,297.00,215.00,297.00,351.00,151.00,351.00
142.00,214.00,293.00,214.00,293.00,348.00,142.00,348.00
141.00,214.00,295.00,214.00,295.00,348.00,141.00,348.00
135.00,214.00,293.00,214.00,293.00,348.00,135.00,348.00
137.00,214.00,292.00,214.00,292.00,348.00,137.00,348.00
138.00,216.00,290.00,216.00,290.00,346.00,138.00,346.00
142.00,215.00,290.00,215.00,290.00,345.00,142.00,345.00
136.00,217.00,287.00,217.00,287.00,345.00,136.00,345.00
134.00,218.00,286.00,218.00,286.00,348.00,134.00,348.00
133.00,215.00,289.00,215.00,289.00,345.00,133.00,345.00
132.00,216.00,283.00,216.00,283.00,346.00,132.00,346.00
135.00,211.00,290.00,211.00,290.00,340.00,135.00,340.00
128.00,215.00,284.00,215.00,284.00,343.00,128.00,343.00
129.00,214.00,285.00,214.00,285.00,343.00,129.00,343.00
132.00,211.00,285.00,211.00,285.00,342.00,132.00,342.00
134.00,211.00,283.00,211.00,283.00,341.00,134.00,341.00
130.00,212.00,279.00,212.00,279.00,340.00,130.00,340.00
129.00,211.00,281.00,211.00,281.00,342.00,129.00,342.00
143.00,213.00,265.00,213.00,265.00,357.00,143.00,357.00
134.00,205.00,289.00,205.00,289.00,337.00,134.00,337.00
130.00,205.00,288.00,205.00,288.00,340.00,130.00,340.00
134.00,204.00,290.00,204.00,290.00,339.00,134.00,339.00
130.00,206.00,287.00,206.00,287.00,338.00,130.00,338.00
130.00,204.00,291.00,204.00,291.00,335.00,130.00,335.00
135.00,205.00,288.00,205.00,288.00,339.00,135.00,339.00
140.00,203.00,290.00,203.00,290.00,335.00,140.00,335.00
138.00,202.00,293.00,202.00,293.00,331.00,138.00,331.00
142.00,203.00,292.00,203.00,292.00,332.00,142.00,332.00
141.00,205.00,291.00,205.00,291.00,334.00,141.00,334.00
140.00,204.00,291.00,204.00,291.00,332.00,140.00,332.00
137.00,207.00,289.00,207.00,289.00,336.00,137.00,336.00
135.00,205.00,289.00,205.00,289.00,334.00,135.00,334.00
135.00,204.00,290.00,204.00,290.00,336.00,135.00,336.00
135.00,205.00,289.00,205.00,289.00,336.00,135.00,336.00
136.00,206.00,287.00,206.00,287.00,340.00,136.00,340.00
133.00,207.00,285.00,207.00,285.00,336.00,133.00,336.00
130.00,207.00,284.00,207.00,284.00,336.00,130.00,336.00
128.00,211.00,278.00,211.00,278.00,339.00,128.00,339.00
130.00,211.00,277.00,211.00,277.00,336.00,130.00,336.00
131.00,212.00,274.00,212.00,274.00,340.00,131.00,340.00
122.00,213.00,267.00,213.00,267.00,340.00,122.00,340.00
124.00,212.00,268.00,212.00,268.00,341.00,124.00,341.00
122.00,211.00,267.00,211.00,267.00,343.00,122.00,343.00
117.00,212.00,262.00,212.00,262.00,344.00,117.00,344.00
111.00,210.00,257.00,210.00,257.00,342.00,111.00,342.00
116.00,209.00,258.00,209.00,258.00,339.00,116.00,339.00
107.00,212.00,249.00,212.00,249.00,341.00,107.00,341.00
118.00,203.00,259.00,203.00,259.00,330.00,118.00,330.00
118.00,199.00,260.00,199.00,260.00,326.00,118.00,326.00
106.00,205.00,246.00,205.00,246.00,338.00,106.00,338.00
101.00,209.00,243.00,209.00,243.00,346.00,101.00,346.00
99.00,210.00,243.00,210.00,243.00,348.00,99.00,348.00
92.00,211.00,238.00,211.00,238.00,349.00,92.00,349.00
96.00,207.00,237.00,207.00,237.00,344.00,96.00,344.00
98.00,209.00,241.00,209.00,241.00,342.00,98.00,342.00
99.00,208.00,241.00,208.00,241.00,340.00,99.00,340.00
94.00,214.00,238.00,214.00,238.00,351.00,94.00,351.00
92.00,214.00,238.00,214.00,238.00,353.00,92.00,353.00
85.00,213.00,232.00,213.00,232.00,352.00,85.00,352.00
91.00,213.00,237.00,213.00,237.00,351.00,91.00,351.00
88.00,213.00,238.00,213.00,238.00,352.00,88.00,352.00
81.00,212.00,231.00,212.00,231.00,352.00,81.00,352.00
89.00,214.00,216.00,214.00,216.00,360.00,89.00,360.00
85.00,209.00,233.00,209.00,233.00,346.00,85.00,346.00
87.00,211.00,234.00,211.00,234.00,348.00,87.00,348.00
77.00,211.00,229.00,211.00,229.00,348.00,77.00,348.00
85.00,209.00,232.00,209.00,232.00,345.00,85.00,345.00
83.00,211.00,230.00,211.00,230.00,345.00,83.00,345.00
83.00,209.00,229.00,209.00,229.00,344.00,83.00,344.00
85.00,208.00,230.00,208.00,230.00,340.00,85.00,340.00
81.00,209.00,228.00,209.00,228.00,339.00,81.00,339.00
81.00,210.00,225.00,210.00,225.00,341.00,81.00,341.00
81.00,208.00,229.00,208.00,229.00,339.00,81.00,339.00
79.00,208.00,226.00,208.00,226.00,338.00,79.00,338.00
74.00,208.00,219.00,208.00,219.00,337.00,74.00,337.00
73.00,205.00,220.00,205.00,220.00,335.00,73.00,335.00
69.00,207.00,218.00,207.00,218.00,339.00,69.00,339.00
72.00,208.00,217.00,208.00,217.00,340.00,72.00,340.00
65.00,206.00,214.00,206.00,214.00,340.00,65.00,340.00
72.00,203.00,203.00,203.00,203.00,353.00,72.00,353.00
60.00,197.00,209.00,197.00,209.00,336.00,60.00,336.00
59.00,192.00,208.00,192.00,208.00,332.00,59.00,332.00
63.00,191.00,193.00,191.00,193.00,340.00,63.00,340.00
56.00,186.00,209.00,186.00,209.00,327.00,56.00,327.00
52.00,185.00,205.00,185.00,205.00,328.00,52.00,328.00
50.00,185.00,205.00,185.00,205.00,330.00,50.00,330.00
53.00,185.00,205.00,185.00,205.00,331.00,53.00,331.00
42.00,178.00,205.00,178.00,205.00,331.00,42.00,331.00
43.00,176.00,209.00,176.00,209.00,328.00,43.00,328.00
41.00,178.00,204.00,178.00,204.00,332.00,41.00,332.00
43.00,179.00,208.00,179.00,208.00,333.00,43.00,333.00
51.00,187.00,206.00,187.00,206.00,336.00,51.00,336.00
43.00,179.00,207.00,179.00,207.00,331.00,43.00,331.00
47.00,181.00,210.00,181.00,210.00,330.00,47.00,330.00
50.00,184.00,207.00,184.00,207.00,335.00,50.00,335.00
45.00,179.00,208.00,179.00,208.00,333.00,45.00,333.00
52.00,184.00,209.00,184.00,209.00,335.00,52.00,335.00
49.00,183.00,209.00,183.00,209.00,336.00,49.00,336.00
57.00,184.00,211.00,184.00,211.00,335.00,57.00,335.00
54.00,186.00,209.00,186.00,209.00,334.00,54.00,334.00
60.00,195.00,193.00,195.00,193.00,348.00,60.00,348.00
49.00,181.00,208.00,181.00,208.00,330.00,49.00,330.00
50.00,178.00,210.00,178.00,210.00,329.00,50.00,329.00
51.00,183.00,209.00,183.00,209.00,333.00,51.00,333.00
48.00,178.00,210.00,178.00,210.00,330.00,48.00,330.00
49.00,181.00,206.00,181.00,206.00,332.00,49.00,332.00
50.00,183.00,206.00,183.00,206.00,334.00,50.00,334.00
51.00,180.00,207.00,180.00,207.00,333.00,51.00,333.00
49.00,179.00,206.00,179.00,206.00,333.00,49.00,333.00
57.00,189.00,204.00,189.00,204.00,339.00,57.00,339.00
49.00,177.00,207.00,177.00,207.00,332.00,49.00,332.00
48.00,174.00,209.00,174.00,209.00,330.00,48.00,330.00
47.00,168.00,210.00,168.00,210.00,327.00,47.00,327.00
40.00,166.00,209.00,166.00,209.00,327.00,40.00,327.00
42.00,168.00,208.00,168.00,208.00,330.00,42.00,330.00
43.00,170.00,206.00,170.00,206.00,328.00,43.00,328.00
48.00,174.00,207.00,174.00,207.00,330.00,48.00,330.00
48.00,171.00,210.00,171.00,210.00,328.00,48.00,328.00
40.00,163.00,209.00,163.00,209.00,327.00,40.00,327.00
47.00,172.00,210.00,172.00,210.00,331.00,47.00,331.00
45.00,163.00,212.00,163.00,212.00,326.00,45.00,326.00
41.00,166.00,208.00,166.00,208.00,331.00,41.00,331.00
41.00,162.00,211.00,162.00,211.00,328.00,41.00,328.00
45.00,168.00,210.00,168.00,210.00,330.00,45.00,330.00
47.00,169.00,209.00,169.00,209.00,327.00,47.00,327.00
46.00,174.00,205.00,174.00,205.00,330.00,46.00,330.00
52.00,179.00,206.00,179.00,206.00,331.00,52.00,331.00
46.00,173.00,207.00,173.00,207.00,328.00,46.00,328.00
42.00,168.00,206.00,168.00,206.00,326.00,42.00,326.00
47.00,172.00,205.00,172.00,205.00,325.00,47.00,325.00
50.00,177.00,202.00,177.00,202.00,330.00,50.00,330.00
49.00,172.00,207.00,172.00,207.00,328.00,49.00,328.00
46.00,166.00,205.00,166.00,205.00,324.00,46.00,324.00
48.00,164.00,208.00,164.00,208.00,323.00,48.00,323.00
47.00,167.00,205.00,167.00,205.00,325.00,47.00,325.00
49.00,167.00,205.00,167.00,205.00,327.00,49.00,327.00
53.00,168.00,208.00,168.00,208.00,325.00,53.00,325.00
54.00,172.00,207.00,172.00,207.00,327.00,54.00,327.00
49.00,168.00,206.00,168.00,206.00,326.00,49.00,326.00
57.00,181.00,203.00,181.00,203.00,332.00,57.00,332.00
50.00,171.00,204.00,171.00,204.00,327.00,50.00,327.00
56.00,176.00,203.00,176.00,203.00,329.00,56.00,329.00
51.00,175.00,203.00,175.00,203.00,329.00,51.00,329.00
53.00,177.00,204.00,177.00,204.00,329.00,53.00,329.00
53.00,174.00,205.00,174.00,205.00,330.00,53.00,330.00
50.00,172.00,205.00,172.00,205.00,328.00,50.00,328.00
51.00,174.00,202.00,174.00,202.00,329.00,51.00,329.00
52.00,177.00,203.00,177.00,203.00,329.00,52.00,329.00
56.00,186.00,200.00,186.00,200.00,333.00,56.00,333.00
50.00,178.00,203.00,178.00,203.00,328.00,50.00,328.00
50.00,179.00,201.00,179.00,201.00,329.00,50.00,329.00
56.00,185.00,203.00,185.00,203.00,331.00,56.00,331.00
59.00,189.00,199.00,189.00,199.00,334.00,59.00,334.00
58.00,188.00,200.00,188.00,200.00,333.00,58.00,333.00
59.00,192.00,197.00,192.00,197.00,337.00,59.00,337.00
62.00,192.00,198.00,192.00,198.00,336.00,62.00,336.00
63.00,199.00,196.00,199.00,196.00,339.00,63.00,339.00
65.00,197.00,197.00,197.00,197.00,337.00,65.00,337.00
63.00,194.00,195.00,194.00,195.00,336.00,63.00,336.00
65.00,198.00,188.00,198.00,188.00,334.00,65.00,334.00
66.00,200.00,180.00,200.00,180.00,332.00,66.00,332.00
60.00,202.00,172.00,202.00,172.00,338.00,60.00,338.00
62.00,203.00,177.00,203.00,177.00,334.00,62.00,334.00
62.00,202.00,178.00,202.00,178.00,336.00,62.00,336.00
64.00,205.00,172.00,205.00,172.00,338.00,64.00,338.00
65.00,204.00,171.00,204.00,171.00,336.00,65.00,336.00
64.00,204.00,169.00,204.00,169.00,336.00,64.00,336.00
66.00,204.00,171.00,204.00,171.00,336.00,66.00,336.00
64.00,206.00,167.00,206.00,167.00,336.00,64.00,336.00
67.00,204.00,167.00,204.00,167.00,331.00,67.00,331.00
69.00,205.00,172.00,205.00,172.00,333.00,69.00,333.00
73.00,206.00,178.00,206.00,178.00,331.00,73.00,331.00
70.00,204.00,182.00,204.00,182.00,328.00,70.00,328.00
72.00,202.00,188.00,202.00,188.00,325.00,72.00,325.00
72.00,203.00,189.00,203.00,189.00,327.00,72.00,327.00
72.00,203.00,191.00,203.00,191.00,331.00,72.00,331.00
71.00,201.00,190.00,201.00,190.00,331.00,71.00,331.00
71.00,200.00,192.00,200.00,192.00,332.00,71.00,332.00
73.00,200.00,195.00,200.00,195.00,333.00,73.00,333.00
68.00,202.00,186.00,202.00,186.00,337.00,68.00,337.00
71.00,206.00,190.00,206.00,190.00,343.00,71.00,343.00
70.00,204.00,189.00,204.00,189.00,341.00,70.00,341.00
71.00,203.00,194.00,203.00,194.00,341.00,71.00,341.00
73.00,201.00,198.00,201.00,198.00,340.00,73.00,340.00
72.00,199.00,200.00,199.00,200.00,341.00,72.00,341.00
71.00,199.00,201.00,199.00,201.00,340.00,71.00,340.00
71.00,194.00,207.00,194.00,207.00,335.00,71.00,335.00
71.00,196.00,208.00,196.00,208.00,338.00,71.00,338.00
70.00,194.00,209.00,194.00,209.00,338.00,70.00,338.00
77.00,190.00,216.00,190.00,216.00,333.00,77.00,333.00
80.00,196.00,221.00,196.00,221.00,338.00,80.00,338.00
80.00,196.00,223.00,196.00,223.00,337.00,80.00,337.00
81.00,199.00,226.00,199.00,226.00,342.00,81.00,342.00
84.00,199.00,230.00,199.00,230.00,342.00,84.00,342.00
84.00,201.00,231.00,201.00,231.00,344.00,84.00,344.00
89.00,201.00,236.00,201.00,236.00,344.00,89.00,344.00
87.00,197.00,236.00,197.00,236.00,342.00,87.00,342.00
85.00,202.00,235.00,202.00,235.00,344.00,85.00,344.00
87.00,203.00,239.00,203.00,239.00,345.00,87.00,345.00
87.00,201.00,239.00,201.00,239.00,343.00,87.00,343.00
94.00,205.00,240.00,205.00,240.00,344.00,94.00,344.00
100.00,204.00,244.00,204.00,244.00,345.00,100.00,345.00
98.00,206.00,245.00,206.00,245.00,348.00,98.00,348.00
99.00,205.00,244.00,205.00,244.00,346.00,99.00,346.00
96.00,203.00,244.00,203.00,244.00,346.00,96.00,346.00
98.00,204.00,246.00,204.00,246.00,347.00,98.00,347.00
101.00,205.00,247.00,205.00,247.00,347.00,101.00,347.00
101.00,204.00,246.00,204.00,246.00,345.00,101.00,345.00
99.00,203.00,244.00,203.00,244.00,344.00,99.00,344.00
102.00,209.00,245.00,209.00,245.00,349.00,102.00,349.00
103.00,205.00,247.00,205.00,247.00,343.00,103.00,343.00
100.00,206.00,245.00,206.00,245.00,347.00,100.00,347.00
96.00,206.00,246.00,206.00,246.00,347.00,96.00,347.00
96.00,210.00,247.00,210.00,247.00,349.00,96.00,349.00
98.00,210.00,246.00,210.00,246.00,347.00,98.00,347.00
89.00,214.00,234.00,214.00,234.00,349.00,89.00,349.00
82.00,210.00,218.00,210.00,218.00,344.00,82.00,344.00
79.00,208.00,218.00,208.00,218.00,341.00,79.00,341.00
88.00,211.00,229.00,211.00,229.00,345.00,88.00,345.00
82.00,208.00,221.00,208.00,221.00,343.00,82.00,343.00
88.00,212.00,225.00,212.00,225.00,345.00,88.00,345.00
84.00,211.00,220.00,211.00,220.00,345.00,84.00,345.00
85.00,209.00,223.00,209.00,223.00,343.00,85.00,343.00
88.00,213.00,223.00,213.00,223.00,344.00,88.00,344.00
84.00,209.00,218.00,209.00,218.00,341.00,84.00,341.00
82.00,212.00,218.00,212.00,218.00,340.00,82.00,340.00
83.00,211.00,219.00,211.00,219.00,338.00,83.00,338.00
75.00,202.00,220.00,202.00,220.00,334.00,75.00,334.00
66.00,189.00,212.00,189.00,212.00,326.00,66.00,326.00
83.00,205.00,226.00,205.00,226.00,339.00,83.00,339.00
77.00,201.00,224.00,201.00,224.00,335.00,77.00,335.00
84.00,206.00,229.00,206.00,229.00,339.00,84.00,339.00
71.00,193.00,217.00,193.00,217.00,326.00,71.00,326.00
76.00,203.00,225.00,203.00,225.00,336.00,76.00,336.00
73.00,199.00,223.00,199.00,223.00,333.00,73.00,333.00
77.00,203.00,229.00,203.00,229.00,335.00,77.00,335.00
80.00,200.00,234.00,200.00,234.00,332.00,80.00,332.00
71.00,198.00,228.00,198.00,228.00,330.00,71.00,330.00
68.00,199.00,224.00,199.00,224.00,332.00,68.00,332.00
67.00,198.00,224.00,198.00,224.00,332.00,67.00,332.00
76.00,214.00,232.00,214.00,232.00,342.00,76.00,342.00
86.00,224.00,237.00,224.00,237.00,347.00,86.00,347.00
81.00,225.00,230.00,225.00,230.00,347.00,81.00,347.00
95.00,228.00,247.00,228.00,247.00,352.00,95.00,352.00
100.00,229.00,251.00,229.00,251.00,353.00,100.00,353.00
97.00,232.00,248.00,232.00,248.00,356.00,97.00,356.00
102.00,228.00,254.00,228.00,254.00,353.00,102.00,353.00
94.00,230.00,248.00,230.00,248.00,357.00,94.00,357.00
98.00,228.00,255.00,228.00,255.00,356.00,98.00,356.00
104.00,228.00,263.00,228.00,263.00,357.00,104.00,357.00
106.00,230.00,272.00,230.00,272.00,364.00,106.00,364.00
100.00,229.00,268.00,229.00,268.00,363.00,100.00,363.00
100.00,228.00,271.00,228.00,271.00,362.00,100.00,362.00
90.00,222.00,263.00,222.00,263.00,355.00,90.00,355.00
97.00,227.00,272.00,227.00,272.00,363.00,97.00,363.00
80.00,218.00,252.00,218.00,252.00,349.00,80.00,349.00
75.00,217.00,245.00,217.00,245.00,348.00,75.00,348.00
68.00,211.00,240.00,211.00,240.00,344.00,68.00,344.00
64.00,207.00,236.00,207.00,236.00,339.00,64.00,339.00
77.00,207.00,251.00,207.00,251.00,343.00,77.00,343.00
68.00,200.00,242.00,200.00,242.00,336.00,68.00,336.00
70.00,200.00,245.00,200.00,245.00,335.00,70.00,335.00
71.00,198.00,248.00,198.00,248.00,334.00,71.00,334.00
75.00,198.00,254.00,198.00,254.00,336.00,75.00,336.00
76.00,197.00,253.00,197.00,253.00,334.00,76.00,334.00
73.00,192.00,251.00,192.00,251.00,329.00,73.00,329.00
73.00,192.00,249.00,192.00,249.00,326.00,73.00,326.00
78.00,198.00,251.00,198.00,251.00,332.00,78.00,332.00
83.00,198.00,258.00,198.00,258.00,331.00,83.00,331.00
89.00,200.00,272.00,200.00,272.00,336.00,89.00,336.00
79.00,193.00,262.00,193.00,262.00,330.00,79.00,330.00
79.00,192.00,259.00,192.00,259.00,330.00,79.00,330.00
88.00,196.00,271.00,196.00,271.00,332.00,88.00,332.00
93.00,198.00,270.00,198.00,270.00,334.00,93.00,334.00
93.00,196.00,271.00,196.00,271.00,331.00,93.00,331.00
85.00,191.00,269.00,191.00,269.00,332.00,85.00,332.00
81.00,183.00,253.00,183.00,253.00,324.00,81.00,324.00
94.00,188.00,268.00,188.00,268.00,330.00,94.00,330.00
95.00,190.00,264.00,190.00,264.00,328.00,95.00,328.00
90.00,187.00,257.00,187.00,257.00,326.00,90.00,326.00
117.00,201.00,287.00,201.00,287.00,339.00,117.00,339.00
119.00,197.00,297.00,197.00,297.00,339.00,119.00,339.00
116.00,190.00,298.00,190.00,298.00,334.00,116.00,334.00
119.00,192.00,301.00,192.00,301.00,332.00,119.00,332.00
124.00,188.00,304.00,188.00,304.00,329.00,124.00,329.00
130.00,186.00,309.00,186.00,309.00,324.00,130.00,324.00
130.00,179.00,316.00,179.00,316.00,321.00,130.00,321.00
133.00,179.00,321.00,179.00,321.00,321.00,133.00,321.00
138.00,179.00,323.00,179.00,323.00,319.00,138.00,319.00
143.00,183.00,320.00,183.00,320.00,320.00,143.00,320.00
151.00,184.00,325.00,184.00,325.00,318.00,151.00,318.00
151.00,180.00,325.00,180.00,325.00,315.00,151.00,315.00
156.00,184.00,328.00,184.00,328.00,317.00,156.00,317.00
154.00,181.00,326.00,181.00,326.00,315.00,154.00,315.00
156.00,182.00,324.00,182.00,324.00,317.00,156.00,317.00
162.00,185.00,332.00,185.00,332.00,315.00,162.00,315.00
165.00,186.00,332.00,186.00,332.00,316.00,165.00,316.00
166.00,190.00,324.00,190.00,324.00,318.00,166.00,318.00
172.00,190.00,329.00,190.00,329.00,318.00,172.00,318.00
173.00,188.00,331.00,188.00,331.00,316.00,173.00,316.00
175.00,189.00,329.00,189.00,329.00,316.00,175.00,316.00
173.00,189.00,323.00,189.00,323.00,316.00,173.00,316.00
173.00,188.00,327.00,188.00,327.00,313.00,173.00,313.00
172.00,187.00,326.00,187.00,326.00,311.00,172.00,311.00
174.00,184.00,330.00,184.00,330.00,308.00,174.00,308.00
179.00,189.00,333.00,189.00,333.00,311.00,179.00,311.00
180.00,191.00,331.00,191.00,331.00,313.00,180.00,313.00
177.00,189.00,328.00,189.00,328.00,311.00,177.00,311.00
182.00,190.00,332.00,190.00,332.00,309.00,182.00,309.00
185.00,191.00,328.00,191.00,328.00,315.00,185.00,315.00
195.00,187.00,344.00,187.00,344.00,313.00,195.00,313.00
198.00,186.00,346.00,186.00,346.00,312.00,198.00,312.00
229.00,187.00,378.00,187.00,378.00,316.00,229.00,316.00
292.00,193.00,427.00,193.00,427.00,323.00,292.00,323.00
276.00,190.00,417.00,190.00,417.00,320.00,276.00,320.00
278.00,188.00,429.00,188.00,429.00,323.00,278.00,323.00
292.00,187.00,440.00,187.00,440.00,323.00,292.00,323.00
258.00,190.00,410.00,190.00,410.00,326.00,258.00,326.00
280.00,189.00,427.00,189.00,427.00,323.00,280.00,323.00
274.00,193.00,423.00,193.00,423.00,328.00,274.00,328.00
256.00,192.00,415.00,192.00,415.00,326.00,256.00,326.00
289.00,193.00,437.00,193.00,437.00,327.00,289.00,327.00
290.00,193.00,439.00,193.00,439.00,327.00,290.00,327.00
271.00,192.00,427.00,192.00,427.00,328.00,271.00,328.00
240.00,191.00,395.00,191.00,395.00,325.00,240.00,325.00
249.00,193.00,402.00,193.00,402.00,326.00,249.00,326.00
242.00,192.00,395.00,192.00,395.00,323.00,242.00,323.00
251.00,195.00,403.00,195.00,403.00,328.00,251.00,328.00
259.00,196.00,411.00,196.00,411.00,329.00,259.00,329.00
248.00,190.00,407.00,190.00,407.00,328.00,248.00,328.00
251.00,190.00,408.00,190.00,408.00,329.00,251.00,329.00
265.00,195.00,421.00,195.00,421.00,329.00,265.00,329.00
259.00,189.00,419.00,189.00,419.00,327.00,259.00,327.00
258.00,193.00,414.00,193.00,414.00,331.00,258.00,331.00
270.00,195.00,427.00,195.00,427.00,328.00,270.00,328.00
268.00,194.00,426.00,194.00,426.00,328.00,268.00,328.00
270.00,194.00,428.00,194.00,428.00,328.00,270.00,328.00
267.00,191.00,430.00,191.00,430.00,329.00,267.00,329.00
269.00,193.00,429.00,193.00,429.00,329.00,269.00,329.00
265.00,193.00,422.00,193.00,422.00,329.00,265.00,329.00
286.00,191.00,451.00,191.00,451.00,327.00,286.00,327.00
287.00,189.00,453.00,189.00,453.00,327.00,287.00,327.00
287.00,190.00,454.00,190.00,454.00,328.00,287.00,328.00
285.00,189.00,450.00,189.00,450.00,327.00,285.00,327.00
287.00,188.00,453.00,188.00,453.00,327.00,287.00,327.00
283.00,191.00,452.00,191.00,452.00,327.00,283.00,327.00
286.00,189.00,453.00,189.00,453.00,327.00,286.00,327.00
286.00,190.00,451.00,190.00,451.00,326.00,286.00,326.00
287.00,188.00,452.00,188.00,452.00,327.00,287.00,327.00
287.00,183.00,458.00,183.00,458.00,325.00,287.00,325.00
287.00,187.00,455.00,187.00,455.00,326.00,287.00,326.00
292.00,188.00,456.00,188.00,456.00,326.00,292.00,326.00
288.00,189.00,447.00,189.00,447.00,326.00,288.00,326.00
291.00,188.00,453.00,188.00,453.00,327.00,291.00,327.00
288.00,192.00,444.00,192.00,444.00,326.00,288.00,326.00
293.00,191.00,450.00,191.00,450.00,326.00,293.00,326.00
287.00,191.00,441.00,191.00,441.00,325.00,287.00,325.00
288.00,190.00,442.00,190.00,442.00,326.00,288.00,326.00
294.00,188.00,454.00,188.00,454.00,325.00,294.00,325.00
288.00,187.00,447.00,187.00,447.00,326.00,288.00,326.00
292.00,188.00,453.00,188.00,453.00,325.00,292.00,325.00
294.00,189.00,454.00,189.00,454.00,326.00,294.00,326.00
288.00,189.00,447.00,189.00,447.00,325.00,288.00,325.00
293.00,188.00,453.00,188.00,453.00,328.00,293.00,328.00
289.00,189.00,445.00,189.00,445.00,326.00,289.00,326.00
289.00,188.00,447.00,188.00,447.00,327.00,289.00,327.00
291.00,189.00,447.00,189.00,447.00,326.00,291.00,326.00
290.00,190.00,446.00,190.00,446.00,326.00,290.00,326.00
282.00,187.00,440.00,187.00,440.00,326.00,282.00,326.00
287.00,187.00,445.00,187.00,445.00,324.00,287.00,324.00
290.00,189.00,444.00,189.00,444.00,325.00,290.00,325.00
290.00,190.00,444.00,190.00,444.00,324.00,290.00,324.00
289.00,188.00,443.00,188.00,443.00,325.00,289.00,325.00
286.00,189.00,438.00,189.00,438.00,324.00,286.00,324.00
291.00,188.00,445.00,188.00,445.00,325.00,291.00,325.00
281.00,188.00,434.00,188.00,434.00,326.00,281.00,326.00
286.00,191.00,434.00,191.00,434.00,326.00,286.00,326.00
284.00,189.00,436.00,189.00,436.00,326.00,284.00,326.00
289.00,193.00,438.00,193.00,438.00,326.00,289.00,326.00
291.00,189.00,445.00,189.00,445.00,324.00,291.00,324.00
292.00,191.00,442.00,191.00,442.00,325.00,292.00,325.00
292.00,191.00,444.00,191.00,444.00,323.00,292.00,323.00
291.00,188.00,445.00,188.00,445.00,323.00,291.00,323.00
296.00,190.00,448.00,190.00,448.00,323.00,296.00,323.00
294.00,187.00,447.00,187.00,447.00,321.00,294.00,321.00
289.00,188.00,440.00,188.00,440.00,321.00,289.00,321.00
276.00,183.00,428.00,183.00,428.00,322.00,276.00,322.00
284.00,177.00,443.00,177.00,443.00,318.00,284.00,318.00
287.00,174.00,447.00,174.00,447.00,318.00,287.00,318.00
263.00,159.00,428.00,159.00,428.00,317.00,263.00,317.00
269.00,160.00,436.00,160.00,436.00,314.00,269.00,314.00
264.00,164.00,433.00,164.00,433.00,319.00,264.00,319.00
268.00,165.00,444.00,165.00,444.00,316.00,268.00,316.00
269.00,169.00,438.00,169.00,438.00,317.00,269.00,317.00
271.00,177.00,434.00,177.00,434.00,318.00,271.00,318.00
265.00,176.00,429.00,176.00,429.00,320.00,265.00,320.00
277.00,178.00,435.00,178.00,435.00,320.00,277.00,320.00
268.00,175.00,430.00,175.00,430.00,321.00,268.00,321.00
278.00,173.00,433.00,173.00,433.00,315.00,278.00,315.00
285.00,167.00,445.00,167.00,445.00,312.00,285.00,312.00
276.00,171.00,431.00,171.00,431.00,315.00,276.00,315.00
273.00,172.00,436.00,172.00,436.00,317.00,273.00,317.00
276.00,176.00,432.00,176.00,432.00,317.00,276.00,317.00
283.00,179.00,439.00,179.00,439.00,317.00,283.00,317.00
283.00,177.00,439.00,177.00,439.00,317.00,283.00,317.00
289.00,179.00,443.00,179.00,443.00,317.00,289.00,317.00
275.00,177.00,431.00,177.00,431.00,317.00,275.00,317.00
283.00,176.00,441.00,176.00,441.00,317.00,283.00,317.00
290.00,179.00,446.00,179.00,446.00,320.00,290.00,320.00
295.00,175.00,452.00,175.00,452.00,320.00,295.00,320.00
291.00,177.00,448.00,177.00,448.00,319.00,291.00,319.00
287.00,178.00,441.00,178.00,441.00,320.00,287.00,320.00
285.00,180.00,438.00,180.00,438.00,321.00,285.00,321.00
285.00,182.00,437.00,182.00,437.00,321.00,285.00,321.00
292.00,180.00,445.00,180.00,445.00,321.00,292.00,321.00
291.00,181.00,443.00,181.00,443.00,323.00,291.00,323.00
293.00,182.00,442.00,182.00,442.00,323.00,293.00,323.00
291.00,179.00,444.00,179.00,444.00,322.00,291.00,322.00
292.00,181.00,446.00,181.00,446.00,322.00,292.00,322.00
292.00,179.00,447.00,179.00,447.00,324.00,292.00,324.00
288.00,181.00,442.00,181.00,442.00,322.00,288.00,322.00
288.00,181.00,445.00,181.00,445.00,323.00,288.00,323.00
291.00,183.00,444.00,183.00,444.00,326.00,291.00,326.00
289.00,183.00,442.00,183.00,442.00,324.00,289.00,324.00
287.00,180.00,447.00,180.00,447.00,323.00,287.00,323.00
296.00,180.00,452.00,180.00,452.00,324.00,296.00,324.00
292.00,183.00,447.00,183.00,447.00,325.00,292.00,325.00
289.00,184.00,444.00,184.00,444.00,325.00,289.00,325.00
292.00,182.00,448.00,182.00,448.00,323.00,292.00,323.00
293.00,183.00,449.00,183.00,449.00,326.00,293.00,326.00
289.00,183.00,449.00,183.00,449.00,326.00,289.00,326.00
290.00,181.00,449.00,181.00,449.00,326.00,290.00,326.00
288.00,181.00,450.00,181.00,450.00,326.00,288.00,326.00
291.00,180.00,453.00,180.00,453.00,326.00,291.00,326.00
286.00,181.00,449.00,181.00,449.00,327.00,286.00,327.00
291.00,180.00,451.00,180.00,451.00,326.00,291.00,326.00
294.00,179.00,456.00,179.00,456.00,325.00,294.00,325.00
285.00,178.00,451.00,178.00,451.00,324.00,285.00,324.00
292.00,177.00,456.00,177.00,456.00,325.00,292.00,325.00
289.00,176.00,455.00,176.00,455.00,324.00,289.00,324.00
291.00,179.00,453.00,179.00,453.00,325.00,291.00,325.00
288.00,179.00,451.00,179.00,451.00,325.00,288.00,325.00
293.00,180.00,452.00,180.00,452.00,324.00,293.00,324.00
289.00,181.00,447.00,181.00,447.00,325.00,289.00,325.00
289.00,181.00,448.00,181.00,448.00,324.00,289.00,324.00
287.00,182.00,448.00,182.00,448.00,325.00,287.00,325.00
295.00,182.00,454.00,182.00,454.00,325.00,295.00,325.00
293.00,184.00,449.00,184.00,449.00,325.00,293.00,325.00
300.00,179.00,460.00,179.00,460.00,326.00,300.00,326.00
289.00,183.00,449.00,183.00,449.00,325.00,289.00,325.00
294.00,184.00,451.00,184.00,451.00,326.00,294.00,326.00
292.00,183.00,450.00,183.00,450.00,325.00,292.00,325.00
285.00,185.00,441.00,185.00,441.00,323.00,285.00,323.00
289.00,183.00,447.00,183.00,447.00,325.00,289.00,325.00
285.00,183.00,449.00,183.00,449.00,324.00,285.00,324.00
286.00,187.00,444.00,187.00,444.00,325.00,286.00,325.00
293.00,185.00,452.00,185.00,452.00,327.00,293.00,327.00
289.00,182.00,450.00,182.00,450.00,325.00,289.00,325.00
283.00,184.00,448.00,184.00,448.00,326.00,283.00,326.00
292.00,180.00,454.00,180.00,454.00,326.00,292.00,326.00
290.00,177.00,456.00,177.00,456.00,322.00,290.00,322.00
292.00,180.00,455.00,180.00,455.00,325.00,292.00,325.00
294.00,178.00,456.00,178.00,456.00,326.00,294.00,326.00
292.00,178.00,457.00,178.00,457.00,325.00,292.00,325.00
293.00,179.00,456.00,179.00,456.00,328.00,293.00,328.00
286.00,180.00,449.00,180.00,449.00,326.00,286.00,326.00
289.00,180.00,454.00,180.00,454.00,326.00,289.00,326.00
285.00,180.00,449.00,180.00,449.00,326.00,285.00,326.00
288.00,184.00,448.00,184.00,448.00,325.00,288.00,325.00
289.00,182.00,449.00,182.00,449.00,325.00,289.00,325.00
286.00,184.00,449.00,184.00,449.00,326.00,286.00,326.00
285.00,184.00,449.00,184.00,449.00,324.00,285.00,324.00
289.00,185.00,452.00,185.00,452.00,327.00,289.00,327.00
285.00,185.00,452.00,185.00,452.00,326.00,285.00,326.00
294.00,181.00,456.00,181.00,456.00,327.00,294.00,327.00
290.00,182.00,455.00,182.00,455.00,327.00,290.00,327.00
283.00,180.00,449.00,180.00,449.00,325.00,283.00,325.00
284.00,182.00,450.00,182.00,450.00,325.00,284.00,325.00
286.00,186.00,448.00,186.00,448.00,326.00,286.00,326.00
297.00,183.00,457.00,183.00,457.00,329.00,297.00,329.00
298.00,180.00,459.00,180.00,459.00,327.00,298.00,327.00
288.00,183.00,455.00,183.00,455.00,326.00,288.00,326.00
284.00,181.00,454.00,181.00,454.00,324.00,284.00,324.00
287.00,181.00,454.00,181.00,454.00,325.00,287.00,325.00
288.00,182.00,457.00,182.00,457.00,325.00,288.00,325.00
286.00,180.00,460.00,180.00,460.00,324.00,286.00,324.00
287.00,181.00,456.00,181.00,456.00,324.00,287.00,324.00
285.00,185.00,451.00,185.00,451.00,325.00,285.00,325.00
290.00,184.00,456.00,184.00,456.00,324.00,290.00,324.00
290.00,183.00,458.00,183.00,458.00,325.00,290.00,325.00
282.00,186.00,447.00,186.00,447.00,326.00,282.00,326.00
287.00,184.00,458.00,184.00,458.00,326.00,287.00,326.00
292.00,183.00,468.00,183.00,468.00,325.00,292.00,325.00
292.00,183.00,468.00,183.00,468.00,326.00,292.00,326.00
291.00,190.00,460.00,190.00,460.00,328.00,291.00,328.00
289.00,182.00,466.00,182.00,466.00,325.00,289.00,325.00
285.00,185.00,453.00,185.00,453.00,323.00,285.00,323.00
287.00,185.00,459.00,185.00,459.00,325.00,287.00,325.00
289.00,187.00,462.00,187.00,462.00,325.00,289.00,325.00
290.00,189.00,465.00,189.00,465.00,325.00,290.00,325.00
284.00,184.00,456.00,184.00,456.00,321.00,284.00,321.00
290.00,188.00,458.00,188.00,458.00,321.00,290.00,321.00
291.00,188.00,455.00,188.00,455.00,324.00,291.00,324.00
296.00,187.00,469.00,187.00,469.00,327.00,296.00,327.00
297.00,188.00,469.00,188.00,469.00,327.00,297.00,327.00
289.00,186.00,452.00,186.00,452.00,324.00,289.00,324.00
291.00,179.00,452.00,179.00,452.00,320.00,291.00,320.00
300.00,181.00,468.00,181.00,468.00,322.00,300.00,322.00
308.00,184.00,485.00,184.00,485.00,323.00,308.00,323.00
309.00,188.00,481.00,188.00,481.00,325.00,309.00,325.00
317.00,187.00,491.00,187.00,491.00,325.00,317.00,325.00
324.00,188.00,502.00,188.00,502.00,327.00,324.00,327.00
330.00,186.00,506.00,186.00,506.00,326.00,330.00,326.00
340.00,191.00,518.00,191.00,518.00,329.00,340.00,329.00
335.00,191.00,512.00,191.00,512.00,326.00,335.00,326.00
335.00,189.00,510.00,189.00,510.00,325.00,335.00,325.00
348.00,187.00,524.00,187.00,524.00,327.00,348.00,327.00
350.00,185.00,529.00,185.00,529.00,324.00,350.00,324.00
357.00,187.00,530.00,187.00,530.00,324.00,357.00,324.00
357.00,188.00,530.00,188.00,530.00,323.00,357.00,323.00
355.00,186.00,531.00,186.00,531.00,322.00,355.00,322.00
377.00,188.00,557.00,188.00,557.00,323.00,377.00,323.00
380.00,187.00,556.00,187.00,556.00,322.00,380.00,322.00
372.00,184.00,549.00,184.00,549.00,320.00,372.00,320.00
380.00,185.00,560.00,185.00,560.00,321.00,380.00,321.00
383.00,185.00,561.00,185.00,561.00,320.00,383.00,320.00
377.00,183.00,552.00,183.00,552.00,319.00,377.00,319.00
374.00,182.00,555.00,182.00,555.00,319.00,374.00,319.00
379.00,182.00,561.00,182.00,561.00,323.00,379.00,323.00
376.00,182.00,553.00,182.00,553.00,321.00,376.00,321.00
385.00,182.00,568.00,182.00,568.00,324.00,385.00,324.00
380.00,184.00,556.00,184.00,556.00,323.00,380.00,323.00
401.00,193.00,574.00,193.00,574.00,333.00,401.00,333.00
407.00,198.00,575.00,198.00,575.00,336.00,407.00,336.00
412.00,199.00,580.00,199.00,580.00,339.00,412.00,339.00
421.00,200.00,590.00,200.00,590.00,342.00,421.00,342.00
422.00,207.00,592.00,207.00,592.00,349.00,422.00,349.00
438.00,213.00,608.00,213.00,608.00,354.00,438.00,354.00
448.00,220.00,613.00,220.00,613.00,358.00,448.00,358.00
456.00,220.00,616.00,220.00,616.00,355.00,456.00,355.00
467.00,220.00,626.00,220.00,626.00,359.00,467.00,359.00
467.00,219.00,628.00,219.00,628.00,357.00,467.00,357.00
478.00,205.00,625.00,205.00,625.00,339.00,478.00,339.00
484.00,202.00,627.00,202.00,627.00,333.00,484.00,333.00
475.00,176.00,629.00,176.00,629.00,349.00,475.00,349.00
455.00,207.00,609.00,207.00,609.00,381.00,455.00,381.00
435.00,254.00,590.00,254.00,590.00,428.00,435.00,428.00
452.00,225.00,606.00,225.00,606.00,398.00,452.00,398.00
439.00,241.00,593.00,241.00,593.00,414.00,439.00,414.00
445.00,245.00,600.00,245.00,600.00,419.00,445.00,419.00
452.00,256.00,607.00,256.00,607.00,430.00,452.00,430.00
453.00,263.00,611.00,263.00,611.00,440.00,453.00,440.00
532.00,240.00,689.00,240.00,689.00,416.00,532.00,416.00
679.00,263.00,835.00,263.00,835.00,438.00,679.00,438.00
685.00,173.00,843.00,173.00,843.00,350.00,685.00,350.00
706.00,173.00,865.00,173.00,865.00,350.00,706.00,350.00
700.00,199.00,859.00,199.00,859.00,376.00,700.00,376.00
696.00,189.00,862.00,189.00,862.00,329.00,696.00,329.00
700.00,195.00,864.00,195.00,864.00,333.00,700.00,333.00
708.00,193.00,867.00,193.00,867.00,326.00,708.00,326.00
705.00,195.00,868.00,195.00,868.00,328.00,705.00,328.00
698.00,191.00,863.00,191.00,863.00,327.00,698.00,327.00
700.00,199.00,865.00,199.00,865.00,335.00,700.00,335.00
699.00,200.00,863.00,200.00,863.00,336.00,699.00,336.00
703.00,199.00,864.00,199.00,864.00,335.00,703.00,335.00
704.00,201.00,860.00,201.00,860.00,335.00,704.00,335.00
703.00,204.00,856.00,204.00,856.00,336.00,703.00,336.00
705.00,205.00,856.00,205.00,856.00,336.00,705.00,336.00
705.00,205.00,854.00,205.00,854.00,330.00,705.00,330.00
709.00,204.00,857.00,204.00,857.00,326.00,709.00,326.00
711.00,207.00,856.00,207.00,856.00,328.00,711.00,328.00
718.00,206.00,869.00,206.00,869.00,330.00,718.00,330.00
719.00,206.00,873.00,206.00,873.00,329.00,719.00,329.00
722.00,206.00,876.00,206.00,876.00,329.00,722.00,329.00
725.00,205.00,879.00,205.00,879.00,328.00,725.00,328.00
731.00,208.00,883.00,208.00,883.00,331.00,731.00,331.00
735.00,207.00,892.00,207.00,892.00,332.00,735.00,332.00
742.00,205.00,895.00,205.00,895.00,331.00,742.00,331.00
738.00,208.00,890.00,208.00,890.00,330.00,738.00,330.00
741.00,207.00,889.00,207.00,889.00,328.00,741.00,328.00
748.00,209.00,891.00,209.00,891.00,329.00,748.00,329.00
750.00,209.00,892.00,209.00,892.00,329.00,750.00,329.00
759.00,208.00,905.00,208.00,905.00,333.00,759.00,333.00
756.00,209.00,899.00,209.00,899.00,331.00,756.00,331.00
764.00,213.00,909.00,213.00,909.00,342.00,764.00,342.00
769.00,210.00,915.00,210.00,915.00,341.00,769.00,341.00
766.00,205.00,915.00,205.00,915.00,334.00,766.00,334.00
766.00,209.00,919.00,209.00,919.00,341.00,766.00,341.00
765.00,206.00,919.00,206.00,919.00,337.00,765.00,337.00
