1
335.00,120.00,354.00,120.00,354.00,146.00,335.00,146.00
327.00,117.00,349.00,117.00,349.00,144.00,327.00,144.00
321.00,118.00,344.00,118.00,344.00,146.00,321.00,146.00
316.00,116.00,339.00,116.00,339.00,145.00,316.00,145.00
314.00,118.00,335.00,118.00,335.00,144.00,314.00,144.00
309.00,117.00,331.00,117.00,331.00,144.00,309.00,144.00
304.00,117.00,327.00,117.00,327.00,144.00,304.00,144.00
301.00,116.00,323.00,116.00,323.00,144.00,301.00,144.00
297.00,115.00,319.00,115.00,319.00,141.00,297.00,141.00
295.00,115.00,316.00,115.00,316.00,140.00,295.00,140.00
295.00,116.00,314.00,116.00,314.00,141.00,295.00,141.00
288.00,112.00,311.00,112.00,311.00,141.00,288.00,141.00
285.00,114.00,307.00,114.00,307.00,142.00,285.00,142.00
285.00,113.00,305.00,113.00,305.00,140.00,285.00,140.00
284.00,115.00,303.00,115.00,303.00,139.00,284.00,139.00
280.00,113.00,301.00,113.00,301.00,139.00,280.00,139.00
278.00,115.00,299.00,115.00,299.00,140.00,278.00,140.00
276.00,114.00,296.00,114.00,296.00,138.00,276.00,138.00
273.00,115.00,294.00,115.00,294.00,140.00,273.00,140.00
267.00,113.00,289.00,113.00,289.00,138.00,267.00,138.00
264.00,113.00,287.00,113.00,287.00,140.00,264.00,140.00
262.00,111.00,283.00,111.00,283.00,138.00,262.00,138.00
257.00,112.00,279.00,112.00,279.00,140.00,257.00,140.00
253.00,112.00,275.00,112.00,275.00,140.00,253.00,140.00
247.00,114.00,272.00,114.00,272.00,141.00,247.00,141.00
241.00,113.00,267.00,113.00,267.00,141.00,241.00,141.00
236.00,114.00,262.00,114.00,262.00,141.00,236.00,141.00
230.00,113.00,256.00,113.00,256.00,140.00,230.00,140.00
225.00,113.00,251.00,113.00,251.00,141.00,225.00,141.00
219.00,112.00,245.00,112.00,245.00,141.00,219.00,141.00
217.00,112.00,241.00,112.00,241.00,140.00,217.00,140.00
210.00,112.00,234.00,112.00,234.00,141.00,210.00,141.00
207.00,114.00,231.00,114.00,231.00,141.00,207.00,141.00
202.00,113.00,225.00,113.00,225.00,142.00,202.00,142.00
199.00,114.00,223.00,114.00,223.00,144.00,199.00,144.00
200.00,115.00,221.00,115.00,221.00,141.00,200.00,141.00
193.00,115.00,215.00,115.00,215.00,142.00,193.00,142.00
186.00,116.00,210.00,116.00,210.00,141.00,186.00,141.00
181.00,117.00,206.00,117.00,206.00,142.00,181.00,142.00
178.00,115.00,201.00,115.00,201.00,141.00,178.00,141.00
174.00,117.00,195.00,117.00,195.00,143.00,174.00,143.00
169.00,116.00,192.00,116.00,192.00,143.00,169.00,143.00
164.00,117.00,187.00,117.00,187.00,143.00,164.00,143.00
163.00,117.00,183.00,117.00,183.00,145.00,163.00,145.00
158.00,119.00,178.00,119.00,178.00,147.00,158.00,147.00
157.00,119.00,175.00,119.00,175.00,148.00,157.00,148.00
153.00,120.00,172.00,120.00,172.00,148.00,153.00,148.00
152.00,120.00,171.00,120.00,171.00,150.00,152.00,150.00
148.00,123.00,167.00,123.00,167.00,153.00,148.00,153.00
149.00,124.00,167.00,124.00,167.00,152.00,149.00,152.00
149.00,127.00,166.00,127.00,166.00,152.00,149.00,152.00
148.00,124.00,167.00,124.00,167.00,153.00,148.00,153.00
148.00,127.00,166.00,127.00,166.00,154.00,148.00,154.00
149.00,125.00,165.00,125.00,165.00,154.00,149.00,154.00
146.00,131.00,162.00,131.00,162.00,159.00,146.00,159.00
147.00,130.00,164.00,130.00,164.00,158.00,147.00,158.00
146.00,137.00,165.00,137.00,165.00,165.00,146.00,165.00
145.00,142.00,163.00,142.00,163.00,169.00,145.00,169.00
146.00,142.00,163.00,142.00,163.00,169.00,146.00,169.00
143.00,142.00,163.00,142.00,163.00,173.00,143.00,173.00
146.00,143.00,164.00,143.00,164.00,172.00,146.00,172.00
2
0
0
0
0
1
180.00,138.00,198.00,138.00,198.00,159.00,180.00,159.00
183.00,138.00,201.00,138.00,201.00,159.00,183.00,159.00
190.00,140.00,204.00,140.00,204.00,162.00,190.00,162.00
193.00,140.00,210.00,140.00,210.00,162.00,193.00,162.00
196.00,140.00,215.00,140.00,215.00,162.00,196.00,162.00
201.00,142.00,219.00,142.00,219.00,163.00,201.00,163.00
208.00,142.00,222.00,142.00,222.00,165.00,208.00,165.00
212.00,143.00,228.00,143.00,228.00,163.00,212.00,163.00
218.00,141.00,232.00,141.00,232.00,164.00,218.00,164.00
222.00,144.00,238.00,144.00,238.00,165.00,222.00,165.00
227.00,144.00,246.00,144.00,246.00,165.00,227.00,165.00
234.00,143.00,248.00,143.00,248.00,166.00,234.00,166.00
240.00,145.00,258.00,145.00,258.00,165.00,240.00,165.00
246.00,146.00,264.00,146.00,264.00,166.00,246.00,166.00
253.00,144.00,267.00,144.00,267.00,167.00,253.00,167.00
256.00,146.00,273.00,146.00,273.00,168.00,256.00,168.00
262.00,146.00,280.00,146.00,280.00,167.00,262.00,167.00
267.00,147.00,285.00,147.00,285.00,169.00,267.00,169.00
273.00,146.00,291.00,146.00,291.00,167.00,273.00,167.00
279.00,146.00,296.00,146.00,296.00,168.00,279.00,168.00
282.00,146.00,301.00,146.00,301.00,168.00,282.00,168.00
287.00,148.00,304.00,148.00,304.00,170.00,287.00,170.00
291.00,146.00,309.00,146.00,309.00,169.00,291.00,169.00
294.00,146.00,309.00,146.00,309.00,167.00,294.00,167.00
298.00,146.00,312.00,146.00,312.00,166.00,298.00,166.00
299.00,146.00,314.00,146.00,314.00,168.00,299.00,168.00
300.00,144.00,315.00,144.00,315.00,165.00,300.00,165.00
302.00,145.00,315.00,145.00,315.00,168.00,302.00,168.00
302.00,144.00,316.00,144.00,316.00,166.00,302.00,166.00
303.00,145.00,316.00,145.00,316.00,166.00,303.00,166.00
302.00,143.00,316.00,143.00,316.00,167.00,302.00,167.00
304.00,145.00,317.00,145.00,317.00,167.00,304.00,167.00
304.00,140.00,318.00,140.00,318.00,163.00,304.00,163.00
306.00,143.00,319.00,143.00,319.00,165.00,306.00,165.00
305.00,140.00,319.00,140.00,319.00,163.00,305.00,163.00
307.00,141.00,319.00,141.00,319.00,163.00,307.00,163.00
305.00,140.00,320.00,140.00,320.00,163.00,305.00,163.00
305.00,141.00,318.00,141.00,318.00,162.00,305.00,162.00
305.00,140.00,319.00,140.00,319.00,163.00,305.00,163.00
306.00,140.00,319.00,140.00,319.00,162.00,306.00,162.00
306.00,139.00,320.00,139.00,320.00,163.00,306.00,163.00
306.00,139.00,320.00,139.00,320.00,163.00,306.00,163.00
307.00,140.00,320.00,140.00,320.00,163.00,307.00,163.00
307.00,141.00,321.00,141.00,321.00,164.00,307.00,164.00
308.00,140.00,321.00,140.00,321.00,163.00,308.00,163.00
309.00,141.00,322.00,141.00,322.00,162.00,309.00,162.00
311.00,139.00,322.00,139.00,322.00,161.00,311.00,161.00
311.00,140.00,324.00,140.00,324.00,162.00,311.00,162.00
311.00,139.00,324.00,139.00,324.00,162.00,311.00,162.00
312.00,140.00,325.00,140.00,325.00,161.00,312.00,161.00
311.00,139.00,326.00,139.00,326.00,162.00,311.00,162.00
311.00,139.00,326.00,139.00,326.00,163.00,311.00,163.00
312.00,138.00,327.00,138.00,327.00,162.00,312.00,162.00
313.00,138.00,325.00,138.00,325.00,160.00,313.00,160.00
313.00,137.00,326.00,137.00,326.00,161.00,313.00,161.00
314.00,136.00,327.00,136.00,327.00,160.00,314.00,160.00
314.00,135.00,325.00,135.00,325.00,159.00,314.00,159.00
315.00,136.00,327.00,136.00,327.00,160.00,315.00,160.00
316.00,135.00,328.00,135.00,328.00,159.00,316.00,159.00
317.00,136.00,329.00,136.00,329.00,160.00,317.00,160.00
317.00,136.00,329.00,136.00,329.00,159.00,317.00,159.00
317.00,136.00,330.00,136.00,330.00,159.00,317.00,159.00
317.00,136.00,329.00,136.00,329.00,160.00,317.00,160.00
317.00,134.00,329.00,134.00,329.00,159.00,317.00,159.00
318.00,135.00,329.00,135.00,329.00,158.00,318.00,158.00
318.00,132.00,329.00,132.00,329.00,156.00,318.00,156.00
318.00,135.00,329.00,135.00,329.00,159.00,318.00,159.00
318.00,133.00,331.00,133.00,331.00,157.00,318.00,157.00
319.00,134.00,330.00,134.00,330.00,157.00,319.00,157.00
318.00,133.00,331.00,133.00,331.00,157.00,318.00,157.00
319.00,134.00,331.00,134.00,331.00,158.00,319.00,158.00
319.00,132.00,331.00,132.00,331.00,157.00,319.00,157.00
320.00,132.00,331.00,132.00,331.00,157.00,320.00,157.00
319.00,131.00,331.00,131.00,331.00,157.00,319.00,157.00
320.00,132.00,332.00,132.00,332.00,157.00,320.00,157.00
319.00,131.00,331.00,131.00,331.00,156.00,319.00,156.00
319.00,132.00,330.00,132.00,330.00,156.00,319.00,156.00
320.00,132.00,332.00,132.00,332.00,157.00,320.00,157.00
320.00,131.00,332.00,131.00,332.00,157.00,320.00,157.00
320.00,129.00,332.00,129.00,332.00,155.00,320.00,155.00
321.00,132.00,332.00,132.00,332.00,156.00,321.00,156.00
321.00,131.00,334.00,131.00,334.00,156.00,321.00,156.00
321.00,131.00,333.00,131.00,333.00,156.00,321.00,156.00
321.00,131.00,333.00,131.00,333.00,156.00,321.00,156.00
322.00,130.00,333.00,130.00,333.00,154.00,322.00,154.00
321.00,128.00,333.00,128.00,333.00,153.00,321.00,153.00
322.00,130.00,333.00,130.00,333.00,155.00,322.00,155.00
321.00,129.00,333.00,129.00,333.00,154.00,321.00,154.00
321.00,130.00,332.00,130.00,332.00,155.00,321.00,155.00
320.00,128.00,333.00,128.00,333.00,153.00,320.00,153.00
321.00,128.00,333.00,128.00,333.00,151.00,321.00,151.00
320.00,128.00,332.00,128.00,332.00,150.00,320.00,150.00
320.00,127.00,331.00,127.00,331.00,152.00,320.00,152.00
319.00,127.00,332.00,127.00,332.00,152.00,319.00,152.00
319.00,127.00,331.00,127.00,331.00,152.00,319.00,152.00
317.00,125.00,330.00,125.00,330.00,151.00,317.00,151.00
317.00,125.00,329.00,125.00,329.00,151.00,317.00,151.00
317.00,125.00,331.00,125.00,331.00,151.00,317.00,151.00
318.00,124.00,331.00,124.00,331.00,151.00,318.00,151.00
318.00,124.00,330.00,124.00,330.00,150.00,318.00,150.00
318.00,124.00,330.00,124.00,330.00,152.00,318.00,152.00
318.00,126.00,330.00,126.00,330.00,152.00,318.00,152.00
318.00,125.00,330.00,125.00,330.00,150.00,318.00,150.00
318.00,126.00,331.00,126.00,331.00,153.00,318.00,153.00
318.00,128.00,330.00,128.00,330.00,153.00,318.00,153.00
317.00,126.00,331.00,126.00,331.00,151.00,317.00,151.00
317.00,127.00,330.00,127.00,330.00,153.00,317.00,153.00
317.00,126.00,331.00,126.00,331.00,151.00,317.00,151.00
318.00,128.00,331.00,128.00,331.00,152.00,318.00,152.00
316.00,125.00,331.00,125.00,331.00,152.00,316.00,152.00
317.00,125.00,329.00,125.00,329.00,150.00,317.00,150.00
315.00,124.00,330.00,124.00,330.00,151.00,315.00,151.00
316.00,126.00,330.00,126.00,330.00,149.00,316.00,149.00
316.00,124.00,330.00,124.00,330.00,150.00,316.00,150.00
315.00,125.00,330.00,125.00,330.00,151.00,315.00,151.00
315.00,122.00,330.00,122.00,330.00,149.00,315.00,149.00
315.00,123.00,330.00,123.00,330.00,149.00,315.00,149.00
315.00,122.00,327.00,122.00,327.00,147.00,315.00,147.00
315.00,120.00,328.00,120.00,328.00,146.00,315.00,146.00
316.00,121.00,328.00,121.00,328.00,147.00,316.00,147.00
316.00,120.00,328.00,120.00,328.00,146.00,316.00,146.00
317.00,122.00,330.00,122.00,330.00,149.00,317.00,149.00
316.00,121.00,331.00,121.00,331.00,148.00,316.00,148.00
316.00,121.00,330.00,121.00,330.00,148.00,316.00,148.00
315.00,120.00,330.00,120.00,330.00,146.00,315.00,146.00
316.00,121.00,330.00,121.00,330.00,148.00,316.00,148.00
316.00,120.00,330.00,120.00,330.00,146.00,316.00,146.00
317.00,119.00,329.00,119.00,329.00,145.00,317.00,145.00
316.00,118.00,330.00,118.00,330.00,146.00,316.00,146.00
316.00,119.00,329.00,119.00,329.00,147.00,316.00,147.00
318.00,119.00,330.00,119.00,330.00,146.00,318.00,146.00
318.00,119.00,330.00,119.00,330.00,145.00,318.00,145.00
317.00,119.00,329.00,119.00,329.00,142.00,317.00,142.00
317.00,121.00,330.00,121.00,330.00,145.00,317.00,145.00
316.00,117.00,329.00,117.00,329.00,143.00,316.00,143.00
317.00,120.00,329.00,120.00,329.00,145.00,317.00,145.00
318.00,120.00,330.00,120.00,330.00,144.00,318.00,144.00
318.00,120.00,330.00,120.00,330.00,144.00,318.00,144.00
317.00,120.00,330.00,120.00,330.00,143.00,317.00,143.00
318.00,122.00,329.00,122.00,329.00,145.00,318.00,145.00
317.00,114.00,330.00,114.00,330.00,137.00,317.00,137.00
317.00,117.00,330.00,117.00,330.00,140.00,317.00,140.00
317.00,110.00,330.00,110.00,330.00,133.00,317.00,133.00
311.00,116.00,324.00,116.00,324.00,139.00,311.00,139.00
309.00,115.00,322.00,115.00,322.00,138.00,309.00,138.00
310.00,114.00,323.00,114.00,323.00,137.00,310.00,137.00
309.00,111.00,322.00,111.00,322.00,138.00,309.00,138.00
310.00,111.00,322.00,111.00,322.00,137.00,310.00,137.00
310.00,110.00,324.00,110.00,324.00,136.00,310.00,136.00
308.00,111.00,323.00,111.00,323.00,138.00,308.00,138.00
308.00,111.00,322.00,111.00,322.00,138.00,308.00,138.00
308.00,110.00,322.00,110.00,322.00,138.00,308.00,138.00
307.00,109.00,322.00,109.00,322.00,135.00,307.00,135.00
307.00,112.00,321.00,112.00,321.00,137.00,307.00,137.00
305.00,110.00,321.00,110.00,321.00,133.00,305.00,133.00
308.00,111.00,320.00,111.00,320.00,134.00,308.00,134.00
308.00,112.00,321.00,112.00,321.00,135.00,308.00,135.00
309.00,112.00,320.00,112.00,320.00,134.00,309.00,134.00
308.00,113.00,320.00,113.00,320.00,134.00,308.00,134.00
306.00,112.00,317.00,112.00,317.00,134.00,306.00,134.00
305.00,111.00,317.00,111.00,317.00,133.00,305.00,133.00
303.00,111.00,314.00,111.00,314.00,133.00,303.00,133.00
301.00,112.00,314.00,112.00,314.00,136.00,301.00,136.00
299.00,111.00,311.00,111.00,311.00,133.00,299.00,133.00
299.00,112.00,310.00,112.00,310.00,135.00,299.00,135.00
296.00,113.00,308.00,113.00,308.00,135.00,296.00,135.00
295.00,113.00,308.00,113.00,308.00,135.00,295.00,135.00
295.00,113.00,306.00,113.00,306.00,134.00,295.00,134.00
294.00,111.00,306.00,111.00,306.00,134.00,294.00,134.00
293.00,111.00,304.00,111.00,304.00,134.00,293.00,134.00
292.00,111.00,304.00,111.00,304.00,133.00,292.00,133.00
291.00,107.00,303.00,107.00,303.00,132.00,291.00,132.00
292.00,111.00,305.00,111.00,305.00,132.00,292.00,132.00
289.00,110.00,301.00,110.00,301.00,133.00,289.00,133.00
288.00,107.00,301.00,107.00,301.00,131.00,288.00,131.00
286.00,108.00,300.00,108.00,300.00,130.00,286.00,130.00
285.00,108.00,300.00,108.00,300.00,132.00,285.00,132.00
284.00,109.00,299.00,109.00,299.00,133.00,284.00,133.00
283.00,110.00,297.00,110.00,297.00,133.00,283.00,133.00
283.00,111.00,297.00,111.00,297.00,135.00,283.00,135.00
279.00,110.00,293.00,110.00,293.00,134.00,279.00,134.00
273.00,116.00,285.00,116.00,285.00,141.00,273.00,141.00
271.00,114.00,284.00,114.00,284.00,139.00,271.00,139.00
272.00,113.00,283.00,113.00,283.00,140.00,272.00,140.00
270.00,113.00,283.00,113.00,283.00,138.00,270.00,138.00
269.00,113.00,281.00,113.00,281.00,139.00,269.00,139.00
266.00,112.00,279.00,112.00,279.00,137.00,266.00,137.00
265.00,110.00,278.00,110.00,278.00,135.00,265.00,135.00
264.00,110.00,278.00,110.00,278.00,134.00,264.00,134.00
264.00,112.00,276.00,112.00,276.00,135.00,264.00,135.00
262.00,110.00,277.00,110.00,277.00,134.00,262.00,134.00
263.00,113.00,275.00,113.00,275.00,137.00,263.00,137.00
261.00,112.00,274.00,112.00,274.00,135.00,261.00,135.00
261.00,111.00,274.00,111.00,274.00,135.00,261.00,135.00
259.00,112.00,272.00,112.00,272.00,136.00,259.00,136.00
259.00,114.00,271.00,114.00,271.00,139.00,259.00,139.00
257.00,111.00,271.00,111.00,271.00,136.00,257.00,136.00
256.00,114.00,269.00,114.00,269.00,138.00,256.00,138.00
253.00,112.00,268.00,112.00,268.00,138.00,253.00,138.00
254.00,113.00,267.00,113.00,267.00,138.00,254.00,138.00
253.00,110.00,266.00,110.00,266.00,134.00,253.00,134.00
255.00,111.00,267.00,111.00,267.00,134.00,255.00,134.00
252.00,111.00,265.00,111.00,265.00,133.00,252.00,133.00
252.00,111.00,264.00,111.00,264.00,134.00,252.00,134.00
249.00,110.00,262.00,110.00,262.00,133.00,249.00,133.00
248.00,111.00,262.00,111.00,262.00,135.00,248.00,135.00
249.00,109.00,262.00,109.00,262.00,131.00,249.00,131.00
252.00,113.00,263.00,113.00,263.00,135.00,252.00,135.00
251.00,110.00,263.00,110.00,263.00,132.00,251.00,132.00
251.00,113.00,262.00,113.00,262.00,135.00,251.00,135.00
251.00,112.00,263.00,112.00,263.00,134.00,251.00,134.00
250.00,113.00,261.00,113.00,261.00,133.00,250.00,133.00
248.00,111.00,261.00,111.00,261.00,132.00,248.00,132.00
248.00,113.00,260.00,113.00,260.00,134.00,248.00,134.00
246.00,111.00,259.00,111.00,259.00,135.00,246.00,135.00
246.00,113.00,260.00,113.00,260.00,137.00,246.00,137.00
247.00,111.00,261.00,111.00,261.00,133.00,247.00,133.00
246.00,114.00,258.00,114.00,258.00,137.00,246.00,137.00
247.00,112.00,259.00,112.00,259.00,135.00,247.00,135.00
246.00,114.00,258.00,114.00,258.00,137.00,246.00,137.00
247.00,112.00,259.00,112.00,259.00,133.00,247.00,133.00
246.00,112.00,259.00,112.00,259.00,134.00,246.00,134.00
247.00,112.00,259.00,112.00,259.00,132.00,247.00,132.00
242.00,116.00,253.00,116.00,253.00,138.00,242.00,138.00
240.00,114.00,253.00,114.00,253.00,137.00,240.00,137.00
241.00,115.00,253.00,115.00,253.00,136.00,241.00,136.00
239.00,114.00,251.00,114.00,251.00,137.00,239.00,137.00
238.00,116.00,250.00,116.00,250.00,138.00,238.00,138.00
238.00,115.00,250.00,115.00,250.00,137.00,238.00,137.00
236.00,116.00,250.00,116.00,250.00,138.00,236.00,138.00
236.00,115.00,250.00,115.00,250.00,137.00,236.00,137.00
235.00,115.00,249.00,115.00,249.00,137.00,235.00,137.00
234.00,113.00,248.00,113.00,248.00,135.00,234.00,135.00
232.00,114.00,246.00,114.00,246.00,136.00,232.00,136.00
231.00,114.00,244.00,114.00,244.00,136.00,231.00,136.00
230.00,114.00,242.00,114.00,242.00,137.00,230.00,137.00
229.00,112.00,241.00,112.00,241.00,136.00,229.00,136.00
228.00,115.00,240.00,115.00,240.00,137.00,228.00,137.00
225.00,113.00,239.00,113.00,239.00,135.00,225.00,135.00
227.00,115.00,240.00,115.00,240.00,135.00,227.00,135.00
225.00,113.00,238.00,113.00,238.00,134.00,225.00,134.00
224.00,114.00,236.00,114.00,236.00,135.00,224.00,135.00
221.00,113.00,231.00,113.00,231.00,134.00,221.00,134.00
214.00,117.00,227.00,117.00,227.00,140.00,214.00,140.00
214.00,115.00,226.00,115.00,226.00,135.00,214.00,135.00
210.00,118.00,223.00,118.00,223.00,141.00,210.00,141.00
210.00,115.00,223.00,115.00,223.00,137.00,210.00,137.00
208.00,117.00,220.00,117.00,220.00,139.00,208.00,139.00
206.00,116.00,218.00,116.00,218.00,137.00,206.00,137.00
204.00,117.00,216.00,117.00,216.00,139.00,204.00,139.00
193.00,122.00,209.00,122.00,209.00,146.00,193.00,146.00
196.00,119.00,210.00,119.00,210.00,141.00,196.00,141.00
195.00,116.00,209.00,116.00,209.00,137.00,195.00,137.00
189.00,120.00,203.00,120.00,203.00,142.00,189.00,142.00
185.00,118.00,199.00,118.00,199.00,140.00,185.00,140.00
182.00,119.00,196.00,119.00,196.00,141.00,182.00,141.00
178.00,118.00,192.00,118.00,192.00,140.00,178.00,140.00
175.00,118.00,190.00,118.00,190.00,141.00,175.00,141.00
172.00,117.00,187.00,117.00,187.00,140.00,172.00,140.00
170.00,117.00,184.00,117.00,184.00,139.00,170.00,139.00
167.00,116.00,181.00,116.00,181.00,140.00,167.00,140.00
165.00,117.00,178.00,117.00,178.00,140.00,165.00,140.00
162.00,116.00,175.00,116.00,175.00,140.00,162.00,140.00
162.00,116.00,174.00,116.00,174.00,140.00,162.00,140.00
158.00,116.00,171.00,116.00,171.00,141.00,158.00,141.00
161.00,114.00,175.00,114.00,175.00,136.00,161.00,136.00
162.00,109.00,178.00,109.00,178.00,132.00,162.00,132.00
160.00,109.00,175.00,109.00,175.00,131.00,160.00,131.00
156.00,111.00,171.00,111.00,171.00,131.00,156.00,131.00
152.00,110.00,165.00,110.00,165.00,130.00,152.00,130.00
151.00,112.00,166.00,112.00,166.00,132.00,151.00,132.00
149.00,110.00,163.00,110.00,163.00,130.00,149.00,130.00
150.00,112.00,164.00,112.00,164.00,132.00,150.00,132.00
147.00,111.00,163.00,111.00,163.00,131.00,147.00,131.00
146.00,112.00,162.00,112.00,162.00,132.00,146.00,132.00
143.00,112.00,159.00,112.00,159.00,131.00,143.00,131.00
141.00,114.00,156.00,114.00,156.00,135.00,141.00,135.00
139.00,113.00,154.00,113.00,154.00,133.00,139.00,133.00
137.00,115.00,152.00,115.00,152.00,136.00,137.00,136.00
132.00,114.00,148.00,114.00,148.00,134.00,132.00,134.00
129.00,114.00,145.00,114.00,145.00,134.00,129.00,134.00
126.00,114.00,142.00,114.00,142.00,132.00,126.00,132.00
120.00,113.00,137.00,113.00,137.00,132.00,120.00,132.00
116.00,108.00,130.00,108.00,130.00,131.00,116.00,131.00
111.00,113.00,127.00,113.00,127.00,132.00,111.00,132.00
107.00,110.00,121.00,110.00,121.00,133.00,107.00,133.00
104.00,111.00,118.00,111.00,118.00,134.00,104.00,134.00
106.00,118.00,119.00,118.00,119.00,138.00,106.00,138.00
103.00,118.00,117.00,118.00,117.00,137.00,103.00,137.00
99.00,116.00,114.00,116.00,114.00,138.00,99.00,138.00
97.00,117.00,112.00,117.00,112.00,139.00,97.00,139.00
93.00,115.00,109.00,115.00,109.00,138.00,93.00,138.00
90.00,117.00,106.00,117.00,106.00,140.00,90.00,140.00
86.00,115.00,102.00,115.00,102.00,140.00,86.00,140.00
82.00,116.00,99.00,116.00,99.00,141.00,82.00,141.00
78.00,116.00,96.00,116.00,96.00,141.00,78.00,141.00
72.00,115.00,90.00,115.00,90.00,139.00,72.00,139.00
68.00,114.00,87.00,114.00,87.00,140.00,68.00,140.00
63.00,114.00,83.00,114.00,83.00,141.00,63.00,141.00
58.00,113.00,77.00,113.00,77.00,139.00,58.00,139.00
53.00,112.00,71.00,112.00,71.00,138.00,53.00,138.00
49.00,110.00,67.00,110.00,67.00,137.00,49.00,137.00
44.00,111.00,61.00,111.00,61.00,136.00,44.00,136.00
39.00,110.00,57.00,110.00,57.00,136.00,39.00,136.00
35.00,111.00,52.00,111.00,52.00,137.00,35.00,137.00
33.00,111.00,49.00,111.00,49.00,137.00,33.00,137.00
26.00,112.00,45.00,112.00,45.00,139.00,26.00,139.00
24.00,112.00,41.00,112.00,41.00,137.00,24.00,137.00
20.00,113.00,39.00,113.00,39.00,140.00,20.00,140.00
