1
335.00,120.00,355.00,120.00,355.00,145.00,335.00,145.00
328.00,118.00,349.00,118.00,349.00,143.00,328.00,143.00
321.00,119.00,345.00,119.00,345.00,145.00,321.00,145.00
316.00,118.00,340.00,118.00,340.00,144.00,316.00,144.00
313.00,120.00,334.00,120.00,334.00,145.00,313.00,145.00
307.00,115.00,332.00,115.00,332.00,143.00,307.00,143.00
304.00,117.00,328.00,117.00,328.00,144.00,304.00,144.00
300.00,115.00,325.00,115.00,325.00,143.00,300.00,143.00
296.00,117.00,322.00,117.00,322.00,144.00,296.00,144.00
294.00,115.00,319.00,115.00,319.00,142.00,294.00,142.00
293.00,115.00,316.00,115.00,316.00,142.00,293.00,142.00
288.00,112.00,314.00,112.00,314.00,142.00,288.00,142.00
285.00,114.00,310.00,114.00,310.00,142.00,285.00,142.00
285.00,112.00,307.00,112.00,307.00,139.00,285.00,139.00
282.00,115.00,303.00,115.00,303.00,140.00,282.00,140.00
278.00,112.00,302.00,112.00,302.00,139.00,278.00,139.00
276.00,116.00,299.00,116.00,299.00,143.00,276.00,143.00
274.00,113.00,297.00,113.00,297.00,138.00,274.00,138.00
270.00,115.00,295.00,115.00,295.00,140.00,270.00,140.00
266.00,114.00,290.00,114.00,290.00,138.00,266.00,138.00
263.00,112.00,286.00,112.00,286.00,140.00,263.00,140.00
260.00,111.00,283.00,111.00,283.00,138.00,260.00,138.00
256.00,112.00,279.00,112.00,279.00,139.00,256.00,139.00
252.00,112.00,276.00,112.00,276.00,141.00,252.00,141.00
246.00,114.00,272.00,114.00,272.00,141.00,246.00,141.00
241.00,113.00,268.00,113.00,268.00,140.00,241.00,140.00
236.00,114.00,262.00,114.00,262.00,141.00,236.00,141.00
232.00,114.00,256.00,114.00,256.00,140.00,232.00,140.00
225.00,114.00,253.00,114.00,253.00,141.00,225.00,141.00
218.00,112.00,248.00,112.00,248.00,141.00,218.00,141.00
214.00,112.00,242.00,112.00,242.00,140.00,214.00,140.00
208.00,110.00,237.00,110.00,237.00,141.00,208.00,141.00
206.00,113.00,232.00,113.00,232.00,143.00,206.00,143.00
201.00,113.00,227.00,113.00,227.00,143.00,201.00,143.00
199.00,113.00,225.00,113.00,225.00,145.00,199.00,145.00
196.00,113.00,221.00,113.00,221.00,143.00,196.00,143.00
190.00,113.00,218.00,113.00,218.00,144.00,190.00,144.00
184.00,114.00,213.00,114.00,213.00,142.00,184.00,142.00
180.00,115.00,208.00,115.00,208.00,144.00,180.00,144.00
176.00,114.00,204.00,114.00,204.00,143.00,176.00,143.00
172.00,116.00,198.00,116.00,198.00,144.00,172.00,144.00
166.00,115.00,194.00,115.00,194.00,145.00,166.00,145.00
162.00,116.00,190.00,116.00,190.00,144.00,162.00,144.00
160.00,116.00,184.00,116.00,184.00,145.00,160.00,145.00
156.00,118.00,181.00,118.00,181.00,147.00,156.00,147.00
155.00,118.00,177.00,118.00,177.00,147.00,155.00,147.00
151.00,120.00,174.00,120.00,174.00,147.00,151.00,147.00
150.00,120.00,172.00,120.00,172.00,151.00,150.00,151.00
148.00,124.00,169.00,124.00,169.00,152.00,148.00,152.00
148.00,123.00,170.00,123.00,170.00,152.00,148.00,152.00
148.00,125.00,168.00,125.00,168.00,151.00,148.00,151.00
146.00,124.00,167.00,124.00,167.00,153.00,146.00,153.00
147.00,127.00,168.00,127.00,168.00,154.00,147.00,154.00
145.00,128.00,164.00,128.00,164.00,156.00,145.00,156.00
147.00,132.00,164.00,132.00,164.00,158.00,147.00,158.00
147.00,130.00,165.00,130.00,165.00,157.00,147.00,157.00
148.00,137.00,168.00,137.00,168.00,163.00,148.00,163.00
149.00,133.00,169.00,133.00,169.00,159.00,149.00,159.00
147.00,134.00,167.00,134.00,167.00,160.00,147.00,160.00
2
0
0
0
0
1
172.00,131.00,192.00,131.00,192.00,154.00,172.00,154.00
175.00,133.00,195.00,133.00,195.00,155.00,175.00,155.00
176.00,135.00,200.00,135.00,200.00,157.00,176.00,157.00
180.00,136.00,205.00,136.00,205.00,159.00,180.00,159.00
184.00,137.00,209.00,137.00,209.00,159.00,184.00,159.00
188.00,137.00,212.00,137.00,212.00,159.00,188.00,159.00
193.00,138.00,218.00,138.00,218.00,159.00,193.00,159.00
198.00,139.00,222.00,139.00,222.00,160.00,198.00,160.00
206.00,139.00,224.00,139.00,224.00,161.00,206.00,161.00
208.00,141.00,233.00,141.00,233.00,160.00,208.00,160.00
212.00,141.00,238.00,141.00,238.00,162.00,212.00,162.00
216.00,142.00,243.00,142.00,243.00,160.00,216.00,160.00
221.00,141.00,249.00,141.00,249.00,162.00,221.00,162.00
232.00,142.00,251.00,142.00,251.00,164.00,232.00,164.00
234.00,143.00,263.00,143.00,263.00,161.00,234.00,161.00
240.00,143.00,270.00,143.00,270.00,163.00,240.00,163.00
243.00,142.00,275.00,142.00,275.00,162.00,243.00,162.00
251.00,143.00,280.00,143.00,280.00,165.00,251.00,165.00
255.00,142.00,287.00,142.00,287.00,163.00,255.00,163.00
262.00,143.00,292.00,143.00,292.00,165.00,262.00,165.00
268.00,143.00,296.00,143.00,296.00,164.00,268.00,164.00
272.00,144.00,300.00,144.00,300.00,166.00,272.00,166.00
276.00,143.00,305.00,143.00,305.00,165.00,276.00,165.00
282.00,144.00,308.00,144.00,308.00,167.00,282.00,167.00
286.00,143.00,313.00,143.00,313.00,168.00,286.00,168.00
290.00,143.00,314.00,143.00,314.00,168.00,290.00,168.00
294.00,143.00,316.00,143.00,316.00,165.00,294.00,165.00
295.00,143.00,317.00,143.00,317.00,167.00,295.00,167.00
296.00,141.00,318.00,141.00,318.00,166.00,296.00,166.00
298.00,142.00,318.00,142.00,318.00,165.00,298.00,165.00
298.00,140.00,319.00,140.00,319.00,162.00,298.00,162.00
299.00,141.00,318.00,141.00,318.00,164.00,299.00,164.00
299.00,140.00,320.00,140.00,320.00,164.00,299.00,164.00
301.00,141.00,320.00,141.00,320.00,165.00,301.00,165.00
300.00,139.00,321.00,139.00,321.00,162.00,300.00,162.00
301.00,139.00,321.00,139.00,321.00,163.00,301.00,163.00
302.00,137.00,323.00,137.00,323.00,163.00,302.00,163.00
303.00,138.00,322.00,138.00,322.00,162.00,303.00,162.00
301.00,137.00,322.00,137.00,322.00,161.00,301.00,161.00
301.00,137.00,322.00,137.00,322.00,161.00,301.00,161.00
300.00,137.00,321.00,137.00,321.00,160.00,300.00,160.00
301.00,138.00,322.00,138.00,322.00,161.00,301.00,161.00
301.00,137.00,323.00,137.00,323.00,161.00,301.00,161.00
302.00,136.00,322.00,136.00,322.00,160.00,302.00,160.00
302.00,137.00,322.00,137.00,322.00,160.00,302.00,160.00
303.00,138.00,323.00,138.00,323.00,160.00,303.00,160.00
304.00,137.00,324.00,137.00,324.00,160.00,304.00,160.00
305.00,138.00,326.00,138.00,326.00,162.00,305.00,162.00
306.00,136.00,325.00,136.00,325.00,160.00,306.00,160.00
306.00,137.00,327.00,137.00,327.00,161.00,306.00,161.00
307.00,136.00,327.00,136.00,327.00,162.00,307.00,162.00
307.00,136.00,327.00,136.00,327.00,160.00,307.00,160.00
307.00,136.00,327.00,136.00,327.00,162.00,307.00,162.00
307.00,136.00,327.00,136.00,327.00,162.00,307.00,162.00
308.00,135.00,328.00,135.00,328.00,159.00,308.00,159.00
309.00,136.00,328.00,136.00,328.00,160.00,309.00,160.00
309.00,134.00,328.00,134.00,328.00,157.00,309.00,157.00
309.00,133.00,328.00,133.00,328.00,158.00,309.00,158.00
310.00,133.00,328.00,133.00,328.00,158.00,310.00,158.00
311.00,134.00,329.00,134.00,329.00,157.00,311.00,157.00
312.00,134.00,331.00,134.00,331.00,159.00,312.00,159.00
312.00,133.00,330.00,133.00,330.00,157.00,312.00,157.00
312.00,134.00,330.00,134.00,330.00,158.00,312.00,158.00
313.00,133.00,332.00,133.00,332.00,157.00,313.00,157.00
313.00,135.00,331.00,135.00,331.00,159.00,313.00,159.00
314.00,133.00,332.00,133.00,332.00,158.00,314.00,158.00
314.00,134.00,331.00,134.00,331.00,156.00,314.00,156.00
315.00,132.00,333.00,132.00,333.00,156.00,315.00,156.00
315.00,134.00,332.00,134.00,332.00,155.00,315.00,155.00
315.00,133.00,333.00,133.00,333.00,156.00,315.00,156.00
316.00,133.00,333.00,133.00,333.00,154.00,316.00,154.00
316.00,133.00,334.00,133.00,334.00,156.00,316.00,156.00
316.00,134.00,333.00,134.00,333.00,155.00,316.00,155.00
316.00,131.00,335.00,131.00,335.00,154.00,316.00,154.00
317.00,131.00,334.00,131.00,334.00,155.00,317.00,155.00
317.00,131.00,335.00,131.00,335.00,155.00,317.00,155.00
317.00,133.00,335.00,133.00,335.00,155.00,317.00,155.00
317.00,132.00,335.00,132.00,335.00,155.00,317.00,155.00
317.00,133.00,335.00,133.00,335.00,155.00,317.00,155.00
317.00,132.00,335.00,132.00,335.00,155.00,317.00,155.00
318.00,132.00,335.00,132.00,335.00,154.00,318.00,154.00
318.00,130.00,336.00,130.00,336.00,155.00,318.00,155.00
319.00,131.00,335.00,131.00,335.00,153.00,319.00,153.00
317.00,130.00,335.00,130.00,335.00,152.00,317.00,152.00
319.00,131.00,336.00,131.00,336.00,154.00,319.00,154.00
318.00,130.00,336.00,130.00,336.00,153.00,318.00,153.00
319.00,130.00,336.00,130.00,336.00,153.00,319.00,153.00
318.00,128.00,335.00,128.00,335.00,151.00,318.00,151.00
319.00,130.00,336.00,130.00,336.00,152.00,319.00,152.00
318.00,128.00,335.00,128.00,335.00,151.00,318.00,151.00
318.00,129.00,334.00,129.00,334.00,151.00,318.00,151.00
319.00,129.00,336.00,129.00,336.00,152.00,319.00,152.00
318.00,129.00,335.00,129.00,335.00,150.00,318.00,150.00
317.00,127.00,335.00,127.00,335.00,149.00,317.00,149.00
317.00,126.00,334.00,126.00,334.00,149.00,317.00,149.00
317.00,126.00,334.00,126.00,334.00,149.00,317.00,149.00
316.00,127.00,333.00,127.00,333.00,150.00,316.00,150.00
315.00,124.00,332.00,124.00,332.00,148.00,315.00,148.00
315.00,125.00,332.00,125.00,332.00,148.00,315.00,148.00
315.00,123.00,334.00,123.00,334.00,148.00,315.00,148.00
316.00,124.00,333.00,124.00,333.00,147.00,316.00,147.00
316.00,123.00,334.00,123.00,334.00,148.00,316.00,148.00
316.00,125.00,334.00,125.00,334.00,148.00,316.00,148.00
316.00,124.00,333.00,124.00,333.00,148.00,316.00,148.00
315.00,125.00,332.00,125.00,332.00,148.00,315.00,148.00
315.00,124.00,333.00,124.00,333.00,150.00,315.00,150.00
316.00,127.00,333.00,127.00,333.00,150.00,316.00,150.00
315.00,124.00,334.00,124.00,334.00,149.00,315.00,149.00
315.00,126.00,333.00,126.00,333.00,149.00,315.00,149.00
315.00,123.00,333.00,123.00,333.00,149.00,315.00,149.00
315.00,126.00,332.00,126.00,332.00,149.00,315.00,149.00
314.00,124.00,332.00,124.00,332.00,148.00,314.00,148.00
314.00,123.00,332.00,123.00,332.00,148.00,314.00,148.00
313.00,122.00,332.00,122.00,332.00,146.00,313.00,146.00
313.00,123.00,331.00,123.00,331.00,145.00,313.00,145.00
313.00,122.00,332.00,122.00,332.00,147.00,313.00,147.00
313.00,123.00,332.00,123.00,332.00,146.00,313.00,146.00
312.00,121.00,332.00,121.00,332.00,146.00,312.00,146.00
311.00,121.00,332.00,121.00,332.00,147.00,311.00,147.00
311.00,120.00,331.00,120.00,331.00,145.00,311.00,145.00
311.00,118.00,331.00,118.00,331.00,145.00,311.00,145.00
312.00,120.00,331.00,120.00,331.00,146.00,312.00,146.00
312.00,118.00,332.00,118.00,332.00,144.00,312.00,144.00
312.00,120.00,332.00,120.00,332.00,145.00,312.00,145.00
314.00,120.00,333.00,120.00,333.00,145.00,314.00,145.00
312.00,120.00,332.00,120.00,332.00,144.00,312.00,144.00
313.00,119.00,332.00,119.00,332.00,142.00,313.00,142.00
314.00,119.00,332.00,119.00,332.00,143.00,314.00,143.00
313.00,117.00,331.00,117.00,331.00,141.00,313.00,141.00
314.00,118.00,333.00,118.00,333.00,142.00,314.00,142.00
315.00,117.00,333.00,117.00,333.00,142.00,315.00,142.00
315.00,118.00,333.00,118.00,333.00,143.00,315.00,143.00
316.00,117.00,333.00,117.00,333.00,142.00,316.00,142.00
316.00,118.00,333.00,118.00,333.00,144.00,316.00,144.00
316.00,118.00,334.00,118.00,334.00,143.00,316.00,143.00
316.00,120.00,333.00,120.00,333.00,144.00,316.00,144.00
316.00,117.00,333.00,117.00,333.00,144.00,316.00,144.00
315.00,118.00,332.00,118.00,332.00,143.00,315.00,143.00
316.00,118.00,334.00,118.00,334.00,143.00,316.00,143.00
314.00,119.00,334.00,119.00,334.00,141.00,314.00,141.00
317.00,119.00,335.00,119.00,335.00,142.00,317.00,142.00
316.00,121.00,332.00,121.00,332.00,142.00,316.00,142.00
316.00,117.00,333.00,117.00,333.00,140.00,316.00,140.00
314.00,115.00,334.00,115.00,334.00,137.00,314.00,137.00
311.00,112.00,331.00,112.00,331.00,134.00,311.00,134.00
324.00,117.00,344.00,117.00,344.00,139.00,324.00,139.00
318.00,116.00,338.00,116.00,338.00,138.00,318.00,138.00
308.00,113.00,328.00,113.00,328.00,135.00,308.00,135.00
309.00,109.00,326.00,109.00,326.00,134.00,309.00,134.00
310.00,111.00,326.00,111.00,326.00,134.00,310.00,134.00
309.00,110.00,326.00,110.00,326.00,134.00,309.00,134.00
308.00,113.00,328.00,113.00,328.00,135.00,308.00,135.00
307.00,109.00,326.00,109.00,326.00,135.00,307.00,135.00
307.00,112.00,327.00,112.00,327.00,134.00,307.00,134.00
308.00,111.00,327.00,111.00,327.00,138.00,308.00,138.00
308.00,114.00,326.00,114.00,326.00,138.00,308.00,138.00
309.00,116.00,327.00,116.00,327.00,140.00,309.00,140.00
308.00,115.00,326.00,115.00,326.00,138.00,308.00,138.00
308.00,116.00,326.00,116.00,326.00,140.00,308.00,140.00
307.00,115.00,324.00,115.00,324.00,138.00,307.00,138.00
305.00,112.00,324.00,112.00,324.00,135.00,305.00,135.00
305.00,112.00,322.00,112.00,322.00,136.00,305.00,136.00
303.00,110.00,321.00,110.00,321.00,134.00,303.00,134.00
302.00,109.00,318.00,109.00,318.00,132.00,302.00,132.00
299.00,110.00,317.00,110.00,317.00,133.00,299.00,133.00
297.00,111.00,315.00,111.00,315.00,134.00,297.00,134.00
297.00,109.00,314.00,109.00,314.00,132.00,297.00,132.00
295.00,110.00,313.00,110.00,313.00,133.00,295.00,133.00
293.00,111.00,311.00,111.00,311.00,134.00,293.00,134.00
293.00,113.00,312.00,113.00,312.00,134.00,293.00,134.00
292.00,112.00,310.00,112.00,310.00,134.00,292.00,134.00
291.00,109.00,308.00,109.00,308.00,134.00,291.00,134.00
291.00,109.00,307.00,109.00,307.00,133.00,291.00,133.00
290.00,108.00,306.00,108.00,306.00,134.00,290.00,134.00
290.00,108.00,306.00,108.00,306.00,132.00,290.00,132.00
288.00,108.00,304.00,108.00,304.00,132.00,288.00,132.00
286.00,107.00,303.00,107.00,303.00,131.00,286.00,131.00
286.00,107.00,306.00,107.00,306.00,129.00,286.00,129.00
283.00,108.00,303.00,108.00,303.00,132.00,283.00,132.00
284.00,107.00,302.00,107.00,302.00,130.00,284.00,130.00
281.00,107.00,300.00,107.00,300.00,133.00,281.00,133.00
278.00,110.00,296.00,110.00,296.00,134.00,278.00,134.00
279.00,108.00,298.00,108.00,298.00,132.00,279.00,132.00
271.00,116.00,289.00,116.00,289.00,137.00,271.00,137.00
269.00,114.00,288.00,114.00,288.00,136.00,269.00,136.00
267.00,115.00,286.00,115.00,286.00,137.00,267.00,137.00
267.00,115.00,286.00,115.00,286.00,136.00,267.00,136.00
265.00,116.00,283.00,116.00,283.00,136.00,265.00,136.00
264.00,115.00,282.00,115.00,282.00,136.00,264.00,136.00
263.00,116.00,282.00,116.00,282.00,136.00,263.00,136.00
263.00,114.00,282.00,114.00,282.00,133.00,263.00,133.00
261.00,115.00,280.00,115.00,280.00,136.00,261.00,136.00
260.00,114.00,279.00,114.00,279.00,134.00,260.00,134.00
259.00,115.00,278.00,115.00,278.00,135.00,259.00,135.00
259.00,113.00,277.00,113.00,277.00,135.00,259.00,135.00
258.00,114.00,276.00,114.00,276.00,135.00,258.00,135.00
256.00,114.00,275.00,114.00,275.00,136.00,256.00,136.00
254.00,115.00,273.00,115.00,273.00,137.00,254.00,137.00
254.00,112.00,273.00,112.00,273.00,136.00,254.00,136.00
252.00,115.00,273.00,115.00,273.00,136.00,252.00,136.00
251.00,112.00,272.00,112.00,272.00,135.00,251.00,135.00
250.00,113.00,269.00,113.00,269.00,135.00,250.00,135.00
250.00,111.00,271.00,111.00,271.00,134.00,250.00,134.00
250.00,112.00,269.00,112.00,269.00,134.00,250.00,134.00
249.00,111.00,269.00,111.00,269.00,134.00,249.00,134.00
249.00,110.00,268.00,110.00,268.00,131.00,249.00,131.00
248.00,111.00,267.00,111.00,267.00,131.00,248.00,131.00
248.00,112.00,267.00,112.00,267.00,132.00,248.00,132.00
248.00,108.00,267.00,108.00,267.00,129.00,248.00,129.00
249.00,111.00,266.00,111.00,266.00,130.00,249.00,130.00
249.00,110.00,266.00,110.00,266.00,130.00,249.00,130.00
249.00,112.00,265.00,112.00,265.00,132.00,249.00,132.00
247.00,112.00,266.00,112.00,266.00,131.00,247.00,131.00
247.00,113.00,265.00,113.00,265.00,132.00,247.00,132.00
247.00,111.00,266.00,111.00,266.00,131.00,247.00,131.00
246.00,113.00,264.00,113.00,264.00,133.00,246.00,133.00
245.00,112.00,264.00,112.00,264.00,133.00,245.00,133.00
247.00,112.00,265.00,112.00,265.00,132.00,247.00,132.00
246.00,112.00,265.00,112.00,265.00,132.00,246.00,132.00
245.00,114.00,263.00,114.00,263.00,133.00,245.00,133.00
245.00,113.00,263.00,113.00,263.00,133.00,245.00,133.00
242.00,114.00,261.00,114.00,261.00,134.00,242.00,134.00
243.00,112.00,261.00,112.00,261.00,133.00,243.00,133.00
242.00,113.00,259.00,113.00,259.00,135.00,242.00,135.00
243.00,112.00,260.00,112.00,260.00,133.00,243.00,133.00
238.00,115.00,257.00,115.00,257.00,135.00,238.00,135.00
238.00,115.00,257.00,115.00,257.00,134.00,238.00,134.00
240.00,115.00,258.00,115.00,258.00,133.00,240.00,133.00
236.00,115.00,255.00,115.00,255.00,134.00,236.00,134.00
235.00,116.00,256.00,116.00,256.00,135.00,235.00,135.00
236.00,114.00,254.00,114.00,254.00,132.00,236.00,132.00
233.00,115.00,254.00,115.00,254.00,135.00,233.00,135.00
233.00,114.00,253.00,114.00,253.00,134.00,233.00,134.00
231.00,114.00,252.00,114.00,252.00,134.00,231.00,134.00
232.00,113.00,251.00,113.00,251.00,133.00,232.00,133.00
230.00,114.00,250.00,114.00,250.00,134.00,230.00,134.00
230.00,114.00,248.00,114.00,248.00,133.00,230.00,133.00
228.00,116.00,248.00,116.00,248.00,135.00,228.00,135.00
229.00,113.00,247.00,113.00,247.00,133.00,229.00,133.00
227.00,114.00,246.00,114.00,246.00,134.00,227.00,134.00
226.00,113.00,245.00,113.00,245.00,133.00,226.00,133.00
226.00,115.00,244.00,115.00,244.00,134.00,226.00,134.00
225.00,112.00,242.00,112.00,242.00,132.00,225.00,132.00
220.00,113.00,240.00,113.00,240.00,134.00,220.00,134.00
216.00,112.00,236.00,112.00,236.00,131.00,216.00,131.00
213.00,113.00,233.00,113.00,233.00,133.00,213.00,133.00
211.00,112.00,230.00,112.00,230.00,132.00,211.00,132.00
209.00,114.00,228.00,114.00,228.00,134.00,209.00,134.00
207.00,114.00,226.00,114.00,226.00,134.00,207.00,134.00
205.00,115.00,224.00,115.00,224.00,135.00,205.00,135.00
203.00,114.00,223.00,114.00,223.00,134.00,203.00,134.00
199.00,116.00,220.00,116.00,220.00,136.00,199.00,136.00
196.00,116.00,217.00,116.00,217.00,136.00,196.00,136.00
190.00,121.00,212.00,121.00,212.00,139.00,190.00,139.00
188.00,120.00,210.00,120.00,210.00,138.00,188.00,138.00
184.00,120.00,207.00,120.00,207.00,138.00,184.00,138.00
180.00,120.00,204.00,120.00,204.00,137.00,180.00,137.00
177.00,120.00,201.00,120.00,201.00,138.00,177.00,138.00
174.00,118.00,197.00,118.00,197.00,137.00,174.00,137.00
172.00,119.00,195.00,119.00,195.00,137.00,172.00,137.00
168.00,119.00,191.00,119.00,191.00,137.00,168.00,137.00
165.00,119.00,187.00,119.00,187.00,138.00,165.00,138.00
163.00,118.00,185.00,118.00,185.00,137.00,163.00,137.00
163.00,118.00,183.00,118.00,183.00,138.00,163.00,138.00
159.00,118.00,180.00,118.00,180.00,138.00,159.00,138.00
159.00,118.00,178.00,118.00,178.00,138.00,159.00,138.00
155.00,118.00,176.00,118.00,176.00,139.00,155.00,139.00
155.00,119.00,174.00,119.00,174.00,139.00,155.00,139.00
154.00,116.00,175.00,116.00,175.00,137.00,154.00,137.00
150.00,119.00,171.00,119.00,171.00,139.00,150.00,139.00
147.00,118.00,166.00,118.00,166.00,138.00,147.00,138.00
146.00,118.00,165.00,118.00,165.00,137.00,146.00,137.00
148.00,113.00,169.00,113.00,169.00,132.00,148.00,132.00
151.00,110.00,172.00,110.00,172.00,127.00,151.00,127.00
149.00,111.00,168.00,111.00,168.00,127.00,149.00,127.00
147.00,111.00,166.00,111.00,166.00,127.00,147.00,127.00
145.00,115.00,165.00,115.00,165.00,132.00,145.00,132.00
141.00,113.00,161.00,113.00,161.00,130.00,141.00,130.00
140.00,115.00,159.00,115.00,159.00,132.00,140.00,132.00
137.00,114.00,157.00,114.00,157.00,131.00,137.00,131.00
135.00,116.00,155.00,116.00,155.00,133.00,135.00,133.00
130.00,113.00,152.00,113.00,152.00,131.00,130.00,131.00
127.00,114.00,148.00,114.00,148.00,133.00,127.00,133.00
123.00,113.00,146.00,113.00,146.00,131.00,123.00,131.00
118.00,114.00,139.00,114.00,139.00,131.00,118.00,131.00
113.00,112.00,136.00,112.00,136.00,129.00,113.00,129.00
109.00,114.00,130.00,114.00,130.00,131.00,109.00,131.00
107.00,113.00,126.00,113.00,126.00,132.00,107.00,132.00
100.00,114.00,124.00,114.00,124.00,131.00,100.00,131.00
103.00,117.00,124.00,117.00,124.00,138.00,103.00,138.00
101.00,117.00,122.00,117.00,122.00,138.00,101.00,138.00
98.00,116.00,120.00,116.00,120.00,138.00,98.00,138.00
95.00,117.00,116.00,117.00,116.00,138.00,95.00,138.00
91.00,117.00,112.00,117.00,112.00,137.00,91.00,137.00
87.00,116.00,109.00,116.00,109.00,137.00,87.00,137.00
83.00,115.00,106.00,115.00,106.00,137.00,83.00,137.00
78.00,116.00,103.00,116.00,103.00,137.00,78.00,137.00
74.00,117.00,99.00,117.00,99.00,138.00,74.00,138.00
68.00,114.00,96.00,114.00,96.00,136.00,68.00,136.00
63.00,113.00,91.00,113.00,91.00,134.00,63.00,134.00
60.00,115.00,86.00,115.00,86.00,137.00,60.00,137.00
66.00,119.00,85.00,119.00,85.00,138.00,66.00,138.00
50.00,114.00,75.00,114.00,75.00,136.00,50.00,136.00
45.00,113.00,71.00,113.00,71.00,134.00,45.00,134.00
43.00,112.00,68.00,112.00,68.00,135.00,43.00,135.00
36.00,110.00,63.00,110.00,63.00,133.00,36.00,133.00
31.00,111.00,59.00,111.00,59.00,133.00,31.00,133.00
29.00,112.00,53.00,112.00,53.00,134.00,29.00,134.00
28.00,114.00,48.00,114.00,48.00,134.00,28.00,134.00
22.00,111.00,46.00,111.00,46.00,132.00,22.00,132.00
17.00,113.00,41.00,113.00,41.00,136.00,17.00,136.00
