1
166.00,66.00,259.00,66.00,259.00,129.00,166.00,129.00
133.00,95.00,220.00,95.00,220.00,157.00,133.00,157.00
99.00,100.00,187.00,100.00,187.00,164.00,99.00,164.00
75.00,101.00,162.00,101.00,162.00,164.00,75.00,164.00
54.00,110.00,141.00,110.00,141.00,173.00,54.00,173.00
57.00,120.00,143.00,120.00,143.00,182.00,57.00,182.00
60.00,135.00,146.00,135.00,146.00,197.00,60.00,197.00
69.00,153.00,157.00,153.00,157.00,216.00,69.00,216.00
108.00,155.00,192.00,155.00,192.00,218.00,108.00,218.00
131.00,144.00,218.00,144.00,218.00,207.00,131.00,207.00
167.00,135.00,256.00,135.00,256.00,199.00,167.00,199.00
210.00,126.00,292.00,126.00,292.00,192.00,210.00,192.00
243.00,132.00,317.00,132.00,317.00,199.00,243.00,199.00
264.00,137.00,347.00,137.00,347.00,203.00,264.00,203.00
288.00,139.00,379.00,139.00,379.00,204.00,288.00,204.00
301.00,139.00,400.00,139.00,400.00,204.00,301.00,204.00
297.00,142.00,389.00,142.00,389.00,214.00,297.00,214.00
306.00,138.00,391.00,138.00,391.00,220.00,306.00,220.00
327.00,149.00,415.00,149.00,415.00,226.00,327.00,226.00
357.00,159.00,448.00,159.00,448.00,229.00,357.00,229.00
367.00,163.00,461.00,163.00,461.00,235.00,367.00,235.00
372.00,182.00,460.00,182.00,460.00,250.00,372.00,250.00
375.00,187.00,459.00,187.00,459.00,254.00,375.00,254.00
380.00,186.00,461.00,186.00,461.00,250.00,380.00,250.00
374.00,167.00,452.00,167.00,452.00,231.00,374.00,231.00
349.00,147.00,430.00,147.00,430.00,216.00,349.00,216.00
319.00,139.00,407.00,139.00,407.00,202.00,319.00,202.00
292.00,125.00,367.00,125.00,367.00,187.00,292.00,187.00
273.00,144.00,347.00,144.00,347.00,201.00,273.00,201.00
264.00,145.00,345.00,145.00,345.00,200.00,264.00,200.00
261.00,153.00,339.00,153.00,339.00,206.00,261.00,206.00
241.00,152.00,320.00,152.00,320.00,205.00,241.00,205.00
222.00,155.00,299.00,155.00,299.00,210.00,222.00,210.00
209.00,153.00,286.00,153.00,286.00,209.00,209.00,209.00
191.00,143.00,266.00,143.00,266.00,203.00,191.00,203.00
174.00,140.00,246.00,140.00,246.00,203.00,174.00,203.00
158.00,136.00,233.00,136.00,233.00,198.00,158.00,198.00
157.00,137.00,229.00,137.00,229.00,198.00,157.00,198.00
159.00,134.00,235.00,134.00,235.00,196.00,159.00,196.00
170.00,128.00,248.00,128.00,248.00,184.00,170.00,184.00
185.00,128.00,255.00,128.00,255.00,178.00,185.00,178.00
179.00,135.00,265.00,135.00,265.00,194.00,179.00,194.00
192.00,144.00,265.00,144.00,265.00,193.00,192.00,193.00
210.00,140.00,282.00,140.00,282.00,191.00,210.00,191.00
229.00,143.00,299.00,143.00,299.00,190.00,229.00,190.00
252.00,144.00,318.00,144.00,318.00,193.00,252.00,193.00
275.00,146.00,339.00,146.00,339.00,198.00,275.00,198.00
292.00,150.00,352.00,150.00,352.00,200.00,292.00,200.00
300.00,154.00,359.00,154.00,359.00,200.00,300.00,200.00
302.00,151.00,363.00,151.00,363.00,196.00,302.00,196.00
305.00,148.00,367.00,148.00,367.00,194.00,305.00,194.00
318.00,141.00,375.00,141.00,375.00,186.00,318.00,186.00
318.00,144.00,394.00,144.00,394.00,196.00,318.00,196.00
325.00,125.00,401.00,125.00,401.00,177.00,325.00,177.00
322.00,155.00,397.00,155.00,397.00,206.00,322.00,206.00
331.00,154.00,406.00,154.00,406.00,205.00,331.00,205.00
351.00,154.00,425.00,154.00,425.00,204.00,351.00,204.00
338.00,147.00,410.00,147.00,410.00,196.00,338.00,196.00
344.00,135.00,416.00,135.00,416.00,184.00,344.00,184.00
317.00,145.00,389.00,145.00,389.00,194.00,317.00,194.00
330.00,141.00,402.00,141.00,402.00,190.00,330.00,190.00
337.00,125.00,409.00,125.00,409.00,174.00,337.00,174.00
335.00,140.00,406.00,140.00,406.00,189.00,335.00,189.00
310.00,147.00,381.00,147.00,381.00,196.00,310.00,196.00
314.00,147.00,386.00,147.00,386.00,196.00,314.00,196.00
333.00,127.00,405.00,127.00,405.00,176.00,333.00,176.00
327.00,128.00,398.00,128.00,398.00,176.00,327.00,176.00
345.00,136.00,416.00,136.00,416.00,184.00,345.00,184.00
349.00,135.00,419.00,135.00,419.00,182.00,349.00,182.00
312.00,143.00,383.00,143.00,383.00,190.00,312.00,190.00
295.00,141.00,366.00,141.00,366.00,188.00,295.00,188.00
351.00,128.00,423.00,128.00,423.00,175.00,351.00,175.00
343.00,128.00,414.00,128.00,414.00,174.00,343.00,174.00
321.00,123.00,391.00,123.00,391.00,168.00,321.00,168.00
333.00,130.00,403.00,130.00,403.00,175.00,333.00,175.00
314.00,155.00,383.00,155.00,383.00,200.00,314.00,200.00
284.00,141.00,354.00,141.00,354.00,186.00,284.00,186.00
270.00,131.00,341.00,131.00,341.00,177.00,270.00,177.00
295.00,175.00,366.00,175.00,366.00,221.00,295.00,221.00
280.00,172.00,351.00,172.00,351.00,218.00,280.00,218.00
262.00,173.00,333.00,173.00,333.00,219.00,262.00,219.00
239.00,176.00,298.00,176.00,298.00,224.00,239.00,224.00
224.00,172.00,283.00,172.00,283.00,219.00,224.00,219.00
217.00,168.00,278.00,168.00,278.00,216.00,217.00,216.00
224.00,169.00,283.00,169.00,283.00,214.00,224.00,214.00
234.00,161.00,294.00,161.00,294.00,211.00,234.00,211.00
250.00,156.00,313.00,156.00,313.00,201.00,250.00,201.00
268.00,158.00,332.00,158.00,332.00,201.00,268.00,201.00
286.00,165.00,347.00,165.00,347.00,212.00,286.00,212.00
303.00,171.00,364.00,171.00,364.00,218.00,303.00,218.00
315.00,170.00,375.00,170.00,375.00,218.00,315.00,218.00
331.00,162.00,392.00,162.00,392.00,209.00,331.00,209.00
336.00,158.00,399.00,158.00,399.00,200.00,336.00,200.00
337.00,159.00,398.00,159.00,398.00,201.00,337.00,201.00
339.00,161.00,398.00,161.00,398.00,208.00,339.00,208.00
362.00,169.00,418.00,169.00,418.00,217.00,362.00,217.00
358.00,162.00,435.00,162.00,435.00,212.00,358.00,212.00
354.00,167.00,429.00,167.00,429.00,216.00,354.00,216.00
361.00,149.00,435.00,149.00,435.00,198.00,361.00,198.00
385.00,183.00,439.00,183.00,439.00,229.00,385.00,229.00
366.00,178.00,426.00,178.00,426.00,231.00,366.00,231.00
350.00,177.00,408.00,177.00,408.00,229.00,350.00,229.00
324.00,183.00,401.00,183.00,401.00,234.00,324.00,234.00
2
0
0
0
0
1
168.00,200.00,210.00,200.00,210.00,263.00,168.00,263.00
168.00,205.00,214.00,205.00,214.00,268.00,168.00,268.00
188.00,211.00,228.00,211.00,228.00,272.00,188.00,272.00
208.00,211.00,249.00,211.00,249.00,273.00,208.00,273.00
231.00,218.00,273.00,218.00,273.00,281.00,231.00,281.00
245.00,219.00,291.00,219.00,291.00,289.00,245.00,289.00
273.00,217.00,317.00,217.00,317.00,290.00,273.00,290.00
306.00,233.00,349.00,233.00,349.00,297.00,306.00,297.00
338.00,216.00,382.00,216.00,382.00,281.00,338.00,281.00
334.00,218.00,378.00,218.00,378.00,282.00,334.00,282.00
325.00,211.00,364.00,211.00,364.00,284.00,325.00,284.00
315.00,223.00,358.00,223.00,358.00,285.00,315.00,285.00
317.00,225.00,360.00,225.00,360.00,287.00,317.00,287.00
341.00,195.00,385.00,195.00,385.00,258.00,341.00,258.00
316.00,180.00,359.00,180.00,359.00,242.00,316.00,242.00
338.00,190.00,381.00,190.00,381.00,252.00,338.00,252.00
348.00,186.00,391.00,186.00,391.00,248.00,348.00,248.00
323.00,197.00,366.00,197.00,366.00,258.00,323.00,258.00
324.00,201.00,366.00,201.00,366.00,260.00,324.00,260.00
315.00,200.00,357.00,200.00,357.00,259.00,315.00,259.00
308.00,201.00,349.00,201.00,349.00,259.00,308.00,259.00
2
0
0
0
0
1
302.00,186.00,374.00,186.00,374.00,268.00,302.00,268.00
300.00,186.00,373.00,186.00,373.00,265.00,300.00,265.00
295.00,185.00,366.00,185.00,366.00,264.00,295.00,264.00
295.00,181.00,359.00,181.00,359.00,256.00,295.00,256.00
281.00,172.00,347.00,172.00,347.00,242.00,281.00,242.00
275.00,167.00,338.00,167.00,338.00,236.00,275.00,236.00
270.00,165.00,330.00,165.00,330.00,231.00,270.00,231.00
265.00,148.00,335.00,148.00,335.00,232.00,265.00,232.00
239.00,139.00,309.00,139.00,309.00,223.00,239.00,223.00
234.00,137.00,303.00,137.00,303.00,220.00,234.00,220.00
242.00,137.00,311.00,137.00,311.00,220.00,242.00,220.00
254.00,137.00,322.00,137.00,322.00,219.00,254.00,219.00
291.00,151.00,358.00,151.00,358.00,232.00,291.00,232.00
285.00,153.00,352.00,153.00,352.00,234.00,285.00,234.00
264.00,151.00,331.00,151.00,331.00,231.00,264.00,231.00
251.00,147.00,317.00,147.00,317.00,226.00,251.00,226.00
254.00,147.00,320.00,147.00,320.00,226.00,254.00,226.00
270.00,148.00,336.00,148.00,336.00,227.00,270.00,227.00
235.00,127.00,300.00,127.00,300.00,206.00,235.00,206.00
299.00,124.00,364.00,124.00,364.00,203.00,299.00,203.00
344.00,129.00,409.00,129.00,409.00,209.00,344.00,209.00
392.00,144.00,457.00,144.00,457.00,224.00,392.00,224.00
382.00,129.00,447.00,129.00,447.00,209.00,382.00,209.00
382.00,133.00,448.00,133.00,448.00,214.00,382.00,214.00
367.00,138.00,433.00,138.00,433.00,219.00,367.00,219.00
383.00,147.00,450.00,147.00,450.00,229.00,383.00,229.00
384.00,165.00,451.00,165.00,451.00,247.00,384.00,247.00
392.00,172.00,461.00,172.00,461.00,256.00,392.00,256.00
378.00,172.00,446.00,172.00,446.00,255.00,378.00,255.00
368.00,172.00,430.00,172.00,430.00,235.00,368.00,235.00
361.00,170.00,424.00,170.00,424.00,234.00,361.00,234.00
365.00,169.00,434.00,169.00,434.00,234.00,365.00,234.00
374.00,170.00,443.00,170.00,443.00,237.00,374.00,237.00
373.00,164.00,443.00,164.00,443.00,232.00,373.00,232.00
361.00,154.00,431.00,154.00,431.00,227.00,361.00,227.00
361.00,149.00,432.00,149.00,432.00,237.00,361.00,237.00
393.00,158.00,466.00,158.00,466.00,236.00,393.00,236.00
403.00,177.00,474.00,177.00,474.00,266.00,403.00,266.00
