1
165.00,66.00,259.00,66.00,259.00,130.00,165.00,130.00
134.00,90.00,219.00,90.00,219.00,151.00,134.00,151.00
102.00,99.00,190.00,99.00,190.00,163.00,102.00,163.00
75.00,95.00,165.00,95.00,165.00,160.00,75.00,160.00
55.00,107.00,147.00,107.00,147.00,174.00,55.00,174.00
56.00,119.00,148.00,119.00,148.00,186.00,56.00,186.00
60.00,133.00,153.00,133.00,153.00,201.00,60.00,201.00
65.00,147.00,160.00,147.00,160.00,216.00,65.00,216.00
108.00,155.00,195.00,155.00,195.00,219.00,108.00,219.00
130.00,143.00,221.00,143.00,221.00,208.00,130.00,208.00
168.00,123.00,259.00,123.00,259.00,190.00,168.00,190.00
210.00,124.00,294.00,124.00,294.00,192.00,210.00,192.00
242.00,129.00,320.00,129.00,320.00,196.00,242.00,196.00
262.00,138.00,349.00,138.00,349.00,206.00,262.00,206.00
285.00,140.00,381.00,140.00,381.00,206.00,285.00,206.00
302.00,138.00,400.00,138.00,400.00,205.00,302.00,205.00
297.00,139.00,391.00,139.00,391.00,214.00,297.00,214.00
307.00,134.00,392.00,134.00,392.00,212.00,307.00,212.00
328.00,144.00,418.00,144.00,418.00,225.00,328.00,225.00
355.00,156.00,450.00,156.00,450.00,234.00,355.00,234.00
369.00,164.00,462.00,164.00,462.00,239.00,369.00,239.00
373.00,178.00,460.00,178.00,460.00,249.00,373.00,249.00
376.00,184.00,460.00,184.00,460.00,254.00,376.00,254.00
381.00,181.00,463.00,181.00,463.00,251.00,381.00,251.00
373.00,163.00,451.00,163.00,451.00,234.00,373.00,234.00
351.00,144.00,430.00,144.00,430.00,216.00,351.00,216.00
322.00,129.00,402.00,129.00,402.00,199.00,322.00,199.00
288.00,127.00,371.00,127.00,371.00,191.00,288.00,191.00
270.00,136.00,352.00,136.00,352.00,198.00,270.00,198.00
265.00,144.00,345.00,144.00,345.00,200.00,265.00,200.00
260.00,151.00,340.00,151.00,340.00,207.00,260.00,207.00
242.00,150.00,321.00,150.00,321.00,205.00,242.00,205.00
223.00,151.00,297.00,151.00,297.00,209.00,223.00,209.00
211.00,148.00,285.00,148.00,285.00,207.00,211.00,207.00
193.00,139.00,268.00,139.00,268.00,202.00,193.00,202.00
177.00,134.00,250.00,134.00,250.00,201.00,177.00,201.00
161.00,134.00,237.00,134.00,237.00,201.00,161.00,201.00
156.00,132.00,233.00,132.00,233.00,200.00,156.00,200.00
161.00,131.00,238.00,131.00,238.00,199.00,161.00,199.00
170.00,123.00,249.00,123.00,249.00,186.00,170.00,186.00
185.00,127.00,255.00,127.00,255.00,181.00,185.00,181.00
181.00,132.00,264.00,132.00,264.00,198.00,181.00,198.00
192.00,142.00,263.00,142.00,263.00,197.00,192.00,197.00
212.00,137.00,281.00,137.00,281.00,191.00,212.00,191.00
229.00,142.00,298.00,142.00,298.00,196.00,229.00,196.00
251.00,142.00,316.00,142.00,316.00,196.00,251.00,196.00
276.00,142.00,338.00,142.00,338.00,197.00,276.00,197.00
293.00,147.00,353.00,147.00,353.00,202.00,293.00,202.00
300.00,148.00,360.00,148.00,360.00,199.00,300.00,199.00
304.00,146.00,365.00,146.00,365.00,197.00,304.00,197.00
305.00,149.00,367.00,149.00,367.00,199.00,305.00,199.00
318.00,137.00,377.00,137.00,377.00,188.00,318.00,188.00
326.00,143.00,402.00,143.00,402.00,205.00,326.00,205.00
322.00,160.00,397.00,160.00,397.00,222.00,322.00,222.00
327.00,167.00,403.00,167.00,403.00,229.00,327.00,229.00
332.00,163.00,408.00,163.00,408.00,225.00,332.00,225.00
341.00,174.00,416.00,174.00,416.00,235.00,341.00,235.00
341.00,141.00,415.00,141.00,415.00,201.00,341.00,201.00
330.00,154.00,403.00,154.00,403.00,213.00,330.00,213.00
319.00,141.00,392.00,141.00,392.00,200.00,319.00,200.00
323.00,133.00,396.00,133.00,396.00,192.00,323.00,192.00
343.00,130.00,416.00,130.00,416.00,189.00,343.00,189.00
337.00,132.00,410.00,132.00,410.00,191.00,337.00,191.00
301.00,149.00,374.00,149.00,374.00,208.00,301.00,208.00
294.00,143.00,367.00,143.00,367.00,202.00,294.00,202.00
294.00,146.00,367.00,146.00,367.00,205.00,294.00,205.00
309.00,139.00,382.00,139.00,382.00,198.00,309.00,198.00
321.00,123.00,394.00,123.00,394.00,182.00,321.00,182.00
317.00,135.00,390.00,135.00,390.00,194.00,317.00,194.00
318.00,147.00,392.00,147.00,392.00,207.00,318.00,207.00
305.00,148.00,379.00,148.00,379.00,208.00,305.00,208.00
292.00,130.00,366.00,130.00,366.00,190.00,292.00,190.00
268.00,120.00,342.00,120.00,342.00,180.00,268.00,180.00
284.00,121.00,357.00,121.00,357.00,180.00,284.00,180.00
310.00,128.00,383.00,128.00,383.00,187.00,310.00,187.00
274.00,127.00,348.00,127.00,348.00,187.00,274.00,187.00
278.00,131.00,351.00,131.00,351.00,190.00,278.00,190.00
272.00,130.00,344.00,130.00,344.00,189.00,272.00,189.00
293.00,173.00,365.00,173.00,365.00,232.00,293.00,232.00
282.00,169.00,339.00,169.00,339.00,226.00,282.00,226.00
259.00,170.00,319.00,170.00,319.00,226.00,259.00,226.00
241.00,170.00,301.00,170.00,301.00,224.00,241.00,224.00
226.00,170.00,284.00,170.00,284.00,222.00,226.00,222.00
221.00,166.00,279.00,166.00,279.00,218.00,221.00,218.00
227.00,164.00,284.00,164.00,284.00,214.00,227.00,214.00
238.00,158.00,295.00,158.00,295.00,213.00,238.00,213.00
252.00,153.00,311.00,153.00,311.00,205.00,252.00,205.00
269.00,156.00,331.00,156.00,331.00,202.00,269.00,202.00
289.00,163.00,347.00,163.00,347.00,214.00,289.00,214.00
307.00,168.00,365.00,168.00,365.00,220.00,307.00,220.00
319.00,169.00,373.00,169.00,373.00,221.00,319.00,221.00
332.00,164.00,389.00,164.00,389.00,214.00,332.00,214.00
339.00,157.00,395.00,157.00,395.00,200.00,339.00,200.00
339.00,160.00,395.00,160.00,395.00,203.00,339.00,203.00
343.00,157.00,396.00,157.00,396.00,206.00,343.00,206.00
364.00,169.00,413.00,169.00,413.00,220.00,364.00,220.00
363.00,165.00,429.00,165.00,429.00,219.00,363.00,219.00
364.00,180.00,429.00,180.00,429.00,234.00,364.00,234.00
379.00,169.00,444.00,169.00,444.00,223.00,379.00,223.00
385.00,184.00,437.00,184.00,437.00,237.00,385.00,237.00
366.00,180.00,422.00,180.00,422.00,234.00,366.00,234.00
352.00,180.00,408.00,180.00,408.00,234.00,352.00,234.00
335.00,182.00,401.00,182.00,401.00,237.00,335.00,237.00
2
0
0
0
0
1
166.00,201.00,210.00,201.00,210.00,262.00,166.00,262.00
167.00,206.00,215.00,206.00,215.00,269.00,167.00,269.00
189.00,208.00,230.00,208.00,230.00,270.00,189.00,270.00
204.00,213.00,246.00,213.00,246.00,277.00,204.00,277.00
231.00,213.00,273.00,213.00,273.00,278.00,231.00,278.00
244.00,218.00,293.00,218.00,293.00,290.00,244.00,290.00
272.00,213.00,320.00,213.00,320.00,289.00,272.00,289.00
307.00,227.00,351.00,227.00,351.00,294.00,307.00,294.00
336.00,214.00,380.00,214.00,380.00,281.00,336.00,281.00
335.00,214.00,378.00,214.00,378.00,280.00,335.00,280.00
328.00,217.00,370.00,217.00,370.00,282.00,328.00,282.00
327.00,225.00,368.00,225.00,368.00,289.00,327.00,289.00
327.00,218.00,369.00,218.00,369.00,283.00,327.00,283.00
352.00,189.00,394.00,189.00,394.00,254.00,352.00,254.00
326.00,181.00,368.00,181.00,368.00,246.00,326.00,246.00
342.00,183.00,384.00,183.00,384.00,248.00,342.00,248.00
345.00,184.00,387.00,184.00,387.00,249.00,345.00,249.00
301.00,194.00,342.00,194.00,342.00,257.00,301.00,257.00
329.00,191.00,370.00,191.00,370.00,254.00,329.00,254.00
327.00,199.00,368.00,199.00,368.00,262.00,327.00,262.00
307.00,201.00,348.00,201.00,348.00,264.00,307.00,264.00
2
0
0
0
0
1
303.00,186.00,375.00,186.00,375.00,268.00,303.00,268.00
300.00,185.00,374.00,185.00,374.00,266.00,300.00,266.00
296.00,186.00,367.00,186.00,367.00,264.00,296.00,264.00
295.00,181.00,358.00,181.00,358.00,256.00,295.00,256.00
282.00,172.00,347.00,172.00,347.00,244.00,282.00,244.00
274.00,166.00,337.00,166.00,337.00,238.00,274.00,238.00
271.00,160.00,329.00,160.00,329.00,231.00,271.00,231.00
270.00,153.00,326.00,153.00,326.00,225.00,270.00,225.00
240.00,141.00,308.00,141.00,308.00,219.00,240.00,219.00
235.00,141.00,304.00,141.00,304.00,220.00,235.00,220.00
268.00,145.00,336.00,145.00,336.00,223.00,268.00,223.00
274.00,146.00,343.00,146.00,343.00,225.00,274.00,225.00
285.00,149.00,353.00,149.00,353.00,227.00,285.00,227.00
283.00,153.00,351.00,153.00,351.00,231.00,283.00,231.00
266.00,156.00,333.00,156.00,333.00,233.00,266.00,233.00
254.00,149.00,322.00,149.00,322.00,227.00,254.00,227.00
249.00,147.00,316.00,147.00,316.00,223.00,249.00,223.00
261.00,142.00,327.00,142.00,327.00,217.00,261.00,217.00
264.00,139.00,330.00,139.00,330.00,214.00,264.00,214.00
292.00,113.00,358.00,113.00,358.00,188.00,292.00,188.00
344.00,131.00,410.00,131.00,410.00,206.00,344.00,206.00
366.00,155.00,432.00,155.00,432.00,230.00,366.00,230.00
376.00,129.00,443.00,129.00,443.00,205.00,376.00,205.00
374.00,139.00,440.00,139.00,440.00,214.00,374.00,214.00
380.00,148.00,446.00,148.00,446.00,223.00,380.00,223.00
396.00,156.00,462.00,156.00,462.00,231.00,396.00,231.00
381.00,177.00,447.00,177.00,447.00,252.00,381.00,252.00
381.00,176.00,447.00,176.00,447.00,251.00,381.00,251.00
375.00,171.00,440.00,171.00,440.00,245.00,375.00,245.00
367.00,163.00,432.00,163.00,432.00,237.00,367.00,237.00
361.00,171.00,425.00,171.00,425.00,232.00,361.00,232.00
368.00,170.00,436.00,170.00,436.00,234.00,368.00,234.00
379.00,172.00,446.00,172.00,446.00,239.00,379.00,239.00
376.00,166.00,445.00,166.00,445.00,233.00,376.00,233.00
365.00,157.00,433.00,157.00,433.00,228.00,365.00,228.00
365.00,160.00,434.00,160.00,434.00,238.00,365.00,238.00
400.00,157.00,471.00,157.00,471.00,228.00,400.00,228.00
421.00,174.00,491.00,174.00,491.00,253.00,421.00,253.00
