1
629.00,264.00,779.00,264.00,779.00,379.00,629.00,379.00
632.00,266.00,782.00,266.00,782.00,379.00,632.00,379.00
635.00,265.00,786.00,265.00,786.00,379.00,635.00,379.00
640.00,265.00,790.00,265.00,790.00,380.00,640.00,380.00
641.00,266.00,793.00,266.00,793.00,382.00,641.00,382.00
643.00,266.00,796.00,266.00,796.00,382.00,643.00,382.00
645.00,266.00,800.00,266.00,800.00,382.00,645.00,382.00
647.00,268.00,798.00,268.00,798.00,384.00,647.00,384.00
646.00,269.00,801.00,269.00,801.00,385.00,646.00,385.00
648.00,269.00,802.00,269.00,802.00,386.00,648.00,386.00
646.00,269.00,803.00,269.00,803.00,388.00,646.00,388.00
647.00,270.00,804.00,270.00,804.00,389.00,647.00,389.00
649.00,269.00,806.00,269.00,806.00,389.00,649.00,389.00
648.00,271.00,804.00,271.00,804.00,390.00,648.00,390.00
650.00,271.00,805.00,271.00,805.00,391.00,650.00,391.00
652.00,273.00,807.00,273.00,807.00,393.00,652.00,393.00
655.00,274.00,811.00,274.00,811.00,396.00,655.00,396.00
654.00,275.00,811.00,275.00,811.00,398.00,654.00,398.00
656.00,276.00,815.00,276.00,815.00,400.00,656.00,400.00
655.00,278.00,815.00,278.00,815.00,402.00,655.00,402.00
656.00,278.00,821.00,278.00,821.00,405.00,656.00,405.00
657.00,279.00,820.00,279.00,820.00,404.00,657.00,404.00
657.00,280.00,823.00,280.00,823.00,407.00,657.00,407.00
656.00,279.00,823.00,279.00,823.00,408.00,656.00,408.00
652.00,280.00,825.00,280.00,825.00,411.00,652.00,411.00
652.00,281.00,825.00,281.00,825.00,411.00,652.00,411.00
653.00,281.00,829.00,281.00,829.00,413.00,653.00,413.00
651.00,282.00,824.00,282.00,824.00,412.00,651.00,412.00
652.00,281.00,827.00,281.00,827.00,414.00,652.00,414.00
653.00,283.00,826.00,283.00,826.00,414.00,653.00,414.00
652.00,285.00,827.00,285.00,827.00,415.00,652.00,415.00
653.00,285.00,828.00,285.00,828.00,416.00,653.00,416.00
652.00,287.00,825.00,287.00,825.00,418.00,652.00,418.00
653.00,286.00,830.00,286.00,830.00,419.00,653.00,419.00
654.00,287.00,832.00,287.00,832.00,419.00,654.00,419.00
650.00,288.00,829.00,288.00,829.00,421.00,650.00,421.00
648.00,289.00,831.00,289.00,831.00,422.00,648.00,422.00
645.00,291.00,830.00,291.00,830.00,422.00,645.00,422.00
643.00,291.00,829.00,291.00,829.00,423.00,643.00,423.00
639.00,291.00,829.00,291.00,829.00,424.00,639.00,424.00
637.00,292.00,826.00,292.00,826.00,424.00,637.00,424.00
633.00,292.00,826.00,292.00,826.00,423.00,633.00,423.00
629.00,293.00,822.00,293.00,822.00,423.00,629.00,423.00
629.00,292.00,824.00,292.00,824.00,425.00,629.00,425.00
627.00,291.00,821.00,291.00,821.00,425.00,627.00,425.00
625.00,293.00,824.00,293.00,824.00,425.00,625.00,425.00
626.00,292.00,823.00,292.00,823.00,426.00,626.00,426.00
628.00,290.00,831.00,290.00,831.00,429.00,628.00,429.00
633.00,290.00,833.00,290.00,833.00,431.00,633.00,431.00
631.00,291.00,831.00,291.00,831.00,431.00,631.00,431.00
633.00,289.00,834.00,289.00,834.00,430.00,633.00,430.00
633.00,291.00,834.00,291.00,834.00,433.00,633.00,433.00
632.00,292.00,833.00,292.00,833.00,432.00,632.00,432.00
632.00,291.00,835.00,291.00,835.00,432.00,632.00,432.00
634.00,289.00,834.00,289.00,834.00,432.00,634.00,432.00
633.00,291.00,835.00,291.00,835.00,434.00,633.00,434.00
629.00,287.00,834.00,287.00,834.00,431.00,629.00,431.00
629.00,288.00,834.00,288.00,834.00,432.00,629.00,432.00
632.00,287.00,833.00,287.00,833.00,432.00,632.00,432.00
636.00,286.00,833.00,286.00,833.00,432.00,636.00,432.00
630.00,285.00,834.00,285.00,834.00,433.00,630.00,433.00
637.00,282.00,836.00,282.00,836.00,432.00,637.00,432.00
631.00,281.00,835.00,281.00,835.00,432.00,631.00,432.00
640.00,281.00,838.00,281.00,838.00,431.00,640.00,431.00
630.00,281.00,840.00,281.00,840.00,432.00,630.00,432.00
638.00,279.00,844.00,279.00,844.00,431.00,638.00,431.00
642.00,280.00,844.00,280.00,844.00,434.00,642.00,434.00
641.00,280.00,849.00,280.00,849.00,435.00,641.00,435.00
647.00,277.00,849.00,277.00,849.00,436.00,647.00,436.00
645.00,279.00,851.00,279.00,851.00,436.00,645.00,436.00
641.00,278.00,851.00,278.00,851.00,436.00,641.00,436.00
643.00,279.00,854.00,279.00,854.00,441.00,643.00,441.00
641.00,278.00,853.00,278.00,853.00,438.00,641.00,438.00
646.00,276.00,854.00,276.00,854.00,440.00,646.00,440.00
645.00,275.00,856.00,275.00,856.00,440.00,645.00,440.00
636.00,278.00,855.00,278.00,855.00,442.00,636.00,442.00
648.00,274.00,858.00,274.00,858.00,442.00,648.00,442.00
640.00,275.00,856.00,275.00,856.00,442.00,640.00,442.00
640.00,275.00,859.00,275.00,859.00,446.00,640.00,446.00
639.00,273.00,859.00,273.00,859.00,448.00,639.00,448.00
638.00,272.00,859.00,272.00,859.00,448.00,638.00,448.00
639.00,272.00,857.00,272.00,857.00,446.00,639.00,446.00
638.00,272.00,859.00,272.00,859.00,449.00,638.00,449.00
638.00,272.00,858.00,272.00,858.00,449.00,638.00,449.00
638.00,272.00,858.00,272.00,858.00,448.00,638.00,448.00
632.00,272.00,858.00,272.00,858.00,449.00,632.00,449.00
627.00,272.00,860.00,272.00,860.00,449.00,627.00,449.00
633.00,270.00,865.00,270.00,865.00,453.00,633.00,453.00
631.00,274.00,864.00,274.00,864.00,453.00,631.00,453.00
630.00,272.00,865.00,272.00,865.00,455.00,630.00,455.00
627.00,276.00,861.00,276.00,861.00,456.00,627.00,456.00
627.00,276.00,864.00,276.00,864.00,459.00,627.00,459.00
631.00,276.00,868.00,276.00,868.00,458.00,631.00,458.00
633.00,272.00,870.00,272.00,870.00,460.00,633.00,460.00
632.00,271.00,872.00,271.00,872.00,461.00,632.00,461.00
628.00,271.00,871.00,271.00,871.00,459.00,628.00,459.00
629.00,271.00,871.00,271.00,871.00,456.00,629.00,456.00
628.00,270.00,871.00,270.00,871.00,458.00,628.00,458.00
632.00,266.00,876.00,266.00,876.00,456.00,632.00,456.00
628.00,267.00,874.00,267.00,874.00,455.00,628.00,455.00
626.00,264.00,876.00,264.00,876.00,457.00,626.00,457.00
630.00,266.00,874.00,266.00,874.00,459.00,630.00,459.00
630.00,262.00,878.00,262.00,878.00,458.00,630.00,458.00
624.00,263.00,875.00,263.00,875.00,457.00,624.00,457.00
625.00,261.00,876.00,261.00,876.00,460.00,625.00,460.00
625.00,259.00,878.00,259.00,878.00,457.00,625.00,457.00
624.00,259.00,881.00,259.00,881.00,460.00,624.00,460.00
625.00,257.00,878.00,257.00,878.00,459.00,625.00,459.00
616.00,258.00,875.00,258.00,875.00,460.00,616.00,460.00
623.00,252.00,875.00,252.00,875.00,455.00,623.00,455.00
614.00,255.00,873.00,255.00,873.00,461.00,614.00,461.00
617.00,252.00,871.00,252.00,871.00,458.00,617.00,458.00
617.00,250.00,873.00,250.00,873.00,455.00,617.00,455.00
613.00,249.00,876.00,249.00,876.00,453.00,613.00,453.00
609.00,249.00,871.00,249.00,871.00,455.00,609.00,455.00
610.00,250.00,870.00,250.00,870.00,457.00,610.00,457.00
604.00,252.00,868.00,252.00,868.00,461.00,604.00,461.00
597.00,250.00,868.00,250.00,868.00,460.00,597.00,460.00
598.00,247.00,871.00,247.00,871.00,463.00,598.00,463.00
596.00,247.00,870.00,247.00,870.00,464.00,596.00,464.00
600.00,244.00,875.00,244.00,875.00,464.00,600.00,464.00
593.00,248.00,873.00,248.00,873.00,469.00,593.00,469.00
592.00,243.00,876.00,243.00,876.00,468.00,592.00,468.00
593.00,244.00,875.00,244.00,875.00,466.00,593.00,466.00
589.00,243.00,878.00,243.00,878.00,469.00,589.00,469.00
588.00,243.00,882.00,243.00,882.00,470.00,588.00,470.00
584.00,243.00,881.00,243.00,881.00,475.00,584.00,475.00
592.00,239.00,884.00,239.00,884.00,475.00,592.00,475.00
587.00,237.00,885.00,237.00,885.00,470.00,587.00,470.00
579.00,235.00,883.00,235.00,883.00,473.00,579.00,473.00
575.00,235.00,891.00,235.00,891.00,478.00,575.00,478.00
570.00,233.00,892.00,233.00,892.00,478.00,570.00,478.00
576.00,231.00,893.00,231.00,893.00,479.00,576.00,479.00
569.00,229.00,897.00,229.00,897.00,477.00,569.00,477.00
580.00,230.00,898.00,230.00,898.00,482.00,580.00,482.00
583.00,229.00,897.00,229.00,897.00,488.00,583.00,488.00
576.00,230.00,901.00,230.00,901.00,480.00,576.00,480.00
583.00,227.00,904.00,227.00,904.00,485.00,583.00,485.00
576.00,230.00,909.00,230.00,909.00,490.00,576.00,490.00
578.00,230.00,910.00,230.00,910.00,494.00,578.00,494.00
572.00,223.00,916.00,223.00,916.00,493.00,572.00,493.00
580.00,224.00,919.00,224.00,919.00,493.00,580.00,493.00
569.00,225.00,924.00,225.00,924.00,498.00,569.00,498.00
578.00,224.00,923.00,224.00,923.00,496.00,578.00,496.00
564.00,220.00,927.00,220.00,927.00,495.00,564.00,495.00
570.00,222.00,924.00,222.00,924.00,499.00,570.00,499.00
570.00,221.00,927.00,221.00,927.00,505.00,570.00,505.00
565.00,220.00,928.00,220.00,928.00,507.00,565.00,507.00
564.00,214.00,929.00,214.00,929.00,505.00,564.00,505.00
564.00,216.00,932.00,216.00,932.00,510.00,564.00,510.00
565.00,218.00,938.00,218.00,938.00,514.00,565.00,514.00
558.00,212.00,943.00,212.00,943.00,514.00,558.00,514.00
566.00,218.00,942.00,218.00,942.00,519.00,566.00,519.00
561.00,210.00,948.00,210.00,948.00,520.00,561.00,520.00
563.00,216.00,946.00,216.00,946.00,529.00,563.00,529.00
567.00,212.00,953.00,212.00,953.00,533.00,567.00,533.00
574.00,224.00,947.00,224.00,947.00,537.00,574.00,537.00
570.00,221.00,953.00,221.00,953.00,541.00,570.00,541.00
569.00,222.00,957.00,222.00,957.00,539.00,569.00,539.00
577.00,228.00,956.00,228.00,956.00,546.00,577.00,546.00
574.00,229.00,955.00,229.00,955.00,548.00,574.00,548.00
578.00,235.00,953.00,235.00,953.00,553.00,578.00,553.00
576.00,233.00,959.00,233.00,959.00,556.00,576.00,556.00
583.00,236.00,955.00,236.00,955.00,563.00,583.00,563.00
584.00,236.00,951.00,236.00,951.00,567.00,584.00,567.00
578.00,224.00,959.00,224.00,959.00,574.00,578.00,574.00
577.00,224.00,958.00,224.00,958.00,579.00,577.00,579.00
573.00,237.00,958.00,237.00,958.00,585.00,573.00,585.00
569.00,235.00,958.00,235.00,958.00,590.00,569.00,590.00
571.00,237.00,953.00,237.00,953.00,594.00,571.00,594.00
578.00,249.00,950.00,249.00,950.00,598.00,578.00,598.00
578.00,245.00,952.00,245.00,952.00,605.00,578.00,605.00
578.00,253.00,955.00,253.00,955.00,612.00,578.00,612.00
581.00,260.00,959.00,260.00,959.00,615.00,581.00,615.00
579.00,250.00,965.00,250.00,965.00,624.00,579.00,624.00
578.00,245.00,971.00,245.00,971.00,633.00,578.00,633.00
584.00,240.00,983.00,240.00,983.00,640.00,584.00,640.00
575.00,212.00,972.00,212.00,972.00,625.00,575.00,625.00
574.00,203.00,965.00,203.00,965.00,613.00,574.00,613.00
570.00,204.00,965.00,204.00,965.00,613.00,570.00,613.00
568.00,202.00,954.00,202.00,954.00,612.00,568.00,612.00
574.00,200.00,958.00,200.00,958.00,613.00,574.00,613.00
571.00,202.00,955.00,202.00,955.00,612.00,571.00,612.00
567.00,202.00,950.00,202.00,950.00,612.00,567.00,612.00
567.00,206.00,949.00,206.00,949.00,610.00,567.00,610.00
566.00,205.00,946.00,205.00,946.00,617.00,566.00,617.00
566.00,201.00,953.00,201.00,953.00,629.00,566.00,629.00
565.00,201.00,955.00,201.00,955.00,631.00,565.00,631.00
563.00,203.00,954.00,203.00,954.00,638.00,563.00,638.00
554.00,217.00,965.00,217.00,965.00,659.00,554.00,659.00
557.00,227.00,959.00,227.00,959.00,667.00,557.00,667.00
509.00,293.00,989.00,293.00,989.00,620.00,509.00,620.00
581.00,238.00,964.00,238.00,964.00,680.00,581.00,680.00
605.00,232.00,962.00,232.00,962.00,644.00,605.00,644.00
604.00,243.00,971.00,243.00,971.00,652.00,604.00,652.00
542.00,309.00,1022.00,309.00,1022.00,635.00,542.00,635.00
613.00,275.00,976.00,275.00,976.00,659.00,613.00,659.00
612.00,292.00,989.00,292.00,989.00,676.00,612.00,676.00
547.00,360.00,1025.00,360.00,1025.00,685.00,547.00,685.00
564.00,371.00,1033.00,371.00,1033.00,690.00,564.00,690.00
539.00,375.00,1011.00,375.00,1011.00,696.00,539.00,696.00
542.00,400.00,1017.00,400.00,1017.00,723.00,542.00,723.00
581.00,353.00,1055.00,353.00,1055.00,676.00,581.00,676.00
578.00,325.00,1048.00,325.00,1048.00,646.00,578.00,646.00
583.00,321.00,1048.00,321.00,1048.00,639.00,583.00,639.00
589.00,332.00,1057.00,332.00,1057.00,652.00,589.00,652.00
563.00,325.00,1030.00,325.00,1030.00,644.00,563.00,644.00
577.00,329.00,1045.00,329.00,1045.00,649.00,577.00,649.00
582.00,366.00,1049.00,366.00,1049.00,685.00,582.00,685.00
597.00,364.00,1061.00,364.00,1061.00,681.00,597.00,681.00
602.00,398.00,1063.00,398.00,1063.00,713.00,602.00,713.00
551.00,388.00,1015.00,388.00,1015.00,705.00,551.00,705.00
588.00,389.00,1052.00,389.00,1052.00,706.00,588.00,706.00
599.00,354.00,1056.00,354.00,1056.00,666.00,599.00,666.00
600.00,404.00,1049.00,404.00,1049.00,711.00,600.00,711.00
586.00,362.00,1039.00,362.00,1039.00,672.00,586.00,672.00
594.00,342.00,1048.00,342.00,1048.00,652.00,594.00,652.00
542.00,378.00,1000.00,378.00,1000.00,691.00,542.00,691.00
570.00,344.00,1040.00,344.00,1040.00,665.00,570.00,665.00
551.00,368.00,1020.00,368.00,1020.00,688.00,551.00,688.00
514.00,361.00,982.00,361.00,982.00,681.00,514.00,681.00
538.00,310.00,999.00,310.00,999.00,625.00,538.00,625.00
515.00,283.00,975.00,283.00,975.00,598.00,515.00,598.00
513.00,283.00,973.00,283.00,973.00,598.00,513.00,598.00
544.00,254.00,1004.00,254.00,1004.00,569.00,544.00,569.00
736.00,307.00,1193.00,307.00,1193.00,620.00,736.00,620.00
615.00,309.00,1067.00,309.00,1067.00,618.00,615.00,618.00
537.00,263.00,989.00,263.00,989.00,572.00,537.00,572.00
549.00,282.00,997.00,282.00,997.00,588.00,549.00,588.00
551.00,277.00,998.00,277.00,998.00,582.00,551.00,582.00
537.00,293.00,981.00,293.00,981.00,596.00,537.00,596.00
569.00,272.00,1009.00,272.00,1009.00,572.00,569.00,572.00
555.00,257.00,999.00,257.00,999.00,559.00,555.00,559.00
542.00,276.00,986.00,276.00,986.00,578.00,542.00,578.00
567.00,202.00,1019.00,202.00,1019.00,509.00,567.00,509.00
568.00,227.00,1020.00,227.00,1020.00,534.00,568.00,534.00
539.00,218.00,992.00,218.00,992.00,526.00,539.00,526.00
554.00,218.00,1012.00,218.00,1012.00,530.00,554.00,530.00
530.00,216.00,986.00,216.00,986.00,526.00,530.00,526.00
551.00,216.00,1008.00,216.00,1008.00,527.00,551.00,527.00
546.00,241.00,1001.00,241.00,1001.00,551.00,546.00,551.00
531.00,240.00,980.00,240.00,980.00,546.00,531.00,546.00
572.00,222.00,1018.00,222.00,1018.00,526.00,572.00,526.00
552.00,184.00,1003.00,184.00,1003.00,491.00,552.00,491.00
447.00,214.00,908.00,214.00,908.00,528.00,447.00,528.00
452.00,244.00,918.00,244.00,918.00,562.00,452.00,562.00
557.00,261.00,1032.00,261.00,1032.00,585.00,557.00,585.00
542.00,265.00,1012.00,265.00,1012.00,586.00,542.00,586.00
528.00,252.00,1000.00,252.00,1000.00,575.00,528.00,575.00
491.00,255.00,946.00,255.00,946.00,567.00,491.00,567.00
556.00,270.00,1020.00,270.00,1020.00,588.00,556.00,588.00
554.00,259.00,1027.00,259.00,1027.00,583.00,554.00,583.00
545.00,271.00,1015.00,271.00,1015.00,592.00,545.00,592.00
540.00,276.00,1004.00,276.00,1004.00,593.00,540.00,593.00
528.00,296.00,1002.00,296.00,1002.00,620.00,528.00,620.00
512.00,294.00,991.00,294.00,991.00,621.00,512.00,621.00
532.00,292.00,1004.00,292.00,1004.00,614.00,532.00,614.00
525.00,304.00,990.00,304.00,990.00,621.00,525.00,621.00
386.00,249.00,847.00,249.00,847.00,563.00,386.00,563.00
526.00,324.00,1002.00,324.00,1002.00,648.00,526.00,648.00
326.00,172.00,808.00,172.00,808.00,501.00,326.00,501.00
390.00,262.00,876.00,262.00,876.00,594.00,390.00,594.00
518.00,349.00,996.00,349.00,996.00,676.00,518.00,676.00
516.00,340.00,1000.00,340.00,1000.00,671.00,516.00,671.00
528.00,348.00,1006.00,348.00,1006.00,675.00,528.00,675.00
432.00,296.00,916.00,296.00,916.00,627.00,432.00,627.00
535.00,384.00,1011.00,384.00,1011.00,709.00,535.00,709.00
450.00,298.00,920.00,298.00,920.00,619.00,450.00,619.00
570.00,366.00,1040.00,366.00,1040.00,687.00,570.00,687.00
610.00,373.00,997.00,373.00,997.00,720.00,610.00,720.00
615.00,379.00,996.00,379.00,996.00,724.00,615.00,724.00
623.00,386.00,1002.00,386.00,1002.00,723.00,623.00,723.00
633.00,396.00,1003.00,396.00,1003.00,714.00,633.00,714.00
640.00,401.00,1005.00,401.00,1005.00,700.00,640.00,700.00
650.00,404.00,1007.00,404.00,1007.00,698.00,650.00,698.00
600.00,397.00,1029.00,397.00,1029.00,690.00,600.00,690.00
660.00,400.00,1019.00,400.00,1019.00,681.00,660.00,681.00
664.00,399.00,1024.00,399.00,1024.00,681.00,664.00,681.00
680.00,399.00,1027.00,399.00,1027.00,668.00,680.00,668.00
690.00,397.00,1028.00,397.00,1028.00,653.00,690.00,653.00
679.00,403.00,1028.00,403.00,1028.00,662.00,679.00,662.00
670.00,408.00,1027.00,408.00,1027.00,664.00,670.00,664.00
666.00,407.00,1027.00,407.00,1027.00,667.00,666.00,667.00
664.00,410.00,1023.00,410.00,1023.00,653.00,664.00,653.00
668.00,408.00,1027.00,408.00,1027.00,652.00,668.00,652.00
660.00,400.00,1032.00,400.00,1032.00,650.00,660.00,650.00
654.00,392.00,1043.00,392.00,1043.00,650.00,654.00,650.00
657.00,384.00,1041.00,384.00,1041.00,642.00,657.00,642.00
651.00,377.00,1041.00,377.00,1041.00,644.00,651.00,644.00
657.00,365.00,1054.00,365.00,1054.00,637.00,657.00,637.00
