1
630.00,265.00,779.00,265.00,779.00,379.00,630.00,379.00
632.00,266.00,782.00,266.00,782.00,379.00,632.00,379.00
634.00,265.00,786.00,265.00,786.00,380.00,634.00,380.00
639.00,266.00,790.00,266.00,790.00,381.00,639.00,381.00
642.00,266.00,794.00,266.00,794.00,382.00,642.00,382.00
643.00,267.00,796.00,267.00,796.00,383.00,643.00,383.00
645.00,267.00,798.00,267.00,798.00,383.00,645.00,383.00
647.00,268.00,800.00,268.00,800.00,385.00,647.00,385.00
647.00,269.00,802.00,269.00,802.00,386.00,647.00,386.00
647.00,269.00,801.00,269.00,801.00,387.00,647.00,387.00
646.00,269.00,802.00,269.00,802.00,388.00,646.00,388.00
646.00,269.00,802.00,269.00,802.00,387.00,646.00,387.00
648.00,270.00,803.00,270.00,803.00,389.00,648.00,389.00
649.00,271.00,802.00,271.00,802.00,390.00,649.00,390.00
651.00,271.00,806.00,271.00,806.00,392.00,651.00,392.00
651.00,273.00,805.00,273.00,805.00,394.00,651.00,394.00
652.00,274.00,807.00,274.00,807.00,395.00,652.00,395.00
653.00,276.00,810.00,276.00,810.00,399.00,653.00,399.00
656.00,277.00,815.00,277.00,815.00,399.00,656.00,399.00
656.00,278.00,815.00,278.00,815.00,401.00,656.00,401.00
655.00,279.00,818.00,279.00,818.00,404.00,655.00,404.00
658.00,280.00,819.00,280.00,819.00,404.00,658.00,404.00
656.00,280.00,821.00,280.00,821.00,406.00,656.00,406.00
654.00,280.00,819.00,280.00,819.00,407.00,654.00,407.00
653.00,281.00,823.00,281.00,823.00,409.00,653.00,409.00
652.00,282.00,823.00,282.00,823.00,410.00,652.00,410.00
653.00,283.00,823.00,283.00,823.00,411.00,653.00,411.00
653.00,283.00,821.00,283.00,821.00,412.00,653.00,412.00
652.00,283.00,824.00,283.00,824.00,413.00,652.00,413.00
654.00,284.00,825.00,284.00,825.00,414.00,654.00,414.00
651.00,286.00,824.00,286.00,824.00,414.00,651.00,414.00
654.00,288.00,825.00,288.00,825.00,415.00,654.00,415.00
654.00,289.00,824.00,289.00,824.00,416.00,654.00,416.00
652.00,289.00,823.00,289.00,823.00,418.00,652.00,418.00
655.00,290.00,828.00,290.00,828.00,418.00,655.00,418.00
651.00,291.00,825.00,291.00,825.00,419.00,651.00,419.00
650.00,291.00,823.00,291.00,823.00,419.00,650.00,419.00
646.00,293.00,822.00,293.00,822.00,420.00,646.00,420.00
643.00,293.00,824.00,293.00,824.00,421.00,643.00,421.00
643.00,292.00,825.00,292.00,825.00,422.00,643.00,422.00
638.00,295.00,821.00,295.00,821.00,422.00,638.00,422.00
635.00,294.00,819.00,294.00,819.00,421.00,635.00,421.00
632.00,294.00,819.00,294.00,819.00,421.00,632.00,421.00
630.00,293.00,816.00,293.00,816.00,421.00,630.00,421.00
625.00,295.00,811.00,295.00,811.00,421.00,625.00,421.00
633.00,293.00,822.00,293.00,822.00,424.00,633.00,424.00
633.00,291.00,823.00,291.00,823.00,425.00,633.00,425.00
639.00,292.00,824.00,292.00,824.00,427.00,639.00,427.00
637.00,292.00,826.00,292.00,826.00,428.00,637.00,428.00
638.00,292.00,829.00,292.00,829.00,432.00,638.00,432.00
639.00,291.00,828.00,291.00,828.00,430.00,639.00,430.00
642.00,292.00,826.00,292.00,826.00,428.00,642.00,428.00
642.00,292.00,830.00,292.00,830.00,432.00,642.00,432.00
641.00,291.00,829.00,291.00,829.00,432.00,641.00,432.00
639.00,290.00,829.00,290.00,829.00,432.00,639.00,432.00
640.00,292.00,830.00,292.00,830.00,434.00,640.00,434.00
640.00,291.00,831.00,291.00,831.00,434.00,640.00,434.00
634.00,290.00,830.00,290.00,830.00,434.00,634.00,434.00
639.00,290.00,829.00,290.00,829.00,434.00,639.00,434.00
642.00,288.00,827.00,288.00,827.00,434.00,642.00,434.00
639.00,286.00,827.00,286.00,827.00,434.00,639.00,434.00
644.00,282.00,829.00,282.00,829.00,429.00,644.00,429.00
653.00,284.00,833.00,284.00,833.00,433.00,653.00,433.00
642.00,284.00,833.00,284.00,833.00,434.00,642.00,434.00
644.00,282.00,834.00,282.00,834.00,430.00,644.00,430.00
650.00,282.00,839.00,282.00,839.00,434.00,650.00,434.00
647.00,281.00,841.00,281.00,841.00,433.00,647.00,433.00
648.00,280.00,841.00,280.00,841.00,434.00,648.00,434.00
651.00,279.00,843.00,279.00,843.00,433.00,651.00,433.00
642.00,281.00,844.00,281.00,844.00,437.00,642.00,437.00
648.00,280.00,845.00,280.00,845.00,438.00,648.00,438.00
650.00,280.00,848.00,280.00,848.00,440.00,650.00,440.00
652.00,278.00,849.00,278.00,849.00,439.00,652.00,439.00
644.00,279.00,848.00,279.00,848.00,440.00,644.00,440.00
648.00,277.00,850.00,277.00,850.00,439.00,648.00,439.00
649.00,279.00,852.00,279.00,852.00,444.00,649.00,444.00
649.00,277.00,851.00,277.00,851.00,441.00,649.00,441.00
641.00,278.00,850.00,278.00,850.00,442.00,641.00,442.00
642.00,275.00,850.00,275.00,850.00,441.00,642.00,441.00
646.00,275.00,853.00,275.00,853.00,444.00,646.00,444.00
643.00,275.00,852.00,275.00,852.00,445.00,643.00,445.00
646.00,274.00,853.00,274.00,853.00,445.00,646.00,445.00
644.00,275.00,855.00,275.00,855.00,447.00,644.00,447.00
639.00,273.00,852.00,273.00,852.00,442.00,639.00,442.00
642.00,274.00,854.00,274.00,854.00,447.00,642.00,447.00
647.00,272.00,856.00,272.00,856.00,446.00,647.00,446.00
633.00,274.00,855.00,274.00,855.00,448.00,633.00,448.00
639.00,274.00,857.00,274.00,857.00,449.00,639.00,449.00
641.00,274.00,854.00,274.00,854.00,447.00,641.00,447.00
644.00,274.00,858.00,274.00,858.00,450.00,644.00,450.00
639.00,277.00,858.00,277.00,858.00,453.00,639.00,453.00
649.00,277.00,861.00,277.00,861.00,453.00,649.00,453.00
649.00,277.00,860.00,277.00,860.00,454.00,649.00,454.00
648.00,276.00,859.00,276.00,859.00,450.00,648.00,450.00
650.00,274.00,859.00,274.00,859.00,450.00,650.00,450.00
642.00,273.00,855.00,273.00,855.00,448.00,642.00,448.00
649.00,273.00,858.00,273.00,858.00,450.00,649.00,450.00
652.00,271.00,860.00,271.00,860.00,449.00,652.00,449.00
641.00,268.00,860.00,268.00,860.00,451.00,641.00,451.00
642.00,267.00,861.00,267.00,861.00,453.00,642.00,453.00
648.00,265.00,864.00,265.00,864.00,454.00,648.00,454.00
642.00,264.00,864.00,264.00,864.00,451.00,642.00,451.00
639.00,265.00,863.00,265.00,863.00,452.00,639.00,452.00
640.00,265.00,867.00,265.00,867.00,456.00,640.00,456.00
645.00,261.00,867.00,261.00,867.00,455.00,645.00,455.00
643.00,261.00,869.00,261.00,869.00,459.00,643.00,459.00
634.00,259.00,868.00,259.00,868.00,456.00,634.00,456.00
631.00,259.00,868.00,259.00,868.00,456.00,631.00,456.00
642.00,257.00,869.00,257.00,869.00,457.00,642.00,457.00
637.00,255.00,867.00,255.00,867.00,453.00,637.00,453.00
633.00,252.00,868.00,252.00,868.00,455.00,633.00,455.00
630.00,250.00,866.00,250.00,866.00,456.00,630.00,456.00
630.00,252.00,861.00,252.00,861.00,455.00,630.00,455.00
619.00,251.00,863.00,251.00,863.00,457.00,619.00,457.00
617.00,250.00,862.00,250.00,862.00,459.00,617.00,459.00
622.00,250.00,861.00,250.00,861.00,459.00,622.00,459.00
626.00,252.00,861.00,252.00,861.00,461.00,626.00,461.00
610.00,249.00,861.00,249.00,861.00,462.00,610.00,462.00
605.00,247.00,859.00,247.00,859.00,466.00,605.00,466.00
603.00,246.00,859.00,246.00,859.00,464.00,603.00,464.00
610.00,247.00,860.00,247.00,860.00,460.00,610.00,460.00
605.00,245.00,862.00,245.00,862.00,464.00,605.00,464.00
602.00,245.00,861.00,245.00,861.00,468.00,602.00,468.00
609.00,244.00,862.00,244.00,862.00,468.00,609.00,468.00
610.00,245.00,866.00,245.00,866.00,473.00,610.00,473.00
607.00,244.00,869.00,244.00,869.00,470.00,607.00,470.00
610.00,243.00,867.00,243.00,867.00,471.00,610.00,471.00
610.00,244.00,871.00,244.00,871.00,472.00,610.00,472.00
605.00,242.00,870.00,242.00,870.00,477.00,605.00,477.00
604.00,239.00,876.00,239.00,876.00,477.00,604.00,477.00
595.00,235.00,876.00,235.00,876.00,471.00,595.00,471.00
601.00,234.00,881.00,234.00,881.00,483.00,601.00,483.00
600.00,234.00,881.00,234.00,881.00,483.00,600.00,483.00
600.00,232.00,883.00,232.00,883.00,485.00,600.00,485.00
612.00,238.00,881.00,238.00,881.00,491.00,612.00,491.00
615.00,236.00,885.00,236.00,885.00,491.00,615.00,491.00
607.00,236.00,886.00,236.00,886.00,490.00,607.00,490.00
597.00,231.00,891.00,231.00,891.00,492.00,597.00,492.00
589.00,225.00,898.00,225.00,898.00,489.00,589.00,489.00
584.00,226.00,902.00,226.00,902.00,492.00,584.00,492.00
597.00,226.00,903.00,226.00,903.00,494.00,597.00,494.00
603.00,227.00,903.00,227.00,903.00,496.00,603.00,496.00
595.00,227.00,906.00,227.00,906.00,501.00,595.00,501.00
585.00,223.00,905.00,223.00,905.00,503.00,585.00,503.00
596.00,228.00,908.00,228.00,908.00,506.00,596.00,506.00
582.00,218.00,905.00,218.00,905.00,501.00,582.00,501.00
585.00,223.00,902.00,223.00,902.00,508.00,585.00,508.00
594.00,225.00,905.00,225.00,905.00,513.00,594.00,513.00
582.00,218.00,906.00,218.00,906.00,512.00,582.00,512.00
587.00,213.00,911.00,213.00,911.00,517.00,587.00,517.00
590.00,216.00,915.00,216.00,915.00,520.00,590.00,520.00
577.00,209.00,919.00,209.00,919.00,521.00,577.00,521.00
585.00,210.00,918.00,210.00,918.00,525.00,585.00,525.00
580.00,207.00,921.00,207.00,921.00,530.00,580.00,530.00
588.00,213.00,921.00,213.00,921.00,534.00,588.00,534.00
602.00,213.00,922.00,213.00,922.00,540.00,602.00,540.00
603.00,224.00,920.00,224.00,920.00,543.00,603.00,543.00
599.00,222.00,923.00,222.00,923.00,552.00,599.00,552.00
598.00,219.00,924.00,219.00,924.00,548.00,598.00,548.00
600.00,227.00,925.00,227.00,925.00,552.00,600.00,552.00
606.00,227.00,928.00,227.00,928.00,559.00,606.00,559.00
598.00,226.00,924.00,226.00,924.00,564.00,598.00,564.00
600.00,236.00,922.00,236.00,922.00,569.00,600.00,569.00
602.00,231.00,926.00,231.00,926.00,577.00,602.00,577.00
606.00,237.00,930.00,237.00,930.00,579.00,606.00,579.00
604.00,233.00,934.00,233.00,934.00,586.00,604.00,586.00
594.00,235.00,925.00,235.00,925.00,589.00,594.00,589.00
596.00,233.00,925.00,233.00,925.00,595.00,596.00,595.00
590.00,232.00,925.00,232.00,925.00,599.00,590.00,599.00
589.00,225.00,924.00,225.00,924.00,604.00,589.00,604.00
591.00,232.00,927.00,232.00,927.00,609.00,591.00,609.00
593.00,235.00,936.00,235.00,936.00,617.00,593.00,617.00
594.00,240.00,934.00,240.00,934.00,621.00,594.00,621.00
597.00,242.00,938.00,242.00,938.00,627.00,597.00,627.00
598.00,239.00,938.00,239.00,938.00,630.00,598.00,630.00
598.00,227.00,955.00,227.00,955.00,643.00,598.00,643.00
594.00,226.00,960.00,226.00,960.00,646.00,594.00,646.00
583.00,202.00,953.00,202.00,953.00,630.00,583.00,630.00
580.00,201.00,953.00,201.00,953.00,628.00,580.00,628.00
598.00,211.00,975.00,211.00,975.00,652.00,598.00,652.00
587.00,204.00,958.00,204.00,958.00,633.00,587.00,633.00
589.00,202.00,955.00,202.00,955.00,630.00,589.00,630.00
590.00,203.00,954.00,203.00,954.00,625.00,590.00,625.00
581.00,197.00,958.00,197.00,958.00,630.00,581.00,630.00
584.00,202.00,946.00,202.00,946.00,610.00,584.00,610.00
571.00,196.00,952.00,196.00,952.00,633.00,571.00,633.00
577.00,196.00,948.00,196.00,948.00,631.00,577.00,631.00
570.00,193.00,952.00,193.00,952.00,639.00,570.00,639.00
562.00,202.00,956.00,202.00,956.00,658.00,562.00,658.00
565.00,200.00,961.00,200.00,961.00,658.00,565.00,658.00
579.00,208.00,947.00,208.00,947.00,648.00,579.00,648.00
574.00,215.00,957.00,215.00,957.00,677.00,574.00,677.00
524.00,284.00,996.00,284.00,996.00,641.00,524.00,641.00
593.00,229.00,965.00,229.00,965.00,688.00,593.00,688.00
609.00,228.00,956.00,228.00,956.00,659.00,609.00,659.00
605.00,245.00,969.00,245.00,969.00,689.00,605.00,689.00
614.00,260.00,976.00,260.00,976.00,693.00,614.00,693.00
622.00,267.00,971.00,267.00,971.00,682.00,622.00,682.00
554.00,332.00,1013.00,332.00,1013.00,680.00,554.00,680.00
576.00,346.00,1026.00,346.00,1026.00,687.00,576.00,687.00
572.00,359.00,1019.00,359.00,1019.00,698.00,572.00,698.00
554.00,343.00,1007.00,343.00,1007.00,686.00,554.00,686.00
581.00,345.00,1036.00,345.00,1036.00,690.00,581.00,690.00
577.00,321.00,1034.00,321.00,1034.00,668.00,577.00,668.00
579.00,309.00,1036.00,309.00,1036.00,656.00,579.00,656.00
588.00,296.00,1046.00,296.00,1046.00,644.00,588.00,644.00
582.00,308.00,1037.00,308.00,1037.00,654.00,582.00,654.00
598.00,332.00,1048.00,332.00,1048.00,674.00,598.00,674.00
593.00,357.00,1042.00,357.00,1042.00,698.00,593.00,698.00
597.00,328.00,1049.00,328.00,1049.00,672.00,597.00,672.00
613.00,362.00,1067.00,362.00,1067.00,707.00,613.00,707.00
598.00,357.00,1043.00,357.00,1043.00,695.00,598.00,695.00
617.00,368.00,1055.00,368.00,1055.00,701.00,617.00,701.00
615.00,358.00,1054.00,358.00,1054.00,691.00,615.00,691.00
636.00,364.00,1075.00,364.00,1075.00,697.00,636.00,697.00
584.00,360.00,1024.00,360.00,1024.00,694.00,584.00,694.00
593.00,346.00,1030.00,346.00,1030.00,678.00,593.00,678.00
586.00,249.00,1032.00,249.00,1032.00,588.00,586.00,588.00
555.00,310.00,999.00,310.00,999.00,647.00,555.00,647.00
530.00,317.00,981.00,317.00,981.00,660.00,530.00,660.00
563.00,314.00,1009.00,314.00,1009.00,653.00,563.00,653.00
548.00,334.00,988.00,334.00,988.00,669.00,548.00,669.00
556.00,336.00,994.00,336.00,994.00,670.00,556.00,670.00
549.00,320.00,995.00,320.00,995.00,660.00,549.00,660.00
480.00,243.00,932.00,243.00,932.00,588.00,480.00,588.00
654.00,285.00,1103.00,285.00,1103.00,627.00,654.00,627.00
564.00,267.00,1020.00,267.00,1020.00,614.00,564.00,614.00
533.00,298.00,984.00,298.00,984.00,641.00,533.00,641.00
541.00,235.00,990.00,235.00,990.00,577.00,541.00,577.00
540.00,267.00,988.00,267.00,988.00,608.00,540.00,608.00
528.00,282.00,973.00,282.00,973.00,621.00,528.00,621.00
541.00,280.00,988.00,280.00,988.00,620.00,541.00,620.00
536.00,290.00,986.00,290.00,986.00,632.00,536.00,632.00
539.00,253.00,994.00,253.00,994.00,599.00,539.00,599.00
544.00,260.00,990.00,260.00,990.00,599.00,544.00,599.00
545.00,195.00,997.00,195.00,997.00,539.00,545.00,539.00
546.00,243.00,999.00,243.00,999.00,588.00,546.00,588.00
538.00,223.00,995.00,223.00,995.00,571.00,538.00,571.00
560.00,184.00,1020.00,184.00,1020.00,534.00,560.00,534.00
562.00,208.00,1022.00,208.00,1022.00,558.00,562.00,558.00
536.00,172.00,1001.00,172.00,1001.00,526.00,536.00,526.00
539.00,223.00,999.00,223.00,999.00,573.00,539.00,573.00
554.00,215.00,1010.00,215.00,1010.00,563.00,554.00,563.00
571.00,228.00,1023.00,228.00,1023.00,573.00,571.00,573.00
563.00,230.00,1018.00,230.00,1018.00,577.00,563.00,577.00
553.00,212.00,1011.00,212.00,1011.00,561.00,553.00,561.00
565.00,224.00,1022.00,224.00,1022.00,573.00,565.00,573.00
544.00,246.00,1002.00,246.00,1002.00,596.00,544.00,596.00
528.00,232.00,993.00,232.00,993.00,587.00,528.00,587.00
545.00,217.00,1001.00,217.00,1001.00,565.00,545.00,565.00
526.00,252.00,982.00,252.00,982.00,600.00,526.00,600.00
551.00,244.00,1005.00,244.00,1005.00,590.00,551.00,590.00
544.00,241.00,1009.00,241.00,1009.00,595.00,544.00,595.00
523.00,242.00,984.00,242.00,984.00,593.00,523.00,593.00
530.00,287.00,982.00,287.00,982.00,631.00,530.00,631.00
520.00,275.00,972.00,275.00,972.00,619.00,520.00,619.00
526.00,272.00,976.00,272.00,976.00,615.00,526.00,615.00
522.00,282.00,965.00,282.00,965.00,619.00,522.00,619.00
539.00,305.00,980.00,305.00,980.00,640.00,539.00,640.00
542.00,311.00,981.00,311.00,981.00,644.00,542.00,644.00
445.00,256.00,883.00,256.00,883.00,588.00,445.00,588.00
546.00,303.00,985.00,303.00,985.00,636.00,546.00,636.00
553.00,354.00,995.00,354.00,995.00,689.00,553.00,689.00
557.00,349.00,996.00,349.00,996.00,682.00,557.00,682.00
565.00,365.00,1005.00,365.00,1005.00,699.00,565.00,699.00
588.00,370.00,1030.00,370.00,1030.00,705.00,588.00,705.00
547.00,376.00,990.00,376.00,990.00,711.00,547.00,711.00
449.00,290.00,891.00,290.00,891.00,624.00,449.00,624.00
558.00,390.00,997.00,390.00,997.00,722.00,558.00,722.00
555.00,394.00,994.00,394.00,994.00,726.00,555.00,726.00
553.00,409.00,996.00,409.00,996.00,744.00,553.00,744.00
563.00,398.00,1006.00,398.00,1006.00,733.00,563.00,733.00
495.00,291.00,938.00,291.00,938.00,626.00,495.00,626.00
567.00,375.00,1022.00,375.00,1022.00,719.00,567.00,719.00
562.00,369.00,1025.00,369.00,1025.00,719.00,562.00,719.00
619.00,348.00,1089.00,348.00,1089.00,703.00,619.00,703.00
583.00,367.00,1057.00,367.00,1057.00,725.00,583.00,725.00
598.00,389.00,1069.00,389.00,1069.00,745.00,598.00,745.00
575.00,371.00,1055.00,371.00,1055.00,734.00,575.00,734.00
476.00,289.00,951.00,289.00,951.00,648.00,476.00,648.00
609.00,364.00,1083.00,364.00,1083.00,723.00,609.00,723.00
609.00,373.00,1079.00,373.00,1079.00,729.00,609.00,729.00
610.00,355.00,1082.00,355.00,1082.00,713.00,610.00,713.00
598.00,380.00,1085.00,380.00,1085.00,749.00,598.00,749.00
604.00,358.00,1103.00,358.00,1103.00,736.00,604.00,736.00
592.00,359.00,1091.00,359.00,1091.00,737.00,592.00,737.00
582.00,369.00,1082.00,369.00,1082.00,748.00,582.00,748.00
587.00,374.00,1086.00,374.00,1086.00,753.00,587.00,753.00
583.00,354.00,1079.00,354.00,1079.00,731.00,583.00,731.00
579.00,350.00,1084.00,350.00,1084.00,734.00,579.00,734.00
