1
629.00,264.00,779.00,264.00,779.00,379.00,629.00,379.00
633.00,266.00,782.00,266.00,782.00,379.00,633.00,379.00
635.00,265.00,786.00,265.00,786.00,379.00,635.00,379.00
639.00,265.00,790.00,265.00,790.00,381.00,639.00,381.00
641.00,266.00,793.00,266.00,793.00,382.00,641.00,382.00
643.00,267.00,797.00,267.00,797.00,383.00,643.00,383.00
646.00,267.00,799.00,267.00,799.00,384.00,646.00,384.00
647.00,267.00,800.00,267.00,800.00,385.00,647.00,385.00
646.00,269.00,801.00,269.00,801.00,386.00,646.00,386.00
647.00,269.00,801.00,269.00,801.00,387.00,647.00,387.00
647.00,269.00,802.00,269.00,802.00,387.00,647.00,387.00
648.00,269.00,804.00,269.00,804.00,388.00,648.00,388.00
649.00,269.00,804.00,269.00,804.00,390.00,649.00,390.00
650.00,271.00,803.00,271.00,803.00,390.00,650.00,390.00
650.00,272.00,805.00,272.00,805.00,393.00,650.00,393.00
652.00,273.00,806.00,273.00,806.00,394.00,652.00,394.00
653.00,275.00,809.00,275.00,809.00,397.00,653.00,397.00
655.00,276.00,811.00,276.00,811.00,398.00,655.00,398.00
655.00,277.00,811.00,277.00,811.00,399.00,655.00,399.00
658.00,278.00,817.00,278.00,817.00,402.00,658.00,402.00
657.00,279.00,821.00,279.00,821.00,405.00,657.00,405.00
657.00,280.00,821.00,280.00,821.00,405.00,657.00,405.00
656.00,280.00,822.00,280.00,822.00,407.00,656.00,407.00
656.00,279.00,824.00,279.00,824.00,408.00,656.00,408.00
655.00,280.00,827.00,280.00,827.00,410.00,655.00,410.00
653.00,282.00,825.00,282.00,825.00,411.00,653.00,411.00
653.00,283.00,825.00,283.00,825.00,412.00,653.00,412.00
653.00,282.00,827.00,282.00,827.00,413.00,653.00,413.00
651.00,281.00,827.00,281.00,827.00,414.00,651.00,414.00
651.00,284.00,826.00,284.00,826.00,415.00,651.00,415.00
651.00,284.00,825.00,284.00,825.00,414.00,651.00,414.00
653.00,285.00,830.00,285.00,830.00,416.00,653.00,416.00
654.00,285.00,831.00,285.00,831.00,419.00,654.00,419.00
653.00,286.00,832.00,286.00,832.00,420.00,653.00,420.00
652.00,287.00,832.00,287.00,832.00,420.00,652.00,420.00
652.00,287.00,835.00,287.00,835.00,421.00,652.00,421.00
647.00,289.00,830.00,289.00,830.00,421.00,647.00,421.00
644.00,291.00,824.00,291.00,824.00,422.00,644.00,422.00
645.00,290.00,830.00,290.00,830.00,421.00,645.00,421.00
640.00,291.00,832.00,291.00,832.00,424.00,640.00,424.00
635.00,294.00,825.00,294.00,825.00,424.00,635.00,424.00
633.00,293.00,825.00,293.00,825.00,424.00,633.00,424.00
629.00,291.00,822.00,291.00,822.00,424.00,629.00,424.00
627.00,291.00,818.00,291.00,818.00,423.00,627.00,423.00
626.00,292.00,822.00,292.00,822.00,426.00,626.00,426.00
625.00,291.00,819.00,291.00,819.00,424.00,625.00,424.00
635.00,291.00,829.00,291.00,829.00,426.00,635.00,426.00
634.00,292.00,829.00,292.00,829.00,428.00,634.00,428.00
631.00,292.00,826.00,292.00,826.00,428.00,631.00,428.00
631.00,293.00,826.00,293.00,826.00,429.00,631.00,429.00
635.00,291.00,830.00,291.00,830.00,430.00,635.00,430.00
634.00,291.00,825.00,291.00,825.00,428.00,634.00,428.00
631.00,291.00,825.00,291.00,825.00,426.00,631.00,426.00
641.00,290.00,831.00,290.00,831.00,428.00,641.00,428.00
633.00,291.00,827.00,291.00,827.00,430.00,633.00,430.00
635.00,292.00,829.00,292.00,829.00,431.00,635.00,431.00
635.00,291.00,827.00,291.00,827.00,429.00,635.00,429.00
642.00,290.00,833.00,290.00,833.00,432.00,642.00,432.00
639.00,287.00,832.00,287.00,832.00,431.00,639.00,431.00
636.00,286.00,829.00,286.00,829.00,433.00,636.00,433.00
644.00,284.00,832.00,284.00,832.00,433.00,644.00,433.00
645.00,283.00,832.00,283.00,832.00,433.00,645.00,433.00
644.00,282.00,835.00,282.00,835.00,433.00,644.00,433.00
643.00,280.00,837.00,280.00,837.00,433.00,643.00,433.00
635.00,280.00,838.00,280.00,838.00,434.00,635.00,434.00
642.00,279.00,842.00,279.00,842.00,435.00,642.00,435.00
647.00,279.00,846.00,279.00,846.00,436.00,647.00,436.00
644.00,276.00,848.00,276.00,848.00,436.00,644.00,436.00
651.00,276.00,849.00,276.00,849.00,437.00,651.00,437.00
650.00,277.00,852.00,277.00,852.00,441.00,650.00,441.00
646.00,276.00,851.00,276.00,851.00,440.00,646.00,440.00
653.00,276.00,853.00,276.00,853.00,443.00,653.00,443.00
646.00,275.00,852.00,275.00,852.00,441.00,646.00,441.00
652.00,274.00,853.00,274.00,853.00,442.00,652.00,442.00
654.00,272.00,854.00,272.00,854.00,441.00,654.00,441.00
651.00,273.00,854.00,273.00,854.00,444.00,651.00,444.00
657.00,274.00,855.00,274.00,855.00,446.00,657.00,446.00
649.00,273.00,851.00,273.00,851.00,442.00,649.00,442.00
654.00,272.00,851.00,272.00,851.00,444.00,654.00,444.00
655.00,272.00,851.00,272.00,851.00,443.00,655.00,443.00
654.00,273.00,853.00,273.00,853.00,446.00,654.00,446.00
657.00,272.00,852.00,272.00,852.00,446.00,657.00,446.00
653.00,273.00,853.00,273.00,853.00,446.00,653.00,446.00
653.00,270.00,855.00,270.00,855.00,448.00,653.00,448.00
645.00,270.00,856.00,270.00,856.00,447.00,645.00,447.00
650.00,270.00,856.00,270.00,856.00,449.00,650.00,449.00
646.00,272.00,859.00,272.00,859.00,450.00,646.00,450.00
642.00,269.00,861.00,269.00,861.00,452.00,642.00,452.00
651.00,272.00,862.00,272.00,862.00,453.00,651.00,453.00
648.00,272.00,860.00,272.00,860.00,451.00,648.00,451.00
643.00,272.00,861.00,272.00,861.00,456.00,643.00,456.00
642.00,274.00,861.00,274.00,861.00,454.00,642.00,454.00
643.00,275.00,861.00,275.00,861.00,456.00,643.00,456.00
645.00,274.00,863.00,274.00,863.00,454.00,645.00,454.00
647.00,275.00,864.00,275.00,864.00,454.00,647.00,454.00
648.00,272.00,863.00,272.00,863.00,452.00,648.00,452.00
645.00,269.00,864.00,269.00,864.00,456.00,645.00,456.00
642.00,269.00,864.00,269.00,864.00,452.00,642.00,452.00
647.00,267.00,866.00,267.00,866.00,452.00,647.00,452.00
651.00,266.00,867.00,266.00,867.00,453.00,651.00,453.00
651.00,265.00,867.00,265.00,867.00,454.00,651.00,454.00
645.00,263.00,871.00,263.00,871.00,455.00,645.00,455.00
649.00,263.00,867.00,263.00,867.00,452.00,649.00,452.00
640.00,262.00,868.00,262.00,868.00,457.00,640.00,457.00
639.00,259.00,870.00,259.00,870.00,456.00,639.00,456.00
639.00,257.00,872.00,257.00,872.00,459.00,639.00,459.00
641.00,257.00,871.00,257.00,871.00,456.00,641.00,456.00
637.00,255.00,869.00,255.00,869.00,458.00,637.00,458.00
645.00,255.00,871.00,255.00,871.00,460.00,645.00,460.00
640.00,250.00,869.00,250.00,869.00,456.00,640.00,456.00
637.00,249.00,869.00,249.00,869.00,457.00,637.00,457.00
634.00,249.00,868.00,249.00,868.00,459.00,634.00,459.00
626.00,248.00,867.00,248.00,867.00,462.00,626.00,462.00
629.00,246.00,865.00,246.00,865.00,456.00,629.00,456.00
628.00,245.00,864.00,245.00,864.00,458.00,628.00,458.00
627.00,249.00,865.00,249.00,865.00,463.00,627.00,463.00
621.00,248.00,863.00,248.00,863.00,464.00,621.00,464.00
626.00,247.00,864.00,247.00,864.00,461.00,626.00,461.00
617.00,245.00,863.00,245.00,863.00,463.00,617.00,463.00
623.00,247.00,860.00,247.00,860.00,465.00,623.00,465.00
628.00,246.00,859.00,246.00,859.00,462.00,628.00,462.00
615.00,246.00,862.00,246.00,862.00,465.00,615.00,465.00
623.00,247.00,860.00,247.00,860.00,467.00,623.00,467.00
618.00,244.00,860.00,244.00,860.00,465.00,618.00,465.00
616.00,244.00,862.00,244.00,862.00,468.00,616.00,468.00
621.00,248.00,866.00,248.00,866.00,474.00,621.00,474.00
615.00,243.00,868.00,243.00,868.00,473.00,615.00,473.00
613.00,243.00,872.00,243.00,872.00,474.00,613.00,474.00
616.00,240.00,869.00,240.00,869.00,470.00,616.00,470.00
616.00,242.00,871.00,242.00,871.00,476.00,616.00,476.00
622.00,243.00,872.00,243.00,872.00,475.00,622.00,475.00
619.00,238.00,876.00,238.00,876.00,473.00,619.00,473.00
626.00,241.00,876.00,241.00,876.00,478.00,626.00,478.00
628.00,247.00,874.00,247.00,874.00,483.00,628.00,483.00
620.00,241.00,881.00,241.00,881.00,484.00,620.00,484.00
620.00,240.00,882.00,240.00,882.00,485.00,620.00,485.00
616.00,236.00,890.00,236.00,890.00,484.00,616.00,484.00
607.00,238.00,894.00,238.00,894.00,489.00,607.00,489.00
613.00,244.00,894.00,244.00,894.00,496.00,613.00,496.00
603.00,228.00,906.00,228.00,906.00,487.00,603.00,487.00
611.00,235.00,906.00,235.00,906.00,497.00,611.00,497.00
596.00,226.00,912.00,226.00,912.00,496.00,596.00,496.00
594.00,228.00,916.00,228.00,916.00,501.00,594.00,501.00
595.00,230.00,916.00,230.00,916.00,501.00,595.00,501.00
607.00,235.00,912.00,235.00,912.00,503.00,607.00,503.00
602.00,236.00,912.00,236.00,912.00,507.00,602.00,507.00
589.00,223.00,914.00,223.00,914.00,505.00,589.00,505.00
593.00,225.00,912.00,225.00,912.00,508.00,593.00,508.00
602.00,230.00,917.00,230.00,917.00,510.00,602.00,510.00
587.00,217.00,921.00,217.00,921.00,509.00,587.00,509.00
579.00,215.00,924.00,215.00,924.00,514.00,579.00,514.00
584.00,218.00,927.00,218.00,927.00,516.00,584.00,516.00
585.00,223.00,925.00,223.00,925.00,522.00,585.00,522.00
581.00,216.00,928.00,216.00,928.00,519.00,581.00,519.00
590.00,219.00,934.00,219.00,934.00,529.00,590.00,529.00
588.00,214.00,938.00,214.00,938.00,535.00,588.00,535.00
602.00,228.00,938.00,228.00,938.00,539.00,602.00,539.00
594.00,228.00,938.00,228.00,938.00,543.00,594.00,543.00
597.00,228.00,942.00,228.00,942.00,544.00,597.00,544.00
594.00,230.00,934.00,230.00,934.00,548.00,594.00,548.00
596.00,232.00,936.00,232.00,936.00,548.00,596.00,548.00
601.00,233.00,935.00,233.00,935.00,556.00,601.00,556.00
609.00,243.00,938.00,243.00,938.00,560.00,609.00,560.00
598.00,235.00,939.00,235.00,939.00,563.00,598.00,563.00
599.00,239.00,937.00,239.00,937.00,570.00,599.00,570.00
594.00,227.00,942.00,227.00,942.00,577.00,594.00,577.00
593.00,230.00,941.00,230.00,941.00,581.00,593.00,581.00
601.00,247.00,941.00,247.00,941.00,586.00,601.00,586.00
589.00,237.00,939.00,237.00,939.00,593.00,589.00,593.00
591.00,244.00,941.00,244.00,941.00,597.00,591.00,597.00
595.00,251.00,938.00,251.00,938.00,602.00,595.00,602.00
593.00,245.00,944.00,245.00,944.00,610.00,593.00,610.00
586.00,235.00,940.00,235.00,940.00,616.00,586.00,616.00
593.00,240.00,955.00,240.00,955.00,624.00,593.00,624.00
588.00,228.00,958.00,228.00,958.00,631.00,588.00,631.00
588.00,226.00,966.00,226.00,966.00,637.00,588.00,637.00
583.00,216.00,978.00,216.00,978.00,643.00,583.00,643.00
576.00,202.00,976.00,202.00,976.00,642.00,576.00,642.00
573.00,195.00,977.00,195.00,977.00,635.00,573.00,635.00
582.00,203.00,980.00,203.00,980.00,644.00,582.00,644.00
572.00,194.00,961.00,194.00,961.00,622.00,572.00,622.00
574.00,198.00,963.00,198.00,963.00,628.00,574.00,628.00
569.00,191.00,959.00,191.00,959.00,617.00,569.00,617.00
565.00,186.00,977.00,186.00,977.00,636.00,565.00,636.00
559.00,188.00,964.00,188.00,964.00,627.00,559.00,627.00
563.00,186.00,957.00,186.00,957.00,628.00,563.00,628.00
565.00,189.00,959.00,189.00,959.00,642.00,565.00,642.00
573.00,190.00,955.00,190.00,955.00,634.00,573.00,634.00
563.00,199.00,962.00,199.00,962.00,657.00,563.00,657.00
553.00,208.00,977.00,208.00,977.00,676.00,553.00,676.00
560.00,214.00,972.00,214.00,972.00,680.00,560.00,680.00
583.00,221.00,968.00,221.00,968.00,671.00,583.00,671.00
610.00,212.00,956.00,212.00,956.00,619.00,610.00,619.00
610.00,229.00,966.00,229.00,966.00,652.00,610.00,652.00
619.00,235.00,969.00,235.00,969.00,649.00,619.00,649.00
565.00,334.00,994.00,334.00,994.00,671.00,565.00,671.00
625.00,267.00,974.00,267.00,974.00,668.00,625.00,668.00
626.00,277.00,976.00,277.00,976.00,677.00,626.00,677.00
573.00,324.00,1002.00,324.00,1002.00,661.00,573.00,661.00
572.00,360.00,1004.00,360.00,1004.00,700.00,572.00,700.00
579.00,359.00,1009.00,359.00,1009.00,697.00,579.00,697.00
583.00,336.00,1011.00,336.00,1011.00,673.00,583.00,673.00
578.00,326.00,1005.00,326.00,1005.00,662.00,578.00,662.00
602.00,285.00,1028.00,285.00,1028.00,620.00,602.00,620.00
599.00,312.00,1026.00,312.00,1026.00,648.00,599.00,648.00
619.00,306.00,1036.00,306.00,1036.00,634.00,619.00,634.00
610.00,340.00,1023.00,340.00,1023.00,665.00,610.00,665.00
620.00,305.00,1037.00,305.00,1037.00,633.00,620.00,633.00
635.00,312.00,1054.00,312.00,1054.00,642.00,635.00,642.00
611.00,352.00,1026.00,352.00,1026.00,679.00,611.00,679.00
624.00,340.00,1039.00,340.00,1039.00,667.00,624.00,667.00
589.00,409.00,1002.00,409.00,1002.00,734.00,589.00,734.00
618.00,352.00,1033.00,352.00,1033.00,678.00,618.00,678.00
608.00,371.00,1015.00,371.00,1015.00,691.00,608.00,691.00
612.00,328.00,1031.00,328.00,1031.00,658.00,612.00,658.00
589.00,347.00,999.00,347.00,999.00,670.00,589.00,670.00
598.00,324.00,1008.00,324.00,1008.00,647.00,598.00,647.00
601.00,336.00,1007.00,336.00,1007.00,656.00,601.00,656.00
574.00,331.00,979.00,331.00,979.00,650.00,574.00,650.00
559.00,355.00,970.00,355.00,970.00,679.00,559.00,679.00
577.00,351.00,992.00,351.00,992.00,678.00,577.00,678.00
538.00,304.00,952.00,304.00,952.00,630.00,538.00,630.00
538.00,274.00,948.00,274.00,948.00,597.00,538.00,597.00
526.00,275.00,935.00,275.00,935.00,597.00,526.00,597.00
556.00,300.00,964.00,300.00,964.00,621.00,556.00,621.00
544.00,284.00,960.00,284.00,960.00,611.00,544.00,611.00
538.00,261.00,958.00,261.00,958.00,592.00,538.00,592.00
541.00,267.00,966.00,267.00,966.00,602.00,541.00,602.00
522.00,286.00,949.00,286.00,949.00,623.00,522.00,623.00
527.00,282.00,959.00,282.00,959.00,623.00,527.00,623.00
533.00,275.00,969.00,275.00,969.00,619.00,533.00,619.00
529.00,271.00,969.00,271.00,969.00,618.00,529.00,618.00
572.00,241.00,1019.00,241.00,1019.00,593.00,572.00,593.00
536.00,273.00,988.00,273.00,988.00,629.00,536.00,629.00
532.00,268.00,987.00,268.00,987.00,626.00,532.00,626.00
571.00,217.00,1024.00,217.00,1024.00,573.00,571.00,573.00
539.00,276.00,995.00,276.00,995.00,634.00,539.00,634.00
560.00,211.00,1015.00,211.00,1015.00,568.00,560.00,568.00
569.00,195.00,1025.00,195.00,1025.00,553.00,569.00,553.00
522.00,230.00,974.00,230.00,974.00,585.00,522.00,585.00
559.00,199.00,1008.00,199.00,1008.00,551.00,559.00,551.00
559.00,220.00,1001.00,220.00,1001.00,567.00,559.00,567.00
549.00,214.00,983.00,214.00,983.00,555.00,549.00,555.00
551.00,214.00,977.00,214.00,977.00,549.00,551.00,549.00
382.00,262.00,809.00,262.00,809.00,598.00,382.00,598.00
561.00,250.00,986.00,250.00,986.00,585.00,561.00,585.00
565.00,244.00,987.00,244.00,987.00,577.00,565.00,577.00
558.00,236.00,980.00,236.00,980.00,569.00,558.00,569.00
532.00,220.00,955.00,220.00,955.00,553.00,532.00,553.00
517.00,238.00,938.00,238.00,938.00,569.00,517.00,569.00
545.00,235.00,972.00,235.00,972.00,570.00,545.00,570.00
530.00,259.00,955.00,259.00,955.00,593.00,530.00,593.00
529.00,281.00,950.00,281.00,950.00,612.00,529.00,612.00
541.00,276.00,963.00,276.00,963.00,608.00,541.00,608.00
524.00,281.00,947.00,281.00,947.00,614.00,524.00,614.00
505.00,266.00,929.00,266.00,929.00,600.00,505.00,600.00
537.00,280.00,963.00,280.00,963.00,615.00,537.00,615.00
522.00,286.00,946.00,286.00,946.00,619.00,522.00,619.00
546.00,320.00,966.00,320.00,966.00,650.00,546.00,650.00
519.00,314.00,932.00,314.00,932.00,639.00,519.00,639.00
546.00,348.00,959.00,348.00,959.00,673.00,546.00,673.00
594.00,363.00,1007.00,363.00,1007.00,688.00,594.00,688.00
529.00,346.00,946.00,346.00,946.00,674.00,529.00,674.00
445.00,286.00,865.00,286.00,865.00,617.00,445.00,617.00
539.00,362.00,964.00,362.00,964.00,697.00,539.00,697.00
548.00,379.00,969.00,379.00,969.00,710.00,548.00,710.00
577.00,386.00,993.00,386.00,993.00,713.00,577.00,713.00
602.00,358.00,977.00,358.00,977.00,731.00,602.00,731.00
609.00,362.00,986.00,362.00,986.00,736.00,609.00,736.00
615.00,369.00,989.00,369.00,989.00,720.00,615.00,720.00
628.00,371.00,994.00,371.00,994.00,736.00,628.00,736.00
627.00,379.00,998.00,379.00,998.00,732.00,627.00,732.00
635.00,388.00,1009.00,388.00,1009.00,721.00,635.00,721.00
635.00,389.00,1013.00,389.00,1013.00,724.00,635.00,724.00
665.00,385.00,1015.00,385.00,1015.00,699.00,665.00,699.00
669.00,385.00,1020.00,385.00,1020.00,685.00,669.00,685.00
662.00,384.00,1025.00,384.00,1025.00,689.00,662.00,689.00
685.00,387.00,1032.00,387.00,1032.00,673.00,685.00,673.00
675.00,384.00,1028.00,384.00,1028.00,660.00,675.00,660.00
686.00,391.00,1035.00,391.00,1035.00,670.00,686.00,670.00
703.00,395.00,1038.00,395.00,1038.00,661.00,703.00,661.00
678.00,398.00,1025.00,398.00,1025.00,662.00,678.00,662.00
671.00,405.00,1016.00,405.00,1016.00,672.00,671.00,672.00
669.00,405.00,1017.00,405.00,1017.00,667.00,669.00,667.00
673.00,403.00,1023.00,403.00,1023.00,660.00,673.00,660.00
677.00,401.00,1028.00,401.00,1028.00,664.00,677.00,664.00
674.00,389.00,1033.00,389.00,1033.00,655.00,674.00,655.00
674.00,381.00,1030.00,381.00,1030.00,634.00,674.00,634.00
672.00,378.00,1027.00,378.00,1027.00,642.00,672.00,642.00
667.00,368.00,1030.00,368.00,1030.00,644.00,667.00,644.00
