1
654.00,273.00,677.00,273.00,677.00,412.00,654.00,412.00
654.00,274.00,678.00,274.00,678.00,413.00,654.00,413.00
657.00,278.00,682.00,278.00,682.00,416.00,657.00,416.00
657.00,279.00,682.00,279.00,682.00,416.00,657.00,416.00
651.00,281.00,672.00,281.00,672.00,420.00,651.00,420.00
644.00,284.00,665.00,284.00,665.00,426.00,644.00,426.00
643.00,288.00,670.00,288.00,670.00,424.00,643.00,424.00
647.00,286.00,673.00,286.00,673.00,426.00,647.00,426.00
648.00,289.00,673.00,289.00,673.00,427.00,648.00,427.00
643.00,290.00,670.00,290.00,670.00,428.00,643.00,428.00
637.00,292.00,665.00,292.00,665.00,433.00,637.00,433.00
634.00,297.00,660.00,297.00,660.00,445.00,634.00,445.00
632.00,304.00,657.00,304.00,657.00,453.00,632.00,453.00
625.00,313.00,653.00,313.00,653.00,456.00,625.00,456.00
624.00,314.00,650.00,314.00,650.00,455.00,624.00,455.00
628.00,313.00,655.00,313.00,655.00,451.00,628.00,451.00
634.00,309.00,660.00,309.00,660.00,449.00,634.00,449.00
641.00,303.00,668.00,303.00,668.00,446.00,641.00,446.00
642.00,300.00,668.00,300.00,668.00,442.00,642.00,442.00
636.00,301.00,664.00,301.00,664.00,440.00,636.00,440.00
630.00,301.00,657.00,301.00,657.00,443.00,630.00,443.00
632.00,300.00,654.00,300.00,654.00,444.00,632.00,444.00
645.00,299.00,673.00,299.00,673.00,437.00,645.00,437.00
650.00,296.00,675.00,296.00,675.00,438.00,650.00,438.00
649.00,297.00,674.00,297.00,674.00,438.00,649.00,438.00
650.00,297.00,675.00,297.00,675.00,435.00,650.00,435.00
653.00,296.00,678.00,296.00,678.00,435.00,653.00,435.00
654.00,291.00,680.00,291.00,680.00,434.00,654.00,434.00
658.00,285.00,683.00,285.00,683.00,428.00,658.00,428.00
661.00,280.00,685.00,280.00,685.00,422.00,661.00,422.00
662.00,277.00,687.00,277.00,687.00,419.00,662.00,419.00
665.00,273.00,689.00,273.00,689.00,415.00,665.00,415.00
669.00,267.00,693.00,267.00,693.00,410.00,669.00,410.00
667.00,263.00,694.00,263.00,694.00,404.00,667.00,404.00
658.00,259.00,687.00,259.00,687.00,402.00,658.00,402.00
653.00,256.00,680.00,256.00,680.00,400.00,653.00,400.00
651.00,254.00,676.00,254.00,676.00,399.00,651.00,399.00
651.00,250.00,675.00,250.00,675.00,395.00,651.00,395.00
651.00,248.00,674.00,248.00,674.00,392.00,651.00,392.00
647.00,248.00,670.00,248.00,670.00,389.00,647.00,389.00
641.00,246.00,666.00,246.00,666.00,387.00,641.00,387.00
631.00,249.00,660.00,249.00,660.00,388.00,631.00,388.00
626.00,251.00,649.00,251.00,649.00,388.00,626.00,388.00
635.00,241.00,656.00,241.00,656.00,383.00,635.00,383.00
640.00,240.00,666.00,240.00,666.00,376.00,640.00,376.00
641.00,237.00,667.00,237.00,667.00,369.00,641.00,369.00
634.00,239.00,662.00,239.00,662.00,365.00,634.00,365.00
633.00,235.00,660.00,235.00,660.00,360.00,633.00,360.00
632.00,235.00,662.00,235.00,662.00,360.00,632.00,360.00
641.00,238.00,671.00,238.00,671.00,363.00,641.00,363.00
643.00,241.00,671.00,241.00,671.00,365.00,643.00,365.00
640.00,240.00,666.00,240.00,666.00,362.00,640.00,362.00
644.00,241.00,669.00,241.00,669.00,365.00,644.00,365.00
639.00,238.00,666.00,238.00,666.00,365.00,639.00,365.00
638.00,236.00,666.00,236.00,666.00,363.00,638.00,363.00
641.00,238.00,670.00,238.00,670.00,363.00,641.00,363.00
646.00,237.00,674.00,237.00,674.00,364.00,646.00,364.00
651.00,235.00,676.00,235.00,676.00,364.00,651.00,364.00
654.00,231.00,678.00,231.00,678.00,364.00,654.00,364.00
662.00,235.00,688.00,235.00,688.00,365.00,662.00,365.00
677.00,231.00,698.00,231.00,698.00,370.00,677.00,370.00
670.00,232.00,695.00,232.00,695.00,366.00,670.00,366.00
674.00,230.00,699.00,230.00,699.00,363.00,674.00,363.00
682.00,230.00,706.00,230.00,706.00,360.00,682.00,360.00
682.00,227.00,706.00,227.00,706.00,360.00,682.00,360.00
690.00,226.00,715.00,226.00,715.00,358.00,690.00,358.00
698.00,226.00,722.00,226.00,722.00,357.00,698.00,357.00
697.00,222.00,722.00,222.00,722.00,352.00,697.00,352.00
701.00,221.00,725.00,221.00,725.00,351.00,701.00,351.00
708.00,221.00,732.00,221.00,732.00,353.00,708.00,353.00
705.00,219.00,729.00,219.00,729.00,350.00,705.00,350.00
703.00,215.00,726.00,215.00,726.00,346.00,703.00,346.00
706.00,212.00,729.00,212.00,729.00,343.00,706.00,343.00
704.00,208.00,726.00,208.00,726.00,334.00,704.00,334.00
705.00,205.00,729.00,205.00,729.00,333.00,705.00,333.00
712.00,205.00,736.00,205.00,736.00,337.00,712.00,337.00
710.00,202.00,735.00,202.00,735.00,333.00,710.00,333.00
712.00,199.00,736.00,199.00,736.00,329.00,712.00,329.00
716.00,204.00,740.00,204.00,740.00,327.00,716.00,327.00
722.00,186.00,742.00,186.00,742.00,318.00,722.00,318.00
741.00,182.00,761.00,182.00,761.00,315.00,741.00,315.00
746.00,176.00,766.00,176.00,766.00,310.00,746.00,310.00
764.00,177.00,784.00,177.00,784.00,310.00,764.00,310.00
739.00,181.00,759.00,181.00,759.00,313.00,739.00,313.00
751.00,195.00,774.00,195.00,774.00,333.00,751.00,333.00
752.00,199.00,772.00,199.00,772.00,334.00,752.00,334.00
760.00,209.00,787.00,209.00,787.00,342.00,760.00,342.00
750.00,203.00,771.00,203.00,771.00,343.00,750.00,343.00
748.00,217.00,776.00,217.00,776.00,349.00,748.00,349.00
746.00,216.00,775.00,216.00,775.00,347.00,746.00,347.00
745.00,219.00,774.00,219.00,774.00,351.00,745.00,351.00
740.00,220.00,768.00,220.00,768.00,355.00,740.00,355.00
739.00,223.00,768.00,223.00,768.00,357.00,739.00,357.00
740.00,222.00,768.00,222.00,768.00,355.00,740.00,355.00
744.00,218.00,772.00,218.00,772.00,351.00,744.00,351.00
751.00,203.00,772.00,203.00,772.00,346.00,751.00,346.00
726.00,211.00,756.00,211.00,756.00,341.00,726.00,341.00
725.00,207.00,755.00,207.00,755.00,337.00,725.00,337.00
734.00,205.00,764.00,205.00,764.00,336.00,734.00,336.00
739.00,202.00,769.00,202.00,769.00,335.00,739.00,335.00
739.00,194.00,766.00,194.00,766.00,333.00,739.00,333.00
743.00,190.00,770.00,190.00,770.00,329.00,743.00,329.00
736.00,183.00,761.00,183.00,761.00,326.00,736.00,326.00
737.00,180.00,768.00,180.00,768.00,324.00,737.00,324.00
749.00,182.00,776.00,182.00,776.00,323.00,749.00,323.00
751.00,182.00,776.00,182.00,776.00,322.00,751.00,322.00
751.00,184.00,777.00,184.00,777.00,321.00,751.00,321.00
750.00,182.00,775.00,182.00,775.00,318.00,750.00,318.00
753.00,181.00,781.00,181.00,781.00,319.00,753.00,319.00
759.00,186.00,787.00,186.00,787.00,319.00,759.00,319.00
762.00,188.00,789.00,188.00,789.00,320.00,762.00,320.00
762.00,191.00,789.00,191.00,789.00,319.00,762.00,319.00
762.00,191.00,788.00,191.00,788.00,321.00,762.00,321.00
768.00,192.00,795.00,192.00,795.00,315.00,768.00,315.00
769.00,191.00,795.00,191.00,795.00,314.00,769.00,314.00
763.00,188.00,789.00,188.00,789.00,312.00,763.00,312.00
761.00,190.00,785.00,190.00,785.00,313.00,761.00,313.00
762.00,189.00,787.00,189.00,787.00,321.00,762.00,321.00
763.00,196.00,787.00,196.00,787.00,324.00,763.00,324.00
763.00,194.00,788.00,194.00,788.00,321.00,763.00,321.00
762.00,193.00,789.00,193.00,789.00,317.00,762.00,317.00
768.00,189.00,795.00,189.00,795.00,314.00,768.00,314.00
775.00,190.00,802.00,190.00,802.00,315.00,775.00,315.00
772.00,198.00,800.00,198.00,800.00,321.00,772.00,321.00
772.00,203.00,799.00,203.00,799.00,322.00,772.00,322.00
773.00,204.00,799.00,204.00,799.00,328.00,773.00,328.00
775.00,207.00,803.00,207.00,803.00,334.00,775.00,334.00
772.00,207.00,798.00,207.00,798.00,336.00,772.00,336.00
772.00,213.00,798.00,213.00,798.00,340.00,772.00,340.00
779.00,213.00,807.00,213.00,807.00,344.00,779.00,344.00
785.00,208.00,809.00,208.00,809.00,341.00,785.00,341.00
775.00,214.00,802.00,214.00,802.00,337.00,775.00,337.00
782.00,197.00,803.00,197.00,803.00,352.00,782.00,352.00
786.00,192.00,807.00,192.00,807.00,345.00,786.00,345.00
796.00,193.00,817.00,193.00,817.00,348.00,796.00,348.00
809.00,193.00,830.00,193.00,830.00,346.00,809.00,346.00
819.00,197.00,849.00,197.00,849.00,337.00,819.00,337.00
823.00,191.00,852.00,191.00,852.00,340.00,823.00,340.00
836.00,205.00,867.00,205.00,867.00,347.00,836.00,347.00
851.00,191.00,872.00,191.00,872.00,347.00,851.00,347.00
874.00,186.00,895.00,186.00,895.00,342.00,874.00,342.00
884.00,193.00,916.00,193.00,916.00,335.00,884.00,335.00
887.00,188.00,920.00,188.00,920.00,335.00,887.00,335.00
892.00,186.00,921.00,186.00,921.00,335.00,892.00,335.00
902.00,190.00,930.00,190.00,930.00,340.00,902.00,340.00
882.00,187.00,911.00,187.00,911.00,334.00,882.00,334.00
873.00,182.00,904.00,182.00,904.00,335.00,873.00,335.00
870.00,185.00,899.00,185.00,899.00,335.00,870.00,335.00
869.00,183.00,894.00,183.00,894.00,332.00,869.00,332.00
874.00,185.00,901.00,185.00,901.00,332.00,874.00,332.00
873.00,181.00,899.00,181.00,899.00,329.00,873.00,329.00
865.00,183.00,890.00,183.00,890.00,331.00,865.00,331.00
866.00,183.00,892.00,183.00,892.00,336.00,866.00,336.00
869.00,183.00,894.00,183.00,894.00,337.00,869.00,337.00
871.00,182.00,897.00,182.00,897.00,343.00,871.00,343.00
873.00,187.00,899.00,187.00,899.00,347.00,873.00,347.00
869.00,198.00,896.00,198.00,896.00,353.00,869.00,353.00
861.00,208.00,888.00,208.00,888.00,359.00,861.00,359.00
865.00,198.00,886.00,198.00,886.00,374.00,865.00,374.00
858.00,214.00,886.00,214.00,886.00,376.00,858.00,376.00
855.00,214.00,884.00,214.00,884.00,383.00,855.00,383.00
873.00,200.00,894.00,200.00,894.00,381.00,873.00,381.00
871.00,212.00,892.00,212.00,892.00,394.00,871.00,394.00
885.00,211.00,906.00,211.00,906.00,393.00,885.00,393.00
854.00,228.00,875.00,228.00,875.00,408.00,854.00,408.00
832.00,255.00,854.00,255.00,854.00,402.00,832.00,402.00
836.00,266.00,861.00,266.00,861.00,416.00,836.00,416.00
886.00,245.00,907.00,245.00,907.00,426.00,886.00,426.00
870.00,265.00,891.00,265.00,891.00,443.00,870.00,443.00
852.00,236.00,876.00,236.00,876.00,389.00,852.00,389.00
841.00,220.00,864.00,220.00,864.00,379.00,841.00,379.00
874.00,243.00,895.00,243.00,895.00,421.00,874.00,421.00
903.00,249.00,928.00,249.00,928.00,403.00,903.00,403.00
906.00,237.00,931.00,237.00,931.00,388.00,906.00,388.00
889.00,215.00,909.00,215.00,909.00,390.00,889.00,390.00
899.00,190.00,919.00,190.00,919.00,365.00,899.00,365.00
866.00,190.00,886.00,190.00,886.00,368.00,866.00,368.00
825.00,195.00,853.00,195.00,853.00,379.00,825.00,379.00
840.00,202.00,865.00,202.00,865.00,386.00,840.00,386.00
844.00,168.00,864.00,168.00,864.00,348.00,844.00,348.00
897.00,184.00,918.00,184.00,918.00,367.00,897.00,367.00
911.00,159.00,932.00,159.00,932.00,343.00,911.00,343.00
915.00,134.00,936.00,134.00,936.00,317.00,915.00,317.00
882.00,155.00,903.00,155.00,903.00,336.00,882.00,336.00
868.00,165.00,889.00,165.00,889.00,345.00,868.00,345.00
878.00,172.00,899.00,172.00,899.00,350.00,878.00,350.00
895.00,124.00,916.00,124.00,916.00,302.00,895.00,302.00
884.00,182.00,905.00,182.00,905.00,360.00,884.00,360.00
943.00,290.00,964.00,290.00,964.00,471.00,943.00,471.00
941.00,296.00,962.00,296.00,962.00,476.00,941.00,476.00
933.00,296.00,954.00,296.00,954.00,477.00,933.00,477.00
812.00,257.00,833.00,257.00,833.00,440.00,812.00,440.00
791.00,263.00,812.00,263.00,812.00,449.00,791.00,449.00
800.00,294.00,826.00,294.00,826.00,479.00,800.00,479.00
799.00,298.00,820.00,298.00,820.00,484.00,799.00,484.00
780.00,291.00,801.00,291.00,801.00,476.00,780.00,476.00
791.00,276.00,817.00,276.00,817.00,451.00,791.00,451.00
780.00,242.00,807.00,242.00,807.00,419.00,780.00,419.00
766.00,225.00,795.00,225.00,795.00,396.00,766.00,396.00
757.00,187.00,778.00,187.00,778.00,373.00,757.00,373.00
788.00,154.00,809.00,154.00,809.00,339.00,788.00,339.00
799.00,155.00,820.00,155.00,820.00,342.00,799.00,342.00
812.00,132.00,833.00,132.00,833.00,319.00,812.00,319.00
769.00,93.00,790.00,93.00,790.00,279.00,769.00,279.00
709.00,99.00,730.00,99.00,730.00,287.00,709.00,287.00
704.00,108.00,725.00,108.00,725.00,296.00,704.00,296.00
690.00,116.00,711.00,116.00,711.00,302.00,690.00,302.00
635.00,91.00,656.00,91.00,656.00,279.00,635.00,279.00
610.00,182.00,631.00,182.00,631.00,371.00,610.00,371.00
627.00,238.00,648.00,238.00,648.00,426.00,627.00,426.00
659.00,240.00,680.00,240.00,680.00,427.00,659.00,427.00
688.00,258.00,709.00,258.00,709.00,445.00,688.00,445.00
707.00,238.00,728.00,238.00,728.00,426.00,707.00,426.00
674.00,241.00,695.00,241.00,695.00,431.00,674.00,431.00
585.00,236.00,606.00,236.00,606.00,424.00,585.00,424.00
653.00,279.00,674.00,279.00,674.00,465.00,653.00,465.00
714.00,226.00,735.00,226.00,735.00,412.00,714.00,412.00
731.00,191.00,752.00,191.00,752.00,379.00,731.00,379.00
676.00,260.00,697.00,260.00,697.00,445.00,676.00,445.00
689.00,292.00,710.00,292.00,710.00,476.00,689.00,476.00
682.00,291.00,703.00,291.00,703.00,476.00,682.00,476.00
695.00,253.00,716.00,253.00,716.00,436.00,695.00,436.00
673.00,260.00,694.00,260.00,694.00,444.00,673.00,444.00
676.00,283.00,697.00,283.00,697.00,466.00,676.00,466.00
679.00,302.00,700.00,302.00,700.00,485.00,679.00,485.00
676.00,325.00,697.00,325.00,697.00,506.00,676.00,506.00
624.00,336.00,645.00,336.00,645.00,518.00,624.00,518.00
579.00,357.00,600.00,357.00,600.00,539.00,579.00,539.00
600.00,331.00,621.00,331.00,621.00,513.00,600.00,513.00
612.00,338.00,633.00,338.00,633.00,520.00,612.00,520.00
616.00,341.00,637.00,341.00,637.00,521.00,616.00,521.00
611.00,347.00,633.00,347.00,633.00,530.00,611.00,530.00
598.00,374.00,620.00,374.00,620.00,560.00,598.00,560.00
615.00,355.00,637.00,355.00,637.00,543.00,615.00,543.00
621.00,328.00,643.00,328.00,643.00,515.00,621.00,515.00
625.00,334.00,647.00,334.00,647.00,523.00,625.00,523.00
607.00,351.00,629.00,351.00,629.00,541.00,607.00,541.00
607.00,368.00,629.00,368.00,629.00,558.00,607.00,558.00
611.00,401.00,633.00,401.00,633.00,594.00,611.00,594.00
