1
526.00,232.00,603.00,232.00,603.00,264.00,526.00,264.00
525.00,236.00,601.00,236.00,601.00,270.00,525.00,270.00
504.00,245.00,592.00,245.00,592.00,281.00,504.00,281.00
523.00,244.00,612.00,244.00,612.00,280.00,523.00,280.00
530.00,245.00,621.00,245.00,621.00,282.00,530.00,282.00
534.00,259.00,608.00,259.00,608.00,291.00,534.00,291.00
539.00,261.00,611.00,261.00,611.00,293.00,539.00,293.00
537.00,264.00,617.00,264.00,617.00,297.00,537.00,297.00
538.00,268.00,615.00,268.00,615.00,299.00,538.00,299.00
539.00,273.00,615.00,273.00,615.00,303.00,539.00,303.00
543.00,274.00,611.00,274.00,611.00,308.00,543.00,308.00
540.00,273.00,618.00,273.00,618.00,307.00,540.00,307.00
530.00,279.00,617.00,279.00,617.00,314.00,530.00,314.00
531.00,288.00,614.00,288.00,614.00,322.00,531.00,322.00
540.00,287.00,627.00,287.00,627.00,322.00,540.00,322.00
555.00,296.00,634.00,296.00,634.00,329.00,555.00,329.00
551.00,298.00,628.00,298.00,628.00,331.00,551.00,331.00
548.00,299.00,623.00,299.00,623.00,332.00,548.00,332.00
541.00,300.00,620.00,300.00,620.00,336.00,541.00,336.00
536.00,303.00,618.00,303.00,618.00,340.00,536.00,340.00
532.00,315.00,628.00,315.00,628.00,354.00,532.00,354.00
542.00,320.00,638.00,320.00,638.00,358.00,542.00,358.00
545.00,322.00,629.00,322.00,629.00,359.00,545.00,359.00
545.00,324.00,623.00,324.00,623.00,361.00,545.00,361.00
547.00,329.00,619.00,329.00,619.00,366.00,547.00,366.00
535.00,339.00,634.00,339.00,634.00,376.00,535.00,376.00
547.00,344.00,626.00,344.00,626.00,378.00,547.00,378.00
553.00,339.00,629.00,339.00,629.00,378.00,553.00,378.00
541.00,326.00,619.00,326.00,619.00,366.00,541.00,366.00
539.00,352.00,628.00,352.00,628.00,385.00,539.00,385.00
547.00,356.00,626.00,356.00,626.00,392.00,547.00,392.00
560.00,356.00,634.00,356.00,634.00,393.00,560.00,393.00
547.00,339.00,624.00,339.00,624.00,376.00,547.00,376.00
538.00,361.00,623.00,361.00,623.00,392.00,538.00,392.00
537.00,357.00,622.00,357.00,622.00,391.00,537.00,391.00
553.00,350.00,625.00,350.00,625.00,385.00,553.00,385.00
544.00,339.00,623.00,339.00,623.00,376.00,544.00,376.00
539.00,346.00,624.00,346.00,624.00,378.00,539.00,378.00
552.00,354.00,622.00,354.00,622.00,386.00,552.00,386.00
546.00,354.00,620.00,354.00,620.00,386.00,546.00,386.00
550.00,343.00,619.00,343.00,619.00,377.00,550.00,377.00
539.00,330.00,611.00,330.00,611.00,365.00,539.00,365.00
540.00,332.00,610.00,332.00,610.00,366.00,540.00,366.00
544.00,331.00,611.00,331.00,611.00,365.00,544.00,365.00
545.00,327.00,614.00,327.00,614.00,361.00,545.00,361.00
535.00,322.00,600.00,322.00,600.00,355.00,535.00,355.00
531.00,315.00,598.00,315.00,598.00,350.00,531.00,350.00
533.00,314.00,595.00,314.00,595.00,348.00,533.00,348.00
530.00,306.00,604.00,306.00,604.00,343.00,530.00,343.00
525.00,309.00,612.00,309.00,612.00,341.00,525.00,341.00
524.00,305.00,605.00,305.00,605.00,341.00,524.00,341.00
531.00,303.00,615.00,303.00,615.00,337.00,531.00,337.00
530.00,302.00,611.00,302.00,611.00,335.00,530.00,335.00
520.00,302.00,590.00,302.00,590.00,336.00,520.00,336.00
521.00,301.00,594.00,301.00,594.00,337.00,521.00,337.00
518.00,310.00,621.00,310.00,621.00,346.00,518.00,346.00
516.00,310.00,606.00,310.00,606.00,352.00,516.00,352.00
526.00,310.00,606.00,310.00,606.00,347.00,526.00,347.00
526.00,309.00,600.00,309.00,600.00,347.00,526.00,347.00
522.00,313.00,596.00,313.00,596.00,352.00,522.00,352.00
514.00,316.00,597.00,316.00,597.00,357.00,514.00,357.00
513.00,324.00,602.00,324.00,602.00,368.00,513.00,368.00
523.00,329.00,607.00,329.00,607.00,369.00,523.00,369.00
537.00,327.00,613.00,327.00,613.00,367.00,537.00,367.00
524.00,338.00,600.00,338.00,600.00,376.00,524.00,376.00
522.00,344.00,606.00,344.00,606.00,384.00,522.00,384.00
519.00,353.00,622.00,353.00,622.00,391.00,519.00,391.00
538.00,354.00,625.00,354.00,625.00,392.00,538.00,392.00
523.00,339.00,605.00,339.00,605.00,381.00,523.00,381.00
527.00,357.00,611.00,357.00,611.00,400.00,527.00,400.00
519.00,360.00,622.00,360.00,622.00,399.00,519.00,399.00
533.00,357.00,616.00,357.00,616.00,396.00,533.00,396.00
532.00,343.00,614.00,343.00,614.00,387.00,532.00,387.00
536.00,338.00,610.00,338.00,610.00,379.00,536.00,379.00
527.00,346.00,604.00,346.00,604.00,388.00,527.00,388.00
537.00,336.00,630.00,336.00,630.00,374.00,537.00,374.00
528.00,342.00,616.00,342.00,616.00,382.00,528.00,382.00
564.00,336.00,646.00,336.00,646.00,376.00,564.00,376.00
568.00,329.00,654.00,329.00,654.00,367.00,568.00,367.00
540.00,332.00,621.00,332.00,621.00,374.00,540.00,374.00
536.00,333.00,622.00,333.00,622.00,374.00,536.00,374.00
542.00,336.00,634.00,336.00,634.00,374.00,542.00,374.00
531.00,338.00,633.00,338.00,633.00,382.00,531.00,382.00
539.00,337.00,628.00,337.00,628.00,379.00,539.00,379.00
547.00,337.00,625.00,337.00,625.00,375.00,547.00,375.00
549.00,338.00,627.00,338.00,627.00,376.00,549.00,376.00
551.00,339.00,629.00,339.00,629.00,378.00,551.00,378.00
544.00,335.00,630.00,335.00,630.00,381.00,544.00,381.00
539.00,347.00,636.00,347.00,636.00,389.00,539.00,389.00
548.00,350.00,642.00,350.00,642.00,389.00,548.00,389.00
558.00,353.00,632.00,353.00,632.00,392.00,558.00,392.00
559.00,356.00,637.00,356.00,637.00,397.00,559.00,397.00
562.00,360.00,640.00,360.00,640.00,400.00,562.00,400.00
562.00,361.00,648.00,361.00,648.00,405.00,562.00,405.00
560.00,368.00,655.00,368.00,655.00,412.00,560.00,412.00
586.00,368.00,660.00,368.00,660.00,410.00,586.00,410.00
567.00,385.00,665.00,385.00,665.00,424.00,567.00,424.00
575.00,384.00,663.00,384.00,663.00,430.00,575.00,430.00
579.00,387.00,666.00,387.00,666.00,429.00,579.00,429.00
590.00,384.00,663.00,384.00,663.00,426.00,590.00,426.00
590.00,379.00,665.00,379.00,665.00,426.00,590.00,426.00
587.00,383.00,666.00,383.00,666.00,427.00,587.00,427.00
586.00,383.00,668.00,383.00,668.00,426.00,586.00,426.00
592.00,378.00,667.00,378.00,667.00,422.00,592.00,422.00
594.00,363.00,669.00,363.00,669.00,408.00,594.00,408.00
593.00,371.00,663.00,371.00,663.00,415.00,593.00,415.00
590.00,366.00,669.00,366.00,669.00,409.00,590.00,409.00
592.00,366.00,674.00,366.00,674.00,404.00,592.00,404.00
599.00,359.00,686.00,359.00,686.00,403.00,599.00,403.00
613.00,347.00,690.00,347.00,690.00,387.00,613.00,387.00
608.00,339.00,692.00,339.00,692.00,381.00,608.00,381.00
594.00,346.00,681.00,346.00,681.00,387.00,594.00,387.00
599.00,344.00,684.00,344.00,684.00,380.00,599.00,380.00
602.00,337.00,687.00,337.00,687.00,377.00,602.00,377.00
612.00,317.00,685.00,317.00,685.00,358.00,612.00,358.00
591.00,328.00,683.00,328.00,683.00,365.00,591.00,365.00
614.00,323.00,688.00,323.00,688.00,363.00,614.00,363.00
606.00,314.00,689.00,314.00,689.00,353.00,606.00,353.00
592.00,306.00,675.00,306.00,675.00,344.00,592.00,344.00
608.00,299.00,682.00,299.00,682.00,336.00,608.00,336.00
598.00,288.00,664.00,288.00,664.00,323.00,598.00,323.00
594.00,280.00,659.00,280.00,659.00,320.00,594.00,320.00
588.00,282.00,659.00,282.00,659.00,321.00,588.00,321.00
589.00,280.00,670.00,280.00,670.00,313.00,589.00,313.00
586.00,279.00,667.00,279.00,667.00,315.00,586.00,315.00
584.00,257.00,660.00,257.00,660.00,296.00,584.00,296.00
580.00,243.00,672.00,243.00,672.00,279.00,580.00,279.00
578.00,261.00,669.00,261.00,669.00,296.00,578.00,296.00
577.00,266.00,668.00,266.00,668.00,301.00,577.00,301.00
586.00,263.00,661.00,263.00,661.00,301.00,586.00,301.00
597.00,245.00,688.00,245.00,688.00,280.00,597.00,280.00
583.00,253.00,655.00,253.00,655.00,288.00,583.00,288.00
571.00,232.00,661.00,232.00,661.00,267.00,571.00,267.00
575.00,253.00,663.00,253.00,663.00,287.00,575.00,287.00
571.00,252.00,659.00,252.00,659.00,286.00,571.00,286.00
575.00,256.00,660.00,256.00,660.00,289.00,575.00,289.00
574.00,254.00,646.00,254.00,646.00,285.00,574.00,285.00
578.00,245.00,647.00,245.00,647.00,279.00,578.00,279.00
576.00,251.00,648.00,251.00,648.00,285.00,576.00,285.00
578.00,251.00,646.00,251.00,646.00,286.00,578.00,286.00
567.00,254.00,661.00,254.00,661.00,289.00,567.00,289.00
569.00,257.00,656.00,257.00,656.00,297.00,569.00,297.00
583.00,254.00,665.00,254.00,665.00,284.00,583.00,284.00
582.00,251.00,659.00,251.00,659.00,284.00,582.00,284.00
581.00,252.00,655.00,252.00,655.00,285.00,581.00,285.00
583.00,254.00,658.00,254.00,658.00,290.00,583.00,290.00
582.00,256.00,659.00,256.00,659.00,293.00,582.00,293.00
576.00,257.00,664.00,257.00,664.00,295.00,576.00,295.00
576.00,262.00,663.00,262.00,663.00,300.00,576.00,300.00
571.00,266.00,663.00,266.00,663.00,306.00,571.00,306.00
572.00,271.00,659.00,271.00,659.00,312.00,572.00,312.00
569.00,275.00,660.00,275.00,660.00,315.00,569.00,315.00
574.00,279.00,653.00,279.00,653.00,318.00,574.00,318.00
577.00,285.00,651.00,285.00,651.00,324.00,577.00,324.00
574.00,292.00,659.00,292.00,659.00,333.00,574.00,333.00
578.00,314.00,662.00,314.00,662.00,356.00,578.00,356.00
580.00,322.00,667.00,322.00,667.00,358.00,580.00,358.00
583.00,324.00,671.00,324.00,671.00,362.00,583.00,362.00
585.00,326.00,668.00,326.00,668.00,368.00,585.00,368.00
589.00,336.00,674.00,336.00,674.00,377.00,589.00,377.00
593.00,351.00,681.00,351.00,681.00,389.00,593.00,389.00
606.00,357.00,681.00,357.00,681.00,393.00,606.00,393.00
604.00,357.00,684.00,357.00,684.00,397.00,604.00,397.00
602.00,364.00,687.00,364.00,687.00,402.00,602.00,402.00
620.00,370.00,683.00,370.00,683.00,408.00,620.00,408.00
617.00,373.00,686.00,373.00,686.00,410.00,617.00,410.00
620.00,375.00,685.00,375.00,685.00,413.00,620.00,413.00
613.00,375.00,687.00,375.00,687.00,418.00,613.00,418.00
617.00,383.00,693.00,383.00,693.00,422.00,617.00,422.00
620.00,373.00,692.00,373.00,692.00,413.00,620.00,413.00
624.00,384.00,689.00,384.00,689.00,421.00,624.00,421.00
623.00,388.00,686.00,388.00,686.00,425.00,623.00,425.00
616.00,389.00,691.00,389.00,691.00,431.00,616.00,431.00
613.00,394.00,695.00,394.00,695.00,433.00,613.00,433.00
609.00,375.00,692.00,375.00,692.00,416.00,609.00,416.00
615.00,390.00,678.00,390.00,678.00,427.00,615.00,427.00
609.00,387.00,682.00,387.00,682.00,428.00,609.00,428.00
607.00,386.00,690.00,386.00,690.00,424.00,607.00,424.00
609.00,385.00,680.00,385.00,680.00,421.00,609.00,421.00
607.00,367.00,671.00,367.00,671.00,406.00,607.00,406.00
606.00,369.00,667.00,369.00,667.00,407.00,606.00,407.00
601.00,368.00,670.00,368.00,670.00,406.00,601.00,406.00
597.00,366.00,675.00,366.00,675.00,403.00,597.00,403.00
595.00,362.00,671.00,362.00,671.00,399.00,595.00,399.00
603.00,343.00,669.00,343.00,669.00,383.00,603.00,383.00
597.00,344.00,657.00,344.00,657.00,381.00,597.00,381.00
592.00,337.00,659.00,337.00,659.00,376.00,592.00,376.00
588.00,338.00,663.00,338.00,663.00,375.00,588.00,375.00
578.00,336.00,669.00,336.00,669.00,369.00,578.00,369.00
603.00,317.00,679.00,317.00,679.00,355.00,603.00,355.00
577.00,304.00,660.00,304.00,660.00,341.00,577.00,341.00
585.00,315.00,647.00,315.00,647.00,353.00,585.00,353.00
582.00,309.00,647.00,309.00,647.00,351.00,582.00,351.00
580.00,309.00,651.00,309.00,651.00,347.00,580.00,347.00
586.00,302.00,660.00,302.00,660.00,338.00,586.00,338.00
588.00,297.00,666.00,297.00,666.00,333.00,588.00,333.00
591.00,294.00,666.00,294.00,666.00,329.00,591.00,329.00
584.00,290.00,652.00,290.00,652.00,326.00,584.00,326.00
586.00,289.00,649.00,289.00,649.00,328.00,586.00,328.00
582.00,290.00,654.00,290.00,654.00,330.00,582.00,330.00
577.00,296.00,666.00,296.00,666.00,328.00,577.00,328.00
581.00,296.00,659.00,296.00,659.00,330.00,581.00,330.00
578.00,296.00,657.00,296.00,657.00,331.00,578.00,331.00
596.00,292.00,665.00,292.00,665.00,326.00,596.00,326.00
588.00,292.00,647.00,292.00,647.00,329.00,588.00,329.00
585.00,293.00,647.00,293.00,647.00,333.00,585.00,333.00
576.00,304.00,659.00,304.00,659.00,335.00,576.00,335.00
576.00,307.00,650.00,307.00,650.00,342.00,576.00,342.00
574.00,308.00,654.00,308.00,654.00,344.00,574.00,344.00
578.00,308.00,643.00,308.00,643.00,345.00,578.00,345.00
579.00,308.00,646.00,308.00,646.00,347.00,579.00,347.00
578.00,310.00,645.00,310.00,645.00,351.00,578.00,351.00
576.00,316.00,652.00,316.00,652.00,356.00,576.00,356.00
575.00,327.00,657.00,327.00,657.00,363.00,575.00,363.00
581.00,328.00,646.00,328.00,646.00,361.00,581.00,361.00
576.00,334.00,648.00,334.00,648.00,369.00,576.00,369.00
581.00,337.00,646.00,337.00,646.00,374.00,581.00,374.00
584.00,336.00,659.00,336.00,659.00,379.00,584.00,379.00
585.00,341.00,662.00,341.00,662.00,382.00,585.00,382.00
592.00,349.00,655.00,349.00,655.00,387.00,592.00,387.00
590.00,353.00,655.00,353.00,655.00,391.00,590.00,391.00
592.00,358.00,662.00,358.00,662.00,395.00,592.00,395.00
590.00,363.00,674.00,363.00,674.00,402.00,590.00,402.00
595.00,370.00,675.00,370.00,675.00,409.00,595.00,409.00
607.00,373.00,679.00,373.00,679.00,413.00,607.00,413.00
604.00,378.00,675.00,378.00,675.00,417.00,604.00,417.00
603.00,384.00,681.00,384.00,681.00,421.00,603.00,421.00
603.00,390.00,682.00,390.00,682.00,426.00,603.00,426.00
609.00,390.00,679.00,390.00,679.00,430.00,609.00,430.00
606.00,391.00,677.00,391.00,677.00,432.00,606.00,432.00
607.00,393.00,679.00,393.00,679.00,434.00,607.00,434.00
610.00,395.00,687.00,395.00,687.00,436.00,610.00,436.00
614.00,392.00,685.00,392.00,685.00,433.00,614.00,433.00
615.00,385.00,685.00,385.00,685.00,427.00,615.00,427.00
611.00,382.00,682.00,382.00,682.00,425.00,611.00,425.00
607.00,383.00,690.00,383.00,690.00,425.00,607.00,425.00
612.00,382.00,691.00,382.00,691.00,421.00,612.00,421.00
623.00,376.00,697.00,376.00,697.00,415.00,623.00,415.00
618.00,366.00,688.00,366.00,688.00,406.00,618.00,406.00
614.00,370.00,675.00,370.00,675.00,408.00,614.00,408.00
608.00,369.00,680.00,369.00,680.00,405.00,608.00,405.00
607.00,367.00,686.00,367.00,686.00,401.00,607.00,401.00
611.00,362.00,681.00,362.00,681.00,399.00,611.00,399.00
619.00,352.00,694.00,352.00,694.00,389.00,619.00,389.00
606.00,348.00,665.00,348.00,665.00,387.00,606.00,387.00
599.00,347.00,663.00,347.00,663.00,385.00,599.00,385.00
601.00,345.00,668.00,345.00,668.00,378.00,601.00,378.00
604.00,340.00,676.00,340.00,676.00,374.00,604.00,374.00
605.00,334.00,684.00,334.00,684.00,369.00,605.00,369.00
600.00,323.00,665.00,323.00,665.00,358.00,600.00,358.00
595.00,305.00,661.00,305.00,661.00,341.00,595.00,341.00
567.00,284.00,644.00,284.00,644.00,320.00,567.00,320.00
556.00,291.00,650.00,291.00,650.00,322.00,556.00,322.00
558.00,296.00,646.00,296.00,646.00,332.00,558.00,332.00
536.00,290.00,609.00,290.00,609.00,324.00,536.00,324.00
524.00,287.00,602.00,287.00,602.00,323.00,524.00,323.00
521.00,289.00,590.00,289.00,590.00,325.00,521.00,325.00
505.00,289.00,588.00,289.00,588.00,328.00,505.00,328.00
489.00,299.00,595.00,299.00,595.00,331.00,489.00,331.00
483.00,304.00,570.00,304.00,570.00,338.00,483.00,338.00
484.00,306.00,560.00,306.00,560.00,335.00,484.00,335.00
473.00,305.00,551.00,305.00,551.00,339.00,473.00,339.00
465.00,309.00,537.00,309.00,537.00,343.00,465.00,343.00
456.00,315.00,533.00,315.00,533.00,345.00,456.00,345.00
436.00,321.00,528.00,321.00,528.00,356.00,436.00,356.00
431.00,322.00,515.00,322.00,515.00,352.00,431.00,352.00
432.00,320.00,508.00,320.00,508.00,353.00,432.00,353.00
417.00,327.00,503.00,327.00,503.00,361.00,417.00,361.00
418.00,327.00,484.00,327.00,484.00,362.00,418.00,362.00
408.00,339.00,496.00,339.00,496.00,377.00,408.00,377.00
389.00,342.00,471.00,342.00,471.00,380.00,389.00,380.00
377.00,342.00,457.00,342.00,457.00,378.00,377.00,378.00
370.00,342.00,443.00,342.00,443.00,377.00,370.00,377.00
361.00,347.00,434.00,347.00,434.00,381.00,361.00,381.00
338.00,354.00,409.00,354.00,409.00,389.00,338.00,389.00
333.00,361.00,408.00,361.00,408.00,403.00,333.00,403.00
315.00,364.00,395.00,364.00,395.00,405.00,315.00,405.00
304.00,363.00,378.00,363.00,378.00,398.00,304.00,398.00
291.00,366.00,374.00,366.00,374.00,401.00,291.00,401.00
264.00,374.00,339.00,374.00,339.00,411.00,264.00,411.00
254.00,376.00,333.00,376.00,333.00,417.00,254.00,417.00
237.00,383.00,317.00,383.00,317.00,425.00,237.00,425.00
216.00,389.00,298.00,389.00,298.00,431.00,216.00,431.00
205.00,387.00,281.00,387.00,281.00,423.00,205.00,423.00
171.00,394.00,256.00,394.00,256.00,429.00,171.00,429.00
161.00,396.00,247.00,396.00,247.00,431.00,161.00,431.00
130.00,357.00,214.00,357.00,214.00,391.00,130.00,391.00
103.00,366.00,186.00,366.00,186.00,399.00,103.00,399.00
63.00,378.00,147.00,378.00,147.00,412.00,63.00,412.00
45.00,382.00,131.00,382.00,131.00,417.00,45.00,417.00
27.00,384.00,111.00,384.00,111.00,418.00,27.00,418.00
45.00,382.00,130.00,382.00,130.00,416.00,45.00,416.00
42.00,382.00,127.00,382.00,127.00,416.00,42.00,416.00
46.00,383.00,131.00,383.00,131.00,417.00,46.00,417.00
51.00,383.00,136.00,383.00,136.00,417.00,51.00,417.00
37.00,386.00,124.00,386.00,124.00,421.00,37.00,421.00
14.00,388.00,113.00,388.00,113.00,429.00,14.00,429.00
13.00,388.00,113.00,388.00,113.00,429.00,13.00,429.00
13.00,389.00,113.00,389.00,113.00,430.00,13.00,430.00
9.00,390.00,109.00,390.00,109.00,432.00,9.00,432.00
5.00,390.00,104.00,390.00,104.00,433.00,5.00,433.00
-0.00,391.00,100.00,391.00,100.00,434.00,-0.00,434.00
1.00,390.00,102.00,390.00,102.00,434.00,1.00,434.00
3.00,391.00,103.00,391.00,103.00,434.00,3.00,434.00
5.00,389.00,104.00,389.00,104.00,432.00,5.00,432.00
4.00,389.00,103.00,389.00,103.00,432.00,4.00,432.00
-1.00,388.00,101.00,388.00,101.00,432.00,-1.00,432.00
2.00,388.00,103.00,388.00,103.00,432.00,2.00,432.00
-2.00,388.00,101.00,388.00,101.00,432.00,-2.00,432.00
7.00,386.00,109.00,386.00,109.00,428.00,7.00,428.00
8.00,386.00,108.00,386.00,108.00,428.00,8.00,428.00
7.00,385.00,109.00,385.00,109.00,429.00,7.00,429.00
7.00,385.00,110.00,385.00,110.00,427.00,7.00,427.00
2.00,386.00,104.00,386.00,104.00,429.00,2.00,429.00
0.00,389.00,100.00,389.00,100.00,432.00,0.00,432.00
4.00,387.00,106.00,387.00,106.00,431.00,4.00,431.00
3.00,387.00,106.00,387.00,106.00,431.00,3.00,431.00
4.00,387.00,109.00,387.00,109.00,432.00,4.00,432.00
2.00,387.00,104.00,387.00,104.00,430.00,2.00,430.00
2.00,387.00,103.00,387.00,103.00,430.00,2.00,430.00
0.00,388.00,103.00,388.00,103.00,432.00,0.00,432.00
3.00,387.00,105.00,387.00,105.00,430.00,3.00,430.00
2.00,387.00,106.00,387.00,106.00,432.00,2.00,432.00
2.00,387.00,106.00,387.00,106.00,431.00,2.00,431.00
-0.00,389.00,101.00,389.00,101.00,432.00,-0.00,432.00
0.00,389.00,102.00,389.00,102.00,433.00,0.00,433.00
2.00,389.00,106.00,389.00,106.00,433.00,2.00,433.00
2.00,389.00,105.00,389.00,105.00,433.00,2.00,433.00
0.00,388.00,103.00,388.00,103.00,431.00,0.00,431.00
-1.00,389.00,101.00,389.00,101.00,433.00,-1.00,433.00
2.00,386.00,107.00,386.00,107.00,430.00,2.00,430.00
-0.00,386.00,104.00,386.00,104.00,432.00,-0.00,432.00
1.00,385.00,104.00,385.00,104.00,430.00,1.00,430.00
0.00,384.00,106.00,384.00,106.00,428.00,0.00,428.00
2.00,385.00,108.00,385.00,108.00,430.00,2.00,430.00
1.00,385.00,108.00,385.00,108.00,430.00,1.00,430.00
2.00,385.00,108.00,385.00,108.00,430.00,2.00,430.00
-3.00,386.00,102.00,386.00,102.00,430.00,-3.00,430.00
