1
72.00,127.00,107.00,127.00,107.00,150.00,72.00,150.00
74.00,127.00,107.00,127.00,107.00,149.00,74.00,149.00
74.00,128.00,108.00,128.00,108.00,149.00,74.00,149.00
74.00,127.00,108.00,127.00,108.00,149.00,74.00,149.00
75.00,126.00,110.00,126.00,110.00,149.00,75.00,149.00
76.00,127.00,109.00,127.00,109.00,149.00,76.00,149.00
77.00,127.00,109.00,127.00,109.00,148.00,77.00,148.00
78.00,127.00,111.00,127.00,111.00,149.00,78.00,149.00
79.00,127.00,111.00,127.00,111.00,148.00,79.00,148.00
79.00,127.00,111.00,127.00,111.00,148.00,79.00,148.00
79.00,127.00,111.00,127.00,111.00,148.00,79.00,148.00
80.00,127.00,112.00,127.00,112.00,147.00,80.00,147.00
81.00,126.00,112.00,126.00,112.00,148.00,81.00,148.00
82.00,126.00,113.00,126.00,113.00,147.00,82.00,147.00
81.00,124.00,115.00,124.00,115.00,145.00,81.00,145.00
83.00,125.00,113.00,125.00,113.00,146.00,83.00,146.00
82.00,125.00,114.00,125.00,114.00,145.00,82.00,145.00
83.00,124.00,115.00,124.00,115.00,146.00,83.00,146.00
84.00,124.00,115.00,124.00,115.00,145.00,84.00,145.00
83.00,125.00,116.00,125.00,116.00,144.00,83.00,144.00
85.00,124.00,117.00,124.00,117.00,146.00,85.00,146.00
85.00,124.00,117.00,124.00,117.00,144.00,85.00,144.00
86.00,125.00,118.00,125.00,118.00,145.00,86.00,145.00
86.00,124.00,119.00,124.00,119.00,146.00,86.00,146.00
86.00,125.00,119.00,125.00,119.00,146.00,86.00,146.00
87.00,124.00,119.00,124.00,119.00,145.00,87.00,145.00
88.00,125.00,120.00,125.00,120.00,146.00,88.00,146.00
89.00,125.00,120.00,125.00,120.00,146.00,89.00,146.00
88.00,126.00,121.00,126.00,121.00,146.00,88.00,146.00
89.00,125.00,121.00,125.00,121.00,146.00,89.00,146.00
89.00,125.00,121.00,125.00,121.00,146.00,89.00,146.00
89.00,125.00,122.00,125.00,122.00,146.00,89.00,146.00
89.00,126.00,122.00,126.00,122.00,146.00,89.00,146.00
89.00,125.00,122.00,125.00,122.00,145.00,89.00,145.00
90.00,126.00,123.00,126.00,123.00,146.00,90.00,146.00
90.00,125.00,122.00,125.00,122.00,146.00,90.00,146.00
90.00,126.00,124.00,126.00,124.00,146.00,90.00,146.00
90.00,126.00,123.00,126.00,123.00,146.00,90.00,146.00
90.00,127.00,123.00,127.00,123.00,146.00,90.00,146.00
91.00,127.00,124.00,127.00,124.00,147.00,91.00,147.00
91.00,128.00,124.00,128.00,124.00,147.00,91.00,147.00
91.00,128.00,125.00,128.00,125.00,148.00,91.00,148.00
91.00,128.00,125.00,128.00,125.00,148.00,91.00,148.00
92.00,129.00,125.00,129.00,125.00,148.00,92.00,148.00
92.00,130.00,126.00,130.00,126.00,149.00,92.00,149.00
91.00,130.00,126.00,130.00,126.00,149.00,91.00,149.00
91.00,130.00,125.00,130.00,125.00,149.00,91.00,149.00
93.00,131.00,126.00,131.00,126.00,150.00,93.00,150.00
93.00,131.00,126.00,131.00,126.00,150.00,93.00,150.00
92.00,131.00,126.00,131.00,126.00,150.00,92.00,150.00
93.00,131.00,127.00,131.00,127.00,150.00,93.00,150.00
94.00,131.00,129.00,131.00,129.00,151.00,94.00,151.00
94.00,131.00,127.00,131.00,127.00,150.00,94.00,150.00
94.00,130.00,128.00,130.00,128.00,150.00,94.00,150.00
94.00,131.00,128.00,131.00,128.00,150.00,94.00,150.00
95.00,131.00,128.00,131.00,128.00,150.00,95.00,150.00
96.00,130.00,130.00,130.00,130.00,149.00,96.00,149.00
96.00,130.00,130.00,130.00,130.00,149.00,96.00,149.00
97.00,130.00,130.00,130.00,130.00,149.00,97.00,149.00
97.00,130.00,130.00,130.00,130.00,148.00,97.00,148.00
98.00,130.00,130.00,130.00,130.00,149.00,98.00,149.00
99.00,130.00,130.00,130.00,130.00,148.00,99.00,148.00
98.00,130.00,131.00,130.00,131.00,148.00,98.00,148.00
99.00,130.00,131.00,130.00,131.00,148.00,99.00,148.00
98.00,129.00,131.00,129.00,131.00,148.00,98.00,148.00
99.00,129.00,131.00,129.00,131.00,148.00,99.00,148.00
99.00,130.00,132.00,130.00,132.00,149.00,99.00,149.00
99.00,129.00,132.00,129.00,132.00,148.00,99.00,148.00
100.00,129.00,133.00,129.00,133.00,147.00,100.00,147.00
100.00,130.00,132.00,130.00,132.00,148.00,100.00,148.00
100.00,130.00,134.00,130.00,134.00,148.00,100.00,148.00
100.00,129.00,133.00,129.00,133.00,148.00,100.00,148.00
100.00,129.00,132.00,129.00,132.00,147.00,100.00,147.00
101.00,128.00,133.00,128.00,133.00,148.00,101.00,148.00
101.00,129.00,133.00,129.00,133.00,148.00,101.00,148.00
101.00,129.00,134.00,129.00,134.00,148.00,101.00,148.00
101.00,129.00,132.00,129.00,132.00,148.00,101.00,148.00
102.00,129.00,134.00,129.00,134.00,148.00,102.00,148.00
102.00,129.00,135.00,129.00,135.00,149.00,102.00,149.00
101.00,129.00,134.00,129.00,134.00,147.00,101.00,147.00
102.00,129.00,135.00,129.00,135.00,148.00,102.00,148.00
102.00,129.00,135.00,129.00,135.00,148.00,102.00,148.00
102.00,128.00,135.00,128.00,135.00,148.00,102.00,148.00
102.00,129.00,135.00,129.00,135.00,148.00,102.00,148.00
103.00,128.00,135.00,128.00,135.00,148.00,103.00,148.00
102.00,129.00,135.00,129.00,135.00,148.00,102.00,148.00
102.00,129.00,136.00,129.00,136.00,148.00,102.00,148.00
102.00,128.00,136.00,128.00,136.00,148.00,102.00,148.00
103.00,129.00,135.00,129.00,135.00,149.00,103.00,149.00
102.00,128.00,136.00,128.00,136.00,148.00,102.00,148.00
101.00,129.00,136.00,129.00,136.00,148.00,101.00,148.00
101.00,128.00,136.00,128.00,136.00,148.00,101.00,148.00
101.00,127.00,137.00,127.00,137.00,148.00,101.00,148.00
101.00,128.00,138.00,128.00,138.00,148.00,101.00,148.00
101.00,128.00,136.00,128.00,136.00,148.00,101.00,148.00
101.00,127.00,137.00,127.00,137.00,148.00,101.00,148.00
102.00,128.00,138.00,128.00,138.00,148.00,102.00,148.00
101.00,128.00,138.00,128.00,138.00,148.00,101.00,148.00
101.00,127.00,138.00,127.00,138.00,148.00,101.00,148.00
101.00,128.00,137.00,128.00,137.00,148.00,101.00,148.00
101.00,127.00,139.00,127.00,139.00,149.00,101.00,149.00
101.00,128.00,139.00,128.00,139.00,148.00,101.00,148.00
101.00,128.00,139.00,128.00,139.00,148.00,101.00,148.00
102.00,128.00,139.00,128.00,139.00,148.00,102.00,148.00
102.00,128.00,138.00,128.00,138.00,148.00,102.00,148.00
102.00,128.00,138.00,128.00,138.00,148.00,102.00,148.00
102.00,129.00,138.00,129.00,138.00,148.00,102.00,148.00
103.00,127.00,139.00,127.00,139.00,147.00,103.00,147.00
103.00,128.00,139.00,128.00,139.00,149.00,103.00,149.00
102.00,128.00,139.00,128.00,139.00,148.00,102.00,148.00
103.00,127.00,138.00,127.00,138.00,148.00,103.00,148.00
102.00,128.00,139.00,128.00,139.00,147.00,102.00,147.00
102.00,127.00,138.00,127.00,138.00,147.00,102.00,147.00
103.00,127.00,139.00,127.00,139.00,147.00,103.00,147.00
102.00,127.00,138.00,127.00,138.00,147.00,102.00,147.00
102.00,127.00,138.00,127.00,138.00,147.00,102.00,147.00
103.00,128.00,138.00,128.00,138.00,147.00,103.00,147.00
102.00,127.00,139.00,127.00,139.00,147.00,102.00,147.00
103.00,127.00,138.00,127.00,138.00,147.00,103.00,147.00
103.00,127.00,139.00,127.00,139.00,147.00,103.00,147.00
103.00,126.00,139.00,126.00,139.00,145.00,103.00,145.00
104.00,126.00,139.00,126.00,139.00,146.00,104.00,146.00
103.00,126.00,139.00,126.00,139.00,146.00,103.00,146.00
104.00,126.00,140.00,126.00,140.00,146.00,104.00,146.00
104.00,126.00,139.00,126.00,139.00,146.00,104.00,146.00
103.00,126.00,140.00,126.00,140.00,147.00,103.00,147.00
103.00,126.00,139.00,126.00,139.00,147.00,103.00,147.00
104.00,125.00,139.00,125.00,139.00,146.00,104.00,146.00
104.00,125.00,139.00,125.00,139.00,146.00,104.00,146.00
102.00,126.00,140.00,126.00,140.00,147.00,102.00,147.00
103.00,126.00,140.00,126.00,140.00,147.00,103.00,147.00
102.00,126.00,138.00,126.00,138.00,147.00,102.00,147.00
103.00,127.00,140.00,127.00,140.00,147.00,103.00,147.00
103.00,126.00,140.00,126.00,140.00,146.00,103.00,146.00
103.00,127.00,139.00,127.00,139.00,147.00,103.00,147.00
103.00,126.00,140.00,126.00,140.00,147.00,103.00,147.00
103.00,126.00,139.00,126.00,139.00,146.00,103.00,146.00
103.00,126.00,141.00,126.00,141.00,147.00,103.00,147.00
103.00,126.00,140.00,126.00,140.00,146.00,103.00,146.00
103.00,126.00,139.00,126.00,139.00,148.00,103.00,148.00
104.00,126.00,139.00,126.00,139.00,147.00,104.00,147.00
103.00,125.00,140.00,125.00,140.00,147.00,103.00,147.00
103.00,125.00,139.00,125.00,139.00,146.00,103.00,146.00
103.00,125.00,138.00,125.00,138.00,147.00,103.00,147.00
103.00,125.00,139.00,125.00,139.00,146.00,103.00,146.00
102.00,124.00,139.00,124.00,139.00,147.00,102.00,147.00
102.00,125.00,140.00,125.00,140.00,147.00,102.00,147.00
103.00,125.00,140.00,125.00,140.00,147.00,103.00,147.00
101.00,125.00,139.00,125.00,139.00,146.00,101.00,146.00
102.00,125.00,139.00,125.00,139.00,147.00,102.00,147.00
103.00,125.00,139.00,125.00,139.00,146.00,103.00,146.00
102.00,124.00,139.00,124.00,139.00,147.00,102.00,147.00
101.00,125.00,139.00,125.00,139.00,146.00,101.00,146.00
101.00,125.00,139.00,125.00,139.00,147.00,101.00,147.00
102.00,124.00,140.00,124.00,140.00,146.00,102.00,146.00
103.00,125.00,139.00,125.00,139.00,146.00,103.00,146.00
102.00,125.00,139.00,125.00,139.00,147.00,102.00,147.00
103.00,125.00,140.00,125.00,140.00,147.00,103.00,147.00
102.00,125.00,139.00,125.00,139.00,147.00,102.00,147.00
103.00,126.00,140.00,126.00,140.00,147.00,103.00,147.00
103.00,126.00,138.00,126.00,138.00,146.00,103.00,146.00
102.00,126.00,139.00,126.00,139.00,147.00,102.00,147.00
102.00,127.00,140.00,127.00,140.00,147.00,102.00,147.00
102.00,126.00,139.00,126.00,139.00,147.00,102.00,147.00
103.00,127.00,140.00,127.00,140.00,148.00,103.00,148.00
103.00,127.00,140.00,127.00,140.00,147.00,103.00,147.00
103.00,127.00,139.00,127.00,139.00,147.00,103.00,147.00
104.00,127.00,139.00,127.00,139.00,147.00,104.00,147.00
103.00,127.00,139.00,127.00,139.00,147.00,103.00,147.00
104.00,127.00,140.00,127.00,140.00,147.00,104.00,147.00
104.00,127.00,140.00,127.00,140.00,147.00,104.00,147.00
103.00,127.00,139.00,127.00,139.00,147.00,103.00,147.00
102.00,127.00,139.00,127.00,139.00,147.00,102.00,147.00
103.00,126.00,139.00,126.00,139.00,146.00,103.00,146.00
103.00,127.00,140.00,127.00,140.00,147.00,103.00,147.00
103.00,126.00,140.00,126.00,140.00,146.00,103.00,146.00
103.00,126.00,140.00,126.00,140.00,146.00,103.00,146.00
103.00,126.00,139.00,126.00,139.00,146.00,103.00,146.00
103.00,126.00,140.00,126.00,140.00,146.00,103.00,146.00
103.00,126.00,141.00,126.00,141.00,147.00,103.00,147.00
105.00,126.00,140.00,126.00,140.00,146.00,105.00,146.00
103.00,126.00,140.00,126.00,140.00,146.00,103.00,146.00
104.00,126.00,141.00,126.00,141.00,147.00,104.00,147.00
103.00,127.00,141.00,127.00,141.00,146.00,103.00,146.00
104.00,128.00,142.00,128.00,142.00,147.00,104.00,147.00
103.00,127.00,142.00,127.00,142.00,146.00,103.00,146.00
104.00,128.00,142.00,128.00,142.00,147.00,104.00,147.00
103.00,128.00,141.00,128.00,141.00,147.00,103.00,147.00
103.00,128.00,141.00,128.00,141.00,147.00,103.00,147.00
103.00,127.00,142.00,127.00,142.00,147.00,103.00,147.00
102.00,127.00,143.00,127.00,143.00,147.00,102.00,147.00
102.00,128.00,142.00,128.00,142.00,147.00,102.00,147.00
104.00,127.00,142.00,127.00,142.00,147.00,104.00,147.00
103.00,127.00,142.00,127.00,142.00,147.00,103.00,147.00
104.00,128.00,141.00,128.00,141.00,147.00,104.00,147.00
105.00,128.00,141.00,128.00,141.00,147.00,105.00,147.00
105.00,126.00,144.00,126.00,144.00,146.00,105.00,146.00
105.00,127.00,144.00,127.00,144.00,146.00,105.00,146.00
105.00,127.00,143.00,127.00,143.00,146.00,105.00,146.00
106.00,126.00,143.00,126.00,143.00,146.00,106.00,146.00
104.00,126.00,143.00,126.00,143.00,145.00,104.00,145.00
106.00,126.00,144.00,126.00,144.00,146.00,106.00,146.00
106.00,126.00,144.00,126.00,144.00,146.00,106.00,146.00
105.00,126.00,144.00,126.00,144.00,146.00,105.00,146.00
105.00,126.00,144.00,126.00,144.00,147.00,105.00,147.00
106.00,126.00,144.00,126.00,144.00,146.00,106.00,146.00
106.00,126.00,145.00,126.00,145.00,145.00,106.00,145.00
107.00,126.00,144.00,126.00,144.00,146.00,107.00,146.00
106.00,126.00,144.00,126.00,144.00,146.00,106.00,146.00
106.00,127.00,145.00,127.00,145.00,146.00,106.00,146.00
106.00,127.00,145.00,127.00,145.00,146.00,106.00,146.00
107.00,127.00,145.00,127.00,145.00,147.00,107.00,147.00
107.00,127.00,145.00,127.00,145.00,146.00,107.00,146.00
106.00,127.00,147.00,127.00,147.00,146.00,106.00,146.00
107.00,127.00,147.00,127.00,147.00,147.00,107.00,147.00
108.00,127.00,146.00,127.00,146.00,148.00,108.00,148.00
107.00,127.00,148.00,127.00,148.00,148.00,107.00,148.00
107.00,127.00,148.00,127.00,148.00,148.00,107.00,148.00
106.00,127.00,146.00,127.00,146.00,147.00,106.00,147.00
109.00,128.00,148.00,128.00,148.00,149.00,109.00,149.00
109.00,128.00,148.00,128.00,148.00,149.00,109.00,149.00
108.00,127.00,149.00,127.00,149.00,148.00,108.00,148.00
107.00,127.00,149.00,127.00,149.00,147.00,107.00,147.00
107.00,127.00,148.00,127.00,148.00,148.00,107.00,148.00
108.00,127.00,148.00,127.00,148.00,147.00,108.00,147.00
110.00,127.00,150.00,127.00,150.00,147.00,110.00,147.00
111.00,127.00,150.00,127.00,150.00,147.00,111.00,147.00
111.00,126.00,150.00,126.00,150.00,148.00,111.00,148.00
110.00,126.00,150.00,126.00,150.00,146.00,110.00,146.00
110.00,126.00,150.00,126.00,150.00,147.00,110.00,147.00
112.00,126.00,150.00,126.00,150.00,146.00,112.00,146.00
110.00,125.00,151.00,125.00,151.00,145.00,110.00,145.00
111.00,126.00,152.00,126.00,152.00,146.00,111.00,146.00
112.00,125.00,153.00,125.00,153.00,145.00,112.00,145.00
113.00,126.00,152.00,126.00,152.00,146.00,113.00,146.00
113.00,127.00,152.00,127.00,152.00,146.00,113.00,146.00
114.00,127.00,153.00,127.00,153.00,146.00,114.00,146.00
112.00,127.00,151.00,127.00,151.00,146.00,112.00,146.00
113.00,127.00,153.00,127.00,153.00,145.00,113.00,145.00
114.00,127.00,153.00,127.00,153.00,145.00,114.00,145.00
113.00,128.00,153.00,128.00,153.00,145.00,113.00,145.00
114.00,128.00,152.00,128.00,152.00,146.00,114.00,146.00
115.00,128.00,153.00,128.00,153.00,147.00,115.00,147.00
116.00,128.00,155.00,128.00,155.00,146.00,116.00,146.00
115.00,129.00,153.00,129.00,153.00,147.00,115.00,147.00
116.00,128.00,154.00,128.00,154.00,146.00,116.00,146.00
117.00,128.00,155.00,128.00,155.00,146.00,117.00,146.00
117.00,127.00,156.00,127.00,156.00,146.00,117.00,146.00
116.00,127.00,153.00,127.00,153.00,146.00,116.00,146.00
118.00,127.00,156.00,127.00,156.00,146.00,118.00,146.00
120.00,126.00,156.00,126.00,156.00,145.00,120.00,145.00
121.00,126.00,157.00,126.00,157.00,145.00,121.00,145.00
121.00,126.00,158.00,126.00,158.00,145.00,121.00,145.00
121.00,125.00,158.00,125.00,158.00,144.00,121.00,144.00
120.00,126.00,158.00,126.00,158.00,145.00,120.00,145.00
123.00,125.00,160.00,125.00,160.00,145.00,123.00,145.00
123.00,125.00,161.00,125.00,161.00,145.00,123.00,145.00
123.00,125.00,159.00,125.00,159.00,145.00,123.00,145.00
125.00,125.00,161.00,125.00,161.00,144.00,125.00,144.00
125.00,125.00,161.00,125.00,161.00,144.00,125.00,144.00
124.00,125.00,162.00,125.00,162.00,145.00,124.00,145.00
125.00,125.00,162.00,125.00,162.00,144.00,125.00,144.00
122.00,125.00,161.00,125.00,161.00,144.00,122.00,144.00
125.00,125.00,163.00,125.00,163.00,145.00,125.00,145.00
125.00,125.00,164.00,125.00,164.00,144.00,125.00,144.00
124.00,125.00,163.00,125.00,163.00,144.00,124.00,144.00
128.00,125.00,167.00,125.00,167.00,145.00,128.00,145.00
128.00,126.00,166.00,126.00,166.00,145.00,128.00,145.00
128.00,126.00,165.00,126.00,165.00,145.00,128.00,145.00
131.00,126.00,167.00,126.00,167.00,146.00,131.00,146.00
130.00,125.00,168.00,125.00,168.00,144.00,130.00,144.00
132.00,125.00,167.00,125.00,167.00,145.00,132.00,145.00
131.00,125.00,166.00,125.00,166.00,144.00,131.00,144.00
134.00,124.00,172.00,124.00,172.00,143.00,134.00,143.00
135.00,123.00,172.00,123.00,172.00,143.00,135.00,143.00
141.00,121.00,176.00,121.00,176.00,142.00,141.00,142.00
135.00,122.00,172.00,122.00,172.00,141.00,135.00,141.00
136.00,122.00,171.00,122.00,171.00,141.00,136.00,141.00
136.00,122.00,172.00,122.00,172.00,140.00,136.00,140.00
135.00,122.00,171.00,122.00,171.00,140.00,135.00,140.00
140.00,121.00,175.00,121.00,175.00,140.00,140.00,140.00
141.00,121.00,173.00,121.00,173.00,140.00,141.00,140.00
138.00,121.00,172.00,121.00,172.00,140.00,138.00,140.00
137.00,120.00,174.00,120.00,174.00,141.00,137.00,141.00
138.00,121.00,174.00,121.00,174.00,141.00,138.00,141.00
141.00,121.00,176.00,121.00,176.00,142.00,141.00,142.00
140.00,121.00,178.00,121.00,178.00,141.00,140.00,141.00
139.00,122.00,176.00,122.00,176.00,142.00,139.00,142.00
142.00,122.00,177.00,122.00,177.00,142.00,142.00,142.00
143.00,122.00,178.00,122.00,178.00,143.00,143.00,143.00
144.00,122.00,180.00,122.00,180.00,142.00,144.00,142.00
139.00,121.00,176.00,121.00,176.00,142.00,139.00,142.00
141.00,121.00,180.00,121.00,180.00,142.00,141.00,142.00
142.00,121.00,180.00,121.00,180.00,141.00,142.00,141.00
144.00,121.00,181.00,121.00,181.00,141.00,144.00,141.00
144.00,121.00,182.00,121.00,182.00,142.00,144.00,142.00
142.00,121.00,180.00,121.00,180.00,141.00,142.00,141.00
145.00,122.00,180.00,122.00,180.00,141.00,145.00,141.00
144.00,121.00,179.00,121.00,179.00,141.00,144.00,141.00
145.00,121.00,181.00,121.00,181.00,141.00,145.00,141.00
143.00,120.00,178.00,120.00,178.00,141.00,143.00,141.00
145.00,121.00,180.00,121.00,180.00,141.00,145.00,141.00
145.00,121.00,181.00,121.00,181.00,141.00,145.00,141.00
145.00,121.00,180.00,121.00,180.00,140.00,145.00,140.00
146.00,121.00,182.00,121.00,182.00,141.00,146.00,141.00
144.00,121.00,180.00,121.00,180.00,142.00,144.00,142.00
145.00,123.00,181.00,123.00,181.00,142.00,145.00,142.00
146.00,123.00,181.00,123.00,181.00,142.00,146.00,142.00
147.00,124.00,184.00,124.00,184.00,143.00,147.00,143.00
146.00,125.00,182.00,125.00,182.00,143.00,146.00,143.00
148.00,125.00,185.00,125.00,185.00,144.00,148.00,144.00
147.00,127.00,183.00,127.00,183.00,144.00,147.00,144.00
146.00,127.00,183.00,127.00,183.00,146.00,146.00,146.00
146.00,127.00,183.00,127.00,183.00,145.00,146.00,145.00
148.00,128.00,184.00,128.00,184.00,148.00,148.00,148.00
147.00,127.00,185.00,127.00,185.00,147.00,147.00,147.00
145.00,128.00,184.00,128.00,184.00,146.00,145.00,146.00
147.00,127.00,185.00,127.00,185.00,147.00,147.00,147.00
148.00,126.00,185.00,126.00,185.00,147.00,148.00,147.00
148.00,126.00,183.00,126.00,183.00,146.00,148.00,146.00
147.00,126.00,183.00,126.00,183.00,145.00,147.00,145.00
147.00,124.00,183.00,124.00,183.00,144.00,147.00,144.00
146.00,125.00,181.00,125.00,181.00,143.00,146.00,143.00
146.00,123.00,181.00,123.00,181.00,142.00,146.00,142.00
145.00,123.00,181.00,123.00,181.00,143.00,145.00,143.00
144.00,122.00,180.00,122.00,180.00,142.00,144.00,142.00
143.00,122.00,180.00,122.00,180.00,142.00,143.00,142.00
144.00,122.00,180.00,122.00,180.00,142.00,144.00,142.00
142.00,122.00,179.00,122.00,179.00,141.00,142.00,141.00
140.00,122.00,176.00,122.00,176.00,142.00,140.00,142.00
142.00,122.00,178.00,122.00,178.00,141.00,142.00,141.00
140.00,122.00,176.00,122.00,176.00,141.00,140.00,141.00
138.00,123.00,175.00,123.00,175.00,143.00,138.00,143.00
138.00,123.00,176.00,123.00,176.00,142.00,138.00,142.00
137.00,124.00,175.00,124.00,175.00,143.00,137.00,143.00
136.00,124.00,174.00,124.00,174.00,144.00,136.00,144.00
135.00,126.00,175.00,126.00,175.00,146.00,135.00,146.00
135.00,126.00,173.00,126.00,173.00,146.00,135.00,146.00
134.00,126.00,172.00,126.00,172.00,147.00,134.00,147.00
134.00,127.00,170.00,127.00,170.00,147.00,134.00,147.00
133.00,126.00,171.00,126.00,171.00,147.00,133.00,147.00
132.00,127.00,170.00,127.00,170.00,147.00,132.00,147.00
131.00,128.00,171.00,128.00,171.00,148.00,131.00,148.00
130.00,129.00,168.00,129.00,168.00,150.00,130.00,150.00
129.00,129.00,167.00,129.00,167.00,150.00,129.00,150.00
127.00,130.00,166.00,130.00,166.00,150.00,127.00,150.00
127.00,131.00,166.00,131.00,166.00,150.00,127.00,150.00
127.00,129.00,165.00,129.00,165.00,151.00,127.00,151.00
127.00,131.00,163.00,131.00,163.00,152.00,127.00,152.00
124.00,130.00,163.00,130.00,163.00,152.00,124.00,152.00
123.00,131.00,160.00,131.00,160.00,152.00,123.00,152.00
121.00,132.00,158.00,132.00,158.00,153.00,121.00,153.00
120.00,132.00,157.00,132.00,157.00,151.00,120.00,151.00
119.00,132.00,157.00,132.00,157.00,152.00,119.00,152.00
119.00,133.00,155.00,133.00,155.00,153.00,119.00,153.00
118.00,132.00,154.00,132.00,154.00,152.00,118.00,152.00
117.00,132.00,153.00,132.00,153.00,152.00,117.00,152.00
116.00,132.00,153.00,132.00,153.00,152.00,116.00,152.00
114.00,132.00,152.00,132.00,152.00,153.00,114.00,153.00
111.00,131.00,150.00,131.00,150.00,152.00,111.00,152.00
111.00,132.00,149.00,132.00,149.00,153.00,111.00,153.00
109.00,131.00,150.00,131.00,150.00,152.00,109.00,152.00
107.00,132.00,147.00,132.00,147.00,152.00,107.00,152.00
109.00,131.00,148.00,131.00,148.00,153.00,109.00,153.00
107.00,131.00,147.00,131.00,147.00,151.00,107.00,151.00
106.00,131.00,145.00,131.00,145.00,152.00,106.00,152.00
105.00,132.00,144.00,132.00,144.00,152.00,105.00,152.00
103.00,130.00,142.00,130.00,142.00,151.00,103.00,151.00
103.00,131.00,140.00,131.00,140.00,153.00,103.00,153.00
103.00,131.00,141.00,131.00,141.00,153.00,103.00,153.00
101.00,130.00,139.00,130.00,139.00,153.00,101.00,153.00
101.00,130.00,139.00,130.00,139.00,153.00,101.00,153.00
98.00,131.00,138.00,131.00,138.00,152.00,98.00,152.00
98.00,131.00,137.00,131.00,137.00,153.00,98.00,153.00
96.00,131.00,135.00,131.00,135.00,153.00,96.00,153.00
94.00,131.00,134.00,131.00,134.00,153.00,94.00,153.00
93.00,131.00,132.00,131.00,132.00,152.00,93.00,152.00
92.00,131.00,131.00,131.00,131.00,153.00,92.00,153.00
89.00,131.00,130.00,131.00,130.00,153.00,89.00,153.00
89.00,131.00,129.00,131.00,129.00,154.00,89.00,154.00
87.00,131.00,127.00,131.00,127.00,154.00,87.00,154.00
84.00,130.00,125.00,130.00,125.00,153.00,84.00,153.00
81.00,130.00,124.00,130.00,124.00,154.00,81.00,154.00
80.00,130.00,123.00,130.00,123.00,154.00,80.00,154.00
75.00,130.00,120.00,130.00,120.00,153.00,75.00,153.00
76.00,131.00,118.00,131.00,118.00,153.00,76.00,153.00
75.00,132.00,115.00,132.00,115.00,154.00,75.00,154.00
74.00,133.00,114.00,133.00,114.00,153.00,74.00,153.00
72.00,132.00,113.00,132.00,113.00,153.00,72.00,153.00
71.00,132.00,113.00,132.00,113.00,153.00,71.00,153.00
70.00,132.00,111.00,132.00,111.00,154.00,70.00,154.00
70.00,132.00,112.00,132.00,112.00,155.00,70.00,155.00
