1
144.00,127.00,227.00,127.00,227.00,321.00,144.00,321.00
142.00,126.00,224.00,126.00,224.00,323.00,142.00,323.00
140.00,125.00,222.00,125.00,222.00,320.00,140.00,320.00
137.00,123.00,219.00,123.00,219.00,323.00,137.00,323.00
135.00,119.00,217.00,119.00,217.00,322.00,135.00,322.00
131.00,107.00,213.00,107.00,213.00,323.00,131.00,323.00
132.00,115.00,214.00,115.00,214.00,319.00,132.00,319.00
129.00,114.00,210.00,114.00,210.00,320.00,129.00,320.00
130.00,118.00,210.00,118.00,210.00,320.00,130.00,320.00
129.00,114.00,205.00,114.00,205.00,324.00,129.00,324.00
126.00,111.00,201.00,111.00,201.00,327.00,126.00,327.00
124.00,105.00,197.00,105.00,197.00,327.00,124.00,327.00
120.00,108.00,196.00,108.00,196.00,329.00,120.00,329.00
117.00,107.00,192.00,107.00,192.00,326.00,117.00,326.00
116.00,108.00,189.00,108.00,189.00,327.00,116.00,327.00
113.00,110.00,188.00,110.00,188.00,329.00,113.00,329.00
112.00,110.00,186.00,110.00,186.00,333.00,112.00,333.00
110.00,109.00,186.00,109.00,186.00,333.00,110.00,333.00
110.00,109.00,186.00,109.00,186.00,333.00,110.00,333.00
110.00,112.00,187.00,112.00,187.00,335.00,110.00,335.00
109.00,112.00,186.00,112.00,186.00,336.00,109.00,336.00
109.00,114.00,185.00,114.00,185.00,337.00,109.00,337.00
109.00,114.00,184.00,114.00,184.00,338.00,109.00,338.00
110.00,117.00,184.00,117.00,184.00,340.00,110.00,340.00
108.00,119.00,184.00,119.00,184.00,340.00,108.00,340.00
109.00,122.00,185.00,122.00,185.00,340.00,109.00,340.00
107.00,119.00,183.00,119.00,183.00,341.00,107.00,341.00
108.00,121.00,184.00,121.00,184.00,342.00,108.00,342.00
108.00,121.00,184.00,121.00,184.00,341.00,108.00,341.00
109.00,123.00,185.00,123.00,185.00,342.00,109.00,342.00
109.00,122.00,184.00,122.00,184.00,343.00,109.00,343.00
108.00,123.00,182.00,123.00,182.00,343.00,108.00,343.00
109.00,125.00,184.00,125.00,184.00,347.00,109.00,347.00
111.00,125.00,184.00,125.00,184.00,345.00,111.00,345.00
111.00,127.00,185.00,127.00,185.00,347.00,111.00,347.00
112.00,131.00,186.00,131.00,186.00,347.00,112.00,347.00
112.00,131.00,185.00,131.00,185.00,346.00,112.00,346.00
113.00,133.00,186.00,133.00,186.00,348.00,113.00,348.00
112.00,131.00,185.00,131.00,185.00,348.00,112.00,348.00
111.00,131.00,185.00,131.00,185.00,351.00,111.00,351.00
112.00,133.00,187.00,133.00,187.00,355.00,112.00,355.00
112.00,133.00,186.00,133.00,186.00,354.00,112.00,354.00
112.00,134.00,186.00,134.00,186.00,353.00,112.00,353.00
112.00,133.00,185.00,133.00,185.00,354.00,112.00,354.00
112.00,133.00,186.00,133.00,186.00,354.00,112.00,354.00
115.00,135.00,187.00,135.00,187.00,348.00,115.00,348.00
116.00,132.00,185.00,132.00,185.00,334.00,116.00,334.00
118.00,134.00,190.00,134.00,190.00,323.00,118.00,323.00
120.00,143.00,193.00,143.00,193.00,331.00,120.00,331.00
128.00,144.00,210.00,144.00,210.00,335.00,128.00,335.00
149.00,131.00,229.00,131.00,229.00,324.00,149.00,324.00
157.00,154.00,243.00,154.00,243.00,343.00,157.00,343.00
172.00,164.00,260.00,164.00,260.00,348.00,172.00,348.00
183.00,162.00,265.00,162.00,265.00,333.00,183.00,333.00
185.00,167.00,267.00,167.00,267.00,336.00,185.00,336.00
189.00,175.00,270.00,175.00,270.00,347.00,189.00,347.00
187.00,178.00,268.00,178.00,268.00,351.00,187.00,351.00
185.00,165.00,264.00,165.00,264.00,338.00,185.00,338.00
181.00,168.00,258.00,168.00,258.00,346.00,181.00,346.00
181.00,165.00,254.00,165.00,254.00,344.00,181.00,344.00
170.00,188.00,244.00,188.00,244.00,364.00,170.00,364.00
178.00,159.00,254.00,159.00,254.00,338.00,178.00,338.00
171.00,161.00,250.00,161.00,250.00,348.00,171.00,348.00
176.00,131.00,250.00,131.00,250.00,312.00,176.00,312.00
176.00,131.00,249.00,131.00,249.00,310.00,176.00,310.00
175.00,135.00,243.00,135.00,243.00,306.00,175.00,306.00
179.00,130.00,248.00,130.00,248.00,297.00,179.00,297.00
177.00,134.00,248.00,134.00,248.00,302.00,177.00,302.00
167.00,129.00,241.00,129.00,241.00,299.00,167.00,299.00
170.00,137.00,247.00,137.00,247.00,308.00,170.00,308.00
166.00,136.00,243.00,136.00,243.00,310.00,166.00,310.00
166.00,136.00,241.00,136.00,241.00,306.00,166.00,306.00
173.00,141.00,245.00,141.00,245.00,309.00,173.00,309.00
174.00,141.00,247.00,141.00,247.00,312.00,174.00,312.00
171.00,139.00,245.00,139.00,245.00,309.00,171.00,309.00
170.00,140.00,243.00,140.00,243.00,308.00,170.00,308.00
174.00,139.00,244.00,139.00,244.00,309.00,174.00,309.00
175.00,138.00,243.00,138.00,243.00,308.00,175.00,308.00
168.00,141.00,241.00,141.00,241.00,308.00,168.00,308.00
171.00,140.00,241.00,140.00,241.00,308.00,171.00,308.00
173.00,140.00,242.00,140.00,242.00,308.00,173.00,308.00
172.00,141.00,242.00,141.00,242.00,310.00,172.00,310.00
170.00,144.00,240.00,144.00,240.00,311.00,170.00,311.00
173.00,141.00,241.00,141.00,241.00,311.00,173.00,311.00
173.00,141.00,241.00,141.00,241.00,313.00,173.00,313.00
173.00,144.00,243.00,144.00,243.00,315.00,173.00,315.00
171.00,144.00,240.00,144.00,240.00,313.00,171.00,313.00
176.00,145.00,243.00,145.00,243.00,314.00,176.00,314.00
172.00,152.00,242.00,152.00,242.00,316.00,172.00,316.00
175.00,146.00,242.00,146.00,242.00,313.00,175.00,313.00
175.00,147.00,243.00,147.00,243.00,318.00,175.00,318.00
171.00,151.00,241.00,151.00,241.00,316.00,171.00,316.00
169.00,154.00,241.00,154.00,241.00,318.00,169.00,318.00
176.00,155.00,246.00,155.00,246.00,321.00,176.00,321.00
172.00,156.00,244.00,156.00,244.00,321.00,172.00,321.00
172.00,158.00,244.00,158.00,244.00,321.00,172.00,321.00
172.00,156.00,244.00,156.00,244.00,320.00,172.00,320.00
172.00,157.00,245.00,157.00,245.00,320.00,172.00,320.00
178.00,155.00,246.00,155.00,246.00,322.00,178.00,322.00
174.00,163.00,247.00,163.00,247.00,325.00,174.00,325.00
175.00,159.00,246.00,159.00,246.00,323.00,175.00,323.00
179.00,166.00,250.00,166.00,250.00,327.00,179.00,327.00
175.00,166.00,247.00,166.00,247.00,325.00,175.00,325.00
177.00,163.00,248.00,163.00,248.00,325.00,177.00,325.00
178.00,162.00,249.00,162.00,249.00,322.00,178.00,322.00
183.00,162.00,251.00,162.00,251.00,324.00,183.00,324.00
180.00,161.00,250.00,161.00,250.00,322.00,180.00,322.00
181.00,160.00,250.00,160.00,250.00,320.00,181.00,320.00
185.00,158.00,253.00,158.00,253.00,321.00,185.00,321.00
183.00,162.00,252.00,162.00,252.00,321.00,183.00,321.00
184.00,168.00,253.00,168.00,253.00,325.00,184.00,325.00
183.00,164.00,253.00,164.00,253.00,323.00,183.00,323.00
180.00,166.00,252.00,166.00,252.00,323.00,180.00,323.00
180.00,167.00,252.00,167.00,252.00,324.00,180.00,324.00
181.00,163.00,252.00,163.00,252.00,323.00,181.00,323.00
180.00,170.00,253.00,170.00,253.00,325.00,180.00,325.00
179.00,172.00,252.00,172.00,252.00,327.00,179.00,327.00
182.00,168.00,253.00,168.00,253.00,322.00,182.00,322.00
184.00,167.00,253.00,167.00,253.00,319.00,184.00,319.00
186.00,170.00,253.00,170.00,253.00,318.00,186.00,318.00
186.00,169.00,253.00,169.00,253.00,318.00,186.00,318.00
184.00,175.00,253.00,175.00,253.00,320.00,184.00,320.00
186.00,170.00,253.00,170.00,253.00,318.00,186.00,318.00
185.00,174.00,253.00,174.00,253.00,321.00,185.00,321.00
187.00,172.00,253.00,172.00,253.00,318.00,187.00,318.00
184.00,175.00,251.00,175.00,251.00,318.00,184.00,318.00
187.00,174.00,253.00,174.00,253.00,317.00,187.00,317.00
183.00,177.00,251.00,177.00,251.00,318.00,183.00,318.00
187.00,171.00,253.00,171.00,253.00,313.00,187.00,313.00
186.00,173.00,252.00,173.00,252.00,314.00,186.00,314.00
188.00,169.00,252.00,169.00,252.00,309.00,188.00,309.00
186.00,175.00,252.00,175.00,252.00,311.00,186.00,311.00
187.00,173.00,252.00,173.00,252.00,309.00,187.00,309.00
184.00,173.00,250.00,173.00,250.00,308.00,184.00,308.00
184.00,171.00,253.00,171.00,253.00,312.00,184.00,312.00
183.00,162.00,252.00,162.00,252.00,308.00,183.00,308.00
181.00,162.00,252.00,162.00,252.00,311.00,181.00,311.00
181.00,155.00,248.00,155.00,248.00,305.00,181.00,305.00
180.00,159.00,252.00,159.00,252.00,308.00,180.00,308.00
180.00,160.00,250.00,160.00,250.00,311.00,180.00,311.00
184.00,155.00,251.00,155.00,251.00,309.00,184.00,309.00
182.00,158.00,250.00,158.00,250.00,309.00,182.00,309.00
182.00,160.00,248.00,160.00,248.00,308.00,182.00,308.00
180.00,157.00,245.00,157.00,245.00,307.00,180.00,307.00
181.00,153.00,245.00,153.00,245.00,305.00,181.00,305.00
178.00,154.00,242.00,154.00,242.00,306.00,178.00,306.00
176.00,157.00,239.00,157.00,239.00,306.00,176.00,306.00
171.00,157.00,235.00,157.00,235.00,308.00,171.00,308.00
166.00,150.00,230.00,150.00,230.00,305.00,166.00,305.00
168.00,154.00,229.00,154.00,229.00,304.00,168.00,304.00
167.00,154.00,228.00,154.00,228.00,305.00,167.00,305.00
160.00,149.00,226.00,149.00,226.00,302.00,160.00,302.00
158.00,151.00,225.00,151.00,225.00,305.00,158.00,305.00
151.00,146.00,222.00,146.00,222.00,301.00,151.00,301.00
148.00,145.00,219.00,145.00,219.00,298.00,148.00,298.00
146.00,142.00,217.00,142.00,217.00,295.00,146.00,295.00
146.00,147.00,217.00,147.00,217.00,294.00,146.00,294.00
144.00,142.00,214.00,142.00,214.00,291.00,144.00,291.00
146.00,142.00,215.00,142.00,215.00,292.00,146.00,292.00
147.00,143.00,215.00,143.00,215.00,295.00,147.00,295.00
145.00,146.00,212.00,146.00,212.00,291.00,145.00,291.00
146.00,146.00,211.00,146.00,211.00,289.00,146.00,289.00
146.00,146.00,211.00,146.00,211.00,288.00,146.00,288.00
142.00,149.00,206.00,149.00,206.00,287.00,142.00,287.00
145.00,143.00,206.00,143.00,206.00,288.00,145.00,288.00
143.00,142.00,205.00,142.00,205.00,293.00,143.00,293.00
137.00,157.00,199.00,157.00,199.00,300.00,137.00,300.00
135.00,157.00,201.00,157.00,201.00,302.00,135.00,302.00
125.00,158.00,194.00,158.00,194.00,304.00,125.00,304.00
120.00,127.00,183.00,127.00,183.00,282.00,120.00,282.00
120.00,135.00,187.00,135.00,187.00,289.00,120.00,289.00
113.00,141.00,182.00,141.00,182.00,294.00,113.00,294.00
107.00,144.00,178.00,144.00,178.00,295.00,107.00,295.00
107.00,146.00,175.00,146.00,175.00,298.00,107.00,298.00
100.00,149.00,166.00,149.00,166.00,301.00,100.00,301.00
92.00,148.00,156.00,148.00,156.00,297.00,92.00,297.00
97.00,155.00,159.00,155.00,159.00,301.00,97.00,301.00
95.00,156.00,157.00,156.00,157.00,304.00,95.00,304.00
88.00,154.00,146.00,154.00,146.00,298.00,88.00,298.00
88.00,156.00,147.00,156.00,147.00,298.00,88.00,298.00
79.00,149.00,134.00,149.00,134.00,287.00,79.00,287.00
76.00,132.00,131.00,132.00,131.00,281.00,76.00,281.00
62.00,132.00,121.00,132.00,121.00,271.00,62.00,271.00
57.00,135.00,116.00,135.00,116.00,272.00,57.00,272.00
51.00,141.00,110.00,141.00,110.00,278.00,51.00,278.00
49.00,133.00,108.00,133.00,108.00,270.00,49.00,270.00
41.00,112.00,99.00,112.00,99.00,248.00,41.00,248.00
30.00,123.00,88.00,123.00,88.00,259.00,30.00,259.00
5.00,145.00,64.00,145.00,64.00,283.00,5.00,283.00
10.00,142.00,68.00,142.00,68.00,278.00,10.00,278.00
11.00,155.00,69.00,155.00,69.00,292.00,11.00,292.00
15.00,137.00,73.00,137.00,73.00,274.00,15.00,274.00
20.00,150.00,77.00,150.00,77.00,286.00,20.00,286.00
29.00,156.00,86.00,156.00,86.00,292.00,29.00,292.00
45.00,147.00,103.00,147.00,103.00,285.00,45.00,285.00
38.00,135.00,96.00,135.00,96.00,272.00,38.00,272.00
49.00,146.00,109.00,146.00,109.00,287.00,49.00,287.00
110.00,127.00,171.00,127.00,171.00,271.00,110.00,271.00
115.00,126.00,176.00,126.00,176.00,271.00,115.00,271.00
117.00,126.00,179.00,126.00,179.00,272.00,117.00,272.00
90.00,126.00,151.00,126.00,151.00,271.00,90.00,271.00
96.00,126.00,157.00,126.00,157.00,271.00,96.00,271.00
95.00,127.00,157.00,127.00,157.00,274.00,95.00,274.00
106.00,117.00,167.00,117.00,167.00,262.00,106.00,262.00
93.00,121.00,155.00,121.00,155.00,270.00,93.00,270.00
85.00,132.00,147.00,132.00,147.00,281.00,85.00,281.00
73.00,143.00,134.00,143.00,134.00,291.00,73.00,291.00
69.00,139.00,130.00,139.00,130.00,286.00,69.00,286.00
48.00,139.00,110.00,139.00,110.00,289.00,48.00,289.00
64.00,138.00,127.00,138.00,127.00,291.00,64.00,291.00
82.00,139.00,145.00,139.00,145.00,292.00,82.00,292.00
100.00,140.00,163.00,140.00,163.00,293.00,100.00,293.00
114.00,166.00,178.00,166.00,178.00,321.00,114.00,321.00
79.00,165.00,143.00,165.00,143.00,319.00,79.00,319.00
67.00,168.00,132.00,168.00,132.00,324.00,67.00,324.00
100.00,166.00,165.00,166.00,165.00,323.00,100.00,323.00
113.00,164.00,178.00,164.00,178.00,320.00,113.00,320.00
102.00,168.00,168.00,168.00,168.00,326.00,102.00,326.00
139.00,176.00,206.00,176.00,206.00,336.00,139.00,336.00
150.00,164.00,216.00,164.00,216.00,321.00,150.00,321.00
112.00,167.00,179.00,167.00,179.00,326.00,112.00,326.00
143.00,168.00,210.00,168.00,210.00,327.00,143.00,327.00
145.00,172.00,211.00,172.00,211.00,330.00,145.00,330.00
134.00,176.00,201.00,176.00,201.00,336.00,134.00,336.00
131.00,164.00,200.00,164.00,200.00,328.00,131.00,328.00
149.00,159.00,219.00,159.00,219.00,325.00,149.00,325.00
151.00,166.00,221.00,166.00,221.00,332.00,151.00,332.00
152.00,156.00,222.00,156.00,222.00,323.00,152.00,323.00
157.00,147.00,227.00,147.00,227.00,314.00,157.00,314.00
160.00,154.00,230.00,154.00,230.00,320.00,160.00,320.00
166.00,143.00,235.00,143.00,235.00,307.00,166.00,307.00
171.00,131.00,240.00,131.00,240.00,295.00,171.00,295.00
174.00,117.00,242.00,117.00,242.00,279.00,174.00,279.00
177.00,126.00,241.00,126.00,241.00,288.00,177.00,288.00
183.00,110.00,243.00,110.00,243.00,271.00,183.00,271.00
187.00,113.00,245.00,113.00,245.00,272.00,187.00,272.00
183.00,118.00,243.00,118.00,243.00,275.00,183.00,275.00
179.00,115.00,240.00,115.00,240.00,282.00,179.00,282.00
181.00,133.00,243.00,133.00,243.00,302.00,181.00,302.00
190.00,130.00,248.00,130.00,248.00,291.00,190.00,291.00
195.00,132.00,252.00,132.00,252.00,293.00,195.00,293.00
208.00,153.00,263.00,153.00,263.00,307.00,208.00,307.00
212.00,166.00,270.00,166.00,270.00,317.00,212.00,317.00
216.00,172.00,274.00,172.00,274.00,320.00,216.00,320.00
216.00,179.00,271.00,179.00,271.00,327.00,216.00,327.00
215.00,191.00,274.00,191.00,274.00,337.00,215.00,337.00
221.00,198.00,280.00,198.00,280.00,336.00,221.00,336.00
231.00,189.00,288.00,189.00,288.00,325.00,231.00,325.00
228.00,190.00,286.00,190.00,286.00,328.00,228.00,328.00
228.00,186.00,286.00,186.00,286.00,323.00,228.00,323.00
219.00,177.00,276.00,177.00,276.00,319.00,219.00,319.00
221.00,180.00,279.00,180.00,279.00,325.00,221.00,325.00
218.00,186.00,278.00,186.00,278.00,332.00,218.00,332.00
223.00,187.00,282.00,187.00,282.00,325.00,223.00,325.00
231.00,176.00,284.00,176.00,284.00,314.00,231.00,314.00
232.00,183.00,284.00,183.00,284.00,322.00,232.00,322.00
226.00,170.00,284.00,170.00,284.00,311.00,226.00,311.00
218.00,179.00,267.00,179.00,267.00,318.00,218.00,318.00
209.00,162.00,257.00,162.00,257.00,301.00,209.00,301.00
206.00,141.00,262.00,141.00,262.00,280.00,206.00,280.00
211.00,153.00,260.00,153.00,260.00,295.00,211.00,295.00
211.00,156.00,260.00,156.00,260.00,297.00,211.00,297.00
210.00,147.00,260.00,147.00,260.00,289.00,210.00,289.00
205.00,141.00,256.00,141.00,256.00,281.00,205.00,281.00
199.00,133.00,251.00,133.00,251.00,268.00,199.00,268.00
194.00,134.00,248.00,134.00,248.00,266.00,194.00,266.00
181.00,118.00,232.00,118.00,232.00,244.00,181.00,244.00
173.00,107.00,222.00,107.00,222.00,227.00,173.00,227.00
169.00,95.00,217.00,95.00,217.00,214.00,169.00,214.00
172.00,96.00,223.00,96.00,223.00,221.00,172.00,221.00
177.00,113.00,229.00,113.00,229.00,241.00,177.00,241.00
199.00,137.00,255.00,137.00,255.00,271.00,199.00,271.00
211.00,159.00,272.00,159.00,272.00,296.00,211.00,296.00
213.00,164.00,272.00,164.00,272.00,297.00,213.00,297.00
212.00,162.00,270.00,162.00,270.00,302.00,212.00,302.00
216.00,160.00,271.00,160.00,271.00,306.00,216.00,306.00
224.00,157.00,280.00,157.00,280.00,306.00,224.00,306.00
239.00,163.00,295.00,163.00,295.00,312.00,239.00,312.00
237.00,163.00,293.00,163.00,293.00,311.00,237.00,311.00
264.00,184.00,324.00,184.00,324.00,336.00,264.00,336.00
274.00,184.00,338.00,184.00,338.00,338.00,274.00,338.00
277.00,188.00,348.00,188.00,348.00,342.00,277.00,342.00
247.00,174.00,312.00,174.00,312.00,315.00,247.00,315.00
243.00,138.00,302.00,138.00,302.00,275.00,243.00,275.00
265.00,140.00,323.00,140.00,323.00,280.00,265.00,280.00
288.00,141.00,343.00,141.00,343.00,284.00,288.00,284.00
306.00,158.00,364.00,158.00,364.00,299.00,306.00,299.00
324.00,171.00,383.00,171.00,383.00,315.00,324.00,315.00
346.00,195.00,406.00,195.00,406.00,346.00,346.00,346.00
356.00,219.00,417.00,219.00,417.00,360.00,356.00,360.00
381.00,214.00,441.00,214.00,441.00,354.00,381.00,354.00
