1
263.00,93.00,332.00,93.00,332.00,128.00,263.00,128.00
265.00,96.00,333.00,96.00,333.00,130.00,265.00,130.00
265.00,99.00,332.00,99.00,332.00,132.00,265.00,132.00
266.00,102.00,332.00,102.00,332.00,134.00,266.00,134.00
265.00,104.00,333.00,104.00,333.00,136.00,265.00,136.00
265.00,106.00,331.00,106.00,331.00,140.00,265.00,140.00
266.00,108.00,331.00,108.00,331.00,140.00,266.00,140.00
263.00,109.00,329.00,109.00,329.00,141.00,263.00,141.00
260.00,110.00,328.00,110.00,328.00,141.00,260.00,141.00
258.00,110.00,326.00,110.00,326.00,143.00,258.00,143.00
258.00,110.00,327.00,110.00,327.00,143.00,258.00,143.00
258.00,109.00,327.00,109.00,327.00,142.00,258.00,142.00
257.00,110.00,327.00,110.00,327.00,142.00,257.00,142.00
257.00,110.00,327.00,110.00,327.00,142.00,257.00,142.00
256.00,110.00,325.00,110.00,325.00,142.00,256.00,142.00
255.00,109.00,325.00,109.00,325.00,142.00,255.00,142.00
254.00,108.00,324.00,108.00,324.00,141.00,254.00,141.00
252.00,108.00,323.00,108.00,323.00,140.00,252.00,140.00
251.00,108.00,322.00,108.00,322.00,139.00,251.00,139.00
251.00,107.00,321.00,107.00,321.00,139.00,251.00,139.00
248.00,105.00,320.00,105.00,320.00,138.00,248.00,138.00
246.00,103.00,319.00,103.00,319.00,137.00,246.00,137.00
244.00,104.00,316.00,104.00,316.00,137.00,244.00,137.00
244.00,104.00,315.00,104.00,315.00,136.00,244.00,136.00
240.00,103.00,313.00,103.00,313.00,135.00,240.00,135.00
238.00,103.00,311.00,103.00,311.00,134.00,238.00,134.00
238.00,104.00,306.00,104.00,306.00,134.00,238.00,134.00
236.00,103.00,305.00,103.00,305.00,133.00,236.00,133.00
236.00,103.00,304.00,103.00,304.00,131.00,236.00,131.00
235.00,102.00,303.00,102.00,303.00,130.00,235.00,130.00
233.00,103.00,300.00,103.00,300.00,130.00,233.00,130.00
232.00,102.00,300.00,102.00,300.00,129.00,232.00,129.00
231.00,100.00,296.00,100.00,296.00,128.00,231.00,128.00
230.00,101.00,295.00,101.00,295.00,129.00,230.00,129.00
229.00,104.00,293.00,104.00,293.00,132.00,229.00,132.00
227.00,104.00,290.00,104.00,290.00,133.00,227.00,133.00
227.00,103.00,289.00,103.00,289.00,132.00,227.00,132.00
228.00,104.00,289.00,104.00,289.00,132.00,228.00,132.00
227.00,104.00,287.00,104.00,287.00,133.00,227.00,133.00
226.00,107.00,286.00,107.00,286.00,135.00,226.00,135.00
228.00,108.00,287.00,108.00,287.00,136.00,228.00,136.00
228.00,109.00,288.00,109.00,288.00,136.00,228.00,136.00
229.00,109.00,289.00,109.00,289.00,136.00,229.00,136.00
229.00,111.00,291.00,111.00,291.00,138.00,229.00,138.00
232.00,109.00,295.00,109.00,295.00,138.00,232.00,138.00
233.00,113.00,290.00,113.00,290.00,140.00,233.00,140.00
231.00,111.00,294.00,111.00,294.00,140.00,231.00,140.00
234.00,113.00,289.00,113.00,289.00,140.00,234.00,140.00
233.00,113.00,296.00,113.00,296.00,142.00,233.00,142.00
236.00,115.00,291.00,115.00,291.00,142.00,236.00,142.00
234.00,112.00,296.00,112.00,296.00,140.00,234.00,140.00
235.00,111.00,297.00,111.00,297.00,139.00,235.00,139.00
236.00,112.00,298.00,112.00,298.00,140.00,236.00,140.00
235.00,109.00,296.00,109.00,296.00,137.00,235.00,137.00
236.00,111.00,296.00,111.00,296.00,139.00,236.00,139.00
238.00,110.00,298.00,110.00,298.00,138.00,238.00,138.00
241.00,101.00,300.00,101.00,300.00,129.00,241.00,129.00
239.00,103.00,298.00,103.00,298.00,131.00,239.00,131.00
245.00,96.00,304.00,96.00,304.00,124.00,245.00,124.00
245.00,97.00,304.00,97.00,304.00,125.00,245.00,125.00
243.00,95.00,302.00,95.00,302.00,123.00,243.00,123.00
246.00,99.00,305.00,99.00,305.00,127.00,246.00,127.00
247.00,106.00,296.00,106.00,296.00,132.00,247.00,132.00
242.00,114.00,292.00,114.00,292.00,140.00,242.00,140.00
243.00,113.00,293.00,113.00,293.00,140.00,243.00,140.00
243.00,114.00,293.00,114.00,293.00,140.00,243.00,140.00
245.00,115.00,295.00,115.00,295.00,141.00,245.00,141.00
244.00,116.00,293.00,116.00,293.00,141.00,244.00,141.00
245.00,116.00,296.00,116.00,296.00,141.00,245.00,141.00
246.00,117.00,294.00,117.00,294.00,141.00,246.00,141.00
247.00,119.00,294.00,119.00,294.00,142.00,247.00,142.00
247.00,118.00,294.00,118.00,294.00,141.00,247.00,141.00
246.00,118.00,292.00,118.00,292.00,142.00,246.00,142.00
247.00,118.00,292.00,118.00,292.00,141.00,247.00,141.00
246.00,118.00,291.00,118.00,291.00,142.00,246.00,142.00
247.00,119.00,291.00,119.00,291.00,142.00,247.00,142.00
250.00,119.00,294.00,119.00,294.00,142.00,250.00,142.00
247.00,118.00,292.00,118.00,292.00,141.00,247.00,141.00
247.00,118.00,291.00,118.00,291.00,141.00,247.00,141.00
247.00,119.00,292.00,119.00,292.00,141.00,247.00,141.00
247.00,120.00,292.00,120.00,292.00,142.00,247.00,142.00
247.00,120.00,291.00,120.00,291.00,142.00,247.00,142.00
248.00,119.00,290.00,119.00,290.00,141.00,248.00,141.00
248.00,119.00,289.00,119.00,289.00,140.00,248.00,140.00
249.00,119.00,288.00,119.00,288.00,141.00,249.00,141.00
248.00,118.00,288.00,118.00,288.00,140.00,248.00,140.00
249.00,119.00,288.00,119.00,288.00,141.00,249.00,141.00
248.00,117.00,289.00,117.00,289.00,139.00,248.00,139.00
249.00,116.00,290.00,116.00,290.00,139.00,249.00,139.00
249.00,116.00,290.00,116.00,290.00,140.00,249.00,140.00
249.00,116.00,291.00,116.00,291.00,139.00,249.00,139.00
250.00,117.00,292.00,117.00,292.00,139.00,250.00,139.00
251.00,116.00,294.00,116.00,294.00,138.00,251.00,138.00
250.00,116.00,294.00,116.00,294.00,138.00,250.00,138.00
249.00,116.00,294.00,116.00,294.00,138.00,249.00,138.00
249.00,117.00,294.00,117.00,294.00,139.00,249.00,139.00
250.00,116.00,294.00,116.00,294.00,138.00,250.00,138.00
250.00,116.00,294.00,116.00,294.00,138.00,250.00,138.00
251.00,116.00,295.00,116.00,295.00,138.00,251.00,138.00
252.00,116.00,296.00,116.00,296.00,138.00,252.00,138.00
252.00,115.00,296.00,115.00,296.00,138.00,252.00,138.00
254.00,115.00,297.00,115.00,297.00,138.00,254.00,138.00
254.00,116.00,297.00,116.00,297.00,139.00,254.00,139.00
255.00,116.00,299.00,116.00,299.00,139.00,255.00,139.00
256.00,117.00,298.00,117.00,298.00,140.00,256.00,140.00
257.00,116.00,298.00,116.00,298.00,138.00,257.00,138.00
257.00,117.00,299.00,117.00,299.00,139.00,257.00,139.00
256.00,116.00,297.00,116.00,297.00,138.00,256.00,138.00
253.00,111.00,295.00,111.00,295.00,132.00,253.00,132.00
254.00,116.00,296.00,116.00,296.00,138.00,254.00,138.00
256.00,114.00,301.00,114.00,301.00,135.00,256.00,135.00
253.00,113.00,297.00,113.00,297.00,134.00,253.00,134.00
253.00,109.00,297.00,109.00,297.00,130.00,253.00,130.00
247.00,102.00,291.00,102.00,291.00,123.00,247.00,123.00
251.00,109.00,294.00,109.00,294.00,130.00,251.00,130.00
244.00,100.00,287.00,100.00,287.00,120.00,244.00,120.00
246.00,103.00,289.00,103.00,289.00,123.00,246.00,123.00
243.00,101.00,286.00,101.00,286.00,122.00,243.00,122.00
247.00,107.00,290.00,107.00,290.00,128.00,247.00,128.00
249.00,111.00,292.00,111.00,292.00,133.00,249.00,133.00
248.00,110.00,293.00,110.00,293.00,132.00,248.00,132.00
248.00,109.00,293.00,109.00,293.00,130.00,248.00,130.00
248.00,109.00,293.00,109.00,293.00,130.00,248.00,130.00
245.00,112.00,290.00,112.00,290.00,133.00,245.00,133.00
246.00,112.00,292.00,112.00,292.00,132.00,246.00,132.00
242.00,112.00,290.00,112.00,290.00,134.00,242.00,134.00
242.00,108.00,289.00,108.00,289.00,129.00,242.00,129.00
240.00,107.00,287.00,107.00,287.00,128.00,240.00,128.00
238.00,107.00,285.00,107.00,285.00,129.00,238.00,129.00
235.00,107.00,282.00,107.00,282.00,129.00,235.00,129.00
236.00,108.00,281.00,108.00,281.00,129.00,236.00,129.00
235.00,109.00,279.00,109.00,279.00,130.00,235.00,130.00
231.00,109.00,275.00,109.00,275.00,130.00,231.00,130.00
232.00,110.00,274.00,110.00,274.00,131.00,232.00,131.00
229.00,111.00,270.00,111.00,270.00,131.00,229.00,131.00
224.00,111.00,269.00,111.00,269.00,131.00,224.00,131.00
226.00,112.00,269.00,112.00,269.00,131.00,226.00,131.00
223.00,112.00,266.00,112.00,266.00,132.00,223.00,132.00
221.00,113.00,265.00,113.00,265.00,133.00,221.00,133.00
219.00,114.00,263.00,114.00,263.00,134.00,219.00,134.00
219.00,114.00,261.00,114.00,261.00,133.00,219.00,133.00
218.00,114.00,260.00,114.00,260.00,134.00,218.00,134.00
215.00,115.00,258.00,115.00,258.00,135.00,215.00,135.00
214.00,116.00,257.00,116.00,257.00,136.00,214.00,136.00
212.00,115.00,254.00,115.00,254.00,134.00,212.00,134.00
209.00,116.00,253.00,116.00,253.00,136.00,209.00,136.00
209.00,116.00,252.00,116.00,252.00,136.00,209.00,136.00
206.00,116.00,250.00,116.00,250.00,136.00,206.00,136.00
203.00,115.00,244.00,115.00,244.00,135.00,203.00,135.00
201.00,117.00,242.00,117.00,242.00,137.00,201.00,137.00
205.00,122.00,247.00,122.00,247.00,141.00,205.00,141.00
203.00,124.00,245.00,124.00,245.00,142.00,203.00,142.00
200.00,124.00,243.00,124.00,243.00,143.00,200.00,143.00
199.00,126.00,242.00,126.00,242.00,145.00,199.00,145.00
199.00,126.00,242.00,126.00,242.00,144.00,199.00,144.00
199.00,125.00,242.00,125.00,242.00,143.00,199.00,143.00
197.00,126.00,240.00,126.00,240.00,144.00,197.00,144.00
196.00,127.00,239.00,127.00,239.00,144.00,196.00,144.00
194.00,127.00,238.00,127.00,238.00,145.00,194.00,145.00
194.00,128.00,237.00,128.00,237.00,146.00,194.00,146.00
191.00,127.00,235.00,127.00,235.00,145.00,191.00,145.00
192.00,126.00,235.00,126.00,235.00,144.00,192.00,144.00
191.00,126.00,232.00,126.00,232.00,144.00,191.00,144.00
190.00,125.00,232.00,125.00,232.00,143.00,190.00,143.00
187.00,124.00,231.00,124.00,231.00,143.00,187.00,143.00
188.00,124.00,232.00,124.00,232.00,143.00,188.00,143.00
186.00,122.00,230.00,122.00,230.00,140.00,186.00,140.00
186.00,121.00,230.00,121.00,230.00,140.00,186.00,140.00
184.00,119.00,227.00,119.00,227.00,137.00,184.00,137.00
183.00,117.00,227.00,117.00,227.00,136.00,183.00,136.00
182.00,117.00,225.00,117.00,225.00,135.00,182.00,135.00
181.00,115.00,225.00,115.00,225.00,134.00,181.00,134.00
179.00,114.00,222.00,114.00,222.00,133.00,179.00,133.00
177.00,113.00,221.00,113.00,221.00,131.00,177.00,131.00
177.00,112.00,220.00,112.00,220.00,130.00,177.00,130.00
175.00,110.00,218.00,110.00,218.00,128.00,175.00,128.00
174.00,109.00,216.00,109.00,216.00,127.00,174.00,127.00
173.00,108.00,214.00,108.00,214.00,126.00,173.00,126.00
173.00,107.00,213.00,107.00,213.00,124.00,173.00,124.00
171.00,106.00,210.00,106.00,210.00,124.00,171.00,124.00
170.00,105.00,209.00,105.00,209.00,123.00,170.00,123.00
169.00,105.00,209.00,105.00,209.00,123.00,169.00,123.00
168.00,105.00,206.00,105.00,206.00,122.00,168.00,122.00
166.00,106.00,205.00,106.00,205.00,123.00,166.00,123.00
166.00,105.00,205.00,105.00,205.00,123.00,166.00,123.00
162.00,105.00,201.00,105.00,201.00,123.00,162.00,123.00
160.00,104.00,200.00,104.00,200.00,122.00,160.00,122.00
159.00,104.00,199.00,104.00,199.00,122.00,159.00,122.00
156.00,103.00,197.00,103.00,197.00,121.00,156.00,121.00
156.00,103.00,197.00,103.00,197.00,121.00,156.00,121.00
155.00,103.00,196.00,103.00,196.00,121.00,155.00,121.00
155.00,103.00,196.00,103.00,196.00,121.00,155.00,121.00
155.00,102.00,194.00,102.00,194.00,120.00,155.00,120.00
153.00,102.00,194.00,102.00,194.00,121.00,153.00,121.00
154.00,102.00,194.00,102.00,194.00,120.00,154.00,120.00
153.00,102.00,192.00,102.00,192.00,120.00,153.00,120.00
153.00,101.00,191.00,101.00,191.00,118.00,153.00,118.00
152.00,101.00,190.00,101.00,190.00,118.00,152.00,118.00
151.00,101.00,188.00,101.00,188.00,118.00,151.00,118.00
151.00,103.00,189.00,103.00,189.00,120.00,151.00,120.00
150.00,103.00,189.00,103.00,189.00,120.00,150.00,120.00
150.00,103.00,188.00,103.00,188.00,120.00,150.00,120.00
149.00,104.00,188.00,104.00,188.00,121.00,149.00,121.00
148.00,105.00,188.00,105.00,188.00,122.00,148.00,122.00
148.00,105.00,187.00,105.00,187.00,122.00,148.00,122.00
148.00,105.00,186.00,105.00,186.00,122.00,148.00,122.00
148.00,106.00,186.00,106.00,186.00,123.00,148.00,123.00
149.00,107.00,187.00,107.00,187.00,124.00,149.00,124.00
150.00,107.00,187.00,107.00,187.00,123.00,150.00,123.00
152.00,107.00,188.00,107.00,188.00,124.00,152.00,124.00
151.00,107.00,187.00,107.00,187.00,124.00,151.00,124.00
152.00,108.00,186.00,108.00,186.00,125.00,152.00,125.00
152.00,108.00,186.00,108.00,186.00,125.00,152.00,125.00
151.00,107.00,185.00,107.00,185.00,125.00,151.00,125.00
150.00,108.00,186.00,108.00,186.00,126.00,150.00,126.00
151.00,107.00,186.00,107.00,186.00,124.00,151.00,124.00
150.00,107.00,185.00,107.00,185.00,125.00,150.00,125.00
151.00,107.00,185.00,107.00,185.00,125.00,151.00,125.00
150.00,107.00,184.00,107.00,184.00,125.00,150.00,125.00
150.00,107.00,185.00,107.00,185.00,125.00,150.00,125.00
150.00,107.00,185.00,107.00,185.00,125.00,150.00,125.00
150.00,107.00,184.00,107.00,184.00,126.00,150.00,126.00
149.00,107.00,184.00,107.00,184.00,125.00,149.00,125.00
149.00,107.00,184.00,107.00,184.00,125.00,149.00,125.00
149.00,107.00,185.00,107.00,185.00,125.00,149.00,125.00
149.00,107.00,185.00,107.00,185.00,125.00,149.00,125.00
150.00,108.00,185.00,108.00,185.00,125.00,150.00,125.00
150.00,108.00,184.00,108.00,184.00,126.00,150.00,126.00
150.00,108.00,184.00,108.00,184.00,126.00,150.00,126.00
150.00,107.00,184.00,107.00,184.00,125.00,150.00,125.00
149.00,108.00,183.00,108.00,183.00,126.00,149.00,126.00
149.00,108.00,182.00,108.00,182.00,126.00,149.00,126.00
150.00,108.00,183.00,108.00,183.00,125.00,150.00,125.00
149.00,108.00,183.00,108.00,183.00,126.00,149.00,126.00
149.00,108.00,184.00,108.00,184.00,126.00,149.00,126.00
149.00,107.00,183.00,107.00,183.00,125.00,149.00,125.00
149.00,107.00,183.00,107.00,183.00,125.00,149.00,125.00
148.00,106.00,182.00,106.00,182.00,124.00,148.00,124.00
147.00,107.00,182.00,107.00,182.00,125.00,147.00,125.00
147.00,106.00,182.00,106.00,182.00,124.00,147.00,124.00
146.00,106.00,182.00,106.00,182.00,124.00,146.00,124.00
144.00,106.00,181.00,106.00,181.00,124.00,144.00,124.00
144.00,107.00,181.00,107.00,181.00,125.00,144.00,125.00
143.00,107.00,180.00,107.00,180.00,125.00,143.00,125.00
143.00,106.00,180.00,106.00,180.00,124.00,143.00,124.00
143.00,106.00,179.00,106.00,179.00,123.00,143.00,123.00
141.00,105.00,179.00,105.00,179.00,124.00,141.00,124.00
140.00,105.00,178.00,105.00,178.00,124.00,140.00,124.00
141.00,104.00,179.00,104.00,179.00,123.00,141.00,123.00
140.00,104.00,179.00,104.00,179.00,123.00,140.00,123.00
139.00,103.00,179.00,103.00,179.00,122.00,139.00,122.00
139.00,102.00,179.00,102.00,179.00,122.00,139.00,122.00
139.00,101.00,179.00,101.00,179.00,121.00,139.00,121.00
139.00,101.00,179.00,101.00,179.00,121.00,139.00,121.00
139.00,99.00,180.00,99.00,180.00,120.00,139.00,120.00
139.00,99.00,179.00,99.00,179.00,120.00,139.00,120.00
139.00,99.00,180.00,99.00,180.00,120.00,139.00,120.00
138.00,98.00,180.00,98.00,180.00,119.00,138.00,119.00
138.00,98.00,179.00,98.00,179.00,119.00,138.00,119.00
139.00,97.00,179.00,97.00,179.00,118.00,139.00,118.00
139.00,98.00,178.00,98.00,178.00,118.00,139.00,118.00
139.00,98.00,179.00,98.00,179.00,119.00,139.00,119.00
139.00,97.00,180.00,97.00,180.00,116.00,139.00,116.00
139.00,97.00,180.00,97.00,180.00,117.00,139.00,117.00
139.00,96.00,180.00,96.00,180.00,116.00,139.00,116.00
139.00,96.00,180.00,96.00,180.00,116.00,139.00,116.00
139.00,96.00,180.00,96.00,180.00,116.00,139.00,116.00
139.00,95.00,181.00,95.00,181.00,115.00,139.00,115.00
139.00,94.00,179.00,94.00,179.00,114.00,139.00,114.00
139.00,95.00,181.00,95.00,181.00,116.00,139.00,116.00
139.00,94.00,181.00,94.00,181.00,115.00,139.00,115.00
140.00,94.00,181.00,94.00,181.00,115.00,140.00,115.00
140.00,94.00,180.00,94.00,180.00,114.00,140.00,114.00
140.00,93.00,181.00,93.00,181.00,114.00,140.00,114.00
140.00,93.00,181.00,93.00,181.00,114.00,140.00,114.00
139.00,92.00,180.00,92.00,180.00,113.00,139.00,113.00
139.00,92.00,180.00,92.00,180.00,112.00,139.00,112.00
140.00,92.00,182.00,92.00,182.00,113.00,140.00,113.00
140.00,93.00,182.00,93.00,182.00,114.00,140.00,114.00
141.00,92.00,182.00,92.00,182.00,113.00,141.00,113.00
140.00,92.00,182.00,92.00,182.00,114.00,140.00,114.00
140.00,92.00,183.00,92.00,183.00,113.00,140.00,113.00
141.00,93.00,183.00,93.00,183.00,115.00,141.00,115.00
140.00,93.00,184.00,93.00,184.00,115.00,140.00,115.00
140.00,92.00,186.00,92.00,186.00,115.00,140.00,115.00
141.00,93.00,187.00,93.00,187.00,117.00,141.00,117.00
139.00,92.00,187.00,92.00,187.00,116.00,139.00,116.00
140.00,92.00,187.00,92.00,187.00,116.00,140.00,116.00
141.00,93.00,188.00,93.00,188.00,117.00,141.00,117.00
140.00,93.00,189.00,93.00,189.00,117.00,140.00,117.00
141.00,94.00,190.00,94.00,190.00,119.00,141.00,119.00
141.00,94.00,190.00,94.00,190.00,119.00,141.00,119.00
141.00,94.00,191.00,94.00,191.00,119.00,141.00,119.00
141.00,94.00,191.00,94.00,191.00,120.00,141.00,120.00
141.00,94.00,192.00,94.00,192.00,120.00,141.00,120.00
141.00,95.00,192.00,95.00,192.00,121.00,141.00,121.00
142.00,95.00,192.00,95.00,192.00,122.00,142.00,122.00
142.00,96.00,192.00,96.00,192.00,122.00,142.00,122.00
142.00,95.00,191.00,95.00,191.00,121.00,142.00,121.00
143.00,96.00,192.00,96.00,192.00,122.00,143.00,122.00
143.00,96.00,193.00,96.00,193.00,122.00,143.00,122.00
143.00,96.00,192.00,96.00,192.00,123.00,143.00,123.00
144.00,96.00,194.00,96.00,194.00,122.00,144.00,122.00
143.00,97.00,194.00,97.00,194.00,124.00,143.00,124.00
143.00,97.00,194.00,97.00,194.00,123.00,143.00,123.00
143.00,98.00,195.00,98.00,195.00,125.00,143.00,125.00
142.00,98.00,195.00,98.00,195.00,125.00,142.00,125.00
141.00,98.00,195.00,98.00,195.00,125.00,141.00,125.00
141.00,99.00,194.00,99.00,194.00,127.00,141.00,127.00
141.00,99.00,194.00,99.00,194.00,127.00,141.00,127.00
140.00,100.00,194.00,100.00,194.00,128.00,140.00,128.00
140.00,101.00,192.00,101.00,192.00,128.00,140.00,128.00
140.00,99.00,191.00,99.00,191.00,126.00,140.00,126.00
139.00,101.00,189.00,101.00,189.00,128.00,139.00,128.00
139.00,100.00,188.00,100.00,188.00,127.00,139.00,127.00
138.00,100.00,188.00,100.00,188.00,127.00,138.00,127.00
138.00,98.00,188.00,98.00,188.00,125.00,138.00,125.00
139.00,98.00,187.00,98.00,187.00,124.00,139.00,124.00
140.00,98.00,188.00,98.00,188.00,123.00,140.00,123.00
141.00,98.00,188.00,98.00,188.00,123.00,141.00,123.00
142.00,99.00,188.00,99.00,188.00,123.00,142.00,123.00
143.00,98.00,189.00,98.00,189.00,122.00,143.00,122.00
146.00,99.00,190.00,99.00,190.00,123.00,146.00,123.00
147.00,98.00,192.00,98.00,192.00,123.00,147.00,123.00
147.00,97.00,191.00,97.00,191.00,122.00,147.00,122.00
150.00,98.00,193.00,98.00,193.00,122.00,150.00,122.00
152.00,97.00,194.00,97.00,194.00,122.00,152.00,122.00
155.00,97.00,196.00,97.00,196.00,121.00,155.00,121.00
156.00,98.00,196.00,98.00,196.00,122.00,156.00,122.00
157.00,96.00,196.00,96.00,196.00,120.00,157.00,120.00
158.00,97.00,198.00,97.00,198.00,122.00,158.00,122.00
160.00,96.00,199.00,96.00,199.00,121.00,160.00,121.00
161.00,95.00,199.00,95.00,199.00,119.00,161.00,119.00
163.00,94.00,200.00,94.00,200.00,118.00,163.00,118.00
163.00,94.00,201.00,94.00,201.00,118.00,163.00,118.00
167.00,93.00,204.00,93.00,204.00,116.00,167.00,116.00
168.00,92.00,204.00,92.00,204.00,115.00,168.00,115.00
172.00,91.00,207.00,91.00,207.00,115.00,172.00,115.00
174.00,90.00,208.00,90.00,208.00,114.00,174.00,114.00
177.00,89.00,211.00,89.00,211.00,112.00,177.00,112.00
179.00,89.00,212.00,89.00,212.00,112.00,179.00,112.00
180.00,88.00,213.00,88.00,213.00,112.00,180.00,112.00
182.00,88.00,215.00,88.00,215.00,112.00,182.00,112.00
185.00,86.00,215.00,86.00,215.00,107.00,185.00,107.00
187.00,87.00,219.00,87.00,219.00,110.00,187.00,110.00
189.00,87.00,221.00,87.00,221.00,110.00,189.00,110.00
192.00,87.00,223.00,87.00,223.00,110.00,192.00,110.00
201.00,93.00,232.00,93.00,232.00,114.00,201.00,114.00
205.00,97.00,235.00,97.00,235.00,117.00,205.00,117.00
204.00,97.00,235.00,97.00,235.00,117.00,204.00,117.00
205.00,98.00,235.00,98.00,235.00,119.00,205.00,119.00
207.00,100.00,236.00,100.00,236.00,121.00,207.00,121.00
208.00,101.00,237.00,101.00,237.00,122.00,208.00,122.00
208.00,102.00,235.00,102.00,235.00,122.00,208.00,122.00
209.00,103.00,236.00,103.00,236.00,123.00,209.00,123.00
209.00,105.00,237.00,105.00,237.00,125.00,209.00,125.00
208.00,105.00,236.00,105.00,236.00,125.00,208.00,125.00
208.00,107.00,237.00,107.00,237.00,128.00,208.00,128.00
209.00,108.00,237.00,108.00,237.00,128.00,209.00,128.00
210.00,110.00,237.00,110.00,237.00,130.00,210.00,130.00
209.00,110.00,237.00,110.00,237.00,131.00,209.00,131.00
209.00,112.00,238.00,112.00,238.00,133.00,209.00,133.00
208.00,112.00,236.00,112.00,236.00,132.00,208.00,132.00
209.00,113.00,237.00,113.00,237.00,134.00,209.00,134.00
209.00,114.00,237.00,114.00,237.00,135.00,209.00,135.00
207.00,115.00,236.00,115.00,236.00,136.00,207.00,136.00
208.00,116.00,236.00,116.00,236.00,137.00,208.00,137.00
206.00,117.00,236.00,117.00,236.00,138.00,206.00,138.00
205.00,118.00,235.00,118.00,235.00,139.00,205.00,139.00
205.00,119.00,235.00,119.00,235.00,141.00,205.00,141.00
204.00,119.00,233.00,119.00,233.00,139.00,204.00,139.00
203.00,121.00,232.00,121.00,232.00,141.00,203.00,141.00
203.00,121.00,231.00,121.00,231.00,141.00,203.00,141.00
201.00,122.00,230.00,122.00,230.00,142.00,201.00,142.00
200.00,123.00,229.00,123.00,229.00,143.00,200.00,143.00
200.00,124.00,228.00,124.00,228.00,144.00,200.00,144.00
200.00,124.00,228.00,124.00,228.00,145.00,200.00,145.00
199.00,125.00,227.00,125.00,227.00,145.00,199.00,145.00
198.00,125.00,226.00,125.00,226.00,145.00,198.00,145.00
197.00,126.00,225.00,126.00,225.00,147.00,197.00,147.00
197.00,126.00,224.00,126.00,224.00,146.00,197.00,146.00
197.00,127.00,224.00,127.00,224.00,147.00,197.00,147.00
195.00,126.00,221.00,126.00,221.00,145.00,195.00,145.00
194.00,127.00,220.00,127.00,220.00,146.00,194.00,146.00
193.00,127.00,219.00,127.00,219.00,145.00,193.00,145.00
192.00,126.00,217.00,126.00,217.00,145.00,192.00,145.00
191.00,127.00,217.00,127.00,217.00,145.00,191.00,145.00
190.00,127.00,216.00,127.00,216.00,145.00,190.00,145.00
190.00,126.00,216.00,126.00,216.00,143.00,190.00,143.00
189.00,126.00,215.00,126.00,215.00,144.00,189.00,144.00
189.00,125.00,215.00,125.00,215.00,142.00,189.00,142.00
188.00,125.00,215.00,125.00,215.00,143.00,188.00,143.00
188.00,124.00,215.00,124.00,215.00,141.00,188.00,141.00
188.00,123.00,214.00,123.00,214.00,140.00,188.00,140.00
188.00,123.00,214.00,123.00,214.00,140.00,188.00,140.00
186.00,122.00,213.00,122.00,213.00,140.00,186.00,140.00
186.00,121.00,213.00,121.00,213.00,137.00,186.00,137.00
185.00,120.00,213.00,120.00,213.00,137.00,185.00,137.00
186.00,119.00,213.00,119.00,213.00,136.00,186.00,136.00
186.00,118.00,213.00,118.00,213.00,135.00,186.00,135.00
185.00,117.00,212.00,117.00,212.00,134.00,185.00,134.00
184.00,117.00,211.00,117.00,211.00,134.00,184.00,134.00
183.00,116.00,210.00,116.00,210.00,133.00,183.00,133.00
183.00,116.00,210.00,116.00,210.00,132.00,183.00,132.00
182.00,116.00,209.00,116.00,209.00,133.00,182.00,133.00
181.00,115.00,208.00,115.00,208.00,131.00,181.00,131.00
179.00,115.00,206.00,115.00,206.00,131.00,179.00,131.00
177.00,114.00,205.00,114.00,205.00,131.00,177.00,131.00
175.00,113.00,203.00,113.00,203.00,129.00,175.00,129.00
175.00,113.00,202.00,113.00,202.00,130.00,175.00,130.00
174.00,113.00,200.00,113.00,200.00,130.00,174.00,130.00
173.00,113.00,199.00,113.00,199.00,129.00,173.00,129.00
171.00,113.00,198.00,113.00,198.00,130.00,171.00,130.00
171.00,113.00,196.00,113.00,196.00,129.00,171.00,129.00
169.00,113.00,195.00,113.00,195.00,129.00,169.00,129.00
168.00,112.00,195.00,112.00,195.00,129.00,168.00,129.00
167.00,112.00,193.00,112.00,193.00,128.00,167.00,128.00
166.00,111.00,192.00,111.00,192.00,127.00,166.00,127.00
164.00,110.00,191.00,110.00,191.00,127.00,164.00,127.00
164.00,109.00,190.00,109.00,190.00,125.00,164.00,125.00
162.00,109.00,189.00,109.00,189.00,126.00,162.00,126.00
163.00,108.00,189.00,108.00,189.00,124.00,163.00,124.00
161.00,107.00,188.00,107.00,188.00,123.00,161.00,123.00
161.00,105.00,188.00,105.00,188.00,121.00,161.00,121.00
161.00,105.00,189.00,105.00,189.00,122.00,161.00,122.00
161.00,104.00,188.00,104.00,188.00,120.00,161.00,120.00
160.00,104.00,188.00,104.00,188.00,121.00,160.00,121.00
160.00,103.00,187.00,103.00,187.00,119.00,160.00,119.00
161.00,103.00,189.00,103.00,189.00,120.00,161.00,120.00
160.00,102.00,188.00,102.00,188.00,118.00,160.00,118.00
160.00,102.00,188.00,102.00,188.00,118.00,160.00,118.00
160.00,102.00,187.00,102.00,187.00,118.00,160.00,118.00
160.00,102.00,187.00,102.00,187.00,118.00,160.00,118.00
160.00,102.00,186.00,102.00,186.00,119.00,160.00,119.00
161.00,102.00,187.00,102.00,187.00,119.00,161.00,119.00
160.00,102.00,187.00,102.00,187.00,119.00,160.00,119.00
159.00,102.00,186.00,102.00,186.00,120.00,159.00,120.00
160.00,102.00,187.00,102.00,187.00,121.00,160.00,121.00
160.00,103.00,187.00,103.00,187.00,122.00,160.00,122.00
160.00,104.00,186.00,104.00,186.00,123.00,160.00,123.00
160.00,105.00,186.00,105.00,186.00,124.00,160.00,124.00
159.00,105.00,185.00,105.00,185.00,124.00,159.00,124.00
158.00,105.00,184.00,105.00,184.00,125.00,158.00,125.00
156.00,106.00,182.00,106.00,182.00,126.00,156.00,126.00
155.00,106.00,181.00,106.00,181.00,126.00,155.00,126.00
154.00,106.00,180.00,106.00,180.00,127.00,154.00,127.00
154.00,106.00,179.00,106.00,179.00,126.00,154.00,126.00
153.00,106.00,177.00,106.00,177.00,126.00,153.00,126.00
151.00,107.00,175.00,107.00,175.00,127.00,151.00,127.00
150.00,107.00,174.00,107.00,174.00,126.00,150.00,126.00
148.00,108.00,173.00,108.00,173.00,128.00,148.00,128.00
147.00,107.00,172.00,107.00,172.00,127.00,147.00,127.00
146.00,108.00,170.00,108.00,170.00,128.00,146.00,128.00
145.00,108.00,169.00,108.00,169.00,127.00,145.00,127.00
143.00,109.00,166.00,109.00,166.00,128.00,143.00,128.00
142.00,109.00,165.00,109.00,165.00,128.00,142.00,128.00
141.00,109.00,164.00,109.00,164.00,128.00,141.00,128.00
140.00,109.00,164.00,109.00,164.00,129.00,140.00,129.00
140.00,110.00,163.00,110.00,163.00,130.00,140.00,130.00
139.00,110.00,161.00,110.00,161.00,129.00,139.00,129.00
138.00,111.00,161.00,111.00,161.00,131.00,138.00,131.00
137.00,111.00,160.00,111.00,160.00,131.00,137.00,131.00
135.00,111.00,158.00,111.00,158.00,130.00,135.00,130.00
134.00,110.00,158.00,110.00,158.00,129.00,134.00,129.00
133.00,110.00,157.00,110.00,157.00,129.00,133.00,129.00
131.00,110.00,156.00,110.00,156.00,129.00,131.00,129.00
132.00,109.00,155.00,109.00,155.00,128.00,132.00,128.00
131.00,109.00,155.00,109.00,155.00,129.00,131.00,129.00
130.00,109.00,154.00,109.00,154.00,128.00,130.00,128.00
129.00,108.00,153.00,108.00,153.00,128.00,129.00,128.00
127.00,108.00,152.00,108.00,152.00,127.00,127.00,127.00
126.00,107.00,151.00,107.00,151.00,126.00,126.00,126.00
126.00,107.00,151.00,107.00,151.00,128.00,126.00,128.00
124.00,107.00,149.00,107.00,149.00,127.00,124.00,127.00
123.00,106.00,149.00,106.00,149.00,126.00,123.00,126.00
122.00,106.00,149.00,106.00,149.00,127.00,122.00,127.00
122.00,106.00,148.00,106.00,148.00,128.00,122.00,128.00
121.00,105.00,148.00,105.00,148.00,127.00,121.00,127.00
120.00,106.00,147.00,106.00,147.00,128.00,120.00,128.00
120.00,105.00,146.00,105.00,146.00,126.00,120.00,126.00
118.00,106.00,146.00,106.00,146.00,129.00,118.00,129.00
116.00,106.00,145.00,106.00,145.00,128.00,116.00,128.00
115.00,106.00,143.00,106.00,143.00,128.00,115.00,128.00
113.00,107.00,141.00,107.00,141.00,128.00,113.00,128.00
112.00,106.00,140.00,106.00,140.00,126.00,112.00,126.00
109.00,107.00,138.00,107.00,138.00,127.00,109.00,127.00
108.00,107.00,136.00,107.00,136.00,127.00,108.00,127.00
106.00,108.00,134.00,108.00,134.00,127.00,106.00,127.00
105.00,108.00,133.00,108.00,133.00,127.00,105.00,127.00
103.00,108.00,131.00,108.00,131.00,128.00,103.00,128.00
102.00,108.00,130.00,108.00,130.00,127.00,102.00,127.00
100.00,108.00,128.00,108.00,128.00,127.00,100.00,127.00
99.00,109.00,127.00,109.00,127.00,128.00,99.00,128.00
96.00,108.00,124.00,108.00,124.00,127.00,96.00,127.00
95.00,109.00,123.00,109.00,123.00,128.00,95.00,128.00
94.00,109.00,122.00,109.00,122.00,128.00,94.00,128.00
92.00,108.00,121.00,108.00,121.00,127.00,92.00,127.00
91.00,108.00,119.00,108.00,119.00,127.00,91.00,127.00
89.00,107.00,117.00,107.00,117.00,126.00,89.00,126.00
88.00,108.00,116.00,108.00,116.00,127.00,88.00,127.00
86.00,107.00,115.00,107.00,115.00,127.00,86.00,127.00
84.00,107.00,113.00,107.00,113.00,127.00,84.00,127.00
83.00,107.00,112.00,107.00,112.00,127.00,83.00,127.00
81.00,107.00,110.00,107.00,110.00,127.00,81.00,127.00
80.00,107.00,108.00,107.00,108.00,127.00,80.00,127.00
78.00,107.00,106.00,107.00,106.00,128.00,78.00,128.00
76.00,107.00,105.00,107.00,105.00,127.00,76.00,127.00
75.00,107.00,104.00,107.00,104.00,128.00,75.00,128.00
73.00,108.00,102.00,108.00,102.00,128.00,73.00,128.00
71.00,108.00,101.00,108.00,101.00,129.00,71.00,129.00
70.00,109.00,99.00,109.00,99.00,129.00,70.00,129.00
68.00,110.00,97.00,110.00,97.00,131.00,68.00,131.00
66.00,110.00,95.00,110.00,95.00,130.00,66.00,130.00
64.00,111.00,92.00,111.00,92.00,131.00,64.00,131.00
62.00,112.00,90.00,112.00,90.00,131.00,62.00,131.00
60.00,112.00,87.00,112.00,87.00,131.00,60.00,131.00
59.00,113.00,86.00,113.00,86.00,132.00,59.00,132.00
56.00,114.00,84.00,114.00,84.00,134.00,56.00,134.00
55.00,114.00,83.00,114.00,83.00,134.00,55.00,134.00
54.00,115.00,82.00,115.00,82.00,135.00,54.00,135.00
52.00,115.00,80.00,115.00,80.00,135.00,52.00,135.00
50.00,114.00,79.00,114.00,79.00,135.00,50.00,135.00
48.00,115.00,78.00,115.00,78.00,136.00,48.00,136.00
48.00,115.00,77.00,115.00,77.00,135.00,48.00,135.00
47.00,113.00,77.00,113.00,77.00,134.00,47.00,134.00
45.00,112.00,75.00,112.00,75.00,132.00,45.00,132.00
44.00,111.00,73.00,111.00,73.00,131.00,44.00,131.00
43.00,110.00,73.00,110.00,73.00,130.00,43.00,130.00
42.00,110.00,72.00,110.00,72.00,131.00,42.00,131.00
41.00,110.00,71.00,110.00,71.00,131.00,41.00,131.00
40.00,109.00,70.00,109.00,70.00,130.00,40.00,130.00
39.00,109.00,70.00,109.00,70.00,130.00,39.00,130.00
41.00,109.00,71.00,109.00,71.00,130.00,41.00,130.00
42.00,110.00,72.00,110.00,72.00,132.00,42.00,132.00
44.00,110.00,73.00,110.00,73.00,132.00,44.00,132.00
44.00,111.00,73.00,111.00,73.00,132.00,44.00,132.00
43.00,112.00,72.00,112.00,72.00,133.00,43.00,133.00
44.00,114.00,73.00,114.00,73.00,136.00,44.00,136.00
45.00,115.00,73.00,115.00,73.00,137.00,45.00,137.00
44.00,116.00,72.00,116.00,72.00,138.00,44.00,138.00
45.00,118.00,73.00,118.00,73.00,139.00,45.00,139.00
44.00,118.00,72.00,118.00,72.00,139.00,44.00,139.00
44.00,121.00,72.00,121.00,72.00,142.00,44.00,142.00
44.00,123.00,73.00,123.00,73.00,143.00,44.00,143.00
45.00,124.00,75.00,124.00,75.00,146.00,45.00,146.00
46.00,125.00,76.00,125.00,76.00,147.00,46.00,147.00
45.00,129.00,75.00,129.00,75.00,151.00,45.00,151.00
45.00,130.00,76.00,130.00,76.00,152.00,45.00,152.00
45.00,133.00,76.00,133.00,76.00,155.00,45.00,155.00
44.00,135.00,75.00,135.00,75.00,158.00,44.00,158.00
44.00,137.00,74.00,137.00,74.00,159.00,44.00,159.00
43.00,139.00,73.00,139.00,73.00,161.00,43.00,161.00
42.00,142.00,72.00,142.00,72.00,164.00,42.00,164.00
40.00,144.00,70.00,144.00,70.00,167.00,40.00,167.00
38.00,147.00,68.00,147.00,68.00,170.00,38.00,170.00
37.00,149.00,67.00,149.00,67.00,172.00,37.00,172.00
35.00,150.00,64.00,150.00,64.00,174.00,35.00,174.00
34.00,152.00,62.00,152.00,62.00,176.00,34.00,176.00
32.00,154.00,60.00,154.00,60.00,178.00,32.00,178.00
30.00,154.00,57.00,154.00,57.00,176.00,30.00,176.00
28.00,156.00,56.00,156.00,56.00,179.00,28.00,179.00
27.00,159.00,55.00,159.00,55.00,182.00,27.00,182.00
26.00,160.00,54.00,160.00,54.00,183.00,26.00,183.00
25.00,162.00,52.00,162.00,52.00,185.00,25.00,185.00
24.00,162.00,52.00,162.00,52.00,185.00,24.00,185.00
24.00,164.00,52.00,164.00,52.00,187.00,24.00,187.00
23.00,166.00,52.00,166.00,52.00,190.00,23.00,190.00
23.00,166.00,52.00,166.00,52.00,190.00,23.00,190.00
24.00,168.00,52.00,168.00,52.00,191.00,24.00,191.00
24.00,167.00,53.00,167.00,53.00,190.00,24.00,190.00
25.00,167.00,54.00,167.00,54.00,191.00,25.00,191.00
25.00,167.00,55.00,167.00,55.00,191.00,25.00,191.00
26.00,167.00,56.00,167.00,56.00,190.00,26.00,190.00
28.00,166.00,56.00,166.00,56.00,188.00,28.00,188.00
29.00,166.00,58.00,166.00,58.00,188.00,29.00,188.00
29.00,166.00,58.00,166.00,58.00,188.00,29.00,188.00
31.00,165.00,60.00,165.00,60.00,187.00,31.00,187.00
32.00,165.00,60.00,165.00,60.00,186.00,32.00,186.00
32.00,165.00,61.00,165.00,61.00,187.00,32.00,187.00
34.00,165.00,62.00,165.00,62.00,185.00,34.00,185.00
35.00,165.00,63.00,165.00,63.00,185.00,35.00,185.00
35.00,165.00,63.00,165.00,63.00,185.00,35.00,185.00
36.00,164.00,64.00,164.00,64.00,184.00,36.00,184.00
37.00,165.00,64.00,165.00,64.00,184.00,37.00,184.00
37.00,165.00,65.00,165.00,65.00,185.00,37.00,185.00
39.00,164.00,67.00,164.00,67.00,184.00,39.00,184.00
40.00,165.00,67.00,165.00,67.00,184.00,40.00,184.00
40.00,165.00,68.00,165.00,68.00,184.00,40.00,184.00
42.00,165.00,70.00,165.00,70.00,185.00,42.00,185.00
42.00,165.00,71.00,165.00,71.00,185.00,42.00,185.00
42.00,165.00,72.00,165.00,72.00,186.00,42.00,186.00
43.00,165.00,74.00,165.00,74.00,186.00,43.00,186.00
45.00,165.00,76.00,165.00,76.00,186.00,45.00,186.00
47.00,164.00,77.00,164.00,77.00,184.00,47.00,184.00
46.00,164.00,78.00,164.00,78.00,185.00,46.00,185.00
48.00,164.00,81.00,164.00,81.00,185.00,48.00,185.00
50.00,164.00,82.00,164.00,82.00,184.00,50.00,184.00
51.00,164.00,84.00,164.00,84.00,185.00,51.00,185.00
53.00,164.00,85.00,164.00,85.00,185.00,53.00,185.00
55.00,164.00,87.00,164.00,87.00,184.00,55.00,184.00
57.00,164.00,90.00,164.00,90.00,184.00,57.00,184.00
59.00,164.00,92.00,164.00,92.00,185.00,59.00,185.00
62.00,164.00,94.00,164.00,94.00,184.00,62.00,184.00
63.00,164.00,96.00,164.00,96.00,184.00,63.00,184.00
65.00,165.00,98.00,165.00,98.00,185.00,65.00,185.00
67.00,165.00,101.00,165.00,101.00,186.00,67.00,186.00
69.00,165.00,104.00,165.00,104.00,187.00,69.00,187.00
72.00,165.00,106.00,165.00,106.00,187.00,72.00,187.00
75.00,164.00,108.00,164.00,108.00,186.00,75.00,186.00
77.00,165.00,110.00,165.00,110.00,188.00,77.00,188.00
80.00,164.00,113.00,164.00,113.00,187.00,80.00,187.00
82.00,165.00,114.00,165.00,114.00,188.00,82.00,188.00
83.00,164.00,116.00,164.00,116.00,188.00,83.00,188.00
85.00,165.00,118.00,165.00,118.00,189.00,85.00,189.00
87.00,165.00,119.00,165.00,119.00,189.00,87.00,189.00
88.00,164.00,121.00,164.00,121.00,189.00,88.00,189.00
90.00,165.00,122.00,165.00,122.00,190.00,90.00,190.00
91.00,165.00,123.00,165.00,123.00,189.00,91.00,189.00
92.00,164.00,124.00,164.00,124.00,190.00,92.00,190.00
94.00,164.00,126.00,164.00,126.00,189.00,94.00,189.00
94.00,165.00,126.00,165.00,126.00,191.00,94.00,191.00
96.00,164.00,128.00,164.00,128.00,190.00,96.00,190.00
95.00,164.00,129.00,164.00,129.00,190.00,95.00,190.00
97.00,164.00,130.00,164.00,130.00,190.00,97.00,190.00
98.00,164.00,130.00,164.00,130.00,190.00,98.00,190.00
99.00,164.00,130.00,164.00,130.00,190.00,99.00,190.00
99.00,164.00,130.00,164.00,130.00,190.00,99.00,190.00
99.00,163.00,130.00,163.00,130.00,189.00,99.00,189.00
101.00,164.00,130.00,164.00,130.00,190.00,101.00,190.00
103.00,164.00,132.00,164.00,132.00,190.00,103.00,190.00
102.00,164.00,133.00,164.00,133.00,187.00,102.00,187.00
103.00,165.00,136.00,165.00,136.00,187.00,103.00,187.00
107.00,167.00,142.00,167.00,142.00,191.00,107.00,191.00
113.00,169.00,149.00,169.00,149.00,194.00,113.00,194.00
119.00,170.00,156.00,170.00,156.00,194.00,119.00,194.00
126.00,173.00,162.00,173.00,162.00,197.00,126.00,197.00
133.00,174.00,168.00,174.00,168.00,198.00,133.00,198.00
139.00,176.00,174.00,176.00,174.00,200.00,139.00,200.00
145.00,177.00,180.00,177.00,180.00,201.00,145.00,201.00
151.00,179.00,186.00,179.00,186.00,203.00,151.00,203.00
157.00,181.00,192.00,181.00,192.00,205.00,157.00,205.00
164.00,183.00,198.00,183.00,198.00,206.00,164.00,206.00
170.00,183.00,203.00,183.00,203.00,206.00,170.00,206.00
175.00,183.00,209.00,183.00,209.00,206.00,175.00,206.00
180.00,184.00,214.00,184.00,214.00,207.00,180.00,207.00
188.00,185.00,221.00,185.00,221.00,208.00,188.00,208.00
192.00,185.00,225.00,185.00,225.00,208.00,192.00,208.00
198.00,186.00,231.00,186.00,231.00,210.00,198.00,210.00
204.00,186.00,237.00,186.00,237.00,210.00,204.00,210.00
208.00,185.00,242.00,185.00,242.00,209.00,208.00,209.00
214.00,187.00,247.00,187.00,247.00,211.00,214.00,211.00
219.00,188.00,253.00,188.00,253.00,211.00,219.00,211.00
223.00,187.00,257.00,187.00,257.00,211.00,223.00,211.00
229.00,187.00,262.00,187.00,262.00,211.00,229.00,211.00
234.00,188.00,267.00,188.00,267.00,211.00,234.00,211.00
238.00,188.00,272.00,188.00,272.00,211.00,238.00,211.00
243.00,189.00,276.00,189.00,276.00,212.00,243.00,212.00
247.00,188.00,279.00,188.00,279.00,210.00,247.00,210.00
253.00,189.00,284.00,189.00,284.00,211.00,253.00,211.00
256.00,189.00,289.00,189.00,289.00,212.00,256.00,212.00
260.00,188.00,294.00,188.00,294.00,212.00,260.00,212.00
265.00,188.00,298.00,188.00,298.00,212.00,265.00,212.00
269.00,188.00,302.00,188.00,302.00,212.00,269.00,212.00
274.00,189.00,307.00,189.00,307.00,213.00,274.00,213.00
278.00,188.00,310.00,188.00,310.00,212.00,278.00,212.00
281.00,189.00,314.00,189.00,314.00,213.00,281.00,213.00
286.00,189.00,318.00,189.00,318.00,212.00,286.00,212.00
290.00,189.00,322.00,189.00,322.00,212.00,290.00,212.00
294.00,190.00,326.00,190.00,326.00,213.00,294.00,213.00
298.00,190.00,330.00,190.00,330.00,214.00,298.00,214.00
302.00,190.00,334.00,190.00,334.00,214.00,302.00,214.00
305.00,189.00,337.00,189.00,337.00,213.00,305.00,213.00
309.00,190.00,341.00,190.00,341.00,214.00,309.00,214.00
312.00,191.00,344.00,191.00,344.00,214.00,312.00,214.00
316.00,190.00,347.00,190.00,347.00,213.00,316.00,213.00
320.00,190.00,351.00,190.00,351.00,213.00,320.00,213.00
324.00,190.00,356.00,190.00,356.00,213.00,324.00,213.00
328.00,189.00,360.00,189.00,360.00,211.00,328.00,211.00
331.00,189.00,363.00,189.00,363.00,211.00,331.00,211.00
335.00,188.00,368.00,188.00,368.00,211.00,335.00,211.00
339.00,187.00,370.00,187.00,370.00,209.00,339.00,209.00
