1
261.00,111.00,379.00,111.00,379.00,209.00,261.00,209.00
263.00,112.00,379.00,112.00,379.00,212.00,263.00,212.00
263.00,114.00,379.00,114.00,379.00,213.00,263.00,213.00
264.00,116.00,378.00,116.00,378.00,213.00,264.00,213.00
265.00,118.00,377.00,118.00,377.00,215.00,265.00,215.00
267.00,118.00,379.00,118.00,379.00,217.00,267.00,217.00
269.00,119.00,380.00,119.00,380.00,218.00,269.00,218.00
273.00,119.00,384.00,119.00,384.00,220.00,273.00,220.00
275.00,118.00,386.00,118.00,386.00,220.00,275.00,220.00
278.00,119.00,388.00,119.00,388.00,222.00,278.00,222.00
280.00,121.00,391.00,121.00,391.00,225.00,280.00,225.00
279.00,119.00,389.00,119.00,389.00,224.00,279.00,224.00
286.00,120.00,397.00,120.00,397.00,226.00,286.00,226.00
281.00,121.00,394.00,121.00,394.00,225.00,281.00,225.00
278.00,129.00,398.00,129.00,398.00,227.00,278.00,227.00
300.00,126.00,412.00,126.00,412.00,233.00,300.00,233.00
306.00,127.00,417.00,127.00,417.00,236.00,306.00,236.00
312.00,129.00,425.00,129.00,425.00,237.00,312.00,237.00
311.00,130.00,421.00,130.00,421.00,236.00,311.00,236.00
316.00,132.00,430.00,132.00,430.00,239.00,316.00,239.00
317.00,143.00,435.00,143.00,435.00,239.00,317.00,239.00
320.00,138.00,438.00,138.00,438.00,240.00,320.00,240.00
319.00,142.00,436.00,142.00,436.00,242.00,319.00,242.00
320.00,147.00,436.00,147.00,436.00,242.00,320.00,242.00
323.00,147.00,438.00,147.00,438.00,244.00,323.00,244.00
319.00,146.00,431.00,146.00,431.00,243.00,319.00,243.00
326.00,149.00,436.00,149.00,436.00,245.00,326.00,245.00
325.00,145.00,437.00,145.00,437.00,244.00,325.00,244.00
315.00,154.00,429.00,154.00,429.00,248.00,315.00,248.00
325.00,143.00,435.00,143.00,435.00,242.00,325.00,242.00
333.00,137.00,446.00,137.00,446.00,238.00,333.00,238.00
331.00,139.00,443.00,139.00,443.00,238.00,331.00,238.00
334.00,136.00,444.00,136.00,444.00,237.00,334.00,237.00
338.00,132.00,445.00,132.00,445.00,234.00,338.00,234.00
344.00,132.00,449.00,132.00,449.00,231.00,344.00,231.00
352.00,131.00,458.00,131.00,458.00,230.00,352.00,230.00
352.00,131.00,459.00,131.00,459.00,233.00,352.00,233.00
351.00,129.00,458.00,129.00,458.00,232.00,351.00,232.00
353.00,129.00,461.00,129.00,461.00,232.00,353.00,232.00
351.00,126.00,458.00,126.00,458.00,231.00,351.00,231.00
351.00,124.00,457.00,124.00,457.00,229.00,351.00,229.00
352.00,126.00,458.00,126.00,458.00,232.00,352.00,232.00
350.00,125.00,458.00,125.00,458.00,232.00,350.00,232.00
350.00,127.00,457.00,127.00,457.00,231.00,350.00,231.00
354.00,131.00,460.00,131.00,460.00,235.00,354.00,235.00
353.00,131.00,459.00,131.00,459.00,236.00,353.00,236.00
355.00,135.00,458.00,135.00,458.00,235.00,355.00,235.00
354.00,135.00,455.00,135.00,455.00,234.00,354.00,234.00
357.00,138.00,457.00,138.00,457.00,236.00,357.00,236.00
359.00,141.00,460.00,141.00,460.00,240.00,359.00,240.00
363.00,143.00,463.00,143.00,463.00,241.00,363.00,241.00
365.00,147.00,467.00,147.00,467.00,244.00,365.00,244.00
368.00,149.00,470.00,149.00,470.00,244.00,368.00,244.00
367.00,149.00,469.00,149.00,469.00,243.00,367.00,243.00
364.00,149.00,469.00,149.00,469.00,244.00,364.00,244.00
366.00,147.00,469.00,147.00,469.00,242.00,366.00,242.00
367.00,149.00,468.00,149.00,468.00,241.00,367.00,241.00
364.00,151.00,468.00,151.00,468.00,243.00,364.00,243.00
369.00,152.00,471.00,152.00,471.00,240.00,369.00,240.00
364.00,151.00,467.00,151.00,467.00,240.00,364.00,240.00
367.00,151.00,467.00,151.00,467.00,236.00,367.00,236.00
363.00,149.00,464.00,149.00,464.00,235.00,363.00,235.00
363.00,147.00,463.00,147.00,463.00,232.00,363.00,232.00
357.00,144.00,459.00,144.00,459.00,229.00,357.00,229.00
355.00,143.00,458.00,143.00,458.00,228.00,355.00,228.00
354.00,142.00,453.00,142.00,453.00,224.00,354.00,224.00
339.00,141.00,446.00,141.00,446.00,228.00,339.00,228.00
345.00,142.00,442.00,142.00,442.00,221.00,345.00,221.00
336.00,140.00,442.00,140.00,442.00,226.00,336.00,226.00
334.00,142.00,440.00,142.00,440.00,227.00,334.00,227.00
335.00,147.00,439.00,147.00,439.00,230.00,335.00,230.00
331.00,144.00,435.00,144.00,435.00,227.00,331.00,227.00
333.00,145.00,436.00,145.00,436.00,227.00,333.00,227.00
353.00,126.00,455.00,126.00,455.00,208.00,353.00,208.00
364.00,54.00,465.00,54.00,465.00,135.00,364.00,135.00
378.00,18.00,480.00,18.00,480.00,100.00,378.00,100.00
368.00,14.00,468.00,14.00,468.00,94.00,368.00,94.00
338.00,20.00,438.00,20.00,438.00,100.00,338.00,100.00
320.00,23.00,419.00,23.00,419.00,102.00,320.00,102.00
300.00,26.00,399.00,26.00,399.00,105.00,300.00,105.00
270.00,26.00,369.00,26.00,369.00,105.00,270.00,105.00
259.00,31.00,358.00,31.00,358.00,110.00,259.00,110.00
284.00,18.00,383.00,18.00,383.00,97.00,284.00,97.00
290.00,17.00,389.00,17.00,389.00,96.00,290.00,96.00
315.00,8.00,414.00,8.00,414.00,87.00,315.00,87.00
311.00,12.00,409.00,12.00,409.00,90.00,311.00,90.00
289.00,13.00,388.00,13.00,388.00,92.00,289.00,92.00
272.00,23.00,371.00,23.00,371.00,102.00,272.00,102.00
325.00,13.00,423.00,13.00,423.00,92.00,325.00,92.00
323.00,7.00,422.00,7.00,422.00,87.00,323.00,87.00
320.00,7.00,419.00,7.00,419.00,87.00,320.00,87.00
321.00,3.00,420.00,3.00,420.00,83.00,321.00,83.00
338.00,6.00,437.00,6.00,437.00,86.00,338.00,86.00
327.00,13.00,426.00,13.00,426.00,92.00,327.00,92.00
336.00,7.00,437.00,7.00,437.00,87.00,336.00,87.00
332.00,3.00,431.00,3.00,431.00,82.00,332.00,82.00
334.00,9.00,433.00,9.00,433.00,88.00,334.00,88.00
334.00,9.00,433.00,9.00,433.00,88.00,334.00,88.00
344.00,13.00,444.00,13.00,444.00,93.00,344.00,93.00
361.00,17.00,451.00,17.00,451.00,86.00,361.00,86.00
365.00,18.00,453.00,18.00,453.00,86.00,365.00,86.00
366.00,19.00,456.00,19.00,456.00,86.00,366.00,86.00
367.00,20.00,460.00,20.00,460.00,86.00,367.00,86.00
375.00,21.00,467.00,21.00,467.00,88.00,375.00,88.00
377.00,22.00,470.00,22.00,470.00,87.00,377.00,87.00
382.00,22.00,475.00,22.00,475.00,87.00,382.00,87.00
384.00,22.00,479.00,22.00,479.00,87.00,384.00,87.00
384.00,23.00,481.00,23.00,481.00,89.00,384.00,89.00
388.00,24.00,485.00,24.00,485.00,90.00,388.00,90.00
391.00,23.00,487.00,23.00,487.00,90.00,391.00,90.00
397.00,24.00,491.00,24.00,491.00,92.00,397.00,92.00
397.00,25.00,493.00,25.00,493.00,93.00,397.00,93.00
406.00,26.00,497.00,26.00,497.00,96.00,406.00,96.00
412.00,27.00,502.00,27.00,502.00,96.00,412.00,96.00
418.00,28.00,505.00,28.00,505.00,97.00,418.00,97.00
419.00,26.00,504.00,26.00,504.00,95.00,419.00,95.00
422.00,26.00,508.00,26.00,508.00,96.00,422.00,96.00
425.00,27.00,510.00,27.00,510.00,96.00,425.00,96.00
430.00,30.00,514.00,30.00,514.00,98.00,430.00,98.00
432.00,30.00,516.00,30.00,516.00,98.00,432.00,98.00
437.00,33.00,519.00,33.00,519.00,101.00,437.00,101.00
443.00,38.00,523.00,38.00,523.00,105.00,443.00,105.00
445.00,40.00,526.00,40.00,526.00,106.00,445.00,106.00
448.00,43.00,529.00,43.00,529.00,109.00,448.00,109.00
452.00,44.00,534.00,44.00,534.00,110.00,452.00,110.00
455.00,47.00,537.00,47.00,537.00,111.00,455.00,111.00
455.00,47.00,538.00,47.00,538.00,110.00,455.00,110.00
458.00,48.00,541.00,48.00,541.00,111.00,458.00,111.00
461.00,49.00,543.00,49.00,543.00,112.00,461.00,112.00
463.00,49.00,547.00,49.00,547.00,112.00,463.00,112.00
468.00,52.00,550.00,52.00,550.00,114.00,468.00,114.00
467.00,51.00,549.00,51.00,549.00,113.00,467.00,113.00
478.00,53.00,558.00,53.00,558.00,116.00,478.00,116.00
485.00,51.00,564.00,51.00,564.00,115.00,485.00,115.00
489.00,48.00,568.00,48.00,568.00,114.00,489.00,114.00
490.00,46.00,570.00,46.00,570.00,112.00,490.00,112.00
492.00,45.00,574.00,45.00,574.00,112.00,492.00,112.00
499.00,46.00,581.00,46.00,581.00,114.00,499.00,114.00
497.00,46.00,580.00,46.00,580.00,112.00,497.00,112.00
491.00,41.00,579.00,41.00,579.00,115.00,491.00,115.00
511.00,43.00,593.00,43.00,593.00,113.00,511.00,113.00
500.00,40.00,587.00,40.00,587.00,113.00,500.00,113.00
506.00,37.00,593.00,37.00,593.00,110.00,506.00,110.00
498.00,36.00,585.00,36.00,585.00,109.00,498.00,109.00
503.00,34.00,591.00,34.00,591.00,108.00,503.00,108.00
506.00,34.00,592.00,34.00,592.00,107.00,506.00,107.00
509.00,31.00,596.00,31.00,596.00,105.00,509.00,105.00
507.00,27.00,593.00,27.00,593.00,100.00,507.00,100.00
510.00,30.00,595.00,30.00,595.00,102.00,510.00,102.00
501.00,30.00,587.00,30.00,587.00,103.00,501.00,103.00
504.00,53.00,589.00,53.00,589.00,126.00,504.00,126.00
500.00,32.00,584.00,32.00,584.00,105.00,500.00,105.00
511.00,24.00,596.00,24.00,596.00,98.00,511.00,98.00
527.00,18.00,612.00,18.00,612.00,92.00,527.00,92.00
532.00,20.00,618.00,20.00,618.00,95.00,532.00,95.00
535.00,18.00,620.00,18.00,620.00,93.00,535.00,93.00
525.00,20.00,611.00,20.00,611.00,95.00,525.00,95.00
528.00,21.00,614.00,21.00,614.00,96.00,528.00,96.00
534.00,21.00,620.00,21.00,620.00,96.00,534.00,96.00
533.00,24.00,619.00,24.00,619.00,99.00,533.00,99.00
529.00,17.00,616.00,17.00,616.00,93.00,529.00,93.00
528.00,18.00,614.00,18.00,614.00,93.00,528.00,93.00
530.00,17.00,617.00,17.00,617.00,93.00,530.00,93.00
534.00,16.00,621.00,16.00,621.00,92.00,534.00,92.00
513.00,11.00,601.00,11.00,601.00,88.00,513.00,88.00
503.00,11.00,590.00,11.00,590.00,87.00,503.00,87.00
508.00,8.00,595.00,8.00,595.00,84.00,508.00,84.00
510.00,8.00,597.00,8.00,597.00,84.00,510.00,84.00
537.00,4.00,623.00,4.00,623.00,80.00,537.00,80.00
539.00,5.00,624.00,5.00,624.00,80.00,539.00,80.00
514.00,9.00,599.00,9.00,599.00,84.00,514.00,84.00
511.00,8.00,596.00,8.00,596.00,83.00,511.00,83.00
487.00,7.00,572.00,7.00,572.00,82.00,487.00,82.00
537.00,4.00,621.00,4.00,621.00,78.00,537.00,78.00
538.00,22.00,623.00,22.00,623.00,97.00,538.00,97.00
569.00,17.00,653.00,17.00,653.00,91.00,569.00,91.00
563.00,16.00,647.00,16.00,647.00,90.00,563.00,90.00
573.00,-5.00,657.00,-5.00,657.00,69.00,573.00,69.00
565.00,15.00,649.00,15.00,649.00,89.00,565.00,89.00
564.00,34.00,647.00,34.00,647.00,108.00,564.00,108.00
552.00,77.00,636.00,77.00,636.00,152.00,552.00,152.00
534.00,133.00,618.00,133.00,618.00,208.00,534.00,208.00
512.00,190.00,597.00,190.00,597.00,266.00,512.00,266.00
512.00,190.00,599.00,190.00,599.00,268.00,512.00,268.00
511.00,186.00,598.00,186.00,598.00,264.00,511.00,264.00
504.00,188.00,591.00,188.00,591.00,266.00,504.00,266.00
484.00,167.00,571.00,167.00,571.00,245.00,484.00,245.00
488.00,168.00,575.00,168.00,575.00,245.00,488.00,245.00
469.00,168.00,555.00,168.00,555.00,244.00,469.00,244.00
399.00,121.00,485.00,121.00,485.00,197.00,399.00,197.00
378.00,81.00,465.00,81.00,465.00,158.00,378.00,158.00
383.00,82.00,469.00,82.00,469.00,149.00,383.00,149.00
384.00,82.00,469.00,82.00,469.00,150.00,384.00,150.00
388.00,81.00,473.00,81.00,473.00,148.00,388.00,148.00
391.00,79.00,476.00,79.00,476.00,146.00,391.00,146.00
394.00,78.00,480.00,78.00,480.00,145.00,394.00,145.00
401.00,78.00,488.00,78.00,488.00,144.00,401.00,144.00
406.00,79.00,494.00,79.00,494.00,145.00,406.00,145.00
403.00,75.00,494.00,75.00,494.00,144.00,403.00,144.00
401.00,76.00,494.00,76.00,494.00,144.00,401.00,144.00
402.00,77.00,496.00,77.00,496.00,147.00,402.00,147.00
399.00,78.00,492.00,78.00,492.00,146.00,399.00,146.00
398.00,81.00,491.00,81.00,491.00,148.00,398.00,148.00
394.00,82.00,487.00,82.00,487.00,151.00,394.00,151.00
397.00,85.00,485.00,85.00,485.00,151.00,397.00,151.00
402.00,87.00,486.00,87.00,486.00,153.00,402.00,153.00
400.00,86.00,485.00,86.00,485.00,151.00,400.00,151.00
399.00,87.00,485.00,87.00,485.00,152.00,399.00,152.00
395.00,86.00,481.00,86.00,481.00,151.00,395.00,151.00
398.00,88.00,483.00,88.00,483.00,153.00,398.00,153.00
402.00,90.00,482.00,90.00,482.00,153.00,402.00,153.00
401.00,90.00,482.00,90.00,482.00,154.00,401.00,154.00
401.00,90.00,483.00,90.00,483.00,154.00,401.00,154.00
404.00,93.00,486.00,93.00,486.00,157.00,404.00,157.00
402.00,93.00,486.00,93.00,486.00,160.00,402.00,160.00
404.00,92.00,486.00,92.00,486.00,160.00,404.00,160.00
406.00,94.00,490.00,94.00,490.00,164.00,406.00,164.00
407.00,96.00,491.00,96.00,491.00,168.00,407.00,168.00
410.00,97.00,492.00,97.00,492.00,169.00,410.00,169.00
407.00,98.00,492.00,98.00,492.00,172.00,407.00,172.00
408.00,99.00,495.00,99.00,495.00,174.00,408.00,174.00
408.00,100.00,494.00,100.00,494.00,174.00,408.00,174.00
410.00,101.00,495.00,101.00,495.00,176.00,410.00,176.00
408.00,101.00,492.00,101.00,492.00,177.00,408.00,177.00
413.00,103.00,498.00,103.00,498.00,180.00,413.00,180.00
415.00,103.00,499.00,103.00,499.00,180.00,415.00,180.00
417.00,103.00,502.00,103.00,502.00,180.00,417.00,180.00
417.00,103.00,502.00,103.00,502.00,180.00,417.00,180.00
419.00,105.00,503.00,105.00,503.00,182.00,419.00,182.00
422.00,104.00,505.00,104.00,505.00,183.00,422.00,183.00
420.00,103.00,504.00,103.00,504.00,184.00,420.00,184.00
422.00,102.00,505.00,102.00,505.00,179.00,422.00,179.00
419.00,101.00,502.00,101.00,502.00,179.00,419.00,179.00
421.00,103.00,502.00,103.00,502.00,178.00,421.00,178.00
421.00,103.00,501.00,103.00,501.00,178.00,421.00,178.00
424.00,101.00,503.00,101.00,503.00,175.00,424.00,175.00
423.00,102.00,503.00,102.00,503.00,179.00,423.00,179.00
427.00,106.00,506.00,106.00,506.00,184.00,427.00,184.00
421.00,101.00,502.00,101.00,502.00,186.00,421.00,186.00
426.00,107.00,503.00,107.00,503.00,189.00,426.00,189.00
423.00,112.00,505.00,112.00,505.00,184.00,423.00,184.00
418.00,117.00,501.00,117.00,501.00,190.00,418.00,190.00
420.00,121.00,505.00,121.00,505.00,195.00,420.00,195.00
420.00,121.00,506.00,121.00,506.00,196.00,420.00,196.00
422.00,129.00,506.00,129.00,506.00,203.00,422.00,203.00
419.00,130.00,504.00,130.00,504.00,205.00,419.00,205.00
415.00,127.00,501.00,127.00,501.00,203.00,415.00,203.00
421.00,155.00,508.00,155.00,508.00,232.00,421.00,232.00
435.00,191.00,523.00,191.00,523.00,269.00,435.00,269.00
426.00,190.00,513.00,190.00,513.00,267.00,426.00,267.00
423.00,190.00,509.00,190.00,509.00,266.00,423.00,266.00
424.00,184.00,511.00,184.00,511.00,261.00,424.00,261.00
420.00,183.00,506.00,183.00,506.00,259.00,420.00,259.00
420.00,182.00,508.00,182.00,508.00,260.00,420.00,260.00
420.00,191.00,507.00,191.00,507.00,268.00,420.00,268.00
411.00,171.00,498.00,171.00,498.00,248.00,411.00,248.00
397.00,171.00,483.00,171.00,483.00,247.00,397.00,247.00
398.00,172.00,485.00,172.00,485.00,248.00,398.00,248.00
407.00,160.00,481.00,160.00,481.00,239.00,407.00,239.00
403.00,160.00,479.00,160.00,479.00,242.00,403.00,242.00
401.00,159.00,477.00,159.00,477.00,240.00,401.00,240.00
401.00,158.00,476.00,158.00,476.00,238.00,401.00,238.00
400.00,158.00,475.00,158.00,475.00,234.00,400.00,234.00
400.00,158.00,475.00,158.00,475.00,233.00,400.00,233.00
397.00,157.00,474.00,157.00,474.00,235.00,397.00,235.00
392.00,154.00,470.00,154.00,470.00,231.00,392.00,231.00
388.00,153.00,466.00,153.00,466.00,231.00,388.00,231.00
385.00,152.00,464.00,152.00,464.00,229.00,385.00,229.00
383.00,151.00,462.00,151.00,462.00,228.00,383.00,228.00
385.00,151.00,463.00,151.00,463.00,226.00,385.00,226.00
381.00,149.00,460.00,149.00,460.00,229.00,381.00,229.00
378.00,149.00,457.00,149.00,457.00,230.00,378.00,230.00
378.00,146.00,458.00,146.00,458.00,229.00,378.00,229.00
377.00,145.00,457.00,145.00,457.00,228.00,377.00,228.00
376.00,145.00,457.00,145.00,457.00,228.00,376.00,228.00
375.00,145.00,458.00,145.00,458.00,228.00,375.00,228.00
374.00,145.00,459.00,145.00,459.00,231.00,374.00,231.00
357.00,144.00,440.00,144.00,440.00,222.00,357.00,222.00
355.00,144.00,436.00,144.00,436.00,220.00,355.00,220.00
351.00,143.00,432.00,143.00,432.00,218.00,351.00,218.00
349.00,144.00,428.00,144.00,428.00,216.00,349.00,216.00
350.00,145.00,427.00,145.00,427.00,216.00,350.00,216.00
343.00,145.00,418.00,145.00,418.00,214.00,343.00,214.00
341.00,146.00,414.00,146.00,414.00,214.00,341.00,214.00
341.00,146.00,413.00,146.00,413.00,213.00,341.00,213.00
342.00,146.00,413.00,146.00,413.00,212.00,342.00,212.00
337.00,147.00,405.00,147.00,405.00,212.00,337.00,212.00
335.00,147.00,405.00,147.00,405.00,211.00,335.00,211.00
322.00,139.00,404.00,139.00,404.00,214.00,322.00,214.00
331.00,147.00,400.00,147.00,400.00,211.00,331.00,211.00
323.00,150.00,392.00,150.00,392.00,215.00,323.00,215.00
319.00,149.00,390.00,149.00,390.00,215.00,319.00,215.00
320.00,148.00,390.00,148.00,390.00,214.00,320.00,214.00
321.00,150.00,391.00,150.00,391.00,217.00,321.00,217.00
318.00,151.00,389.00,151.00,389.00,218.00,318.00,218.00
317.00,152.00,388.00,152.00,388.00,219.00,317.00,219.00
311.00,155.00,382.00,155.00,382.00,223.00,311.00,223.00
306.00,155.00,379.00,155.00,379.00,222.00,306.00,222.00
304.00,157.00,377.00,157.00,377.00,226.00,304.00,226.00
303.00,156.00,377.00,156.00,377.00,225.00,303.00,225.00
304.00,156.00,378.00,156.00,378.00,224.00,304.00,224.00
303.00,155.00,378.00,155.00,378.00,223.00,303.00,223.00
303.00,155.00,377.00,155.00,377.00,222.00,303.00,222.00
303.00,155.00,375.00,155.00,375.00,221.00,303.00,221.00
336.00,162.00,404.00,162.00,404.00,231.00,336.00,231.00
341.00,161.00,407.00,161.00,407.00,229.00,341.00,229.00
335.00,157.00,405.00,157.00,405.00,226.00,335.00,226.00
339.00,158.00,406.00,158.00,406.00,225.00,339.00,225.00
336.00,154.00,406.00,154.00,406.00,223.00,336.00,223.00
