1
75.00,140.00,115.00,140.00,115.00,177.00,75.00,177.00
76.00,138.00,115.00,138.00,115.00,175.00,76.00,175.00
75.00,136.00,115.00,136.00,115.00,174.00,75.00,174.00
75.00,135.00,115.00,135.00,115.00,172.00,75.00,172.00
75.00,134.00,115.00,134.00,115.00,171.00,75.00,171.00
75.00,133.00,114.00,133.00,114.00,170.00,75.00,170.00
74.00,131.00,116.00,131.00,116.00,169.00,74.00,169.00
74.00,129.00,116.00,129.00,116.00,167.00,74.00,167.00
73.00,128.00,115.00,128.00,115.00,165.00,73.00,165.00
72.00,127.00,115.00,127.00,115.00,164.00,72.00,164.00
73.00,125.00,116.00,125.00,116.00,163.00,73.00,163.00
72.00,124.00,115.00,124.00,115.00,162.00,72.00,162.00
70.00,123.00,114.00,123.00,114.00,159.00,70.00,159.00
72.00,122.00,114.00,122.00,114.00,157.00,72.00,157.00
71.00,119.00,112.00,119.00,112.00,155.00,71.00,155.00
70.00,117.00,111.00,117.00,111.00,153.00,70.00,153.00
70.00,113.00,110.00,113.00,110.00,149.00,70.00,149.00
69.00,109.00,110.00,109.00,110.00,147.00,69.00,147.00
70.00,105.00,110.00,105.00,110.00,140.00,70.00,140.00
69.00,102.00,110.00,102.00,110.00,137.00,69.00,137.00
69.00,99.00,111.00,99.00,111.00,135.00,69.00,135.00
70.00,97.00,110.00,97.00,110.00,132.00,70.00,132.00
69.00,94.00,111.00,94.00,111.00,131.00,69.00,131.00
70.00,92.00,111.00,92.00,111.00,127.00,70.00,127.00
71.00,89.00,114.00,89.00,114.00,126.00,71.00,126.00
72.00,87.00,115.00,87.00,115.00,125.00,72.00,125.00
74.00,83.00,119.00,83.00,119.00,121.00,74.00,121.00
75.00,82.00,120.00,82.00,120.00,119.00,75.00,119.00
75.00,81.00,123.00,81.00,123.00,118.00,75.00,118.00
75.00,78.00,124.00,78.00,124.00,117.00,75.00,117.00
76.00,76.00,125.00,76.00,125.00,115.00,76.00,115.00
76.00,73.00,124.00,73.00,124.00,113.00,76.00,113.00
77.00,70.00,125.00,70.00,125.00,110.00,77.00,110.00
79.00,66.00,124.00,66.00,124.00,105.00,79.00,105.00
78.00,63.00,124.00,63.00,124.00,102.00,78.00,102.00
77.00,61.00,124.00,61.00,124.00,100.00,77.00,100.00
78.00,58.00,123.00,58.00,123.00,98.00,78.00,98.00
75.00,57.00,122.00,57.00,122.00,97.00,75.00,97.00
75.00,55.00,122.00,55.00,122.00,94.00,75.00,94.00
75.00,53.00,120.00,53.00,120.00,91.00,75.00,91.00
74.00,52.00,121.00,52.00,121.00,91.00,74.00,91.00
75.00,50.00,121.00,50.00,121.00,88.00,75.00,88.00
74.00,50.00,120.00,50.00,120.00,88.00,74.00,88.00
75.00,49.00,121.00,49.00,121.00,87.00,75.00,87.00
75.00,49.00,119.00,49.00,119.00,85.00,75.00,85.00
74.00,50.00,117.00,50.00,117.00,86.00,74.00,86.00
74.00,51.00,115.00,51.00,115.00,86.00,74.00,86.00
75.00,52.00,115.00,52.00,115.00,86.00,75.00,86.00
76.00,52.00,114.00,52.00,114.00,87.00,76.00,87.00
76.00,54.00,114.00,54.00,114.00,89.00,76.00,89.00
75.00,53.00,115.00,53.00,115.00,89.00,75.00,89.00
76.00,53.00,116.00,53.00,116.00,91.00,76.00,91.00
75.00,57.00,116.00,57.00,116.00,93.00,75.00,93.00
76.00,61.00,115.00,61.00,115.00,94.00,76.00,94.00
78.00,62.00,118.00,62.00,118.00,97.00,78.00,97.00
78.00,66.00,117.00,66.00,117.00,100.00,78.00,100.00
80.00,66.00,120.00,66.00,120.00,103.00,80.00,103.00
83.00,67.00,123.00,67.00,123.00,105.00,83.00,105.00
85.00,69.00,125.00,69.00,125.00,107.00,85.00,107.00
87.00,70.00,127.00,70.00,127.00,108.00,87.00,108.00
88.00,72.00,128.00,72.00,128.00,110.00,88.00,110.00
90.00,71.00,129.00,71.00,129.00,110.00,90.00,110.00
92.00,70.00,132.00,70.00,132.00,109.00,92.00,109.00
93.00,73.00,131.00,73.00,131.00,109.00,93.00,109.00
95.00,72.00,134.00,72.00,134.00,109.00,95.00,109.00
95.00,75.00,132.00,75.00,132.00,110.00,95.00,110.00
93.00,77.00,131.00,77.00,131.00,114.00,93.00,114.00
96.00,76.00,133.00,76.00,133.00,112.00,96.00,112.00
96.00,76.00,133.00,76.00,133.00,111.00,96.00,111.00
97.00,76.00,133.00,76.00,133.00,111.00,97.00,111.00
95.00,77.00,133.00,77.00,133.00,112.00,95.00,112.00
96.00,77.00,133.00,77.00,133.00,111.00,96.00,111.00
95.00,76.00,132.00,76.00,132.00,110.00,95.00,110.00
95.00,77.00,133.00,77.00,133.00,111.00,95.00,111.00
94.00,77.00,132.00,77.00,132.00,111.00,94.00,111.00
95.00,77.00,132.00,77.00,132.00,110.00,95.00,110.00
95.00,76.00,132.00,76.00,132.00,111.00,95.00,111.00
96.00,75.00,132.00,75.00,132.00,109.00,96.00,109.00
97.00,74.00,133.00,74.00,133.00,108.00,97.00,108.00
96.00,75.00,132.00,75.00,132.00,109.00,96.00,109.00
96.00,74.00,134.00,74.00,134.00,107.00,96.00,107.00
97.00,73.00,135.00,73.00,135.00,107.00,97.00,107.00
96.00,73.00,134.00,73.00,134.00,107.00,96.00,107.00
97.00,73.00,134.00,73.00,134.00,107.00,97.00,107.00
98.00,72.00,134.00,72.00,134.00,106.00,98.00,106.00
98.00,71.00,134.00,71.00,134.00,106.00,98.00,106.00
97.00,70.00,134.00,70.00,134.00,106.00,97.00,106.00
97.00,71.00,134.00,71.00,134.00,106.00,97.00,106.00
98.00,70.00,136.00,70.00,136.00,106.00,98.00,106.00
98.00,69.00,137.00,69.00,137.00,104.00,98.00,104.00
98.00,70.00,137.00,70.00,137.00,105.00,98.00,105.00
99.00,70.00,137.00,70.00,137.00,105.00,99.00,105.00
98.00,70.00,136.00,70.00,136.00,105.00,98.00,105.00
100.00,69.00,138.00,69.00,138.00,103.00,100.00,103.00
100.00,68.00,138.00,68.00,138.00,102.00,100.00,102.00
100.00,69.00,137.00,69.00,137.00,103.00,100.00,103.00
100.00,69.00,137.00,69.00,137.00,103.00,100.00,103.00
100.00,69.00,138.00,69.00,138.00,103.00,100.00,103.00
100.00,68.00,139.00,68.00,139.00,104.00,100.00,104.00
100.00,68.00,139.00,68.00,139.00,101.00,100.00,101.00
100.00,68.00,140.00,68.00,140.00,103.00,100.00,103.00
101.00,68.00,141.00,68.00,141.00,105.00,101.00,105.00
101.00,68.00,141.00,68.00,141.00,107.00,101.00,107.00
102.00,67.00,141.00,67.00,141.00,103.00,102.00,103.00
103.00,66.00,144.00,66.00,144.00,103.00,103.00,103.00
103.00,67.00,144.00,67.00,144.00,105.00,103.00,105.00
102.00,66.00,144.00,66.00,144.00,104.00,102.00,104.00
103.00,66.00,145.00,66.00,145.00,104.00,103.00,104.00
102.00,67.00,144.00,67.00,144.00,105.00,102.00,105.00
100.00,67.00,142.00,67.00,142.00,106.00,100.00,106.00
101.00,66.00,141.00,66.00,141.00,105.00,101.00,105.00
102.00,66.00,141.00,66.00,141.00,103.00,102.00,103.00
101.00,67.00,141.00,67.00,141.00,105.00,101.00,105.00
99.00,67.00,141.00,67.00,141.00,105.00,99.00,105.00
97.00,68.00,141.00,68.00,141.00,107.00,97.00,107.00
97.00,67.00,141.00,67.00,141.00,108.00,97.00,108.00
96.00,68.00,139.00,68.00,139.00,109.00,96.00,109.00
98.00,68.00,139.00,68.00,139.00,110.00,98.00,110.00
99.00,67.00,140.00,67.00,140.00,109.00,99.00,109.00
98.00,69.00,141.00,69.00,141.00,109.00,98.00,109.00
99.00,71.00,142.00,71.00,142.00,110.00,99.00,110.00
98.00,72.00,142.00,72.00,142.00,110.00,98.00,110.00
97.00,72.00,141.00,72.00,141.00,111.00,97.00,111.00
95.00,74.00,138.00,74.00,138.00,112.00,95.00,112.00
96.00,74.00,139.00,74.00,139.00,112.00,96.00,112.00
96.00,75.00,138.00,75.00,138.00,113.00,96.00,113.00
95.00,76.00,138.00,76.00,138.00,115.00,95.00,115.00
95.00,77.00,138.00,77.00,138.00,116.00,95.00,116.00
95.00,77.00,138.00,77.00,138.00,118.00,95.00,118.00
95.00,74.00,137.00,74.00,137.00,118.00,95.00,118.00
96.00,75.00,138.00,75.00,138.00,120.00,96.00,120.00
95.00,76.00,138.00,76.00,138.00,121.00,95.00,121.00
94.00,78.00,137.00,78.00,137.00,122.00,94.00,122.00
95.00,81.00,138.00,81.00,138.00,124.00,95.00,124.00
95.00,82.00,137.00,82.00,137.00,125.00,95.00,125.00
95.00,84.00,134.00,84.00,134.00,124.00,95.00,124.00
95.00,83.00,137.00,83.00,137.00,125.00,95.00,125.00
94.00,83.00,138.00,83.00,138.00,125.00,94.00,125.00
96.00,82.00,141.00,82.00,141.00,125.00,96.00,125.00
98.00,82.00,142.00,82.00,142.00,124.00,98.00,124.00
98.00,82.00,141.00,82.00,141.00,125.00,98.00,125.00
101.00,80.00,144.00,80.00,144.00,122.00,101.00,122.00
100.00,80.00,145.00,80.00,145.00,123.00,100.00,123.00
104.00,79.00,147.00,79.00,147.00,119.00,104.00,119.00
106.00,78.00,149.00,78.00,149.00,118.00,106.00,118.00
109.00,78.00,151.00,78.00,151.00,117.00,109.00,117.00
110.00,78.00,152.00,78.00,152.00,116.00,110.00,116.00
112.00,77.00,157.00,77.00,157.00,112.00,112.00,112.00
110.00,77.00,156.00,77.00,156.00,114.00,110.00,114.00
112.00,76.00,158.00,76.00,158.00,113.00,112.00,113.00
111.00,77.00,156.00,77.00,156.00,112.00,111.00,112.00
113.00,77.00,157.00,77.00,157.00,113.00,113.00,113.00
112.00,77.00,157.00,77.00,157.00,114.00,112.00,114.00
114.00,78.00,156.00,78.00,156.00,113.00,114.00,113.00
112.00,78.00,156.00,78.00,156.00,114.00,112.00,114.00
112.00,78.00,156.00,78.00,156.00,113.00,112.00,113.00
113.00,77.00,156.00,77.00,156.00,113.00,113.00,113.00
113.00,76.00,154.00,76.00,154.00,112.00,113.00,112.00
115.00,74.00,156.00,74.00,156.00,110.00,115.00,110.00
115.00,73.00,157.00,73.00,157.00,109.00,115.00,109.00
115.00,72.00,157.00,72.00,157.00,107.00,115.00,107.00
115.00,71.00,156.00,71.00,156.00,107.00,115.00,107.00
115.00,72.00,158.00,72.00,158.00,107.00,115.00,107.00
115.00,71.00,156.00,71.00,156.00,107.00,115.00,107.00
116.00,71.00,157.00,71.00,157.00,107.00,116.00,107.00
117.00,71.00,158.00,71.00,158.00,106.00,117.00,106.00
117.00,70.00,158.00,70.00,158.00,105.00,117.00,105.00
120.00,69.00,158.00,69.00,158.00,104.00,120.00,104.00
121.00,69.00,163.00,69.00,163.00,104.00,121.00,104.00
121.00,69.00,162.00,69.00,162.00,104.00,121.00,104.00
123.00,69.00,164.00,69.00,164.00,103.00,123.00,103.00
125.00,67.00,165.00,67.00,165.00,102.00,125.00,102.00
123.00,66.00,164.00,66.00,164.00,102.00,123.00,102.00
125.00,65.00,165.00,65.00,165.00,100.00,125.00,100.00
125.00,65.00,166.00,65.00,166.00,101.00,125.00,101.00
127.00,64.00,166.00,64.00,166.00,99.00,127.00,99.00
127.00,65.00,166.00,65.00,166.00,100.00,127.00,100.00
127.00,64.00,166.00,64.00,166.00,100.00,127.00,100.00
129.00,65.00,167.00,65.00,167.00,99.00,129.00,99.00
130.00,65.00,168.00,65.00,168.00,99.00,130.00,99.00
130.00,65.00,169.00,65.00,169.00,99.00,130.00,99.00
130.00,67.00,169.00,67.00,169.00,101.00,130.00,101.00
132.00,68.00,170.00,68.00,170.00,101.00,132.00,101.00
134.00,69.00,170.00,69.00,170.00,102.00,134.00,102.00
136.00,70.00,172.00,70.00,172.00,102.00,136.00,102.00
137.00,72.00,174.00,72.00,174.00,103.00,137.00,103.00
136.00,73.00,176.00,73.00,176.00,104.00,136.00,104.00
139.00,74.00,176.00,74.00,176.00,104.00,139.00,104.00
137.00,76.00,177.00,76.00,177.00,108.00,137.00,108.00
136.00,77.00,177.00,77.00,177.00,108.00,136.00,108.00
135.00,78.00,177.00,78.00,177.00,110.00,135.00,110.00
146.00,74.00,181.00,74.00,181.00,102.00,146.00,102.00
144.00,75.00,181.00,75.00,181.00,103.00,144.00,103.00
147.00,56.00,182.00,56.00,182.00,90.00,147.00,90.00
147.00,55.00,183.00,55.00,183.00,90.00,147.00,90.00
148.00,52.00,184.00,52.00,184.00,87.00,148.00,87.00
144.00,58.00,180.00,58.00,180.00,93.00,144.00,93.00
144.00,52.00,181.00,52.00,181.00,88.00,144.00,88.00
141.00,56.00,177.00,56.00,177.00,92.00,141.00,92.00
143.00,51.00,179.00,51.00,179.00,87.00,143.00,87.00
142.00,59.00,178.00,59.00,178.00,95.00,142.00,95.00
140.00,61.00,176.00,61.00,176.00,97.00,140.00,97.00
140.00,55.00,176.00,55.00,176.00,91.00,140.00,91.00
130.00,58.00,166.00,58.00,166.00,94.00,130.00,94.00
140.00,54.00,176.00,54.00,176.00,90.00,140.00,90.00
137.00,60.00,173.00,60.00,173.00,96.00,137.00,96.00
141.00,55.00,177.00,55.00,177.00,91.00,141.00,91.00
142.00,53.00,178.00,53.00,178.00,89.00,142.00,89.00
139.00,60.00,175.00,60.00,175.00,96.00,139.00,96.00
125.00,82.00,161.00,82.00,161.00,118.00,125.00,118.00
129.00,86.00,167.00,86.00,167.00,114.00,129.00,114.00
118.00,89.00,157.00,89.00,157.00,118.00,118.00,118.00
119.00,86.00,159.00,86.00,159.00,115.00,119.00,115.00
117.00,85.00,158.00,85.00,158.00,115.00,117.00,115.00
115.00,85.00,156.00,85.00,156.00,116.00,115.00,116.00
114.00,83.00,155.00,83.00,155.00,115.00,114.00,115.00
112.00,83.00,152.00,83.00,152.00,115.00,112.00,115.00
111.00,82.00,150.00,82.00,150.00,114.00,111.00,114.00
111.00,82.00,150.00,82.00,150.00,113.00,111.00,113.00
111.00,81.00,150.00,81.00,150.00,113.00,111.00,113.00
111.00,82.00,150.00,82.00,150.00,114.00,111.00,114.00
111.00,83.00,149.00,83.00,149.00,114.00,111.00,114.00
112.00,82.00,149.00,82.00,149.00,114.00,112.00,114.00
114.00,81.00,149.00,81.00,149.00,113.00,114.00,113.00
114.00,81.00,150.00,81.00,150.00,113.00,114.00,113.00
115.00,81.00,151.00,81.00,151.00,114.00,115.00,114.00
115.00,82.00,152.00,82.00,152.00,114.00,115.00,114.00
116.00,82.00,154.00,82.00,154.00,113.00,116.00,113.00
118.00,81.00,156.00,81.00,156.00,114.00,118.00,114.00
120.00,81.00,157.00,81.00,157.00,115.00,120.00,115.00
122.00,79.00,159.00,79.00,159.00,114.00,122.00,114.00
123.00,79.00,161.00,79.00,161.00,114.00,123.00,114.00
126.00,77.00,164.00,77.00,164.00,112.00,126.00,112.00
126.00,77.00,164.00,77.00,164.00,113.00,126.00,113.00
127.00,78.00,165.00,78.00,165.00,114.00,127.00,114.00
129.00,77.00,167.00,77.00,167.00,113.00,129.00,113.00
130.00,76.00,169.00,76.00,169.00,112.00,130.00,112.00
131.00,75.00,170.00,75.00,170.00,111.00,131.00,111.00
131.00,75.00,172.00,75.00,172.00,111.00,131.00,111.00
133.00,75.00,173.00,75.00,173.00,110.00,133.00,110.00
136.00,74.00,176.00,74.00,176.00,108.00,136.00,108.00
137.00,73.00,178.00,73.00,178.00,108.00,137.00,108.00
138.00,72.00,182.00,72.00,182.00,108.00,138.00,108.00
141.00,72.00,184.00,72.00,184.00,108.00,141.00,108.00
142.00,72.00,186.00,72.00,186.00,109.00,142.00,109.00
144.00,72.00,187.00,72.00,187.00,107.00,144.00,107.00
146.00,71.00,191.00,71.00,191.00,107.00,146.00,107.00
148.00,71.00,193.00,71.00,193.00,106.00,148.00,106.00
150.00,69.00,194.00,69.00,194.00,105.00,150.00,105.00
150.00,67.00,195.00,67.00,195.00,104.00,150.00,104.00
152.00,66.00,196.00,66.00,196.00,103.00,152.00,103.00
151.00,65.00,195.00,65.00,195.00,102.00,151.00,102.00
151.00,64.00,194.00,64.00,194.00,101.00,151.00,101.00
152.00,63.00,194.00,63.00,194.00,99.00,152.00,99.00
151.00,62.00,193.00,62.00,193.00,97.00,151.00,97.00
151.00,60.00,192.00,60.00,192.00,97.00,151.00,97.00
151.00,59.00,192.00,59.00,192.00,95.00,151.00,95.00
151.00,56.00,192.00,56.00,192.00,94.00,151.00,94.00
151.00,56.00,192.00,56.00,192.00,93.00,151.00,93.00
153.00,55.00,194.00,55.00,194.00,91.00,153.00,91.00
155.00,53.00,195.00,53.00,195.00,89.00,155.00,89.00
155.00,51.00,197.00,51.00,197.00,89.00,155.00,89.00
156.00,50.00,199.00,50.00,199.00,87.00,156.00,87.00
158.00,48.00,201.00,48.00,201.00,83.00,158.00,83.00
159.00,47.00,203.00,47.00,203.00,84.00,159.00,84.00
162.00,46.00,204.00,46.00,204.00,81.00,162.00,81.00
162.00,43.00,206.00,43.00,206.00,80.00,162.00,80.00
164.00,43.00,206.00,43.00,206.00,79.00,164.00,79.00
167.00,41.00,208.00,41.00,208.00,76.00,167.00,76.00
168.00,39.00,209.00,39.00,209.00,75.00,168.00,75.00
167.00,39.00,209.00,39.00,209.00,74.00,167.00,74.00
169.00,39.00,211.00,39.00,211.00,72.00,169.00,72.00
167.00,38.00,211.00,38.00,211.00,74.00,167.00,74.00
168.00,38.00,212.00,38.00,212.00,74.00,168.00,74.00
168.00,38.00,213.00,38.00,213.00,74.00,168.00,74.00
169.00,38.00,214.00,38.00,214.00,75.00,169.00,75.00
168.00,39.00,214.00,39.00,214.00,75.00,168.00,75.00
169.00,39.00,213.00,39.00,213.00,77.00,169.00,77.00
168.00,38.00,214.00,38.00,214.00,76.00,168.00,76.00
169.00,39.00,215.00,39.00,215.00,77.00,169.00,77.00
170.00,39.00,214.00,39.00,214.00,77.00,170.00,77.00
169.00,39.00,213.00,39.00,213.00,77.00,169.00,77.00
168.00,40.00,213.00,40.00,213.00,78.00,168.00,78.00
168.00,41.00,212.00,41.00,212.00,79.00,168.00,79.00
168.00,41.00,212.00,41.00,212.00,79.00,168.00,79.00
169.00,42.00,212.00,42.00,212.00,79.00,169.00,79.00
168.00,42.00,211.00,42.00,211.00,79.00,168.00,79.00
167.00,43.00,212.00,43.00,212.00,80.00,167.00,80.00
168.00,42.00,211.00,42.00,211.00,80.00,168.00,80.00
167.00,42.00,211.00,42.00,211.00,81.00,167.00,81.00
169.00,43.00,211.00,43.00,211.00,81.00,169.00,81.00
167.00,43.00,210.00,43.00,210.00,81.00,167.00,81.00
166.00,43.00,210.00,43.00,210.00,81.00,166.00,81.00
166.00,44.00,210.00,44.00,210.00,82.00,166.00,82.00
165.00,44.00,209.00,44.00,209.00,82.00,165.00,82.00
165.00,43.00,209.00,43.00,209.00,81.00,165.00,81.00
165.00,43.00,209.00,43.00,209.00,81.00,165.00,81.00
163.00,44.00,208.00,44.00,208.00,81.00,163.00,81.00
163.00,44.00,207.00,44.00,207.00,82.00,163.00,82.00
163.00,45.00,207.00,45.00,207.00,81.00,163.00,81.00
164.00,45.00,208.00,45.00,208.00,80.00,164.00,80.00
164.00,45.00,207.00,45.00,207.00,81.00,164.00,81.00
164.00,45.00,206.00,45.00,206.00,81.00,164.00,81.00
164.00,45.00,206.00,45.00,206.00,80.00,164.00,80.00
164.00,44.00,206.00,44.00,206.00,80.00,164.00,80.00
165.00,44.00,207.00,44.00,207.00,79.00,165.00,79.00
164.00,44.00,206.00,44.00,206.00,79.00,164.00,79.00
164.00,44.00,206.00,44.00,206.00,79.00,164.00,79.00
164.00,43.00,207.00,43.00,207.00,78.00,164.00,78.00
163.00,43.00,205.00,43.00,205.00,78.00,163.00,78.00
163.00,44.00,206.00,44.00,206.00,78.00,163.00,78.00
164.00,43.00,207.00,43.00,207.00,77.00,164.00,77.00
163.00,43.00,206.00,43.00,206.00,77.00,163.00,77.00
162.00,42.00,205.00,42.00,205.00,77.00,162.00,77.00
162.00,42.00,204.00,42.00,204.00,77.00,162.00,77.00
163.00,42.00,205.00,42.00,205.00,76.00,163.00,76.00
161.00,42.00,204.00,42.00,204.00,77.00,161.00,77.00
160.00,42.00,203.00,42.00,203.00,77.00,160.00,77.00
160.00,42.00,203.00,42.00,203.00,77.00,160.00,77.00
160.00,42.00,201.00,42.00,201.00,77.00,160.00,77.00
160.00,42.00,201.00,42.00,201.00,77.00,160.00,77.00
159.00,43.00,201.00,43.00,201.00,78.00,159.00,78.00
158.00,44.00,201.00,44.00,201.00,79.00,158.00,79.00
156.00,45.00,198.00,45.00,198.00,81.00,156.00,81.00
155.00,47.00,197.00,47.00,197.00,82.00,155.00,82.00
154.00,48.00,197.00,48.00,197.00,83.00,154.00,83.00
154.00,48.00,197.00,48.00,197.00,83.00,154.00,83.00
153.00,49.00,196.00,49.00,196.00,84.00,153.00,84.00
151.00,48.00,195.00,48.00,195.00,84.00,151.00,84.00
150.00,49.00,196.00,49.00,196.00,84.00,150.00,84.00
148.00,49.00,194.00,49.00,194.00,85.00,148.00,85.00
148.00,50.00,193.00,50.00,193.00,86.00,148.00,86.00
147.00,50.00,193.00,50.00,193.00,86.00,147.00,86.00
146.00,50.00,191.00,50.00,191.00,86.00,146.00,86.00
146.00,50.00,190.00,50.00,190.00,87.00,146.00,87.00
145.00,52.00,188.00,52.00,188.00,89.00,145.00,89.00
144.00,53.00,186.00,53.00,186.00,90.00,144.00,90.00
144.00,56.00,184.00,56.00,184.00,91.00,144.00,91.00
143.00,57.00,183.00,57.00,183.00,91.00,143.00,91.00
143.00,59.00,182.00,59.00,182.00,92.00,143.00,92.00
145.00,59.00,184.00,59.00,184.00,92.00,145.00,92.00
145.00,59.00,184.00,59.00,184.00,93.00,145.00,93.00
144.00,58.00,184.00,58.00,184.00,93.00,144.00,93.00
143.00,58.00,182.00,58.00,182.00,92.00,143.00,92.00
144.00,57.00,184.00,57.00,184.00,91.00,144.00,91.00
144.00,57.00,183.00,57.00,183.00,91.00,144.00,91.00
144.00,58.00,183.00,58.00,183.00,92.00,144.00,92.00
141.00,58.00,180.00,58.00,180.00,92.00,141.00,92.00
143.00,58.00,182.00,58.00,182.00,92.00,143.00,92.00
141.00,58.00,181.00,58.00,181.00,92.00,141.00,92.00
142.00,58.00,181.00,58.00,181.00,91.00,142.00,91.00
143.00,58.00,182.00,58.00,182.00,91.00,143.00,91.00
143.00,57.00,180.00,57.00,180.00,91.00,143.00,91.00
142.00,57.00,180.00,57.00,180.00,90.00,142.00,90.00
141.00,58.00,180.00,58.00,180.00,91.00,141.00,91.00
141.00,58.00,178.00,58.00,178.00,91.00,141.00,91.00
141.00,59.00,178.00,59.00,178.00,92.00,141.00,92.00
140.00,60.00,177.00,60.00,177.00,93.00,140.00,93.00
142.00,61.00,179.00,61.00,179.00,95.00,142.00,95.00
140.00,63.00,178.00,63.00,178.00,98.00,140.00,98.00
142.00,65.00,179.00,65.00,179.00,100.00,142.00,100.00
143.00,67.00,182.00,67.00,182.00,101.00,143.00,101.00
142.00,68.00,179.00,68.00,179.00,101.00,142.00,101.00
141.00,70.00,179.00,70.00,179.00,104.00,141.00,104.00
141.00,71.00,178.00,71.00,178.00,104.00,141.00,104.00
