1
701.00,244.00,734.00,244.00,734.00,315.00,701.00,315.00
699.00,241.00,731.00,241.00,731.00,315.00,699.00,315.00
695.00,241.00,727.00,241.00,727.00,312.00,695.00,312.00
692.00,239.00,726.00,239.00,726.00,312.00,692.00,312.00
688.00,239.00,721.00,239.00,721.00,310.00,688.00,310.00
687.00,238.00,719.00,238.00,719.00,309.00,687.00,309.00
684.00,238.00,716.00,238.00,716.00,310.00,684.00,310.00
682.00,238.00,713.00,238.00,713.00,310.00,682.00,310.00
680.00,240.00,711.00,240.00,711.00,310.00,680.00,310.00
678.00,242.00,708.00,242.00,708.00,311.00,678.00,311.00
675.00,244.00,707.00,244.00,707.00,314.00,675.00,314.00
672.00,245.00,704.00,245.00,704.00,313.00,672.00,313.00
667.00,245.00,699.00,245.00,699.00,315.00,667.00,315.00
659.00,243.00,691.00,243.00,691.00,310.00,659.00,310.00
656.00,243.00,689.00,243.00,689.00,313.00,656.00,313.00
653.00,245.00,684.00,245.00,684.00,315.00,653.00,315.00
649.00,246.00,680.00,246.00,680.00,317.00,649.00,317.00
644.00,244.00,675.00,244.00,675.00,314.00,644.00,314.00
641.00,246.00,672.00,246.00,672.00,314.00,641.00,314.00
639.00,244.00,669.00,244.00,669.00,310.00,639.00,310.00
634.00,243.00,665.00,243.00,665.00,309.00,634.00,309.00
632.00,243.00,662.00,243.00,662.00,309.00,632.00,309.00
629.00,242.00,658.00,242.00,658.00,308.00,629.00,308.00
624.00,243.00,655.00,243.00,655.00,308.00,624.00,308.00
622.00,243.00,652.00,243.00,652.00,306.00,622.00,306.00
619.00,243.00,649.00,243.00,649.00,305.00,619.00,305.00
617.00,243.00,646.00,243.00,646.00,306.00,617.00,306.00
613.00,243.00,642.00,243.00,642.00,303.00,613.00,303.00
610.00,243.00,640.00,243.00,640.00,302.00,610.00,302.00
607.00,243.00,636.00,243.00,636.00,303.00,607.00,303.00
605.00,243.00,633.00,243.00,633.00,302.00,605.00,302.00
602.00,243.00,630.00,243.00,630.00,300.00,602.00,300.00
600.00,243.00,626.00,243.00,626.00,299.00,600.00,299.00
597.00,244.00,624.00,244.00,624.00,301.00,597.00,301.00
594.00,244.00,620.00,244.00,620.00,301.00,594.00,301.00
591.00,244.00,618.00,244.00,618.00,303.00,591.00,303.00
586.00,244.00,615.00,244.00,615.00,302.00,586.00,302.00
584.00,245.00,610.00,245.00,610.00,302.00,584.00,302.00
580.00,245.00,608.00,245.00,608.00,302.00,580.00,302.00
575.00,244.00,603.00,244.00,603.00,302.00,575.00,302.00
572.00,246.00,599.00,246.00,599.00,304.00,572.00,304.00
570.00,247.00,597.00,247.00,597.00,302.00,570.00,302.00
568.00,248.00,595.00,248.00,595.00,303.00,568.00,303.00
564.00,249.00,591.00,249.00,591.00,303.00,564.00,303.00
560.00,247.00,588.00,247.00,588.00,302.00,560.00,302.00
556.00,248.00,584.00,248.00,584.00,304.00,556.00,304.00
551.00,249.00,579.00,249.00,579.00,302.00,551.00,302.00
548.00,248.00,576.00,248.00,576.00,303.00,548.00,303.00
545.00,248.00,572.00,248.00,572.00,302.00,545.00,302.00
545.00,247.00,571.00,247.00,571.00,299.00,545.00,299.00
543.00,248.00,570.00,248.00,570.00,301.00,543.00,301.00
542.00,248.00,569.00,248.00,569.00,302.00,542.00,302.00
541.00,248.00,567.00,248.00,567.00,303.00,541.00,303.00
541.00,246.00,567.00,246.00,567.00,301.00,541.00,301.00
540.00,246.00,566.00,246.00,566.00,299.00,540.00,299.00
540.00,247.00,566.00,247.00,566.00,299.00,540.00,299.00
540.00,247.00,565.00,247.00,565.00,301.00,540.00,301.00
539.00,248.00,563.00,248.00,563.00,301.00,539.00,301.00
539.00,247.00,563.00,247.00,563.00,298.00,539.00,298.00
539.00,249.00,562.00,249.00,562.00,301.00,539.00,301.00
539.00,248.00,563.00,248.00,563.00,300.00,539.00,300.00
539.00,246.00,563.00,246.00,563.00,299.00,539.00,299.00
537.00,246.00,561.00,246.00,561.00,299.00,537.00,299.00
537.00,246.00,560.00,246.00,560.00,297.00,537.00,297.00
537.00,248.00,560.00,248.00,560.00,298.00,537.00,298.00
535.00,243.00,558.00,243.00,558.00,296.00,535.00,296.00
535.00,243.00,558.00,243.00,558.00,295.00,535.00,295.00
535.00,245.00,558.00,245.00,558.00,297.00,535.00,297.00
534.00,245.00,558.00,245.00,558.00,296.00,534.00,296.00
534.00,244.00,557.00,244.00,557.00,296.00,534.00,296.00
534.00,243.00,557.00,243.00,557.00,294.00,534.00,294.00
535.00,242.00,557.00,242.00,557.00,289.00,535.00,289.00
534.00,243.00,557.00,243.00,557.00,290.00,534.00,290.00
534.00,243.00,557.00,243.00,557.00,290.00,534.00,290.00
538.00,242.00,563.00,242.00,563.00,291.00,538.00,291.00
538.00,243.00,563.00,243.00,563.00,292.00,538.00,292.00
540.00,242.00,565.00,242.00,565.00,291.00,540.00,291.00
541.00,242.00,566.00,242.00,566.00,293.00,541.00,293.00
542.00,242.00,567.00,242.00,567.00,294.00,542.00,294.00
545.00,242.00,570.00,242.00,570.00,292.00,545.00,292.00
545.00,244.00,570.00,244.00,570.00,293.00,545.00,293.00
551.00,240.00,577.00,240.00,577.00,292.00,551.00,292.00
552.00,244.00,579.00,244.00,579.00,295.00,552.00,295.00
552.00,241.00,578.00,241.00,578.00,295.00,552.00,295.00
548.00,244.00,572.00,244.00,572.00,293.00,548.00,293.00
552.00,243.00,576.00,243.00,576.00,292.00,552.00,292.00
553.00,246.00,577.00,246.00,577.00,292.00,553.00,292.00
557.00,245.00,581.00,245.00,581.00,290.00,557.00,290.00
559.00,246.00,583.00,246.00,583.00,291.00,559.00,291.00
561.00,248.00,586.00,248.00,586.00,293.00,561.00,293.00
564.00,246.00,588.00,246.00,588.00,289.00,564.00,289.00
568.00,243.00,593.00,243.00,593.00,291.00,568.00,291.00
572.00,243.00,596.00,243.00,596.00,290.00,572.00,290.00
576.00,242.00,600.00,242.00,600.00,290.00,576.00,290.00
578.00,243.00,602.00,243.00,602.00,291.00,578.00,291.00
581.00,241.00,604.00,241.00,604.00,290.00,581.00,290.00
582.00,241.00,606.00,241.00,606.00,289.00,582.00,289.00
586.00,240.00,609.00,240.00,609.00,288.00,586.00,288.00
588.00,238.00,611.00,238.00,611.00,287.00,588.00,287.00
590.00,237.00,613.00,237.00,613.00,287.00,590.00,287.00
591.00,237.00,614.00,237.00,614.00,287.00,591.00,287.00
593.00,238.00,617.00,238.00,617.00,288.00,593.00,288.00
594.00,239.00,617.00,239.00,617.00,287.00,594.00,287.00
595.00,239.00,617.00,239.00,617.00,288.00,595.00,288.00
597.00,240.00,618.00,240.00,618.00,288.00,597.00,288.00
598.00,243.00,620.00,243.00,620.00,290.00,598.00,290.00
598.00,243.00,622.00,243.00,622.00,290.00,598.00,290.00
601.00,241.00,623.00,241.00,623.00,288.00,601.00,288.00
603.00,241.00,625.00,241.00,625.00,287.00,603.00,287.00
605.00,241.00,627.00,241.00,627.00,289.00,605.00,289.00
605.00,240.00,626.00,240.00,626.00,290.00,605.00,290.00
604.00,241.00,626.00,241.00,626.00,290.00,604.00,290.00
604.00,239.00,625.00,239.00,625.00,286.00,604.00,286.00
602.00,239.00,624.00,239.00,624.00,287.00,602.00,287.00
599.00,239.00,623.00,239.00,623.00,288.00,599.00,288.00
593.00,236.00,619.00,236.00,619.00,285.00,593.00,285.00
586.00,235.00,611.00,235.00,611.00,285.00,586.00,285.00
581.00,229.00,606.00,229.00,606.00,280.00,581.00,280.00
573.00,232.00,598.00,232.00,598.00,282.00,573.00,282.00
566.00,230.00,592.00,230.00,592.00,280.00,566.00,280.00
561.00,228.00,587.00,228.00,587.00,280.00,561.00,280.00
554.00,230.00,580.00,230.00,580.00,282.00,554.00,282.00
549.00,230.00,574.00,230.00,574.00,280.00,549.00,280.00
540.00,228.00,566.00,228.00,566.00,284.00,540.00,284.00
526.00,225.00,554.00,225.00,554.00,274.00,526.00,274.00
523.00,227.00,549.00,227.00,549.00,284.00,523.00,284.00
513.00,228.00,541.00,228.00,541.00,279.00,513.00,279.00
508.00,231.00,534.00,231.00,534.00,290.00,508.00,290.00
497.00,228.00,524.00,228.00,524.00,281.00,497.00,281.00
486.00,224.00,514.00,224.00,514.00,285.00,486.00,285.00
477.00,228.00,505.00,228.00,505.00,290.00,477.00,290.00
464.00,229.00,492.00,229.00,492.00,290.00,464.00,290.00
455.00,234.00,483.00,234.00,483.00,295.00,455.00,295.00
446.00,237.00,474.00,237.00,474.00,298.00,446.00,298.00
431.00,238.00,459.00,238.00,459.00,298.00,431.00,298.00
416.00,232.00,444.00,232.00,444.00,292.00,416.00,292.00
398.00,227.00,427.00,227.00,427.00,288.00,398.00,288.00
381.00,232.00,411.00,232.00,411.00,294.00,381.00,294.00
383.00,238.00,413.00,238.00,413.00,301.00,383.00,301.00
345.00,233.00,376.00,233.00,376.00,297.00,345.00,297.00
334.00,231.00,365.00,231.00,365.00,294.00,334.00,294.00
313.00,230.00,344.00,230.00,344.00,294.00,313.00,294.00
294.00,236.00,325.00,236.00,325.00,299.00,294.00,299.00
278.00,239.00,309.00,239.00,309.00,303.00,278.00,303.00
277.00,238.00,308.00,238.00,308.00,301.00,277.00,301.00
237.00,241.00,268.00,241.00,268.00,304.00,237.00,304.00
207.00,237.00,238.00,237.00,238.00,301.00,207.00,301.00
185.00,246.00,216.00,246.00,216.00,310.00,185.00,310.00
173.00,269.00,204.00,269.00,204.00,333.00,173.00,333.00
149.00,296.00,180.00,296.00,180.00,360.00,149.00,360.00
114.00,334.00,146.00,334.00,146.00,400.00,114.00,400.00
112.00,353.00,144.00,353.00,144.00,420.00,112.00,420.00
103.00,342.00,136.00,342.00,136.00,410.00,103.00,410.00
96.00,346.00,129.00,346.00,129.00,414.00,96.00,414.00
90.00,341.00,123.00,341.00,123.00,408.00,90.00,408.00
96.00,331.00,130.00,331.00,130.00,399.00,96.00,399.00
77.00,336.00,111.00,336.00,111.00,403.00,77.00,403.00
77.00,310.00,111.00,310.00,111.00,377.00,77.00,377.00
85.00,260.00,119.00,260.00,119.00,327.00,85.00,327.00
85.00,265.00,113.00,265.00,113.00,322.00,85.00,322.00
86.00,265.00,113.00,265.00,113.00,322.00,86.00,322.00
84.00,261.00,114.00,261.00,114.00,318.00,84.00,318.00
87.00,258.00,115.00,258.00,115.00,313.00,87.00,313.00
92.00,263.00,123.00,263.00,123.00,319.00,92.00,319.00
96.00,265.00,125.00,265.00,125.00,318.00,96.00,318.00
98.00,269.00,126.00,269.00,126.00,324.00,98.00,324.00
101.00,272.00,127.00,272.00,127.00,326.00,101.00,326.00
98.00,274.00,127.00,274.00,127.00,329.00,98.00,329.00
97.00,273.00,126.00,273.00,126.00,329.00,97.00,329.00
97.00,272.00,126.00,272.00,126.00,332.00,97.00,332.00
98.00,270.00,127.00,270.00,127.00,331.00,98.00,331.00
100.00,270.00,128.00,270.00,128.00,329.00,100.00,329.00
101.00,271.00,130.00,271.00,130.00,328.00,101.00,328.00
102.00,274.00,133.00,274.00,133.00,333.00,102.00,333.00
108.00,273.00,137.00,273.00,137.00,328.00,108.00,328.00
111.00,274.00,141.00,274.00,141.00,330.00,111.00,330.00
117.00,274.00,149.00,274.00,149.00,330.00,117.00,330.00
123.00,274.00,157.00,274.00,157.00,332.00,123.00,332.00
131.00,269.00,165.00,269.00,165.00,325.00,131.00,325.00
141.00,269.00,176.00,269.00,176.00,327.00,141.00,327.00
149.00,269.00,186.00,269.00,186.00,328.00,149.00,328.00
160.00,267.00,195.00,267.00,195.00,327.00,160.00,327.00
173.00,266.00,208.00,266.00,208.00,326.00,173.00,326.00
181.00,265.00,215.00,265.00,215.00,324.00,181.00,324.00
190.00,266.00,223.00,266.00,223.00,327.00,190.00,327.00
197.00,264.00,230.00,264.00,230.00,320.00,197.00,320.00
205.00,268.00,238.00,268.00,238.00,324.00,205.00,324.00
214.00,271.00,249.00,271.00,249.00,327.00,214.00,327.00
222.00,272.00,256.00,272.00,256.00,327.00,222.00,327.00
229.00,272.00,262.00,272.00,262.00,327.00,229.00,327.00
236.00,274.00,268.00,274.00,268.00,330.00,236.00,330.00
243.00,271.00,275.00,271.00,275.00,327.00,243.00,327.00
251.00,267.00,284.00,267.00,284.00,329.00,251.00,329.00
254.00,264.00,287.00,264.00,287.00,326.00,254.00,326.00
261.00,267.00,294.00,267.00,294.00,329.00,261.00,329.00
268.00,262.00,299.00,262.00,299.00,321.00,268.00,321.00
278.00,269.00,310.00,269.00,310.00,330.00,278.00,330.00
287.00,267.00,319.00,267.00,319.00,329.00,287.00,329.00
293.00,265.00,325.00,265.00,325.00,327.00,293.00,327.00
302.00,264.00,334.00,264.00,334.00,324.00,302.00,324.00
309.00,264.00,340.00,264.00,340.00,325.00,309.00,325.00
318.00,264.00,349.00,264.00,349.00,324.00,318.00,324.00
326.00,263.00,357.00,263.00,357.00,321.00,326.00,321.00
334.00,262.00,364.00,262.00,364.00,321.00,334.00,321.00
341.00,260.00,370.00,260.00,370.00,316.00,341.00,316.00
345.00,258.00,375.00,258.00,375.00,314.00,345.00,314.00
354.00,257.00,384.00,257.00,384.00,313.00,354.00,313.00
360.00,258.00,391.00,258.00,391.00,312.00,360.00,312.00
368.00,258.00,398.00,258.00,398.00,311.00,368.00,311.00
376.00,258.00,406.00,258.00,406.00,312.00,376.00,312.00
382.00,257.00,412.00,257.00,412.00,311.00,382.00,311.00
387.00,261.00,418.00,261.00,418.00,313.00,387.00,313.00
395.00,261.00,425.00,261.00,425.00,315.00,395.00,315.00
400.00,260.00,432.00,260.00,432.00,315.00,400.00,315.00
409.00,262.00,441.00,262.00,441.00,317.00,409.00,317.00
415.00,259.00,447.00,259.00,447.00,315.00,415.00,315.00
424.00,259.00,458.00,259.00,458.00,314.00,424.00,314.00
434.00,259.00,467.00,259.00,467.00,313.00,434.00,313.00
436.00,254.00,471.00,254.00,471.00,309.00,436.00,309.00
447.00,258.00,480.00,258.00,480.00,315.00,447.00,315.00
451.00,257.00,484.00,257.00,484.00,313.00,451.00,313.00
458.00,257.00,491.00,257.00,491.00,312.00,458.00,312.00
468.00,258.00,500.00,258.00,500.00,313.00,468.00,313.00
476.00,260.00,506.00,260.00,506.00,317.00,476.00,317.00
481.00,260.00,511.00,260.00,511.00,318.00,481.00,318.00
486.00,263.00,516.00,263.00,516.00,322.00,486.00,322.00
491.00,264.00,519.00,264.00,519.00,323.00,491.00,323.00
490.00,261.00,518.00,261.00,518.00,320.00,490.00,320.00
490.00,260.00,519.00,260.00,519.00,316.00,490.00,316.00
495.00,255.00,524.00,255.00,524.00,313.00,495.00,313.00
493.00,250.00,522.00,250.00,522.00,306.00,493.00,306.00
493.00,254.00,521.00,254.00,521.00,310.00,493.00,310.00
494.00,255.00,521.00,255.00,521.00,309.00,494.00,309.00
494.00,253.00,519.00,253.00,519.00,311.00,494.00,311.00
493.00,256.00,520.00,256.00,520.00,311.00,493.00,311.00
493.00,257.00,521.00,257.00,521.00,308.00,493.00,308.00
495.00,256.00,523.00,256.00,523.00,310.00,495.00,310.00
496.00,257.00,523.00,257.00,523.00,310.00,496.00,310.00
497.00,258.00,523.00,258.00,523.00,309.00,497.00,309.00
495.00,258.00,523.00,258.00,523.00,308.00,495.00,308.00
489.00,259.00,520.00,259.00,520.00,310.00,489.00,310.00
478.00,260.00,512.00,260.00,512.00,310.00,478.00,310.00
465.00,258.00,499.00,258.00,499.00,310.00,465.00,310.00
449.00,254.00,484.00,254.00,484.00,307.00,449.00,307.00
433.00,254.00,469.00,254.00,469.00,306.00,433.00,306.00
416.00,255.00,452.00,255.00,452.00,308.00,416.00,308.00
401.00,252.00,435.00,252.00,435.00,305.00,401.00,305.00
389.00,251.00,424.00,251.00,424.00,305.00,389.00,305.00
373.00,256.00,408.00,256.00,408.00,309.00,373.00,309.00
360.00,257.00,396.00,257.00,396.00,312.00,360.00,312.00
348.00,257.00,383.00,257.00,383.00,312.00,348.00,312.00
335.00,259.00,369.00,259.00,369.00,313.00,335.00,313.00
322.00,260.00,356.00,260.00,356.00,314.00,322.00,314.00
310.00,260.00,344.00,260.00,344.00,313.00,310.00,313.00
300.00,259.00,332.00,259.00,332.00,314.00,300.00,314.00
291.00,262.00,325.00,262.00,325.00,319.00,291.00,319.00
285.00,265.00,316.00,265.00,316.00,325.00,285.00,325.00
283.00,267.00,313.00,267.00,313.00,328.00,283.00,328.00
278.00,272.00,311.00,272.00,311.00,332.00,278.00,332.00
271.00,274.00,307.00,274.00,307.00,335.00,271.00,335.00
266.00,277.00,300.00,277.00,300.00,336.00,266.00,336.00
262.00,280.00,298.00,280.00,298.00,337.00,262.00,337.00
255.00,282.00,293.00,282.00,293.00,341.00,255.00,341.00
248.00,285.00,284.00,285.00,284.00,341.00,248.00,341.00
236.00,287.00,273.00,287.00,273.00,342.00,236.00,342.00
228.00,292.00,265.00,292.00,265.00,348.00,228.00,348.00
210.00,295.00,247.00,295.00,247.00,352.00,210.00,352.00
205.00,296.00,241.00,296.00,241.00,351.00,205.00,351.00
193.00,296.00,229.00,296.00,229.00,350.00,193.00,350.00
184.00,299.00,219.00,299.00,219.00,355.00,184.00,355.00
173.00,299.00,207.00,299.00,207.00,357.00,173.00,357.00
165.00,296.00,198.00,296.00,198.00,353.00,165.00,353.00
163.00,294.00,191.00,294.00,191.00,349.00,163.00,349.00
171.00,300.00,199.00,300.00,199.00,359.00,171.00,359.00
173.00,301.00,203.00,301.00,203.00,358.00,173.00,358.00
165.00,289.00,199.00,289.00,199.00,355.00,165.00,355.00
165.00,302.00,199.00,302.00,199.00,369.00,165.00,369.00
161.00,334.00,195.00,334.00,195.00,392.00,161.00,392.00
166.00,329.00,196.00,329.00,196.00,389.00,166.00,389.00
169.00,328.00,198.00,328.00,198.00,390.00,169.00,390.00
171.00,329.00,200.00,329.00,200.00,393.00,171.00,393.00
171.00,327.00,203.00,327.00,203.00,397.00,171.00,397.00
167.00,333.00,200.00,333.00,200.00,401.00,167.00,401.00
161.00,340.00,194.00,340.00,194.00,409.00,161.00,409.00
165.00,325.00,198.00,325.00,198.00,394.00,165.00,394.00
161.00,322.00,192.00,322.00,192.00,386.00,161.00,386.00
167.00,329.00,198.00,329.00,198.00,393.00,167.00,393.00
169.00,325.00,202.00,325.00,202.00,392.00,169.00,392.00
167.00,319.00,200.00,319.00,200.00,386.00,167.00,386.00
164.00,308.00,197.00,308.00,197.00,375.00,164.00,375.00
167.00,276.00,200.00,276.00,200.00,344.00,167.00,344.00
187.00,267.00,220.00,267.00,220.00,335.00,187.00,335.00
232.00,305.00,265.00,305.00,265.00,373.00,232.00,373.00
260.00,294.00,292.00,294.00,292.00,356.00,260.00,356.00
268.00,294.00,299.00,294.00,299.00,353.00,268.00,353.00
275.00,300.00,306.00,300.00,306.00,358.00,275.00,358.00
279.00,299.00,309.00,299.00,309.00,358.00,279.00,358.00
282.00,306.00,316.00,306.00,316.00,367.00,282.00,367.00
290.00,299.00,323.00,299.00,323.00,359.00,290.00,359.00
296.00,301.00,330.00,301.00,330.00,362.00,296.00,362.00
303.00,296.00,333.00,296.00,333.00,354.00,303.00,354.00
306.00,296.00,337.00,296.00,337.00,353.00,306.00,353.00
308.00,297.00,341.00,297.00,341.00,351.00,308.00,351.00
313.00,297.00,348.00,297.00,348.00,353.00,313.00,353.00
320.00,295.00,353.00,295.00,353.00,347.00,320.00,347.00
329.00,295.00,361.00,295.00,361.00,348.00,329.00,348.00
334.00,294.00,367.00,294.00,367.00,349.00,334.00,349.00
343.00,296.00,375.00,296.00,375.00,350.00,343.00,350.00
349.00,295.00,380.00,295.00,380.00,346.00,349.00,346.00
354.00,295.00,383.00,295.00,383.00,346.00,354.00,346.00
360.00,297.00,389.00,297.00,389.00,348.00,360.00,348.00
366.00,298.00,392.00,298.00,392.00,349.00,366.00,349.00
369.00,297.00,396.00,297.00,396.00,350.00,369.00,350.00
373.00,299.00,400.00,299.00,400.00,353.00,373.00,353.00
376.00,300.00,402.00,300.00,402.00,352.00,376.00,352.00
378.00,299.00,404.00,299.00,404.00,350.00,378.00,350.00
373.00,301.00,400.00,301.00,400.00,350.00,373.00,350.00
373.00,296.00,400.00,296.00,400.00,342.00,373.00,342.00
390.00,289.00,421.00,289.00,421.00,347.00,390.00,347.00
397.00,282.00,428.00,282.00,428.00,341.00,397.00,341.00
402.00,282.00,434.00,282.00,434.00,342.00,402.00,342.00
411.00,280.00,443.00,280.00,443.00,340.00,411.00,340.00
429.00,280.00,461.00,280.00,461.00,341.00,429.00,341.00
433.00,282.00,464.00,282.00,464.00,342.00,433.00,342.00
433.00,278.00,464.00,278.00,464.00,337.00,433.00,337.00
434.00,276.00,464.00,276.00,464.00,333.00,434.00,333.00
436.00,281.00,466.00,281.00,466.00,337.00,436.00,337.00
439.00,275.00,469.00,275.00,469.00,331.00,439.00,331.00
436.00,305.00,466.00,305.00,466.00,361.00,436.00,361.00
463.00,314.00,493.00,314.00,493.00,370.00,463.00,370.00
486.00,323.00,512.00,323.00,512.00,373.00,486.00,373.00
486.00,321.00,509.00,321.00,509.00,370.00,486.00,370.00
482.00,324.00,512.00,324.00,512.00,380.00,482.00,380.00
479.00,328.00,510.00,328.00,510.00,385.00,479.00,385.00
477.00,342.00,508.00,342.00,508.00,399.00,477.00,399.00
476.00,349.00,507.00,349.00,507.00,406.00,476.00,406.00
475.00,350.00,506.00,350.00,506.00,406.00,475.00,406.00
470.00,334.00,501.00,334.00,501.00,390.00,470.00,390.00
489.00,320.00,520.00,320.00,520.00,377.00,489.00,377.00
517.00,324.00,548.00,324.00,548.00,381.00,517.00,381.00
508.00,323.00,539.00,323.00,539.00,380.00,508.00,380.00
492.00,324.00,523.00,324.00,523.00,375.00,492.00,375.00
487.00,327.00,517.00,327.00,517.00,375.00,487.00,375.00
485.00,329.00,517.00,329.00,517.00,378.00,485.00,378.00
484.00,323.00,517.00,323.00,517.00,373.00,484.00,373.00
482.00,318.00,514.00,318.00,514.00,378.00,482.00,378.00
483.00,326.00,515.00,326.00,515.00,386.00,483.00,386.00
481.00,326.00,513.00,326.00,513.00,386.00,481.00,386.00
477.00,323.00,510.00,323.00,510.00,385.00,477.00,385.00
475.00,320.00,508.00,320.00,508.00,382.00,475.00,382.00
473.00,323.00,506.00,323.00,506.00,385.00,473.00,385.00
471.00,322.00,504.00,322.00,504.00,377.00,471.00,377.00
467.00,319.00,501.00,319.00,501.00,375.00,467.00,375.00
461.00,322.00,494.00,322.00,494.00,374.00,461.00,374.00
455.00,323.00,490.00,323.00,490.00,377.00,455.00,377.00
448.00,327.00,484.00,327.00,484.00,381.00,448.00,381.00
438.00,327.00,475.00,327.00,475.00,380.00,438.00,380.00
427.00,325.00,464.00,325.00,464.00,379.00,427.00,379.00
412.00,326.00,450.00,326.00,450.00,380.00,412.00,380.00
400.00,327.00,438.00,327.00,438.00,379.00,400.00,379.00
390.00,322.00,425.00,322.00,425.00,386.00,390.00,386.00
378.00,331.00,416.00,331.00,416.00,383.00,378.00,383.00
368.00,328.00,401.00,328.00,401.00,379.00,368.00,379.00
360.00,331.00,393.00,331.00,393.00,383.00,360.00,383.00
351.00,331.00,384.00,331.00,384.00,385.00,351.00,385.00
343.00,325.00,377.00,325.00,377.00,389.00,343.00,389.00
346.00,308.00,381.00,308.00,381.00,373.00,346.00,373.00
337.00,318.00,372.00,318.00,372.00,383.00,337.00,383.00
329.00,321.00,362.00,321.00,362.00,376.00,329.00,376.00
317.00,322.00,353.00,322.00,353.00,378.00,317.00,378.00
309.00,318.00,344.00,318.00,344.00,374.00,309.00,374.00
307.00,318.00,339.00,318.00,339.00,373.00,307.00,373.00
306.00,319.00,336.00,319.00,336.00,376.00,306.00,376.00
301.00,321.00,332.00,321.00,332.00,379.00,301.00,379.00
296.00,320.00,327.00,320.00,327.00,380.00,296.00,380.00
290.00,317.00,321.00,317.00,321.00,377.00,290.00,377.00
286.00,321.00,317.00,321.00,317.00,379.00,286.00,379.00
283.00,320.00,316.00,320.00,316.00,376.00,283.00,376.00
289.00,320.00,323.00,320.00,323.00,379.00,289.00,379.00
297.00,322.00,330.00,322.00,330.00,381.00,297.00,381.00
303.00,318.00,334.00,318.00,334.00,380.00,303.00,380.00
308.00,320.00,338.00,320.00,338.00,382.00,308.00,382.00
313.00,325.00,341.00,325.00,341.00,389.00,313.00,389.00
313.00,324.00,339.00,324.00,339.00,388.00,313.00,388.00
313.00,319.00,340.00,319.00,340.00,387.00,313.00,387.00
314.00,322.00,341.00,322.00,341.00,383.00,314.00,383.00
305.00,315.00,343.00,315.00,343.00,385.00,305.00,385.00
313.00,336.00,344.00,336.00,344.00,403.00,313.00,403.00
309.00,329.00,343.00,329.00,343.00,397.00,309.00,397.00
303.00,337.00,337.00,337.00,337.00,404.00,303.00,404.00
300.00,335.00,332.00,335.00,332.00,402.00,300.00,402.00
296.00,337.00,326.00,337.00,326.00,399.00,296.00,399.00
291.00,329.00,321.00,329.00,321.00,393.00,291.00,393.00
292.00,313.00,321.00,313.00,321.00,385.00,292.00,385.00
289.00,328.00,320.00,328.00,320.00,390.00,289.00,390.00
297.00,308.00,326.00,308.00,326.00,382.00,297.00,382.00
300.00,303.00,330.00,303.00,330.00,382.00,300.00,382.00
285.00,330.00,322.00,330.00,322.00,398.00,285.00,398.00
292.00,340.00,323.00,340.00,323.00,397.00,292.00,397.00
287.00,340.00,320.00,340.00,320.00,403.00,287.00,403.00
285.00,324.00,323.00,324.00,323.00,393.00,285.00,393.00
