1
294.00,74.00,352.00,74.00,352.00,298.00,294.00,298.00
294.00,74.00,352.00,74.00,352.00,300.00,294.00,300.00
290.00,75.00,349.00,75.00,349.00,298.00,290.00,298.00
286.00,81.00,345.00,81.00,345.00,299.00,286.00,299.00
286.00,82.00,345.00,82.00,345.00,299.00,286.00,299.00
284.00,84.00,345.00,84.00,345.00,302.00,284.00,302.00
279.00,85.00,339.00,85.00,339.00,300.00,279.00,300.00
280.00,84.00,340.00,84.00,340.00,298.00,280.00,298.00
276.00,82.00,338.00,82.00,338.00,302.00,276.00,302.00
271.00,79.00,331.00,79.00,331.00,298.00,271.00,298.00
273.00,79.00,333.00,79.00,333.00,297.00,273.00,297.00
268.00,78.00,330.00,78.00,330.00,299.00,268.00,299.00
266.00,84.00,325.00,84.00,325.00,298.00,266.00,298.00
267.00,84.00,326.00,84.00,326.00,296.00,267.00,296.00
265.00,89.00,327.00,89.00,327.00,304.00,265.00,304.00
283.00,90.00,338.00,90.00,338.00,294.00,283.00,294.00
281.00,89.00,337.00,89.00,337.00,294.00,281.00,294.00
281.00,92.00,337.00,92.00,337.00,295.00,281.00,295.00
281.00,92.00,337.00,92.00,337.00,294.00,281.00,294.00
285.00,93.00,342.00,93.00,342.00,295.00,285.00,295.00
285.00,91.00,341.00,91.00,341.00,292.00,285.00,292.00
287.00,93.00,344.00,93.00,344.00,295.00,287.00,295.00
266.00,104.00,331.00,104.00,331.00,313.00,266.00,313.00
259.00,105.00,325.00,105.00,325.00,316.00,259.00,316.00
243.00,106.00,312.00,106.00,312.00,317.00,243.00,317.00
249.00,107.00,317.00,107.00,317.00,315.00,249.00,315.00
252.00,106.00,318.00,106.00,318.00,314.00,252.00,314.00
247.00,100.00,314.00,100.00,314.00,314.00,247.00,314.00
250.00,96.00,318.00,96.00,318.00,304.00,250.00,304.00
249.00,97.00,317.00,97.00,317.00,305.00,249.00,305.00
252.00,100.00,318.00,100.00,318.00,302.00,252.00,302.00
258.00,91.00,318.00,91.00,318.00,312.00,258.00,312.00
258.00,105.00,318.00,105.00,318.00,324.00,258.00,324.00
260.00,95.00,319.00,95.00,319.00,310.00,260.00,310.00
285.00,85.00,344.00,85.00,344.00,302.00,285.00,302.00
302.00,81.00,362.00,81.00,362.00,271.00,302.00,271.00
301.00,80.00,363.00,80.00,363.00,266.00,301.00,266.00
309.00,77.00,370.00,77.00,370.00,260.00,309.00,260.00
308.00,81.00,371.00,81.00,371.00,272.00,308.00,272.00
299.00,91.00,366.00,91.00,366.00,289.00,299.00,289.00
293.00,103.00,360.00,103.00,360.00,300.00,293.00,300.00
297.00,97.00,366.00,97.00,366.00,297.00,297.00,297.00
295.00,104.00,365.00,104.00,365.00,300.00,295.00,300.00
309.00,93.00,378.00,93.00,378.00,289.00,309.00,289.00
320.00,83.00,387.00,83.00,387.00,280.00,320.00,280.00
329.00,70.00,394.00,70.00,394.00,272.00,329.00,272.00
299.00,103.00,363.00,103.00,363.00,296.00,299.00,296.00
289.00,101.00,353.00,101.00,353.00,296.00,289.00,296.00
298.00,95.00,363.00,95.00,363.00,294.00,298.00,294.00
296.00,87.00,363.00,87.00,363.00,285.00,296.00,285.00
296.00,88.00,361.00,88.00,361.00,282.00,296.00,282.00
302.00,81.00,367.00,81.00,367.00,276.00,302.00,276.00
293.00,90.00,357.00,90.00,357.00,282.00,293.00,282.00
294.00,84.00,357.00,84.00,357.00,275.00,294.00,275.00
287.00,86.00,354.00,86.00,354.00,281.00,287.00,281.00
283.00,95.00,354.00,95.00,354.00,289.00,283.00,289.00
284.00,94.00,355.00,94.00,355.00,287.00,284.00,287.00
281.00,99.00,351.00,99.00,351.00,295.00,281.00,295.00
308.00,89.00,375.00,89.00,375.00,284.00,308.00,284.00
301.00,94.00,366.00,94.00,366.00,286.00,301.00,286.00
316.00,92.00,379.00,92.00,379.00,286.00,316.00,286.00
320.00,93.00,382.00,93.00,382.00,289.00,320.00,289.00
317.00,90.00,377.00,90.00,377.00,286.00,317.00,286.00
325.00,95.00,389.00,95.00,389.00,286.00,325.00,286.00
336.00,94.00,394.00,94.00,394.00,282.00,336.00,282.00
338.00,94.00,395.00,94.00,395.00,281.00,338.00,281.00
334.00,96.00,393.00,96.00,393.00,286.00,334.00,286.00
330.00,94.00,387.00,94.00,387.00,280.00,330.00,280.00
332.00,88.00,390.00,88.00,390.00,277.00,332.00,277.00
329.00,92.00,386.00,92.00,386.00,282.00,329.00,282.00
322.00,90.00,379.00,90.00,379.00,281.00,322.00,281.00
321.00,89.00,379.00,89.00,379.00,283.00,321.00,283.00
317.00,89.00,376.00,89.00,376.00,282.00,317.00,282.00
309.00,89.00,370.00,89.00,370.00,284.00,309.00,284.00
311.00,92.00,370.00,92.00,370.00,283.00,311.00,283.00
308.00,88.00,368.00,88.00,368.00,282.00,308.00,282.00
307.00,94.00,369.00,94.00,369.00,289.00,307.00,289.00
309.00,92.00,370.00,92.00,370.00,287.00,309.00,287.00
306.00,89.00,368.00,89.00,368.00,288.00,306.00,288.00
304.00,89.00,368.00,89.00,368.00,296.00,304.00,296.00
302.00,90.00,366.00,90.00,366.00,297.00,302.00,297.00
301.00,92.00,364.00,92.00,364.00,295.00,301.00,295.00
301.00,100.00,362.00,100.00,362.00,297.00,301.00,297.00
301.00,96.00,363.00,96.00,363.00,296.00,301.00,296.00
302.00,97.00,364.00,97.00,364.00,298.00,302.00,298.00
298.00,94.00,361.00,94.00,361.00,292.00,298.00,292.00
298.00,95.00,362.00,95.00,362.00,292.00,298.00,292.00
297.00,94.00,363.00,94.00,363.00,288.00,297.00,288.00
304.00,86.00,367.00,86.00,367.00,280.00,304.00,280.00
304.00,89.00,367.00,89.00,367.00,282.00,304.00,282.00
306.00,86.00,370.00,86.00,370.00,282.00,306.00,282.00
308.00,79.00,369.00,79.00,369.00,274.00,308.00,274.00
320.00,77.00,378.00,77.00,378.00,268.00,320.00,268.00
320.00,79.00,379.00,79.00,379.00,274.00,320.00,274.00
354.00,69.00,413.00,69.00,413.00,265.00,354.00,265.00
349.00,78.00,408.00,78.00,408.00,269.00,349.00,269.00
340.00,82.00,401.00,82.00,401.00,271.00,340.00,271.00
330.00,75.00,395.00,75.00,395.00,267.00,330.00,267.00
336.00,66.00,399.00,66.00,399.00,264.00,336.00,264.00
336.00,60.00,400.00,60.00,400.00,261.00,336.00,261.00
311.00,62.00,380.00,62.00,380.00,272.00,311.00,272.00
315.00,63.00,383.00,63.00,383.00,271.00,315.00,271.00
305.00,58.00,375.00,58.00,375.00,274.00,305.00,274.00
284.00,51.00,353.00,51.00,353.00,258.00,284.00,258.00
282.00,50.00,353.00,50.00,353.00,261.00,282.00,261.00
282.00,53.00,349.00,53.00,349.00,257.00,282.00,257.00
278.00,63.00,342.00,63.00,342.00,266.00,278.00,266.00
279.00,60.00,346.00,60.00,346.00,265.00,279.00,265.00
283.00,66.00,347.00,66.00,347.00,273.00,283.00,273.00
276.00,69.00,338.00,69.00,338.00,270.00,276.00,270.00
278.00,72.00,340.00,72.00,340.00,275.00,278.00,275.00
281.00,73.00,347.00,73.00,347.00,277.00,281.00,277.00
281.00,70.00,349.00,70.00,349.00,274.00,281.00,274.00
280.00,70.00,348.00,70.00,348.00,275.00,280.00,275.00
281.00,76.00,352.00,76.00,352.00,277.00,281.00,277.00
271.00,75.00,340.00,75.00,340.00,274.00,271.00,274.00
272.00,79.00,342.00,79.00,342.00,279.00,272.00,279.00
268.00,76.00,338.00,76.00,338.00,280.00,268.00,280.00
261.00,77.00,331.00,77.00,331.00,292.00,261.00,292.00
263.00,75.00,333.00,75.00,333.00,293.00,263.00,293.00
268.00,72.00,336.00,72.00,336.00,287.00,268.00,287.00
281.00,64.00,349.00,64.00,349.00,265.00,281.00,265.00
286.00,67.00,354.00,67.00,354.00,265.00,286.00,265.00
276.00,57.00,346.00,57.00,346.00,264.00,276.00,264.00
293.00,61.00,358.00,61.00,358.00,273.00,293.00,273.00
296.00,63.00,361.00,63.00,361.00,279.00,296.00,279.00
304.00,64.00,374.00,64.00,374.00,280.00,304.00,280.00
317.00,58.00,385.00,58.00,385.00,272.00,317.00,272.00
318.00,60.00,386.00,60.00,386.00,274.00,318.00,274.00
324.00,69.00,393.00,69.00,393.00,278.00,324.00,278.00
333.00,77.00,399.00,77.00,399.00,289.00,333.00,289.00
335.00,77.00,400.00,77.00,400.00,286.00,335.00,286.00
314.00,59.00,376.00,59.00,376.00,275.00,314.00,275.00
306.00,69.00,366.00,69.00,366.00,281.00,306.00,281.00
308.00,64.00,370.00,64.00,370.00,280.00,308.00,280.00
306.00,72.00,370.00,72.00,370.00,285.00,306.00,285.00
301.00,82.00,366.00,82.00,366.00,288.00,301.00,288.00
296.00,88.00,361.00,88.00,361.00,291.00,296.00,291.00
297.00,85.00,364.00,85.00,364.00,288.00,297.00,288.00
296.00,95.00,364.00,95.00,364.00,290.00,296.00,290.00
294.00,92.00,362.00,92.00,362.00,286.00,294.00,286.00
297.00,92.00,364.00,92.00,364.00,284.00,297.00,284.00
305.00,89.00,375.00,89.00,375.00,281.00,305.00,281.00
304.00,90.00,371.00,90.00,371.00,280.00,304.00,280.00
310.00,97.00,377.00,97.00,377.00,285.00,310.00,285.00
312.00,92.00,378.00,92.00,378.00,277.00,312.00,277.00
318.00,92.00,385.00,92.00,385.00,280.00,318.00,280.00
313.00,90.00,379.00,90.00,379.00,274.00,313.00,274.00
329.00,98.00,399.00,98.00,399.00,288.00,329.00,288.00
327.00,99.00,394.00,99.00,394.00,282.00,327.00,282.00
336.00,113.00,403.00,113.00,403.00,299.00,336.00,299.00
311.00,90.00,373.00,90.00,373.00,273.00,311.00,273.00
314.00,92.00,376.00,92.00,376.00,275.00,314.00,275.00
285.00,73.00,342.00,73.00,342.00,252.00,285.00,252.00
308.00,87.00,365.00,87.00,365.00,272.00,308.00,272.00
306.00,85.00,362.00,85.00,362.00,270.00,306.00,270.00
306.00,85.00,362.00,85.00,362.00,269.00,306.00,269.00
309.00,108.00,366.00,108.00,366.00,294.00,309.00,294.00
312.00,112.00,369.00,112.00,369.00,295.00,312.00,295.00
310.00,117.00,366.00,117.00,366.00,299.00,310.00,299.00
304.00,105.00,358.00,105.00,358.00,283.00,304.00,283.00
297.00,97.00,353.00,97.00,353.00,274.00,297.00,274.00
277.00,83.00,339.00,83.00,339.00,257.00,277.00,257.00
271.00,76.00,335.00,76.00,335.00,247.00,271.00,247.00
272.00,80.00,336.00,80.00,336.00,255.00,272.00,255.00
279.00,86.00,343.00,86.00,343.00,268.00,279.00,268.00
281.00,70.00,340.00,70.00,340.00,260.00,281.00,260.00
282.00,68.00,341.00,68.00,341.00,259.00,282.00,259.00
283.00,69.00,339.00,69.00,339.00,265.00,283.00,265.00
286.00,72.00,344.00,72.00,344.00,270.00,286.00,270.00
289.00,74.00,347.00,74.00,347.00,275.00,289.00,275.00
290.00,82.00,349.00,82.00,349.00,279.00,290.00,279.00
292.00,71.00,352.00,71.00,352.00,266.00,292.00,266.00
290.00,68.00,351.00,68.00,351.00,263.00,290.00,263.00
294.00,69.00,355.00,69.00,355.00,265.00,294.00,265.00
297.00,67.00,360.00,67.00,360.00,262.00,297.00,262.00
296.00,60.00,359.00,60.00,359.00,254.00,296.00,254.00
302.00,65.00,364.00,65.00,364.00,258.00,302.00,258.00
310.00,68.00,373.00,68.00,373.00,261.00,310.00,261.00
307.00,61.00,369.00,61.00,369.00,252.00,307.00,252.00
312.00,68.00,375.00,68.00,375.00,265.00,312.00,265.00
313.00,60.00,371.00,60.00,371.00,256.00,313.00,256.00
314.00,58.00,372.00,58.00,372.00,253.00,314.00,253.00
314.00,54.00,371.00,54.00,371.00,245.00,314.00,245.00
295.00,60.00,354.00,60.00,354.00,251.00,295.00,251.00
277.00,59.00,336.00,59.00,336.00,249.00,277.00,249.00
266.00,65.00,328.00,65.00,328.00,256.00,266.00,256.00
275.00,71.00,332.00,71.00,332.00,257.00,275.00,257.00
278.00,68.00,334.00,68.00,334.00,255.00,278.00,255.00
276.00,71.00,335.00,71.00,335.00,261.00,276.00,261.00
276.00,79.00,338.00,79.00,338.00,278.00,276.00,278.00
276.00,81.00,338.00,81.00,338.00,279.00,276.00,279.00
275.00,83.00,342.00,83.00,342.00,285.00,275.00,285.00
276.00,97.00,344.00,97.00,344.00,287.00,276.00,287.00
274.00,97.00,342.00,97.00,342.00,288.00,274.00,288.00
279.00,97.00,346.00,97.00,346.00,290.00,279.00,290.00
286.00,101.00,350.00,101.00,350.00,293.00,286.00,293.00
284.00,102.00,348.00,102.00,348.00,292.00,284.00,292.00
285.00,101.00,349.00,101.00,349.00,295.00,285.00,295.00
292.00,97.00,355.00,97.00,355.00,301.00,292.00,301.00
292.00,98.00,354.00,98.00,354.00,300.00,292.00,300.00
290.00,94.00,355.00,94.00,355.00,301.00,290.00,301.00
297.00,83.00,360.00,83.00,360.00,298.00,297.00,298.00
296.00,85.00,359.00,85.00,359.00,300.00,296.00,300.00
296.00,68.00,358.00,68.00,358.00,284.00,296.00,284.00
300.00,59.00,363.00,59.00,363.00,267.00,300.00,267.00
302.00,54.00,364.00,54.00,364.00,262.00,302.00,262.00
286.00,57.00,354.00,57.00,354.00,268.00,286.00,268.00
306.00,59.00,366.00,59.00,366.00,257.00,306.00,257.00
306.00,58.00,366.00,58.00,366.00,255.00,306.00,255.00
307.00,53.00,367.00,53.00,367.00,244.00,307.00,244.00
309.00,51.00,370.00,51.00,370.00,236.00,309.00,236.00
308.00,53.00,370.00,53.00,370.00,242.00,308.00,242.00
306.00,51.00,368.00,51.00,368.00,239.00,306.00,239.00
304.00,40.00,373.00,40.00,373.00,242.00,304.00,242.00
303.00,41.00,373.00,41.00,373.00,240.00,303.00,240.00
304.00,46.00,371.00,46.00,371.00,248.00,304.00,248.00
292.00,48.00,360.00,48.00,360.00,249.00,292.00,249.00
293.00,42.00,361.00,42.00,361.00,244.00,293.00,244.00
299.00,35.00,370.00,35.00,370.00,240.00,299.00,240.00
299.00,34.00,367.00,34.00,367.00,238.00,299.00,238.00
300.00,36.00,368.00,36.00,368.00,240.00,300.00,240.00
291.00,42.00,363.00,42.00,363.00,249.00,291.00,249.00
291.00,44.00,365.00,44.00,365.00,246.00,291.00,246.00
294.00,44.00,368.00,44.00,368.00,249.00,294.00,249.00
290.00,48.00,368.00,48.00,368.00,263.00,290.00,263.00
295.00,56.00,371.00,56.00,371.00,274.00,295.00,274.00
293.00,55.00,368.00,55.00,368.00,272.00,293.00,272.00
297.00,54.00,377.00,54.00,377.00,279.00,297.00,279.00
301.00,60.00,376.00,60.00,376.00,275.00,301.00,275.00
301.00,59.00,376.00,59.00,376.00,277.00,301.00,277.00
305.00,63.00,380.00,63.00,380.00,277.00,305.00,277.00
303.00,69.00,379.00,69.00,379.00,275.00,303.00,275.00
304.00,70.00,380.00,70.00,380.00,277.00,304.00,277.00
307.00,68.00,382.00,68.00,382.00,278.00,307.00,278.00
309.00,61.00,379.00,61.00,379.00,278.00,309.00,278.00
310.00,64.00,381.00,64.00,381.00,280.00,310.00,280.00
310.00,60.00,381.00,60.00,381.00,280.00,310.00,280.00
311.00,66.00,380.00,66.00,380.00,287.00,311.00,287.00
309.00,66.00,376.00,66.00,376.00,281.00,309.00,281.00
313.00,54.00,383.00,54.00,383.00,279.00,313.00,279.00
315.00,47.00,383.00,47.00,383.00,271.00,315.00,271.00
316.00,40.00,385.00,40.00,385.00,260.00,316.00,260.00
314.00,54.00,383.00,54.00,383.00,273.00,314.00,273.00
314.00,42.00,387.00,42.00,387.00,262.00,314.00,262.00
316.00,42.00,388.00,42.00,388.00,262.00,316.00,262.00
318.00,48.00,392.00,48.00,392.00,261.00,318.00,261.00
319.00,40.00,393.00,40.00,393.00,255.00,319.00,255.00
315.00,37.00,390.00,37.00,390.00,254.00,315.00,254.00
325.00,42.00,400.00,42.00,400.00,256.00,325.00,256.00
329.00,47.00,400.00,47.00,400.00,259.00,329.00,259.00
327.00,47.00,398.00,47.00,398.00,257.00,327.00,257.00
327.00,53.00,396.00,53.00,396.00,263.00,327.00,263.00
327.00,45.00,397.00,45.00,397.00,265.00,327.00,265.00
327.00,41.00,399.00,41.00,399.00,264.00,327.00,264.00
325.00,48.00,397.00,48.00,397.00,263.00,325.00,263.00
324.00,47.00,393.00,47.00,393.00,266.00,324.00,266.00
324.00,41.00,396.00,41.00,396.00,262.00,324.00,262.00
328.00,35.00,403.00,35.00,403.00,259.00,328.00,259.00
329.00,41.00,397.00,41.00,397.00,255.00,329.00,255.00
329.00,39.00,397.00,39.00,397.00,258.00,329.00,258.00
327.00,43.00,397.00,43.00,397.00,256.00,327.00,256.00
329.00,51.00,398.00,51.00,398.00,260.00,329.00,260.00
330.00,58.00,397.00,58.00,397.00,264.00,330.00,264.00
333.00,57.00,398.00,57.00,398.00,264.00,333.00,264.00
332.00,51.00,397.00,51.00,397.00,260.00,332.00,260.00
335.00,52.00,399.00,52.00,399.00,263.00,335.00,263.00
335.00,54.00,396.00,54.00,396.00,258.00,335.00,258.00
330.00,56.00,391.00,56.00,391.00,252.00,330.00,252.00
333.00,53.00,392.00,53.00,392.00,249.00,333.00,249.00
334.00,52.00,393.00,52.00,393.00,246.00,334.00,246.00
333.00,53.00,394.00,53.00,394.00,243.00,333.00,243.00
335.00,47.00,394.00,47.00,394.00,240.00,335.00,240.00
336.00,49.00,395.00,49.00,395.00,239.00,336.00,239.00
342.00,50.00,402.00,50.00,402.00,240.00,342.00,240.00
343.00,51.00,400.00,51.00,400.00,242.00,343.00,242.00
336.00,56.00,392.00,56.00,392.00,244.00,336.00,244.00
341.00,56.00,397.00,56.00,397.00,240.00,341.00,240.00
332.00,59.00,388.00,59.00,388.00,239.00,332.00,239.00
333.00,62.00,388.00,62.00,388.00,243.00,333.00,243.00
341.00,54.00,396.00,54.00,396.00,235.00,341.00,235.00
328.00,56.00,385.00,56.00,385.00,246.00,328.00,246.00
340.00,46.00,397.00,46.00,397.00,234.00,340.00,234.00
326.00,57.00,384.00,57.00,384.00,249.00,326.00,249.00
360.00,41.00,414.00,41.00,414.00,216.00,360.00,216.00
353.00,43.00,407.00,43.00,407.00,218.00,353.00,218.00
342.00,53.00,397.00,53.00,397.00,230.00,342.00,230.00
360.00,47.00,410.00,47.00,410.00,211.00,360.00,211.00
355.00,36.00,408.00,36.00,408.00,205.00,355.00,205.00
358.00,42.00,408.00,42.00,408.00,203.00,358.00,203.00
317.00,50.00,373.00,50.00,373.00,224.00,317.00,224.00
306.00,54.00,363.00,54.00,363.00,228.00,306.00,228.00
297.00,57.00,354.00,57.00,354.00,232.00,297.00,232.00
313.00,44.00,372.00,44.00,372.00,214.00,313.00,214.00
290.00,48.00,351.00,48.00,351.00,229.00,290.00,229.00
288.00,40.00,350.00,40.00,350.00,219.00,288.00,219.00
283.00,35.00,345.00,35.00,345.00,207.00,283.00,207.00
285.00,35.00,347.00,35.00,347.00,200.00,285.00,200.00
282.00,37.00,340.00,37.00,340.00,212.00,282.00,212.00
276.00,53.00,331.00,53.00,331.00,231.00,276.00,231.00
278.00,55.00,332.00,55.00,332.00,232.00,278.00,232.00
275.00,58.00,330.00,58.00,330.00,237.00,275.00,237.00
272.00,64.00,329.00,64.00,329.00,240.00,272.00,240.00
270.00,59.00,326.00,59.00,326.00,235.00,270.00,235.00
270.00,70.00,326.00,70.00,326.00,241.00,270.00,241.00
273.00,75.00,325.00,75.00,325.00,240.00,273.00,240.00
273.00,78.00,324.00,78.00,324.00,240.00,273.00,240.00
272.00,77.00,321.00,77.00,321.00,238.00,272.00,238.00
271.00,73.00,324.00,73.00,324.00,238.00,271.00,238.00
270.00,75.00,321.00,75.00,321.00,237.00,270.00,237.00
270.00,69.00,320.00,69.00,320.00,235.00,270.00,235.00
272.00,64.00,318.00,64.00,318.00,230.00,272.00,230.00
272.00,66.00,319.00,66.00,319.00,233.00,272.00,233.00
272.00,61.00,319.00,61.00,319.00,233.00,272.00,233.00
274.00,63.00,319.00,63.00,319.00,223.00,274.00,223.00
275.00,62.00,319.00,62.00,319.00,220.00,275.00,220.00
274.00,64.00,320.00,64.00,320.00,218.00,274.00,218.00
277.00,63.00,324.00,63.00,324.00,216.00,277.00,216.00
275.00,64.00,323.00,64.00,323.00,218.00,275.00,218.00
279.00,66.00,328.00,66.00,328.00,215.00,279.00,215.00
285.00,66.00,332.00,66.00,332.00,216.00,285.00,216.00
285.00,65.00,332.00,65.00,332.00,215.00,285.00,215.00
280.00,58.00,329.00,58.00,329.00,214.00,280.00,214.00
288.00,66.00,335.00,66.00,335.00,219.00,288.00,219.00
289.00,64.00,337.00,64.00,337.00,218.00,289.00,218.00
287.00,72.00,335.00,72.00,335.00,225.00,287.00,225.00
293.00,76.00,339.00,76.00,339.00,221.00,293.00,221.00
289.00,79.00,336.00,79.00,336.00,228.00,289.00,228.00
289.00,80.00,335.00,80.00,335.00,229.00,289.00,229.00
289.00,81.00,334.00,81.00,334.00,227.00,289.00,227.00
291.00,82.00,336.00,82.00,336.00,225.00,291.00,225.00
289.00,81.00,334.00,81.00,334.00,230.00,289.00,230.00
297.00,74.00,345.00,74.00,345.00,218.00,297.00,218.00
296.00,75.00,343.00,75.00,343.00,219.00,296.00,219.00
294.00,77.00,342.00,77.00,342.00,219.00,294.00,219.00
296.00,81.00,343.00,81.00,343.00,221.00,296.00,221.00
295.00,80.00,343.00,80.00,343.00,221.00,295.00,221.00
298.00,82.00,345.00,82.00,345.00,221.00,298.00,221.00
309.00,78.00,354.00,78.00,354.00,216.00,309.00,216.00
308.00,80.00,353.00,80.00,353.00,216.00,308.00,216.00
309.00,82.00,354.00,82.00,354.00,218.00,309.00,218.00
313.00,83.00,356.00,83.00,356.00,218.00,313.00,218.00
314.00,82.00,358.00,82.00,358.00,219.00,314.00,219.00
317.00,82.00,360.00,82.00,360.00,220.00,317.00,220.00
315.00,85.00,357.00,85.00,357.00,221.00,315.00,221.00
316.00,85.00,358.00,85.00,358.00,219.00,316.00,219.00
314.00,85.00,357.00,85.00,357.00,226.00,314.00,226.00
308.00,86.00,352.00,86.00,352.00,230.00,308.00,230.00
307.00,84.00,349.00,84.00,349.00,228.00,307.00,228.00
303.00,85.00,347.00,85.00,347.00,233.00,303.00,233.00
299.00,83.00,342.00,83.00,342.00,235.00,299.00,235.00
299.00,80.00,343.00,80.00,343.00,235.00,299.00,235.00
295.00,83.00,339.00,83.00,339.00,239.00,295.00,239.00
291.00,87.00,335.00,87.00,335.00,242.00,291.00,242.00
291.00,86.00,336.00,86.00,336.00,242.00,291.00,242.00
290.00,85.00,335.00,85.00,335.00,239.00,290.00,239.00
287.00,89.00,334.00,89.00,334.00,243.00,287.00,243.00
287.00,88.00,335.00,88.00,335.00,243.00,287.00,243.00
283.00,83.00,332.00,83.00,332.00,244.00,283.00,244.00
282.00,70.00,331.00,70.00,331.00,233.00,282.00,233.00
279.00,68.00,330.00,68.00,330.00,236.00,279.00,236.00
278.00,69.00,330.00,69.00,330.00,237.00,278.00,237.00
280.00,50.00,329.00,50.00,329.00,212.00,280.00,212.00
286.00,26.00,334.00,26.00,334.00,175.00,286.00,175.00
282.00,20.00,332.00,20.00,332.00,168.00,282.00,168.00
288.00,36.00,338.00,36.00,338.00,181.00,288.00,181.00
288.00,27.00,338.00,27.00,338.00,167.00,288.00,167.00
283.00,31.00,335.00,31.00,335.00,177.00,283.00,177.00
292.00,27.00,342.00,27.00,342.00,176.00,292.00,176.00
287.00,18.00,338.00,18.00,338.00,161.00,287.00,161.00
294.00,51.00,343.00,51.00,343.00,209.00,294.00,209.00
298.00,54.00,345.00,54.00,345.00,214.00,298.00,214.00
289.00,60.00,340.00,60.00,340.00,221.00,289.00,221.00
289.00,73.00,338.00,73.00,338.00,233.00,289.00,233.00
294.00,72.00,343.00,72.00,343.00,231.00,294.00,231.00
295.00,74.00,344.00,74.00,344.00,231.00,295.00,231.00
296.00,70.00,349.00,70.00,349.00,230.00,296.00,230.00
304.00,78.00,360.00,78.00,360.00,239.00,304.00,239.00
302.00,75.00,358.00,75.00,358.00,238.00,302.00,238.00
306.00,82.00,361.00,82.00,361.00,241.00,306.00,241.00
310.00,77.00,367.00,77.00,367.00,238.00,310.00,238.00
307.00,74.00,365.00,74.00,365.00,237.00,307.00,237.00
307.00,74.00,367.00,74.00,367.00,241.00,307.00,241.00
314.00,74.00,373.00,74.00,373.00,244.00,314.00,244.00
316.00,74.00,375.00,74.00,375.00,246.00,316.00,246.00
312.00,77.00,372.00,77.00,372.00,250.00,312.00,250.00
316.00,90.00,370.00,90.00,370.00,257.00,316.00,257.00
319.00,88.00,373.00,88.00,373.00,254.00,319.00,254.00
322.00,82.00,376.00,82.00,376.00,256.00,322.00,256.00
322.00,96.00,379.00,96.00,379.00,264.00,322.00,264.00
321.00,96.00,378.00,96.00,378.00,263.00,321.00,263.00
323.00,96.00,379.00,96.00,379.00,263.00,323.00,263.00
328.00,95.00,383.00,95.00,383.00,262.00,328.00,262.00
329.00,100.00,385.00,100.00,385.00,265.00,329.00,265.00
333.00,104.00,387.00,104.00,387.00,265.00,333.00,265.00
326.00,77.00,377.00,77.00,377.00,241.00,326.00,241.00
333.00,83.00,384.00,83.00,384.00,249.00,333.00,249.00
327.00,81.00,377.00,81.00,377.00,243.00,327.00,243.00
336.00,83.00,386.00,83.00,386.00,245.00,336.00,245.00
337.00,84.00,386.00,84.00,386.00,246.00,337.00,246.00
340.00,88.00,391.00,88.00,391.00,253.00,340.00,253.00
342.00,97.00,393.00,97.00,393.00,256.00,342.00,256.00
342.00,93.00,393.00,93.00,393.00,255.00,342.00,255.00
328.00,97.00,379.00,97.00,379.00,250.00,328.00,250.00
344.00,118.00,396.00,118.00,396.00,270.00,344.00,270.00
340.00,113.00,391.00,113.00,391.00,262.00,340.00,262.00
342.00,116.00,393.00,116.00,393.00,264.00,342.00,264.00
337.00,111.00,390.00,111.00,390.00,261.00,337.00,261.00
338.00,111.00,392.00,111.00,392.00,265.00,338.00,265.00
332.00,100.00,385.00,100.00,385.00,256.00,332.00,256.00
325.00,99.00,377.00,99.00,377.00,256.00,325.00,256.00
323.00,94.00,376.00,94.00,376.00,253.00,323.00,253.00
324.00,92.00,377.00,92.00,377.00,255.00,324.00,255.00
319.00,87.00,374.00,87.00,374.00,253.00,319.00,253.00
317.00,83.00,373.00,83.00,373.00,251.00,317.00,251.00
316.00,83.00,373.00,83.00,373.00,250.00,316.00,250.00
313.00,79.00,373.00,79.00,373.00,247.00,313.00,247.00
311.00,82.00,370.00,82.00,370.00,253.00,311.00,253.00
311.00,82.00,370.00,82.00,370.00,252.00,311.00,252.00
308.00,81.00,366.00,81.00,366.00,250.00,308.00,250.00
307.00,81.00,365.00,81.00,365.00,253.00,307.00,253.00
305.00,82.00,362.00,82.00,362.00,253.00,305.00,253.00
297.00,89.00,357.00,89.00,357.00,262.00,297.00,262.00
298.00,86.00,360.00,86.00,360.00,262.00,298.00,262.00
295.00,86.00,359.00,86.00,359.00,263.00,295.00,263.00
286.00,84.00,353.00,84.00,353.00,266.00,286.00,266.00
289.00,86.00,355.00,86.00,355.00,269.00,289.00,269.00
289.00,84.00,354.00,84.00,354.00,267.00,289.00,267.00
285.00,81.00,348.00,81.00,348.00,265.00,285.00,265.00
287.00,85.00,349.00,85.00,349.00,268.00,287.00,268.00
283.00,85.00,344.00,85.00,344.00,267.00,283.00,267.00
281.00,89.00,340.00,89.00,340.00,266.00,281.00,266.00
281.00,91.00,340.00,91.00,340.00,266.00,281.00,266.00
279.00,99.00,338.00,99.00,338.00,265.00,279.00,265.00
272.00,93.00,332.00,93.00,332.00,263.00,272.00,263.00
274.00,92.00,333.00,92.00,333.00,263.00,274.00,263.00
272.00,89.00,332.00,89.00,332.00,261.00,272.00,261.00
272.00,75.00,328.00,75.00,328.00,249.00,272.00,249.00
272.00,74.00,328.00,74.00,328.00,250.00,272.00,250.00
270.00,75.00,326.00,75.00,326.00,247.00,270.00,247.00
272.00,71.00,325.00,71.00,325.00,240.00,272.00,240.00
269.00,73.00,323.00,73.00,323.00,241.00,269.00,241.00
273.00,72.00,326.00,72.00,326.00,235.00,273.00,235.00
277.00,66.00,331.00,66.00,331.00,230.00,277.00,230.00
280.00,69.00,332.00,69.00,332.00,230.00,280.00,230.00
283.00,72.00,339.00,72.00,339.00,232.00,283.00,232.00
287.00,72.00,344.00,72.00,344.00,238.00,287.00,238.00
285.00,73.00,341.00,73.00,341.00,237.00,285.00,237.00
288.00,72.00,347.00,72.00,347.00,241.00,288.00,241.00
297.00,69.00,357.00,69.00,357.00,241.00,297.00,241.00
300.00,71.00,360.00,71.00,360.00,244.00,300.00,244.00
296.00,90.00,353.00,90.00,353.00,260.00,296.00,260.00
290.00,95.00,343.00,95.00,343.00,261.00,290.00,261.00
294.00,94.00,349.00,94.00,349.00,262.00,294.00,262.00
292.00,93.00,348.00,93.00,348.00,258.00,292.00,258.00
287.00,100.00,343.00,100.00,343.00,259.00,287.00,259.00
286.00,96.00,343.00,96.00,343.00,257.00,286.00,257.00
279.00,90.00,337.00,90.00,337.00,255.00,279.00,255.00
280.00,84.00,344.00,84.00,344.00,251.00,280.00,251.00
275.00,79.00,337.00,79.00,337.00,245.00,275.00,245.00
281.00,88.00,347.00,88.00,347.00,254.00,281.00,254.00
270.00,90.00,332.00,90.00,332.00,249.00,270.00,249.00
271.00,92.00,334.00,92.00,334.00,248.00,271.00,248.00
266.00,96.00,326.00,96.00,326.00,249.00,266.00,249.00
271.00,100.00,329.00,100.00,329.00,253.00,271.00,253.00
262.00,99.00,321.00,99.00,321.00,251.00,262.00,251.00
278.00,105.00,336.00,105.00,336.00,256.00,278.00,256.00
279.00,106.00,334.00,106.00,334.00,262.00,279.00,262.00
278.00,107.00,333.00,107.00,333.00,262.00,278.00,262.00
275.00,108.00,331.00,108.00,331.00,260.00,275.00,260.00
276.00,110.00,331.00,110.00,331.00,260.00,276.00,260.00
276.00,109.00,331.00,109.00,331.00,260.00,276.00,260.00
277.00,107.00,334.00,107.00,334.00,263.00,277.00,263.00
286.00,110.00,339.00,110.00,339.00,263.00,286.00,263.00
288.00,111.00,341.00,111.00,341.00,262.00,288.00,262.00
290.00,108.00,343.00,108.00,343.00,266.00,290.00,266.00
290.00,112.00,344.00,112.00,344.00,271.00,290.00,271.00
299.00,111.00,350.00,111.00,350.00,268.00,299.00,268.00
298.00,112.00,349.00,112.00,349.00,269.00,298.00,269.00
299.00,108.00,350.00,108.00,350.00,266.00,299.00,266.00
299.00,108.00,350.00,108.00,350.00,266.00,299.00,266.00
295.00,106.00,347.00,106.00,347.00,266.00,295.00,266.00
293.00,101.00,348.00,101.00,348.00,264.00,293.00,264.00
292.00,98.00,347.00,98.00,347.00,265.00,292.00,265.00
296.00,95.00,353.00,95.00,353.00,260.00,296.00,260.00
294.00,93.00,349.00,93.00,349.00,259.00,294.00,259.00
289.00,93.00,343.00,93.00,343.00,263.00,289.00,263.00
289.00,96.00,343.00,96.00,343.00,266.00,289.00,266.00
293.00,83.00,343.00,83.00,343.00,254.00,293.00,254.00
296.00,87.00,347.00,87.00,347.00,255.00,296.00,255.00
295.00,79.00,346.00,79.00,346.00,255.00,295.00,255.00
294.00,81.00,340.00,81.00,340.00,267.00,294.00,267.00
294.00,83.00,339.00,83.00,339.00,264.00,294.00,264.00
295.00,80.00,342.00,80.00,342.00,266.00,295.00,266.00
294.00,76.00,341.00,76.00,341.00,262.00,294.00,262.00
294.00,75.00,341.00,75.00,341.00,261.00,294.00,261.00
295.00,77.00,341.00,77.00,341.00,260.00,295.00,260.00
294.00,82.00,338.00,82.00,338.00,261.00,294.00,261.00
294.00,86.00,338.00,86.00,338.00,261.00,294.00,261.00
295.00,87.00,339.00,87.00,339.00,260.00,295.00,260.00
297.00,93.00,342.00,93.00,342.00,261.00,297.00,261.00
297.00,90.00,341.00,90.00,341.00,259.00,297.00,259.00
298.00,93.00,344.00,93.00,344.00,261.00,298.00,261.00
301.00,101.00,349.00,101.00,349.00,268.00,301.00,268.00
300.00,100.00,348.00,100.00,348.00,268.00,300.00,268.00
300.00,103.00,348.00,103.00,348.00,269.00,300.00,269.00
301.00,104.00,350.00,104.00,350.00,273.00,301.00,273.00
301.00,103.00,351.00,103.00,351.00,273.00,301.00,273.00
300.00,104.00,349.00,104.00,349.00,273.00,300.00,273.00
297.00,108.00,347.00,108.00,347.00,279.00,297.00,279.00
296.00,112.00,344.00,112.00,344.00,279.00,296.00,279.00
293.00,113.00,339.00,113.00,339.00,275.00,293.00,275.00
289.00,116.00,334.00,116.00,334.00,276.00,289.00,276.00
289.00,119.00,338.00,119.00,338.00,282.00,289.00,282.00
286.00,113.00,330.00,113.00,330.00,275.00,286.00,275.00
283.00,107.00,329.00,107.00,329.00,278.00,283.00,278.00
283.00,106.00,327.00,106.00,327.00,276.00,283.00,276.00
283.00,103.00,327.00,103.00,327.00,275.00,283.00,275.00
282.00,100.00,324.00,100.00,324.00,273.00,282.00,273.00
282.00,101.00,326.00,101.00,326.00,272.00,282.00,272.00
283.00,101.00,328.00,101.00,328.00,275.00,283.00,275.00
284.00,98.00,332.00,98.00,332.00,276.00,284.00,276.00
286.00,97.00,337.00,97.00,337.00,273.00,286.00,273.00
284.00,100.00,335.00,100.00,335.00,278.00,284.00,278.00
286.00,100.00,337.00,100.00,337.00,277.00,286.00,277.00
287.00,105.00,338.00,105.00,338.00,280.00,287.00,280.00
287.00,99.00,338.00,99.00,338.00,280.00,287.00,280.00
285.00,109.00,338.00,109.00,338.00,284.00,285.00,284.00
282.00,117.00,338.00,117.00,338.00,290.00,282.00,290.00
279.00,115.00,334.00,115.00,334.00,287.00,279.00,287.00
279.00,117.00,334.00,117.00,334.00,293.00,279.00,293.00
271.00,132.00,327.00,132.00,327.00,310.00,271.00,310.00
264.00,130.00,320.00,130.00,320.00,304.00,264.00,304.00
266.00,127.00,323.00,127.00,323.00,310.00,266.00,310.00
261.00,127.00,316.00,127.00,316.00,305.00,261.00,305.00
264.00,118.00,320.00,118.00,320.00,303.00,264.00,303.00
261.00,123.00,316.00,123.00,316.00,304.00,261.00,304.00
275.00,98.00,335.00,98.00,335.00,294.00,275.00,294.00
277.00,97.00,338.00,97.00,338.00,293.00,277.00,293.00
277.00,97.00,338.00,97.00,338.00,286.00,277.00,286.00
281.00,90.00,339.00,90.00,339.00,284.00,281.00,284.00
276.00,90.00,335.00,90.00,335.00,288.00,276.00,288.00
276.00,91.00,333.00,91.00,333.00,287.00,276.00,287.00
285.00,89.00,347.00,89.00,347.00,281.00,285.00,281.00
284.00,91.00,344.00,91.00,344.00,282.00,284.00,282.00
286.00,93.00,347.00,93.00,347.00,283.00,286.00,283.00
286.00,96.00,345.00,96.00,345.00,289.00,286.00,289.00
287.00,94.00,346.00,94.00,346.00,288.00,287.00,288.00
288.00,99.00,349.00,99.00,349.00,297.00,288.00,297.00
288.00,101.00,348.00,101.00,348.00,295.00,288.00,295.00
290.00,104.00,351.00,104.00,351.00,299.00,290.00,299.00
291.00,108.00,354.00,108.00,354.00,304.00,291.00,304.00
284.00,112.00,347.00,112.00,347.00,302.00,284.00,302.00
283.00,110.00,346.00,110.00,346.00,303.00,283.00,303.00
285.00,106.00,348.00,106.00,348.00,299.00,285.00,299.00
297.00,103.00,362.00,103.00,362.00,306.00,297.00,306.00
299.00,107.00,365.00,107.00,365.00,307.00,299.00,307.00
303.00,109.00,372.00,109.00,372.00,309.00,303.00,309.00
306.00,106.00,375.00,106.00,375.00,301.00,306.00,301.00
307.00,105.00,378.00,105.00,378.00,303.00,307.00,303.00
313.00,108.00,384.00,108.00,384.00,305.00,313.00,305.00
300.00,85.00,364.00,85.00,364.00,290.00,300.00,290.00
302.00,83.00,363.00,83.00,363.00,283.00,302.00,283.00
296.00,69.00,354.00,69.00,354.00,273.00,296.00,273.00
289.00,73.00,346.00,73.00,346.00,272.00,289.00,272.00
289.00,73.00,345.00,73.00,345.00,267.00,289.00,267.00
289.00,71.00,346.00,71.00,346.00,265.00,289.00,265.00
285.00,82.00,343.00,82.00,343.00,273.00,285.00,273.00
284.00,81.00,344.00,81.00,344.00,272.00,284.00,272.00
282.00,79.00,343.00,79.00,343.00,274.00,282.00,274.00
279.00,82.00,343.00,82.00,343.00,284.00,279.00,284.00
282.00,82.00,346.00,82.00,346.00,284.00,282.00,284.00
276.00,84.00,343.00,84.00,343.00,283.00,276.00,283.00
269.00,91.00,340.00,91.00,340.00,289.00,269.00,289.00
268.00,93.00,337.00,93.00,337.00,288.00,268.00,288.00
268.00,92.00,338.00,92.00,338.00,289.00,268.00,289.00
270.00,87.00,340.00,87.00,340.00,284.00,270.00,284.00
268.00,84.00,339.00,84.00,339.00,284.00,268.00,284.00
272.00,82.00,341.00,82.00,341.00,279.00,272.00,279.00
283.00,76.00,348.00,76.00,348.00,271.00,283.00,271.00
283.00,80.00,348.00,80.00,348.00,272.00,283.00,272.00
285.00,76.00,350.00,76.00,350.00,273.00,285.00,273.00
302.00,79.00,362.00,79.00,362.00,275.00,302.00,275.00
298.00,78.00,361.00,78.00,361.00,277.00,298.00,277.00
306.00,65.00,372.00,65.00,372.00,270.00,306.00,270.00
312.00,67.00,377.00,67.00,377.00,265.00,312.00,265.00
312.00,66.00,377.00,66.00,377.00,266.00,312.00,266.00
315.00,63.00,380.00,63.00,380.00,271.00,315.00,271.00
314.00,74.00,380.00,74.00,380.00,294.00,314.00,294.00
314.00,73.00,378.00,73.00,378.00,292.00,314.00,292.00
315.00,74.00,383.00,74.00,383.00,297.00,315.00,297.00
329.00,61.00,400.00,61.00,400.00,282.00,329.00,282.00
327.00,67.00,399.00,67.00,399.00,285.00,327.00,285.00
331.00,64.00,404.00,64.00,404.00,283.00,331.00,283.00
348.00,59.00,416.00,59.00,416.00,271.00,348.00,271.00
348.00,60.00,417.00,60.00,417.00,275.00,348.00,275.00
353.00,58.00,425.00,58.00,425.00,271.00,353.00,271.00
362.00,59.00,436.00,59.00,436.00,267.00,362.00,267.00
363.00,62.00,438.00,62.00,438.00,271.00,363.00,271.00
366.00,64.00,443.00,64.00,443.00,272.00,366.00,272.00
381.00,64.00,459.00,64.00,459.00,266.00,381.00,266.00
380.00,63.00,459.00,63.00,459.00,267.00,380.00,267.00
390.00,64.00,470.00,64.00,470.00,273.00,390.00,273.00
406.00,49.00,466.00,49.00,466.00,276.00,406.00,276.00
404.00,68.00,480.00,68.00,480.00,279.00,404.00,279.00
410.00,70.00,481.00,70.00,481.00,282.00,410.00,282.00
413.00,70.00,485.00,70.00,485.00,282.00,413.00,282.00
412.00,68.00,483.00,68.00,483.00,281.00,412.00,281.00
408.00,72.00,477.00,72.00,477.00,288.00,408.00,288.00
411.00,71.00,483.00,71.00,483.00,292.00,411.00,292.00
406.00,78.00,478.00,78.00,478.00,290.00,406.00,290.00
402.00,83.00,473.00,83.00,473.00,289.00,402.00,289.00
402.00,81.00,473.00,81.00,473.00,290.00,402.00,290.00
397.00,77.00,469.00,77.00,469.00,284.00,397.00,284.00
389.00,80.00,462.00,80.00,462.00,295.00,389.00,295.00
393.00,85.00,467.00,85.00,467.00,296.00,393.00,296.00
386.00,81.00,458.00,81.00,458.00,300.00,386.00,300.00
392.00,83.00,464.00,83.00,464.00,295.00,392.00,295.00
392.00,85.00,462.00,85.00,462.00,294.00,392.00,294.00
391.00,76.00,459.00,76.00,459.00,293.00,391.00,293.00
387.00,63.00,453.00,63.00,453.00,288.00,387.00,288.00
386.00,63.00,452.00,63.00,452.00,288.00,386.00,288.00
387.00,64.00,451.00,64.00,451.00,286.00,387.00,286.00
390.00,60.00,454.00,60.00,454.00,279.00,390.00,279.00
388.00,63.00,453.00,63.00,453.00,283.00,388.00,283.00
385.00,63.00,453.00,63.00,453.00,286.00,385.00,286.00
386.00,61.00,454.00,61.00,454.00,280.00,386.00,280.00
388.00,61.00,456.00,61.00,456.00,283.00,388.00,283.00
387.00,64.00,455.00,64.00,455.00,283.00,387.00,283.00
387.00,74.00,459.00,74.00,459.00,285.00,387.00,285.00
387.00,71.00,456.00,71.00,456.00,281.00,387.00,281.00
388.00,78.00,458.00,78.00,458.00,284.00,388.00,284.00
386.00,81.00,456.00,81.00,456.00,291.00,386.00,291.00
388.00,83.00,458.00,83.00,458.00,291.00,388.00,291.00
386.00,79.00,457.00,79.00,457.00,293.00,386.00,293.00
383.00,78.00,450.00,78.00,450.00,290.00,383.00,290.00
383.00,80.00,450.00,80.00,450.00,292.00,383.00,292.00
384.00,76.00,454.00,76.00,454.00,291.00,384.00,291.00
383.00,75.00,446.00,75.00,446.00,288.00,383.00,288.00
382.00,76.00,445.00,76.00,445.00,285.00,382.00,285.00
383.00,75.00,447.00,75.00,447.00,289.00,383.00,289.00
381.00,81.00,443.00,81.00,443.00,282.00,381.00,282.00
381.00,81.00,444.00,81.00,444.00,284.00,381.00,284.00
380.00,81.00,443.00,81.00,443.00,277.00,380.00,277.00
380.00,81.00,440.00,81.00,440.00,278.00,380.00,278.00
381.00,82.00,442.00,82.00,442.00,280.00,381.00,280.00
382.00,80.00,446.00,80.00,446.00,279.00,382.00,279.00
377.00,72.00,439.00,72.00,439.00,277.00,377.00,277.00
376.00,76.00,438.00,76.00,438.00,279.00,376.00,279.00
377.00,76.00,437.00,76.00,437.00,278.00,377.00,278.00
374.00,78.00,434.00,78.00,434.00,276.00,374.00,276.00
374.00,78.00,432.00,78.00,432.00,273.00,374.00,273.00
371.00,80.00,428.00,80.00,428.00,277.00,371.00,277.00
371.00,84.00,426.00,84.00,426.00,280.00,371.00,280.00
370.00,87.00,425.00,87.00,425.00,285.00,370.00,285.00
370.00,94.00,423.00,94.00,423.00,287.00,370.00,287.00
371.00,92.00,421.00,92.00,421.00,272.00,371.00,272.00
372.00,93.00,421.00,93.00,421.00,270.00,372.00,270.00
372.00,96.00,422.00,96.00,422.00,273.00,372.00,273.00
367.00,96.00,416.00,96.00,416.00,273.00,367.00,273.00
368.00,94.00,418.00,94.00,418.00,273.00,368.00,273.00
365.00,95.00,417.00,95.00,417.00,275.00,365.00,275.00
358.00,101.00,413.00,101.00,413.00,277.00,358.00,277.00
361.00,98.00,416.00,98.00,416.00,274.00,361.00,274.00
356.00,101.00,412.00,101.00,412.00,275.00,356.00,275.00
353.00,106.00,410.00,106.00,410.00,282.00,353.00,282.00
353.00,107.00,410.00,107.00,410.00,282.00,353.00,282.00
352.00,111.00,407.00,111.00,407.00,285.00,352.00,285.00
348.00,114.00,405.00,114.00,405.00,289.00,348.00,289.00
350.00,109.00,408.00,109.00,408.00,290.00,350.00,290.00
345.00,117.00,400.00,117.00,400.00,284.00,345.00,284.00
346.00,116.00,398.00,116.00,398.00,281.00,346.00,281.00
342.00,119.00,395.00,119.00,395.00,281.00,342.00,281.00
338.00,121.00,392.00,121.00,392.00,282.00,338.00,282.00
333.00,119.00,389.00,119.00,389.00,289.00,333.00,289.00
334.00,119.00,390.00,119.00,390.00,288.00,334.00,288.00
330.00,120.00,387.00,120.00,387.00,289.00,330.00,289.00
323.00,120.00,380.00,120.00,380.00,286.00,323.00,286.00
320.00,117.00,376.00,117.00,376.00,283.00,320.00,283.00
319.00,120.00,377.00,120.00,377.00,287.00,319.00,287.00
313.00,114.00,372.00,114.00,372.00,286.00,313.00,286.00
311.00,114.00,373.00,114.00,373.00,288.00,311.00,288.00
313.00,112.00,373.00,112.00,373.00,285.00,313.00,285.00
312.00,113.00,369.00,113.00,369.00,285.00,312.00,285.00
312.00,110.00,369.00,110.00,369.00,285.00,312.00,285.00
308.00,113.00,365.00,113.00,365.00,288.00,308.00,288.00
313.00,100.00,368.00,100.00,368.00,277.00,313.00,277.00
308.00,102.00,365.00,102.00,365.00,279.00,308.00,279.00
304.00,109.00,363.00,109.00,363.00,282.00,304.00,282.00
308.00,97.00,365.00,97.00,365.00,273.00,308.00,273.00
304.00,98.00,359.00,98.00,359.00,272.00,304.00,272.00
313.00,95.00,370.00,95.00,370.00,272.00,313.00,272.00
317.00,96.00,374.00,96.00,374.00,272.00,317.00,272.00
315.00,95.00,372.00,95.00,372.00,272.00,315.00,272.00
315.00,98.00,375.00,98.00,375.00,278.00,315.00,278.00
322.00,101.00,380.00,101.00,380.00,290.00,322.00,290.00
322.00,100.00,380.00,100.00,380.00,290.00,322.00,290.00
321.00,98.00,380.00,98.00,380.00,291.00,321.00,291.00
318.00,103.00,375.00,103.00,375.00,298.00,318.00,298.00
319.00,104.00,377.00,104.00,377.00,299.00,319.00,299.00
322.00,109.00,378.00,109.00,378.00,302.00,322.00,302.00
324.00,111.00,382.00,111.00,382.00,308.00,324.00,308.00
325.00,111.00,384.00,111.00,384.00,308.00,325.00,308.00
326.00,112.00,387.00,112.00,387.00,306.00,326.00,306.00
333.00,108.00,396.00,108.00,396.00,302.00,333.00,302.00
332.00,108.00,397.00,108.00,397.00,303.00,332.00,303.00
