1
163.00,53.00,207.00,53.00,207.00,229.00,163.00,229.00
165.00,51.00,210.00,51.00,210.00,223.00,165.00,223.00
165.00,52.00,210.00,52.00,210.00,224.00,165.00,224.00
167.00,46.00,211.00,46.00,211.00,220.00,167.00,220.00
167.00,46.00,211.00,46.00,211.00,222.00,167.00,222.00
169.00,44.00,211.00,44.00,211.00,224.00,169.00,224.00
168.00,44.00,210.00,44.00,210.00,224.00,168.00,224.00
168.00,44.00,207.00,44.00,207.00,226.00,168.00,226.00
168.00,44.00,207.00,44.00,207.00,226.00,168.00,226.00
162.00,43.00,203.00,43.00,203.00,228.00,162.00,228.00
163.00,44.00,203.00,44.00,203.00,229.00,163.00,229.00
157.00,42.00,198.00,42.00,198.00,226.00,157.00,226.00
157.00,44.00,198.00,44.00,198.00,227.00,157.00,227.00
148.00,44.00,193.00,44.00,193.00,225.00,148.00,225.00
151.00,45.00,193.00,45.00,193.00,224.00,151.00,224.00
145.00,47.00,190.00,47.00,190.00,222.00,145.00,222.00
144.00,47.00,190.00,47.00,190.00,222.00,144.00,222.00
145.00,47.00,188.00,47.00,188.00,222.00,145.00,222.00
144.00,48.00,187.00,48.00,187.00,222.00,144.00,222.00
145.00,52.00,185.00,52.00,185.00,222.00,145.00,222.00
146.00,51.00,186.00,51.00,186.00,221.00,146.00,221.00
145.00,51.00,185.00,51.00,185.00,221.00,145.00,221.00
148.00,51.00,186.00,51.00,186.00,222.00,148.00,222.00
147.00,50.00,185.00,50.00,185.00,223.00,147.00,223.00
148.00,50.00,185.00,50.00,185.00,222.00,148.00,222.00
147.00,51.00,185.00,51.00,185.00,220.00,147.00,220.00
146.00,50.00,185.00,50.00,185.00,220.00,146.00,220.00
150.00,54.00,189.00,54.00,189.00,219.00,150.00,219.00
150.00,54.00,189.00,54.00,189.00,220.00,150.00,220.00
148.00,55.00,187.00,55.00,187.00,219.00,148.00,219.00
149.00,54.00,187.00,54.00,187.00,218.00,149.00,218.00
149.00,56.00,189.00,56.00,189.00,214.00,149.00,214.00
149.00,55.00,189.00,55.00,189.00,213.00,149.00,213.00
147.00,59.00,188.00,59.00,188.00,213.00,147.00,213.00
148.00,59.00,188.00,59.00,188.00,215.00,148.00,215.00
148.00,62.00,190.00,62.00,190.00,214.00,148.00,214.00
149.00,61.00,190.00,61.00,190.00,214.00,149.00,214.00
149.00,62.00,193.00,62.00,193.00,209.00,149.00,209.00
151.00,62.00,195.00,62.00,195.00,202.00,151.00,202.00
146.00,63.00,191.00,63.00,191.00,207.00,146.00,207.00
146.00,64.00,190.00,64.00,190.00,212.00,146.00,212.00
149.00,64.00,193.00,64.00,193.00,208.00,149.00,208.00
148.00,64.00,192.00,64.00,192.00,210.00,148.00,210.00
146.00,68.00,189.00,68.00,189.00,212.00,146.00,212.00
149.00,66.00,192.00,66.00,192.00,204.00,149.00,204.00
149.00,65.00,191.00,65.00,191.00,213.00,149.00,213.00
151.00,63.00,193.00,63.00,193.00,210.00,151.00,210.00
153.00,64.00,192.00,64.00,192.00,202.00,153.00,202.00
147.00,68.00,186.00,68.00,186.00,206.00,147.00,206.00
161.00,60.00,201.00,60.00,201.00,197.00,161.00,197.00
161.00,63.00,200.00,63.00,200.00,199.00,161.00,199.00
162.00,57.00,200.00,57.00,200.00,203.00,162.00,203.00
160.00,60.00,197.00,60.00,197.00,207.00,160.00,207.00
158.00,60.00,196.00,60.00,196.00,209.00,158.00,209.00
158.00,58.00,196.00,58.00,196.00,208.00,158.00,208.00
160.00,65.00,197.00,65.00,197.00,211.00,160.00,211.00
159.00,63.00,198.00,63.00,198.00,210.00,159.00,210.00
163.00,66.00,202.00,66.00,202.00,207.00,163.00,207.00
162.00,62.00,201.00,62.00,201.00,205.00,162.00,205.00
164.00,62.00,206.00,62.00,206.00,208.00,164.00,208.00
166.00,63.00,207.00,63.00,207.00,205.00,166.00,205.00
167.00,66.00,209.00,66.00,209.00,214.00,167.00,214.00
168.00,69.00,209.00,69.00,209.00,216.00,168.00,216.00
171.00,65.00,213.00,65.00,213.00,215.00,171.00,215.00
172.00,65.00,214.00,65.00,214.00,214.00,172.00,214.00
173.00,64.00,218.00,64.00,218.00,217.00,173.00,217.00
175.00,65.00,220.00,65.00,220.00,214.00,175.00,214.00
179.00,64.00,224.00,64.00,224.00,215.00,179.00,215.00
178.00,62.00,224.00,62.00,224.00,217.00,178.00,217.00
182.00,64.00,229.00,64.00,229.00,216.00,182.00,216.00
183.00,65.00,230.00,65.00,230.00,216.00,183.00,216.00
192.00,69.00,238.00,69.00,238.00,218.00,192.00,218.00
191.00,65.00,237.00,65.00,237.00,215.00,191.00,215.00
194.00,62.00,241.00,62.00,241.00,220.00,194.00,220.00
196.00,65.00,242.00,65.00,242.00,219.00,196.00,219.00
201.00,59.00,247.00,59.00,247.00,215.00,201.00,215.00
201.00,59.00,248.00,59.00,248.00,216.00,201.00,216.00
207.00,52.00,254.00,52.00,254.00,211.00,207.00,211.00
208.00,53.00,256.00,53.00,256.00,214.00,208.00,214.00
213.00,47.00,260.00,47.00,260.00,212.00,213.00,212.00
214.00,47.00,261.00,47.00,261.00,213.00,214.00,213.00
216.00,46.00,265.00,46.00,265.00,212.00,216.00,212.00
214.00,46.00,263.00,46.00,263.00,213.00,214.00,213.00
214.00,46.00,264.00,46.00,264.00,210.00,214.00,210.00
214.00,48.00,264.00,48.00,264.00,211.00,214.00,211.00
219.00,46.00,266.00,46.00,266.00,212.00,219.00,212.00
216.00,47.00,263.00,47.00,263.00,212.00,216.00,212.00
218.00,49.00,262.00,49.00,262.00,216.00,218.00,216.00
219.00,50.00,263.00,50.00,263.00,214.00,219.00,214.00
219.00,52.00,261.00,52.00,261.00,218.00,219.00,218.00
219.00,55.00,261.00,55.00,261.00,219.00,219.00,219.00
220.00,60.00,263.00,60.00,263.00,215.00,220.00,215.00
219.00,58.00,263.00,58.00,263.00,214.00,219.00,214.00
219.00,68.00,263.00,68.00,263.00,220.00,219.00,220.00
219.00,66.00,263.00,66.00,263.00,219.00,219.00,219.00
219.00,72.00,266.00,72.00,266.00,222.00,219.00,222.00
218.00,71.00,265.00,71.00,265.00,222.00,218.00,222.00
231.00,81.00,275.00,81.00,275.00,225.00,231.00,225.00
233.00,81.00,277.00,81.00,277.00,224.00,233.00,224.00
233.00,87.00,279.00,87.00,279.00,228.00,233.00,228.00
232.00,85.00,278.00,85.00,278.00,226.00,232.00,226.00
231.00,85.00,277.00,85.00,277.00,227.00,231.00,227.00
229.00,87.00,276.00,87.00,276.00,229.00,229.00,229.00
229.00,70.00,275.00,70.00,275.00,250.00,229.00,250.00
232.00,88.00,279.00,88.00,279.00,228.00,232.00,228.00
232.00,87.00,277.00,87.00,277.00,226.00,232.00,226.00
236.00,87.00,282.00,87.00,282.00,226.00,236.00,226.00
235.00,90.00,280.00,90.00,280.00,228.00,235.00,228.00
235.00,85.00,280.00,85.00,280.00,228.00,235.00,228.00
239.00,87.00,282.00,87.00,282.00,226.00,239.00,226.00
236.00,89.00,279.00,89.00,279.00,227.00,236.00,227.00
237.00,83.00,279.00,83.00,279.00,223.00,237.00,223.00
227.00,81.00,273.00,81.00,273.00,222.00,227.00,222.00
202.00,83.00,256.00,83.00,256.00,227.00,202.00,227.00
210.00,82.00,260.00,82.00,260.00,228.00,210.00,228.00
210.00,79.00,258.00,79.00,258.00,223.00,210.00,223.00
223.00,65.00,267.00,65.00,267.00,235.00,223.00,235.00
206.00,83.00,257.00,83.00,257.00,229.00,206.00,229.00
193.00,84.00,242.00,84.00,242.00,227.00,193.00,227.00
183.00,72.00,232.00,72.00,232.00,219.00,183.00,219.00
182.00,53.00,226.00,53.00,226.00,228.00,182.00,228.00
196.00,66.00,242.00,66.00,242.00,218.00,196.00,218.00
188.00,61.00,233.00,61.00,233.00,209.00,188.00,209.00
165.00,40.00,212.00,40.00,212.00,191.00,165.00,191.00
160.00,27.00,208.00,27.00,208.00,182.00,160.00,182.00
154.00,26.00,202.00,26.00,202.00,180.00,154.00,180.00
153.00,25.00,199.00,25.00,199.00,182.00,153.00,182.00
149.00,20.00,197.00,20.00,197.00,176.00,149.00,176.00
146.00,16.00,195.00,16.00,195.00,179.00,146.00,179.00
153.00,22.00,202.00,22.00,202.00,183.00,153.00,183.00
140.00,14.00,188.00,14.00,188.00,172.00,140.00,172.00
154.00,23.00,201.00,23.00,201.00,180.00,154.00,180.00
158.00,29.00,205.00,29.00,205.00,185.00,158.00,185.00
160.00,31.00,205.00,31.00,205.00,185.00,160.00,185.00
163.00,26.00,209.00,26.00,209.00,192.00,163.00,192.00
160.00,28.00,208.00,28.00,208.00,193.00,160.00,193.00
166.00,29.00,211.00,29.00,211.00,186.00,166.00,186.00
168.00,27.00,214.00,27.00,214.00,189.00,168.00,189.00
179.00,39.00,227.00,39.00,227.00,203.00,179.00,203.00
191.00,45.00,238.00,45.00,238.00,204.00,191.00,204.00
197.00,56.00,244.00,56.00,244.00,217.00,197.00,217.00
207.00,60.00,254.00,60.00,254.00,223.00,207.00,223.00
209.00,66.00,258.00,66.00,258.00,218.00,209.00,218.00
232.00,58.00,276.00,58.00,276.00,214.00,232.00,214.00
243.00,54.00,287.00,54.00,287.00,215.00,243.00,215.00
243.00,55.00,285.00,55.00,285.00,216.00,243.00,216.00
249.00,56.00,293.00,56.00,293.00,217.00,249.00,217.00
252.00,62.00,298.00,62.00,298.00,217.00,252.00,217.00
247.00,59.00,293.00,59.00,293.00,212.00,247.00,212.00
248.00,58.00,293.00,58.00,293.00,206.00,248.00,206.00
249.00,63.00,295.00,63.00,295.00,211.00,249.00,211.00
248.00,66.00,293.00,66.00,293.00,211.00,248.00,211.00
247.00,70.00,292.00,70.00,292.00,215.00,247.00,215.00
251.00,67.00,294.00,67.00,294.00,210.00,251.00,210.00
249.00,70.00,293.00,70.00,293.00,213.00,249.00,213.00
246.00,69.00,290.00,69.00,290.00,211.00,246.00,211.00
249.00,68.00,291.00,68.00,291.00,212.00,249.00,212.00
254.00,53.00,293.00,53.00,293.00,199.00,254.00,199.00
248.00,68.00,289.00,68.00,289.00,211.00,248.00,211.00
244.00,70.00,285.00,70.00,285.00,212.00,244.00,212.00
242.00,77.00,285.00,77.00,285.00,219.00,242.00,219.00
242.00,80.00,284.00,80.00,284.00,221.00,242.00,221.00
237.00,78.00,281.00,78.00,281.00,218.00,237.00,218.00
236.00,74.00,280.00,74.00,280.00,219.00,236.00,219.00
231.00,71.00,275.00,71.00,275.00,214.00,231.00,214.00
227.00,65.00,271.00,65.00,271.00,209.00,227.00,209.00
225.00,64.00,269.00,64.00,269.00,211.00,225.00,211.00
213.00,56.00,261.00,56.00,261.00,203.00,213.00,203.00
213.00,51.00,259.00,51.00,259.00,203.00,213.00,203.00
207.00,55.00,254.00,55.00,254.00,213.00,207.00,213.00
201.00,47.00,248.00,47.00,248.00,202.00,201.00,202.00
190.00,50.00,236.00,50.00,236.00,211.00,190.00,211.00
188.00,47.00,234.00,47.00,234.00,208.00,188.00,208.00
185.00,48.00,231.00,48.00,231.00,209.00,185.00,209.00
181.00,52.00,225.00,52.00,225.00,212.00,181.00,212.00
180.00,54.00,225.00,54.00,225.00,217.00,180.00,217.00
183.00,56.00,227.00,56.00,227.00,217.00,183.00,217.00
183.00,63.00,228.00,63.00,228.00,218.00,183.00,218.00
180.00,71.00,228.00,71.00,228.00,224.00,180.00,224.00
182.00,73.00,229.00,73.00,229.00,223.00,182.00,223.00
192.00,72.00,236.00,72.00,236.00,223.00,192.00,223.00
190.00,76.00,234.00,76.00,234.00,225.00,190.00,225.00
185.00,77.00,229.00,77.00,229.00,225.00,185.00,225.00
190.00,83.00,232.00,83.00,232.00,231.00,190.00,231.00
190.00,88.00,231.00,88.00,231.00,234.00,190.00,234.00
189.00,92.00,232.00,92.00,232.00,233.00,189.00,233.00
182.00,97.00,226.00,97.00,226.00,230.00,182.00,230.00
186.00,98.00,231.00,98.00,231.00,233.00,186.00,233.00
194.00,95.00,237.00,95.00,237.00,230.00,194.00,230.00
184.00,91.00,227.00,91.00,227.00,233.00,184.00,233.00
185.00,93.00,226.00,93.00,226.00,235.00,185.00,235.00
184.00,97.00,225.00,97.00,225.00,238.00,184.00,238.00
208.00,83.00,250.00,83.00,250.00,223.00,208.00,223.00
228.00,75.00,268.00,75.00,268.00,215.00,228.00,215.00
239.00,61.00,276.00,61.00,276.00,197.00,239.00,197.00
239.00,58.00,275.00,58.00,275.00,195.00,239.00,195.00
239.00,63.00,275.00,63.00,275.00,198.00,239.00,198.00
238.00,64.00,275.00,64.00,275.00,197.00,238.00,197.00
236.00,65.00,274.00,65.00,274.00,200.00,236.00,200.00
228.00,69.00,267.00,69.00,267.00,205.00,228.00,205.00
224.00,79.00,264.00,79.00,264.00,217.00,224.00,217.00
222.00,89.00,264.00,89.00,264.00,231.00,222.00,231.00
226.00,90.00,269.00,90.00,269.00,231.00,226.00,231.00
228.00,93.00,270.00,93.00,270.00,229.00,228.00,229.00
239.00,88.00,281.00,88.00,281.00,229.00,239.00,229.00
242.00,84.00,283.00,84.00,283.00,230.00,242.00,230.00
243.00,82.00,285.00,82.00,285.00,226.00,243.00,226.00
250.00,66.00,293.00,66.00,293.00,210.00,250.00,210.00
259.00,88.00,298.00,88.00,298.00,230.00,259.00,230.00
261.00,89.00,299.00,89.00,299.00,231.00,261.00,231.00
261.00,81.00,299.00,81.00,299.00,218.00,261.00,218.00
264.00,74.00,303.00,74.00,303.00,210.00,264.00,210.00
264.00,68.00,303.00,68.00,303.00,206.00,264.00,206.00
257.00,65.00,299.00,65.00,299.00,205.00,257.00,205.00
255.00,64.00,298.00,64.00,298.00,205.00,255.00,205.00
250.00,62.00,295.00,62.00,295.00,203.00,250.00,203.00
246.00,57.00,291.00,57.00,291.00,197.00,246.00,197.00
245.00,53.00,291.00,53.00,291.00,194.00,245.00,194.00
241.00,54.00,287.00,54.00,287.00,201.00,241.00,201.00
236.00,51.00,281.00,51.00,281.00,198.00,236.00,198.00
231.00,51.00,276.00,51.00,276.00,197.00,231.00,197.00
230.00,47.00,274.00,47.00,274.00,195.00,230.00,195.00
224.00,51.00,271.00,51.00,271.00,204.00,224.00,204.00
223.00,47.00,270.00,47.00,270.00,197.00,223.00,197.00
222.00,45.00,267.00,45.00,267.00,195.00,222.00,195.00
221.00,46.00,266.00,46.00,266.00,193.00,221.00,193.00
222.00,50.00,266.00,50.00,266.00,197.00,222.00,197.00
221.00,51.00,266.00,51.00,266.00,198.00,221.00,198.00
221.00,54.00,267.00,54.00,267.00,198.00,221.00,198.00
223.00,56.00,268.00,56.00,268.00,199.00,223.00,199.00
222.00,58.00,268.00,58.00,268.00,202.00,222.00,202.00
224.00,60.00,270.00,60.00,270.00,202.00,224.00,202.00
224.00,61.00,270.00,61.00,270.00,204.00,224.00,204.00
223.00,62.00,270.00,62.00,270.00,204.00,223.00,204.00
222.00,67.00,267.00,67.00,267.00,207.00,222.00,207.00
220.00,66.00,263.00,66.00,263.00,204.00,220.00,204.00
222.00,66.00,264.00,66.00,264.00,205.00,222.00,205.00
222.00,71.00,264.00,71.00,264.00,206.00,222.00,206.00
222.00,67.00,261.00,67.00,261.00,199.00,222.00,199.00
224.00,68.00,265.00,68.00,265.00,199.00,224.00,199.00
219.00,64.00,260.00,64.00,260.00,190.00,219.00,190.00
231.00,81.00,275.00,81.00,275.00,212.00,231.00,212.00
214.00,78.00,256.00,78.00,256.00,202.00,214.00,202.00
210.00,81.00,251.00,81.00,251.00,204.00,210.00,204.00
209.00,72.00,250.00,72.00,250.00,198.00,209.00,198.00
207.00,88.00,251.00,88.00,251.00,210.00,207.00,210.00
208.00,97.00,249.00,97.00,249.00,226.00,208.00,226.00
209.00,84.00,249.00,84.00,249.00,218.00,209.00,218.00
201.00,74.00,239.00,74.00,239.00,203.00,201.00,203.00
198.00,74.00,236.00,74.00,236.00,207.00,198.00,207.00
197.00,65.00,234.00,65.00,234.00,203.00,197.00,203.00
196.00,66.00,235.00,66.00,235.00,208.00,196.00,208.00
196.00,68.00,235.00,68.00,235.00,208.00,196.00,208.00
198.00,65.00,235.00,65.00,235.00,204.00,198.00,204.00
198.00,68.00,234.00,68.00,234.00,197.00,198.00,197.00
196.00,72.00,233.00,72.00,233.00,196.00,196.00,196.00
205.00,78.00,243.00,78.00,243.00,212.00,205.00,212.00
196.00,67.00,234.00,67.00,234.00,197.00,196.00,197.00
196.00,67.00,234.00,67.00,234.00,192.00,196.00,192.00
197.00,63.00,233.00,63.00,233.00,194.00,197.00,194.00
199.00,64.00,235.00,64.00,235.00,196.00,199.00,196.00
199.00,66.00,239.00,66.00,239.00,192.00,199.00,192.00
199.00,64.00,237.00,64.00,237.00,192.00,199.00,192.00
200.00,62.00,237.00,62.00,237.00,194.00,200.00,194.00
197.00,59.00,235.00,59.00,235.00,186.00,197.00,186.00
197.00,61.00,235.00,61.00,235.00,186.00,197.00,186.00
195.00,60.00,234.00,60.00,234.00,181.00,195.00,181.00
191.00,56.00,230.00,56.00,230.00,176.00,191.00,176.00
195.00,52.00,233.00,52.00,233.00,173.00,195.00,173.00
198.00,56.00,236.00,56.00,236.00,181.00,198.00,181.00
196.00,57.00,234.00,57.00,234.00,181.00,196.00,181.00
194.00,62.00,236.00,62.00,236.00,189.00,194.00,189.00
193.00,55.00,233.00,55.00,233.00,184.00,193.00,184.00
190.00,54.00,229.00,54.00,229.00,187.00,190.00,187.00
190.00,63.00,227.00,63.00,227.00,192.00,190.00,192.00
215.00,92.00,252.00,92.00,252.00,226.00,215.00,226.00
220.00,97.00,257.00,97.00,257.00,239.00,220.00,239.00
201.00,84.00,241.00,84.00,241.00,218.00,201.00,218.00
196.00,84.00,236.00,84.00,236.00,219.00,196.00,219.00
193.00,82.00,235.00,82.00,235.00,212.00,193.00,212.00
195.00,87.00,235.00,87.00,235.00,220.00,195.00,220.00
198.00,92.00,238.00,92.00,238.00,228.00,198.00,228.00
191.00,87.00,233.00,87.00,233.00,215.00,191.00,215.00
192.00,85.00,233.00,85.00,233.00,213.00,192.00,213.00
193.00,84.00,231.00,84.00,231.00,204.00,193.00,204.00
192.00,80.00,232.00,80.00,232.00,205.00,192.00,205.00
192.00,77.00,229.00,77.00,229.00,199.00,192.00,199.00
193.00,75.00,232.00,75.00,232.00,210.00,193.00,210.00
195.00,73.00,235.00,73.00,235.00,213.00,195.00,213.00
193.00,67.00,232.00,67.00,232.00,204.00,193.00,204.00
198.00,74.00,235.00,74.00,235.00,212.00,198.00,212.00
200.00,81.00,237.00,81.00,237.00,218.00,200.00,218.00
201.00,78.00,238.00,78.00,238.00,214.00,201.00,214.00
203.00,74.00,240.00,74.00,240.00,213.00,203.00,213.00
205.00,69.00,242.00,69.00,242.00,209.00,205.00,209.00
208.00,64.00,244.00,64.00,244.00,203.00,208.00,203.00
209.00,69.00,245.00,69.00,245.00,213.00,209.00,213.00
211.00,65.00,248.00,65.00,248.00,213.00,211.00,213.00
212.00,67.00,251.00,67.00,251.00,214.00,212.00,214.00
211.00,67.00,249.00,67.00,249.00,210.00,211.00,210.00
214.00,62.00,252.00,62.00,252.00,208.00,214.00,208.00
216.00,59.00,256.00,59.00,256.00,210.00,216.00,210.00
216.00,60.00,258.00,60.00,258.00,212.00,216.00,212.00
217.00,59.00,256.00,59.00,256.00,215.00,217.00,215.00
219.00,56.00,257.00,56.00,257.00,201.00,219.00,201.00
220.00,52.00,258.00,52.00,258.00,194.00,220.00,194.00
221.00,49.00,259.00,49.00,259.00,187.00,221.00,187.00
221.00,52.00,260.00,52.00,260.00,192.00,221.00,192.00
222.00,49.00,261.00,49.00,261.00,191.00,222.00,191.00
222.00,47.00,261.00,47.00,261.00,189.00,222.00,189.00
223.00,46.00,262.00,46.00,262.00,187.00,223.00,187.00
224.00,43.00,264.00,43.00,264.00,182.00,224.00,182.00
224.00,46.00,266.00,46.00,266.00,194.00,224.00,194.00
226.00,49.00,266.00,49.00,266.00,205.00,226.00,205.00
226.00,50.00,266.00,50.00,266.00,201.00,226.00,201.00
224.00,52.00,265.00,52.00,265.00,203.00,224.00,203.00
225.00,55.00,266.00,55.00,266.00,209.00,225.00,209.00
225.00,52.00,266.00,52.00,266.00,198.00,225.00,198.00
223.00,52.00,265.00,52.00,265.00,198.00,223.00,198.00
221.00,54.00,263.00,54.00,263.00,201.00,221.00,201.00
221.00,56.00,262.00,56.00,262.00,199.00,221.00,199.00
220.00,57.00,262.00,57.00,262.00,203.00,220.00,203.00
220.00,66.00,263.00,66.00,263.00,214.00,220.00,214.00
216.00,59.00,260.00,59.00,260.00,207.00,216.00,207.00
215.00,60.00,259.00,60.00,259.00,210.00,215.00,210.00
217.00,60.00,261.00,60.00,261.00,209.00,217.00,209.00
220.00,65.00,264.00,65.00,264.00,207.00,220.00,207.00
212.00,73.00,257.00,73.00,257.00,222.00,212.00,222.00
203.00,83.00,246.00,83.00,246.00,233.00,203.00,233.00
203.00,89.00,247.00,89.00,247.00,235.00,203.00,235.00
202.00,88.00,246.00,88.00,246.00,233.00,202.00,233.00
199.00,90.00,244.00,90.00,244.00,235.00,199.00,235.00
204.00,83.00,250.00,83.00,250.00,230.00,204.00,230.00
207.00,94.00,251.00,94.00,251.00,236.00,207.00,236.00
208.00,92.00,252.00,92.00,252.00,233.00,208.00,233.00
208.00,95.00,252.00,95.00,252.00,233.00,208.00,233.00
212.00,101.00,255.00,101.00,255.00,235.00,212.00,235.00
211.00,95.00,254.00,95.00,254.00,235.00,211.00,235.00
212.00,93.00,254.00,93.00,254.00,235.00,212.00,235.00
216.00,96.00,257.00,96.00,257.00,235.00,216.00,235.00
223.00,103.00,264.00,103.00,264.00,241.00,223.00,241.00
231.00,100.00,273.00,100.00,273.00,241.00,231.00,241.00
234.00,102.00,276.00,102.00,276.00,240.00,234.00,240.00
234.00,99.00,274.00,99.00,274.00,256.00,234.00,256.00
234.00,108.00,274.00,108.00,274.00,241.00,234.00,241.00
236.00,113.00,275.00,113.00,275.00,245.00,236.00,245.00
237.00,103.00,276.00,103.00,276.00,243.00,237.00,243.00
245.00,95.00,285.00,95.00,285.00,234.00,245.00,234.00
245.00,96.00,285.00,96.00,285.00,236.00,245.00,236.00
252.00,90.00,294.00,90.00,294.00,234.00,252.00,234.00
251.00,84.00,293.00,84.00,293.00,235.00,251.00,235.00
247.00,85.00,290.00,85.00,290.00,239.00,247.00,239.00
250.00,89.00,292.00,89.00,292.00,238.00,250.00,238.00
253.00,78.00,296.00,78.00,296.00,232.00,253.00,232.00
257.00,80.00,300.00,80.00,300.00,233.00,257.00,233.00
257.00,86.00,300.00,86.00,300.00,235.00,257.00,235.00
259.00,80.00,302.00,80.00,302.00,233.00,259.00,233.00
263.00,75.00,307.00,75.00,307.00,231.00,263.00,231.00
262.00,76.00,306.00,76.00,306.00,233.00,262.00,233.00
267.00,68.00,311.00,68.00,311.00,230.00,267.00,230.00
263.00,72.00,307.00,72.00,307.00,235.00,263.00,235.00
261.00,67.00,306.00,67.00,306.00,233.00,261.00,233.00
261.00,63.00,306.00,63.00,306.00,233.00,261.00,233.00
261.00,52.00,307.00,52.00,307.00,228.00,261.00,228.00
260.00,45.00,308.00,45.00,308.00,225.00,260.00,225.00
248.00,51.00,299.00,51.00,299.00,233.00,248.00,233.00
249.00,42.00,298.00,42.00,298.00,227.00,249.00,227.00
244.00,43.00,293.00,43.00,293.00,228.00,244.00,228.00
242.00,51.00,289.00,51.00,289.00,229.00,242.00,229.00
238.00,46.00,287.00,46.00,287.00,227.00,238.00,227.00
229.00,45.00,281.00,45.00,281.00,229.00,229.00,229.00
222.00,41.00,277.00,41.00,277.00,226.00,222.00,226.00
221.00,34.00,276.00,34.00,276.00,219.00,221.00,219.00
213.00,40.00,269.00,40.00,269.00,220.00,213.00,220.00
207.00,39.00,264.00,39.00,264.00,222.00,207.00,222.00
203.00,40.00,260.00,40.00,260.00,224.00,203.00,224.00
199.00,39.00,256.00,39.00,256.00,227.00,199.00,227.00
191.00,39.00,249.00,39.00,249.00,226.00,191.00,226.00
189.00,37.00,244.00,37.00,244.00,228.00,189.00,228.00
183.00,42.00,237.00,42.00,237.00,231.00,183.00,231.00
188.00,32.00,240.00,32.00,240.00,227.00,188.00,227.00
184.00,38.00,238.00,38.00,238.00,227.00,184.00,227.00
180.00,37.00,234.00,37.00,234.00,225.00,180.00,225.00
178.00,39.00,231.00,39.00,231.00,229.00,178.00,229.00
175.00,35.00,230.00,35.00,230.00,226.00,175.00,226.00
171.00,33.00,226.00,33.00,226.00,222.00,171.00,222.00
177.00,32.00,232.00,32.00,232.00,223.00,177.00,223.00
173.00,33.00,226.00,33.00,226.00,223.00,173.00,223.00
171.00,38.00,224.00,38.00,224.00,228.00,171.00,228.00
169.00,38.00,223.00,38.00,223.00,227.00,169.00,227.00
171.00,35.00,223.00,35.00,223.00,222.00,171.00,222.00
172.00,38.00,225.00,38.00,225.00,226.00,172.00,226.00
169.00,40.00,221.00,40.00,221.00,227.00,169.00,227.00
170.00,37.00,221.00,37.00,221.00,223.00,170.00,223.00
171.00,39.00,220.00,39.00,220.00,229.00,171.00,229.00
171.00,38.00,221.00,38.00,221.00,228.00,171.00,228.00
173.00,38.00,222.00,38.00,222.00,224.00,173.00,224.00
172.00,38.00,221.00,38.00,221.00,219.00,172.00,219.00
174.00,42.00,224.00,42.00,224.00,228.00,174.00,228.00
168.00,42.00,219.00,42.00,219.00,223.00,168.00,223.00
172.00,44.00,220.00,44.00,220.00,224.00,172.00,224.00
171.00,43.00,220.00,43.00,220.00,228.00,171.00,228.00
170.00,45.00,219.00,45.00,219.00,232.00,170.00,232.00
172.00,40.00,220.00,40.00,220.00,226.00,172.00,226.00
172.00,42.00,220.00,42.00,220.00,229.00,172.00,229.00
174.00,41.00,221.00,41.00,221.00,227.00,174.00,227.00
169.00,45.00,218.00,45.00,218.00,231.00,169.00,231.00
168.00,44.00,217.00,44.00,217.00,229.00,168.00,229.00
172.00,44.00,219.00,44.00,219.00,232.00,172.00,232.00
172.00,43.00,218.00,43.00,218.00,228.00,172.00,228.00
174.00,44.00,220.00,44.00,220.00,236.00,174.00,236.00
171.00,43.00,217.00,43.00,217.00,234.00,171.00,234.00
170.00,46.00,216.00,46.00,216.00,237.00,170.00,237.00
165.00,49.00,214.00,49.00,214.00,233.00,165.00,233.00
166.00,52.00,217.00,52.00,217.00,235.00,166.00,235.00
168.00,52.00,218.00,52.00,218.00,236.00,168.00,236.00
164.00,56.00,215.00,56.00,215.00,230.00,164.00,230.00
168.00,62.00,216.00,62.00,216.00,232.00,168.00,232.00
167.00,68.00,214.00,68.00,214.00,235.00,167.00,235.00
168.00,75.00,217.00,75.00,217.00,236.00,168.00,236.00
168.00,82.00,219.00,82.00,219.00,236.00,168.00,236.00
166.00,86.00,217.00,86.00,217.00,238.00,166.00,238.00
162.00,88.00,213.00,88.00,213.00,238.00,162.00,238.00
161.00,90.00,212.00,90.00,212.00,236.00,161.00,236.00
150.00,91.00,196.00,91.00,196.00,238.00,150.00,238.00
145.00,93.00,192.00,93.00,192.00,239.00,145.00,239.00
144.00,93.00,191.00,93.00,191.00,238.00,144.00,238.00
141.00,90.00,188.00,90.00,188.00,232.00,141.00,232.00
161.00,93.00,207.00,93.00,207.00,233.00,161.00,233.00
166.00,88.00,215.00,88.00,215.00,231.00,166.00,231.00
165.00,91.00,216.00,91.00,216.00,234.00,165.00,234.00
174.00,84.00,220.00,84.00,220.00,228.00,174.00,228.00
172.00,91.00,219.00,91.00,219.00,234.00,172.00,234.00
173.00,90.00,219.00,90.00,219.00,233.00,173.00,233.00
177.00,85.00,219.00,85.00,219.00,230.00,177.00,230.00
178.00,86.00,220.00,86.00,220.00,236.00,178.00,236.00
180.00,81.00,221.00,81.00,221.00,241.00,180.00,241.00
182.00,72.00,227.00,72.00,227.00,238.00,182.00,238.00
190.00,68.00,238.00,68.00,238.00,235.00,190.00,235.00
191.00,70.00,239.00,70.00,239.00,232.00,191.00,232.00
193.00,71.00,240.00,71.00,240.00,235.00,193.00,235.00
198.00,77.00,245.00,77.00,245.00,234.00,198.00,234.00
197.00,76.00,245.00,76.00,245.00,229.00,197.00,229.00
197.00,77.00,247.00,77.00,247.00,225.00,197.00,225.00
190.00,75.00,240.00,75.00,240.00,227.00,190.00,227.00
190.00,78.00,240.00,78.00,240.00,225.00,190.00,225.00
191.00,81.00,241.00,81.00,241.00,224.00,191.00,224.00
188.00,77.00,235.00,77.00,235.00,222.00,188.00,222.00
192.00,73.00,239.00,73.00,239.00,221.00,192.00,221.00
198.00,76.00,247.00,76.00,247.00,220.00,198.00,220.00
206.00,84.00,252.00,84.00,252.00,223.00,206.00,223.00
212.00,83.00,256.00,83.00,256.00,225.00,212.00,225.00
214.00,77.00,258.00,77.00,258.00,222.00,214.00,222.00
215.00,79.00,260.00,79.00,260.00,226.00,215.00,226.00
221.00,81.00,266.00,81.00,266.00,224.00,221.00,224.00
220.00,83.00,265.00,83.00,265.00,226.00,220.00,226.00
221.00,86.00,268.00,86.00,268.00,227.00,221.00,227.00
222.00,78.00,268.00,78.00,268.00,219.00,222.00,219.00
224.00,74.00,271.00,74.00,271.00,216.00,224.00,216.00
229.00,70.00,276.00,70.00,276.00,219.00,229.00,219.00
230.00,70.00,276.00,70.00,276.00,223.00,230.00,223.00
231.00,66.00,277.00,66.00,277.00,221.00,231.00,221.00
228.00,57.00,275.00,57.00,275.00,215.00,228.00,215.00
232.00,61.00,277.00,61.00,277.00,218.00,232.00,218.00
229.00,62.00,274.00,62.00,274.00,216.00,229.00,216.00
229.00,58.00,273.00,58.00,273.00,210.00,229.00,210.00
229.00,61.00,271.00,61.00,271.00,214.00,229.00,214.00
224.00,63.00,268.00,63.00,268.00,216.00,224.00,216.00
220.00,66.00,265.00,66.00,265.00,215.00,220.00,215.00
215.00,66.00,261.00,66.00,261.00,212.00,215.00,212.00
211.00,68.00,257.00,68.00,257.00,213.00,211.00,213.00
206.00,71.00,252.00,71.00,252.00,212.00,206.00,212.00
203.00,74.00,248.00,74.00,248.00,215.00,203.00,215.00
198.00,78.00,241.00,78.00,241.00,218.00,198.00,218.00
196.00,76.00,240.00,76.00,240.00,216.00,196.00,216.00
193.00,75.00,235.00,75.00,235.00,215.00,193.00,215.00
191.00,85.00,232.00,85.00,232.00,219.00,191.00,219.00
192.00,88.00,233.00,88.00,233.00,220.00,192.00,220.00
189.00,89.00,229.00,89.00,229.00,217.00,189.00,217.00
189.00,89.00,229.00,89.00,229.00,218.00,189.00,218.00
189.00,87.00,230.00,87.00,230.00,217.00,189.00,217.00
189.00,94.00,230.00,94.00,230.00,222.00,189.00,222.00
189.00,95.00,230.00,95.00,230.00,224.00,189.00,224.00
186.00,98.00,228.00,98.00,228.00,222.00,186.00,222.00
183.00,93.00,224.00,93.00,224.00,216.00,183.00,216.00
184.00,94.00,224.00,94.00,224.00,214.00,184.00,214.00
181.00,100.00,222.00,100.00,222.00,217.00,181.00,217.00
191.00,94.00,230.00,94.00,230.00,217.00,191.00,217.00
185.00,96.00,228.00,96.00,228.00,217.00,185.00,217.00
186.00,86.00,226.00,86.00,226.00,233.00,186.00,233.00
189.00,98.00,230.00,98.00,230.00,220.00,189.00,220.00
185.00,100.00,227.00,100.00,227.00,220.00,185.00,220.00
179.00,104.00,221.00,104.00,221.00,222.00,179.00,222.00
181.00,103.00,222.00,103.00,222.00,220.00,181.00,220.00
183.00,99.00,224.00,99.00,224.00,218.00,183.00,218.00
186.00,98.00,226.00,98.00,226.00,219.00,186.00,219.00
180.00,99.00,222.00,99.00,222.00,217.00,180.00,217.00
199.00,95.00,241.00,95.00,241.00,218.00,199.00,218.00
200.00,98.00,242.00,98.00,242.00,220.00,200.00,220.00
200.00,101.00,242.00,101.00,242.00,223.00,200.00,223.00
202.00,101.00,243.00,101.00,243.00,224.00,202.00,224.00
206.00,102.00,245.00,102.00,245.00,227.00,206.00,227.00
199.00,103.00,239.00,103.00,239.00,225.00,199.00,225.00
200.00,102.00,240.00,102.00,240.00,222.00,200.00,222.00
199.00,106.00,239.00,106.00,239.00,224.00,199.00,224.00
201.00,106.00,242.00,106.00,242.00,222.00,201.00,222.00
201.00,105.00,244.00,105.00,244.00,224.00,201.00,224.00
202.00,108.00,244.00,108.00,244.00,224.00,202.00,224.00
192.00,105.00,236.00,105.00,236.00,222.00,192.00,222.00
190.00,102.00,234.00,102.00,234.00,218.00,190.00,218.00
187.00,103.00,230.00,103.00,230.00,217.00,187.00,217.00
191.00,103.00,234.00,103.00,234.00,214.00,191.00,214.00
184.00,94.00,228.00,94.00,228.00,207.00,184.00,207.00
185.00,87.00,228.00,87.00,228.00,207.00,185.00,207.00
186.00,85.00,229.00,85.00,229.00,202.00,186.00,202.00
184.00,83.00,226.00,83.00,226.00,201.00,184.00,201.00
186.00,80.00,228.00,80.00,228.00,203.00,186.00,203.00
197.00,87.00,237.00,87.00,237.00,207.00,197.00,207.00
192.00,85.00,233.00,85.00,233.00,205.00,192.00,205.00
194.00,87.00,233.00,87.00,233.00,208.00,194.00,208.00
192.00,80.00,232.00,80.00,232.00,206.00,192.00,206.00
191.00,73.00,232.00,73.00,232.00,202.00,191.00,202.00
190.00,68.00,232.00,68.00,232.00,195.00,190.00,195.00
195.00,57.00,237.00,57.00,237.00,184.00,195.00,184.00
197.00,64.00,238.00,64.00,238.00,196.00,197.00,196.00
199.00,69.00,237.00,69.00,237.00,204.00,199.00,204.00
201.00,67.00,241.00,67.00,241.00,202.00,201.00,202.00
201.00,69.00,244.00,69.00,244.00,202.00,201.00,202.00
205.00,66.00,250.00,66.00,250.00,198.00,205.00,198.00
208.00,65.00,254.00,65.00,254.00,197.00,208.00,197.00
213.00,66.00,260.00,66.00,260.00,201.00,213.00,201.00
217.00,62.00,267.00,62.00,267.00,196.00,217.00,196.00
221.00,63.00,274.00,63.00,274.00,197.00,221.00,197.00
228.00,58.00,281.00,58.00,281.00,191.00,228.00,191.00
232.00,59.00,287.00,59.00,287.00,187.00,232.00,187.00
232.00,54.00,285.00,54.00,285.00,186.00,232.00,186.00
233.00,59.00,287.00,59.00,287.00,191.00,233.00,191.00
238.00,65.00,294.00,65.00,294.00,193.00,238.00,193.00
236.00,58.00,287.00,58.00,287.00,189.00,236.00,189.00
237.00,57.00,285.00,57.00,285.00,191.00,237.00,191.00
240.00,56.00,286.00,56.00,286.00,197.00,240.00,197.00
242.00,56.00,289.00,56.00,289.00,198.00,242.00,198.00
245.00,59.00,290.00,59.00,290.00,200.00,245.00,200.00
251.00,61.00,297.00,61.00,297.00,203.00,251.00,203.00
254.00,62.00,301.00,62.00,301.00,200.00,254.00,200.00
260.00,63.00,307.00,63.00,307.00,201.00,260.00,201.00
267.00,64.00,311.00,64.00,311.00,201.00,267.00,201.00
276.00,63.00,320.00,63.00,320.00,203.00,276.00,203.00
278.00,59.00,322.00,59.00,322.00,200.00,278.00,200.00
274.00,60.00,320.00,60.00,320.00,194.00,274.00,194.00
274.00,62.00,318.00,62.00,318.00,193.00,274.00,193.00
277.00,57.00,320.00,57.00,320.00,190.00,277.00,190.00
276.00,54.00,320.00,54.00,320.00,188.00,276.00,188.00
279.00,56.00,324.00,56.00,324.00,188.00,279.00,188.00
277.00,61.00,321.00,61.00,321.00,191.00,277.00,191.00
274.00,59.00,317.00,59.00,317.00,191.00,274.00,191.00
272.00,46.00,315.00,46.00,315.00,185.00,272.00,185.00
272.00,37.00,313.00,37.00,313.00,180.00,272.00,180.00
270.00,41.00,310.00,41.00,310.00,185.00,270.00,185.00
266.00,35.00,308.00,35.00,308.00,181.00,266.00,181.00
265.00,37.00,307.00,37.00,307.00,183.00,265.00,183.00
265.00,37.00,307.00,37.00,307.00,182.00,265.00,182.00
261.00,37.00,305.00,37.00,305.00,185.00,261.00,185.00
259.00,39.00,306.00,39.00,306.00,189.00,259.00,189.00
257.00,39.00,304.00,39.00,304.00,188.00,257.00,188.00
254.00,41.00,304.00,41.00,304.00,193.00,254.00,193.00
252.00,44.00,305.00,44.00,305.00,196.00,252.00,196.00
250.00,48.00,305.00,48.00,305.00,198.00,250.00,198.00
243.00,52.00,301.00,52.00,301.00,202.00,243.00,202.00
238.00,48.00,298.00,48.00,298.00,204.00,238.00,204.00
232.00,52.00,291.00,52.00,291.00,206.00,232.00,206.00
224.00,49.00,284.00,49.00,284.00,200.00,224.00,200.00
213.00,51.00,276.00,51.00,276.00,208.00,213.00,208.00
204.00,49.00,266.00,49.00,266.00,210.00,204.00,210.00
192.00,48.00,253.00,48.00,253.00,216.00,192.00,216.00
181.00,58.00,236.00,58.00,236.00,232.00,181.00,232.00
174.00,42.00,234.00,42.00,234.00,224.00,174.00,224.00
156.00,33.00,222.00,33.00,222.00,203.00,156.00,203.00
146.00,27.00,214.00,27.00,214.00,199.00,146.00,199.00
138.00,21.00,208.00,21.00,208.00,195.00,138.00,195.00
128.00,18.00,200.00,18.00,200.00,198.00,128.00,198.00
123.00,12.00,195.00,12.00,195.00,198.00,123.00,198.00
115.00,1.00,190.00,1.00,190.00,190.00,115.00,190.00
116.00,2.00,187.00,2.00,187.00,201.00,116.00,201.00
109.00,2.00,180.00,2.00,180.00,203.00,109.00,203.00
101.00,4.00,174.00,4.00,174.00,206.00,101.00,206.00
98.00,7.00,169.00,7.00,169.00,211.00,98.00,211.00
90.00,13.00,163.00,13.00,163.00,214.00,90.00,214.00
88.00,26.00,158.00,26.00,158.00,232.00,88.00,232.00
76.00,39.00,150.00,39.00,150.00,245.00,76.00,245.00
72.00,50.00,145.00,50.00,145.00,257.00,72.00,257.00
62.00,50.00,133.00,50.00,133.00,254.00,62.00,254.00
64.00,60.00,137.00,60.00,137.00,264.00,64.00,264.00
61.00,63.00,135.00,63.00,135.00,257.00,61.00,257.00
72.00,72.00,144.00,72.00,144.00,256.00,72.00,256.00
80.00,76.00,150.00,76.00,150.00,260.00,80.00,260.00
88.00,87.00,158.00,87.00,158.00,267.00,88.00,267.00
76.00,78.00,152.00,78.00,152.00,259.00,76.00,259.00
62.00,77.00,136.00,77.00,136.00,262.00,62.00,262.00
61.00,81.00,128.00,81.00,128.00,265.00,61.00,265.00
58.00,82.00,125.00,82.00,125.00,264.00,58.00,264.00
65.00,76.00,130.00,76.00,130.00,255.00,65.00,255.00
65.00,79.00,129.00,79.00,129.00,255.00,65.00,255.00
63.00,84.00,128.00,84.00,128.00,252.00,63.00,252.00
68.00,82.00,132.00,82.00,132.00,248.00,68.00,248.00
68.00,83.00,132.00,83.00,132.00,243.00,68.00,243.00
70.00,86.00,132.00,86.00,132.00,243.00,70.00,243.00
83.00,79.00,145.00,79.00,145.00,234.00,83.00,234.00
91.00,83.00,151.00,83.00,151.00,236.00,91.00,236.00
95.00,75.00,154.00,75.00,154.00,230.00,95.00,230.00
99.00,77.00,157.00,77.00,157.00,231.00,99.00,231.00
106.00,70.00,165.00,70.00,165.00,225.00,106.00,225.00
107.00,74.00,166.00,74.00,166.00,228.00,107.00,228.00
111.00,66.00,169.00,66.00,169.00,218.00,111.00,218.00
104.00,71.00,160.00,71.00,160.00,222.00,104.00,222.00
120.00,67.00,174.00,67.00,174.00,213.00,120.00,213.00
117.00,66.00,171.00,66.00,171.00,212.00,117.00,212.00
123.00,68.00,178.00,68.00,178.00,209.00,123.00,209.00
123.00,67.00,178.00,67.00,178.00,210.00,123.00,210.00
125.00,61.00,182.00,61.00,182.00,206.00,125.00,206.00
128.00,61.00,184.00,61.00,184.00,205.00,128.00,205.00
125.00,59.00,182.00,59.00,182.00,201.00,125.00,201.00
126.00,60.00,183.00,60.00,183.00,201.00,126.00,201.00
126.00,57.00,181.00,57.00,181.00,203.00,126.00,203.00
124.00,63.00,177.00,63.00,177.00,205.00,124.00,205.00
112.00,66.00,166.00,66.00,166.00,207.00,112.00,207.00
116.00,67.00,171.00,67.00,171.00,207.00,116.00,207.00
118.00,63.00,172.00,63.00,172.00,206.00,118.00,206.00
118.00,61.00,173.00,61.00,173.00,206.00,118.00,206.00
121.00,61.00,177.00,61.00,177.00,205.00,121.00,205.00
123.00,65.00,179.00,65.00,179.00,208.00,123.00,208.00
125.00,65.00,177.00,65.00,177.00,206.00,125.00,206.00
124.00,64.00,176.00,64.00,176.00,204.00,124.00,204.00
130.00,64.00,182.00,64.00,182.00,203.00,130.00,203.00
131.00,64.00,184.00,64.00,184.00,203.00,131.00,203.00
150.00,66.00,204.00,66.00,204.00,197.00,150.00,197.00
146.00,66.00,201.00,66.00,201.00,199.00,146.00,199.00
150.00,57.00,201.00,57.00,201.00,196.00,150.00,196.00
147.00,54.00,198.00,54.00,198.00,196.00,147.00,196.00
150.00,63.00,200.00,63.00,200.00,198.00,150.00,198.00
151.00,62.00,202.00,62.00,202.00,194.00,151.00,194.00
155.00,71.00,206.00,71.00,206.00,200.00,155.00,200.00
155.00,71.00,207.00,71.00,207.00,199.00,155.00,199.00
165.00,71.00,216.00,71.00,216.00,195.00,165.00,195.00
158.00,72.00,210.00,72.00,210.00,196.00,158.00,196.00
152.00,67.00,207.00,67.00,207.00,197.00,152.00,197.00
155.00,69.00,210.00,69.00,210.00,199.00,155.00,199.00
175.00,70.00,226.00,70.00,226.00,195.00,175.00,195.00
178.00,69.00,228.00,69.00,228.00,195.00,178.00,195.00
183.00,76.00,233.00,76.00,233.00,203.00,183.00,203.00
185.00,77.00,234.00,77.00,234.00,203.00,185.00,203.00
186.00,71.00,236.00,71.00,236.00,197.00,186.00,197.00
179.00,71.00,230.00,71.00,230.00,194.00,179.00,194.00
185.00,73.00,233.00,73.00,233.00,201.00,185.00,201.00
182.00,75.00,232.00,75.00,232.00,199.00,182.00,199.00
185.00,74.00,231.00,74.00,231.00,196.00,185.00,196.00
187.00,71.00,232.00,71.00,232.00,196.00,187.00,196.00
181.00,70.00,227.00,70.00,227.00,193.00,181.00,193.00
182.00,69.00,227.00,69.00,227.00,193.00,182.00,193.00
183.00,65.00,225.00,65.00,225.00,193.00,183.00,193.00
