1
333.00,34.00,372.00,34.00,372.00,73.00,333.00,73.00
334.00,29.00,374.00,29.00,374.00,65.00,334.00,65.00
335.00,20.00,375.00,20.00,375.00,59.00,335.00,59.00
337.00,17.00,379.00,17.00,379.00,56.00,337.00,56.00
341.00,17.00,383.00,17.00,383.00,55.00,341.00,55.00
345.00,25.00,379.00,25.00,379.00,63.00,345.00,63.00
352.00,31.00,392.00,31.00,392.00,69.00,352.00,69.00
358.00,35.00,400.00,35.00,400.00,76.00,358.00,76.00
363.00,44.00,404.00,44.00,404.00,85.00,363.00,85.00
370.00,62.00,406.00,62.00,406.00,97.00,370.00,97.00
367.00,63.00,402.00,63.00,402.00,100.00,367.00,100.00
366.00,62.00,412.00,62.00,412.00,102.00,366.00,102.00
364.00,64.00,400.00,64.00,400.00,100.00,364.00,100.00
356.00,53.00,393.00,53.00,393.00,92.00,356.00,92.00
348.00,44.00,381.00,44.00,381.00,86.00,348.00,86.00
337.00,38.00,377.00,38.00,377.00,73.00,337.00,73.00
328.00,32.00,368.00,32.00,368.00,70.00,328.00,70.00
326.00,28.00,367.00,28.00,367.00,65.00,326.00,65.00
320.00,23.00,362.00,23.00,362.00,59.00,320.00,59.00
319.00,22.00,362.00,22.00,362.00,56.00,319.00,56.00
322.00,24.00,355.00,24.00,355.00,57.00,322.00,57.00
321.00,28.00,357.00,28.00,357.00,65.00,321.00,65.00
328.00,34.00,364.00,34.00,364.00,70.00,328.00,70.00
328.00,34.00,367.00,34.00,367.00,69.00,328.00,69.00
332.00,35.00,372.00,35.00,372.00,72.00,332.00,72.00
335.00,38.00,377.00,38.00,377.00,76.00,335.00,76.00
339.00,36.00,381.00,36.00,381.00,68.00,339.00,68.00
338.00,31.00,378.00,31.00,378.00,66.00,338.00,66.00
340.00,25.00,380.00,25.00,380.00,60.00,340.00,60.00
345.00,24.00,387.00,24.00,387.00,58.00,345.00,58.00
355.00,29.00,397.00,29.00,397.00,64.00,355.00,64.00
368.00,36.00,406.00,36.00,406.00,72.00,368.00,72.00
382.00,47.00,422.00,47.00,422.00,85.00,382.00,85.00
390.00,66.00,429.00,66.00,429.00,103.00,390.00,103.00
398.00,81.00,435.00,81.00,435.00,118.00,398.00,118.00
398.00,95.00,435.00,95.00,435.00,132.00,398.00,132.00
410.00,104.00,446.00,104.00,446.00,140.00,410.00,140.00
407.00,109.00,443.00,109.00,443.00,145.00,407.00,145.00
400.00,119.00,436.00,119.00,436.00,155.00,400.00,155.00
394.00,121.00,433.00,121.00,433.00,157.00,394.00,157.00
395.00,122.00,431.00,122.00,431.00,159.00,395.00,159.00
396.00,114.00,429.00,114.00,429.00,148.00,396.00,148.00
388.00,97.00,425.00,97.00,425.00,134.00,388.00,134.00
378.00,80.00,415.00,80.00,415.00,115.00,378.00,115.00
368.00,62.00,407.00,62.00,407.00,98.00,368.00,98.00
362.00,49.00,397.00,49.00,397.00,84.00,362.00,84.00
337.00,28.00,372.00,28.00,372.00,65.00,337.00,65.00
317.00,23.00,357.00,23.00,357.00,56.00,317.00,56.00
302.00,24.00,338.00,24.00,338.00,57.00,302.00,57.00
299.00,24.00,339.00,24.00,339.00,56.00,299.00,56.00
299.00,27.00,341.00,27.00,341.00,60.00,299.00,60.00
303.00,35.00,341.00,35.00,341.00,65.00,303.00,65.00
307.00,37.00,346.00,37.00,346.00,68.00,307.00,68.00
310.00,38.00,348.00,38.00,348.00,68.00,310.00,68.00
308.00,31.00,347.00,31.00,347.00,63.00,308.00,63.00
303.00,26.00,343.00,26.00,343.00,58.00,303.00,58.00
299.00,21.00,339.00,21.00,339.00,54.00,299.00,54.00
298.00,17.00,341.00,17.00,341.00,53.00,298.00,53.00
299.00,17.00,337.00,17.00,337.00,56.00,299.00,56.00
293.00,21.00,334.00,21.00,334.00,58.00,293.00,58.00
296.00,21.00,339.00,21.00,339.00,58.00,296.00,58.00
307.00,20.00,351.00,20.00,351.00,55.00,307.00,55.00
321.00,10.00,365.00,10.00,365.00,49.00,321.00,49.00
328.00,8.00,369.00,8.00,369.00,45.00,328.00,45.00
324.00,10.00,367.00,10.00,367.00,53.00,324.00,53.00
320.00,17.00,359.00,17.00,359.00,57.00,320.00,57.00
325.00,20.00,361.00,20.00,361.00,56.00,325.00,56.00
329.00,20.00,371.00,20.00,371.00,56.00,329.00,56.00
325.00,17.00,368.00,17.00,368.00,50.00,325.00,50.00
319.00,12.00,360.00,12.00,360.00,48.00,319.00,48.00
332.00,6.00,369.00,6.00,369.00,48.00,332.00,48.00
316.00,5.00,354.00,5.00,354.00,45.00,316.00,45.00
309.00,4.00,351.00,4.00,351.00,47.00,309.00,47.00
288.00,13.00,330.00,13.00,330.00,57.00,288.00,57.00
278.00,41.00,314.00,41.00,314.00,84.00,278.00,84.00
275.00,45.00,317.00,45.00,317.00,87.00,275.00,87.00
291.00,51.00,333.00,51.00,333.00,93.00,291.00,93.00
273.00,40.00,315.00,40.00,315.00,82.00,273.00,82.00
284.00,37.00,326.00,37.00,326.00,79.00,284.00,79.00
275.00,35.00,317.00,35.00,317.00,77.00,275.00,77.00
297.00,57.00,340.00,57.00,340.00,100.00,297.00,100.00
273.00,65.00,316.00,65.00,316.00,108.00,273.00,108.00
261.00,47.00,304.00,47.00,304.00,90.00,261.00,90.00
220.00,22.00,263.00,22.00,263.00,65.00,220.00,65.00
212.00,46.00,256.00,46.00,256.00,90.00,212.00,90.00
215.00,37.00,259.00,37.00,259.00,81.00,215.00,81.00
224.00,36.00,268.00,36.00,268.00,80.00,224.00,80.00
241.00,78.00,282.00,78.00,282.00,117.00,241.00,117.00
227.00,57.00,265.00,57.00,265.00,99.00,227.00,99.00
213.00,38.00,256.00,38.00,256.00,83.00,213.00,83.00
192.00,29.00,232.00,29.00,232.00,72.00,192.00,72.00
172.00,34.00,207.00,34.00,207.00,77.00,172.00,77.00
161.00,41.00,201.00,41.00,201.00,82.00,161.00,82.00
150.00,39.00,190.00,39.00,190.00,82.00,150.00,82.00
147.00,44.00,181.00,44.00,181.00,84.00,147.00,84.00
146.00,52.00,187.00,52.00,187.00,93.00,146.00,93.00
153.00,59.00,193.00,59.00,193.00,99.00,153.00,99.00
164.00,59.00,206.00,59.00,206.00,99.00,164.00,99.00
161.00,74.00,202.00,74.00,202.00,117.00,161.00,117.00
