1
509.00,197.00,565.00,197.00,565.00,229.00,509.00,229.00
504.00,197.00,557.00,197.00,557.00,228.00,504.00,228.00
490.00,198.00,546.00,198.00,546.00,228.00,490.00,228.00
481.00,199.00,536.00,199.00,536.00,230.00,481.00,230.00
475.00,199.00,531.00,199.00,531.00,229.00,475.00,229.00
460.00,197.00,516.00,197.00,516.00,227.00,460.00,227.00
438.00,193.00,494.00,193.00,494.00,223.00,438.00,223.00
435.00,192.00,491.00,192.00,491.00,222.00,435.00,222.00
422.00,187.00,478.00,187.00,478.00,217.00,422.00,217.00
408.00,179.00,464.00,179.00,464.00,209.00,408.00,209.00
397.00,180.00,453.00,180.00,453.00,210.00,397.00,210.00
395.00,164.00,451.00,164.00,451.00,194.00,395.00,194.00
360.00,161.00,416.00,161.00,416.00,191.00,360.00,191.00
349.00,147.00,405.00,147.00,405.00,177.00,349.00,177.00
349.00,186.00,406.00,186.00,406.00,217.00,349.00,217.00
327.00,187.00,384.00,187.00,384.00,218.00,327.00,218.00
334.00,182.00,390.00,182.00,390.00,212.00,334.00,212.00
316.00,177.00,374.00,177.00,374.00,208.00,316.00,208.00
309.00,170.00,367.00,170.00,367.00,201.00,309.00,201.00
277.00,160.00,335.00,160.00,335.00,191.00,277.00,191.00
280.00,165.00,338.00,165.00,338.00,196.00,280.00,196.00
267.00,160.00,326.00,160.00,326.00,192.00,267.00,192.00
263.00,161.00,321.00,161.00,321.00,193.00,263.00,193.00
256.00,166.00,314.00,166.00,314.00,198.00,256.00,198.00
268.00,157.00,326.00,157.00,326.00,189.00,268.00,189.00
268.00,158.00,325.00,158.00,325.00,190.00,268.00,190.00
256.00,152.00,313.00,152.00,313.00,184.00,256.00,184.00
256.00,152.00,313.00,152.00,313.00,184.00,256.00,184.00
235.00,155.00,294.00,155.00,294.00,188.00,235.00,188.00
228.00,153.00,286.00,153.00,286.00,185.00,228.00,185.00
212.00,157.00,270.00,157.00,270.00,189.00,212.00,189.00
231.00,151.00,288.00,151.00,288.00,183.00,231.00,183.00
246.00,157.00,303.00,157.00,303.00,189.00,246.00,189.00
227.00,162.00,284.00,162.00,284.00,194.00,227.00,194.00
239.00,171.00,296.00,171.00,296.00,203.00,239.00,203.00
234.00,161.00,290.00,161.00,290.00,193.00,234.00,193.00
213.00,181.00,270.00,181.00,270.00,213.00,213.00,213.00
204.00,192.00,260.00,192.00,260.00,224.00,204.00,224.00
210.00,224.00,265.00,224.00,265.00,256.00,210.00,256.00
207.00,221.00,260.00,221.00,260.00,252.00,207.00,252.00
220.00,239.00,272.00,239.00,272.00,270.00,220.00,270.00
224.00,230.00,276.00,230.00,276.00,261.00,224.00,261.00
216.00,224.00,268.00,224.00,268.00,255.00,216.00,255.00
194.00,209.00,246.00,209.00,246.00,240.00,194.00,240.00
180.00,209.00,231.00,209.00,231.00,240.00,180.00,240.00
189.00,192.00,239.00,192.00,239.00,222.00,189.00,222.00
212.00,179.00,262.00,179.00,262.00,209.00,212.00,209.00
233.00,180.00,283.00,180.00,283.00,210.00,233.00,210.00
233.00,157.00,284.00,157.00,284.00,187.00,233.00,187.00
232.00,149.00,283.00,149.00,283.00,179.00,232.00,179.00
251.00,170.00,302.00,170.00,302.00,200.00,251.00,200.00
252.00,171.00,303.00,171.00,303.00,201.00,252.00,201.00
255.00,172.00,306.00,172.00,306.00,202.00,255.00,202.00
252.00,172.00,303.00,172.00,303.00,202.00,252.00,202.00
260.00,173.00,311.00,173.00,311.00,203.00,260.00,203.00
256.00,173.00,307.00,173.00,307.00,203.00,256.00,203.00
257.00,170.00,309.00,170.00,309.00,204.00,257.00,204.00
259.00,168.00,314.00,168.00,314.00,203.00,259.00,203.00
261.00,166.00,317.00,166.00,317.00,202.00,261.00,202.00
265.00,165.00,317.00,165.00,317.00,200.00,265.00,200.00
269.00,167.00,321.00,167.00,321.00,198.00,269.00,198.00
271.00,168.00,324.00,168.00,324.00,200.00,271.00,200.00
279.00,164.00,333.00,164.00,333.00,201.00,279.00,201.00
280.00,167.00,335.00,167.00,335.00,200.00,280.00,200.00
284.00,168.00,339.00,168.00,339.00,204.00,284.00,204.00
288.00,167.00,347.00,167.00,347.00,204.00,288.00,204.00
293.00,167.00,350.00,167.00,350.00,201.00,293.00,201.00
296.00,167.00,356.00,167.00,356.00,205.00,296.00,205.00
301.00,170.00,359.00,170.00,359.00,204.00,301.00,204.00
307.00,170.00,366.00,170.00,366.00,204.00,307.00,204.00
308.00,171.00,367.00,171.00,367.00,205.00,308.00,205.00
315.00,167.00,375.00,167.00,375.00,202.00,315.00,202.00
327.00,166.00,387.00,166.00,387.00,201.00,327.00,201.00
320.00,169.00,380.00,169.00,380.00,204.00,320.00,204.00
326.00,172.00,385.00,172.00,385.00,207.00,326.00,207.00
333.00,172.00,392.00,172.00,392.00,207.00,333.00,207.00
339.00,170.00,398.00,170.00,398.00,205.00,339.00,205.00
341.00,174.00,401.00,174.00,401.00,209.00,341.00,209.00
345.00,181.00,406.00,181.00,406.00,217.00,345.00,217.00
344.00,171.00,405.00,171.00,405.00,207.00,344.00,207.00
350.00,162.00,410.00,162.00,410.00,197.00,350.00,197.00
381.00,155.00,441.00,155.00,441.00,190.00,381.00,190.00
412.00,152.00,471.00,152.00,471.00,186.00,412.00,186.00
429.00,148.00,487.00,148.00,487.00,182.00,429.00,182.00
426.00,167.00,486.00,167.00,486.00,202.00,426.00,202.00
400.00,172.00,460.00,172.00,460.00,207.00,400.00,207.00
411.00,171.00,471.00,171.00,471.00,206.00,411.00,206.00
430.00,169.00,491.00,169.00,491.00,204.00,430.00,204.00
426.00,176.00,478.00,176.00,478.00,209.00,426.00,209.00
417.00,181.00,471.00,181.00,471.00,214.00,417.00,214.00
422.00,183.00,483.00,183.00,483.00,218.00,422.00,218.00
421.00,183.00,482.00,183.00,482.00,218.00,421.00,218.00
434.00,182.00,494.00,182.00,494.00,216.00,434.00,216.00
422.00,186.00,481.00,186.00,481.00,219.00,422.00,219.00
409.00,216.00,469.00,216.00,469.00,250.00,409.00,250.00
416.00,241.00,476.00,241.00,476.00,275.00,416.00,275.00
425.00,225.00,485.00,225.00,485.00,259.00,425.00,259.00
427.00,230.00,487.00,230.00,487.00,265.00,427.00,265.00
415.00,235.00,475.00,235.00,475.00,270.00,415.00,270.00
424.00,238.00,484.00,238.00,484.00,273.00,424.00,273.00
429.00,243.00,489.00,243.00,489.00,278.00,429.00,278.00
433.00,255.00,494.00,255.00,494.00,290.00,433.00,290.00
439.00,284.00,501.00,284.00,501.00,319.00,439.00,319.00
443.00,280.00,505.00,280.00,505.00,315.00,443.00,315.00
442.00,304.00,504.00,304.00,504.00,339.00,442.00,339.00
443.00,345.00,505.00,345.00,505.00,380.00,443.00,380.00
455.00,349.00,517.00,349.00,517.00,384.00,455.00,384.00
455.00,350.00,517.00,350.00,517.00,385.00,455.00,385.00
458.00,361.00,521.00,361.00,521.00,396.00,458.00,396.00
468.00,358.00,531.00,358.00,531.00,393.00,468.00,393.00
477.00,369.00,541.00,369.00,541.00,405.00,477.00,405.00
485.00,366.00,548.00,366.00,548.00,401.00,485.00,401.00
469.00,337.00,532.00,337.00,532.00,372.00,469.00,372.00
483.00,348.00,545.00,348.00,545.00,383.00,483.00,383.00
507.00,324.00,569.00,324.00,569.00,359.00,507.00,359.00
495.00,354.00,556.00,354.00,556.00,388.00,495.00,388.00
519.00,351.00,580.00,351.00,580.00,385.00,519.00,385.00
527.00,362.00,588.00,362.00,588.00,396.00,527.00,396.00
510.00,353.00,570.00,353.00,570.00,387.00,510.00,387.00
504.00,339.00,565.00,339.00,565.00,373.00,504.00,373.00
496.00,317.00,557.00,317.00,557.00,351.00,496.00,351.00
500.00,300.00,561.00,300.00,561.00,334.00,500.00,334.00
495.00,281.00,556.00,281.00,556.00,315.00,495.00,315.00
511.00,264.00,571.00,264.00,571.00,297.00,511.00,297.00
503.00,260.00,563.00,260.00,563.00,293.00,503.00,293.00
496.00,236.00,557.00,236.00,557.00,269.00,496.00,269.00
510.00,222.00,571.00,222.00,571.00,255.00,510.00,255.00
507.00,257.00,567.00,257.00,567.00,289.00,507.00,289.00
489.00,298.00,548.00,298.00,548.00,330.00,489.00,330.00
486.00,304.00,545.00,304.00,545.00,336.00,486.00,336.00
500.00,303.00,559.00,303.00,559.00,335.00,500.00,335.00
503.00,303.00,561.00,303.00,561.00,335.00,503.00,335.00
503.00,303.00,562.00,303.00,562.00,335.00,503.00,335.00
507.00,295.00,567.00,295.00,567.00,328.00,507.00,328.00
506.00,286.00,566.00,286.00,566.00,319.00,506.00,319.00
510.00,253.00,570.00,253.00,570.00,286.00,510.00,286.00
505.00,247.00,566.00,247.00,566.00,281.00,505.00,281.00
520.00,237.00,581.00,237.00,581.00,271.00,520.00,271.00
499.00,242.00,559.00,242.00,559.00,276.00,499.00,276.00
524.00,252.00,584.00,252.00,584.00,286.00,524.00,286.00
550.00,270.00,610.00,270.00,610.00,304.00,550.00,304.00
537.00,282.00,597.00,282.00,597.00,316.00,537.00,316.00
534.00,281.00,593.00,281.00,593.00,315.00,534.00,315.00
557.00,275.00,616.00,275.00,616.00,309.00,557.00,309.00
541.00,306.00,601.00,306.00,601.00,341.00,541.00,341.00
492.00,315.00,553.00,315.00,553.00,350.00,492.00,350.00
462.00,327.00,523.00,327.00,523.00,362.00,462.00,362.00
484.00,322.00,546.00,322.00,546.00,357.00,484.00,357.00
455.00,306.00,518.00,306.00,518.00,341.00,455.00,341.00
440.00,304.00,503.00,304.00,503.00,339.00,440.00,339.00
435.00,251.00,499.00,251.00,499.00,287.00,435.00,287.00
430.00,220.00,494.00,220.00,494.00,256.00,430.00,256.00
433.00,215.00,497.00,215.00,497.00,251.00,433.00,251.00
454.00,210.00,512.00,210.00,512.00,252.00,454.00,252.00
447.00,189.00,507.00,189.00,507.00,233.00,447.00,233.00
451.00,188.00,509.00,188.00,509.00,232.00,451.00,232.00
457.00,189.00,516.00,189.00,516.00,233.00,457.00,233.00
