1
65.00,57.00,141.00,57.00,141.00,333.00,65.00,333.00
67.00,58.00,142.00,58.00,142.00,332.00,67.00,332.00
71.00,58.00,144.00,58.00,144.00,332.00,71.00,332.00
74.00,57.00,147.00,57.00,147.00,330.00,74.00,330.00
77.00,58.00,149.00,58.00,149.00,329.00,77.00,329.00
80.00,59.00,152.00,59.00,152.00,329.00,80.00,329.00
83.00,61.00,155.00,61.00,155.00,328.00,83.00,328.00
87.00,61.00,159.00,61.00,159.00,326.00,87.00,326.00
90.00,63.00,161.00,63.00,161.00,328.00,90.00,328.00
93.00,62.00,164.00,62.00,164.00,327.00,93.00,327.00
96.00,62.00,167.00,62.00,167.00,325.00,96.00,325.00
99.00,64.00,169.00,64.00,169.00,327.00,99.00,327.00
103.00,64.00,172.00,64.00,172.00,326.00,103.00,326.00
106.00,65.00,176.00,65.00,176.00,327.00,106.00,327.00
108.00,65.00,177.00,65.00,177.00,328.00,108.00,328.00
112.00,66.00,181.00,66.00,181.00,327.00,112.00,327.00
115.00,66.00,183.00,66.00,183.00,327.00,115.00,327.00
117.00,67.00,185.00,67.00,185.00,326.00,117.00,326.00
120.00,68.00,188.00,68.00,188.00,327.00,120.00,327.00
123.00,67.00,191.00,67.00,191.00,324.00,123.00,324.00
126.00,66.00,193.00,66.00,193.00,325.00,126.00,325.00
128.00,67.00,196.00,67.00,196.00,325.00,128.00,325.00
132.00,66.00,198.00,66.00,198.00,325.00,132.00,325.00
134.00,64.00,201.00,64.00,201.00,324.00,134.00,324.00
137.00,65.00,203.00,65.00,203.00,327.00,137.00,327.00
139.00,67.00,205.00,67.00,205.00,330.00,139.00,330.00
142.00,67.00,208.00,67.00,208.00,327.00,142.00,327.00
145.00,67.00,211.00,67.00,211.00,328.00,145.00,328.00
147.00,67.00,213.00,67.00,213.00,325.00,147.00,325.00
149.00,67.00,215.00,67.00,215.00,324.00,149.00,324.00
151.00,69.00,217.00,69.00,217.00,324.00,151.00,324.00
154.00,71.00,219.00,71.00,219.00,323.00,154.00,323.00
157.00,70.00,220.00,70.00,220.00,324.00,157.00,324.00
159.00,69.00,222.00,69.00,222.00,323.00,159.00,323.00
162.00,69.00,225.00,69.00,225.00,322.00,162.00,322.00
165.00,73.00,227.00,73.00,227.00,322.00,165.00,322.00
168.00,74.00,230.00,74.00,230.00,321.00,168.00,321.00
171.00,74.00,232.00,74.00,232.00,319.00,171.00,319.00
174.00,72.00,234.00,72.00,234.00,313.00,174.00,313.00
175.00,74.00,236.00,74.00,236.00,318.00,175.00,318.00
178.00,70.00,238.00,70.00,238.00,316.00,178.00,316.00
178.00,71.00,240.00,71.00,240.00,315.00,178.00,315.00
180.00,72.00,242.00,72.00,242.00,317.00,180.00,317.00
183.00,73.00,245.00,73.00,245.00,314.00,183.00,314.00
185.00,71.00,247.00,71.00,247.00,311.00,185.00,311.00
187.00,69.00,249.00,69.00,249.00,309.00,187.00,309.00
188.00,69.00,250.00,69.00,250.00,313.00,188.00,313.00
191.00,73.00,251.00,73.00,251.00,313.00,191.00,313.00
194.00,74.00,254.00,74.00,254.00,311.00,194.00,311.00
196.00,71.00,255.00,71.00,255.00,310.00,196.00,310.00
197.00,71.00,256.00,71.00,256.00,311.00,197.00,311.00
198.00,73.00,257.00,73.00,257.00,309.00,198.00,309.00
201.00,74.00,261.00,74.00,261.00,310.00,201.00,310.00
203.00,75.00,263.00,75.00,263.00,309.00,203.00,309.00
205.00,74.00,264.00,74.00,264.00,308.00,205.00,308.00
207.00,76.00,265.00,76.00,265.00,310.00,207.00,310.00
209.00,77.00,267.00,77.00,267.00,310.00,209.00,310.00
211.00,77.00,268.00,77.00,268.00,308.00,211.00,308.00
212.00,78.00,270.00,78.00,270.00,311.00,212.00,311.00
214.00,78.00,272.00,78.00,272.00,311.00,214.00,311.00
217.00,79.00,275.00,79.00,275.00,308.00,217.00,308.00
217.00,78.00,274.00,78.00,274.00,308.00,217.00,308.00
221.00,78.00,278.00,78.00,278.00,307.00,221.00,307.00
221.00,80.00,277.00,80.00,277.00,304.00,221.00,304.00
223.00,80.00,280.00,80.00,280.00,304.00,223.00,304.00
223.00,79.00,280.00,79.00,280.00,302.00,223.00,302.00
225.00,79.00,283.00,79.00,283.00,303.00,225.00,303.00
225.00,82.00,282.00,82.00,282.00,306.00,225.00,306.00
227.00,81.00,285.00,81.00,285.00,305.00,227.00,305.00
229.00,81.00,285.00,81.00,285.00,302.00,229.00,302.00
228.00,80.00,285.00,80.00,285.00,304.00,228.00,304.00
229.00,82.00,286.00,82.00,286.00,302.00,229.00,302.00
231.00,80.00,289.00,80.00,289.00,303.00,231.00,303.00
231.00,85.00,289.00,85.00,289.00,306.00,231.00,306.00
232.00,75.00,290.00,75.00,290.00,297.00,232.00,297.00
232.00,83.00,290.00,83.00,290.00,302.00,232.00,302.00
237.00,81.00,293.00,81.00,293.00,297.00,237.00,297.00
236.00,70.00,295.00,70.00,295.00,297.00,236.00,297.00
237.00,81.00,293.00,81.00,293.00,295.00,237.00,295.00
243.00,84.00,297.00,84.00,297.00,293.00,243.00,293.00
240.00,80.00,296.00,80.00,296.00,294.00,240.00,294.00
242.00,85.00,297.00,85.00,297.00,297.00,242.00,297.00
242.00,82.00,298.00,82.00,298.00,299.00,242.00,299.00
241.00,82.00,299.00,82.00,299.00,305.00,241.00,305.00
244.00,88.00,299.00,88.00,299.00,301.00,244.00,301.00
247.00,89.00,301.00,89.00,301.00,299.00,247.00,299.00
248.00,85.00,303.00,85.00,303.00,294.00,248.00,294.00
248.00,76.00,303.00,76.00,303.00,290.00,248.00,290.00
249.00,80.00,305.00,80.00,305.00,290.00,249.00,290.00
249.00,76.00,304.00,76.00,304.00,288.00,249.00,288.00
250.00,78.00,305.00,78.00,305.00,292.00,250.00,292.00
252.00,79.00,306.00,79.00,306.00,292.00,252.00,292.00
253.00,82.00,308.00,82.00,308.00,294.00,253.00,294.00
253.00,82.00,308.00,82.00,308.00,296.00,253.00,296.00
254.00,77.00,309.00,77.00,309.00,292.00,254.00,292.00
256.00,83.00,310.00,83.00,310.00,294.00,256.00,294.00
257.00,79.00,312.00,79.00,312.00,291.00,257.00,291.00
259.00,80.00,315.00,80.00,315.00,292.00,259.00,292.00
259.00,78.00,313.00,78.00,313.00,289.00,259.00,289.00
261.00,81.00,315.00,81.00,315.00,289.00,261.00,289.00
263.00,84.00,316.00,84.00,316.00,289.00,263.00,289.00
263.00,82.00,317.00,82.00,317.00,287.00,263.00,287.00
266.00,83.00,319.00,83.00,319.00,288.00,266.00,288.00
265.00,82.00,319.00,82.00,319.00,288.00,265.00,288.00
265.00,80.00,318.00,80.00,318.00,287.00,265.00,287.00
268.00,82.00,322.00,82.00,322.00,288.00,268.00,288.00
267.00,82.00,320.00,82.00,320.00,290.00,267.00,290.00
269.00,81.00,323.00,81.00,323.00,290.00,269.00,290.00
271.00,79.00,326.00,79.00,326.00,286.00,271.00,286.00
271.00,87.00,325.00,87.00,325.00,293.00,271.00,293.00
269.00,79.00,323.00,79.00,323.00,290.00,269.00,290.00
272.00,81.00,327.00,81.00,327.00,290.00,272.00,290.00
274.00,83.00,329.00,83.00,329.00,293.00,274.00,293.00
271.00,77.00,325.00,77.00,325.00,289.00,271.00,289.00
274.00,81.00,330.00,81.00,330.00,292.00,274.00,292.00
274.00,77.00,329.00,77.00,329.00,292.00,274.00,292.00
274.00,77.00,329.00,77.00,329.00,292.00,274.00,292.00
274.00,73.00,329.00,73.00,329.00,287.00,274.00,287.00
274.00,75.00,329.00,75.00,329.00,290.00,274.00,290.00
276.00,77.00,330.00,77.00,330.00,289.00,276.00,289.00
274.00,75.00,328.00,75.00,328.00,288.00,274.00,288.00
277.00,72.00,331.00,72.00,331.00,284.00,277.00,284.00
275.00,71.00,329.00,71.00,329.00,282.00,275.00,282.00
275.00,75.00,329.00,75.00,329.00,284.00,275.00,284.00
277.00,74.00,331.00,74.00,331.00,283.00,277.00,283.00
274.00,69.00,328.00,69.00,328.00,277.00,274.00,277.00
278.00,73.00,332.00,73.00,332.00,281.00,278.00,281.00
279.00,68.00,332.00,68.00,332.00,274.00,279.00,274.00
276.00,70.00,331.00,70.00,331.00,281.00,276.00,281.00
278.00,65.00,333.00,65.00,333.00,278.00,278.00,278.00
277.00,70.00,332.00,70.00,332.00,278.00,277.00,278.00
278.00,69.00,333.00,69.00,333.00,275.00,278.00,275.00
279.00,69.00,334.00,69.00,334.00,275.00,279.00,275.00
281.00,64.00,334.00,64.00,334.00,265.00,281.00,265.00
281.00,77.00,334.00,77.00,334.00,270.00,281.00,270.00
284.00,71.00,337.00,71.00,337.00,267.00,284.00,267.00
284.00,67.00,337.00,67.00,337.00,265.00,284.00,265.00
281.00,73.00,336.00,73.00,336.00,268.00,281.00,268.00
287.00,70.00,340.00,70.00,340.00,268.00,287.00,268.00
286.00,69.00,340.00,69.00,340.00,265.00,286.00,265.00
286.00,69.00,339.00,69.00,339.00,263.00,286.00,263.00
288.00,68.00,342.00,68.00,342.00,264.00,288.00,264.00
290.00,70.00,343.00,70.00,343.00,265.00,290.00,265.00
291.00,74.00,344.00,74.00,344.00,269.00,291.00,269.00
293.00,70.00,347.00,70.00,347.00,266.00,293.00,266.00
290.00,78.00,343.00,78.00,343.00,269.00,290.00,269.00
294.00,69.00,347.00,69.00,347.00,262.00,294.00,262.00
295.00,76.00,348.00,76.00,348.00,263.00,295.00,263.00
299.00,75.00,350.00,75.00,350.00,262.00,299.00,262.00
300.00,83.00,351.00,83.00,351.00,269.00,300.00,269.00
300.00,76.00,351.00,76.00,351.00,260.00,300.00,260.00
301.00,82.00,351.00,82.00,351.00,264.00,301.00,264.00
304.00,85.00,353.00,85.00,353.00,268.00,304.00,268.00
305.00,86.00,354.00,86.00,354.00,265.00,305.00,265.00
306.00,89.00,354.00,89.00,354.00,269.00,306.00,269.00
306.00,86.00,355.00,86.00,355.00,262.00,306.00,262.00
307.00,87.00,355.00,87.00,355.00,264.00,307.00,264.00
308.00,89.00,357.00,89.00,357.00,266.00,308.00,266.00
308.00,88.00,358.00,88.00,358.00,267.00,308.00,267.00
307.00,85.00,357.00,85.00,357.00,261.00,307.00,261.00
310.00,87.00,358.00,87.00,358.00,264.00,310.00,264.00
308.00,87.00,356.00,87.00,356.00,263.00,308.00,263.00
308.00,85.00,355.00,85.00,355.00,258.00,308.00,258.00
309.00,91.00,355.00,91.00,355.00,262.00,309.00,262.00
311.00,89.00,357.00,89.00,357.00,263.00,311.00,263.00
312.00,83.00,360.00,83.00,360.00,255.00,312.00,255.00
313.00,87.00,359.00,87.00,359.00,259.00,313.00,259.00
313.00,86.00,358.00,86.00,358.00,256.00,313.00,256.00
313.00,86.00,359.00,86.00,359.00,254.00,313.00,254.00
313.00,92.00,358.00,92.00,358.00,261.00,313.00,261.00
314.00,88.00,358.00,88.00,358.00,255.00,314.00,255.00
315.00,86.00,359.00,86.00,359.00,253.00,315.00,253.00
315.00,90.00,360.00,90.00,360.00,257.00,315.00,257.00
316.00,90.00,360.00,90.00,360.00,254.00,316.00,254.00
317.00,90.00,360.00,90.00,360.00,254.00,317.00,254.00
318.00,89.00,361.00,89.00,361.00,250.00,318.00,250.00
319.00,86.00,361.00,86.00,361.00,247.00,319.00,247.00
318.00,87.00,361.00,87.00,361.00,250.00,318.00,250.00
319.00,87.00,362.00,87.00,362.00,250.00,319.00,250.00
320.00,89.00,364.00,89.00,364.00,250.00,320.00,250.00
320.00,89.00,363.00,89.00,363.00,249.00,320.00,249.00
321.00,89.00,364.00,89.00,364.00,249.00,321.00,249.00
322.00,90.00,364.00,90.00,364.00,249.00,322.00,249.00
322.00,92.00,365.00,92.00,365.00,251.00,322.00,251.00
323.00,89.00,365.00,89.00,365.00,248.00,323.00,248.00
324.00,91.00,366.00,91.00,366.00,250.00,324.00,250.00
325.00,85.00,367.00,85.00,367.00,245.00,325.00,245.00
325.00,87.00,367.00,87.00,367.00,251.00,325.00,251.00
325.00,86.00,368.00,86.00,368.00,249.00,325.00,249.00
327.00,87.00,369.00,87.00,369.00,251.00,327.00,251.00
326.00,88.00,368.00,88.00,368.00,252.00,326.00,252.00
327.00,83.00,369.00,83.00,369.00,246.00,327.00,246.00
328.00,87.00,370.00,87.00,370.00,248.00,328.00,248.00
329.00,89.00,372.00,89.00,372.00,251.00,329.00,251.00
329.00,88.00,372.00,88.00,372.00,249.00,329.00,249.00
330.00,88.00,372.00,88.00,372.00,249.00,330.00,249.00
331.00,88.00,374.00,88.00,374.00,247.00,331.00,247.00
329.00,89.00,371.00,89.00,371.00,246.00,329.00,246.00
331.00,90.00,373.00,90.00,373.00,243.00,331.00,243.00
331.00,94.00,372.00,94.00,372.00,243.00,331.00,243.00
332.00,92.00,372.00,92.00,372.00,238.00,332.00,238.00
333.00,95.00,373.00,95.00,373.00,242.00,333.00,242.00
333.00,94.00,374.00,94.00,374.00,241.00,333.00,241.00
334.00,93.00,375.00,93.00,375.00,244.00,334.00,244.00
335.00,94.00,376.00,94.00,376.00,244.00,335.00,244.00
335.00,95.00,375.00,95.00,375.00,242.00,335.00,242.00
336.00,94.00,376.00,94.00,376.00,239.00,336.00,239.00
335.00,93.00,375.00,93.00,375.00,241.00,335.00,241.00
336.00,95.00,375.00,95.00,375.00,240.00,336.00,240.00
338.00,94.00,377.00,94.00,377.00,239.00,338.00,239.00
338.00,96.00,377.00,96.00,377.00,239.00,338.00,239.00
337.00,95.00,376.00,95.00,376.00,238.00,337.00,238.00
338.00,92.00,377.00,92.00,377.00,236.00,338.00,236.00
337.00,94.00,376.00,94.00,376.00,237.00,337.00,237.00
339.00,91.00,378.00,91.00,378.00,233.00,339.00,233.00
339.00,91.00,377.00,91.00,377.00,234.00,339.00,234.00
339.00,93.00,378.00,93.00,378.00,236.00,339.00,236.00
339.00,94.00,378.00,94.00,378.00,236.00,339.00,236.00
338.00,93.00,376.00,93.00,376.00,235.00,338.00,235.00
340.00,91.00,378.00,91.00,378.00,232.00,340.00,232.00
340.00,93.00,378.00,93.00,378.00,230.00,340.00,230.00
339.00,97.00,376.00,97.00,376.00,235.00,339.00,235.00
340.00,94.00,378.00,94.00,378.00,232.00,340.00,232.00
341.00,95.00,378.00,95.00,378.00,231.00,341.00,231.00
341.00,98.00,377.00,98.00,377.00,234.00,341.00,234.00
341.00,97.00,377.00,97.00,377.00,230.00,341.00,230.00
341.00,96.00,377.00,96.00,377.00,227.00,341.00,227.00
342.00,96.00,378.00,96.00,378.00,227.00,342.00,227.00
341.00,94.00,377.00,94.00,377.00,228.00,341.00,228.00
342.00,98.00,377.00,98.00,377.00,230.00,342.00,230.00
342.00,98.00,377.00,98.00,377.00,229.00,342.00,229.00
343.00,98.00,377.00,98.00,377.00,227.00,343.00,227.00
343.00,99.00,377.00,99.00,377.00,227.00,343.00,227.00
344.00,101.00,378.00,101.00,378.00,228.00,344.00,228.00
344.00,100.00,378.00,100.00,378.00,226.00,344.00,226.00
344.00,101.00,378.00,101.00,378.00,227.00,344.00,227.00
344.00,100.00,377.00,100.00,377.00,226.00,344.00,226.00
345.00,102.00,379.00,102.00,379.00,226.00,345.00,226.00
345.00,101.00,378.00,101.00,378.00,225.00,345.00,225.00
344.00,101.00,377.00,101.00,377.00,224.00,344.00,224.00
344.00,102.00,377.00,102.00,377.00,224.00,344.00,224.00
344.00,101.00,376.00,101.00,376.00,223.00,344.00,223.00
345.00,101.00,377.00,101.00,377.00,221.00,345.00,221.00
344.00,104.00,377.00,104.00,377.00,225.00,344.00,225.00
344.00,103.00,377.00,103.00,377.00,224.00,344.00,224.00
344.00,103.00,377.00,103.00,377.00,222.00,344.00,222.00
345.00,103.00,377.00,103.00,377.00,222.00,345.00,222.00
345.00,104.00,377.00,104.00,377.00,221.00,345.00,221.00
346.00,102.00,378.00,102.00,378.00,220.00,346.00,220.00
345.00,105.00,377.00,105.00,377.00,221.00,345.00,221.00
345.00,104.00,375.00,104.00,375.00,218.00,345.00,218.00
345.00,105.00,376.00,105.00,376.00,220.00,345.00,220.00
346.00,107.00,377.00,107.00,377.00,222.00,346.00,222.00
345.00,106.00,376.00,106.00,376.00,220.00,345.00,220.00
344.00,107.00,376.00,107.00,376.00,222.00,344.00,222.00
344.00,108.00,375.00,108.00,375.00,222.00,344.00,222.00
344.00,108.00,375.00,108.00,375.00,222.00,344.00,222.00
345.00,108.00,376.00,108.00,376.00,221.00,345.00,221.00
345.00,105.00,375.00,105.00,375.00,218.00,345.00,218.00
345.00,108.00,376.00,108.00,376.00,220.00,345.00,220.00
344.00,107.00,375.00,107.00,375.00,219.00,344.00,219.00
345.00,110.00,376.00,110.00,376.00,221.00,345.00,221.00
345.00,108.00,376.00,108.00,376.00,217.00,345.00,217.00
346.00,109.00,376.00,109.00,376.00,218.00,346.00,218.00
346.00,108.00,376.00,108.00,376.00,217.00,346.00,217.00
346.00,108.00,376.00,108.00,376.00,218.00,346.00,218.00
345.00,110.00,376.00,110.00,376.00,220.00,345.00,220.00
345.00,107.00,377.00,107.00,377.00,219.00,345.00,219.00
346.00,104.00,377.00,104.00,377.00,215.00,346.00,215.00
346.00,108.00,377.00,108.00,377.00,216.00,346.00,216.00
346.00,106.00,377.00,106.00,377.00,215.00,346.00,215.00
346.00,108.00,377.00,108.00,377.00,216.00,346.00,216.00
347.00,110.00,377.00,110.00,377.00,218.00,347.00,218.00
347.00,109.00,377.00,109.00,377.00,216.00,347.00,216.00
348.00,111.00,378.00,111.00,378.00,218.00,348.00,218.00
347.00,111.00,376.00,111.00,376.00,215.00,347.00,215.00
348.00,111.00,377.00,111.00,377.00,216.00,348.00,216.00
347.00,109.00,376.00,109.00,376.00,212.00,347.00,212.00
348.00,109.00,377.00,109.00,377.00,212.00,348.00,212.00
347.00,111.00,376.00,111.00,376.00,213.00,347.00,213.00
348.00,110.00,377.00,110.00,377.00,212.00,348.00,212.00
348.00,110.00,377.00,110.00,377.00,211.00,348.00,211.00
348.00,111.00,376.00,111.00,376.00,211.00,348.00,211.00
349.00,111.00,378.00,111.00,378.00,211.00,349.00,211.00
349.00,110.00,377.00,110.00,377.00,209.00,349.00,209.00
349.00,111.00,377.00,111.00,377.00,210.00,349.00,210.00
349.00,112.00,377.00,112.00,377.00,210.00,349.00,210.00
349.00,113.00,377.00,113.00,377.00,210.00,349.00,210.00
349.00,111.00,377.00,111.00,377.00,209.00,349.00,209.00
350.00,111.00,377.00,111.00,377.00,208.00,350.00,208.00
349.00,113.00,377.00,113.00,377.00,209.00,349.00,209.00
349.00,112.00,377.00,112.00,377.00,208.00,349.00,208.00
349.00,112.00,377.00,112.00,377.00,208.00,349.00,208.00
349.00,111.00,377.00,111.00,377.00,207.00,349.00,207.00
349.00,113.00,377.00,113.00,377.00,208.00,349.00,208.00
350.00,114.00,378.00,114.00,378.00,209.00,350.00,209.00
350.00,111.00,377.00,111.00,377.00,207.00,350.00,207.00
350.00,113.00,377.00,113.00,377.00,208.00,350.00,208.00
350.00,112.00,377.00,112.00,377.00,207.00,350.00,207.00
350.00,113.00,378.00,113.00,378.00,209.00,350.00,209.00
351.00,114.00,378.00,114.00,378.00,209.00,351.00,209.00
351.00,114.00,378.00,114.00,378.00,208.00,351.00,208.00
351.00,115.00,378.00,115.00,378.00,208.00,351.00,208.00
351.00,116.00,378.00,116.00,378.00,208.00,351.00,208.00
350.00,116.00,377.00,116.00,377.00,207.00,350.00,207.00
351.00,117.00,378.00,117.00,378.00,209.00,351.00,209.00
351.00,117.00,378.00,117.00,378.00,208.00,351.00,208.00
352.00,116.00,378.00,116.00,378.00,206.00,352.00,206.00
351.00,116.00,377.00,116.00,377.00,205.00,351.00,205.00
351.00,116.00,377.00,116.00,377.00,207.00,351.00,207.00
351.00,117.00,377.00,117.00,377.00,207.00,351.00,207.00
351.00,117.00,377.00,117.00,377.00,207.00,351.00,207.00
351.00,117.00,377.00,117.00,377.00,207.00,351.00,207.00
351.00,115.00,376.00,115.00,376.00,204.00,351.00,204.00
351.00,115.00,376.00,115.00,376.00,205.00,351.00,205.00
351.00,115.00,376.00,115.00,376.00,204.00,351.00,204.00
351.00,116.00,377.00,116.00,377.00,205.00,351.00,205.00
350.00,116.00,375.00,116.00,375.00,204.00,350.00,204.00
349.00,116.00,375.00,116.00,375.00,202.00,349.00,202.00
350.00,116.00,376.00,116.00,376.00,204.00,350.00,204.00
350.00,116.00,376.00,116.00,376.00,204.00,350.00,204.00
349.00,117.00,374.00,117.00,374.00,205.00,349.00,205.00
350.00,113.00,375.00,113.00,375.00,201.00,350.00,201.00
349.00,115.00,374.00,115.00,374.00,203.00,349.00,203.00
350.00,114.00,375.00,114.00,375.00,203.00,350.00,203.00
350.00,115.00,375.00,115.00,375.00,202.00,350.00,202.00
350.00,115.00,374.00,115.00,374.00,202.00,350.00,202.00
350.00,116.00,375.00,116.00,375.00,202.00,350.00,202.00
350.00,116.00,374.00,116.00,374.00,201.00,350.00,201.00
350.00,117.00,375.00,117.00,375.00,203.00,350.00,203.00
350.00,116.00,375.00,116.00,375.00,202.00,350.00,202.00
349.00,118.00,374.00,118.00,374.00,202.00,349.00,202.00
350.00,116.00,375.00,116.00,375.00,201.00,350.00,201.00
349.00,115.00,374.00,115.00,374.00,200.00,349.00,200.00
349.00,115.00,373.00,115.00,373.00,199.00,349.00,199.00
350.00,115.00,374.00,115.00,374.00,200.00,350.00,200.00
349.00,116.00,373.00,116.00,373.00,200.00,349.00,200.00
349.00,117.00,373.00,117.00,373.00,200.00,349.00,200.00
349.00,117.00,373.00,117.00,373.00,202.00,349.00,202.00
349.00,116.00,373.00,116.00,373.00,202.00,349.00,202.00
349.00,118.00,374.00,118.00,374.00,204.00,349.00,204.00
349.00,116.00,373.00,116.00,373.00,201.00,349.00,201.00
350.00,119.00,374.00,119.00,374.00,203.00,350.00,203.00
349.00,118.00,374.00,118.00,374.00,201.00,349.00,201.00
349.00,118.00,373.00,118.00,373.00,201.00,349.00,201.00
350.00,120.00,374.00,120.00,374.00,204.00,350.00,204.00
349.00,117.00,373.00,117.00,373.00,200.00,349.00,200.00
350.00,118.00,374.00,118.00,374.00,201.00,350.00,201.00
350.00,119.00,374.00,119.00,374.00,201.00,350.00,201.00
351.00,119.00,375.00,119.00,375.00,200.00,351.00,200.00
