1
316.00,535.00,329.00,535.00,329.00,584.00,316.00,584.00
312.00,524.00,322.00,524.00,322.00,571.00,312.00,571.00
308.00,532.00,321.00,532.00,321.00,581.00,308.00,581.00
328.00,527.00,341.00,527.00,341.00,576.00,328.00,576.00
321.00,514.00,336.00,514.00,336.00,563.00,321.00,563.00
320.00,502.00,333.00,502.00,333.00,551.00,320.00,551.00
316.00,482.00,329.00,482.00,329.00,531.00,316.00,531.00
324.00,480.00,337.00,480.00,337.00,530.00,324.00,530.00
327.00,462.00,340.00,462.00,340.00,512.00,327.00,512.00
312.00,438.00,324.00,438.00,324.00,481.00,312.00,481.00
329.00,432.00,343.00,432.00,343.00,476.00,329.00,476.00
343.00,428.00,353.00,428.00,353.00,477.00,343.00,477.00
345.00,432.00,354.00,432.00,354.00,482.00,345.00,482.00
350.00,422.00,360.00,422.00,360.00,469.00,350.00,469.00
360.00,428.00,375.00,428.00,375.00,479.00,360.00,479.00
377.00,438.00,394.00,438.00,394.00,483.00,377.00,483.00
397.00,429.00,412.00,429.00,412.00,483.00,397.00,483.00
396.00,409.00,410.00,409.00,410.00,464.00,396.00,464.00
380.00,404.00,393.00,404.00,393.00,456.00,380.00,456.00
376.00,389.00,387.00,389.00,387.00,441.00,376.00,441.00
377.00,392.00,388.00,392.00,388.00,440.00,377.00,440.00
377.00,379.00,387.00,379.00,387.00,436.00,377.00,436.00
367.00,376.00,381.00,376.00,381.00,422.00,367.00,422.00
355.00,363.00,369.00,363.00,369.00,423.00,355.00,423.00
348.00,356.00,360.00,356.00,360.00,403.00,348.00,403.00
350.00,338.00,364.00,338.00,364.00,401.00,350.00,401.00
349.00,327.00,362.00,327.00,362.00,381.00,349.00,381.00
350.00,308.00,365.00,308.00,365.00,368.00,350.00,368.00
368.00,295.00,381.00,295.00,381.00,350.00,368.00,350.00
377.00,268.00,389.00,268.00,389.00,336.00,377.00,336.00
376.00,257.00,389.00,257.00,389.00,313.00,376.00,313.00
391.00,236.00,404.00,236.00,404.00,293.00,391.00,293.00
406.00,231.00,419.00,231.00,419.00,288.00,406.00,288.00
419.00,253.00,433.00,253.00,433.00,314.00,419.00,314.00
435.00,265.00,454.00,265.00,454.00,321.00,435.00,321.00
453.00,275.00,465.00,275.00,465.00,339.00,453.00,339.00
458.00,290.00,471.00,290.00,471.00,342.00,458.00,342.00
464.00,290.00,478.00,290.00,478.00,353.00,464.00,353.00
441.00,309.00,458.00,309.00,458.00,365.00,441.00,365.00
441.00,301.00,455.00,301.00,455.00,359.00,441.00,359.00
430.00,311.00,446.00,311.00,446.00,377.00,430.00,377.00
410.00,318.00,427.00,318.00,427.00,376.00,410.00,376.00
409.00,307.00,422.00,307.00,422.00,364.00,409.00,364.00
420.00,315.00,433.00,315.00,433.00,372.00,420.00,372.00
423.00,302.00,436.00,302.00,436.00,359.00,423.00,359.00
444.00,292.00,457.00,292.00,457.00,349.00,444.00,349.00
443.00,282.00,456.00,282.00,456.00,340.00,443.00,340.00
419.00,265.00,432.00,265.00,432.00,323.00,419.00,323.00
413.00,261.00,426.00,261.00,426.00,319.00,413.00,319.00
398.00,256.00,411.00,256.00,411.00,315.00,398.00,315.00
401.00,247.00,414.00,247.00,414.00,305.00,401.00,305.00
424.00,269.00,437.00,269.00,437.00,327.00,424.00,327.00
441.00,279.00,454.00,279.00,454.00,336.00,441.00,336.00
472.00,302.00,485.00,302.00,485.00,359.00,472.00,359.00
453.00,317.00,466.00,317.00,466.00,374.00,453.00,374.00
426.00,304.00,439.00,304.00,439.00,362.00,426.00,362.00
419.00,326.00,432.00,326.00,432.00,383.00,419.00,383.00
414.00,279.00,427.00,279.00,427.00,336.00,414.00,336.00
417.00,299.00,430.00,299.00,430.00,355.00,417.00,355.00
418.00,290.00,431.00,290.00,431.00,346.00,418.00,346.00
421.00,268.00,434.00,268.00,434.00,324.00,421.00,324.00
399.00,272.00,412.00,272.00,412.00,326.00,399.00,326.00
384.00,301.00,397.00,301.00,397.00,355.00,384.00,355.00
383.00,296.00,396.00,296.00,396.00,351.00,383.00,351.00
380.00,321.00,393.00,321.00,393.00,376.00,380.00,376.00
391.00,316.00,404.00,316.00,404.00,371.00,391.00,371.00
390.00,329.00,403.00,329.00,403.00,385.00,390.00,385.00
392.00,323.00,405.00,323.00,405.00,378.00,392.00,378.00
396.00,317.00,409.00,317.00,409.00,372.00,396.00,372.00
398.00,312.00,411.00,312.00,411.00,368.00,398.00,368.00
387.00,318.00,400.00,318.00,400.00,373.00,387.00,373.00
380.00,312.00,393.00,312.00,393.00,367.00,380.00,367.00
399.00,313.00,412.00,313.00,412.00,368.00,399.00,368.00
405.00,337.00,418.00,337.00,418.00,392.00,405.00,392.00
424.00,315.00,437.00,315.00,437.00,370.00,424.00,370.00
388.00,276.00,401.00,276.00,401.00,331.00,388.00,331.00
376.00,260.00,389.00,260.00,389.00,314.00,376.00,314.00
378.00,249.00,391.00,249.00,391.00,303.00,378.00,303.00
393.00,231.00,406.00,231.00,406.00,285.00,393.00,285.00
387.00,236.00,400.00,236.00,400.00,289.00,387.00,289.00
391.00,240.00,404.00,240.00,404.00,294.00,391.00,294.00
407.00,251.00,420.00,251.00,420.00,305.00,407.00,305.00
394.00,248.00,407.00,248.00,407.00,301.00,394.00,301.00
426.00,245.00,439.00,245.00,439.00,298.00,426.00,298.00
444.00,229.00,457.00,229.00,457.00,282.00,444.00,282.00
440.00,255.00,453.00,255.00,453.00,308.00,440.00,308.00
470.00,268.00,483.00,268.00,483.00,321.00,470.00,321.00
495.00,259.00,508.00,259.00,508.00,312.00,495.00,312.00
487.00,269.00,500.00,269.00,500.00,322.00,487.00,322.00
486.00,277.00,499.00,277.00,499.00,330.00,486.00,330.00
493.00,285.00,506.00,285.00,506.00,337.00,493.00,337.00
501.00,286.00,514.00,286.00,514.00,338.00,501.00,338.00
501.00,250.00,514.00,250.00,514.00,302.00,501.00,302.00
534.00,237.00,547.00,237.00,547.00,289.00,534.00,289.00
534.00,229.00,547.00,229.00,547.00,281.00,534.00,281.00
557.00,210.00,569.00,210.00,569.00,260.00,557.00,260.00
563.00,205.00,575.00,205.00,575.00,254.00,563.00,254.00
556.00,209.00,568.00,209.00,568.00,257.00,556.00,257.00
571.00,212.00,583.00,212.00,583.00,260.00,571.00,260.00
572.00,220.00,584.00,220.00,584.00,269.00,572.00,269.00
565.00,253.00,577.00,253.00,577.00,302.00,565.00,302.00
543.00,277.00,555.00,277.00,555.00,326.00,543.00,326.00
552.00,272.00,564.00,272.00,564.00,332.00,552.00,332.00
564.00,265.00,577.00,265.00,577.00,319.00,564.00,319.00
574.00,256.00,584.00,256.00,584.00,313.00,574.00,313.00
585.00,236.00,595.00,236.00,595.00,296.00,585.00,296.00
590.00,221.00,600.00,221.00,600.00,281.00,590.00,281.00
595.00,215.00,609.00,215.00,609.00,272.00,595.00,272.00
608.00,215.00,622.00,215.00,622.00,270.00,608.00,270.00
616.00,217.00,624.00,217.00,624.00,270.00,616.00,270.00
604.00,208.00,620.00,208.00,620.00,264.00,604.00,264.00
587.00,201.00,598.00,201.00,598.00,254.00,587.00,254.00
582.00,208.00,591.00,208.00,591.00,264.00,582.00,264.00
571.00,196.00,586.00,196.00,586.00,256.00,571.00,256.00
558.00,207.00,570.00,207.00,570.00,256.00,558.00,256.00
547.00,202.00,559.00,202.00,559.00,250.00,547.00,250.00
556.00,214.00,568.00,214.00,568.00,262.00,556.00,262.00
539.00,209.00,551.00,209.00,551.00,257.00,539.00,257.00
534.00,187.00,546.00,187.00,546.00,235.00,534.00,235.00
527.00,178.00,539.00,178.00,539.00,227.00,527.00,227.00
530.00,160.00,542.00,160.00,542.00,210.00,530.00,210.00
551.00,171.00,563.00,171.00,563.00,221.00,551.00,221.00
563.00,176.00,575.00,176.00,575.00,227.00,563.00,227.00
568.00,178.00,580.00,178.00,580.00,230.00,568.00,230.00
568.00,180.00,580.00,180.00,580.00,232.00,568.00,232.00
543.00,173.00,555.00,173.00,555.00,225.00,543.00,225.00
529.00,170.00,542.00,170.00,542.00,234.00,529.00,234.00
550.00,177.00,562.00,177.00,562.00,229.00,550.00,229.00
