1
291.00,136.00,339.00,136.00,339.00,304.00,291.00,304.00
291.00,136.00,339.00,136.00,339.00,304.00,291.00,304.00
293.00,136.00,341.00,136.00,341.00,303.00,293.00,303.00
293.00,136.00,342.00,136.00,342.00,303.00,293.00,303.00
294.00,137.00,344.00,137.00,344.00,305.00,294.00,305.00
295.00,137.00,343.00,137.00,343.00,304.00,295.00,304.00
297.00,136.00,343.00,136.00,343.00,305.00,297.00,305.00
297.00,136.00,342.00,136.00,342.00,305.00,297.00,305.00
297.00,137.00,341.00,137.00,341.00,308.00,297.00,308.00
297.00,137.00,341.00,137.00,341.00,308.00,297.00,308.00
295.00,137.00,339.00,137.00,339.00,307.00,295.00,307.00
293.00,138.00,338.00,138.00,338.00,308.00,293.00,308.00
291.00,139.00,336.00,139.00,336.00,306.00,291.00,306.00
289.00,140.00,332.00,140.00,332.00,304.00,289.00,304.00
288.00,141.00,331.00,141.00,331.00,307.00,288.00,307.00
285.00,140.00,328.00,140.00,328.00,305.00,285.00,305.00
283.00,140.00,327.00,140.00,327.00,306.00,283.00,306.00
282.00,142.00,326.00,142.00,326.00,304.00,282.00,304.00
280.00,142.00,324.00,142.00,324.00,307.00,280.00,307.00
279.00,142.00,322.00,142.00,322.00,307.00,279.00,307.00
278.00,144.00,321.00,144.00,321.00,307.00,278.00,307.00
276.00,145.00,319.00,145.00,319.00,304.00,276.00,304.00
276.00,147.00,318.00,147.00,318.00,307.00,276.00,307.00
275.00,146.00,318.00,146.00,318.00,307.00,275.00,307.00
274.00,148.00,317.00,148.00,317.00,306.00,274.00,306.00
274.00,149.00,317.00,149.00,317.00,306.00,274.00,306.00
273.00,150.00,315.00,150.00,315.00,307.00,273.00,307.00
273.00,150.00,316.00,150.00,316.00,306.00,273.00,306.00
272.00,153.00,314.00,153.00,314.00,308.00,272.00,308.00
270.00,155.00,312.00,155.00,312.00,307.00,270.00,307.00
269.00,156.00,311.00,156.00,311.00,306.00,269.00,306.00
268.00,158.00,309.00,158.00,309.00,308.00,268.00,308.00
267.00,159.00,309.00,159.00,309.00,311.00,267.00,311.00
266.00,159.00,307.00,159.00,307.00,311.00,266.00,311.00
265.00,159.00,307.00,159.00,307.00,309.00,265.00,309.00
262.00,162.00,305.00,162.00,305.00,311.00,262.00,311.00
262.00,159.00,305.00,159.00,305.00,307.00,262.00,307.00
260.00,160.00,303.00,160.00,303.00,307.00,260.00,307.00
258.00,161.00,301.00,161.00,301.00,307.00,258.00,307.00
256.00,162.00,299.00,162.00,299.00,307.00,256.00,307.00
255.00,162.00,298.00,162.00,298.00,307.00,255.00,307.00
256.00,162.00,297.00,162.00,297.00,310.00,256.00,310.00
254.00,163.00,295.00,163.00,295.00,311.00,254.00,311.00
257.00,162.00,297.00,162.00,297.00,308.00,257.00,308.00
256.00,162.00,297.00,162.00,297.00,307.00,256.00,307.00
256.00,165.00,297.00,165.00,297.00,309.00,256.00,309.00
259.00,162.00,299.00,162.00,299.00,308.00,259.00,308.00
259.00,165.00,298.00,165.00,298.00,308.00,259.00,308.00
261.00,162.00,299.00,162.00,299.00,305.00,261.00,305.00
259.00,163.00,298.00,163.00,298.00,304.00,259.00,304.00
257.00,162.00,297.00,162.00,297.00,302.00,257.00,302.00
254.00,159.00,295.00,159.00,295.00,300.00,254.00,300.00
256.00,158.00,295.00,158.00,295.00,301.00,256.00,301.00
253.00,155.00,293.00,155.00,293.00,298.00,253.00,298.00
255.00,156.00,293.00,156.00,293.00,297.00,255.00,297.00
254.00,159.00,293.00,159.00,293.00,297.00,254.00,297.00
256.00,158.00,295.00,158.00,295.00,297.00,256.00,297.00
254.00,159.00,294.00,159.00,294.00,297.00,254.00,297.00
255.00,156.00,296.00,156.00,296.00,296.00,255.00,296.00
253.00,154.00,295.00,154.00,295.00,294.00,253.00,294.00
253.00,152.00,294.00,152.00,294.00,294.00,253.00,294.00
252.00,150.00,292.00,150.00,292.00,290.00,252.00,290.00
250.00,148.00,290.00,148.00,290.00,291.00,250.00,291.00
251.00,148.00,291.00,148.00,291.00,287.00,251.00,287.00
253.00,151.00,291.00,151.00,291.00,290.00,253.00,290.00
254.00,150.00,292.00,150.00,292.00,287.00,254.00,287.00
254.00,150.00,292.00,150.00,292.00,286.00,254.00,286.00
256.00,147.00,294.00,147.00,294.00,285.00,256.00,285.00
255.00,147.00,294.00,147.00,294.00,284.00,255.00,284.00
255.00,148.00,295.00,148.00,295.00,281.00,255.00,281.00
258.00,149.00,295.00,149.00,295.00,281.00,258.00,281.00
258.00,147.00,296.00,147.00,296.00,281.00,258.00,281.00
259.00,149.00,296.00,149.00,296.00,282.00,259.00,282.00
259.00,151.00,296.00,151.00,296.00,281.00,259.00,281.00
260.00,150.00,298.00,150.00,298.00,277.00,260.00,277.00
259.00,149.00,298.00,149.00,298.00,277.00,259.00,277.00
257.00,154.00,297.00,154.00,297.00,279.00,257.00,279.00
257.00,152.00,297.00,152.00,297.00,279.00,257.00,279.00
259.00,149.00,299.00,149.00,299.00,276.00,259.00,276.00
258.00,153.00,298.00,153.00,298.00,279.00,258.00,279.00
258.00,152.00,298.00,152.00,298.00,281.00,258.00,281.00
258.00,152.00,298.00,152.00,298.00,280.00,258.00,280.00
258.00,148.00,298.00,148.00,298.00,279.00,258.00,279.00
259.00,146.00,298.00,146.00,298.00,281.00,259.00,281.00
259.00,152.00,298.00,152.00,298.00,287.00,259.00,287.00
260.00,151.00,299.00,151.00,299.00,286.00,260.00,286.00
262.00,147.00,299.00,147.00,299.00,281.00,262.00,281.00
262.00,147.00,299.00,147.00,299.00,280.00,262.00,280.00
263.00,146.00,300.00,146.00,300.00,279.00,263.00,279.00
264.00,148.00,301.00,148.00,301.00,278.00,264.00,278.00
264.00,146.00,302.00,146.00,302.00,277.00,264.00,277.00
263.00,146.00,302.00,146.00,302.00,276.00,263.00,276.00
263.00,148.00,304.00,148.00,304.00,277.00,263.00,277.00
263.00,145.00,305.00,145.00,305.00,278.00,263.00,278.00
264.00,144.00,308.00,144.00,308.00,278.00,264.00,278.00
264.00,143.00,307.00,143.00,307.00,279.00,264.00,279.00
266.00,146.00,308.00,146.00,308.00,278.00,266.00,278.00
268.00,146.00,309.00,146.00,309.00,277.00,268.00,277.00
269.00,147.00,310.00,147.00,310.00,277.00,269.00,277.00
271.00,144.00,312.00,144.00,312.00,277.00,271.00,277.00
271.00,144.00,311.00,144.00,311.00,276.00,271.00,276.00
274.00,146.00,314.00,146.00,314.00,279.00,274.00,279.00
276.00,146.00,316.00,146.00,316.00,277.00,276.00,277.00
279.00,145.00,319.00,145.00,319.00,276.00,279.00,276.00
284.00,138.00,322.00,138.00,322.00,272.00,284.00,272.00
272.00,145.00,312.00,145.00,312.00,287.00,272.00,287.00
265.00,164.00,305.00,164.00,305.00,305.00,265.00,305.00
252.00,204.00,292.00,204.00,292.00,345.00,252.00,345.00
272.00,197.00,312.00,197.00,312.00,337.00,272.00,337.00
275.00,204.00,316.00,204.00,316.00,346.00,275.00,346.00
271.00,208.00,312.00,208.00,312.00,349.00,271.00,349.00
303.00,193.00,350.00,193.00,350.00,324.00,303.00,324.00
304.00,198.00,354.00,198.00,354.00,322.00,304.00,322.00
314.00,199.00,356.00,199.00,356.00,340.00,314.00,340.00
319.00,198.00,366.00,198.00,366.00,323.00,319.00,323.00
2
0
0
0
0
1
277.00,143.00,335.00,143.00,335.00,302.00,277.00,302.00
281.00,143.00,335.00,143.00,335.00,305.00,281.00,305.00
280.00,143.00,333.00,143.00,333.00,300.00,280.00,300.00
282.00,141.00,336.00,141.00,336.00,301.00,282.00,301.00
280.00,142.00,335.00,142.00,335.00,299.00,280.00,299.00
280.00,143.00,334.00,143.00,334.00,297.00,280.00,297.00
280.00,145.00,334.00,145.00,334.00,298.00,280.00,298.00
277.00,144.00,333.00,144.00,333.00,299.00,277.00,299.00
276.00,144.00,332.00,144.00,332.00,298.00,276.00,298.00
276.00,144.00,333.00,144.00,333.00,299.00,276.00,299.00
274.00,142.00,332.00,142.00,332.00,300.00,274.00,300.00
273.00,144.00,331.00,144.00,331.00,300.00,273.00,300.00
272.00,146.00,330.00,146.00,330.00,302.00,272.00,302.00
272.00,147.00,331.00,147.00,331.00,303.00,272.00,303.00
271.00,146.00,330.00,146.00,330.00,306.00,271.00,306.00
271.00,145.00,330.00,145.00,330.00,307.00,271.00,307.00
270.00,144.00,329.00,144.00,329.00,306.00,270.00,306.00
270.00,145.00,330.00,145.00,330.00,307.00,270.00,307.00
270.00,147.00,328.00,147.00,328.00,307.00,270.00,307.00
269.00,146.00,326.00,146.00,326.00,308.00,269.00,308.00
269.00,149.00,326.00,149.00,326.00,307.00,269.00,307.00
269.00,146.00,326.00,146.00,326.00,308.00,269.00,308.00
269.00,146.00,325.00,146.00,325.00,310.00,269.00,310.00
269.00,144.00,327.00,144.00,327.00,307.00,269.00,307.00
268.00,145.00,328.00,145.00,328.00,309.00,268.00,309.00
269.00,145.00,329.00,145.00,329.00,307.00,269.00,307.00
269.00,147.00,330.00,147.00,330.00,307.00,269.00,307.00
269.00,146.00,333.00,146.00,333.00,310.00,269.00,310.00
269.00,147.00,333.00,147.00,333.00,311.00,269.00,311.00
270.00,148.00,333.00,148.00,333.00,312.00,270.00,312.00
272.00,150.00,332.00,150.00,332.00,311.00,272.00,311.00
274.00,150.00,335.00,150.00,335.00,313.00,274.00,313.00
274.00,153.00,334.00,153.00,334.00,309.00,274.00,309.00
275.00,153.00,337.00,153.00,337.00,309.00,275.00,309.00
276.00,153.00,337.00,153.00,337.00,307.00,276.00,307.00
274.00,153.00,335.00,153.00,335.00,310.00,274.00,310.00
274.00,154.00,334.00,154.00,334.00,312.00,274.00,312.00
271.00,153.00,333.00,153.00,333.00,313.00,271.00,313.00
270.00,154.00,329.00,154.00,329.00,315.00,270.00,315.00
271.00,156.00,329.00,156.00,329.00,316.00,271.00,316.00
269.00,152.00,327.00,152.00,327.00,318.00,269.00,318.00
267.00,153.00,324.00,153.00,324.00,319.00,267.00,319.00
269.00,158.00,328.00,158.00,328.00,320.00,269.00,320.00
267.00,159.00,328.00,159.00,328.00,321.00,267.00,321.00
269.00,159.00,332.00,159.00,332.00,319.00,269.00,319.00
271.00,163.00,332.00,163.00,332.00,318.00,271.00,318.00
273.00,165.00,335.00,165.00,335.00,322.00,273.00,322.00
276.00,165.00,338.00,165.00,338.00,319.00,276.00,319.00
276.00,163.00,338.00,163.00,338.00,319.00,276.00,319.00
279.00,161.00,340.00,161.00,340.00,317.00,279.00,317.00
278.00,160.00,342.00,160.00,342.00,319.00,278.00,319.00
279.00,161.00,341.00,161.00,341.00,318.00,279.00,318.00
283.00,161.00,351.00,161.00,351.00,320.00,283.00,320.00
283.00,161.00,349.00,161.00,349.00,322.00,283.00,322.00
280.00,162.00,344.00,162.00,344.00,324.00,280.00,324.00
279.00,161.00,343.00,161.00,343.00,323.00,279.00,323.00
280.00,164.00,342.00,164.00,342.00,325.00,280.00,325.00
281.00,162.00,345.00,162.00,345.00,327.00,281.00,327.00
281.00,158.00,344.00,158.00,344.00,326.00,281.00,326.00
285.00,157.00,349.00,157.00,349.00,327.00,285.00,327.00
288.00,156.00,353.00,156.00,353.00,325.00,288.00,325.00
287.00,153.00,350.00,153.00,350.00,324.00,287.00,324.00
291.00,156.00,355.00,156.00,355.00,324.00,291.00,324.00
290.00,156.00,350.00,156.00,350.00,324.00,290.00,324.00
290.00,157.00,351.00,157.00,351.00,323.00,290.00,323.00
292.00,158.00,354.00,158.00,354.00,320.00,292.00,320.00
292.00,159.00,352.00,159.00,352.00,321.00,292.00,321.00
292.00,161.00,353.00,161.00,353.00,325.00,292.00,325.00
293.00,161.00,356.00,161.00,356.00,321.00,293.00,321.00
290.00,160.00,352.00,160.00,352.00,322.00,290.00,322.00
290.00,161.00,349.00,161.00,349.00,322.00,290.00,322.00
291.00,164.00,351.00,164.00,351.00,321.00,291.00,321.00
292.00,167.00,353.00,167.00,353.00,325.00,292.00,325.00
291.00,167.00,353.00,167.00,353.00,323.00,291.00,323.00
290.00,167.00,353.00,167.00,353.00,324.00,290.00,324.00
288.00,168.00,350.00,168.00,350.00,323.00,288.00,323.00
288.00,163.00,348.00,163.00,348.00,322.00,288.00,322.00
288.00,160.00,347.00,160.00,347.00,323.00,288.00,323.00
293.00,156.00,349.00,156.00,349.00,319.00,293.00,319.00
292.00,157.00,350.00,157.00,350.00,321.00,292.00,321.00
298.00,151.00,358.00,151.00,358.00,312.00,298.00,312.00
298.00,149.00,363.00,149.00,363.00,318.00,298.00,318.00
302.00,148.00,367.00,148.00,367.00,316.00,302.00,316.00
302.00,148.00,370.00,148.00,370.00,317.00,302.00,317.00
303.00,144.00,370.00,144.00,370.00,320.00,303.00,320.00
306.00,138.00,375.00,138.00,375.00,319.00,306.00,319.00
310.00,137.00,376.00,137.00,376.00,313.00,310.00,313.00
306.00,141.00,370.00,141.00,370.00,319.00,306.00,319.00
309.00,141.00,371.00,141.00,371.00,314.00,309.00,314.00
310.00,141.00,375.00,141.00,375.00,314.00,310.00,314.00
313.00,146.00,379.00,146.00,379.00,322.00,313.00,322.00
313.00,150.00,381.00,150.00,381.00,321.00,313.00,321.00
311.00,156.00,380.00,156.00,380.00,325.00,311.00,325.00
308.00,157.00,378.00,157.00,378.00,321.00,308.00,321.00
305.00,162.00,379.00,162.00,379.00,321.00,305.00,321.00
300.00,157.00,376.00,157.00,376.00,323.00,300.00,323.00
299.00,159.00,378.00,159.00,378.00,325.00,299.00,325.00
303.00,162.00,380.00,162.00,380.00,320.00,303.00,320.00
304.00,162.00,379.00,162.00,379.00,320.00,304.00,320.00
302.00,164.00,373.00,164.00,373.00,317.00,302.00,317.00
300.00,163.00,370.00,163.00,370.00,320.00,300.00,320.00
302.00,163.00,373.00,163.00,373.00,319.00,302.00,319.00
301.00,163.00,372.00,163.00,372.00,322.00,301.00,322.00
302.00,167.00,374.00,167.00,374.00,325.00,302.00,325.00
304.00,165.00,373.00,165.00,373.00,325.00,304.00,325.00
303.00,166.00,371.00,166.00,371.00,323.00,303.00,323.00
306.00,166.00,373.00,166.00,373.00,327.00,306.00,327.00
307.00,167.00,373.00,167.00,373.00,328.00,307.00,328.00
308.00,167.00,373.00,167.00,373.00,328.00,308.00,328.00
309.00,166.00,372.00,166.00,372.00,328.00,309.00,328.00
312.00,165.00,377.00,165.00,377.00,327.00,312.00,327.00
314.00,162.00,379.00,162.00,379.00,326.00,314.00,326.00
317.00,162.00,380.00,162.00,380.00,326.00,317.00,326.00
318.00,161.00,381.00,161.00,381.00,325.00,318.00,325.00
323.00,166.00,385.00,166.00,385.00,324.00,323.00,324.00
323.00,166.00,385.00,166.00,385.00,327.00,323.00,327.00
325.00,165.00,387.00,165.00,387.00,327.00,325.00,327.00
325.00,161.00,390.00,161.00,390.00,327.00,325.00,327.00
326.00,166.00,391.00,166.00,391.00,329.00,326.00,329.00
330.00,168.00,396.00,168.00,396.00,329.00,330.00,329.00
332.00,172.00,398.00,172.00,398.00,332.00,332.00,332.00
333.00,173.00,397.00,173.00,397.00,333.00,333.00,333.00
336.00,174.00,403.00,174.00,403.00,332.00,336.00,332.00
337.00,171.00,403.00,171.00,403.00,335.00,337.00,335.00
337.00,172.00,407.00,172.00,407.00,334.00,337.00,334.00
338.00,171.00,409.00,171.00,409.00,335.00,338.00,335.00
341.00,171.00,412.00,171.00,412.00,335.00,341.00,335.00
341.00,174.00,412.00,174.00,412.00,334.00,341.00,334.00
342.00,168.00,412.00,168.00,412.00,333.00,342.00,333.00
343.00,167.00,415.00,167.00,415.00,332.00,343.00,332.00
344.00,165.00,415.00,165.00,415.00,332.00,344.00,332.00
347.00,168.00,419.00,168.00,419.00,334.00,347.00,334.00
348.00,167.00,423.00,167.00,423.00,336.00,348.00,336.00
352.00,164.00,427.00,164.00,427.00,334.00,352.00,334.00
354.00,162.00,430.00,162.00,430.00,338.00,354.00,338.00
357.00,162.00,433.00,162.00,433.00,342.00,357.00,342.00
360.00,160.00,436.00,160.00,436.00,342.00,360.00,342.00
364.00,158.00,438.00,158.00,438.00,343.00,364.00,343.00
367.00,159.00,443.00,159.00,443.00,340.00,367.00,340.00
371.00,159.00,444.00,159.00,444.00,341.00,371.00,341.00
374.00,161.00,450.00,161.00,450.00,342.00,374.00,342.00
376.00,160.00,450.00,160.00,450.00,342.00,376.00,342.00
378.00,157.00,452.00,157.00,452.00,340.00,378.00,340.00
381.00,157.00,453.00,157.00,453.00,343.00,381.00,343.00
382.00,157.00,453.00,157.00,453.00,341.00,382.00,341.00
384.00,157.00,456.00,157.00,456.00,344.00,384.00,344.00
386.00,160.00,457.00,160.00,457.00,344.00,386.00,344.00
387.00,163.00,454.00,163.00,454.00,344.00,387.00,344.00
389.00,164.00,457.00,164.00,457.00,344.00,389.00,344.00
389.00,165.00,458.00,165.00,458.00,344.00,389.00,344.00
391.00,166.00,461.00,166.00,461.00,344.00,391.00,344.00
392.00,165.00,466.00,165.00,466.00,346.00,392.00,346.00
396.00,167.00,471.00,167.00,471.00,344.00,396.00,344.00
396.00,166.00,473.00,166.00,473.00,344.00,396.00,344.00
397.00,163.00,473.00,163.00,473.00,341.00,397.00,341.00
403.00,160.00,482.00,160.00,482.00,342.00,403.00,342.00
403.00,162.00,482.00,162.00,482.00,340.00,403.00,340.00
407.00,160.00,485.00,160.00,485.00,339.00,407.00,339.00
409.00,163.00,485.00,163.00,485.00,338.00,409.00,338.00
415.00,161.00,493.00,161.00,493.00,342.00,415.00,342.00
416.00,160.00,492.00,160.00,492.00,343.00,416.00,343.00
418.00,156.00,495.00,156.00,495.00,341.00,418.00,341.00
420.00,158.00,491.00,158.00,491.00,341.00,420.00,341.00
424.00,154.00,496.00,154.00,496.00,339.00,424.00,339.00
424.00,158.00,496.00,158.00,496.00,338.00,424.00,338.00
426.00,156.00,494.00,156.00,494.00,339.00,426.00,339.00
428.00,157.00,494.00,157.00,494.00,338.00,428.00,338.00
428.00,157.00,499.00,157.00,499.00,342.00,428.00,342.00
428.00,157.00,500.00,157.00,500.00,342.00,428.00,342.00
426.00,157.00,499.00,157.00,499.00,344.00,426.00,344.00
425.00,154.00,497.00,154.00,497.00,344.00,425.00,344.00
422.00,155.00,499.00,155.00,499.00,344.00,422.00,344.00
418.00,155.00,499.00,155.00,499.00,349.00,418.00,349.00
415.00,153.00,497.00,153.00,497.00,347.00,415.00,347.00
413.00,155.00,494.00,155.00,494.00,349.00,413.00,349.00
411.00,157.00,492.00,157.00,492.00,349.00,411.00,349.00
409.00,154.00,490.00,154.00,490.00,351.00,409.00,351.00
406.00,157.00,488.00,157.00,488.00,350.00,406.00,350.00
403.00,154.00,485.00,154.00,485.00,347.00,403.00,347.00
401.00,154.00,480.00,154.00,480.00,348.00,401.00,348.00
399.00,155.00,477.00,155.00,477.00,348.00,399.00,348.00
397.00,154.00,473.00,154.00,473.00,346.00,397.00,346.00
395.00,156.00,470.00,156.00,470.00,347.00,395.00,347.00
392.00,154.00,464.00,154.00,464.00,343.00,392.00,343.00
392.00,154.00,463.00,154.00,463.00,343.00,392.00,343.00
390.00,153.00,460.00,153.00,460.00,344.00,390.00,344.00
389.00,152.00,460.00,152.00,460.00,343.00,389.00,343.00
388.00,152.00,458.00,152.00,458.00,341.00,388.00,341.00
388.00,153.00,459.00,153.00,459.00,342.00,388.00,342.00
390.00,154.00,459.00,154.00,459.00,339.00,390.00,339.00
391.00,152.00,461.00,152.00,461.00,340.00,391.00,340.00
391.00,151.00,461.00,151.00,461.00,338.00,391.00,338.00
390.00,151.00,462.00,151.00,462.00,337.00,390.00,337.00
391.00,148.00,461.00,148.00,461.00,339.00,391.00,339.00
391.00,148.00,460.00,148.00,460.00,337.00,391.00,337.00
393.00,151.00,460.00,151.00,460.00,337.00,393.00,337.00
393.00,150.00,461.00,150.00,461.00,336.00,393.00,336.00
393.00,149.00,461.00,149.00,461.00,336.00,393.00,336.00
393.00,149.00,462.00,149.00,462.00,335.00,393.00,335.00
394.00,148.00,462.00,148.00,462.00,336.00,394.00,336.00
393.00,147.00,463.00,147.00,463.00,336.00,393.00,336.00
394.00,148.00,465.00,148.00,465.00,338.00,394.00,338.00
395.00,146.00,463.00,146.00,463.00,336.00,395.00,336.00
394.00,148.00,461.00,148.00,461.00,338.00,394.00,338.00
395.00,146.00,459.00,146.00,459.00,333.00,395.00,333.00
394.00,142.00,457.00,142.00,457.00,333.00,394.00,333.00
395.00,144.00,455.00,144.00,455.00,331.00,395.00,331.00
396.00,142.00,457.00,142.00,457.00,327.00,396.00,327.00
396.00,145.00,458.00,145.00,458.00,329.00,396.00,329.00
398.00,144.00,460.00,144.00,460.00,324.00,398.00,324.00
398.00,145.00,460.00,145.00,460.00,324.00,398.00,324.00
399.00,139.00,461.00,139.00,461.00,322.00,399.00,322.00
400.00,139.00,463.00,139.00,463.00,321.00,400.00,321.00
398.00,144.00,463.00,144.00,463.00,324.00,398.00,324.00
399.00,142.00,468.00,142.00,468.00,320.00,399.00,320.00
399.00,143.00,466.00,143.00,466.00,324.00,399.00,324.00
400.00,144.00,471.00,144.00,471.00,324.00,400.00,324.00
400.00,142.00,473.00,142.00,473.00,321.00,400.00,321.00
398.00,141.00,472.00,141.00,472.00,324.00,398.00,324.00
399.00,139.00,474.00,139.00,474.00,322.00,399.00,322.00
401.00,138.00,475.00,138.00,475.00,321.00,401.00,321.00
402.00,138.00,474.00,138.00,474.00,321.00,402.00,321.00
402.00,137.00,473.00,137.00,473.00,319.00,402.00,319.00
404.00,141.00,476.00,141.00,476.00,319.00,404.00,319.00
401.00,142.00,473.00,142.00,473.00,317.00,401.00,317.00
400.00,145.00,472.00,145.00,472.00,317.00,400.00,317.00
398.00,143.00,471.00,143.00,471.00,316.00,398.00,316.00
396.00,142.00,469.00,142.00,469.00,316.00,396.00,316.00
392.00,137.00,467.00,137.00,467.00,315.00,392.00,315.00
390.00,138.00,464.00,138.00,464.00,314.00,390.00,314.00
385.00,136.00,458.00,136.00,458.00,316.00,385.00,316.00
380.00,134.00,457.00,134.00,457.00,315.00,380.00,315.00
378.00,133.00,454.00,133.00,454.00,315.00,378.00,315.00
375.00,129.00,449.00,129.00,449.00,316.00,375.00,316.00
370.00,129.00,446.00,129.00,446.00,318.00,370.00,318.00
370.00,129.00,447.00,129.00,447.00,316.00,370.00,316.00
367.00,128.00,444.00,128.00,444.00,316.00,367.00,316.00
365.00,125.00,441.00,125.00,441.00,313.00,365.00,313.00
361.00,124.00,439.00,124.00,439.00,313.00,361.00,313.00
359.00,123.00,437.00,123.00,437.00,316.00,359.00,316.00
357.00,121.00,435.00,121.00,435.00,314.00,357.00,314.00
357.00,124.00,433.00,124.00,433.00,311.00,357.00,311.00
355.00,123.00,428.00,123.00,428.00,310.00,355.00,310.00
356.00,125.00,429.00,125.00,429.00,310.00,356.00,310.00
358.00,122.00,431.00,122.00,431.00,306.00,358.00,306.00
358.00,122.00,429.00,122.00,429.00,301.00,358.00,301.00
358.00,123.00,428.00,123.00,428.00,303.00,358.00,303.00
357.00,118.00,426.00,118.00,426.00,302.00,357.00,302.00
357.00,116.00,429.00,116.00,429.00,299.00,357.00,299.00
355.00,117.00,428.00,117.00,428.00,299.00,355.00,299.00
352.00,116.00,426.00,116.00,426.00,300.00,352.00,300.00
354.00,115.00,429.00,115.00,429.00,295.00,354.00,295.00
350.00,113.00,423.00,113.00,423.00,297.00,350.00,297.00
351.00,115.00,423.00,115.00,423.00,295.00,351.00,295.00
352.00,116.00,422.00,116.00,422.00,292.00,352.00,292.00
349.00,119.00,419.00,119.00,419.00,294.00,349.00,294.00
352.00,118.00,421.00,118.00,421.00,292.00,352.00,292.00
352.00,119.00,421.00,119.00,421.00,290.00,352.00,290.00
351.00,118.00,419.00,118.00,419.00,290.00,351.00,290.00
348.00,117.00,416.00,117.00,416.00,288.00,348.00,288.00
348.00,119.00,417.00,119.00,417.00,291.00,348.00,291.00
346.00,116.00,415.00,116.00,415.00,293.00,346.00,293.00
346.00,118.00,415.00,118.00,415.00,294.00,346.00,294.00
345.00,117.00,413.00,117.00,413.00,293.00,345.00,293.00
341.00,121.00,411.00,121.00,411.00,295.00,341.00,295.00
341.00,123.00,411.00,123.00,411.00,296.00,341.00,296.00
339.00,127.00,409.00,127.00,409.00,296.00,339.00,296.00
337.00,123.00,408.00,123.00,408.00,298.00,337.00,298.00
335.00,128.00,406.00,128.00,406.00,298.00,335.00,298.00
333.00,128.00,405.00,128.00,405.00,298.00,333.00,298.00
331.00,132.00,403.00,132.00,403.00,298.00,331.00,298.00
330.00,136.00,403.00,136.00,403.00,297.00,330.00,297.00
328.00,126.00,400.00,126.00,400.00,294.00,328.00,294.00
326.00,128.00,397.00,128.00,397.00,294.00,326.00,294.00
323.00,126.00,394.00,126.00,394.00,291.00,323.00,291.00
319.00,126.00,390.00,126.00,390.00,290.00,319.00,290.00
316.00,122.00,386.00,122.00,386.00,291.00,316.00,291.00
312.00,126.00,385.00,126.00,385.00,295.00,312.00,295.00
310.00,127.00,380.00,127.00,380.00,297.00,310.00,297.00
306.00,130.00,379.00,130.00,379.00,298.00,306.00,298.00
305.00,132.00,375.00,132.00,375.00,296.00,305.00,296.00
303.00,131.00,374.00,131.00,374.00,296.00,303.00,296.00
300.00,133.00,373.00,133.00,373.00,299.00,300.00,299.00
297.00,133.00,367.00,133.00,367.00,298.00,297.00,298.00
294.00,132.00,368.00,132.00,368.00,298.00,294.00,298.00
293.00,133.00,362.00,133.00,362.00,297.00,293.00,297.00
290.00,130.00,360.00,130.00,360.00,298.00,290.00,298.00
285.00,130.00,358.00,130.00,358.00,297.00,285.00,297.00
285.00,130.00,354.00,130.00,354.00,296.00,285.00,296.00
283.00,130.00,352.00,130.00,352.00,297.00,283.00,297.00
285.00,130.00,352.00,130.00,352.00,295.00,285.00,295.00
284.00,129.00,352.00,129.00,352.00,295.00,284.00,295.00
281.00,128.00,354.00,128.00,354.00,293.00,281.00,293.00
280.00,130.00,349.00,130.00,349.00,292.00,280.00,292.00
278.00,130.00,349.00,130.00,349.00,295.00,278.00,295.00
274.00,133.00,347.00,133.00,347.00,295.00,274.00,295.00
273.00,132.00,346.00,132.00,346.00,298.00,273.00,298.00
275.00,133.00,346.00,133.00,346.00,299.00,275.00,299.00
273.00,135.00,345.00,135.00,345.00,301.00,273.00,301.00
274.00,134.00,347.00,134.00,347.00,300.00,274.00,300.00
274.00,131.00,346.00,131.00,346.00,301.00,274.00,301.00
270.00,130.00,342.00,130.00,342.00,302.00,270.00,302.00
271.00,129.00,345.00,129.00,345.00,304.00,271.00,304.00
269.00,129.00,345.00,129.00,345.00,305.00,269.00,305.00
265.00,130.00,341.00,130.00,341.00,307.00,265.00,307.00
265.00,134.00,340.00,134.00,340.00,308.00,265.00,308.00
261.00,134.00,337.00,134.00,337.00,309.00,261.00,309.00
261.00,135.00,337.00,135.00,337.00,313.00,261.00,313.00
261.00,135.00,339.00,135.00,339.00,310.00,261.00,310.00
258.00,131.00,336.00,131.00,336.00,309.00,258.00,309.00
256.00,134.00,333.00,134.00,333.00,314.00,256.00,314.00
257.00,133.00,335.00,133.00,335.00,308.00,257.00,308.00
256.00,133.00,333.00,133.00,333.00,308.00,256.00,308.00
256.00,131.00,331.00,131.00,331.00,305.00,256.00,305.00
254.00,136.00,327.00,136.00,327.00,307.00,254.00,307.00
256.00,134.00,327.00,134.00,327.00,302.00,256.00,302.00
256.00,138.00,326.00,138.00,326.00,306.00,256.00,306.00
259.00,136.00,329.00,136.00,329.00,303.00,259.00,303.00
258.00,136.00,330.00,136.00,330.00,305.00,258.00,305.00
259.00,138.00,329.00,138.00,329.00,309.00,259.00,309.00
260.00,139.00,331.00,139.00,331.00,309.00,260.00,309.00
260.00,144.00,332.00,144.00,332.00,313.00,260.00,313.00
260.00,146.00,332.00,146.00,332.00,317.00,260.00,317.00
260.00,142.00,333.00,142.00,333.00,316.00,260.00,316.00
262.00,143.00,338.00,143.00,338.00,318.00,262.00,318.00
266.00,140.00,344.00,140.00,344.00,312.00,266.00,312.00
267.00,144.00,343.00,144.00,343.00,315.00,267.00,315.00
273.00,138.00,344.00,138.00,344.00,307.00,273.00,307.00
273.00,142.00,343.00,142.00,343.00,312.00,273.00,312.00
275.00,143.00,346.00,143.00,346.00,312.00,275.00,312.00
276.00,140.00,346.00,140.00,346.00,311.00,276.00,311.00
274.00,138.00,342.00,138.00,342.00,311.00,274.00,311.00
275.00,136.00,346.00,136.00,346.00,310.00,275.00,310.00
273.00,135.00,342.00,135.00,342.00,308.00,273.00,308.00
272.00,126.00,340.00,126.00,340.00,307.00,272.00,307.00
271.00,136.00,340.00,136.00,340.00,311.00,271.00,311.00
269.00,138.00,337.00,138.00,337.00,311.00,269.00,311.00
267.00,140.00,337.00,140.00,337.00,318.00,267.00,318.00
267.00,139.00,336.00,139.00,336.00,318.00,267.00,318.00
266.00,136.00,336.00,136.00,336.00,317.00,266.00,317.00
263.00,142.00,332.00,142.00,332.00,320.00,263.00,320.00
261.00,140.00,329.00,140.00,329.00,314.00,261.00,314.00
257.00,131.00,325.00,131.00,325.00,308.00,257.00,308.00
255.00,135.00,324.00,135.00,324.00,312.00,255.00,312.00
254.00,134.00,323.00,134.00,323.00,311.00,254.00,311.00
252.00,132.00,322.00,132.00,322.00,314.00,252.00,314.00
251.00,130.00,322.00,130.00,322.00,315.00,251.00,315.00
249.00,129.00,323.00,129.00,323.00,317.00,249.00,317.00
249.00,131.00,323.00,131.00,323.00,319.00,249.00,319.00
248.00,132.00,323.00,132.00,323.00,319.00,248.00,319.00
246.00,135.00,320.00,135.00,320.00,320.00,246.00,320.00
249.00,130.00,325.00,130.00,325.00,321.00,249.00,321.00
247.00,135.00,323.00,135.00,323.00,325.00,247.00,325.00
248.00,133.00,324.00,133.00,324.00,323.00,248.00,323.00
247.00,133.00,324.00,133.00,324.00,326.00,247.00,326.00
248.00,132.00,325.00,132.00,325.00,325.00,248.00,325.00
251.00,136.00,328.00,136.00,328.00,330.00,251.00,330.00
252.00,136.00,330.00,136.00,330.00,329.00,252.00,329.00
251.00,143.00,327.00,143.00,327.00,332.00,251.00,332.00
255.00,142.00,331.00,142.00,331.00,333.00,255.00,333.00
251.00,143.00,326.00,143.00,326.00,333.00,251.00,333.00
254.00,139.00,329.00,139.00,329.00,327.00,254.00,327.00
253.00,137.00,326.00,137.00,326.00,330.00,253.00,330.00
251.00,139.00,324.00,139.00,324.00,328.00,251.00,328.00
249.00,139.00,323.00,139.00,323.00,330.00,249.00,330.00
248.00,140.00,324.00,140.00,324.00,329.00,248.00,329.00
247.00,135.00,320.00,135.00,320.00,323.00,247.00,323.00
245.00,129.00,320.00,129.00,320.00,321.00,245.00,321.00
243.00,127.00,319.00,127.00,319.00,323.00,243.00,323.00
242.00,124.00,319.00,124.00,319.00,321.00,242.00,321.00
238.00,124.00,316.00,124.00,316.00,319.00,238.00,319.00
242.00,119.00,314.00,119.00,314.00,308.00,242.00,308.00
237.00,116.00,310.00,116.00,310.00,313.00,237.00,313.00
239.00,113.00,311.00,113.00,311.00,307.00,239.00,307.00
234.00,116.00,308.00,116.00,308.00,311.00,234.00,311.00
237.00,109.00,308.00,109.00,308.00,303.00,237.00,303.00
231.00,116.00,306.00,116.00,306.00,311.00,231.00,311.00
230.00,113.00,308.00,113.00,308.00,314.00,230.00,314.00
232.00,109.00,309.00,109.00,309.00,311.00,232.00,311.00
232.00,110.00,310.00,110.00,310.00,310.00,232.00,310.00
234.00,112.00,312.00,112.00,312.00,312.00,234.00,312.00
233.00,110.00,311.00,110.00,311.00,314.00,233.00,314.00
236.00,114.00,314.00,114.00,314.00,310.00,236.00,310.00
234.00,111.00,311.00,111.00,311.00,311.00,234.00,311.00
236.00,110.00,312.00,110.00,312.00,309.00,236.00,309.00
237.00,107.00,314.00,107.00,314.00,309.00,237.00,309.00
237.00,107.00,314.00,107.00,314.00,308.00,237.00,308.00
240.00,106.00,318.00,106.00,318.00,307.00,240.00,307.00
241.00,102.00,319.00,102.00,319.00,299.00,241.00,299.00
241.00,99.00,320.00,99.00,320.00,300.00,241.00,300.00
239.00,93.00,318.00,93.00,318.00,294.00,239.00,294.00
241.00,93.00,319.00,93.00,319.00,293.00,241.00,293.00
243.00,96.00,318.00,96.00,318.00,292.00,243.00,292.00
244.00,101.00,318.00,101.00,318.00,295.00,244.00,295.00
244.00,104.00,316.00,104.00,316.00,290.00,244.00,290.00
245.00,106.00,316.00,106.00,316.00,291.00,245.00,291.00
247.00,101.00,318.00,101.00,318.00,284.00,247.00,284.00
246.00,100.00,318.00,100.00,318.00,280.00,246.00,280.00
247.00,95.00,319.00,95.00,319.00,277.00,247.00,277.00
246.00,94.00,316.00,94.00,316.00,275.00,246.00,275.00
246.00,92.00,318.00,92.00,318.00,276.00,246.00,276.00
245.00,89.00,317.00,89.00,317.00,272.00,245.00,272.00
244.00,90.00,316.00,90.00,316.00,275.00,244.00,275.00
244.00,88.00,315.00,88.00,315.00,274.00,244.00,274.00
243.00,92.00,314.00,92.00,314.00,273.00,243.00,273.00
244.00,94.00,314.00,94.00,314.00,271.00,244.00,271.00
242.00,96.00,311.00,96.00,311.00,271.00,242.00,271.00
243.00,96.00,312.00,96.00,312.00,274.00,243.00,274.00
243.00,97.00,312.00,97.00,312.00,272.00,243.00,272.00
242.00,91.00,311.00,91.00,311.00,268.00,242.00,268.00
241.00,84.00,310.00,84.00,310.00,262.00,241.00,262.00
241.00,82.00,311.00,82.00,311.00,260.00,241.00,260.00
238.00,79.00,308.00,79.00,308.00,256.00,238.00,256.00
239.00,81.00,307.00,81.00,307.00,257.00,239.00,257.00
241.00,80.00,308.00,80.00,308.00,254.00,241.00,254.00
242.00,81.00,309.00,81.00,309.00,254.00,242.00,254.00
238.00,82.00,308.00,82.00,308.00,255.00,238.00,255.00
236.00,78.00,306.00,78.00,306.00,254.00,236.00,254.00
236.00,72.00,307.00,72.00,307.00,249.00,236.00,249.00
235.00,72.00,304.00,72.00,304.00,249.00,235.00,249.00
234.00,71.00,303.00,71.00,303.00,246.00,234.00,246.00
230.00,69.00,302.00,69.00,302.00,248.00,230.00,248.00
229.00,70.00,300.00,70.00,300.00,245.00,229.00,245.00
227.00,71.00,297.00,71.00,297.00,245.00,227.00,245.00
225.00,64.00,294.00,64.00,294.00,240.00,225.00,240.00
226.00,73.00,294.00,73.00,294.00,243.00,226.00,243.00
226.00,72.00,294.00,72.00,294.00,245.00,226.00,245.00
226.00,69.00,293.00,69.00,293.00,244.00,226.00,244.00
225.00,67.00,293.00,67.00,293.00,241.00,225.00,241.00
223.00,67.00,292.00,67.00,292.00,241.00,223.00,241.00
224.00,60.00,292.00,60.00,292.00,235.00,224.00,235.00
224.00,61.00,293.00,61.00,293.00,235.00,224.00,235.00
222.00,59.00,291.00,59.00,291.00,231.00,222.00,231.00
224.00,55.00,291.00,55.00,291.00,223.00,224.00,223.00
224.00,50.00,291.00,50.00,291.00,227.00,224.00,227.00
223.00,53.00,290.00,53.00,290.00,224.00,223.00,224.00
220.00,52.00,288.00,52.00,288.00,221.00,220.00,221.00
220.00,49.00,288.00,49.00,288.00,218.00,220.00,218.00
220.00,47.00,288.00,47.00,288.00,214.00,220.00,214.00
221.00,46.00,287.00,46.00,287.00,211.00,221.00,211.00
221.00,48.00,287.00,48.00,287.00,209.00,221.00,209.00
219.00,47.00,282.00,47.00,282.00,207.00,219.00,207.00
221.00,51.00,284.00,51.00,284.00,206.00,221.00,206.00
218.00,47.00,282.00,47.00,282.00,202.00,218.00,202.00
218.00,45.00,280.00,45.00,280.00,205.00,218.00,205.00
217.00,43.00,279.00,43.00,279.00,205.00,217.00,205.00
216.00,42.00,279.00,42.00,279.00,205.00,216.00,205.00
215.00,48.00,276.00,48.00,276.00,206.00,215.00,206.00
214.00,43.00,277.00,43.00,277.00,205.00,214.00,205.00
213.00,47.00,276.00,47.00,276.00,205.00,213.00,205.00
212.00,41.00,276.00,41.00,276.00,204.00,212.00,204.00
211.00,40.00,276.00,40.00,276.00,200.00,211.00,200.00
213.00,32.00,278.00,32.00,278.00,200.00,213.00,200.00
211.00,32.00,275.00,32.00,275.00,198.00,211.00,198.00
211.00,30.00,277.00,30.00,277.00,199.00,211.00,199.00
213.00,26.00,278.00,26.00,278.00,195.00,213.00,195.00
214.00,25.00,276.00,25.00,276.00,190.00,214.00,190.00
211.00,23.00,274.00,23.00,274.00,188.00,211.00,188.00
212.00,25.00,276.00,25.00,276.00,186.00,212.00,186.00
213.00,19.00,277.00,19.00,277.00,179.00,213.00,179.00
212.00,19.00,275.00,19.00,275.00,179.00,212.00,179.00
214.00,17.00,276.00,17.00,276.00,177.00,214.00,177.00
210.00,18.00,273.00,18.00,273.00,180.00,210.00,180.00
211.00,19.00,274.00,19.00,274.00,179.00,211.00,179.00
211.00,19.00,274.00,19.00,274.00,179.00,211.00,179.00
213.00,20.00,275.00,20.00,275.00,178.00,213.00,178.00
212.00,20.00,273.00,20.00,273.00,178.00,212.00,178.00
210.00,21.00,272.00,21.00,272.00,183.00,210.00,183.00
214.00,22.00,274.00,22.00,274.00,180.00,214.00,180.00
215.00,22.00,275.00,22.00,275.00,181.00,215.00,181.00
218.00,26.00,277.00,26.00,277.00,181.00,218.00,181.00
218.00,24.00,278.00,24.00,278.00,180.00,218.00,180.00
218.00,24.00,279.00,24.00,279.00,181.00,218.00,181.00
215.00,25.00,281.00,25.00,281.00,183.00,215.00,183.00
212.00,25.00,279.00,25.00,279.00,182.00,212.00,182.00
214.00,25.00,281.00,25.00,281.00,180.00,214.00,180.00
214.00,25.00,281.00,25.00,281.00,182.00,214.00,182.00
212.00,24.00,279.00,24.00,279.00,182.00,212.00,182.00
214.00,24.00,280.00,24.00,280.00,179.00,214.00,179.00
214.00,22.00,281.00,22.00,281.00,179.00,214.00,179.00
215.00,24.00,281.00,24.00,281.00,183.00,215.00,183.00
214.00,23.00,280.00,23.00,280.00,182.00,214.00,182.00
213.00,22.00,279.00,22.00,279.00,181.00,213.00,181.00
216.00,24.00,281.00,24.00,281.00,180.00,216.00,180.00
214.00,25.00,281.00,25.00,281.00,183.00,214.00,183.00
215.00,22.00,281.00,22.00,281.00,181.00,215.00,181.00
214.00,24.00,281.00,24.00,281.00,186.00,214.00,186.00
215.00,24.00,282.00,24.00,282.00,189.00,215.00,189.00
217.00,23.00,283.00,23.00,283.00,186.00,217.00,186.00
220.00,25.00,283.00,25.00,283.00,189.00,220.00,189.00
218.00,31.00,285.00,31.00,285.00,196.00,218.00,196.00
220.00,36.00,288.00,36.00,288.00,198.00,220.00,198.00
223.00,35.00,290.00,35.00,290.00,203.00,223.00,203.00
222.00,39.00,291.00,39.00,291.00,205.00,222.00,205.00
223.00,42.00,291.00,42.00,291.00,208.00,223.00,208.00
223.00,40.00,293.00,40.00,293.00,208.00,223.00,208.00
221.00,42.00,294.00,42.00,294.00,211.00,221.00,211.00
228.00,38.00,299.00,38.00,299.00,209.00,228.00,209.00
229.00,38.00,299.00,38.00,299.00,208.00,229.00,208.00
231.00,37.00,298.00,37.00,298.00,209.00,231.00,209.00
235.00,37.00,302.00,37.00,302.00,208.00,235.00,208.00
234.00,34.00,301.00,34.00,301.00,207.00,234.00,207.00
236.00,35.00,302.00,35.00,302.00,210.00,236.00,210.00
239.00,44.00,306.00,44.00,306.00,212.00,239.00,212.00
239.00,42.00,303.00,42.00,303.00,213.00,239.00,213.00
244.00,40.00,309.00,40.00,309.00,208.00,244.00,208.00
245.00,39.00,310.00,39.00,310.00,207.00,245.00,207.00
248.00,42.00,312.00,42.00,312.00,209.00,248.00,209.00
251.00,41.00,318.00,41.00,318.00,207.00,251.00,207.00
251.00,40.00,317.00,40.00,317.00,209.00,251.00,209.00
251.00,43.00,319.00,43.00,319.00,214.00,251.00,214.00
255.00,47.00,320.00,47.00,320.00,214.00,255.00,214.00
254.00,50.00,317.00,50.00,317.00,211.00,254.00,211.00
256.00,51.00,317.00,51.00,317.00,210.00,256.00,210.00
256.00,51.00,317.00,51.00,317.00,209.00,256.00,209.00
257.00,51.00,318.00,51.00,318.00,205.00,257.00,205.00
257.00,51.00,315.00,51.00,315.00,209.00,257.00,209.00
258.00,43.00,315.00,43.00,315.00,207.00,258.00,207.00
260.00,44.00,315.00,44.00,315.00,204.00,260.00,204.00
260.00,36.00,315.00,36.00,315.00,202.00,260.00,202.00
259.00,30.00,318.00,30.00,318.00,204.00,259.00,204.00
262.00,28.00,322.00,28.00,322.00,200.00,262.00,200.00
267.00,27.00,328.00,27.00,328.00,199.00,267.00,199.00
264.00,28.00,325.00,28.00,325.00,199.00,264.00,199.00
261.00,32.00,320.00,32.00,320.00,195.00,261.00,195.00
268.00,28.00,325.00,28.00,325.00,193.00,268.00,193.00
266.00,33.00,320.00,33.00,320.00,189.00,266.00,189.00
269.00,30.00,326.00,30.00,326.00,187.00,269.00,187.00
271.00,30.00,328.00,30.00,328.00,188.00,271.00,188.00
272.00,30.00,330.00,30.00,330.00,187.00,272.00,187.00
275.00,30.00,335.00,30.00,335.00,192.00,275.00,192.00
276.00,35.00,334.00,35.00,334.00,196.00,276.00,196.00
277.00,32.00,335.00,32.00,335.00,196.00,277.00,196.00
282.00,31.00,342.00,31.00,342.00,197.00,282.00,197.00
285.00,34.00,342.00,34.00,342.00,196.00,285.00,196.00
288.00,35.00,343.00,35.00,343.00,191.00,288.00,191.00
291.00,35.00,345.00,35.00,345.00,189.00,291.00,189.00
294.00,36.00,349.00,36.00,349.00,192.00,294.00,192.00
296.00,33.00,351.00,33.00,351.00,188.00,296.00,188.00
297.00,34.00,351.00,34.00,351.00,187.00,297.00,187.00
295.00,37.00,351.00,37.00,351.00,193.00,295.00,193.00
297.00,34.00,356.00,34.00,356.00,193.00,297.00,193.00
297.00,40.00,357.00,40.00,357.00,195.00,297.00,195.00
298.00,37.00,355.00,37.00,355.00,192.00,298.00,192.00
298.00,41.00,355.00,41.00,355.00,193.00,298.00,193.00
295.00,45.00,353.00,45.00,353.00,197.00,295.00,197.00
303.00,40.00,357.00,40.00,357.00,191.00,303.00,191.00
305.00,37.00,357.00,37.00,357.00,187.00,305.00,187.00
305.00,37.00,358.00,37.00,358.00,191.00,305.00,191.00
310.00,37.00,360.00,37.00,360.00,189.00,310.00,189.00
311.00,37.00,359.00,37.00,359.00,187.00,311.00,187.00
316.00,38.00,363.00,38.00,363.00,185.00,316.00,185.00
315.00,36.00,362.00,36.00,362.00,189.00,315.00,189.00
318.00,37.00,368.00,37.00,368.00,188.00,318.00,188.00
319.00,36.00,368.00,36.00,368.00,187.00,319.00,187.00
319.00,36.00,367.00,36.00,367.00,188.00,319.00,188.00
319.00,34.00,368.00,34.00,368.00,184.00,319.00,184.00
320.00,35.00,369.00,35.00,369.00,183.00,320.00,183.00
320.00,34.00,369.00,34.00,369.00,183.00,320.00,183.00
322.00,30.00,371.00,30.00,371.00,183.00,322.00,183.00
321.00,29.00,370.00,29.00,370.00,185.00,321.00,185.00
320.00,31.00,370.00,31.00,370.00,188.00,320.00,188.00
319.00,29.00,369.00,29.00,369.00,187.00,319.00,187.00
317.00,31.00,367.00,31.00,367.00,190.00,317.00,190.00
317.00,30.00,367.00,30.00,367.00,191.00,317.00,191.00
318.00,33.00,368.00,33.00,368.00,192.00,318.00,192.00
319.00,38.00,369.00,38.00,369.00,195.00,319.00,195.00
320.00,37.00,371.00,37.00,371.00,195.00,320.00,195.00
322.00,38.00,373.00,38.00,373.00,195.00,322.00,195.00
326.00,38.00,378.00,38.00,378.00,194.00,326.00,194.00
327.00,43.00,382.00,43.00,382.00,199.00,327.00,199.00
329.00,49.00,383.00,49.00,383.00,201.00,329.00,201.00
334.00,45.00,387.00,45.00,387.00,199.00,334.00,199.00
336.00,41.00,388.00,41.00,388.00,198.00,336.00,198.00
337.00,37.00,390.00,37.00,390.00,198.00,337.00,198.00
338.00,37.00,393.00,37.00,393.00,200.00,338.00,200.00
341.00,34.00,396.00,34.00,396.00,199.00,341.00,199.00
344.00,30.00,399.00,30.00,399.00,195.00,344.00,195.00
343.00,30.00,397.00,30.00,397.00,194.00,343.00,194.00
343.00,31.00,400.00,31.00,400.00,196.00,343.00,196.00
343.00,26.00,400.00,26.00,400.00,194.00,343.00,194.00
343.00,26.00,401.00,26.00,401.00,195.00,343.00,195.00
343.00,27.00,401.00,27.00,401.00,198.00,343.00,198.00
346.00,23.00,400.00,23.00,400.00,194.00,346.00,194.00
347.00,30.00,403.00,30.00,403.00,198.00,347.00,198.00
343.00,33.00,399.00,33.00,399.00,197.00,343.00,197.00
345.00,30.00,401.00,30.00,401.00,196.00,345.00,196.00
345.00,32.00,402.00,32.00,402.00,199.00,345.00,199.00
345.00,34.00,401.00,34.00,401.00,199.00,345.00,199.00
345.00,35.00,402.00,35.00,402.00,199.00,345.00,199.00
344.00,42.00,402.00,42.00,402.00,203.00,344.00,203.00
345.00,38.00,402.00,38.00,402.00,200.00,345.00,200.00
348.00,32.00,404.00,32.00,404.00,195.00,348.00,195.00
348.00,31.00,406.00,31.00,406.00,193.00,348.00,193.00
348.00,26.00,405.00,26.00,405.00,190.00,348.00,190.00
349.00,24.00,406.00,24.00,406.00,189.00,349.00,189.00
349.00,21.00,405.00,21.00,405.00,186.00,349.00,186.00
350.00,17.00,405.00,17.00,405.00,184.00,350.00,184.00
349.00,16.00,406.00,16.00,406.00,181.00,349.00,181.00
348.00,18.00,404.00,18.00,404.00,178.00,348.00,178.00
349.00,19.00,406.00,19.00,406.00,179.00,349.00,179.00
349.00,19.00,406.00,19.00,406.00,178.00,349.00,178.00
350.00,17.00,406.00,17.00,406.00,175.00,350.00,175.00
354.00,19.00,409.00,19.00,409.00,171.00,354.00,171.00
353.00,15.00,408.00,15.00,408.00,170.00,353.00,170.00
352.00,13.00,406.00,13.00,406.00,168.00,352.00,168.00
353.00,13.00,408.00,13.00,408.00,168.00,353.00,168.00
353.00,19.00,408.00,19.00,408.00,171.00,353.00,171.00
355.00,18.00,410.00,18.00,410.00,170.00,355.00,170.00
354.00,20.00,410.00,20.00,410.00,172.00,354.00,172.00
353.00,21.00,409.00,21.00,409.00,172.00,353.00,172.00
352.00,20.00,410.00,20.00,410.00,173.00,352.00,173.00
353.00,16.00,408.00,16.00,408.00,168.00,353.00,168.00
352.00,24.00,407.00,24.00,407.00,170.00,352.00,170.00
354.00,23.00,409.00,23.00,409.00,172.00,354.00,172.00
353.00,21.00,407.00,21.00,407.00,171.00,353.00,171.00
352.00,25.00,407.00,25.00,407.00,174.00,352.00,174.00
353.00,23.00,408.00,23.00,408.00,175.00,353.00,175.00
353.00,20.00,408.00,20.00,408.00,176.00,353.00,176.00
355.00,22.00,408.00,22.00,408.00,175.00,355.00,175.00
355.00,23.00,409.00,23.00,409.00,176.00,355.00,176.00
355.00,21.00,408.00,21.00,408.00,177.00,355.00,177.00
354.00,27.00,408.00,27.00,408.00,179.00,354.00,179.00
356.00,27.00,409.00,27.00,409.00,178.00,356.00,178.00
357.00,24.00,410.00,24.00,410.00,178.00,357.00,178.00
355.00,26.00,409.00,26.00,409.00,180.00,355.00,180.00
358.00,25.00,411.00,25.00,411.00,180.00,358.00,180.00
358.00,25.00,410.00,25.00,410.00,178.00,358.00,178.00
358.00,25.00,408.00,25.00,408.00,176.00,358.00,176.00
357.00,25.00,408.00,25.00,408.00,179.00,357.00,179.00
359.00,23.00,410.00,23.00,410.00,176.00,359.00,176.00
359.00,24.00,410.00,24.00,410.00,175.00,359.00,175.00
359.00,28.00,409.00,28.00,409.00,178.00,359.00,178.00
358.00,26.00,409.00,26.00,409.00,176.00,358.00,176.00
360.00,25.00,411.00,25.00,411.00,176.00,360.00,176.00
358.00,30.00,409.00,30.00,409.00,180.00,358.00,180.00
360.00,32.00,410.00,32.00,410.00,179.00,360.00,179.00
358.00,31.00,409.00,31.00,409.00,179.00,358.00,179.00
357.00,29.00,408.00,29.00,408.00,176.00,357.00,176.00
358.00,29.00,408.00,29.00,408.00,175.00,358.00,175.00
358.00,31.00,409.00,31.00,409.00,176.00,358.00,176.00
358.00,31.00,409.00,31.00,409.00,177.00,358.00,177.00
358.00,32.00,409.00,32.00,409.00,177.00,358.00,177.00
359.00,32.00,408.00,32.00,408.00,177.00,359.00,177.00
358.00,36.00,407.00,36.00,407.00,180.00,358.00,180.00
357.00,36.00,407.00,36.00,407.00,179.00,357.00,179.00
356.00,37.00,406.00,37.00,406.00,178.00,356.00,178.00
356.00,38.00,407.00,38.00,407.00,179.00,356.00,179.00
355.00,34.00,405.00,34.00,405.00,179.00,355.00,179.00
354.00,38.00,404.00,38.00,404.00,177.00,354.00,177.00
352.00,41.00,401.00,41.00,401.00,181.00,352.00,181.00
351.00,42.00,400.00,42.00,400.00,179.00,351.00,179.00
351.00,42.00,397.00,42.00,397.00,180.00,351.00,180.00
350.00,40.00,397.00,40.00,397.00,178.00,350.00,178.00
349.00,41.00,394.00,41.00,394.00,177.00,349.00,177.00
348.00,40.00,393.00,40.00,393.00,180.00,348.00,180.00
347.00,39.00,392.00,39.00,392.00,179.00,347.00,179.00
347.00,42.00,391.00,42.00,391.00,181.00,347.00,181.00
344.00,40.00,390.00,40.00,390.00,183.00,344.00,183.00
342.00,39.00,390.00,39.00,390.00,181.00,342.00,181.00
341.00,36.00,389.00,36.00,389.00,180.00,341.00,180.00
339.00,37.00,388.00,37.00,388.00,180.00,339.00,180.00
337.00,37.00,387.00,37.00,387.00,179.00,337.00,179.00
336.00,36.00,383.00,36.00,383.00,174.00,336.00,174.00
335.00,34.00,383.00,34.00,383.00,174.00,335.00,174.00
332.00,35.00,381.00,35.00,381.00,174.00,332.00,174.00
333.00,33.00,379.00,33.00,379.00,173.00,333.00,173.00
331.00,34.00,378.00,34.00,378.00,172.00,331.00,172.00
329.00,35.00,376.00,35.00,376.00,172.00,329.00,172.00
328.00,33.00,375.00,33.00,375.00,170.00,328.00,170.00
325.00,33.00,374.00,33.00,374.00,170.00,325.00,170.00
323.00,31.00,373.00,31.00,373.00,170.00,323.00,170.00
321.00,27.00,371.00,27.00,371.00,168.00,321.00,168.00
318.00,31.00,369.00,31.00,369.00,169.00,318.00,169.00
317.00,30.00,367.00,30.00,367.00,167.00,317.00,167.00
316.00,30.00,368.00,30.00,368.00,170.00,316.00,170.00
317.00,35.00,367.00,35.00,367.00,172.00,317.00,172.00
315.00,34.00,363.00,34.00,363.00,170.00,315.00,170.00
313.00,33.00,362.00,33.00,362.00,170.00,313.00,170.00
312.00,32.00,362.00,32.00,362.00,171.00,312.00,171.00
310.00,33.00,359.00,33.00,359.00,169.00,310.00,169.00
308.00,31.00,358.00,31.00,358.00,168.00,308.00,168.00
307.00,30.00,357.00,30.00,357.00,167.00,307.00,167.00
302.00,30.00,353.00,30.00,353.00,167.00,302.00,167.00
301.00,32.00,352.00,32.00,352.00,168.00,301.00,168.00
299.00,31.00,350.00,31.00,350.00,165.00,299.00,165.00
296.00,35.00,347.00,35.00,347.00,169.00,296.00,169.00
296.00,32.00,348.00,32.00,348.00,169.00,296.00,169.00
294.00,32.00,347.00,32.00,347.00,170.00,294.00,170.00
292.00,33.00,344.00,33.00,344.00,172.00,292.00,172.00
290.00,33.00,341.00,33.00,341.00,168.00,290.00,168.00
289.00,35.00,339.00,35.00,339.00,169.00,289.00,169.00
290.00,38.00,338.00,38.00,338.00,167.00,290.00,167.00
288.00,37.00,336.00,37.00,336.00,169.00,288.00,169.00
285.00,39.00,334.00,39.00,334.00,169.00,285.00,169.00
283.00,40.00,332.00,40.00,332.00,169.00,283.00,169.00
281.00,40.00,329.00,40.00,329.00,171.00,281.00,171.00
281.00,43.00,329.00,43.00,329.00,175.00,281.00,175.00
279.00,41.00,326.00,41.00,326.00,176.00,279.00,176.00
280.00,43.00,327.00,43.00,327.00,180.00,280.00,180.00
280.00,42.00,326.00,42.00,326.00,178.00,280.00,178.00
280.00,42.00,326.00,42.00,326.00,179.00,280.00,179.00
281.00,44.00,328.00,44.00,328.00,181.00,281.00,181.00
281.00,41.00,327.00,41.00,327.00,180.00,281.00,180.00
283.00,40.00,329.00,40.00,329.00,180.00,283.00,180.00
281.00,40.00,326.00,40.00,326.00,184.00,281.00,184.00
282.00,39.00,327.00,39.00,327.00,183.00,282.00,183.00
280.00,43.00,324.00,43.00,324.00,184.00,280.00,184.00
280.00,44.00,324.00,44.00,324.00,182.00,280.00,182.00
281.00,47.00,324.00,47.00,324.00,183.00,281.00,183.00
279.00,44.00,323.00,44.00,323.00,187.00,279.00,187.00
280.00,48.00,324.00,48.00,324.00,187.00,280.00,187.00
283.00,52.00,325.00,52.00,325.00,184.00,283.00,184.00
282.00,51.00,324.00,51.00,324.00,186.00,282.00,186.00
284.00,52.00,326.00,52.00,326.00,186.00,284.00,186.00
282.00,49.00,324.00,49.00,324.00,188.00,282.00,188.00
282.00,53.00,323.00,53.00,323.00,185.00,282.00,185.00
281.00,53.00,322.00,53.00,322.00,184.00,281.00,184.00
279.00,53.00,320.00,53.00,320.00,183.00,279.00,183.00
279.00,56.00,319.00,56.00,319.00,182.00,279.00,182.00
279.00,55.00,320.00,55.00,320.00,186.00,279.00,186.00
281.00,54.00,320.00,54.00,320.00,183.00,281.00,183.00
279.00,56.00,319.00,56.00,319.00,184.00,279.00,184.00
281.00,54.00,321.00,54.00,321.00,181.00,281.00,181.00
280.00,56.00,320.00,56.00,320.00,180.00,280.00,180.00
280.00,53.00,320.00,53.00,320.00,177.00,280.00,177.00
283.00,52.00,322.00,52.00,322.00,174.00,283.00,174.00
281.00,54.00,323.00,54.00,323.00,175.00,281.00,175.00
285.00,52.00,325.00,52.00,325.00,174.00,285.00,174.00
285.00,52.00,326.00,52.00,326.00,171.00,285.00,171.00
287.00,55.00,328.00,55.00,328.00,172.00,287.00,172.00
291.00,52.00,331.00,52.00,331.00,172.00,291.00,172.00
291.00,50.00,332.00,50.00,332.00,171.00,291.00,171.00
292.00,54.00,334.00,54.00,334.00,175.00,292.00,175.00
297.00,53.00,338.00,53.00,338.00,172.00,297.00,172.00
299.00,54.00,340.00,54.00,340.00,173.00,299.00,173.00
299.00,50.00,340.00,50.00,340.00,170.00,299.00,170.00
301.00,51.00,342.00,51.00,342.00,170.00,301.00,170.00
303.00,51.00,344.00,51.00,344.00,169.00,303.00,169.00
305.00,52.00,345.00,52.00,345.00,172.00,305.00,172.00
306.00,53.00,345.00,53.00,345.00,172.00,306.00,172.00
309.00,49.00,347.00,49.00,347.00,171.00,309.00,171.00
311.00,49.00,349.00,49.00,349.00,174.00,311.00,174.00
312.00,50.00,351.00,50.00,351.00,174.00,312.00,174.00
314.00,51.00,353.00,51.00,353.00,176.00,314.00,176.00
314.00,48.00,353.00,48.00,353.00,177.00,314.00,177.00
317.00,46.00,356.00,46.00,356.00,175.00,317.00,175.00
321.00,43.00,360.00,43.00,360.00,174.00,321.00,174.00
322.00,48.00,360.00,48.00,360.00,176.00,322.00,176.00
324.00,50.00,363.00,50.00,363.00,178.00,324.00,178.00
326.00,46.00,365.00,46.00,365.00,175.00,326.00,175.00
328.00,49.00,367.00,49.00,367.00,177.00,328.00,177.00
330.00,43.00,369.00,43.00,369.00,179.00,330.00,179.00
330.00,46.00,368.00,46.00,368.00,178.00,330.00,178.00
334.00,46.00,372.00,46.00,372.00,177.00,334.00,177.00
335.00,44.00,372.00,44.00,372.00,175.00,335.00,175.00
336.00,46.00,375.00,46.00,375.00,174.00,336.00,174.00
336.00,47.00,375.00,47.00,375.00,173.00,336.00,173.00
336.00,49.00,375.00,49.00,375.00,175.00,336.00,175.00
337.00,48.00,376.00,48.00,376.00,174.00,337.00,174.00
337.00,51.00,376.00,51.00,376.00,174.00,337.00,174.00
337.00,50.00,376.00,50.00,376.00,174.00,337.00,174.00
338.00,49.00,378.00,49.00,378.00,173.00,338.00,173.00
336.00,50.00,377.00,50.00,377.00,173.00,336.00,173.00
335.00,50.00,378.00,50.00,378.00,176.00,335.00,176.00
335.00,52.00,378.00,52.00,378.00,179.00,335.00,179.00
336.00,53.00,378.00,53.00,378.00,180.00,336.00,180.00
339.00,54.00,381.00,54.00,381.00,178.00,339.00,178.00
343.00,57.00,383.00,57.00,383.00,177.00,343.00,177.00
343.00,58.00,386.00,58.00,386.00,179.00,343.00,179.00
344.00,58.00,388.00,58.00,388.00,183.00,344.00,183.00
345.00,58.00,389.00,58.00,389.00,183.00,345.00,183.00
348.00,59.00,391.00,59.00,391.00,179.00,348.00,179.00
349.00,56.00,392.00,56.00,392.00,177.00,349.00,177.00
352.00,54.00,395.00,54.00,395.00,176.00,352.00,176.00
357.00,56.00,398.00,56.00,398.00,175.00,357.00,175.00
360.00,55.00,400.00,55.00,400.00,173.00,360.00,173.00
364.00,54.00,406.00,54.00,406.00,172.00,364.00,172.00
367.00,57.00,406.00,57.00,406.00,171.00,367.00,171.00
370.00,57.00,409.00,57.00,409.00,171.00,370.00,171.00
374.00,58.00,412.00,58.00,412.00,171.00,374.00,171.00
375.00,60.00,414.00,60.00,414.00,174.00,375.00,174.00
377.00,57.00,414.00,57.00,414.00,174.00,377.00,174.00
380.00,60.00,418.00,60.00,418.00,175.00,380.00,175.00
382.00,60.00,421.00,60.00,421.00,176.00,382.00,176.00
384.00,59.00,423.00,59.00,423.00,175.00,384.00,175.00
387.00,59.00,426.00,59.00,426.00,174.00,387.00,174.00
388.00,60.00,428.00,60.00,428.00,174.00,388.00,174.00
391.00,58.00,432.00,58.00,432.00,172.00,391.00,172.00
392.00,60.00,432.00,60.00,432.00,174.00,392.00,174.00
394.00,58.00,433.00,58.00,433.00,174.00,394.00,174.00
395.00,59.00,436.00,59.00,436.00,170.00,395.00,170.00
395.00,61.00,433.00,61.00,433.00,171.00,395.00,171.00
396.00,58.00,434.00,58.00,434.00,168.00,396.00,168.00
396.00,58.00,435.00,58.00,435.00,170.00,396.00,170.00
397.00,60.00,437.00,60.00,437.00,172.00,397.00,172.00
397.00,61.00,437.00,61.00,437.00,171.00,397.00,171.00
395.00,62.00,435.00,62.00,435.00,174.00,395.00,174.00
393.00,61.00,434.00,61.00,434.00,175.00,393.00,175.00
392.00,61.00,433.00,61.00,433.00,177.00,392.00,177.00
392.00,62.00,433.00,62.00,433.00,177.00,392.00,177.00
389.00,63.00,430.00,63.00,430.00,177.00,389.00,177.00
389.00,65.00,430.00,65.00,430.00,178.00,389.00,178.00
390.00,66.00,429.00,66.00,429.00,180.00,390.00,180.00
390.00,66.00,428.00,66.00,428.00,185.00,390.00,185.00
390.00,63.00,428.00,63.00,428.00,184.00,390.00,184.00
388.00,65.00,427.00,65.00,427.00,187.00,388.00,187.00
387.00,67.00,426.00,67.00,426.00,188.00,387.00,188.00
388.00,69.00,426.00,69.00,426.00,188.00,388.00,188.00
387.00,72.00,425.00,72.00,425.00,189.00,387.00,189.00
389.00,74.00,426.00,74.00,426.00,191.00,389.00,191.00
389.00,73.00,425.00,73.00,425.00,191.00,389.00,191.00
388.00,78.00,425.00,78.00,425.00,196.00,388.00,196.00
389.00,80.00,426.00,80.00,426.00,196.00,389.00,196.00
389.00,79.00,424.00,79.00,424.00,195.00,389.00,195.00
390.00,81.00,423.00,81.00,423.00,197.00,390.00,197.00
389.00,81.00,422.00,81.00,422.00,196.00,389.00,196.00
388.00,84.00,423.00,84.00,423.00,199.00,388.00,199.00
388.00,86.00,423.00,86.00,423.00,199.00,388.00,199.00
389.00,88.00,424.00,88.00,424.00,199.00,389.00,199.00
386.00,89.00,421.00,89.00,421.00,202.00,386.00,202.00
387.00,90.00,422.00,90.00,422.00,202.00,387.00,202.00
386.00,92.00,421.00,92.00,421.00,203.00,386.00,203.00
387.00,91.00,423.00,91.00,423.00,203.00,387.00,203.00
385.00,93.00,419.00,93.00,419.00,204.00,385.00,204.00
385.00,93.00,419.00,93.00,419.00,205.00,385.00,205.00
382.00,96.00,418.00,96.00,418.00,208.00,382.00,208.00
381.00,95.00,417.00,95.00,417.00,209.00,381.00,209.00
383.00,92.00,419.00,92.00,419.00,209.00,383.00,209.00
383.00,96.00,421.00,96.00,421.00,212.00,383.00,212.00
384.00,93.00,422.00,93.00,422.00,213.00,384.00,213.00
385.00,92.00,423.00,92.00,423.00,214.00,385.00,214.00
385.00,95.00,423.00,95.00,423.00,214.00,385.00,214.00
386.00,99.00,424.00,99.00,424.00,215.00,386.00,215.00
389.00,98.00,427.00,98.00,427.00,214.00,389.00,214.00
389.00,102.00,428.00,102.00,428.00,215.00,389.00,215.00
390.00,99.00,429.00,99.00,429.00,217.00,390.00,217.00
390.00,99.00,429.00,99.00,429.00,218.00,390.00,218.00
389.00,100.00,428.00,100.00,428.00,219.00,389.00,219.00
391.00,100.00,430.00,100.00,430.00,218.00,391.00,218.00
389.00,102.00,428.00,102.00,428.00,220.00,389.00,220.00
389.00,101.00,428.00,101.00,428.00,219.00,389.00,219.00
388.00,100.00,426.00,100.00,426.00,220.00,388.00,220.00
387.00,101.00,426.00,101.00,426.00,223.00,387.00,223.00
385.00,105.00,424.00,105.00,424.00,229.00,385.00,229.00
382.00,108.00,421.00,108.00,421.00,232.00,382.00,232.00
382.00,112.00,421.00,112.00,421.00,234.00,382.00,234.00
380.00,111.00,418.00,111.00,418.00,235.00,380.00,235.00
380.00,114.00,418.00,114.00,418.00,236.00,380.00,236.00
379.00,116.00,417.00,116.00,417.00,237.00,379.00,237.00
379.00,121.00,418.00,121.00,418.00,238.00,379.00,238.00
378.00,126.00,417.00,126.00,417.00,242.00,378.00,242.00
380.00,127.00,419.00,127.00,419.00,239.00,380.00,239.00
378.00,136.00,416.00,136.00,416.00,241.00,378.00,241.00
380.00,133.00,419.00,133.00,419.00,242.00,380.00,242.00
379.00,134.00,416.00,134.00,416.00,244.00,379.00,244.00
376.00,139.00,414.00,139.00,414.00,247.00,376.00,247.00
378.00,136.00,414.00,136.00,414.00,246.00,378.00,246.00
375.00,134.00,411.00,134.00,411.00,249.00,375.00,249.00
373.00,137.00,410.00,137.00,410.00,247.00,373.00,247.00
373.00,136.00,409.00,136.00,409.00,244.00,373.00,244.00
371.00,140.00,409.00,140.00,409.00,246.00,371.00,246.00
371.00,138.00,408.00,138.00,408.00,246.00,371.00,246.00
369.00,142.00,406.00,142.00,406.00,246.00,369.00,246.00
372.00,138.00,408.00,138.00,408.00,243.00,372.00,243.00
371.00,142.00,407.00,142.00,407.00,246.00,371.00,246.00
369.00,139.00,406.00,139.00,406.00,246.00,369.00,246.00
367.00,134.00,405.00,134.00,405.00,244.00,367.00,244.00
365.00,131.00,402.00,131.00,402.00,242.00,365.00,242.00
365.00,134.00,402.00,134.00,402.00,240.00,365.00,240.00
362.00,134.00,400.00,134.00,400.00,240.00,362.00,240.00
363.00,127.00,400.00,127.00,400.00,236.00,363.00,236.00
363.00,123.00,401.00,123.00,401.00,234.00,363.00,234.00
362.00,123.00,400.00,123.00,400.00,233.00,362.00,233.00
363.00,120.00,400.00,120.00,400.00,234.00,363.00,234.00
362.00,122.00,398.00,122.00,398.00,238.00,362.00,238.00
363.00,120.00,400.00,120.00,400.00,239.00,363.00,239.00
362.00,120.00,399.00,120.00,399.00,239.00,362.00,239.00
361.00,123.00,399.00,123.00,399.00,242.00,361.00,242.00
364.00,122.00,402.00,122.00,402.00,240.00,364.00,240.00
365.00,121.00,402.00,121.00,402.00,242.00,365.00,242.00
367.00,124.00,404.00,124.00,404.00,242.00,367.00,242.00
368.00,123.00,404.00,123.00,404.00,243.00,368.00,243.00
367.00,125.00,405.00,125.00,405.00,245.00,367.00,245.00
370.00,127.00,407.00,127.00,407.00,245.00,370.00,245.00
370.00,128.00,408.00,128.00,408.00,249.00,370.00,249.00
372.00,128.00,408.00,128.00,408.00,249.00,372.00,249.00
373.00,130.00,409.00,130.00,409.00,250.00,373.00,250.00
373.00,134.00,410.00,134.00,410.00,253.00,373.00,253.00
373.00,137.00,411.00,137.00,411.00,255.00,373.00,255.00
375.00,135.00,412.00,135.00,412.00,256.00,375.00,256.00
375.00,132.00,412.00,132.00,412.00,257.00,375.00,257.00
374.00,135.00,413.00,135.00,413.00,262.00,374.00,262.00
377.00,132.00,414.00,132.00,414.00,257.00,377.00,257.00
377.00,135.00,415.00,135.00,415.00,259.00,377.00,259.00
379.00,131.00,417.00,131.00,417.00,260.00,379.00,260.00
376.00,137.00,415.00,137.00,415.00,265.00,376.00,265.00
377.00,138.00,416.00,138.00,416.00,263.00,377.00,263.00
379.00,134.00,418.00,134.00,418.00,260.00,379.00,260.00
377.00,136.00,419.00,136.00,419.00,262.00,377.00,262.00
383.00,130.00,423.00,130.00,423.00,256.00,383.00,256.00
383.00,132.00,425.00,132.00,425.00,259.00,383.00,259.00
387.00,133.00,427.00,133.00,427.00,260.00,387.00,260.00
395.00,132.00,434.00,132.00,434.00,259.00,395.00,259.00
397.00,135.00,437.00,135.00,437.00,260.00,397.00,260.00
397.00,130.00,439.00,130.00,439.00,260.00,397.00,260.00
401.00,133.00,443.00,133.00,443.00,258.00,401.00,258.00
401.00,134.00,444.00,134.00,444.00,261.00,401.00,261.00
403.00,129.00,445.00,129.00,445.00,260.00,403.00,260.00
406.00,127.00,450.00,127.00,450.00,261.00,406.00,261.00
403.00,125.00,449.00,125.00,449.00,261.00,403.00,261.00
405.00,126.00,450.00,126.00,450.00,262.00,405.00,262.00
407.00,127.00,452.00,127.00,452.00,265.00,407.00,265.00
404.00,131.00,451.00,131.00,451.00,269.00,404.00,269.00
404.00,129.00,452.00,129.00,452.00,269.00,404.00,269.00
402.00,126.00,451.00,126.00,451.00,270.00,402.00,270.00
393.00,127.00,444.00,127.00,444.00,275.00,393.00,275.00
391.00,123.00,444.00,123.00,444.00,275.00,391.00,275.00
391.00,122.00,444.00,122.00,444.00,275.00,391.00,275.00
391.00,117.00,444.00,117.00,444.00,272.00,391.00,272.00
390.00,117.00,443.00,117.00,443.00,274.00,390.00,274.00
393.00,117.00,448.00,117.00,448.00,274.00,393.00,274.00
389.00,114.00,444.00,114.00,444.00,278.00,389.00,278.00
391.00,112.00,445.00,112.00,445.00,278.00,391.00,278.00
390.00,113.00,445.00,113.00,445.00,278.00,390.00,278.00
391.00,110.00,444.00,110.00,444.00,277.00,391.00,277.00
395.00,104.00,448.00,104.00,448.00,275.00,395.00,275.00
392.00,107.00,449.00,107.00,449.00,279.00,392.00,279.00
393.00,109.00,452.00,109.00,452.00,279.00,393.00,279.00
398.00,101.00,454.00,101.00,454.00,273.00,398.00,273.00
400.00,105.00,458.00,105.00,458.00,276.00,400.00,276.00
405.00,104.00,462.00,104.00,462.00,279.00,405.00,279.00
403.00,106.00,463.00,106.00,463.00,281.00,403.00,281.00
407.00,102.00,465.00,102.00,465.00,280.00,407.00,280.00
411.00,102.00,468.00,102.00,468.00,280.00,411.00,280.00
413.00,104.00,471.00,104.00,471.00,284.00,413.00,284.00
410.00,100.00,470.00,100.00,470.00,282.00,410.00,282.00
406.00,95.00,468.00,95.00,468.00,279.00,406.00,279.00
406.00,98.00,470.00,98.00,470.00,281.00,406.00,281.00
404.00,97.00,469.00,97.00,469.00,286.00,404.00,286.00
407.00,99.00,472.00,99.00,472.00,287.00,407.00,287.00
404.00,98.00,470.00,98.00,470.00,292.00,404.00,292.00
403.00,97.00,469.00,97.00,469.00,291.00,403.00,291.00
406.00,97.00,472.00,97.00,472.00,292.00,406.00,292.00
410.00,95.00,477.00,95.00,477.00,290.00,410.00,290.00
412.00,101.00,479.00,101.00,479.00,296.00,412.00,296.00
412.00,105.00,479.00,105.00,479.00,298.00,412.00,298.00
415.00,103.00,484.00,103.00,484.00,295.00,415.00,295.00
412.00,107.00,481.00,107.00,481.00,297.00,412.00,297.00
422.00,110.00,488.00,110.00,488.00,300.00,422.00,300.00
422.00,106.00,491.00,106.00,491.00,297.00,422.00,297.00
420.00,105.00,488.00,105.00,488.00,297.00,420.00,297.00
425.00,108.00,493.00,108.00,493.00,301.00,425.00,301.00
426.00,103.00,492.00,103.00,492.00,299.00,426.00,299.00
421.00,99.00,490.00,99.00,490.00,299.00,421.00,299.00
428.00,95.00,496.00,95.00,496.00,294.00,428.00,294.00
425.00,91.00,493.00,91.00,493.00,291.00,425.00,291.00
426.00,84.00,494.00,84.00,494.00,286.00,426.00,286.00
427.00,85.00,496.00,85.00,496.00,287.00,427.00,287.00
424.00,87.00,493.00,87.00,493.00,286.00,424.00,286.00
422.00,89.00,491.00,89.00,491.00,283.00,422.00,283.00
424.00,90.00,494.00,90.00,494.00,287.00,424.00,287.00
422.00,94.00,490.00,94.00,490.00,290.00,422.00,290.00
423.00,99.00,489.00,99.00,489.00,295.00,423.00,295.00
421.00,100.00,488.00,100.00,488.00,298.00,421.00,298.00
421.00,105.00,487.00,105.00,487.00,298.00,421.00,298.00
424.00,104.00,491.00,104.00,491.00,301.00,424.00,301.00
423.00,112.00,489.00,112.00,489.00,306.00,423.00,306.00
421.00,114.00,486.00,114.00,486.00,308.00,421.00,308.00
425.00,114.00,488.00,114.00,488.00,305.00,425.00,305.00
422.00,119.00,484.00,119.00,484.00,308.00,422.00,308.00
424.00,117.00,486.00,117.00,486.00,307.00,424.00,307.00
422.00,122.00,483.00,122.00,483.00,309.00,422.00,309.00
424.00,123.00,486.00,123.00,486.00,310.00,424.00,310.00
424.00,121.00,487.00,121.00,487.00,311.00,424.00,311.00
419.00,130.00,482.00,130.00,482.00,315.00,419.00,315.00
423.00,124.00,485.00,124.00,485.00,312.00,423.00,312.00
426.00,124.00,489.00,124.00,489.00,312.00,426.00,312.00
426.00,125.00,489.00,125.00,489.00,314.00,426.00,314.00
430.00,127.00,493.00,127.00,493.00,311.00,430.00,311.00
430.00,126.00,489.00,126.00,489.00,312.00,430.00,312.00
435.00,124.00,495.00,124.00,495.00,302.00,435.00,302.00
433.00,124.00,492.00,124.00,492.00,304.00,433.00,304.00
437.00,123.00,497.00,123.00,497.00,303.00,437.00,303.00
434.00,127.00,493.00,127.00,493.00,306.00,434.00,306.00
436.00,126.00,494.00,126.00,494.00,303.00,436.00,303.00
433.00,128.00,491.00,128.00,491.00,308.00,433.00,308.00
435.00,131.00,496.00,131.00,496.00,311.00,435.00,311.00
439.00,129.00,501.00,129.00,501.00,311.00,439.00,311.00
436.00,129.00,497.00,129.00,497.00,312.00,436.00,312.00
440.00,128.00,500.00,128.00,500.00,312.00,440.00,312.00
434.00,130.00,494.00,130.00,494.00,315.00,434.00,315.00
438.00,129.00,496.00,129.00,496.00,312.00,438.00,312.00
435.00,126.00,494.00,126.00,494.00,310.00,435.00,310.00
435.00,128.00,494.00,128.00,494.00,311.00,435.00,311.00
437.00,131.00,495.00,131.00,495.00,309.00,437.00,309.00
438.00,136.00,494.00,136.00,494.00,308.00,438.00,308.00
437.00,128.00,494.00,128.00,494.00,304.00,437.00,304.00
431.00,127.00,490.00,127.00,490.00,307.00,431.00,307.00
428.00,128.00,486.00,128.00,486.00,311.00,428.00,311.00
426.00,129.00,484.00,129.00,484.00,312.00,426.00,312.00
424.00,132.00,481.00,132.00,481.00,316.00,424.00,316.00
426.00,130.00,482.00,130.00,482.00,311.00,426.00,311.00
425.00,123.00,479.00,123.00,479.00,308.00,425.00,308.00
423.00,123.00,477.00,123.00,477.00,313.00,423.00,313.00
422.00,123.00,476.00,123.00,476.00,315.00,422.00,315.00
419.00,119.00,474.00,119.00,474.00,311.00,419.00,311.00
416.00,119.00,473.00,119.00,473.00,314.00,416.00,314.00
411.00,114.00,470.00,114.00,470.00,311.00,411.00,311.00
410.00,116.00,468.00,116.00,468.00,307.00,410.00,307.00
408.00,116.00,465.00,116.00,465.00,303.00,408.00,303.00
406.00,114.00,462.00,114.00,462.00,298.00,406.00,298.00
405.00,111.00,460.00,111.00,460.00,296.00,405.00,296.00
402.00,110.00,459.00,110.00,459.00,295.00,402.00,295.00
405.00,107.00,459.00,107.00,459.00,291.00,405.00,291.00
408.00,102.00,459.00,102.00,459.00,286.00,408.00,286.00
407.00,102.00,460.00,102.00,460.00,284.00,407.00,284.00
408.00,101.00,463.00,101.00,463.00,283.00,408.00,283.00
410.00,98.00,463.00,98.00,463.00,278.00,410.00,278.00
410.00,95.00,466.00,95.00,466.00,279.00,410.00,279.00
412.00,88.00,466.00,88.00,466.00,277.00,412.00,277.00
411.00,84.00,467.00,84.00,467.00,273.00,411.00,273.00
414.00,87.00,469.00,87.00,469.00,274.00,414.00,274.00
414.00,83.00,470.00,83.00,470.00,278.00,414.00,278.00
416.00,80.00,472.00,80.00,472.00,276.00,416.00,276.00
417.00,82.00,474.00,82.00,474.00,276.00,417.00,276.00
416.00,80.00,474.00,80.00,474.00,278.00,416.00,278.00
416.00,81.00,476.00,81.00,476.00,278.00,416.00,278.00
412.00,77.00,472.00,77.00,472.00,278.00,412.00,278.00
414.00,75.00,474.00,75.00,474.00,273.00,414.00,273.00
414.00,75.00,472.00,75.00,472.00,275.00,414.00,275.00
415.00,76.00,472.00,76.00,472.00,272.00,415.00,272.00
413.00,80.00,470.00,80.00,470.00,273.00,413.00,273.00
415.00,76.00,470.00,76.00,470.00,272.00,415.00,272.00
417.00,77.00,472.00,77.00,472.00,273.00,417.00,273.00
417.00,78.00,471.00,78.00,471.00,269.00,417.00,269.00
416.00,79.00,471.00,79.00,471.00,269.00,416.00,269.00
419.00,75.00,473.00,75.00,473.00,265.00,419.00,265.00
419.00,72.00,474.00,72.00,474.00,265.00,419.00,265.00
420.00,78.00,476.00,78.00,476.00,268.00,420.00,268.00
420.00,76.00,477.00,76.00,477.00,267.00,420.00,267.00
418.00,76.00,476.00,76.00,476.00,267.00,418.00,267.00
421.00,77.00,478.00,77.00,478.00,267.00,421.00,267.00
422.00,76.00,477.00,76.00,477.00,268.00,422.00,268.00
425.00,75.00,479.00,75.00,479.00,265.00,425.00,265.00
423.00,78.00,476.00,78.00,476.00,266.00,423.00,266.00
425.00,78.00,476.00,78.00,476.00,267.00,425.00,267.00
425.00,83.00,477.00,83.00,477.00,268.00,425.00,268.00
422.00,83.00,475.00,83.00,475.00,271.00,422.00,271.00
422.00,84.00,476.00,84.00,476.00,272.00,422.00,272.00
423.00,86.00,477.00,86.00,477.00,273.00,423.00,273.00
422.00,88.00,475.00,88.00,475.00,273.00,422.00,273.00
424.00,89.00,477.00,89.00,477.00,273.00,424.00,273.00
421.00,89.00,476.00,89.00,476.00,274.00,421.00,274.00
420.00,96.00,476.00,96.00,476.00,276.00,420.00,276.00
425.00,95.00,477.00,95.00,477.00,276.00,425.00,276.00
425.00,95.00,478.00,95.00,478.00,280.00,425.00,280.00
424.00,96.00,478.00,96.00,478.00,281.00,424.00,281.00
424.00,100.00,478.00,100.00,478.00,281.00,424.00,281.00
425.00,103.00,478.00,103.00,478.00,285.00,425.00,285.00
426.00,103.00,479.00,103.00,479.00,289.00,426.00,289.00
425.00,105.00,478.00,105.00,478.00,292.00,425.00,292.00
421.00,108.00,476.00,108.00,476.00,294.00,421.00,294.00
425.00,112.00,479.00,112.00,479.00,295.00,425.00,295.00
425.00,113.00,478.00,113.00,478.00,295.00,425.00,295.00
421.00,117.00,476.00,117.00,476.00,299.00,421.00,299.00
421.00,118.00,475.00,118.00,475.00,303.00,421.00,303.00
421.00,120.00,474.00,120.00,474.00,304.00,421.00,304.00
419.00,123.00,473.00,123.00,473.00,302.00,419.00,302.00
417.00,127.00,471.00,127.00,471.00,308.00,417.00,308.00
416.00,128.00,471.00,128.00,471.00,311.00,416.00,311.00
415.00,130.00,471.00,130.00,471.00,313.00,415.00,313.00
421.00,131.00,473.00,131.00,473.00,310.00,421.00,310.00
417.00,134.00,471.00,134.00,471.00,314.00,417.00,314.00
419.00,135.00,472.00,135.00,472.00,314.00,419.00,314.00
418.00,134.00,472.00,134.00,472.00,314.00,418.00,314.00
419.00,133.00,473.00,133.00,473.00,315.00,419.00,315.00
417.00,136.00,473.00,136.00,473.00,316.00,417.00,316.00
418.00,138.00,472.00,138.00,472.00,317.00,418.00,317.00
420.00,137.00,473.00,137.00,473.00,315.00,420.00,315.00
419.00,135.00,473.00,135.00,473.00,315.00,419.00,315.00
420.00,137.00,473.00,137.00,473.00,315.00,420.00,315.00
420.00,134.00,474.00,134.00,474.00,316.00,420.00,316.00
424.00,133.00,477.00,133.00,477.00,315.00,424.00,315.00
419.00,131.00,474.00,131.00,474.00,314.00,419.00,314.00
419.00,132.00,475.00,132.00,475.00,317.00,419.00,317.00
420.00,137.00,475.00,137.00,475.00,314.00,420.00,314.00
420.00,135.00,473.00,135.00,473.00,311.00,420.00,311.00
422.00,136.00,473.00,136.00,473.00,315.00,422.00,315.00
424.00,137.00,475.00,137.00,475.00,315.00,424.00,315.00
420.00,140.00,474.00,140.00,474.00,317.00,420.00,317.00
425.00,140.00,475.00,140.00,475.00,311.00,425.00,311.00
424.00,137.00,474.00,137.00,474.00,311.00,424.00,311.00
424.00,135.00,474.00,135.00,474.00,314.00,424.00,314.00
424.00,133.00,474.00,133.00,474.00,310.00,424.00,310.00
427.00,136.00,476.00,136.00,476.00,313.00,427.00,313.00
424.00,136.00,475.00,136.00,475.00,311.00,424.00,311.00
425.00,133.00,475.00,133.00,475.00,308.00,425.00,308.00
424.00,136.00,474.00,136.00,474.00,308.00,424.00,308.00
424.00,135.00,474.00,135.00,474.00,309.00,424.00,309.00
423.00,136.00,474.00,136.00,474.00,310.00,423.00,310.00
425.00,137.00,474.00,137.00,474.00,307.00,425.00,307.00
426.00,137.00,475.00,137.00,475.00,307.00,426.00,307.00
425.00,135.00,475.00,135.00,475.00,307.00,425.00,307.00
426.00,135.00,476.00,135.00,476.00,309.00,426.00,309.00
423.00,136.00,474.00,136.00,474.00,309.00,423.00,309.00
423.00,134.00,475.00,134.00,475.00,308.00,423.00,308.00
420.00,131.00,472.00,131.00,472.00,312.00,420.00,312.00
419.00,132.00,473.00,132.00,473.00,311.00,419.00,311.00
421.00,128.00,474.00,128.00,474.00,308.00,421.00,308.00
419.00,129.00,473.00,129.00,473.00,309.00,419.00,309.00
416.00,129.00,472.00,129.00,472.00,311.00,416.00,311.00
417.00,127.00,474.00,127.00,474.00,309.00,417.00,309.00
415.00,127.00,473.00,127.00,473.00,308.00,415.00,308.00
412.00,127.00,472.00,127.00,472.00,307.00,412.00,307.00
412.00,126.00,473.00,126.00,473.00,308.00,412.00,308.00
410.00,130.00,473.00,130.00,473.00,312.00,410.00,312.00
412.00,129.00,474.00,129.00,474.00,311.00,412.00,311.00
410.00,130.00,474.00,130.00,474.00,311.00,410.00,311.00
410.00,130.00,476.00,130.00,476.00,310.00,410.00,310.00
411.00,132.00,475.00,132.00,475.00,310.00,411.00,310.00
411.00,130.00,476.00,130.00,476.00,309.00,411.00,309.00
410.00,131.00,472.00,131.00,472.00,307.00,410.00,307.00
410.00,133.00,473.00,133.00,473.00,309.00,410.00,309.00
410.00,137.00,472.00,137.00,472.00,310.00,410.00,310.00
411.00,140.00,472.00,140.00,472.00,309.00,411.00,309.00
411.00,139.00,473.00,139.00,473.00,309.00,411.00,309.00
411.00,141.00,472.00,141.00,472.00,306.00,411.00,306.00
412.00,140.00,472.00,140.00,472.00,300.00,412.00,300.00
413.00,137.00,473.00,137.00,473.00,297.00,413.00,297.00
412.00,140.00,473.00,140.00,473.00,299.00,412.00,299.00
411.00,145.00,472.00,145.00,472.00,302.00,411.00,302.00
410.00,142.00,471.00,142.00,471.00,300.00,410.00,300.00
409.00,144.00,471.00,144.00,471.00,302.00,409.00,302.00
411.00,142.00,473.00,142.00,473.00,303.00,411.00,303.00
411.00,143.00,473.00,143.00,473.00,303.00,411.00,303.00
411.00,143.00,474.00,143.00,474.00,306.00,411.00,306.00
412.00,140.00,473.00,140.00,473.00,303.00,412.00,303.00
413.00,136.00,476.00,136.00,476.00,306.00,413.00,306.00
414.00,132.00,477.00,132.00,477.00,305.00,414.00,305.00
414.00,129.00,478.00,129.00,478.00,304.00,414.00,304.00
411.00,133.00,475.00,133.00,475.00,308.00,411.00,308.00
411.00,130.00,476.00,130.00,476.00,310.00,411.00,310.00
411.00,132.00,475.00,132.00,475.00,313.00,411.00,313.00
410.00,133.00,475.00,133.00,475.00,315.00,410.00,315.00
411.00,128.00,476.00,128.00,476.00,314.00,411.00,314.00
409.00,125.00,475.00,125.00,475.00,313.00,409.00,313.00
411.00,123.00,475.00,123.00,475.00,308.00,411.00,308.00
410.00,125.00,473.00,125.00,473.00,310.00,410.00,310.00
410.00,124.00,471.00,124.00,471.00,305.00,410.00,305.00
413.00,122.00,473.00,122.00,473.00,303.00,413.00,303.00
406.00,124.00,465.00,124.00,465.00,306.00,406.00,306.00
408.00,125.00,465.00,125.00,465.00,306.00,408.00,306.00
405.00,128.00,461.00,128.00,461.00,308.00,405.00,308.00
406.00,126.00,463.00,126.00,463.00,308.00,406.00,308.00
402.00,130.00,458.00,130.00,458.00,305.00,402.00,305.00
406.00,128.00,462.00,128.00,462.00,305.00,406.00,305.00
404.00,129.00,461.00,129.00,461.00,306.00,404.00,306.00
403.00,132.00,459.00,132.00,459.00,305.00,403.00,305.00
402.00,136.00,459.00,136.00,459.00,302.00,402.00,302.00
403.00,130.00,462.00,130.00,462.00,300.00,403.00,300.00
401.00,132.00,461.00,132.00,461.00,299.00,401.00,299.00
400.00,128.00,461.00,128.00,461.00,299.00,400.00,299.00
400.00,128.00,458.00,128.00,458.00,296.00,400.00,296.00
400.00,127.00,457.00,127.00,457.00,296.00,400.00,296.00
397.00,126.00,457.00,126.00,457.00,294.00,397.00,294.00
399.00,125.00,457.00,125.00,457.00,291.00,399.00,291.00
399.00,126.00,457.00,126.00,457.00,292.00,399.00,292.00
394.00,124.00,453.00,124.00,453.00,288.00,394.00,288.00
396.00,127.00,454.00,127.00,454.00,289.00,396.00,289.00
394.00,127.00,455.00,127.00,455.00,288.00,394.00,288.00
395.00,127.00,455.00,127.00,455.00,289.00,395.00,289.00
395.00,126.00,454.00,126.00,454.00,286.00,395.00,286.00
395.00,126.00,454.00,126.00,454.00,284.00,395.00,284.00
392.00,125.00,452.00,125.00,452.00,285.00,392.00,285.00
391.00,125.00,452.00,125.00,452.00,285.00,391.00,285.00
388.00,124.00,451.00,124.00,451.00,281.00,388.00,281.00
386.00,123.00,450.00,123.00,450.00,277.00,386.00,277.00
385.00,127.00,447.00,127.00,447.00,280.00,385.00,280.00
384.00,124.00,446.00,124.00,446.00,280.00,384.00,280.00
382.00,118.00,447.00,118.00,447.00,280.00,382.00,280.00
379.00,120.00,445.00,120.00,445.00,285.00,379.00,285.00
375.00,125.00,441.00,125.00,441.00,286.00,375.00,286.00
370.00,123.00,438.00,123.00,438.00,288.00,370.00,288.00
366.00,123.00,433.00,123.00,433.00,292.00,366.00,292.00
364.00,121.00,431.00,121.00,431.00,292.00,364.00,292.00
363.00,127.00,426.00,127.00,426.00,293.00,363.00,293.00
361.00,121.00,423.00,121.00,423.00,292.00,361.00,292.00
359.00,119.00,420.00,119.00,420.00,291.00,359.00,291.00
359.00,119.00,420.00,119.00,420.00,289.00,359.00,289.00
355.00,117.00,418.00,117.00,418.00,289.00,355.00,289.00
353.00,118.00,418.00,118.00,418.00,287.00,353.00,287.00
352.00,121.00,418.00,121.00,418.00,288.00,352.00,288.00
355.00,121.00,419.00,121.00,419.00,286.00,355.00,286.00
355.00,123.00,418.00,123.00,418.00,290.00,355.00,290.00
356.00,123.00,419.00,123.00,419.00,290.00,356.00,290.00
357.00,128.00,422.00,128.00,422.00,291.00,357.00,291.00
359.00,127.00,424.00,127.00,424.00,295.00,359.00,295.00
363.00,133.00,427.00,133.00,427.00,295.00,363.00,295.00
364.00,130.00,429.00,130.00,429.00,299.00,364.00,299.00
367.00,128.00,433.00,128.00,433.00,302.00,367.00,302.00
370.00,134.00,434.00,134.00,434.00,303.00,370.00,303.00
371.00,131.00,434.00,131.00,434.00,303.00,371.00,303.00
372.00,135.00,437.00,135.00,437.00,307.00,372.00,307.00
373.00,142.00,438.00,142.00,438.00,310.00,373.00,310.00
375.00,139.00,438.00,139.00,438.00,311.00,375.00,311.00
372.00,142.00,438.00,142.00,438.00,319.00,372.00,319.00
373.00,139.00,438.00,139.00,438.00,317.00,373.00,317.00
372.00,138.00,439.00,138.00,439.00,321.00,372.00,321.00
374.00,140.00,440.00,140.00,440.00,322.00,374.00,322.00
373.00,142.00,439.00,142.00,439.00,327.00,373.00,327.00
374.00,143.00,438.00,143.00,438.00,324.00,374.00,324.00
375.00,146.00,439.00,146.00,439.00,319.00,375.00,319.00
373.00,146.00,439.00,146.00,439.00,324.00,373.00,324.00
375.00,148.00,441.00,148.00,441.00,323.00,375.00,323.00
377.00,152.00,443.00,152.00,443.00,326.00,377.00,326.00
378.00,154.00,447.00,154.00,447.00,329.00,378.00,329.00
381.00,155.00,449.00,155.00,449.00,331.00,381.00,331.00
383.00,159.00,449.00,159.00,449.00,334.00,383.00,334.00
384.00,161.00,451.00,161.00,451.00,332.00,384.00,332.00
388.00,165.00,452.00,165.00,452.00,336.00,388.00,336.00
388.00,167.00,454.00,167.00,454.00,337.00,388.00,337.00
390.00,173.00,454.00,173.00,454.00,339.00,390.00,339.00
391.00,177.00,456.00,177.00,456.00,341.00,391.00,341.00
391.00,176.00,458.00,176.00,458.00,343.00,391.00,343.00
392.00,178.00,458.00,178.00,458.00,345.00,392.00,345.00
392.00,177.00,461.00,177.00,461.00,345.00,392.00,345.00
392.00,180.00,458.00,180.00,458.00,343.00,392.00,343.00
391.00,180.00,456.00,180.00,456.00,340.00,391.00,340.00
393.00,177.00,458.00,177.00,458.00,339.00,393.00,339.00
392.00,177.00,458.00,177.00,458.00,341.00,392.00,341.00
393.00,178.00,457.00,178.00,457.00,343.00,393.00,343.00
392.00,174.00,456.00,174.00,456.00,340.00,392.00,340.00
393.00,178.00,455.00,178.00,455.00,341.00,393.00,341.00
395.00,181.00,455.00,181.00,455.00,341.00,395.00,341.00
393.00,182.00,455.00,182.00,455.00,340.00,393.00,340.00
391.00,182.00,452.00,182.00,452.00,338.00,391.00,338.00
391.00,177.00,452.00,177.00,452.00,337.00,391.00,337.00
389.00,179.00,449.00,179.00,449.00,335.00,389.00,335.00
388.00,179.00,448.00,179.00,448.00,334.00,388.00,334.00
385.00,175.00,447.00,175.00,447.00,334.00,385.00,334.00
383.00,174.00,447.00,174.00,447.00,335.00,383.00,335.00
382.00,177.00,445.00,177.00,445.00,335.00,382.00,335.00
380.00,175.00,442.00,175.00,442.00,330.00,380.00,330.00
379.00,178.00,440.00,178.00,440.00,328.00,379.00,328.00
378.00,176.00,438.00,176.00,438.00,326.00,378.00,326.00
378.00,169.00,437.00,169.00,437.00,322.00,378.00,322.00
377.00,166.00,435.00,166.00,435.00,322.00,377.00,322.00
375.00,166.00,433.00,166.00,433.00,318.00,375.00,318.00
375.00,159.00,435.00,159.00,435.00,313.00,375.00,313.00
374.00,162.00,433.00,162.00,433.00,311.00,374.00,311.00
374.00,164.00,433.00,164.00,433.00,311.00,374.00,311.00
372.00,157.00,430.00,157.00,430.00,307.00,372.00,307.00
372.00,155.00,430.00,155.00,430.00,303.00,372.00,303.00
372.00,153.00,429.00,153.00,429.00,301.00,372.00,301.00
370.00,151.00,428.00,151.00,428.00,302.00,370.00,302.00
371.00,145.00,429.00,145.00,429.00,299.00,371.00,299.00
371.00,145.00,428.00,145.00,428.00,294.00,371.00,294.00
372.00,139.00,429.00,139.00,429.00,290.00,372.00,290.00
374.00,140.00,429.00,140.00,429.00,285.00,374.00,285.00
373.00,139.00,430.00,139.00,430.00,285.00,373.00,285.00
372.00,137.00,430.00,137.00,430.00,286.00,372.00,286.00
372.00,140.00,431.00,140.00,431.00,285.00,372.00,285.00
375.00,132.00,434.00,132.00,434.00,287.00,375.00,287.00
377.00,139.00,434.00,139.00,434.00,286.00,377.00,286.00
381.00,137.00,437.00,137.00,437.00,285.00,381.00,285.00
381.00,138.00,435.00,138.00,435.00,279.00,381.00,279.00
375.00,125.00,428.00,125.00,428.00,275.00,375.00,275.00
379.00,142.00,433.00,142.00,433.00,274.00,379.00,274.00
379.00,141.00,434.00,141.00,434.00,276.00,379.00,276.00
387.00,111.00,440.00,111.00,440.00,262.00,387.00,262.00
383.00,130.00,437.00,130.00,437.00,266.00,383.00,266.00
380.00,135.00,432.00,135.00,432.00,268.00,380.00,268.00
381.00,134.00,432.00,134.00,432.00,270.00,381.00,270.00
379.00,133.00,428.00,133.00,428.00,266.00,379.00,266.00
379.00,126.00,427.00,126.00,427.00,261.00,379.00,261.00
379.00,127.00,425.00,127.00,425.00,255.00,379.00,255.00
377.00,127.00,427.00,127.00,427.00,258.00,377.00,258.00
376.00,129.00,426.00,129.00,426.00,265.00,376.00,265.00
376.00,133.00,426.00,133.00,426.00,268.00,376.00,268.00
375.00,138.00,423.00,138.00,423.00,272.00,375.00,272.00
372.00,140.00,422.00,140.00,422.00,273.00,372.00,273.00
371.00,136.00,420.00,136.00,420.00,273.00,371.00,273.00
371.00,131.00,421.00,131.00,421.00,274.00,371.00,274.00
368.00,130.00,418.00,130.00,418.00,273.00,368.00,273.00
367.00,130.00,419.00,130.00,419.00,275.00,367.00,275.00
365.00,128.00,417.00,128.00,417.00,274.00,365.00,274.00
364.00,131.00,415.00,131.00,415.00,275.00,364.00,275.00
364.00,128.00,415.00,128.00,415.00,274.00,364.00,274.00
361.00,130.00,414.00,130.00,414.00,277.00,361.00,277.00
361.00,130.00,414.00,130.00,414.00,280.00,361.00,280.00
359.00,132.00,411.00,132.00,411.00,281.00,359.00,281.00
357.00,133.00,411.00,133.00,411.00,287.00,357.00,287.00
355.00,133.00,412.00,133.00,412.00,290.00,355.00,290.00
355.00,132.00,412.00,132.00,412.00,291.00,355.00,291.00
354.00,133.00,411.00,133.00,411.00,293.00,354.00,293.00
353.00,132.00,412.00,132.00,412.00,293.00,353.00,293.00
352.00,131.00,412.00,131.00,412.00,296.00,352.00,296.00
351.00,136.00,411.00,136.00,411.00,299.00,351.00,299.00
351.00,138.00,410.00,138.00,410.00,299.00,351.00,299.00
350.00,139.00,409.00,139.00,409.00,302.00,350.00,302.00
349.00,141.00,409.00,141.00,409.00,306.00,349.00,306.00
349.00,140.00,408.00,140.00,408.00,307.00,349.00,307.00
348.00,141.00,407.00,141.00,407.00,309.00,348.00,309.00
349.00,147.00,407.00,147.00,407.00,311.00,349.00,311.00
349.00,148.00,406.00,148.00,406.00,312.00,349.00,312.00
350.00,151.00,407.00,151.00,407.00,312.00,350.00,312.00
349.00,151.00,405.00,151.00,405.00,313.00,349.00,313.00
348.00,153.00,404.00,153.00,404.00,315.00,348.00,315.00
347.00,155.00,404.00,155.00,404.00,314.00,347.00,314.00
348.00,156.00,407.00,156.00,407.00,316.00,348.00,316.00
347.00,159.00,404.00,159.00,404.00,316.00,347.00,316.00
346.00,155.00,405.00,155.00,405.00,316.00,346.00,316.00
345.00,163.00,401.00,163.00,401.00,314.00,345.00,314.00
346.00,159.00,401.00,159.00,401.00,316.00,346.00,316.00
347.00,161.00,400.00,161.00,400.00,317.00,347.00,317.00
347.00,166.00,400.00,166.00,400.00,317.00,347.00,317.00
346.00,168.00,399.00,168.00,399.00,318.00,346.00,318.00
346.00,165.00,400.00,165.00,400.00,319.00,346.00,319.00
345.00,167.00,399.00,167.00,399.00,318.00,345.00,318.00
343.00,165.00,397.00,165.00,397.00,320.00,343.00,320.00
342.00,167.00,395.00,167.00,395.00,318.00,342.00,318.00
341.00,168.00,395.00,168.00,395.00,320.00,341.00,320.00
341.00,166.00,394.00,166.00,394.00,319.00,341.00,319.00
340.00,165.00,395.00,165.00,395.00,319.00,340.00,319.00
339.00,170.00,393.00,170.00,393.00,319.00,339.00,319.00
338.00,174.00,391.00,174.00,391.00,320.00,338.00,320.00
336.00,173.00,390.00,173.00,390.00,319.00,336.00,319.00
336.00,175.00,389.00,175.00,389.00,321.00,336.00,321.00
335.00,176.00,388.00,176.00,388.00,321.00,335.00,321.00
332.00,172.00,386.00,172.00,386.00,324.00,332.00,324.00
331.00,175.00,384.00,175.00,384.00,324.00,331.00,324.00
330.00,173.00,383.00,173.00,383.00,324.00,330.00,324.00
329.00,176.00,380.00,176.00,380.00,327.00,329.00,327.00
329.00,178.00,380.00,178.00,380.00,323.00,329.00,323.00
325.00,181.00,377.00,181.00,377.00,325.00,325.00,325.00
325.00,182.00,376.00,182.00,376.00,325.00,325.00,325.00
325.00,182.00,377.00,182.00,377.00,324.00,325.00,324.00
322.00,186.00,373.00,186.00,373.00,325.00,322.00,325.00
322.00,183.00,372.00,183.00,372.00,324.00,322.00,324.00
318.00,186.00,369.00,186.00,369.00,327.00,318.00,327.00
315.00,185.00,366.00,185.00,366.00,330.00,315.00,330.00
313.00,187.00,365.00,187.00,365.00,329.00,313.00,329.00
310.00,188.00,363.00,188.00,363.00,329.00,310.00,329.00
307.00,186.00,360.00,186.00,360.00,330.00,307.00,330.00
305.00,186.00,359.00,186.00,359.00,329.00,305.00,329.00
302.00,189.00,355.00,189.00,355.00,333.00,302.00,333.00
299.00,188.00,352.00,188.00,352.00,332.00,299.00,332.00
297.00,187.00,351.00,187.00,351.00,332.00,297.00,332.00
294.00,187.00,348.00,187.00,348.00,331.00,294.00,331.00
290.00,187.00,345.00,187.00,345.00,331.00,290.00,331.00
288.00,187.00,344.00,187.00,344.00,333.00,288.00,333.00
284.00,188.00,343.00,188.00,343.00,333.00,284.00,333.00
283.00,189.00,339.00,189.00,339.00,335.00,283.00,335.00
280.00,188.00,336.00,188.00,336.00,332.00,280.00,332.00
278.00,189.00,334.00,189.00,334.00,335.00,278.00,335.00
276.00,190.00,333.00,190.00,333.00,335.00,276.00,335.00
274.00,188.00,329.00,188.00,329.00,335.00,274.00,335.00
272.00,188.00,325.00,188.00,325.00,333.00,272.00,333.00
268.00,191.00,323.00,191.00,323.00,335.00,268.00,335.00
267.00,186.00,321.00,186.00,321.00,337.00,267.00,337.00
264.00,189.00,319.00,189.00,319.00,339.00,264.00,339.00
261.00,189.00,315.00,189.00,315.00,339.00,261.00,339.00
259.00,193.00,316.00,193.00,316.00,341.00,259.00,341.00
254.00,192.00,311.00,192.00,311.00,340.00,254.00,340.00
253.00,191.00,309.00,191.00,309.00,340.00,253.00,340.00
249.00,194.00,306.00,194.00,306.00,340.00,249.00,340.00
247.00,193.00,304.00,193.00,304.00,342.00,247.00,342.00
245.00,195.00,304.00,195.00,304.00,342.00,245.00,342.00
242.00,194.00,301.00,194.00,301.00,342.00,242.00,342.00
240.00,195.00,298.00,195.00,298.00,341.00,240.00,341.00
237.00,197.00,298.00,197.00,298.00,342.00,237.00,342.00
234.00,200.00,293.00,200.00,293.00,343.00,234.00,343.00
232.00,199.00,291.00,199.00,291.00,341.00,232.00,341.00
230.00,199.00,289.00,199.00,289.00,342.00,230.00,342.00
228.00,199.00,286.00,199.00,286.00,342.00,228.00,342.00
226.00,197.00,282.00,197.00,282.00,341.00,226.00,341.00
224.00,200.00,278.00,200.00,278.00,339.00,224.00,339.00
