1
291.00,136.00,339.00,136.00,339.00,304.00,291.00,304.00
291.00,135.00,340.00,135.00,340.00,303.00,291.00,303.00
292.00,135.00,341.00,135.00,341.00,304.00,292.00,304.00
293.00,136.00,341.00,136.00,341.00,303.00,293.00,303.00
294.00,135.00,343.00,135.00,343.00,304.00,294.00,304.00
295.00,135.00,342.00,135.00,342.00,304.00,295.00,304.00
296.00,136.00,342.00,136.00,342.00,304.00,296.00,304.00
297.00,135.00,342.00,135.00,342.00,306.00,297.00,306.00
296.00,136.00,341.00,136.00,341.00,307.00,296.00,307.00
296.00,137.00,341.00,137.00,341.00,308.00,296.00,308.00
295.00,138.00,340.00,138.00,340.00,307.00,295.00,307.00
292.00,139.00,338.00,139.00,338.00,307.00,292.00,307.00
291.00,140.00,335.00,140.00,335.00,306.00,291.00,306.00
289.00,139.00,333.00,139.00,333.00,304.00,289.00,304.00
287.00,141.00,331.00,141.00,331.00,303.00,287.00,303.00
285.00,140.00,328.00,140.00,328.00,303.00,285.00,303.00
283.00,142.00,327.00,142.00,327.00,303.00,283.00,303.00
282.00,142.00,325.00,142.00,325.00,303.00,282.00,303.00
280.00,142.00,324.00,142.00,324.00,303.00,280.00,303.00
278.00,142.00,322.00,142.00,322.00,303.00,278.00,303.00
277.00,145.00,321.00,145.00,321.00,305.00,277.00,305.00
276.00,144.00,320.00,144.00,320.00,302.00,276.00,302.00
276.00,146.00,319.00,146.00,319.00,305.00,276.00,305.00
274.00,147.00,317.00,147.00,317.00,305.00,274.00,305.00
274.00,148.00,318.00,148.00,318.00,305.00,274.00,305.00
274.00,150.00,317.00,150.00,317.00,307.00,274.00,307.00
272.00,151.00,316.00,151.00,316.00,306.00,272.00,306.00
272.00,150.00,315.00,150.00,315.00,307.00,272.00,307.00
271.00,151.00,316.00,151.00,316.00,305.00,271.00,305.00
270.00,154.00,313.00,154.00,313.00,308.00,270.00,308.00
269.00,155.00,312.00,155.00,312.00,308.00,269.00,308.00
268.00,156.00,310.00,156.00,310.00,307.00,268.00,307.00
267.00,158.00,310.00,158.00,310.00,309.00,267.00,309.00
265.00,158.00,308.00,158.00,308.00,311.00,265.00,311.00
264.00,160.00,307.00,160.00,307.00,310.00,264.00,310.00
262.00,159.00,306.00,159.00,306.00,309.00,262.00,309.00
261.00,158.00,304.00,158.00,304.00,308.00,261.00,308.00
260.00,159.00,302.00,159.00,302.00,309.00,260.00,309.00
258.00,161.00,300.00,161.00,300.00,310.00,258.00,310.00
256.00,161.00,299.00,161.00,299.00,309.00,256.00,309.00
254.00,161.00,298.00,161.00,298.00,308.00,254.00,308.00
254.00,164.00,296.00,164.00,296.00,309.00,254.00,309.00
255.00,164.00,295.00,164.00,295.00,311.00,255.00,311.00
256.00,163.00,296.00,163.00,296.00,308.00,256.00,308.00
257.00,164.00,296.00,164.00,296.00,309.00,257.00,309.00
259.00,164.00,297.00,164.00,297.00,309.00,259.00,309.00
262.00,163.00,298.00,163.00,298.00,307.00,262.00,307.00
260.00,165.00,297.00,165.00,297.00,305.00,260.00,305.00
260.00,164.00,297.00,164.00,297.00,306.00,260.00,306.00
261.00,161.00,297.00,161.00,297.00,302.00,261.00,302.00
259.00,163.00,296.00,163.00,296.00,305.00,259.00,305.00
255.00,156.00,295.00,156.00,295.00,301.00,255.00,301.00
255.00,155.00,293.00,155.00,293.00,302.00,255.00,302.00
253.00,153.00,293.00,153.00,293.00,300.00,253.00,300.00
254.00,152.00,293.00,152.00,293.00,297.00,254.00,297.00
255.00,156.00,292.00,156.00,292.00,297.00,255.00,297.00
255.00,156.00,292.00,156.00,292.00,296.00,255.00,296.00
258.00,154.00,295.00,154.00,295.00,296.00,258.00,296.00
255.00,155.00,294.00,155.00,294.00,295.00,255.00,295.00
255.00,155.00,294.00,155.00,294.00,295.00,255.00,295.00
254.00,151.00,293.00,151.00,293.00,290.00,254.00,290.00
252.00,151.00,291.00,151.00,291.00,292.00,252.00,292.00
252.00,146.00,292.00,146.00,292.00,291.00,252.00,291.00
252.00,148.00,290.00,148.00,290.00,292.00,252.00,292.00
253.00,150.00,291.00,150.00,291.00,287.00,253.00,287.00
255.00,151.00,292.00,151.00,292.00,286.00,255.00,286.00
254.00,151.00,292.00,151.00,292.00,286.00,254.00,286.00
255.00,149.00,293.00,149.00,293.00,285.00,255.00,285.00
255.00,148.00,294.00,148.00,294.00,284.00,255.00,284.00
255.00,148.00,294.00,148.00,294.00,282.00,255.00,282.00
256.00,148.00,295.00,148.00,295.00,282.00,256.00,282.00
259.00,145.00,296.00,145.00,296.00,282.00,259.00,282.00
259.00,146.00,297.00,146.00,297.00,283.00,259.00,283.00
260.00,146.00,297.00,146.00,297.00,282.00,260.00,282.00
259.00,146.00,297.00,146.00,297.00,279.00,259.00,279.00
259.00,147.00,297.00,147.00,297.00,282.00,259.00,282.00
258.00,147.00,297.00,147.00,297.00,280.00,258.00,280.00
258.00,148.00,296.00,148.00,296.00,280.00,258.00,280.00
258.00,149.00,296.00,149.00,296.00,280.00,258.00,280.00
259.00,151.00,296.00,151.00,296.00,281.00,259.00,281.00
259.00,152.00,297.00,152.00,297.00,283.00,259.00,283.00
259.00,150.00,297.00,150.00,297.00,281.00,259.00,281.00
259.00,150.00,297.00,150.00,297.00,284.00,259.00,284.00
259.00,149.00,297.00,149.00,297.00,285.00,259.00,285.00
260.00,147.00,298.00,147.00,298.00,284.00,260.00,284.00
260.00,148.00,298.00,148.00,298.00,284.00,260.00,284.00
262.00,148.00,299.00,148.00,299.00,283.00,262.00,283.00
262.00,148.00,299.00,148.00,299.00,280.00,262.00,280.00
262.00,149.00,298.00,149.00,298.00,279.00,262.00,279.00
263.00,146.00,300.00,146.00,300.00,278.00,263.00,278.00
264.00,145.00,302.00,145.00,302.00,276.00,264.00,276.00
263.00,144.00,303.00,144.00,303.00,277.00,263.00,277.00
263.00,145.00,303.00,145.00,303.00,278.00,263.00,278.00
263.00,141.00,305.00,141.00,305.00,277.00,263.00,277.00
263.00,141.00,304.00,141.00,304.00,277.00,263.00,277.00
265.00,144.00,306.00,144.00,306.00,278.00,265.00,278.00
267.00,145.00,307.00,145.00,307.00,277.00,267.00,277.00
268.00,144.00,308.00,144.00,308.00,276.00,268.00,276.00
270.00,146.00,311.00,146.00,311.00,276.00,270.00,276.00
271.00,144.00,311.00,144.00,311.00,276.00,271.00,276.00
271.00,144.00,312.00,144.00,312.00,277.00,271.00,277.00
272.00,144.00,313.00,144.00,313.00,277.00,272.00,277.00
275.00,142.00,314.00,142.00,314.00,275.00,275.00,275.00
278.00,144.00,318.00,144.00,318.00,274.00,278.00,274.00
281.00,140.00,320.00,140.00,320.00,269.00,281.00,269.00
274.00,148.00,314.00,148.00,314.00,287.00,274.00,287.00
253.00,137.00,295.00,137.00,295.00,274.00,253.00,274.00
246.00,106.00,287.00,106.00,287.00,249.00,246.00,249.00
243.00,103.00,284.00,103.00,284.00,248.00,243.00,248.00
247.00,106.00,287.00,106.00,287.00,248.00,247.00,248.00
2
0
0
0
0
1
285.00,139.00,335.00,139.00,335.00,301.00,285.00,301.00
293.00,139.00,342.00,139.00,342.00,300.00,293.00,300.00
301.00,141.00,350.00,141.00,350.00,301.00,301.00,301.00
310.00,140.00,357.00,140.00,357.00,308.00,310.00,308.00
316.00,142.00,364.00,142.00,364.00,308.00,316.00,308.00
325.00,140.00,372.00,140.00,372.00,307.00,325.00,307.00
325.00,140.00,375.00,140.00,375.00,302.00,325.00,302.00
2
0
0
0
0
1
278.00,142.00,331.00,142.00,331.00,306.00,278.00,306.00
277.00,141.00,331.00,141.00,331.00,307.00,277.00,307.00
275.00,143.00,332.00,143.00,332.00,309.00,275.00,309.00
272.00,142.00,331.00,142.00,331.00,311.00,272.00,311.00
271.00,142.00,331.00,142.00,331.00,312.00,271.00,312.00
271.00,142.00,331.00,142.00,331.00,313.00,271.00,313.00
271.00,144.00,330.00,144.00,330.00,313.00,271.00,313.00
271.00,142.00,329.00,142.00,329.00,312.00,271.00,312.00
271.00,143.00,327.00,143.00,327.00,311.00,271.00,311.00
271.00,143.00,327.00,143.00,327.00,312.00,271.00,312.00
272.00,145.00,327.00,145.00,327.00,311.00,272.00,311.00
272.00,145.00,325.00,145.00,325.00,310.00,272.00,310.00
271.00,144.00,324.00,144.00,324.00,308.00,271.00,308.00
272.00,142.00,323.00,142.00,323.00,308.00,272.00,308.00
272.00,143.00,323.00,143.00,323.00,308.00,272.00,308.00
273.00,143.00,325.00,143.00,325.00,305.00,273.00,305.00
273.00,143.00,325.00,143.00,325.00,305.00,273.00,305.00
273.00,144.00,328.00,144.00,328.00,306.00,273.00,306.00
272.00,143.00,328.00,143.00,328.00,309.00,272.00,309.00
273.00,143.00,329.00,143.00,329.00,311.00,273.00,311.00
274.00,146.00,330.00,146.00,330.00,311.00,274.00,311.00
275.00,145.00,331.00,145.00,331.00,312.00,275.00,312.00
278.00,148.00,331.00,148.00,331.00,311.00,278.00,311.00
279.00,148.00,330.00,148.00,330.00,310.00,279.00,310.00
282.00,151.00,331.00,151.00,331.00,305.00,282.00,305.00
283.00,151.00,333.00,151.00,333.00,304.00,283.00,304.00
282.00,152.00,332.00,152.00,332.00,309.00,282.00,309.00
281.00,153.00,331.00,153.00,331.00,307.00,281.00,307.00
280.00,154.00,329.00,154.00,329.00,309.00,280.00,309.00
278.00,155.00,327.00,155.00,327.00,311.00,278.00,311.00
277.00,154.00,325.00,154.00,325.00,313.00,277.00,313.00
277.00,153.00,323.00,153.00,323.00,313.00,277.00,313.00
275.00,152.00,321.00,152.00,321.00,314.00,275.00,314.00
274.00,153.00,321.00,153.00,321.00,315.00,274.00,315.00
274.00,156.00,324.00,156.00,324.00,316.00,274.00,316.00
274.00,158.00,324.00,158.00,324.00,316.00,274.00,316.00
276.00,162.00,327.00,162.00,327.00,317.00,276.00,317.00
276.00,164.00,327.00,164.00,327.00,313.00,276.00,313.00
277.00,164.00,331.00,164.00,331.00,314.00,277.00,314.00
280.00,165.00,331.00,165.00,331.00,314.00,280.00,314.00
283.00,165.00,334.00,165.00,334.00,312.00,283.00,312.00
285.00,164.00,336.00,164.00,336.00,313.00,285.00,313.00
285.00,162.00,337.00,162.00,337.00,315.00,285.00,315.00
285.00,166.00,336.00,166.00,336.00,313.00,285.00,313.00
286.00,162.00,336.00,162.00,336.00,311.00,286.00,311.00
287.00,162.00,338.00,162.00,338.00,312.00,287.00,312.00
286.00,165.00,337.00,165.00,337.00,312.00,286.00,312.00
286.00,162.00,335.00,162.00,335.00,311.00,286.00,311.00
287.00,164.00,335.00,164.00,335.00,315.00,287.00,315.00
288.00,165.00,336.00,165.00,336.00,317.00,288.00,317.00
289.00,161.00,336.00,161.00,336.00,319.00,289.00,319.00
291.00,158.00,338.00,158.00,338.00,321.00,291.00,321.00
294.00,157.00,343.00,157.00,343.00,319.00,294.00,319.00
296.00,156.00,342.00,156.00,342.00,315.00,296.00,315.00
298.00,161.00,344.00,161.00,344.00,318.00,298.00,318.00
297.00,162.00,342.00,162.00,342.00,318.00,297.00,318.00
298.00,160.00,342.00,160.00,342.00,317.00,298.00,317.00
298.00,160.00,343.00,160.00,343.00,318.00,298.00,318.00
297.00,162.00,341.00,162.00,341.00,318.00,297.00,318.00
298.00,162.00,345.00,162.00,345.00,318.00,298.00,318.00
297.00,163.00,345.00,163.00,345.00,317.00,297.00,317.00
296.00,162.00,345.00,162.00,345.00,316.00,296.00,316.00
296.00,163.00,345.00,163.00,345.00,322.00,296.00,322.00
297.00,167.00,347.00,167.00,347.00,322.00,297.00,322.00
297.00,169.00,346.00,169.00,346.00,324.00,297.00,324.00
298.00,168.00,347.00,168.00,347.00,322.00,298.00,322.00
297.00,172.00,348.00,172.00,348.00,321.00,297.00,321.00
296.00,173.00,346.00,173.00,346.00,320.00,296.00,320.00
294.00,168.00,343.00,168.00,343.00,317.00,294.00,317.00
295.00,168.00,345.00,168.00,345.00,319.00,295.00,319.00
299.00,166.00,348.00,166.00,348.00,316.00,299.00,316.00
299.00,167.00,350.00,167.00,350.00,318.00,299.00,318.00
299.00,164.00,350.00,164.00,350.00,315.00,299.00,315.00
301.00,162.00,353.00,162.00,353.00,315.00,301.00,315.00
303.00,160.00,353.00,160.00,353.00,315.00,303.00,315.00
305.00,165.00,355.00,165.00,355.00,319.00,305.00,319.00
308.00,162.00,358.00,162.00,358.00,317.00,308.00,317.00
309.00,159.00,360.00,159.00,360.00,316.00,309.00,316.00
309.00,154.00,361.00,154.00,361.00,319.00,309.00,319.00
310.00,157.00,362.00,157.00,362.00,320.00,310.00,320.00
314.00,150.00,364.00,150.00,364.00,314.00,314.00,314.00
317.00,148.00,369.00,148.00,369.00,311.00,317.00,311.00
321.00,155.00,374.00,155.00,374.00,315.00,321.00,315.00
320.00,156.00,375.00,156.00,375.00,318.00,320.00,318.00
319.00,157.00,373.00,157.00,373.00,316.00,319.00,316.00
318.00,161.00,371.00,161.00,371.00,315.00,318.00,315.00
315.00,164.00,369.00,164.00,369.00,319.00,315.00,319.00
314.00,162.00,366.00,162.00,366.00,319.00,314.00,319.00
313.00,163.00,365.00,163.00,365.00,316.00,313.00,316.00
310.00,162.00,363.00,162.00,363.00,320.00,310.00,320.00
310.00,163.00,362.00,163.00,362.00,317.00,310.00,317.00
310.00,167.00,362.00,167.00,362.00,317.00,310.00,317.00
310.00,167.00,358.00,167.00,358.00,315.00,310.00,315.00
310.00,164.00,359.00,164.00,359.00,318.00,310.00,318.00
311.00,165.00,359.00,165.00,359.00,316.00,311.00,316.00
310.00,166.00,358.00,166.00,358.00,317.00,310.00,317.00
311.00,164.00,360.00,164.00,360.00,318.00,311.00,318.00
311.00,166.00,361.00,166.00,361.00,320.00,311.00,320.00
313.00,166.00,362.00,166.00,362.00,321.00,313.00,321.00
315.00,167.00,363.00,167.00,363.00,322.00,315.00,322.00
316.00,168.00,366.00,168.00,366.00,323.00,316.00,323.00
318.00,167.00,366.00,167.00,366.00,321.00,318.00,321.00
319.00,166.00,366.00,166.00,366.00,322.00,319.00,322.00
321.00,167.00,368.00,167.00,368.00,320.00,321.00,320.00
322.00,167.00,370.00,167.00,370.00,323.00,322.00,323.00
324.00,165.00,372.00,165.00,372.00,323.00,324.00,323.00
327.00,166.00,373.00,166.00,373.00,322.00,327.00,322.00
329.00,169.00,376.00,169.00,376.00,324.00,329.00,324.00
332.00,169.00,378.00,169.00,378.00,322.00,332.00,322.00
334.00,169.00,381.00,169.00,381.00,321.00,334.00,321.00
336.00,172.00,383.00,172.00,383.00,321.00,336.00,321.00
338.00,172.00,385.00,172.00,385.00,325.00,338.00,325.00
340.00,175.00,388.00,175.00,388.00,324.00,340.00,324.00
341.00,176.00,390.00,176.00,390.00,326.00,341.00,326.00
343.00,176.00,391.00,176.00,391.00,326.00,343.00,326.00
345.00,176.00,393.00,176.00,393.00,324.00,345.00,324.00
346.00,177.00,396.00,177.00,396.00,326.00,346.00,326.00
347.00,176.00,397.00,176.00,397.00,324.00,347.00,324.00
348.00,174.00,397.00,174.00,397.00,326.00,348.00,326.00
348.00,174.00,398.00,174.00,398.00,326.00,348.00,326.00
350.00,173.00,400.00,173.00,400.00,323.00,350.00,323.00
350.00,173.00,399.00,173.00,399.00,325.00,350.00,325.00
351.00,173.00,402.00,173.00,402.00,326.00,351.00,326.00
355.00,172.00,405.00,172.00,405.00,328.00,355.00,328.00
356.00,171.00,408.00,171.00,408.00,329.00,356.00,329.00
360.00,170.00,410.00,170.00,410.00,329.00,360.00,329.00
362.00,168.00,415.00,168.00,415.00,331.00,362.00,331.00
366.00,168.00,419.00,168.00,419.00,332.00,366.00,332.00
369.00,165.00,423.00,165.00,423.00,334.00,369.00,334.00
373.00,164.00,427.00,164.00,427.00,333.00,373.00,333.00
376.00,166.00,431.00,166.00,431.00,334.00,376.00,334.00
380.00,164.00,434.00,164.00,434.00,333.00,380.00,333.00
382.00,164.00,437.00,164.00,437.00,336.00,382.00,336.00
385.00,166.00,441.00,166.00,441.00,338.00,385.00,338.00
388.00,166.00,440.00,166.00,440.00,335.00,388.00,335.00
390.00,167.00,441.00,167.00,441.00,334.00,390.00,334.00
393.00,166.00,441.00,166.00,441.00,331.00,393.00,331.00
393.00,167.00,440.00,167.00,440.00,331.00,393.00,331.00
394.00,168.00,442.00,168.00,442.00,334.00,394.00,334.00
394.00,170.00,444.00,170.00,444.00,336.00,394.00,336.00
395.00,170.00,446.00,170.00,446.00,336.00,395.00,336.00
395.00,173.00,447.00,173.00,447.00,335.00,395.00,335.00
396.00,173.00,449.00,173.00,449.00,337.00,396.00,337.00
397.00,175.00,451.00,175.00,451.00,335.00,397.00,335.00
400.00,174.00,455.00,174.00,455.00,339.00,400.00,339.00
399.00,176.00,455.00,176.00,455.00,334.00,399.00,334.00
406.00,171.00,462.00,171.00,462.00,337.00,406.00,337.00
410.00,166.00,467.00,166.00,467.00,341.00,410.00,341.00
412.00,171.00,470.00,171.00,470.00,339.00,412.00,339.00
416.00,173.00,474.00,173.00,474.00,338.00,416.00,338.00
418.00,175.00,474.00,175.00,474.00,338.00,418.00,338.00
419.00,172.00,477.00,172.00,477.00,338.00,419.00,338.00
423.00,169.00,480.00,169.00,480.00,338.00,423.00,338.00
427.00,166.00,482.00,166.00,482.00,336.00,427.00,336.00
430.00,160.00,486.00,160.00,486.00,335.00,430.00,335.00
429.00,165.00,484.00,165.00,484.00,336.00,429.00,336.00
430.00,165.00,486.00,165.00,486.00,336.00,430.00,336.00
433.00,165.00,485.00,165.00,485.00,335.00,433.00,335.00
433.00,164.00,486.00,164.00,486.00,331.00,433.00,331.00
433.00,164.00,488.00,164.00,488.00,330.00,433.00,330.00
432.00,163.00,489.00,163.00,489.00,330.00,432.00,330.00
432.00,162.00,488.00,162.00,488.00,330.00,432.00,330.00
430.00,162.00,488.00,162.00,488.00,334.00,430.00,334.00
428.00,161.00,488.00,161.00,488.00,334.00,428.00,334.00
426.00,163.00,487.00,163.00,487.00,336.00,426.00,336.00
424.00,161.00,485.00,161.00,485.00,338.00,424.00,338.00
421.00,161.00,483.00,161.00,483.00,339.00,421.00,339.00
419.00,162.00,480.00,162.00,480.00,341.00,419.00,341.00
417.00,161.00,477.00,161.00,477.00,341.00,417.00,341.00
414.00,162.00,474.00,162.00,474.00,338.00,414.00,338.00
410.00,156.00,471.00,156.00,471.00,342.00,410.00,342.00
408.00,156.00,470.00,156.00,470.00,340.00,408.00,340.00
405.00,157.00,466.00,157.00,466.00,341.00,405.00,341.00
403.00,158.00,464.00,158.00,464.00,340.00,403.00,340.00
399.00,158.00,459.00,158.00,459.00,340.00,399.00,340.00
396.00,157.00,457.00,157.00,457.00,338.00,396.00,338.00
395.00,159.00,454.00,159.00,454.00,339.00,395.00,339.00
393.00,157.00,452.00,157.00,452.00,339.00,393.00,339.00
392.00,157.00,450.00,157.00,450.00,339.00,392.00,339.00
393.00,158.00,452.00,158.00,452.00,337.00,393.00,337.00
392.00,159.00,448.00,159.00,448.00,335.00,392.00,335.00
393.00,158.00,450.00,158.00,450.00,336.00,393.00,336.00
394.00,159.00,450.00,159.00,450.00,334.00,394.00,334.00
395.00,156.00,452.00,156.00,452.00,333.00,395.00,333.00
395.00,154.00,451.00,154.00,451.00,333.00,395.00,333.00
394.00,155.00,450.00,155.00,450.00,333.00,394.00,333.00
396.00,155.00,454.00,155.00,454.00,332.00,396.00,332.00
395.00,155.00,451.00,155.00,451.00,330.00,395.00,330.00
397.00,156.00,454.00,156.00,454.00,331.00,397.00,331.00
397.00,153.00,454.00,153.00,454.00,333.00,397.00,333.00
397.00,152.00,453.00,152.00,453.00,332.00,397.00,332.00
399.00,153.00,457.00,153.00,457.00,332.00,399.00,332.00
398.00,153.00,455.00,153.00,455.00,333.00,398.00,333.00
399.00,152.00,456.00,152.00,456.00,333.00,399.00,333.00
398.00,156.00,454.00,156.00,454.00,332.00,398.00,332.00
398.00,152.00,454.00,152.00,454.00,332.00,398.00,332.00
399.00,153.00,455.00,153.00,455.00,329.00,399.00,329.00
400.00,148.00,455.00,148.00,455.00,331.00,400.00,331.00
399.00,149.00,452.00,149.00,452.00,330.00,399.00,330.00
401.00,148.00,455.00,148.00,455.00,329.00,401.00,329.00
401.00,152.00,454.00,152.00,454.00,329.00,401.00,329.00
403.00,150.00,455.00,150.00,455.00,328.00,403.00,328.00
403.00,152.00,455.00,152.00,455.00,326.00,403.00,326.00
404.00,148.00,456.00,148.00,456.00,328.00,404.00,328.00
404.00,145.00,458.00,145.00,458.00,329.00,404.00,329.00
404.00,148.00,460.00,148.00,460.00,327.00,404.00,327.00
401.00,147.00,457.00,147.00,457.00,329.00,401.00,329.00
404.00,149.00,460.00,149.00,460.00,328.00,404.00,328.00
407.00,149.00,464.00,149.00,464.00,328.00,407.00,328.00
407.00,149.00,463.00,149.00,463.00,325.00,407.00,325.00
406.00,150.00,464.00,150.00,464.00,327.00,406.00,327.00
408.00,145.00,466.00,145.00,466.00,325.00,408.00,325.00
409.00,147.00,467.00,147.00,467.00,325.00,409.00,325.00
410.00,146.00,468.00,146.00,468.00,326.00,410.00,326.00
411.00,146.00,469.00,146.00,469.00,324.00,411.00,324.00
410.00,149.00,467.00,149.00,467.00,325.00,410.00,325.00
409.00,148.00,465.00,148.00,465.00,323.00,409.00,323.00
408.00,147.00,465.00,147.00,465.00,322.00,408.00,322.00
405.00,146.00,461.00,146.00,461.00,326.00,405.00,326.00
405.00,144.00,461.00,144.00,461.00,323.00,405.00,323.00
400.00,145.00,458.00,145.00,458.00,323.00,400.00,323.00
397.00,140.00,454.00,140.00,454.00,324.00,397.00,324.00
394.00,139.00,451.00,139.00,451.00,322.00,394.00,322.00
390.00,138.00,450.00,138.00,450.00,323.00,390.00,323.00
387.00,136.00,447.00,136.00,447.00,326.00,387.00,326.00
382.00,136.00,442.00,136.00,442.00,324.00,382.00,324.00
381.00,138.00,441.00,138.00,441.00,325.00,381.00,325.00
375.00,134.00,435.00,134.00,435.00,323.00,375.00,323.00
374.00,135.00,434.00,135.00,434.00,324.00,374.00,324.00
374.00,134.00,434.00,134.00,434.00,323.00,374.00,323.00
369.00,135.00,430.00,135.00,430.00,323.00,369.00,323.00
370.00,131.00,430.00,131.00,430.00,324.00,370.00,324.00
367.00,128.00,427.00,128.00,427.00,322.00,367.00,322.00
365.00,128.00,425.00,128.00,425.00,322.00,365.00,322.00
365.00,125.00,425.00,125.00,425.00,321.00,365.00,321.00
366.00,127.00,425.00,127.00,425.00,319.00,366.00,319.00
364.00,126.00,421.00,126.00,421.00,318.00,364.00,318.00
365.00,125.00,423.00,125.00,423.00,315.00,365.00,315.00
364.00,123.00,420.00,123.00,420.00,312.00,364.00,312.00
365.00,123.00,420.00,123.00,420.00,310.00,365.00,310.00
364.00,121.00,421.00,121.00,421.00,307.00,364.00,307.00
360.00,120.00,417.00,120.00,417.00,307.00,360.00,307.00
361.00,116.00,421.00,116.00,421.00,309.00,361.00,309.00
359.00,115.00,419.00,115.00,419.00,309.00,359.00,309.00
359.00,117.00,420.00,117.00,420.00,308.00,359.00,308.00
357.00,118.00,417.00,118.00,417.00,306.00,357.00,306.00
358.00,119.00,417.00,119.00,417.00,304.00,358.00,304.00
358.00,118.00,417.00,118.00,417.00,304.00,358.00,304.00
355.00,115.00,415.00,115.00,415.00,304.00,355.00,304.00
354.00,115.00,415.00,115.00,415.00,305.00,354.00,305.00
354.00,117.00,414.00,117.00,414.00,304.00,354.00,304.00
353.00,118.00,414.00,118.00,414.00,304.00,353.00,304.00
352.00,119.00,414.00,119.00,414.00,309.00,352.00,309.00
351.00,117.00,413.00,117.00,413.00,308.00,351.00,308.00
349.00,117.00,408.00,117.00,408.00,309.00,349.00,309.00
350.00,121.00,410.00,121.00,410.00,309.00,350.00,309.00
349.00,121.00,410.00,121.00,410.00,310.00,349.00,310.00
347.00,119.00,405.00,119.00,405.00,310.00,347.00,310.00
347.00,126.00,407.00,126.00,407.00,316.00,347.00,316.00
345.00,128.00,407.00,128.00,407.00,317.00,345.00,317.00
344.00,125.00,404.00,125.00,404.00,316.00,344.00,316.00
344.00,127.00,405.00,127.00,405.00,315.00,344.00,315.00
339.00,130.00,403.00,130.00,403.00,319.00,339.00,319.00
336.00,127.00,398.00,127.00,398.00,315.00,336.00,315.00
334.00,128.00,398.00,128.00,398.00,313.00,334.00,313.00
332.00,126.00,394.00,126.00,394.00,312.00,332.00,312.00
330.00,125.00,394.00,125.00,394.00,312.00,330.00,312.00
326.00,122.00,389.00,122.00,389.00,308.00,326.00,308.00
325.00,123.00,386.00,123.00,386.00,310.00,325.00,310.00
320.00,123.00,385.00,123.00,385.00,313.00,320.00,313.00
317.00,124.00,383.00,124.00,383.00,316.00,317.00,316.00
313.00,128.00,378.00,128.00,378.00,313.00,313.00,313.00
312.00,127.00,377.00,127.00,377.00,315.00,312.00,315.00
308.00,131.00,371.00,131.00,371.00,316.00,308.00,316.00
308.00,132.00,370.00,132.00,370.00,320.00,308.00,320.00
303.00,128.00,367.00,128.00,367.00,316.00,303.00,316.00
299.00,129.00,363.00,129.00,363.00,319.00,299.00,319.00
298.00,131.00,361.00,131.00,361.00,317.00,298.00,317.00
295.00,128.00,360.00,128.00,360.00,317.00,295.00,317.00
291.00,129.00,355.00,129.00,355.00,319.00,291.00,319.00
291.00,131.00,351.00,131.00,351.00,316.00,291.00,316.00
291.00,133.00,350.00,133.00,350.00,312.00,291.00,312.00
291.00,134.00,350.00,134.00,350.00,311.00,291.00,311.00
291.00,132.00,351.00,132.00,351.00,309.00,291.00,309.00
287.00,132.00,352.00,132.00,352.00,310.00,287.00,310.00
286.00,131.00,346.00,131.00,346.00,313.00,286.00,313.00
286.00,133.00,346.00,133.00,346.00,309.00,286.00,309.00
278.00,133.00,340.00,133.00,340.00,314.00,278.00,314.00
282.00,135.00,344.00,135.00,344.00,314.00,282.00,314.00
281.00,134.00,345.00,134.00,345.00,319.00,281.00,319.00
279.00,134.00,342.00,134.00,342.00,317.00,279.00,317.00
279.00,132.00,342.00,132.00,342.00,317.00,279.00,317.00
280.00,132.00,343.00,132.00,343.00,320.00,280.00,320.00
275.00,132.00,339.00,132.00,339.00,320.00,275.00,320.00
275.00,132.00,341.00,132.00,341.00,324.00,275.00,324.00
271.00,133.00,338.00,133.00,338.00,325.00,271.00,325.00
271.00,134.00,338.00,134.00,338.00,327.00,271.00,327.00
269.00,130.00,336.00,130.00,336.00,329.00,269.00,329.00
266.00,133.00,335.00,133.00,335.00,331.00,266.00,331.00
263.00,134.00,332.00,134.00,332.00,335.00,263.00,335.00
263.00,133.00,331.00,133.00,331.00,331.00,263.00,331.00
260.00,131.00,330.00,131.00,330.00,332.00,260.00,332.00
257.00,136.00,329.00,136.00,329.00,333.00,257.00,333.00
258.00,131.00,328.00,131.00,328.00,328.00,258.00,328.00
259.00,135.00,327.00,135.00,327.00,325.00,259.00,325.00
259.00,137.00,327.00,137.00,327.00,324.00,259.00,324.00
261.00,139.00,326.00,139.00,326.00,321.00,261.00,321.00
260.00,139.00,324.00,139.00,324.00,323.00,260.00,323.00
260.00,139.00,324.00,139.00,324.00,325.00,260.00,325.00
260.00,138.00,324.00,138.00,324.00,323.00,260.00,323.00
259.00,141.00,327.00,141.00,327.00,325.00,259.00,325.00
261.00,140.00,327.00,140.00,327.00,326.00,261.00,326.00
263.00,138.00,329.00,138.00,329.00,325.00,263.00,325.00
259.00,141.00,329.00,141.00,329.00,331.00,259.00,331.00
260.00,142.00,333.00,142.00,333.00,333.00,260.00,333.00
260.00,143.00,336.00,143.00,336.00,336.00,260.00,336.00
263.00,141.00,339.00,141.00,339.00,334.00,263.00,334.00
265.00,139.00,341.00,139.00,341.00,333.00,265.00,333.00
263.00,143.00,339.00,143.00,339.00,337.00,263.00,337.00
267.00,139.00,342.00,139.00,342.00,333.00,267.00,333.00
275.00,142.00,345.00,142.00,345.00,331.00,275.00,331.00
274.00,137.00,345.00,137.00,345.00,330.00,274.00,330.00
275.00,137.00,344.00,137.00,344.00,331.00,275.00,331.00
274.00,140.00,344.00,140.00,344.00,328.00,274.00,328.00
276.00,137.00,342.00,137.00,342.00,325.00,276.00,325.00
274.00,135.00,341.00,135.00,341.00,327.00,274.00,327.00
270.00,131.00,336.00,131.00,336.00,327.00,270.00,327.00
273.00,131.00,336.00,131.00,336.00,326.00,273.00,326.00
272.00,130.00,335.00,130.00,335.00,328.00,272.00,328.00
273.00,133.00,335.00,133.00,335.00,328.00,273.00,328.00
272.00,138.00,334.00,138.00,334.00,326.00,272.00,326.00
267.00,143.00,330.00,143.00,330.00,326.00,267.00,326.00
267.00,142.00,331.00,142.00,331.00,327.00,267.00,327.00
263.00,141.00,327.00,141.00,327.00,326.00,263.00,326.00
261.00,136.00,326.00,136.00,326.00,323.00,261.00,323.00
260.00,141.00,324.00,141.00,324.00,320.00,260.00,320.00
257.00,140.00,321.00,140.00,321.00,322.00,257.00,322.00
257.00,138.00,319.00,138.00,319.00,323.00,257.00,323.00
255.00,134.00,317.00,134.00,317.00,323.00,255.00,323.00
258.00,133.00,318.00,133.00,318.00,321.00,258.00,321.00
257.00,137.00,319.00,137.00,319.00,322.00,257.00,322.00
254.00,136.00,317.00,136.00,317.00,325.00,254.00,325.00
254.00,137.00,317.00,137.00,317.00,327.00,254.00,327.00
257.00,141.00,319.00,141.00,319.00,327.00,257.00,327.00
257.00,145.00,319.00,145.00,319.00,328.00,257.00,328.00
256.00,146.00,320.00,146.00,320.00,330.00,256.00,330.00
257.00,144.00,320.00,144.00,320.00,330.00,257.00,330.00
258.00,144.00,321.00,144.00,321.00,330.00,258.00,330.00
257.00,146.00,321.00,146.00,321.00,337.00,257.00,337.00
258.00,148.00,323.00,148.00,323.00,338.00,258.00,338.00
261.00,147.00,324.00,147.00,324.00,336.00,261.00,336.00
260.00,149.00,324.00,149.00,324.00,339.00,260.00,339.00
260.00,147.00,323.00,147.00,323.00,337.00,260.00,337.00
260.00,146.00,324.00,146.00,324.00,337.00,260.00,337.00
258.00,146.00,322.00,146.00,322.00,337.00,258.00,337.00
258.00,142.00,321.00,142.00,321.00,333.00,258.00,333.00
253.00,139.00,318.00,139.00,318.00,336.00,253.00,336.00
252.00,139.00,318.00,139.00,318.00,334.00,252.00,334.00
252.00,140.00,318.00,140.00,318.00,333.00,252.00,333.00
252.00,139.00,317.00,139.00,317.00,329.00,252.00,329.00
248.00,132.00,315.00,132.00,315.00,330.00,248.00,330.00
248.00,133.00,313.00,133.00,313.00,327.00,248.00,327.00
245.00,132.00,312.00,132.00,312.00,322.00,245.00,322.00
246.00,123.00,308.00,123.00,308.00,319.00,246.00,319.00
243.00,128.00,309.00,128.00,309.00,321.00,243.00,321.00
239.00,113.00,305.00,113.00,305.00,319.00,239.00,319.00
238.00,118.00,305.00,118.00,305.00,315.00,238.00,315.00
238.00,112.00,305.00,112.00,305.00,314.00,238.00,314.00
237.00,122.00,306.00,122.00,306.00,316.00,237.00,316.00
238.00,117.00,305.00,117.00,305.00,311.00,238.00,311.00
238.00,123.00,306.00,123.00,306.00,315.00,238.00,315.00
238.00,121.00,306.00,121.00,306.00,312.00,238.00,312.00
238.00,121.00,306.00,121.00,306.00,312.00,238.00,312.00
237.00,123.00,307.00,123.00,307.00,315.00,237.00,315.00
237.00,123.00,308.00,123.00,308.00,315.00,237.00,315.00
238.00,118.00,309.00,118.00,309.00,316.00,238.00,316.00
239.00,111.00,310.00,111.00,310.00,314.00,239.00,314.00
239.00,115.00,312.00,115.00,312.00,316.00,239.00,316.00
239.00,119.00,315.00,119.00,315.00,316.00,239.00,316.00
242.00,110.00,316.00,110.00,316.00,311.00,242.00,311.00
240.00,111.00,316.00,111.00,316.00,309.00,240.00,309.00
241.00,102.00,316.00,102.00,316.00,305.00,241.00,305.00
241.00,106.00,317.00,106.00,317.00,306.00,241.00,306.00
243.00,100.00,319.00,100.00,319.00,303.00,243.00,303.00
245.00,100.00,320.00,100.00,320.00,304.00,245.00,304.00
247.00,103.00,320.00,103.00,320.00,303.00,247.00,303.00
247.00,93.00,319.00,93.00,319.00,299.00,247.00,299.00
249.00,93.00,320.00,93.00,320.00,297.00,249.00,297.00
249.00,93.00,318.00,93.00,318.00,294.00,249.00,294.00
249.00,92.00,318.00,92.00,318.00,290.00,249.00,290.00
248.00,83.00,318.00,83.00,318.00,291.00,248.00,291.00
246.00,85.00,318.00,85.00,318.00,291.00,246.00,291.00
247.00,84.00,319.00,84.00,319.00,291.00,247.00,291.00
246.00,87.00,319.00,87.00,319.00,291.00,246.00,291.00
248.00,85.00,320.00,85.00,320.00,290.00,248.00,290.00
247.00,88.00,318.00,88.00,318.00,289.00,247.00,289.00
246.00,87.00,316.00,87.00,316.00,286.00,246.00,286.00
245.00,91.00,314.00,91.00,314.00,283.00,245.00,283.00
246.00,90.00,313.00,90.00,313.00,280.00,246.00,280.00
245.00,95.00,310.00,95.00,310.00,283.00,245.00,283.00
246.00,94.00,312.00,94.00,312.00,281.00,246.00,281.00
248.00,83.00,313.00,83.00,313.00,276.00,248.00,276.00
245.00,87.00,311.00,87.00,311.00,276.00,245.00,276.00
244.00,86.00,311.00,86.00,311.00,274.00,244.00,274.00
245.00,76.00,310.00,76.00,310.00,269.00,245.00,269.00
246.00,73.00,312.00,73.00,312.00,266.00,246.00,266.00
244.00,69.00,310.00,69.00,310.00,264.00,244.00,264.00
244.00,68.00,310.00,68.00,310.00,264.00,244.00,264.00
243.00,65.00,312.00,65.00,312.00,262.00,243.00,262.00
242.00,64.00,310.00,64.00,310.00,261.00,242.00,261.00
237.00,62.00,308.00,62.00,308.00,261.00,237.00,261.00
238.00,58.00,305.00,58.00,305.00,256.00,238.00,256.00
238.00,58.00,307.00,58.00,307.00,255.00,238.00,255.00
233.00,66.00,304.00,66.00,304.00,256.00,233.00,256.00
231.00,59.00,302.00,59.00,302.00,256.00,231.00,256.00
230.00,59.00,300.00,59.00,300.00,254.00,230.00,254.00
230.00,58.00,299.00,58.00,299.00,252.00,230.00,252.00
228.00,59.00,298.00,59.00,298.00,254.00,228.00,254.00
226.00,57.00,296.00,57.00,296.00,256.00,226.00,256.00
228.00,59.00,296.00,59.00,296.00,254.00,228.00,254.00
226.00,64.00,295.00,64.00,295.00,253.00,226.00,253.00
225.00,59.00,294.00,59.00,294.00,251.00,225.00,251.00
226.00,53.00,296.00,53.00,296.00,248.00,226.00,248.00
227.00,46.00,294.00,46.00,294.00,241.00,227.00,241.00
223.00,57.00,294.00,57.00,294.00,243.00,223.00,243.00
225.00,49.00,295.00,49.00,295.00,237.00,225.00,237.00
223.00,48.00,293.00,48.00,293.00,237.00,223.00,237.00
223.00,42.00,294.00,42.00,294.00,232.00,223.00,232.00
224.00,44.00,293.00,44.00,293.00,230.00,224.00,230.00
224.00,44.00,294.00,44.00,294.00,227.00,224.00,227.00
222.00,46.00,292.00,46.00,292.00,222.00,222.00,222.00
223.00,42.00,289.00,42.00,289.00,219.00,223.00,219.00
221.00,44.00,289.00,44.00,289.00,218.00,221.00,218.00
220.00,40.00,288.00,40.00,288.00,217.00,220.00,217.00
219.00,44.00,287.00,44.00,287.00,214.00,219.00,214.00
219.00,40.00,287.00,40.00,287.00,214.00,219.00,214.00
218.00,40.00,283.00,40.00,283.00,215.00,218.00,215.00
219.00,39.00,284.00,39.00,284.00,213.00,219.00,213.00
218.00,35.00,284.00,35.00,284.00,215.00,218.00,215.00
216.00,39.00,283.00,39.00,283.00,218.00,216.00,218.00
216.00,34.00,282.00,34.00,282.00,218.00,216.00,218.00
216.00,32.00,281.00,32.00,281.00,216.00,216.00,216.00
216.00,32.00,283.00,32.00,283.00,214.00,216.00,214.00
213.00,28.00,279.00,28.00,279.00,212.00,213.00,212.00
216.00,26.00,281.00,26.00,281.00,210.00,216.00,210.00
216.00,25.00,279.00,25.00,279.00,207.00,216.00,207.00
215.00,25.00,278.00,25.00,278.00,205.00,215.00,205.00
217.00,22.00,279.00,22.00,279.00,202.00,217.00,202.00
217.00,24.00,279.00,24.00,279.00,201.00,217.00,201.00
217.00,24.00,278.00,24.00,278.00,197.00,217.00,197.00
216.00,23.00,277.00,23.00,277.00,194.00,216.00,194.00
217.00,19.00,277.00,19.00,277.00,189.00,217.00,189.00
218.00,17.00,276.00,17.00,276.00,188.00,218.00,188.00
215.00,17.00,275.00,17.00,275.00,187.00,215.00,187.00
218.00,17.00,277.00,17.00,277.00,185.00,218.00,185.00
215.00,18.00,276.00,18.00,276.00,188.00,215.00,188.00
215.00,15.00,277.00,15.00,277.00,186.00,215.00,186.00
214.00,16.00,277.00,16.00,277.00,189.00,214.00,189.00
213.00,16.00,277.00,16.00,277.00,190.00,213.00,190.00
214.00,15.00,279.00,15.00,279.00,190.00,214.00,190.00
217.00,14.00,282.00,14.00,282.00,189.00,217.00,189.00
217.00,19.00,281.00,19.00,281.00,192.00,217.00,192.00
215.00,18.00,279.00,18.00,279.00,193.00,215.00,193.00
216.00,18.00,281.00,18.00,281.00,194.00,216.00,194.00
217.00,21.00,282.00,21.00,282.00,193.00,217.00,193.00
220.00,23.00,284.00,23.00,284.00,191.00,220.00,191.00
215.00,23.00,281.00,23.00,281.00,194.00,215.00,194.00
215.00,24.00,279.00,24.00,279.00,190.00,215.00,190.00
214.00,21.00,280.00,21.00,280.00,192.00,214.00,192.00
215.00,22.00,280.00,22.00,280.00,190.00,215.00,190.00
214.00,18.00,279.00,18.00,279.00,188.00,214.00,188.00
214.00,19.00,280.00,19.00,280.00,185.00,214.00,185.00
216.00,19.00,280.00,19.00,280.00,187.00,216.00,187.00
215.00,16.00,278.00,16.00,278.00,186.00,215.00,186.00
215.00,19.00,278.00,19.00,278.00,187.00,215.00,187.00
218.00,17.00,280.00,17.00,280.00,186.00,218.00,186.00
215.00,20.00,277.00,20.00,277.00,185.00,215.00,185.00
217.00,22.00,280.00,22.00,280.00,186.00,217.00,186.00
214.00,23.00,279.00,23.00,279.00,190.00,214.00,190.00
216.00,23.00,281.00,23.00,281.00,192.00,216.00,192.00
218.00,25.00,283.00,25.00,283.00,194.00,218.00,194.00
221.00,26.00,283.00,26.00,283.00,196.00,221.00,196.00
220.00,35.00,284.00,35.00,284.00,203.00,220.00,203.00
220.00,34.00,286.00,34.00,286.00,205.00,220.00,205.00
223.00,35.00,287.00,35.00,287.00,210.00,223.00,210.00
224.00,39.00,286.00,39.00,286.00,211.00,224.00,211.00
224.00,42.00,288.00,42.00,288.00,212.00,224.00,212.00
224.00,47.00,291.00,47.00,291.00,213.00,224.00,213.00
227.00,42.00,293.00,42.00,293.00,211.00,227.00,211.00
230.00,42.00,295.00,42.00,295.00,214.00,230.00,214.00
231.00,42.00,296.00,42.00,296.00,214.00,231.00,214.00
234.00,40.00,299.00,40.00,299.00,213.00,234.00,213.00
237.00,39.00,299.00,39.00,299.00,211.00,237.00,211.00
238.00,40.00,299.00,40.00,299.00,211.00,238.00,211.00
241.00,35.00,302.00,35.00,302.00,215.00,241.00,215.00
242.00,39.00,303.00,39.00,303.00,216.00,242.00,216.00
243.00,39.00,305.00,39.00,305.00,215.00,243.00,215.00
247.00,38.00,308.00,38.00,308.00,215.00,247.00,215.00
247.00,41.00,309.00,41.00,309.00,216.00,247.00,216.00
249.00,43.00,312.00,43.00,312.00,216.00,249.00,216.00
250.00,43.00,314.00,43.00,314.00,216.00,250.00,216.00
252.00,44.00,315.00,44.00,315.00,216.00,252.00,216.00
253.00,52.00,317.00,52.00,317.00,218.00,253.00,218.00
257.00,49.00,319.00,49.00,319.00,217.00,257.00,217.00
255.00,51.00,319.00,51.00,319.00,218.00,255.00,218.00
256.00,52.00,317.00,52.00,317.00,216.00,256.00,216.00
254.00,51.00,314.00,51.00,314.00,214.00,254.00,214.00
256.00,49.00,316.00,49.00,316.00,214.00,256.00,214.00
257.00,48.00,313.00,48.00,313.00,211.00,257.00,211.00
260.00,41.00,315.00,41.00,315.00,213.00,260.00,213.00
260.00,38.00,319.00,38.00,319.00,213.00,260.00,213.00
261.00,31.00,318.00,31.00,318.00,214.00,261.00,214.00
259.00,33.00,318.00,33.00,318.00,213.00,259.00,213.00
262.00,26.00,323.00,26.00,323.00,212.00,262.00,212.00
263.00,29.00,321.00,29.00,321.00,204.00,263.00,204.00
264.00,30.00,322.00,30.00,322.00,203.00,264.00,203.00
266.00,27.00,325.00,27.00,325.00,203.00,266.00,203.00
267.00,28.00,323.00,28.00,323.00,198.00,267.00,198.00
271.00,25.00,326.00,25.00,326.00,197.00,271.00,197.00
272.00,25.00,326.00,25.00,326.00,195.00,272.00,195.00
273.00,26.00,327.00,26.00,327.00,196.00,273.00,196.00
274.00,26.00,329.00,26.00,329.00,199.00,274.00,199.00
278.00,30.00,332.00,30.00,332.00,202.00,278.00,202.00
278.00,30.00,332.00,30.00,332.00,204.00,278.00,204.00
284.00,28.00,337.00,28.00,337.00,201.00,284.00,201.00
283.00,32.00,338.00,32.00,338.00,200.00,283.00,200.00
289.00,32.00,342.00,32.00,342.00,202.00,289.00,202.00
290.00,34.00,343.00,34.00,343.00,201.00,290.00,201.00
293.00,35.00,346.00,35.00,346.00,199.00,293.00,199.00
295.00,35.00,349.00,35.00,349.00,198.00,295.00,198.00
297.00,34.00,351.00,34.00,351.00,196.00,297.00,196.00
296.00,35.00,351.00,35.00,351.00,196.00,296.00,196.00
297.00,32.00,353.00,32.00,353.00,196.00,297.00,196.00
295.00,38.00,352.00,38.00,352.00,197.00,295.00,197.00
296.00,40.00,352.00,40.00,352.00,197.00,296.00,197.00
299.00,37.00,355.00,37.00,355.00,198.00,299.00,198.00
297.00,45.00,351.00,45.00,351.00,198.00,297.00,198.00
300.00,41.00,354.00,41.00,354.00,197.00,300.00,197.00
299.00,43.00,352.00,43.00,352.00,198.00,299.00,198.00
304.00,38.00,357.00,38.00,357.00,196.00,304.00,196.00
306.00,42.00,358.00,42.00,358.00,196.00,306.00,196.00
306.00,41.00,355.00,41.00,355.00,195.00,306.00,195.00
307.00,46.00,356.00,46.00,356.00,194.00,307.00,194.00
313.00,41.00,363.00,41.00,363.00,192.00,313.00,192.00
314.00,42.00,366.00,42.00,366.00,195.00,314.00,195.00
318.00,36.00,369.00,36.00,369.00,195.00,318.00,195.00
316.00,38.00,368.00,38.00,368.00,194.00,316.00,194.00
316.00,36.00,369.00,36.00,369.00,193.00,316.00,193.00
321.00,32.00,374.00,32.00,374.00,191.00,321.00,191.00
319.00,30.00,373.00,30.00,373.00,190.00,319.00,190.00
322.00,29.00,375.00,29.00,375.00,189.00,322.00,189.00
322.00,29.00,377.00,29.00,377.00,191.00,322.00,191.00
324.00,26.00,379.00,26.00,379.00,191.00,324.00,191.00
322.00,26.00,375.00,26.00,375.00,194.00,322.00,194.00
322.00,26.00,375.00,26.00,375.00,194.00,322.00,194.00
319.00,28.00,373.00,28.00,373.00,196.00,319.00,196.00
319.00,30.00,372.00,30.00,372.00,197.00,319.00,197.00
318.00,32.00,370.00,32.00,370.00,199.00,318.00,199.00
320.00,32.00,374.00,32.00,374.00,201.00,320.00,201.00
322.00,33.00,375.00,33.00,375.00,200.00,322.00,200.00
322.00,38.00,377.00,38.00,377.00,201.00,322.00,201.00
325.00,43.00,380.00,43.00,380.00,201.00,325.00,201.00
327.00,47.00,384.00,47.00,384.00,203.00,327.00,203.00
331.00,46.00,390.00,46.00,390.00,206.00,331.00,206.00
332.00,51.00,386.00,51.00,386.00,203.00,332.00,203.00
337.00,49.00,392.00,49.00,392.00,203.00,337.00,203.00
338.00,50.00,394.00,50.00,394.00,202.00,338.00,202.00
340.00,46.00,396.00,46.00,396.00,203.00,340.00,203.00
343.00,38.00,397.00,38.00,397.00,198.00,343.00,198.00
342.00,37.00,400.00,37.00,400.00,199.00,342.00,199.00
344.00,35.00,403.00,35.00,403.00,201.00,344.00,201.00
341.00,31.00,402.00,31.00,402.00,200.00,341.00,200.00
340.00,34.00,403.00,34.00,403.00,203.00,340.00,203.00
342.00,31.00,404.00,31.00,404.00,201.00,342.00,201.00
343.00,30.00,405.00,30.00,405.00,201.00,343.00,201.00
347.00,30.00,409.00,30.00,409.00,199.00,347.00,199.00
343.00,37.00,402.00,37.00,402.00,201.00,343.00,201.00
345.00,35.00,406.00,35.00,406.00,200.00,345.00,200.00
345.00,36.00,407.00,36.00,407.00,200.00,345.00,200.00
344.00,43.00,402.00,43.00,402.00,201.00,344.00,201.00
347.00,42.00,403.00,42.00,403.00,199.00,347.00,199.00
347.00,44.00,403.00,44.00,403.00,198.00,347.00,198.00
348.00,47.00,404.00,47.00,404.00,198.00,348.00,198.00
349.00,45.00,406.00,45.00,406.00,199.00,349.00,199.00
348.00,44.00,405.00,44.00,405.00,196.00,348.00,196.00
348.00,39.00,407.00,39.00,407.00,195.00,348.00,195.00
349.00,37.00,409.00,37.00,409.00,194.00,349.00,194.00
351.00,36.00,411.00,36.00,411.00,192.00,351.00,192.00
351.00,29.00,408.00,29.00,408.00,186.00,351.00,186.00
352.00,25.00,408.00,25.00,408.00,185.00,352.00,185.00
352.00,27.00,408.00,27.00,408.00,183.00,352.00,183.00
354.00,23.00,411.00,23.00,411.00,180.00,354.00,180.00
352.00,17.00,409.00,17.00,409.00,180.00,352.00,180.00
354.00,15.00,410.00,15.00,410.00,179.00,354.00,179.00
355.00,13.00,410.00,13.00,410.00,177.00,355.00,177.00
355.00,13.00,411.00,13.00,411.00,176.00,355.00,176.00
356.00,13.00,412.00,13.00,412.00,173.00,356.00,173.00
356.00,11.00,411.00,11.00,411.00,173.00,356.00,173.00
358.00,13.00,412.00,13.00,412.00,173.00,358.00,173.00
359.00,14.00,413.00,14.00,413.00,173.00,359.00,173.00
362.00,16.00,413.00,16.00,413.00,171.00,362.00,171.00
360.00,16.00,413.00,16.00,413.00,173.00,360.00,173.00
357.00,19.00,411.00,19.00,411.00,173.00,357.00,173.00
357.00,21.00,412.00,21.00,412.00,174.00,357.00,174.00
357.00,16.00,412.00,16.00,412.00,171.00,357.00,171.00
358.00,18.00,412.00,18.00,412.00,171.00,358.00,171.00
359.00,18.00,412.00,18.00,412.00,171.00,359.00,171.00
359.00,22.00,412.00,22.00,412.00,173.00,359.00,173.00
358.00,21.00,411.00,21.00,411.00,172.00,358.00,172.00
358.00,24.00,410.00,24.00,410.00,176.00,358.00,176.00
360.00,21.00,412.00,21.00,412.00,173.00,360.00,173.00
359.00,25.00,410.00,25.00,410.00,175.00,359.00,175.00
360.00,25.00,411.00,25.00,411.00,175.00,360.00,175.00
360.00,24.00,410.00,24.00,410.00,178.00,360.00,178.00
359.00,24.00,411.00,24.00,411.00,178.00,359.00,178.00
361.00,24.00,414.00,24.00,414.00,178.00,361.00,178.00
359.00,23.00,412.00,23.00,412.00,181.00,359.00,181.00
359.00,25.00,412.00,25.00,412.00,180.00,359.00,180.00
360.00,26.00,412.00,26.00,412.00,182.00,360.00,182.00
361.00,24.00,413.00,24.00,413.00,180.00,361.00,180.00
361.00,23.00,411.00,23.00,411.00,180.00,361.00,180.00
362.00,21.00,414.00,21.00,414.00,180.00,362.00,180.00
362.00,24.00,414.00,24.00,414.00,180.00,362.00,180.00
363.00,26.00,413.00,26.00,413.00,178.00,363.00,178.00
363.00,27.00,412.00,27.00,412.00,177.00,363.00,177.00
363.00,28.00,411.00,28.00,411.00,177.00,363.00,177.00
364.00,31.00,414.00,31.00,414.00,179.00,364.00,179.00
363.00,33.00,410.00,33.00,410.00,178.00,363.00,178.00
364.00,30.00,412.00,30.00,412.00,180.00,364.00,180.00
364.00,29.00,412.00,29.00,412.00,178.00,364.00,178.00
363.00,31.00,412.00,31.00,412.00,179.00,363.00,179.00
362.00,27.00,410.00,27.00,410.00,177.00,362.00,177.00
361.00,33.00,412.00,33.00,412.00,181.00,361.00,181.00
363.00,30.00,413.00,30.00,413.00,178.00,363.00,178.00
362.00,32.00,414.00,32.00,414.00,182.00,362.00,182.00
362.00,35.00,410.00,35.00,410.00,177.00,362.00,177.00
362.00,39.00,410.00,39.00,410.00,180.00,362.00,180.00
362.00,38.00,410.00,38.00,410.00,182.00,362.00,182.00
361.00,39.00,410.00,39.00,410.00,182.00,361.00,182.00
360.00,38.00,410.00,38.00,410.00,183.00,360.00,183.00
359.00,37.00,408.00,37.00,408.00,183.00,359.00,183.00
357.00,38.00,407.00,38.00,407.00,183.00,357.00,183.00
356.00,40.00,407.00,40.00,407.00,184.00,356.00,184.00
354.00,39.00,406.00,39.00,406.00,184.00,354.00,184.00
351.00,38.00,402.00,38.00,402.00,184.00,351.00,184.00
351.00,35.00,401.00,35.00,401.00,182.00,351.00,182.00
350.00,39.00,401.00,39.00,401.00,184.00,350.00,184.00
349.00,37.00,400.00,37.00,400.00,183.00,349.00,183.00
348.00,40.00,397.00,40.00,397.00,183.00,348.00,183.00
348.00,41.00,395.00,41.00,395.00,184.00,348.00,184.00
347.00,37.00,395.00,37.00,395.00,185.00,347.00,185.00
345.00,38.00,395.00,38.00,395.00,184.00,345.00,184.00
344.00,41.00,392.00,41.00,392.00,186.00,344.00,186.00
342.00,40.00,390.00,40.00,390.00,184.00,342.00,184.00
340.00,39.00,388.00,39.00,388.00,179.00,340.00,179.00
338.00,38.00,386.00,38.00,386.00,177.00,338.00,177.00
338.00,35.00,384.00,35.00,384.00,176.00,338.00,176.00
337.00,36.00,382.00,36.00,382.00,174.00,337.00,174.00
337.00,34.00,380.00,34.00,380.00,173.00,337.00,173.00
334.00,33.00,378.00,33.00,378.00,170.00,334.00,170.00
332.00,34.00,375.00,34.00,375.00,170.00,332.00,170.00
330.00,33.00,375.00,33.00,375.00,172.00,330.00,172.00
327.00,34.00,374.00,34.00,374.00,170.00,327.00,170.00
326.00,33.00,372.00,33.00,372.00,170.00,326.00,170.00
324.00,31.00,370.00,31.00,370.00,168.00,324.00,168.00
320.00,31.00,368.00,31.00,368.00,167.00,320.00,167.00
320.00,34.00,368.00,34.00,368.00,170.00,320.00,170.00
320.00,35.00,367.00,35.00,367.00,170.00,320.00,170.00
319.00,36.00,365.00,36.00,365.00,170.00,319.00,170.00
318.00,36.00,363.00,36.00,363.00,170.00,318.00,170.00
317.00,34.00,362.00,34.00,362.00,171.00,317.00,171.00
314.00,32.00,360.00,32.00,360.00,170.00,314.00,170.00
313.00,31.00,360.00,31.00,360.00,171.00,313.00,171.00
311.00,32.00,357.00,32.00,357.00,172.00,311.00,172.00
310.00,31.00,357.00,31.00,357.00,172.00,310.00,172.00
306.00,31.00,354.00,31.00,354.00,171.00,306.00,171.00
304.00,32.00,353.00,32.00,353.00,170.00,304.00,170.00
301.00,32.00,352.00,32.00,352.00,171.00,301.00,171.00
298.00,35.00,349.00,35.00,349.00,172.00,298.00,172.00
298.00,33.00,349.00,33.00,349.00,173.00,298.00,173.00
296.00,32.00,347.00,32.00,347.00,172.00,296.00,172.00
296.00,33.00,345.00,33.00,345.00,171.00,296.00,171.00
293.00,30.00,344.00,30.00,344.00,170.00,293.00,170.00
291.00,31.00,341.00,31.00,341.00,172.00,291.00,172.00
289.00,34.00,340.00,34.00,340.00,173.00,289.00,173.00
287.00,35.00,338.00,35.00,338.00,174.00,287.00,174.00
289.00,37.00,338.00,37.00,338.00,175.00,289.00,175.00
285.00,41.00,335.00,41.00,335.00,174.00,285.00,174.00
283.00,39.00,334.00,39.00,334.00,175.00,283.00,175.00
283.00,41.00,331.00,41.00,331.00,178.00,283.00,178.00
281.00,44.00,327.00,44.00,327.00,176.00,281.00,176.00
282.00,40.00,329.00,40.00,329.00,179.00,282.00,179.00
282.00,44.00,328.00,44.00,328.00,179.00,282.00,179.00
284.00,43.00,330.00,43.00,330.00,180.00,284.00,180.00
283.00,42.00,330.00,42.00,330.00,181.00,283.00,181.00
282.00,42.00,330.00,42.00,330.00,182.00,282.00,182.00
284.00,40.00,330.00,40.00,330.00,182.00,284.00,182.00
282.00,40.00,329.00,40.00,329.00,184.00,282.00,184.00
281.00,40.00,328.00,40.00,328.00,185.00,281.00,185.00
281.00,41.00,326.00,41.00,326.00,183.00,281.00,183.00
280.00,44.00,324.00,44.00,324.00,186.00,280.00,186.00
282.00,45.00,326.00,45.00,326.00,185.00,282.00,185.00
283.00,47.00,325.00,47.00,325.00,183.00,283.00,183.00
283.00,50.00,324.00,50.00,324.00,186.00,283.00,186.00
286.00,52.00,327.00,52.00,327.00,183.00,286.00,183.00
286.00,54.00,325.00,54.00,325.00,185.00,286.00,185.00
286.00,56.00,324.00,56.00,324.00,186.00,286.00,186.00
284.00,56.00,323.00,56.00,323.00,186.00,284.00,186.00
284.00,59.00,324.00,59.00,324.00,186.00,284.00,186.00
283.00,56.00,325.00,56.00,325.00,183.00,283.00,183.00
282.00,59.00,322.00,59.00,322.00,182.00,282.00,182.00
281.00,56.00,322.00,56.00,322.00,182.00,281.00,182.00
283.00,54.00,325.00,54.00,325.00,181.00,283.00,181.00
283.00,55.00,323.00,55.00,323.00,179.00,283.00,179.00
282.00,55.00,323.00,55.00,323.00,180.00,282.00,180.00
283.00,55.00,323.00,55.00,323.00,180.00,283.00,180.00
282.00,52.00,323.00,52.00,323.00,181.00,282.00,181.00
284.00,52.00,326.00,52.00,326.00,181.00,284.00,181.00
284.00,49.00,327.00,49.00,327.00,180.00,284.00,180.00
283.00,54.00,328.00,54.00,328.00,181.00,283.00,181.00
285.00,49.00,331.00,49.00,331.00,180.00,285.00,180.00
284.00,55.00,329.00,55.00,329.00,181.00,284.00,181.00
286.00,52.00,331.00,52.00,331.00,179.00,286.00,179.00
289.00,52.00,334.00,52.00,334.00,180.00,289.00,180.00
292.00,55.00,336.00,55.00,336.00,180.00,292.00,180.00
295.00,49.00,338.00,49.00,338.00,180.00,295.00,180.00
297.00,50.00,341.00,50.00,341.00,180.00,297.00,180.00
298.00,52.00,341.00,52.00,341.00,178.00,298.00,178.00
301.00,52.00,344.00,52.00,344.00,180.00,301.00,180.00
302.00,52.00,344.00,52.00,344.00,177.00,302.00,177.00
304.00,51.00,345.00,51.00,345.00,177.00,304.00,177.00
307.00,52.00,347.00,52.00,347.00,177.00,307.00,177.00
309.00,51.00,348.00,51.00,348.00,178.00,309.00,178.00
313.00,48.00,353.00,48.00,353.00,179.00,313.00,179.00
314.00,50.00,352.00,50.00,352.00,177.00,314.00,177.00
315.00,53.00,351.00,53.00,351.00,177.00,315.00,177.00
318.00,51.00,356.00,51.00,356.00,175.00,318.00,175.00
320.00,50.00,358.00,50.00,358.00,177.00,320.00,177.00
321.00,50.00,359.00,50.00,359.00,179.00,321.00,179.00
323.00,51.00,361.00,51.00,361.00,176.00,323.00,176.00
324.00,52.00,362.00,52.00,362.00,176.00,324.00,176.00
327.00,50.00,367.00,50.00,367.00,176.00,327.00,176.00
329.00,51.00,368.00,51.00,368.00,174.00,329.00,174.00
331.00,49.00,370.00,49.00,370.00,175.00,331.00,175.00
332.00,50.00,373.00,50.00,373.00,175.00,332.00,175.00
332.00,51.00,372.00,51.00,372.00,174.00,332.00,174.00
333.00,48.00,376.00,48.00,376.00,174.00,333.00,174.00
335.00,50.00,375.00,50.00,375.00,174.00,335.00,174.00
337.00,54.00,377.00,54.00,377.00,175.00,337.00,175.00
338.00,49.00,377.00,49.00,377.00,175.00,338.00,175.00
336.00,55.00,376.00,55.00,376.00,175.00,336.00,175.00
338.00,52.00,378.00,52.00,378.00,175.00,338.00,175.00
337.00,55.00,379.00,55.00,379.00,178.00,337.00,178.00
338.00,53.00,378.00,53.00,378.00,175.00,338.00,175.00
340.00,54.00,381.00,54.00,381.00,176.00,340.00,176.00
338.00,53.00,379.00,53.00,379.00,176.00,338.00,176.00
339.00,56.00,380.00,56.00,380.00,179.00,339.00,179.00
338.00,54.00,379.00,54.00,379.00,182.00,338.00,182.00
340.00,56.00,382.00,56.00,382.00,183.00,340.00,183.00
342.00,55.00,384.00,55.00,384.00,181.00,342.00,181.00
344.00,57.00,386.00,57.00,386.00,180.00,344.00,180.00
346.00,58.00,387.00,58.00,387.00,181.00,346.00,181.00
348.00,60.00,389.00,60.00,389.00,180.00,348.00,180.00
349.00,62.00,390.00,62.00,390.00,180.00,349.00,180.00
350.00,61.00,390.00,61.00,390.00,181.00,350.00,181.00
353.00,59.00,393.00,59.00,393.00,179.00,353.00,179.00
356.00,59.00,396.00,59.00,396.00,179.00,356.00,179.00
360.00,59.00,399.00,59.00,399.00,177.00,360.00,177.00
363.00,60.00,402.00,60.00,402.00,177.00,363.00,177.00
365.00,58.00,405.00,58.00,405.00,177.00,365.00,177.00
370.00,61.00,407.00,61.00,407.00,175.00,370.00,175.00
372.00,63.00,410.00,63.00,410.00,176.00,372.00,176.00
376.00,64.00,413.00,64.00,413.00,175.00,376.00,175.00
378.00,64.00,416.00,64.00,416.00,177.00,378.00,177.00
379.00,61.00,418.00,61.00,418.00,175.00,379.00,175.00
382.00,64.00,419.00,64.00,419.00,175.00,382.00,175.00
384.00,63.00,422.00,63.00,422.00,177.00,384.00,177.00
385.00,64.00,424.00,64.00,424.00,179.00,385.00,179.00
388.00,64.00,426.00,64.00,426.00,179.00,388.00,179.00
391.00,64.00,431.00,64.00,431.00,177.00,391.00,177.00
393.00,63.00,433.00,63.00,433.00,176.00,393.00,176.00
392.00,64.00,433.00,64.00,433.00,180.00,392.00,180.00
394.00,61.00,434.00,61.00,434.00,181.00,394.00,181.00
394.00,60.00,437.00,60.00,437.00,178.00,394.00,178.00
394.00,60.00,436.00,60.00,436.00,180.00,394.00,180.00
396.00,60.00,437.00,60.00,437.00,178.00,396.00,178.00
398.00,58.00,439.00,58.00,439.00,177.00,398.00,177.00
396.00,62.00,437.00,62.00,437.00,181.00,396.00,181.00
397.00,62.00,438.00,62.00,438.00,182.00,397.00,182.00
396.00,60.00,436.00,60.00,436.00,181.00,396.00,181.00
396.00,62.00,435.00,62.00,435.00,180.00,396.00,180.00
395.00,64.00,435.00,64.00,435.00,181.00,395.00,181.00
396.00,64.00,434.00,64.00,434.00,180.00,396.00,180.00
395.00,66.00,432.00,66.00,432.00,179.00,395.00,179.00
393.00,68.00,430.00,68.00,430.00,180.00,393.00,180.00
393.00,70.00,429.00,70.00,429.00,182.00,393.00,182.00
393.00,67.00,428.00,67.00,428.00,183.00,393.00,183.00
393.00,69.00,428.00,69.00,428.00,183.00,393.00,183.00
392.00,71.00,426.00,71.00,426.00,183.00,392.00,183.00
393.00,73.00,427.00,73.00,427.00,183.00,393.00,183.00
393.00,75.00,427.00,75.00,427.00,186.00,393.00,186.00
391.00,78.00,426.00,78.00,426.00,189.00,391.00,189.00
391.00,79.00,426.00,79.00,426.00,188.00,391.00,188.00
392.00,81.00,427.00,81.00,427.00,192.00,392.00,192.00
392.00,83.00,427.00,83.00,427.00,194.00,392.00,194.00
392.00,84.00,428.00,84.00,428.00,196.00,392.00,196.00
392.00,83.00,429.00,83.00,429.00,198.00,392.00,198.00
391.00,84.00,427.00,84.00,427.00,201.00,391.00,201.00
390.00,87.00,426.00,87.00,426.00,203.00,390.00,203.00
389.00,86.00,426.00,86.00,426.00,206.00,389.00,206.00
389.00,87.00,425.00,87.00,425.00,205.00,389.00,205.00
389.00,88.00,426.00,88.00,426.00,208.00,389.00,208.00
389.00,89.00,427.00,89.00,427.00,208.00,389.00,208.00
387.00,91.00,426.00,91.00,426.00,208.00,387.00,208.00
386.00,93.00,426.00,93.00,426.00,210.00,386.00,210.00
386.00,90.00,427.00,90.00,427.00,211.00,386.00,211.00
385.00,91.00,425.00,91.00,425.00,210.00,385.00,210.00
386.00,92.00,426.00,92.00,426.00,212.00,386.00,212.00
385.00,94.00,425.00,94.00,425.00,214.00,385.00,214.00
384.00,93.00,422.00,93.00,422.00,216.00,384.00,216.00
383.00,91.00,423.00,91.00,423.00,217.00,383.00,217.00
383.00,91.00,424.00,91.00,424.00,215.00,383.00,215.00
385.00,93.00,426.00,93.00,426.00,215.00,385.00,215.00
386.00,94.00,428.00,94.00,428.00,216.00,386.00,216.00
386.00,92.00,428.00,92.00,428.00,219.00,386.00,219.00
386.00,97.00,430.00,97.00,430.00,220.00,386.00,220.00
388.00,94.00,432.00,94.00,432.00,219.00,388.00,219.00
388.00,93.00,432.00,93.00,432.00,220.00,388.00,220.00
392.00,99.00,435.00,99.00,435.00,219.00,392.00,219.00
392.00,99.00,433.00,99.00,433.00,219.00,392.00,219.00
391.00,105.00,432.00,105.00,432.00,221.00,391.00,221.00
391.00,101.00,432.00,101.00,432.00,220.00,391.00,220.00
391.00,99.00,431.00,99.00,431.00,221.00,391.00,221.00
389.00,103.00,429.00,103.00,429.00,223.00,389.00,223.00
389.00,99.00,429.00,99.00,429.00,223.00,389.00,223.00
388.00,106.00,427.00,106.00,427.00,225.00,388.00,225.00
384.00,110.00,423.00,110.00,423.00,230.00,384.00,230.00
383.00,107.00,422.00,107.00,422.00,232.00,383.00,232.00
383.00,111.00,421.00,111.00,421.00,232.00,383.00,232.00
381.00,112.00,419.00,112.00,419.00,233.00,381.00,233.00
381.00,116.00,420.00,116.00,420.00,236.00,381.00,236.00
378.00,116.00,417.00,116.00,417.00,240.00,378.00,240.00
379.00,118.00,418.00,118.00,418.00,242.00,379.00,242.00
379.00,122.00,419.00,122.00,419.00,242.00,379.00,242.00
378.00,127.00,417.00,127.00,417.00,244.00,378.00,244.00
381.00,132.00,421.00,132.00,421.00,245.00,381.00,245.00
378.00,133.00,420.00,133.00,420.00,248.00,378.00,248.00
378.00,132.00,420.00,132.00,420.00,249.00,378.00,249.00
377.00,134.00,418.00,134.00,418.00,249.00,377.00,249.00
375.00,134.00,416.00,134.00,416.00,252.00,375.00,252.00
375.00,134.00,416.00,134.00,416.00,253.00,375.00,253.00
372.00,134.00,412.00,134.00,412.00,252.00,372.00,252.00
371.00,132.00,411.00,132.00,411.00,251.00,371.00,251.00
370.00,139.00,411.00,139.00,411.00,250.00,370.00,250.00
367.00,137.00,409.00,137.00,409.00,252.00,367.00,252.00
369.00,134.00,409.00,134.00,409.00,251.00,369.00,251.00
369.00,130.00,410.00,130.00,410.00,251.00,369.00,251.00
367.00,133.00,409.00,133.00,409.00,253.00,367.00,253.00
368.00,139.00,410.00,139.00,410.00,251.00,368.00,251.00
365.00,133.00,407.00,133.00,407.00,252.00,365.00,252.00
364.00,130.00,406.00,130.00,406.00,251.00,364.00,251.00
364.00,131.00,406.00,131.00,406.00,248.00,364.00,248.00
360.00,127.00,403.00,127.00,403.00,247.00,360.00,247.00
360.00,120.00,404.00,120.00,404.00,246.00,360.00,246.00
360.00,119.00,405.00,119.00,405.00,244.00,360.00,244.00
359.00,113.00,404.00,113.00,404.00,243.00,359.00,243.00
359.00,115.00,404.00,115.00,404.00,245.00,359.00,245.00
359.00,113.00,404.00,113.00,404.00,249.00,359.00,249.00
360.00,113.00,405.00,113.00,405.00,248.00,360.00,248.00
359.00,113.00,405.00,113.00,405.00,251.00,359.00,251.00
360.00,114.00,405.00,114.00,405.00,250.00,360.00,250.00
360.00,118.00,407.00,118.00,407.00,252.00,360.00,252.00
361.00,117.00,407.00,117.00,407.00,254.00,361.00,254.00
363.00,118.00,411.00,118.00,411.00,255.00,363.00,255.00
365.00,116.00,412.00,116.00,412.00,255.00,365.00,255.00
364.00,122.00,412.00,122.00,412.00,257.00,364.00,257.00
367.00,119.00,415.00,119.00,415.00,257.00,367.00,257.00
365.00,121.00,413.00,121.00,413.00,262.00,365.00,262.00
370.00,123.00,417.00,123.00,417.00,262.00,370.00,262.00
370.00,123.00,417.00,123.00,417.00,263.00,370.00,263.00
369.00,125.00,419.00,125.00,419.00,267.00,369.00,267.00
369.00,129.00,419.00,129.00,419.00,269.00,369.00,269.00
369.00,127.00,418.00,127.00,418.00,269.00,369.00,269.00
371.00,126.00,420.00,126.00,420.00,271.00,371.00,271.00
370.00,127.00,419.00,127.00,419.00,271.00,370.00,271.00
370.00,130.00,418.00,130.00,418.00,271.00,370.00,271.00
373.00,125.00,421.00,125.00,421.00,270.00,373.00,270.00
374.00,126.00,421.00,126.00,421.00,271.00,374.00,271.00
374.00,125.00,420.00,125.00,420.00,271.00,374.00,271.00
376.00,128.00,423.00,128.00,423.00,268.00,376.00,268.00
377.00,128.00,424.00,128.00,424.00,268.00,377.00,268.00
378.00,131.00,425.00,131.00,425.00,267.00,378.00,267.00
379.00,125.00,427.00,125.00,427.00,264.00,379.00,264.00
382.00,126.00,430.00,126.00,430.00,266.00,382.00,266.00
388.00,127.00,437.00,127.00,437.00,267.00,388.00,267.00
391.00,129.00,440.00,129.00,440.00,268.00,391.00,268.00
391.00,132.00,441.00,132.00,441.00,270.00,391.00,270.00
393.00,131.00,444.00,131.00,444.00,271.00,393.00,271.00
395.00,129.00,448.00,129.00,448.00,272.00,395.00,272.00
397.00,128.00,449.00,128.00,449.00,271.00,397.00,271.00
399.00,131.00,453.00,131.00,453.00,273.00,399.00,273.00
400.00,128.00,456.00,128.00,456.00,273.00,400.00,273.00
401.00,124.00,456.00,124.00,456.00,274.00,401.00,274.00
399.00,121.00,455.00,121.00,455.00,274.00,399.00,274.00
401.00,126.00,458.00,126.00,458.00,278.00,401.00,278.00
401.00,122.00,456.00,122.00,456.00,278.00,401.00,278.00
397.00,128.00,455.00,128.00,455.00,282.00,397.00,282.00
396.00,119.00,451.00,119.00,451.00,280.00,396.00,280.00
394.00,117.00,449.00,117.00,449.00,283.00,394.00,283.00
391.00,118.00,445.00,118.00,445.00,283.00,391.00,283.00
392.00,113.00,446.00,113.00,446.00,282.00,392.00,282.00
393.00,114.00,447.00,114.00,447.00,284.00,393.00,284.00
391.00,114.00,444.00,114.00,444.00,283.00,391.00,283.00
391.00,112.00,445.00,112.00,445.00,283.00,391.00,283.00
391.00,110.00,446.00,110.00,446.00,283.00,391.00,283.00
392.00,110.00,448.00,110.00,448.00,285.00,392.00,285.00
393.00,106.00,452.00,106.00,452.00,284.00,393.00,284.00
392.00,106.00,449.00,106.00,449.00,285.00,392.00,285.00
392.00,107.00,450.00,107.00,450.00,285.00,392.00,285.00
391.00,105.00,448.00,105.00,448.00,286.00,391.00,286.00
394.00,101.00,453.00,101.00,453.00,286.00,394.00,286.00
397.00,103.00,458.00,103.00,458.00,286.00,397.00,286.00
400.00,102.00,463.00,102.00,463.00,287.00,400.00,287.00
402.00,103.00,466.00,103.00,466.00,291.00,402.00,291.00
404.00,103.00,469.00,103.00,469.00,291.00,404.00,291.00
410.00,107.00,474.00,107.00,474.00,293.00,410.00,293.00
412.00,96.00,473.00,96.00,473.00,289.00,412.00,289.00
411.00,107.00,474.00,107.00,474.00,293.00,411.00,293.00
410.00,99.00,473.00,99.00,473.00,291.00,410.00,291.00
407.00,102.00,474.00,102.00,474.00,290.00,407.00,290.00
406.00,99.00,473.00,99.00,473.00,291.00,406.00,291.00
404.00,96.00,474.00,96.00,474.00,293.00,404.00,293.00
410.00,98.00,478.00,98.00,478.00,293.00,410.00,293.00
403.00,101.00,474.00,101.00,474.00,296.00,403.00,296.00
404.00,97.00,473.00,97.00,473.00,293.00,404.00,293.00
406.00,99.00,474.00,99.00,474.00,294.00,406.00,294.00
407.00,103.00,477.00,103.00,477.00,297.00,407.00,297.00
412.00,108.00,480.00,108.00,480.00,299.00,412.00,299.00
416.00,110.00,483.00,110.00,483.00,301.00,416.00,301.00
420.00,109.00,485.00,109.00,485.00,301.00,420.00,301.00
423.00,109.00,489.00,109.00,489.00,300.00,423.00,300.00
423.00,112.00,488.00,112.00,488.00,301.00,423.00,301.00
420.00,111.00,488.00,111.00,488.00,301.00,420.00,301.00
419.00,111.00,489.00,111.00,489.00,302.00,419.00,302.00
426.00,109.00,495.00,109.00,495.00,305.00,426.00,305.00
423.00,106.00,492.00,106.00,492.00,305.00,423.00,305.00
422.00,104.00,491.00,104.00,491.00,302.00,422.00,302.00
421.00,102.00,490.00,102.00,490.00,298.00,421.00,298.00
427.00,93.00,494.00,93.00,494.00,292.00,427.00,292.00
429.00,92.00,497.00,92.00,497.00,292.00,429.00,292.00
431.00,87.00,498.00,87.00,498.00,288.00,431.00,288.00
428.00,88.00,498.00,88.00,498.00,289.00,428.00,289.00
426.00,89.00,496.00,89.00,496.00,289.00,426.00,289.00
426.00,90.00,496.00,90.00,496.00,292.00,426.00,292.00
424.00,94.00,493.00,94.00,493.00,298.00,424.00,298.00
424.00,99.00,493.00,99.00,493.00,301.00,424.00,301.00
423.00,100.00,490.00,100.00,490.00,304.00,423.00,304.00
425.00,104.00,491.00,104.00,491.00,305.00,425.00,305.00
423.00,109.00,491.00,109.00,491.00,310.00,423.00,310.00
428.00,105.00,495.00,105.00,495.00,311.00,428.00,311.00
424.00,109.00,491.00,109.00,491.00,315.00,424.00,315.00
424.00,113.00,490.00,113.00,490.00,315.00,424.00,315.00
425.00,113.00,490.00,113.00,490.00,317.00,425.00,317.00
424.00,119.00,492.00,119.00,492.00,317.00,424.00,317.00
421.00,122.00,486.00,122.00,486.00,319.00,421.00,319.00
422.00,127.00,487.00,127.00,487.00,318.00,422.00,318.00
423.00,124.00,488.00,124.00,488.00,318.00,423.00,318.00
424.00,127.00,488.00,127.00,488.00,319.00,424.00,319.00
425.00,134.00,490.00,134.00,490.00,322.00,425.00,322.00
429.00,123.00,492.00,123.00,492.00,322.00,429.00,322.00
430.00,125.00,492.00,125.00,492.00,323.00,430.00,323.00
433.00,123.00,497.00,123.00,497.00,324.00,433.00,324.00
434.00,127.00,496.00,127.00,496.00,324.00,434.00,324.00
435.00,122.00,496.00,122.00,496.00,320.00,435.00,320.00
436.00,121.00,497.00,121.00,497.00,320.00,436.00,320.00
438.00,124.00,498.00,124.00,498.00,319.00,438.00,319.00
437.00,122.00,495.00,122.00,495.00,319.00,437.00,319.00
438.00,123.00,497.00,123.00,497.00,321.00,438.00,321.00
434.00,122.00,496.00,122.00,496.00,323.00,434.00,323.00
438.00,120.00,501.00,120.00,501.00,324.00,438.00,324.00
439.00,120.00,503.00,120.00,503.00,326.00,439.00,326.00
438.00,123.00,503.00,123.00,503.00,326.00,438.00,326.00
438.00,120.00,502.00,120.00,502.00,324.00,438.00,324.00
438.00,120.00,502.00,120.00,502.00,326.00,438.00,326.00
438.00,118.00,500.00,118.00,500.00,325.00,438.00,325.00
437.00,117.00,500.00,117.00,500.00,324.00,437.00,324.00
436.00,115.00,499.00,115.00,499.00,326.00,436.00,326.00
437.00,118.00,500.00,118.00,500.00,326.00,437.00,326.00
436.00,119.00,500.00,119.00,500.00,328.00,436.00,328.00
434.00,120.00,499.00,120.00,499.00,325.00,434.00,325.00
431.00,125.00,498.00,125.00,498.00,328.00,431.00,328.00
428.00,125.00,493.00,125.00,493.00,327.00,428.00,327.00
429.00,125.00,489.00,125.00,489.00,323.00,429.00,323.00
427.00,125.00,486.00,125.00,486.00,324.00,427.00,324.00
427.00,124.00,489.00,124.00,489.00,320.00,427.00,320.00
429.00,122.00,488.00,122.00,488.00,317.00,429.00,317.00
427.00,121.00,483.00,121.00,483.00,317.00,427.00,317.00
424.00,123.00,482.00,123.00,482.00,320.00,424.00,320.00
420.00,112.00,478.00,112.00,478.00,319.00,420.00,319.00
420.00,113.00,477.00,113.00,477.00,318.00,420.00,318.00
418.00,117.00,476.00,117.00,476.00,318.00,418.00,318.00
414.00,108.00,472.00,108.00,472.00,312.00,414.00,312.00
411.00,107.00,469.00,107.00,469.00,311.00,411.00,311.00
409.00,105.00,467.00,105.00,467.00,306.00,409.00,306.00
407.00,103.00,466.00,103.00,466.00,305.00,407.00,305.00
406.00,103.00,464.00,103.00,464.00,304.00,406.00,304.00
404.00,96.00,464.00,96.00,464.00,302.00,404.00,302.00
404.00,91.00,464.00,91.00,464.00,301.00,404.00,301.00
407.00,93.00,466.00,93.00,466.00,296.00,407.00,296.00
409.00,89.00,468.00,89.00,468.00,291.00,409.00,291.00
409.00,88.00,468.00,88.00,468.00,289.00,409.00,289.00
411.00,82.00,472.00,82.00,472.00,289.00,411.00,289.00
413.00,75.00,472.00,75.00,472.00,286.00,413.00,286.00
413.00,75.00,472.00,75.00,472.00,279.00,413.00,279.00
413.00,84.00,475.00,84.00,475.00,284.00,413.00,284.00
416.00,81.00,476.00,81.00,476.00,285.00,416.00,285.00
418.00,81.00,479.00,81.00,479.00,285.00,418.00,285.00
417.00,80.00,479.00,80.00,479.00,284.00,417.00,284.00
417.00,74.00,479.00,74.00,479.00,280.00,417.00,280.00
414.00,75.00,479.00,75.00,479.00,283.00,414.00,283.00
415.00,76.00,479.00,76.00,479.00,282.00,415.00,282.00
414.00,77.00,478.00,77.00,478.00,281.00,414.00,281.00
413.00,76.00,477.00,76.00,477.00,281.00,413.00,281.00
413.00,76.00,477.00,76.00,477.00,280.00,413.00,280.00
414.00,76.00,475.00,76.00,475.00,279.00,414.00,279.00
414.00,76.00,476.00,76.00,476.00,280.00,414.00,280.00
417.00,76.00,477.00,76.00,477.00,277.00,417.00,277.00
418.00,74.00,477.00,74.00,477.00,276.00,418.00,276.00
418.00,70.00,478.00,70.00,478.00,276.00,418.00,276.00
418.00,72.00,478.00,72.00,478.00,277.00,418.00,277.00
419.00,69.00,481.00,69.00,481.00,277.00,419.00,277.00
418.00,71.00,482.00,71.00,482.00,277.00,418.00,277.00
419.00,70.00,483.00,70.00,483.00,276.00,419.00,276.00
418.00,72.00,484.00,72.00,484.00,278.00,418.00,278.00
420.00,68.00,485.00,68.00,485.00,277.00,420.00,277.00
420.00,69.00,483.00,69.00,483.00,277.00,420.00,277.00
420.00,73.00,484.00,73.00,484.00,277.00,420.00,277.00
423.00,75.00,482.00,75.00,482.00,276.00,423.00,276.00
422.00,78.00,482.00,78.00,482.00,277.00,422.00,277.00
425.00,74.00,484.00,74.00,484.00,277.00,425.00,277.00
424.00,80.00,483.00,80.00,483.00,280.00,424.00,280.00
424.00,81.00,483.00,81.00,483.00,281.00,424.00,281.00
423.00,82.00,482.00,82.00,482.00,283.00,423.00,283.00
423.00,82.00,483.00,82.00,483.00,283.00,423.00,283.00
424.00,86.00,484.00,86.00,484.00,284.00,424.00,284.00
424.00,84.00,483.00,84.00,483.00,285.00,424.00,285.00
424.00,86.00,484.00,86.00,484.00,286.00,424.00,286.00
424.00,91.00,483.00,91.00,483.00,286.00,424.00,286.00
424.00,93.00,484.00,93.00,484.00,288.00,424.00,288.00
426.00,89.00,484.00,89.00,484.00,290.00,426.00,290.00
428.00,93.00,485.00,93.00,485.00,292.00,428.00,292.00
429.00,95.00,485.00,95.00,485.00,295.00,429.00,295.00
426.00,98.00,484.00,98.00,484.00,298.00,426.00,298.00
425.00,102.00,483.00,102.00,483.00,299.00,425.00,299.00
425.00,104.00,484.00,104.00,484.00,302.00,425.00,302.00
428.00,109.00,485.00,109.00,485.00,302.00,428.00,302.00
423.00,113.00,482.00,113.00,482.00,305.00,423.00,305.00
427.00,111.00,483.00,111.00,483.00,306.00,427.00,306.00
424.00,112.00,481.00,112.00,481.00,310.00,424.00,310.00
424.00,117.00,481.00,117.00,481.00,312.00,424.00,312.00
420.00,122.00,478.00,122.00,478.00,313.00,420.00,313.00
420.00,122.00,477.00,122.00,477.00,316.00,420.00,316.00
419.00,122.00,477.00,122.00,477.00,320.00,419.00,320.00
424.00,125.00,479.00,125.00,479.00,323.00,424.00,323.00
420.00,129.00,476.00,129.00,476.00,324.00,420.00,324.00
418.00,132.00,475.00,132.00,475.00,322.00,418.00,322.00
421.00,128.00,476.00,128.00,476.00,321.00,421.00,321.00
419.00,134.00,476.00,134.00,476.00,322.00,419.00,322.00
421.00,129.00,476.00,129.00,476.00,324.00,421.00,324.00
421.00,136.00,477.00,136.00,477.00,323.00,421.00,323.00
421.00,136.00,476.00,136.00,476.00,323.00,421.00,323.00
418.00,139.00,474.00,139.00,474.00,322.00,418.00,322.00
420.00,134.00,476.00,134.00,476.00,322.00,420.00,322.00
420.00,136.00,476.00,136.00,476.00,321.00,420.00,321.00
422.00,132.00,476.00,132.00,476.00,322.00,422.00,322.00
424.00,132.00,478.00,132.00,478.00,322.00,424.00,322.00
423.00,130.00,477.00,130.00,477.00,324.00,423.00,324.00
423.00,133.00,477.00,133.00,477.00,323.00,423.00,323.00
421.00,135.00,477.00,135.00,477.00,319.00,421.00,319.00
421.00,136.00,477.00,136.00,477.00,322.00,421.00,322.00
423.00,133.00,477.00,133.00,477.00,325.00,423.00,325.00
427.00,137.00,479.00,137.00,479.00,324.00,427.00,324.00
423.00,137.00,476.00,137.00,476.00,321.00,423.00,321.00
425.00,138.00,479.00,138.00,479.00,323.00,425.00,323.00
424.00,135.00,478.00,135.00,478.00,321.00,424.00,321.00
427.00,132.00,480.00,132.00,480.00,324.00,427.00,324.00
429.00,132.00,481.00,132.00,481.00,322.00,429.00,322.00
428.00,133.00,480.00,133.00,480.00,322.00,428.00,322.00
426.00,132.00,480.00,132.00,480.00,321.00,426.00,321.00
430.00,125.00,483.00,125.00,483.00,320.00,430.00,320.00
425.00,130.00,479.00,130.00,479.00,319.00,425.00,319.00
427.00,127.00,481.00,127.00,481.00,320.00,427.00,320.00
426.00,134.00,479.00,134.00,479.00,319.00,426.00,319.00
427.00,127.00,480.00,127.00,480.00,319.00,427.00,319.00
428.00,130.00,482.00,130.00,482.00,319.00,428.00,319.00
426.00,130.00,480.00,130.00,480.00,319.00,426.00,319.00
429.00,125.00,482.00,125.00,482.00,321.00,429.00,321.00
426.00,126.00,480.00,126.00,480.00,321.00,426.00,321.00
423.00,127.00,479.00,127.00,479.00,321.00,423.00,321.00
422.00,133.00,476.00,133.00,476.00,317.00,422.00,317.00
423.00,126.00,478.00,126.00,478.00,319.00,423.00,319.00
421.00,131.00,476.00,131.00,476.00,316.00,421.00,316.00
421.00,124.00,477.00,124.00,477.00,316.00,421.00,316.00
420.00,120.00,478.00,120.00,478.00,318.00,420.00,318.00
420.00,121.00,480.00,121.00,480.00,324.00,420.00,324.00
418.00,120.00,478.00,120.00,478.00,321.00,418.00,321.00
412.00,122.00,476.00,122.00,476.00,323.00,412.00,323.00
413.00,126.00,478.00,126.00,478.00,323.00,413.00,323.00
409.00,130.00,476.00,130.00,476.00,325.00,409.00,325.00
409.00,125.00,475.00,125.00,475.00,324.00,409.00,324.00
409.00,123.00,476.00,123.00,476.00,323.00,409.00,323.00
409.00,124.00,476.00,124.00,476.00,322.00,409.00,322.00
410.00,125.00,475.00,125.00,475.00,322.00,410.00,322.00
408.00,117.00,473.00,117.00,473.00,320.00,408.00,320.00
407.00,127.00,473.00,127.00,473.00,322.00,407.00,322.00
406.00,127.00,473.00,127.00,473.00,324.00,406.00,324.00
406.00,124.00,473.00,124.00,473.00,321.00,406.00,321.00
407.00,128.00,474.00,128.00,474.00,324.00,407.00,324.00
409.00,129.00,477.00,129.00,477.00,324.00,409.00,324.00
407.00,128.00,473.00,128.00,473.00,321.00,407.00,321.00
410.00,129.00,475.00,129.00,475.00,319.00,410.00,319.00
409.00,132.00,474.00,132.00,474.00,320.00,409.00,320.00
406.00,129.00,471.00,129.00,471.00,318.00,406.00,318.00
406.00,124.00,473.00,124.00,473.00,318.00,406.00,318.00
406.00,129.00,474.00,129.00,474.00,320.00,406.00,320.00
407.00,131.00,475.00,131.00,475.00,320.00,407.00,320.00
405.00,127.00,474.00,127.00,474.00,320.00,405.00,320.00
409.00,127.00,479.00,127.00,479.00,320.00,409.00,320.00
406.00,127.00,476.00,127.00,476.00,321.00,406.00,321.00
409.00,124.00,479.00,124.00,479.00,322.00,409.00,322.00
410.00,126.00,481.00,126.00,481.00,323.00,410.00,323.00
412.00,127.00,483.00,127.00,483.00,322.00,412.00,322.00
411.00,127.00,483.00,127.00,483.00,322.00,411.00,322.00
411.00,125.00,485.00,125.00,485.00,324.00,411.00,324.00
409.00,127.00,484.00,127.00,484.00,326.00,409.00,326.00
408.00,126.00,480.00,126.00,480.00,323.00,408.00,323.00
407.00,124.00,480.00,124.00,480.00,324.00,407.00,324.00
409.00,120.00,482.00,120.00,482.00,321.00,409.00,321.00
408.00,123.00,480.00,123.00,480.00,321.00,408.00,321.00
409.00,120.00,479.00,120.00,479.00,318.00,409.00,318.00
409.00,118.00,480.00,118.00,480.00,319.00,409.00,319.00
407.00,118.00,479.00,118.00,479.00,320.00,407.00,320.00
407.00,113.00,477.00,113.00,477.00,321.00,407.00,321.00
407.00,115.00,473.00,115.00,473.00,321.00,407.00,321.00
406.00,116.00,472.00,116.00,472.00,316.00,406.00,316.00
406.00,123.00,471.00,123.00,471.00,317.00,406.00,317.00
407.00,121.00,469.00,121.00,469.00,317.00,407.00,317.00
406.00,120.00,469.00,120.00,469.00,315.00,406.00,315.00
403.00,124.00,470.00,124.00,470.00,320.00,403.00,320.00
401.00,125.00,469.00,125.00,469.00,320.00,401.00,320.00
403.00,123.00,467.00,123.00,467.00,318.00,403.00,318.00
399.00,123.00,466.00,123.00,466.00,318.00,399.00,318.00
395.00,122.00,467.00,122.00,467.00,320.00,395.00,320.00
399.00,120.00,469.00,120.00,469.00,317.00,399.00,317.00
397.00,119.00,467.00,119.00,467.00,317.00,397.00,317.00
399.00,119.00,467.00,119.00,467.00,316.00,399.00,316.00
400.00,118.00,466.00,118.00,466.00,312.00,400.00,312.00
397.00,120.00,462.00,120.00,462.00,309.00,397.00,309.00
397.00,119.00,462.00,119.00,462.00,306.00,397.00,306.00
394.00,119.00,459.00,119.00,459.00,305.00,394.00,305.00
394.00,117.00,462.00,117.00,462.00,303.00,394.00,303.00
395.00,117.00,459.00,117.00,459.00,302.00,395.00,302.00
395.00,118.00,462.00,118.00,462.00,302.00,395.00,302.00
392.00,118.00,459.00,118.00,459.00,302.00,392.00,302.00
391.00,119.00,459.00,119.00,459.00,304.00,391.00,304.00
390.00,113.00,459.00,113.00,459.00,304.00,390.00,304.00
387.00,114.00,457.00,114.00,457.00,303.00,387.00,303.00
386.00,116.00,454.00,116.00,454.00,301.00,386.00,301.00
388.00,115.00,453.00,115.00,453.00,297.00,388.00,297.00
387.00,114.00,451.00,114.00,451.00,296.00,387.00,296.00
383.00,116.00,450.00,116.00,450.00,300.00,383.00,300.00
381.00,117.00,453.00,117.00,453.00,301.00,381.00,301.00
374.00,115.00,448.00,115.00,448.00,301.00,374.00,301.00
374.00,116.00,446.00,116.00,446.00,300.00,374.00,300.00
372.00,116.00,443.00,116.00,443.00,299.00,372.00,299.00
368.00,117.00,440.00,117.00,440.00,301.00,368.00,301.00
366.00,116.00,434.00,116.00,434.00,300.00,366.00,300.00
363.00,121.00,432.00,121.00,432.00,301.00,363.00,301.00
364.00,117.00,429.00,117.00,429.00,299.00,364.00,299.00
360.00,119.00,424.00,119.00,424.00,298.00,360.00,298.00
358.00,118.00,421.00,118.00,421.00,298.00,358.00,298.00
358.00,118.00,420.00,118.00,420.00,295.00,358.00,295.00
358.00,114.00,422.00,114.00,422.00,293.00,358.00,293.00
356.00,115.00,420.00,115.00,420.00,295.00,356.00,295.00
356.00,114.00,420.00,114.00,420.00,295.00,356.00,295.00
357.00,115.00,418.00,115.00,418.00,295.00,357.00,295.00
358.00,116.00,418.00,116.00,418.00,296.00,358.00,296.00
362.00,120.00,421.00,120.00,421.00,297.00,362.00,297.00
362.00,123.00,425.00,123.00,425.00,300.00,362.00,300.00
362.00,124.00,425.00,124.00,425.00,303.00,362.00,303.00
365.00,124.00,429.00,124.00,429.00,305.00,365.00,305.00
370.00,125.00,432.00,125.00,432.00,305.00,370.00,305.00
370.00,127.00,434.00,127.00,434.00,307.00,370.00,307.00
372.00,129.00,435.00,129.00,435.00,309.00,372.00,309.00
374.00,129.00,435.00,129.00,435.00,309.00,374.00,309.00
377.00,129.00,439.00,129.00,439.00,311.00,377.00,311.00
375.00,137.00,436.00,137.00,436.00,315.00,375.00,315.00
375.00,134.00,437.00,134.00,437.00,315.00,375.00,315.00
378.00,131.00,437.00,131.00,437.00,318.00,378.00,318.00
378.00,135.00,437.00,135.00,437.00,318.00,378.00,318.00
379.00,137.00,436.00,137.00,436.00,319.00,379.00,319.00
379.00,135.00,439.00,135.00,439.00,322.00,379.00,322.00
376.00,139.00,438.00,139.00,438.00,329.00,376.00,329.00
376.00,142.00,439.00,142.00,439.00,326.00,376.00,326.00
375.00,142.00,439.00,142.00,439.00,325.00,375.00,325.00
376.00,145.00,440.00,145.00,440.00,325.00,376.00,325.00
378.00,146.00,441.00,146.00,441.00,325.00,378.00,325.00
381.00,147.00,442.00,147.00,442.00,327.00,381.00,327.00
384.00,151.00,445.00,151.00,445.00,325.00,384.00,325.00
385.00,153.00,444.00,153.00,444.00,327.00,385.00,327.00
390.00,158.00,449.00,158.00,449.00,331.00,390.00,331.00
390.00,160.00,450.00,160.00,450.00,333.00,390.00,333.00
392.00,161.00,452.00,161.00,452.00,336.00,392.00,336.00
391.00,166.00,452.00,166.00,452.00,338.00,391.00,338.00
393.00,168.00,454.00,168.00,454.00,340.00,393.00,340.00
396.00,172.00,457.00,172.00,457.00,343.00,396.00,343.00
399.00,174.00,460.00,174.00,460.00,346.00,399.00,346.00
397.00,172.00,458.00,172.00,458.00,347.00,397.00,347.00
398.00,176.00,458.00,176.00,458.00,348.00,398.00,348.00
394.00,178.00,455.00,178.00,455.00,344.00,394.00,344.00
398.00,178.00,457.00,178.00,457.00,345.00,398.00,345.00
394.00,176.00,455.00,176.00,455.00,340.00,394.00,340.00
399.00,170.00,458.00,170.00,458.00,344.00,399.00,344.00
399.00,174.00,457.00,174.00,457.00,343.00,399.00,343.00
397.00,175.00,455.00,175.00,455.00,342.00,397.00,342.00
398.00,176.00,455.00,176.00,455.00,342.00,398.00,342.00
401.00,179.00,457.00,179.00,457.00,341.00,401.00,341.00
395.00,177.00,452.00,177.00,452.00,341.00,395.00,341.00
396.00,176.00,452.00,176.00,452.00,339.00,396.00,339.00
395.00,172.00,452.00,172.00,452.00,340.00,395.00,340.00
390.00,174.00,450.00,174.00,450.00,339.00,390.00,339.00
388.00,173.00,449.00,173.00,449.00,339.00,388.00,339.00
387.00,173.00,447.00,173.00,447.00,339.00,387.00,339.00
384.00,170.00,444.00,170.00,444.00,337.00,384.00,337.00
384.00,171.00,444.00,171.00,444.00,337.00,384.00,337.00
377.00,173.00,441.00,173.00,441.00,340.00,377.00,340.00
378.00,172.00,439.00,172.00,439.00,337.00,378.00,337.00
380.00,168.00,440.00,168.00,440.00,331.00,380.00,331.00
381.00,165.00,439.00,165.00,439.00,330.00,381.00,330.00
381.00,159.00,436.00,159.00,436.00,328.00,381.00,328.00
378.00,155.00,437.00,155.00,437.00,330.00,378.00,330.00
378.00,152.00,437.00,152.00,437.00,327.00,378.00,327.00
375.00,148.00,435.00,148.00,435.00,325.00,375.00,325.00
376.00,148.00,435.00,148.00,435.00,321.00,376.00,321.00
378.00,144.00,433.00,144.00,433.00,316.00,378.00,316.00
373.00,144.00,433.00,144.00,433.00,316.00,373.00,316.00
376.00,145.00,433.00,145.00,433.00,311.00,376.00,311.00
376.00,141.00,431.00,141.00,431.00,308.00,376.00,308.00
376.00,141.00,431.00,141.00,431.00,302.00,376.00,302.00
376.00,139.00,430.00,139.00,430.00,297.00,376.00,297.00
376.00,136.00,430.00,136.00,430.00,292.00,376.00,292.00
377.00,137.00,430.00,137.00,430.00,289.00,377.00,289.00
377.00,135.00,429.00,135.00,429.00,288.00,377.00,288.00
379.00,133.00,431.00,133.00,431.00,287.00,379.00,287.00
382.00,130.00,431.00,130.00,431.00,285.00,382.00,285.00
383.00,131.00,432.00,131.00,432.00,288.00,383.00,288.00
386.00,122.00,431.00,122.00,431.00,286.00,386.00,286.00
388.00,128.00,433.00,128.00,433.00,282.00,388.00,282.00
380.00,123.00,429.00,123.00,429.00,294.00,380.00,294.00
380.00,126.00,434.00,126.00,434.00,283.00,380.00,283.00
384.00,137.00,436.00,137.00,436.00,280.00,384.00,280.00
385.00,139.00,438.00,139.00,438.00,283.00,385.00,283.00
387.00,87.00,437.00,87.00,437.00,259.00,387.00,259.00
385.00,106.00,435.00,106.00,435.00,279.00,385.00,279.00
383.00,104.00,433.00,104.00,433.00,276.00,383.00,276.00
382.00,104.00,431.00,104.00,431.00,273.00,382.00,273.00
382.00,106.00,431.00,106.00,431.00,275.00,382.00,275.00
379.00,117.00,428.00,117.00,428.00,272.00,379.00,272.00
379.00,116.00,432.00,116.00,432.00,266.00,379.00,266.00
377.00,122.00,430.00,122.00,430.00,265.00,377.00,265.00
377.00,122.00,429.00,122.00,429.00,274.00,377.00,274.00
375.00,126.00,429.00,126.00,429.00,275.00,375.00,275.00
374.00,126.00,428.00,126.00,428.00,274.00,374.00,274.00
373.00,128.00,425.00,128.00,425.00,275.00,373.00,275.00
370.00,127.00,423.00,127.00,423.00,278.00,370.00,278.00
371.00,123.00,423.00,123.00,423.00,275.00,371.00,275.00
369.00,124.00,420.00,124.00,420.00,276.00,369.00,276.00
368.00,127.00,419.00,127.00,419.00,277.00,368.00,277.00
368.00,120.00,418.00,120.00,418.00,277.00,368.00,277.00
365.00,124.00,416.00,124.00,416.00,278.00,365.00,278.00
366.00,129.00,415.00,129.00,415.00,278.00,366.00,278.00
364.00,128.00,413.00,128.00,413.00,279.00,364.00,279.00
365.00,127.00,414.00,127.00,414.00,280.00,365.00,280.00
363.00,126.00,412.00,126.00,412.00,283.00,363.00,283.00
363.00,124.00,412.00,124.00,412.00,285.00,363.00,285.00
361.00,128.00,412.00,128.00,412.00,286.00,361.00,286.00
363.00,126.00,413.00,126.00,413.00,290.00,363.00,290.00
361.00,130.00,412.00,130.00,412.00,292.00,361.00,292.00
361.00,129.00,413.00,129.00,413.00,294.00,361.00,294.00
361.00,131.00,412.00,131.00,412.00,294.00,361.00,294.00
358.00,137.00,409.00,137.00,409.00,297.00,358.00,297.00
359.00,137.00,410.00,137.00,410.00,298.00,359.00,298.00
357.00,139.00,407.00,139.00,407.00,298.00,357.00,298.00
358.00,139.00,407.00,139.00,407.00,299.00,358.00,299.00
358.00,141.00,407.00,141.00,407.00,299.00,358.00,299.00
357.00,140.00,405.00,140.00,405.00,301.00,357.00,301.00
358.00,142.00,405.00,142.00,405.00,302.00,358.00,302.00
358.00,143.00,405.00,143.00,405.00,306.00,358.00,306.00
356.00,146.00,404.00,146.00,404.00,308.00,356.00,308.00
358.00,147.00,406.00,147.00,406.00,309.00,358.00,309.00
355.00,153.00,402.00,153.00,402.00,308.00,355.00,308.00
356.00,150.00,404.00,150.00,404.00,312.00,356.00,312.00
355.00,150.00,403.00,150.00,403.00,314.00,355.00,314.00
355.00,148.00,403.00,148.00,403.00,315.00,355.00,315.00
354.00,153.00,402.00,153.00,402.00,314.00,354.00,314.00
355.00,153.00,403.00,153.00,403.00,316.00,355.00,316.00
354.00,155.00,401.00,155.00,401.00,317.00,354.00,317.00
354.00,156.00,401.00,156.00,401.00,317.00,354.00,317.00
352.00,157.00,401.00,157.00,401.00,320.00,352.00,320.00
352.00,159.00,401.00,159.00,401.00,320.00,352.00,320.00
353.00,157.00,401.00,157.00,401.00,321.00,353.00,321.00
352.00,159.00,399.00,159.00,399.00,320.00,352.00,320.00
351.00,160.00,398.00,160.00,398.00,319.00,351.00,319.00
348.00,161.00,396.00,161.00,396.00,319.00,348.00,319.00
346.00,162.00,393.00,162.00,393.00,318.00,346.00,318.00
346.00,160.00,394.00,160.00,394.00,319.00,346.00,319.00
345.00,163.00,394.00,163.00,394.00,319.00,345.00,319.00
345.00,166.00,393.00,166.00,393.00,319.00,345.00,319.00
343.00,167.00,393.00,167.00,393.00,322.00,343.00,322.00
340.00,169.00,392.00,169.00,392.00,326.00,340.00,326.00
340.00,167.00,389.00,167.00,389.00,328.00,340.00,328.00
337.00,171.00,387.00,171.00,387.00,327.00,337.00,327.00
336.00,170.00,385.00,170.00,385.00,330.00,336.00,330.00
335.00,169.00,386.00,169.00,386.00,331.00,335.00,331.00
333.00,168.00,383.00,168.00,383.00,333.00,333.00,333.00
331.00,171.00,380.00,171.00,380.00,333.00,331.00,333.00
332.00,168.00,381.00,168.00,381.00,334.00,332.00,334.00
329.00,170.00,378.00,170.00,378.00,334.00,329.00,334.00
328.00,173.00,378.00,173.00,378.00,336.00,328.00,336.00
327.00,174.00,375.00,174.00,375.00,335.00,327.00,335.00
326.00,174.00,373.00,174.00,373.00,339.00,326.00,339.00
326.00,173.00,374.00,173.00,374.00,337.00,326.00,337.00
320.00,178.00,368.00,178.00,368.00,338.00,320.00,338.00
319.00,175.00,367.00,175.00,367.00,339.00,319.00,339.00
316.00,177.00,367.00,177.00,367.00,340.00,316.00,340.00
316.00,177.00,363.00,177.00,363.00,338.00,316.00,338.00
312.00,176.00,360.00,176.00,360.00,341.00,312.00,341.00
307.00,180.00,359.00,180.00,359.00,340.00,307.00,340.00
305.00,182.00,356.00,182.00,356.00,342.00,305.00,342.00
303.00,181.00,355.00,181.00,355.00,341.00,303.00,341.00
299.00,181.00,351.00,181.00,351.00,340.00,299.00,340.00
298.00,178.00,349.00,178.00,349.00,341.00,298.00,341.00
295.00,182.00,346.00,182.00,346.00,340.00,295.00,340.00
293.00,179.00,344.00,179.00,344.00,341.00,293.00,341.00
288.00,184.00,341.00,184.00,341.00,342.00,288.00,342.00
288.00,182.00,340.00,182.00,340.00,343.00,288.00,343.00
283.00,185.00,334.00,185.00,334.00,343.00,283.00,343.00
282.00,182.00,333.00,182.00,333.00,344.00,282.00,344.00
282.00,183.00,332.00,183.00,332.00,344.00,282.00,344.00
277.00,185.00,328.00,185.00,328.00,343.00,277.00,343.00
276.00,183.00,325.00,183.00,325.00,343.00,276.00,343.00
272.00,186.00,321.00,186.00,321.00,338.00,272.00,338.00
271.00,185.00,319.00,185.00,319.00,341.00,271.00,341.00
267.00,188.00,316.00,188.00,316.00,341.00,267.00,341.00
267.00,185.00,315.00,185.00,315.00,343.00,267.00,343.00
264.00,189.00,313.00,189.00,313.00,342.00,264.00,342.00
260.00,189.00,309.00,189.00,309.00,344.00,260.00,344.00
258.00,189.00,308.00,189.00,308.00,345.00,258.00,345.00
254.00,194.00,305.00,194.00,305.00,344.00,254.00,344.00
251.00,193.00,302.00,193.00,302.00,345.00,251.00,345.00
249.00,193.00,300.00,193.00,300.00,345.00,249.00,345.00
246.00,193.00,298.00,193.00,298.00,346.00,246.00,346.00
245.00,196.00,295.00,196.00,295.00,344.00,245.00,344.00
242.00,193.00,293.00,193.00,293.00,346.00,242.00,346.00
239.00,194.00,290.00,194.00,290.00,348.00,239.00,348.00
237.00,195.00,287.00,195.00,287.00,347.00,237.00,347.00
236.00,195.00,286.00,195.00,286.00,347.00,236.00,347.00
233.00,196.00,282.00,196.00,282.00,347.00,233.00,347.00
232.00,197.00,281.00,197.00,281.00,350.00,232.00,350.00
230.00,193.00,279.00,193.00,279.00,349.00,230.00,349.00
