1
65.00,56.00,141.00,56.00,141.00,335.00,65.00,335.00
68.00,55.00,144.00,55.00,144.00,331.00,68.00,331.00
71.00,60.00,145.00,60.00,145.00,335.00,71.00,335.00
74.00,57.00,147.00,57.00,147.00,331.00,74.00,331.00
77.00,57.00,149.00,57.00,149.00,328.00,77.00,328.00
80.00,58.00,153.00,58.00,153.00,332.00,80.00,332.00
83.00,60.00,156.00,60.00,156.00,330.00,83.00,330.00
87.00,60.00,159.00,60.00,159.00,329.00,87.00,329.00
89.00,60.00,161.00,60.00,161.00,330.00,89.00,330.00
93.00,60.00,165.00,60.00,165.00,330.00,93.00,330.00
96.00,60.00,167.00,60.00,167.00,331.00,96.00,331.00
99.00,61.00,170.00,61.00,170.00,330.00,99.00,330.00
103.00,61.00,172.00,61.00,172.00,330.00,103.00,330.00
105.00,62.00,175.00,62.00,175.00,329.00,105.00,329.00
108.00,63.00,178.00,63.00,178.00,330.00,108.00,330.00
112.00,63.00,181.00,63.00,181.00,328.00,112.00,328.00
115.00,64.00,183.00,64.00,183.00,328.00,115.00,328.00
117.00,64.00,187.00,64.00,187.00,327.00,117.00,327.00
120.00,64.00,189.00,64.00,189.00,327.00,120.00,327.00
123.00,62.00,193.00,62.00,193.00,329.00,123.00,329.00
126.00,65.00,194.00,65.00,194.00,327.00,126.00,327.00
128.00,65.00,196.00,65.00,196.00,327.00,128.00,327.00
131.00,64.00,198.00,64.00,198.00,328.00,131.00,328.00
134.00,63.00,201.00,63.00,201.00,329.00,134.00,329.00
137.00,65.00,203.00,65.00,203.00,330.00,137.00,330.00
139.00,63.00,206.00,63.00,206.00,325.00,139.00,325.00
141.00,66.00,208.00,66.00,208.00,328.00,141.00,328.00
144.00,63.00,210.00,63.00,210.00,325.00,144.00,325.00
147.00,66.00,212.00,66.00,212.00,326.00,147.00,326.00
149.00,67.00,215.00,67.00,215.00,327.00,149.00,327.00
152.00,67.00,217.00,67.00,217.00,323.00,152.00,323.00
154.00,70.00,219.00,70.00,219.00,319.00,154.00,319.00
156.00,69.00,221.00,69.00,221.00,323.00,156.00,323.00
160.00,69.00,224.00,69.00,224.00,320.00,160.00,320.00
162.00,66.00,227.00,66.00,227.00,320.00,162.00,320.00
165.00,71.00,229.00,71.00,229.00,318.00,165.00,318.00
168.00,73.00,231.00,73.00,231.00,321.00,168.00,321.00
171.00,72.00,234.00,72.00,234.00,315.00,171.00,315.00
173.00,72.00,234.00,72.00,234.00,315.00,173.00,315.00
175.00,71.00,236.00,71.00,236.00,317.00,175.00,317.00
178.00,71.00,239.00,71.00,239.00,316.00,178.00,316.00
178.00,68.00,241.00,68.00,241.00,315.00,178.00,315.00
180.00,66.00,243.00,66.00,243.00,314.00,180.00,314.00
181.00,66.00,245.00,66.00,245.00,315.00,181.00,315.00
184.00,66.00,247.00,66.00,247.00,315.00,184.00,315.00
186.00,68.00,248.00,68.00,248.00,316.00,186.00,316.00
188.00,66.00,250.00,66.00,250.00,313.00,188.00,313.00
190.00,64.00,252.00,64.00,252.00,312.00,190.00,312.00
190.00,67.00,253.00,67.00,253.00,310.00,190.00,310.00
194.00,65.00,254.00,65.00,254.00,306.00,194.00,306.00
196.00,68.00,257.00,68.00,257.00,309.00,196.00,309.00
198.00,71.00,259.00,71.00,259.00,306.00,198.00,306.00
201.00,69.00,261.00,69.00,261.00,305.00,201.00,305.00
201.00,71.00,261.00,71.00,261.00,302.00,201.00,302.00
205.00,70.00,265.00,70.00,265.00,298.00,205.00,298.00
207.00,72.00,266.00,72.00,266.00,296.00,207.00,296.00
209.00,72.00,268.00,72.00,268.00,298.00,209.00,298.00
209.00,73.00,267.00,73.00,267.00,298.00,209.00,298.00
212.00,73.00,270.00,73.00,270.00,298.00,212.00,298.00
214.00,72.00,272.00,72.00,272.00,296.00,214.00,296.00
215.00,75.00,272.00,75.00,272.00,300.00,215.00,300.00
218.00,73.00,274.00,73.00,274.00,298.00,218.00,298.00
220.00,74.00,276.00,74.00,276.00,295.00,220.00,295.00
221.00,73.00,276.00,73.00,276.00,293.00,221.00,293.00
222.00,76.00,278.00,76.00,278.00,293.00,222.00,293.00
224.00,76.00,279.00,76.00,279.00,292.00,224.00,292.00
225.00,77.00,281.00,77.00,281.00,294.00,225.00,294.00
227.00,77.00,282.00,77.00,282.00,291.00,227.00,291.00
228.00,77.00,283.00,77.00,283.00,292.00,228.00,292.00
229.00,78.00,283.00,78.00,283.00,290.00,229.00,290.00
231.00,79.00,285.00,79.00,285.00,293.00,231.00,293.00
231.00,79.00,285.00,79.00,285.00,289.00,231.00,289.00
233.00,78.00,286.00,78.00,286.00,290.00,233.00,290.00
232.00,76.00,286.00,76.00,286.00,288.00,232.00,288.00
234.00,78.00,289.00,78.00,289.00,294.00,234.00,294.00
233.00,80.00,288.00,80.00,288.00,296.00,233.00,296.00
235.00,80.00,290.00,80.00,290.00,299.00,235.00,299.00
236.00,80.00,295.00,80.00,295.00,300.00,236.00,300.00
238.00,80.00,292.00,80.00,292.00,298.00,238.00,298.00
241.00,81.00,294.00,81.00,294.00,298.00,241.00,298.00
243.00,80.00,296.00,80.00,296.00,298.00,243.00,298.00
246.00,83.00,297.00,83.00,297.00,295.00,246.00,295.00
246.00,83.00,297.00,83.00,297.00,295.00,246.00,295.00
244.00,84.00,297.00,84.00,297.00,299.00,244.00,299.00
246.00,86.00,299.00,86.00,299.00,300.00,246.00,300.00
249.00,86.00,301.00,86.00,301.00,298.00,249.00,298.00
249.00,83.00,301.00,83.00,301.00,297.00,249.00,297.00
249.00,82.00,301.00,82.00,301.00,294.00,249.00,294.00
251.00,84.00,303.00,84.00,303.00,291.00,251.00,291.00
251.00,90.00,304.00,90.00,304.00,297.00,251.00,297.00
253.00,85.00,303.00,85.00,303.00,288.00,253.00,288.00
253.00,83.00,304.00,83.00,304.00,288.00,253.00,288.00
253.00,89.00,304.00,89.00,304.00,295.00,253.00,295.00
257.00,85.00,307.00,85.00,307.00,288.00,257.00,288.00
257.00,92.00,307.00,92.00,307.00,295.00,257.00,295.00
258.00,92.00,308.00,92.00,308.00,292.00,258.00,292.00
260.00,90.00,309.00,90.00,309.00,290.00,260.00,290.00
258.00,92.00,308.00,92.00,308.00,293.00,258.00,293.00
260.00,88.00,310.00,88.00,310.00,292.00,260.00,292.00
263.00,86.00,313.00,86.00,313.00,291.00,263.00,291.00
262.00,88.00,314.00,88.00,314.00,296.00,262.00,296.00
263.00,86.00,314.00,86.00,314.00,290.00,263.00,290.00
265.00,82.00,316.00,82.00,316.00,286.00,265.00,286.00
267.00,88.00,319.00,88.00,319.00,291.00,267.00,291.00
267.00,87.00,319.00,87.00,319.00,290.00,267.00,290.00
271.00,87.00,322.00,87.00,322.00,289.00,271.00,289.00
271.00,88.00,321.00,88.00,321.00,290.00,271.00,290.00
271.00,86.00,321.00,86.00,321.00,285.00,271.00,285.00
270.00,85.00,321.00,85.00,321.00,283.00,270.00,283.00
275.00,87.00,326.00,87.00,326.00,287.00,275.00,287.00
274.00,85.00,325.00,85.00,325.00,287.00,274.00,287.00
274.00,85.00,325.00,85.00,325.00,287.00,274.00,287.00
275.00,87.00,325.00,87.00,325.00,283.00,275.00,283.00
275.00,92.00,324.00,92.00,324.00,288.00,275.00,288.00
276.00,84.00,326.00,84.00,326.00,286.00,276.00,286.00
278.00,82.00,327.00,82.00,327.00,284.00,278.00,284.00
279.00,83.00,328.00,83.00,328.00,285.00,279.00,285.00
279.00,83.00,327.00,83.00,327.00,280.00,279.00,280.00
278.00,85.00,326.00,85.00,326.00,278.00,278.00,278.00
278.00,87.00,325.00,87.00,325.00,281.00,278.00,281.00
281.00,84.00,328.00,84.00,328.00,279.00,281.00,279.00
279.00,82.00,327.00,82.00,327.00,278.00,279.00,278.00
280.00,82.00,327.00,82.00,327.00,275.00,280.00,275.00
277.00,90.00,326.00,90.00,326.00,283.00,277.00,283.00
278.00,87.00,327.00,87.00,327.00,279.00,278.00,279.00
275.00,88.00,325.00,88.00,325.00,282.00,275.00,282.00
279.00,83.00,327.00,83.00,327.00,276.00,279.00,276.00
279.00,83.00,327.00,83.00,327.00,274.00,279.00,274.00
281.00,77.00,329.00,77.00,329.00,273.00,281.00,273.00
284.00,76.00,331.00,76.00,331.00,271.00,284.00,271.00
282.00,72.00,329.00,72.00,329.00,263.00,282.00,263.00
282.00,78.00,330.00,78.00,330.00,269.00,282.00,269.00
282.00,81.00,330.00,81.00,330.00,268.00,282.00,268.00
283.00,82.00,331.00,82.00,331.00,271.00,283.00,271.00
285.00,83.00,332.00,83.00,332.00,268.00,285.00,268.00
286.00,81.00,333.00,81.00,333.00,267.00,286.00,267.00
286.00,78.00,333.00,78.00,333.00,264.00,286.00,264.00
288.00,75.00,335.00,75.00,335.00,261.00,288.00,261.00
289.00,79.00,336.00,79.00,336.00,264.00,289.00,264.00
289.00,75.00,335.00,75.00,335.00,259.00,289.00,259.00
289.00,78.00,336.00,78.00,336.00,263.00,289.00,263.00
294.00,72.00,340.00,72.00,340.00,257.00,294.00,257.00
292.00,78.00,340.00,78.00,340.00,264.00,292.00,264.00
292.00,73.00,342.00,73.00,342.00,264.00,292.00,264.00
294.00,76.00,343.00,76.00,343.00,264.00,294.00,264.00
296.00,77.00,343.00,77.00,343.00,260.00,296.00,260.00
298.00,77.00,346.00,77.00,346.00,263.00,298.00,263.00
296.00,82.00,344.00,82.00,344.00,265.00,296.00,265.00
301.00,80.00,348.00,80.00,348.00,264.00,301.00,264.00
301.00,83.00,348.00,83.00,348.00,266.00,301.00,266.00
301.00,80.00,349.00,80.00,349.00,264.00,301.00,264.00
302.00,79.00,350.00,79.00,350.00,263.00,302.00,263.00
305.00,84.00,352.00,84.00,352.00,264.00,305.00,264.00
306.00,83.00,353.00,83.00,353.00,259.00,306.00,259.00
306.00,88.00,352.00,88.00,352.00,262.00,306.00,262.00
305.00,89.00,353.00,89.00,353.00,265.00,305.00,265.00
307.00,88.00,354.00,88.00,354.00,262.00,307.00,262.00
309.00,84.00,357.00,84.00,357.00,262.00,309.00,262.00
308.00,83.00,356.00,83.00,356.00,261.00,308.00,261.00
309.00,84.00,355.00,84.00,355.00,256.00,309.00,256.00
308.00,87.00,356.00,87.00,356.00,262.00,308.00,262.00
309.00,86.00,356.00,86.00,356.00,260.00,309.00,260.00
311.00,86.00,357.00,86.00,357.00,257.00,311.00,257.00
310.00,86.00,357.00,86.00,357.00,260.00,310.00,260.00
312.00,84.00,359.00,84.00,359.00,256.00,312.00,256.00
312.00,85.00,358.00,85.00,358.00,256.00,312.00,256.00
312.00,87.00,358.00,87.00,358.00,260.00,312.00,260.00
312.00,85.00,358.00,85.00,358.00,256.00,312.00,256.00
312.00,86.00,359.00,86.00,359.00,255.00,312.00,255.00
313.00,80.00,359.00,80.00,359.00,254.00,313.00,254.00
315.00,83.00,359.00,83.00,359.00,251.00,315.00,251.00
316.00,86.00,360.00,86.00,360.00,253.00,316.00,253.00
315.00,86.00,359.00,86.00,359.00,251.00,315.00,251.00
317.00,82.00,360.00,82.00,360.00,245.00,317.00,245.00
316.00,88.00,360.00,88.00,360.00,251.00,316.00,251.00
317.00,85.00,361.00,85.00,361.00,249.00,317.00,249.00
317.00,86.00,361.00,86.00,361.00,250.00,317.00,250.00
318.00,85.00,362.00,85.00,362.00,248.00,318.00,248.00
318.00,90.00,362.00,90.00,362.00,252.00,318.00,252.00
318.00,88.00,363.00,88.00,363.00,248.00,318.00,248.00
319.00,90.00,364.00,90.00,364.00,250.00,319.00,250.00
319.00,92.00,364.00,92.00,364.00,248.00,319.00,248.00
321.00,93.00,365.00,93.00,365.00,246.00,321.00,246.00
322.00,90.00,365.00,90.00,365.00,242.00,322.00,242.00
322.00,90.00,366.00,90.00,366.00,244.00,322.00,244.00
323.00,92.00,366.00,92.00,366.00,245.00,323.00,245.00
324.00,87.00,367.00,87.00,367.00,243.00,324.00,243.00
325.00,87.00,367.00,87.00,367.00,243.00,325.00,243.00
326.00,87.00,368.00,87.00,368.00,243.00,326.00,243.00
327.00,87.00,369.00,87.00,369.00,240.00,327.00,240.00
328.00,87.00,370.00,87.00,370.00,241.00,328.00,241.00
327.00,91.00,370.00,91.00,370.00,245.00,327.00,245.00
328.00,92.00,371.00,92.00,371.00,246.00,328.00,246.00
329.00,96.00,371.00,96.00,371.00,244.00,329.00,244.00
329.00,95.00,371.00,95.00,371.00,243.00,329.00,243.00
330.00,92.00,371.00,92.00,371.00,242.00,330.00,242.00
331.00,95.00,372.00,95.00,372.00,244.00,331.00,244.00
330.00,93.00,372.00,93.00,372.00,241.00,330.00,241.00
331.00,95.00,372.00,95.00,372.00,241.00,331.00,241.00
332.00,94.00,372.00,94.00,372.00,238.00,332.00,238.00
333.00,95.00,373.00,95.00,373.00,240.00,333.00,240.00
332.00,97.00,374.00,97.00,374.00,241.00,332.00,241.00
333.00,96.00,374.00,96.00,374.00,240.00,333.00,240.00
335.00,96.00,375.00,96.00,375.00,240.00,335.00,240.00
333.00,97.00,375.00,97.00,375.00,240.00,333.00,240.00
335.00,97.00,376.00,97.00,376.00,238.00,335.00,238.00
335.00,98.00,376.00,98.00,376.00,239.00,335.00,239.00
334.00,96.00,376.00,96.00,376.00,238.00,334.00,238.00
336.00,99.00,377.00,99.00,377.00,238.00,336.00,238.00
336.00,97.00,377.00,97.00,377.00,236.00,336.00,236.00
336.00,97.00,377.00,97.00,377.00,237.00,336.00,237.00
337.00,98.00,377.00,98.00,377.00,236.00,337.00,236.00
338.00,97.00,378.00,97.00,378.00,235.00,338.00,235.00
337.00,97.00,377.00,97.00,377.00,236.00,337.00,236.00
338.00,96.00,377.00,96.00,377.00,233.00,338.00,233.00
338.00,95.00,377.00,95.00,377.00,232.00,338.00,232.00
337.00,97.00,377.00,97.00,377.00,235.00,337.00,235.00
338.00,97.00,377.00,97.00,377.00,232.00,338.00,232.00
339.00,98.00,377.00,98.00,377.00,232.00,339.00,232.00
339.00,97.00,377.00,97.00,377.00,232.00,339.00,232.00
341.00,97.00,379.00,97.00,379.00,231.00,341.00,231.00
340.00,97.00,378.00,97.00,378.00,231.00,340.00,231.00
341.00,97.00,379.00,97.00,379.00,231.00,341.00,231.00
340.00,98.00,378.00,98.00,378.00,232.00,340.00,232.00
341.00,98.00,378.00,98.00,378.00,231.00,341.00,231.00
341.00,99.00,378.00,99.00,378.00,230.00,341.00,230.00
342.00,99.00,379.00,99.00,379.00,230.00,342.00,230.00
341.00,99.00,379.00,99.00,379.00,230.00,341.00,230.00
341.00,99.00,379.00,99.00,379.00,231.00,341.00,231.00
342.00,98.00,379.00,98.00,379.00,232.00,342.00,232.00
341.00,97.00,379.00,97.00,379.00,230.00,341.00,230.00
342.00,97.00,379.00,97.00,379.00,229.00,342.00,229.00
342.00,98.00,380.00,98.00,380.00,230.00,342.00,230.00
342.00,96.00,379.00,96.00,379.00,230.00,342.00,230.00
343.00,96.00,379.00,96.00,379.00,226.00,343.00,226.00
343.00,98.00,380.00,98.00,380.00,232.00,343.00,232.00
343.00,98.00,380.00,98.00,380.00,229.00,343.00,229.00
343.00,99.00,380.00,99.00,380.00,227.00,343.00,227.00
342.00,98.00,379.00,98.00,379.00,227.00,342.00,227.00
344.00,99.00,380.00,99.00,380.00,227.00,344.00,227.00
343.00,99.00,379.00,99.00,379.00,227.00,343.00,227.00
344.00,100.00,379.00,100.00,379.00,226.00,344.00,226.00
343.00,100.00,378.00,100.00,378.00,224.00,343.00,224.00
344.00,101.00,378.00,101.00,378.00,224.00,344.00,224.00
344.00,101.00,378.00,101.00,378.00,225.00,344.00,225.00
345.00,101.00,379.00,101.00,379.00,224.00,345.00,224.00
344.00,101.00,378.00,101.00,378.00,223.00,344.00,223.00
345.00,100.00,379.00,100.00,379.00,223.00,345.00,223.00
344.00,102.00,378.00,102.00,378.00,224.00,344.00,224.00
343.00,102.00,377.00,102.00,377.00,223.00,343.00,223.00
344.00,103.00,378.00,103.00,378.00,223.00,344.00,223.00
343.00,103.00,377.00,103.00,377.00,222.00,343.00,222.00
344.00,102.00,377.00,102.00,377.00,222.00,344.00,222.00
343.00,102.00,377.00,102.00,377.00,223.00,343.00,223.00
344.00,101.00,377.00,101.00,377.00,223.00,344.00,223.00
345.00,102.00,377.00,102.00,377.00,222.00,345.00,222.00
344.00,102.00,377.00,102.00,377.00,222.00,344.00,222.00
344.00,101.00,377.00,101.00,377.00,222.00,344.00,222.00
343.00,102.00,377.00,102.00,377.00,223.00,343.00,223.00
343.00,101.00,377.00,101.00,377.00,221.00,343.00,221.00
343.00,102.00,377.00,102.00,377.00,223.00,343.00,223.00
344.00,105.00,377.00,105.00,377.00,225.00,344.00,225.00
343.00,103.00,377.00,103.00,377.00,219.00,343.00,219.00
345.00,102.00,377.00,102.00,377.00,218.00,345.00,218.00
345.00,103.00,377.00,103.00,377.00,218.00,345.00,218.00
346.00,104.00,378.00,104.00,378.00,220.00,346.00,220.00
344.00,105.00,377.00,105.00,377.00,220.00,344.00,220.00
345.00,104.00,378.00,104.00,378.00,219.00,345.00,219.00
344.00,101.00,377.00,101.00,377.00,217.00,344.00,217.00
345.00,102.00,378.00,102.00,378.00,217.00,345.00,217.00
345.00,102.00,377.00,102.00,377.00,217.00,345.00,217.00
346.00,105.00,377.00,105.00,377.00,219.00,346.00,219.00
347.00,105.00,377.00,105.00,377.00,217.00,347.00,217.00
347.00,106.00,378.00,106.00,378.00,218.00,347.00,218.00
347.00,106.00,378.00,106.00,378.00,218.00,347.00,218.00
347.00,106.00,378.00,106.00,378.00,216.00,347.00,216.00
347.00,106.00,377.00,106.00,377.00,215.00,347.00,215.00
345.00,106.00,377.00,106.00,377.00,217.00,345.00,217.00
346.00,106.00,377.00,106.00,377.00,218.00,346.00,218.00
348.00,104.00,378.00,104.00,378.00,217.00,348.00,217.00
347.00,104.00,377.00,104.00,377.00,214.00,347.00,214.00
347.00,106.00,378.00,106.00,378.00,216.00,347.00,216.00
346.00,105.00,377.00,105.00,377.00,214.00,346.00,214.00
347.00,105.00,377.00,105.00,377.00,213.00,347.00,213.00
349.00,105.00,378.00,105.00,378.00,213.00,349.00,213.00
348.00,106.00,377.00,106.00,377.00,213.00,348.00,213.00
348.00,107.00,377.00,107.00,377.00,212.00,348.00,212.00
348.00,105.00,377.00,105.00,377.00,209.00,348.00,209.00
348.00,106.00,377.00,106.00,377.00,210.00,348.00,210.00
349.00,105.00,378.00,105.00,378.00,209.00,349.00,209.00
348.00,108.00,377.00,108.00,377.00,212.00,348.00,212.00
349.00,108.00,377.00,108.00,377.00,211.00,349.00,211.00
349.00,108.00,377.00,108.00,377.00,211.00,349.00,211.00
349.00,108.00,377.00,108.00,377.00,210.00,349.00,210.00
350.00,109.00,378.00,109.00,378.00,210.00,350.00,210.00
349.00,108.00,377.00,108.00,377.00,207.00,349.00,207.00
350.00,109.00,377.00,109.00,377.00,208.00,350.00,208.00
350.00,108.00,377.00,108.00,377.00,208.00,350.00,208.00
349.00,107.00,377.00,107.00,377.00,208.00,349.00,208.00
349.00,109.00,377.00,109.00,377.00,208.00,349.00,208.00
350.00,109.00,378.00,109.00,378.00,209.00,350.00,209.00
351.00,109.00,378.00,109.00,378.00,209.00,351.00,209.00
351.00,113.00,378.00,113.00,378.00,212.00,351.00,212.00
351.00,113.00,378.00,113.00,378.00,209.00,351.00,209.00
351.00,112.00,378.00,112.00,378.00,208.00,351.00,208.00
352.00,113.00,378.00,113.00,378.00,206.00,352.00,206.00
351.00,113.00,377.00,113.00,377.00,205.00,351.00,205.00
351.00,113.00,377.00,113.00,377.00,206.00,351.00,206.00
350.00,114.00,376.00,114.00,376.00,206.00,350.00,206.00
351.00,115.00,378.00,115.00,378.00,206.00,351.00,206.00
351.00,115.00,378.00,115.00,378.00,205.00,351.00,205.00
351.00,114.00,378.00,114.00,378.00,205.00,351.00,205.00
351.00,114.00,377.00,114.00,377.00,205.00,351.00,205.00
350.00,114.00,377.00,114.00,377.00,206.00,350.00,206.00
350.00,114.00,377.00,114.00,377.00,205.00,350.00,205.00
351.00,114.00,377.00,114.00,377.00,203.00,351.00,203.00
351.00,114.00,377.00,114.00,377.00,202.00,351.00,202.00
350.00,115.00,375.00,115.00,375.00,203.00,350.00,203.00
351.00,116.00,376.00,116.00,376.00,202.00,351.00,202.00
350.00,116.00,375.00,116.00,375.00,202.00,350.00,202.00
350.00,116.00,375.00,116.00,375.00,201.00,350.00,201.00
350.00,116.00,375.00,116.00,375.00,202.00,350.00,202.00
349.00,115.00,374.00,115.00,374.00,202.00,349.00,202.00
351.00,115.00,376.00,115.00,376.00,200.00,351.00,200.00
350.00,116.00,375.00,116.00,375.00,200.00,350.00,200.00
350.00,116.00,375.00,116.00,375.00,202.00,350.00,202.00
350.00,116.00,374.00,116.00,374.00,200.00,350.00,200.00
350.00,115.00,375.00,115.00,375.00,200.00,350.00,200.00
350.00,114.00,374.00,114.00,374.00,200.00,350.00,200.00
350.00,114.00,374.00,114.00,374.00,198.00,350.00,198.00
350.00,115.00,374.00,115.00,374.00,200.00,350.00,200.00
350.00,116.00,374.00,116.00,374.00,200.00,350.00,200.00
350.00,115.00,374.00,115.00,374.00,199.00,350.00,199.00
350.00,114.00,374.00,114.00,374.00,199.00,350.00,199.00
350.00,115.00,374.00,115.00,374.00,199.00,350.00,199.00
349.00,116.00,373.00,116.00,373.00,199.00,349.00,199.00
349.00,117.00,373.00,117.00,373.00,201.00,349.00,201.00
349.00,116.00,374.00,116.00,374.00,201.00,349.00,201.00
350.00,114.00,374.00,114.00,374.00,199.00,350.00,199.00
349.00,115.00,373.00,115.00,373.00,200.00,349.00,200.00
350.00,116.00,375.00,116.00,375.00,201.00,350.00,201.00
350.00,116.00,374.00,116.00,374.00,200.00,350.00,200.00
350.00,117.00,374.00,117.00,374.00,201.00,350.00,201.00
350.00,116.00,374.00,116.00,374.00,198.00,350.00,198.00
350.00,116.00,374.00,116.00,374.00,199.00,350.00,199.00
350.00,117.00,374.00,117.00,374.00,199.00,350.00,199.00
350.00,116.00,374.00,116.00,374.00,199.00,350.00,199.00
350.00,117.00,374.00,117.00,374.00,200.00,350.00,200.00
351.00,118.00,375.00,118.00,375.00,200.00,351.00,200.00
350.00,118.00,374.00,118.00,374.00,200.00,350.00,200.00
