1
64.00,56.00,140.00,56.00,140.00,333.00,64.00,333.00
67.00,57.00,143.00,57.00,143.00,333.00,67.00,333.00
71.00,59.00,146.00,59.00,146.00,333.00,71.00,333.00
74.00,58.00,148.00,58.00,148.00,329.00,74.00,329.00
77.00,57.00,151.00,57.00,151.00,329.00,77.00,329.00
80.00,61.00,154.00,61.00,154.00,330.00,80.00,330.00
83.00,60.00,155.00,60.00,155.00,328.00,83.00,328.00
86.00,62.00,158.00,62.00,158.00,329.00,86.00,329.00
90.00,63.00,161.00,63.00,161.00,327.00,90.00,327.00
92.00,64.00,164.00,64.00,164.00,330.00,92.00,330.00
96.00,64.00,166.00,64.00,166.00,331.00,96.00,331.00
99.00,63.00,170.00,63.00,170.00,329.00,99.00,329.00
102.00,62.00,172.00,62.00,172.00,329.00,102.00,329.00
105.00,64.00,175.00,64.00,175.00,329.00,105.00,329.00
108.00,67.00,178.00,67.00,178.00,331.00,108.00,331.00
111.00,65.00,181.00,65.00,181.00,329.00,111.00,329.00
114.00,67.00,183.00,67.00,183.00,331.00,114.00,331.00
117.00,68.00,187.00,68.00,187.00,330.00,117.00,330.00
119.00,70.00,189.00,70.00,189.00,329.00,119.00,329.00
123.00,69.00,192.00,69.00,192.00,331.00,123.00,331.00
125.00,70.00,193.00,70.00,193.00,331.00,125.00,331.00
128.00,69.00,196.00,69.00,196.00,332.00,128.00,332.00
131.00,70.00,198.00,70.00,198.00,333.00,131.00,333.00
133.00,67.00,201.00,67.00,201.00,331.00,133.00,331.00
136.00,68.00,204.00,68.00,204.00,333.00,136.00,333.00
139.00,68.00,206.00,68.00,206.00,331.00,139.00,331.00
141.00,69.00,209.00,69.00,209.00,334.00,141.00,334.00
143.00,68.00,210.00,68.00,210.00,329.00,143.00,329.00
145.00,68.00,213.00,68.00,213.00,327.00,145.00,327.00
148.00,70.00,215.00,70.00,215.00,326.00,148.00,326.00
150.00,69.00,217.00,69.00,217.00,326.00,150.00,326.00
153.00,71.00,220.00,71.00,220.00,323.00,153.00,323.00
155.00,69.00,222.00,69.00,222.00,325.00,155.00,325.00
158.00,71.00,223.00,71.00,223.00,324.00,158.00,324.00
160.00,67.00,227.00,67.00,227.00,324.00,160.00,324.00
163.00,73.00,229.00,73.00,229.00,322.00,163.00,322.00
165.00,72.00,231.00,72.00,231.00,320.00,165.00,320.00
168.00,72.00,233.00,72.00,233.00,319.00,168.00,319.00
170.00,66.00,237.00,66.00,237.00,316.00,170.00,316.00
172.00,65.00,238.00,65.00,238.00,317.00,172.00,317.00
175.00,63.00,242.00,63.00,242.00,314.00,175.00,314.00
175.00,68.00,241.00,68.00,241.00,319.00,175.00,319.00
177.00,64.00,245.00,64.00,245.00,318.00,177.00,318.00
179.00,63.00,246.00,63.00,246.00,316.00,179.00,316.00
182.00,62.00,249.00,62.00,249.00,314.00,182.00,314.00
185.00,60.00,250.00,60.00,250.00,312.00,185.00,312.00
185.00,67.00,250.00,67.00,250.00,316.00,185.00,316.00
188.00,60.00,253.00,60.00,253.00,313.00,188.00,313.00
190.00,65.00,254.00,65.00,254.00,313.00,190.00,313.00
192.00,64.00,255.00,64.00,255.00,311.00,192.00,311.00
193.00,61.00,258.00,61.00,258.00,311.00,193.00,311.00
194.00,64.00,259.00,64.00,259.00,313.00,194.00,313.00
195.00,62.00,261.00,62.00,261.00,314.00,195.00,314.00
199.00,58.00,266.00,58.00,266.00,314.00,199.00,314.00
199.00,61.00,266.00,61.00,266.00,315.00,199.00,315.00
203.00,64.00,268.00,64.00,268.00,316.00,203.00,316.00
205.00,61.00,270.00,61.00,270.00,310.00,205.00,310.00
207.00,63.00,272.00,63.00,272.00,312.00,207.00,312.00
210.00,65.00,276.00,65.00,276.00,312.00,210.00,312.00
210.00,62.00,274.00,62.00,274.00,309.00,210.00,309.00
212.00,62.00,276.00,62.00,276.00,311.00,212.00,311.00
215.00,64.00,278.00,64.00,278.00,308.00,215.00,308.00
215.00,66.00,278.00,66.00,278.00,308.00,215.00,308.00
216.00,68.00,278.00,68.00,278.00,310.00,216.00,310.00
218.00,65.00,280.00,65.00,280.00,310.00,218.00,310.00
221.00,65.00,282.00,65.00,282.00,307.00,221.00,307.00
223.00,68.00,283.00,68.00,283.00,310.00,223.00,310.00
223.00,66.00,283.00,66.00,283.00,307.00,223.00,307.00
225.00,66.00,286.00,66.00,286.00,307.00,225.00,307.00
224.00,70.00,284.00,70.00,284.00,307.00,224.00,307.00
228.00,65.00,288.00,65.00,288.00,301.00,228.00,301.00
226.00,63.00,287.00,63.00,287.00,303.00,226.00,303.00
229.00,68.00,289.00,68.00,289.00,306.00,229.00,306.00
230.00,66.00,290.00,66.00,290.00,307.00,230.00,307.00
230.00,71.00,291.00,71.00,291.00,313.00,230.00,313.00
230.00,65.00,291.00,65.00,291.00,309.00,230.00,309.00
232.00,62.00,294.00,62.00,294.00,308.00,232.00,308.00
231.00,64.00,292.00,64.00,292.00,312.00,231.00,312.00
233.00,65.00,304.00,65.00,304.00,330.00,233.00,330.00
235.00,64.00,296.00,64.00,296.00,312.00,235.00,312.00
235.00,61.00,297.00,61.00,297.00,310.00,235.00,310.00
239.00,65.00,300.00,65.00,300.00,309.00,239.00,309.00
239.00,63.00,299.00,63.00,299.00,309.00,239.00,309.00
240.00,63.00,299.00,63.00,299.00,308.00,240.00,308.00
240.00,66.00,298.00,66.00,298.00,308.00,240.00,308.00
243.00,62.00,301.00,62.00,301.00,304.00,243.00,304.00
244.00,66.00,301.00,66.00,301.00,302.00,244.00,302.00
245.00,73.00,301.00,73.00,301.00,309.00,245.00,309.00
247.00,77.00,303.00,77.00,303.00,311.00,247.00,311.00
248.00,68.00,305.00,68.00,305.00,304.00,248.00,304.00
248.00,72.00,304.00,72.00,304.00,307.00,248.00,307.00
250.00,72.00,304.00,72.00,304.00,302.00,250.00,302.00
251.00,76.00,306.00,76.00,306.00,306.00,251.00,306.00
253.00,79.00,307.00,79.00,307.00,305.00,253.00,305.00
253.00,72.00,307.00,72.00,307.00,299.00,253.00,299.00
256.00,75.00,309.00,75.00,309.00,300.00,256.00,300.00
257.00,78.00,310.00,78.00,310.00,302.00,257.00,302.00
258.00,78.00,311.00,78.00,311.00,298.00,258.00,298.00
258.00,75.00,311.00,75.00,311.00,297.00,258.00,297.00
259.00,75.00,312.00,75.00,312.00,299.00,259.00,299.00
260.00,71.00,313.00,71.00,313.00,296.00,260.00,296.00
263.00,73.00,316.00,73.00,316.00,295.00,263.00,295.00
264.00,74.00,316.00,74.00,316.00,297.00,264.00,297.00
262.00,75.00,315.00,75.00,315.00,299.00,262.00,299.00
266.00,74.00,318.00,74.00,318.00,296.00,266.00,296.00
266.00,73.00,319.00,73.00,319.00,294.00,266.00,294.00
265.00,72.00,319.00,72.00,319.00,296.00,265.00,296.00
268.00,72.00,321.00,72.00,321.00,294.00,268.00,294.00
268.00,76.00,322.00,76.00,322.00,298.00,268.00,298.00
269.00,75.00,323.00,75.00,323.00,296.00,269.00,296.00
270.00,73.00,325.00,73.00,325.00,297.00,270.00,297.00
270.00,74.00,325.00,74.00,325.00,301.00,270.00,301.00
272.00,74.00,328.00,74.00,328.00,302.00,272.00,302.00
269.00,72.00,325.00,72.00,325.00,300.00,269.00,300.00
271.00,72.00,327.00,72.00,327.00,299.00,271.00,299.00
274.00,72.00,329.00,72.00,329.00,298.00,274.00,298.00
273.00,68.00,329.00,68.00,329.00,294.00,273.00,294.00
272.00,68.00,327.00,68.00,327.00,290.00,272.00,290.00
272.00,77.00,327.00,77.00,327.00,299.00,272.00,299.00
274.00,68.00,328.00,68.00,328.00,289.00,274.00,289.00
274.00,71.00,329.00,71.00,329.00,293.00,274.00,293.00
272.00,68.00,328.00,68.00,328.00,290.00,272.00,290.00
274.00,63.00,331.00,63.00,331.00,288.00,274.00,288.00
274.00,70.00,330.00,70.00,330.00,293.00,274.00,293.00
272.00,68.00,329.00,68.00,329.00,291.00,272.00,291.00
275.00,67.00,331.00,67.00,331.00,288.00,275.00,288.00
275.00,72.00,331.00,72.00,331.00,292.00,275.00,292.00
275.00,63.00,331.00,63.00,331.00,282.00,275.00,282.00
272.00,62.00,329.00,62.00,329.00,285.00,272.00,285.00
273.00,60.00,331.00,60.00,331.00,285.00,273.00,285.00
277.00,57.00,333.00,57.00,333.00,280.00,277.00,280.00
273.00,62.00,331.00,62.00,331.00,286.00,273.00,286.00
278.00,53.00,335.00,53.00,335.00,276.00,278.00,276.00
277.00,62.00,333.00,62.00,333.00,281.00,277.00,281.00
276.00,62.00,332.00,62.00,332.00,277.00,276.00,277.00
279.00,57.00,335.00,57.00,335.00,274.00,279.00,274.00
281.00,65.00,336.00,65.00,336.00,277.00,281.00,277.00
281.00,56.00,338.00,56.00,338.00,269.00,281.00,269.00
283.00,53.00,340.00,53.00,340.00,265.00,283.00,265.00
282.00,61.00,337.00,61.00,337.00,270.00,282.00,270.00
286.00,61.00,341.00,61.00,341.00,269.00,286.00,269.00
286.00,60.00,342.00,60.00,342.00,269.00,286.00,269.00
288.00,57.00,343.00,57.00,343.00,266.00,288.00,266.00
288.00,60.00,343.00,60.00,343.00,268.00,288.00,268.00
290.00,61.00,344.00,61.00,344.00,267.00,290.00,267.00
292.00,63.00,345.00,63.00,345.00,267.00,292.00,267.00
294.00,65.00,347.00,65.00,347.00,266.00,294.00,266.00
295.00,64.00,347.00,64.00,347.00,262.00,295.00,262.00
295.00,69.00,347.00,69.00,347.00,267.00,295.00,267.00
298.00,69.00,350.00,69.00,350.00,267.00,298.00,267.00
301.00,70.00,351.00,70.00,351.00,262.00,301.00,262.00
301.00,74.00,351.00,74.00,351.00,269.00,301.00,269.00
302.00,69.00,352.00,69.00,352.00,264.00,302.00,264.00
303.00,70.00,353.00,70.00,353.00,262.00,303.00,262.00
304.00,74.00,354.00,74.00,354.00,265.00,304.00,265.00
303.00,72.00,354.00,72.00,354.00,264.00,303.00,264.00
304.00,77.00,355.00,77.00,355.00,267.00,304.00,267.00
307.00,74.00,359.00,74.00,359.00,266.00,307.00,266.00
306.00,71.00,358.00,71.00,358.00,262.00,306.00,262.00
306.00,75.00,357.00,75.00,357.00,261.00,306.00,261.00
308.00,75.00,358.00,75.00,358.00,261.00,308.00,261.00
307.00,72.00,357.00,72.00,357.00,260.00,307.00,260.00
306.00,75.00,357.00,75.00,357.00,263.00,306.00,263.00
307.00,77.00,357.00,77.00,357.00,266.00,307.00,266.00
309.00,75.00,358.00,75.00,358.00,259.00,309.00,259.00
308.00,78.00,358.00,78.00,358.00,264.00,308.00,264.00
308.00,73.00,358.00,73.00,358.00,259.00,308.00,259.00
311.00,76.00,359.00,76.00,359.00,259.00,311.00,259.00
310.00,77.00,360.00,77.00,360.00,259.00,310.00,259.00
312.00,79.00,360.00,79.00,360.00,262.00,312.00,262.00
313.00,76.00,360.00,76.00,360.00,254.00,313.00,254.00
312.00,77.00,359.00,77.00,359.00,257.00,312.00,257.00
313.00,81.00,360.00,81.00,360.00,257.00,313.00,257.00
313.00,78.00,359.00,78.00,359.00,255.00,313.00,255.00
315.00,79.00,361.00,79.00,361.00,255.00,315.00,255.00
315.00,81.00,362.00,81.00,362.00,258.00,315.00,258.00
316.00,77.00,362.00,77.00,362.00,252.00,316.00,252.00
316.00,80.00,362.00,80.00,362.00,255.00,316.00,255.00
317.00,81.00,363.00,81.00,363.00,256.00,317.00,256.00
318.00,79.00,365.00,79.00,365.00,251.00,318.00,251.00
317.00,80.00,364.00,80.00,364.00,254.00,317.00,254.00
318.00,84.00,365.00,84.00,365.00,256.00,318.00,256.00
319.00,81.00,365.00,81.00,365.00,253.00,319.00,253.00
319.00,77.00,366.00,77.00,366.00,248.00,319.00,248.00
320.00,81.00,366.00,81.00,366.00,249.00,320.00,249.00
321.00,82.00,368.00,82.00,368.00,248.00,321.00,248.00
322.00,81.00,369.00,81.00,369.00,250.00,322.00,250.00
323.00,80.00,369.00,80.00,369.00,249.00,323.00,249.00
322.00,78.00,368.00,78.00,368.00,249.00,322.00,249.00
323.00,79.00,368.00,79.00,368.00,248.00,323.00,248.00
325.00,79.00,371.00,79.00,371.00,245.00,325.00,245.00
324.00,81.00,370.00,81.00,370.00,248.00,324.00,248.00
324.00,86.00,370.00,86.00,370.00,253.00,324.00,253.00
325.00,81.00,371.00,81.00,371.00,245.00,325.00,245.00
326.00,86.00,371.00,86.00,371.00,247.00,326.00,247.00
329.00,83.00,374.00,83.00,374.00,249.00,329.00,249.00
327.00,83.00,372.00,83.00,372.00,245.00,327.00,245.00
328.00,84.00,373.00,84.00,373.00,245.00,328.00,245.00
328.00,85.00,373.00,85.00,373.00,247.00,328.00,247.00
330.00,85.00,374.00,85.00,374.00,243.00,330.00,243.00
330.00,91.00,375.00,91.00,375.00,249.00,330.00,249.00
330.00,89.00,374.00,89.00,374.00,244.00,330.00,244.00
331.00,89.00,376.00,89.00,376.00,242.00,331.00,242.00
331.00,86.00,376.00,86.00,376.00,238.00,331.00,238.00
332.00,89.00,376.00,89.00,376.00,242.00,332.00,242.00
332.00,89.00,377.00,89.00,377.00,242.00,332.00,242.00
333.00,86.00,378.00,86.00,378.00,238.00,333.00,238.00
333.00,89.00,378.00,89.00,378.00,239.00,333.00,239.00
334.00,91.00,378.00,91.00,378.00,242.00,334.00,242.00
335.00,91.00,379.00,91.00,379.00,242.00,335.00,242.00
335.00,84.00,379.00,84.00,379.00,238.00,335.00,238.00
335.00,88.00,378.00,88.00,378.00,242.00,335.00,242.00
334.00,84.00,378.00,84.00,378.00,237.00,334.00,237.00
335.00,89.00,378.00,89.00,378.00,243.00,335.00,243.00
336.00,83.00,379.00,83.00,379.00,239.00,336.00,239.00
335.00,88.00,378.00,88.00,378.00,241.00,335.00,241.00
336.00,87.00,379.00,87.00,379.00,241.00,336.00,241.00
336.00,84.00,379.00,84.00,379.00,239.00,336.00,239.00
337.00,85.00,380.00,85.00,380.00,238.00,337.00,238.00
337.00,91.00,379.00,91.00,379.00,241.00,337.00,241.00
338.00,91.00,380.00,91.00,380.00,240.00,338.00,240.00
338.00,85.00,380.00,85.00,380.00,233.00,338.00,233.00
338.00,86.00,380.00,86.00,380.00,234.00,338.00,234.00
338.00,86.00,380.00,86.00,380.00,235.00,338.00,235.00
338.00,87.00,381.00,87.00,381.00,237.00,338.00,237.00
338.00,87.00,380.00,87.00,380.00,237.00,338.00,237.00
339.00,92.00,380.00,92.00,380.00,241.00,339.00,241.00
338.00,90.00,381.00,90.00,381.00,238.00,338.00,238.00
339.00,87.00,381.00,87.00,381.00,237.00,339.00,237.00
338.00,90.00,379.00,90.00,379.00,238.00,338.00,238.00
339.00,86.00,380.00,86.00,380.00,233.00,339.00,233.00
339.00,91.00,379.00,91.00,379.00,237.00,339.00,237.00
340.00,87.00,380.00,87.00,380.00,232.00,340.00,232.00
340.00,92.00,379.00,92.00,379.00,234.00,340.00,234.00
342.00,92.00,381.00,92.00,381.00,232.00,342.00,232.00
341.00,94.00,380.00,94.00,380.00,234.00,341.00,234.00
341.00,94.00,380.00,94.00,380.00,231.00,341.00,231.00
341.00,96.00,380.00,96.00,380.00,232.00,341.00,232.00
342.00,94.00,381.00,94.00,381.00,228.00,342.00,228.00
341.00,96.00,380.00,96.00,380.00,227.00,341.00,227.00
341.00,97.00,380.00,97.00,380.00,228.00,341.00,228.00
342.00,97.00,380.00,97.00,380.00,227.00,342.00,227.00
341.00,95.00,378.00,95.00,378.00,226.00,341.00,226.00
342.00,94.00,379.00,94.00,379.00,224.00,342.00,224.00
342.00,96.00,378.00,96.00,378.00,226.00,342.00,226.00
342.00,95.00,379.00,95.00,379.00,226.00,342.00,226.00
342.00,96.00,379.00,96.00,379.00,227.00,342.00,227.00
342.00,95.00,379.00,95.00,379.00,226.00,342.00,226.00
341.00,97.00,379.00,97.00,379.00,229.00,341.00,229.00
341.00,93.00,378.00,93.00,378.00,225.00,341.00,225.00
341.00,93.00,379.00,93.00,379.00,226.00,341.00,226.00
342.00,95.00,379.00,95.00,379.00,228.00,342.00,228.00
341.00,96.00,379.00,96.00,379.00,228.00,341.00,228.00
341.00,96.00,379.00,96.00,379.00,231.00,341.00,231.00
342.00,95.00,380.00,95.00,380.00,228.00,342.00,228.00
341.00,96.00,379.00,96.00,379.00,228.00,341.00,228.00
340.00,95.00,379.00,95.00,379.00,229.00,340.00,229.00
340.00,95.00,379.00,95.00,379.00,226.00,340.00,226.00
341.00,92.00,380.00,92.00,380.00,223.00,341.00,223.00
340.00,96.00,378.00,96.00,378.00,227.00,340.00,227.00
341.00,95.00,379.00,95.00,379.00,225.00,341.00,225.00
341.00,96.00,379.00,96.00,379.00,224.00,341.00,224.00
340.00,94.00,378.00,94.00,378.00,224.00,340.00,224.00
341.00,96.00,379.00,96.00,379.00,224.00,341.00,224.00
341.00,98.00,378.00,98.00,378.00,223.00,341.00,223.00
342.00,96.00,379.00,96.00,379.00,224.00,342.00,224.00
342.00,99.00,379.00,99.00,379.00,224.00,342.00,224.00
342.00,98.00,379.00,98.00,379.00,224.00,342.00,224.00
343.00,93.00,380.00,93.00,380.00,222.00,343.00,222.00
343.00,94.00,381.00,94.00,381.00,222.00,343.00,222.00
341.00,98.00,379.00,98.00,379.00,220.00,341.00,220.00
343.00,101.00,380.00,101.00,380.00,222.00,343.00,222.00
343.00,100.00,379.00,100.00,379.00,224.00,343.00,224.00
344.00,98.00,380.00,98.00,380.00,222.00,344.00,222.00
344.00,99.00,379.00,99.00,379.00,221.00,344.00,221.00
344.00,104.00,380.00,104.00,380.00,228.00,344.00,228.00
344.00,100.00,380.00,100.00,380.00,224.00,344.00,224.00
343.00,102.00,379.00,102.00,379.00,223.00,343.00,223.00
344.00,103.00,379.00,103.00,379.00,222.00,344.00,222.00
344.00,103.00,379.00,103.00,379.00,221.00,344.00,221.00
344.00,103.00,379.00,103.00,379.00,221.00,344.00,221.00
346.00,103.00,381.00,103.00,381.00,222.00,346.00,222.00
345.00,103.00,380.00,103.00,380.00,221.00,345.00,221.00
344.00,101.00,379.00,101.00,379.00,219.00,344.00,219.00
345.00,101.00,380.00,101.00,380.00,219.00,345.00,219.00
344.00,101.00,379.00,101.00,379.00,219.00,344.00,219.00
346.00,97.00,380.00,97.00,380.00,216.00,346.00,216.00
345.00,100.00,378.00,100.00,378.00,214.00,345.00,214.00
345.00,102.00,378.00,102.00,378.00,214.00,345.00,214.00
346.00,102.00,379.00,102.00,379.00,214.00,346.00,214.00
348.00,101.00,380.00,101.00,380.00,213.00,348.00,213.00
348.00,103.00,380.00,103.00,380.00,214.00,348.00,214.00
347.00,103.00,379.00,103.00,379.00,215.00,347.00,215.00
347.00,105.00,379.00,105.00,379.00,214.00,347.00,214.00
348.00,104.00,380.00,104.00,380.00,214.00,348.00,214.00
348.00,103.00,379.00,103.00,379.00,210.00,348.00,210.00
348.00,106.00,379.00,106.00,379.00,214.00,348.00,214.00
348.00,107.00,379.00,107.00,379.00,214.00,348.00,214.00
349.00,106.00,380.00,106.00,380.00,215.00,349.00,215.00
349.00,102.00,380.00,102.00,380.00,211.00,349.00,211.00
349.00,107.00,379.00,107.00,379.00,214.00,349.00,214.00
349.00,108.00,379.00,108.00,379.00,214.00,349.00,214.00
349.00,109.00,379.00,109.00,379.00,214.00,349.00,214.00
350.00,108.00,380.00,108.00,380.00,212.00,350.00,212.00
350.00,108.00,379.00,108.00,379.00,209.00,350.00,209.00
350.00,109.00,379.00,109.00,379.00,209.00,350.00,209.00
350.00,109.00,380.00,109.00,380.00,208.00,350.00,208.00
349.00,107.00,379.00,107.00,379.00,209.00,349.00,209.00
349.00,109.00,378.00,109.00,378.00,208.00,349.00,208.00
349.00,109.00,378.00,109.00,378.00,207.00,349.00,207.00
350.00,110.00,379.00,110.00,379.00,209.00,350.00,209.00
350.00,108.00,379.00,108.00,379.00,208.00,350.00,208.00
350.00,112.00,379.00,112.00,379.00,211.00,350.00,211.00
350.00,110.00,379.00,110.00,379.00,210.00,350.00,210.00
350.00,109.00,379.00,109.00,379.00,209.00,350.00,209.00
349.00,108.00,378.00,108.00,378.00,207.00,349.00,207.00
349.00,110.00,378.00,110.00,378.00,209.00,349.00,209.00
349.00,109.00,378.00,109.00,378.00,209.00,349.00,209.00
349.00,111.00,377.00,111.00,377.00,209.00,349.00,209.00
348.00,110.00,377.00,110.00,377.00,209.00,348.00,209.00
348.00,111.00,376.00,111.00,376.00,208.00,348.00,208.00
348.00,110.00,376.00,110.00,376.00,206.00,348.00,206.00
349.00,111.00,376.00,111.00,376.00,206.00,349.00,206.00
348.00,111.00,375.00,111.00,375.00,205.00,348.00,205.00
349.00,112.00,377.00,112.00,377.00,207.00,349.00,207.00
349.00,115.00,376.00,115.00,376.00,206.00,349.00,206.00
348.00,115.00,375.00,115.00,375.00,206.00,348.00,206.00
349.00,112.00,376.00,112.00,376.00,204.00,349.00,204.00
348.00,112.00,375.00,112.00,375.00,203.00,348.00,203.00
349.00,113.00,376.00,113.00,376.00,205.00,349.00,205.00
348.00,112.00,375.00,112.00,375.00,204.00,348.00,204.00
348.00,112.00,375.00,112.00,375.00,202.00,348.00,202.00
348.00,113.00,375.00,113.00,375.00,202.00,348.00,202.00
348.00,114.00,375.00,114.00,375.00,203.00,348.00,203.00
349.00,116.00,376.00,116.00,376.00,203.00,349.00,203.00
348.00,114.00,375.00,114.00,375.00,202.00,348.00,202.00
348.00,114.00,375.00,114.00,375.00,202.00,348.00,202.00
348.00,113.00,375.00,113.00,375.00,201.00,348.00,201.00
348.00,115.00,375.00,115.00,375.00,202.00,348.00,202.00
348.00,114.00,374.00,114.00,374.00,201.00,348.00,201.00
348.00,116.00,375.00,116.00,375.00,203.00,348.00,203.00
349.00,115.00,375.00,115.00,375.00,201.00,349.00,201.00
349.00,116.00,375.00,116.00,375.00,201.00,349.00,201.00
349.00,116.00,375.00,116.00,375.00,200.00,349.00,200.00
349.00,118.00,375.00,118.00,375.00,201.00,349.00,201.00
348.00,118.00,374.00,118.00,374.00,200.00,348.00,200.00
349.00,118.00,375.00,118.00,375.00,201.00,349.00,201.00
349.00,119.00,375.00,119.00,375.00,202.00,349.00,202.00
349.00,120.00,375.00,120.00,375.00,201.00,349.00,201.00
349.00,120.00,375.00,120.00,375.00,201.00,349.00,201.00
