1
64.00,56.00,140.00,56.00,140.00,335.00,64.00,335.00
67.00,56.00,143.00,56.00,143.00,330.00,67.00,330.00
70.00,56.00,146.00,56.00,146.00,331.00,70.00,331.00
73.00,55.00,148.00,55.00,148.00,330.00,73.00,330.00
77.00,59.00,151.00,59.00,151.00,329.00,77.00,329.00
80.00,58.00,155.00,58.00,155.00,328.00,80.00,328.00
83.00,58.00,156.00,58.00,156.00,327.00,83.00,327.00
86.00,59.00,159.00,59.00,159.00,325.00,86.00,325.00
90.00,59.00,163.00,59.00,163.00,326.00,90.00,326.00
92.00,59.00,166.00,59.00,166.00,326.00,92.00,326.00
96.00,60.00,168.00,60.00,168.00,325.00,96.00,325.00
99.00,60.00,171.00,60.00,171.00,326.00,99.00,326.00
102.00,59.00,174.00,59.00,174.00,324.00,102.00,324.00
105.00,62.00,176.00,62.00,176.00,325.00,105.00,325.00
108.00,62.00,179.00,62.00,179.00,325.00,108.00,325.00
111.00,61.00,181.00,61.00,181.00,325.00,111.00,325.00
114.00,62.00,184.00,62.00,184.00,322.00,114.00,322.00
116.00,61.00,187.00,61.00,187.00,321.00,116.00,321.00
119.00,64.00,190.00,64.00,190.00,323.00,119.00,323.00
123.00,64.00,192.00,64.00,192.00,323.00,123.00,323.00
125.00,61.00,194.00,61.00,194.00,321.00,125.00,321.00
128.00,63.00,197.00,63.00,197.00,324.00,128.00,324.00
130.00,62.00,199.00,62.00,199.00,323.00,130.00,323.00
133.00,60.00,201.00,60.00,201.00,323.00,133.00,323.00
136.00,61.00,205.00,61.00,205.00,322.00,136.00,322.00
138.00,59.00,207.00,59.00,207.00,321.00,138.00,321.00
140.00,59.00,209.00,59.00,209.00,321.00,140.00,321.00
143.00,60.00,212.00,60.00,212.00,321.00,143.00,321.00
145.00,64.00,212.00,64.00,212.00,322.00,145.00,322.00
149.00,64.00,217.00,64.00,217.00,319.00,149.00,319.00
151.00,65.00,218.00,65.00,218.00,321.00,151.00,321.00
154.00,68.00,220.00,68.00,220.00,321.00,154.00,321.00
156.00,65.00,221.00,65.00,221.00,317.00,156.00,317.00
159.00,65.00,225.00,65.00,225.00,315.00,159.00,315.00
161.00,67.00,226.00,67.00,226.00,315.00,161.00,315.00
164.00,69.00,229.00,69.00,229.00,314.00,164.00,314.00
167.00,68.00,231.00,68.00,231.00,313.00,167.00,313.00
169.00,68.00,233.00,68.00,233.00,311.00,169.00,311.00
171.00,72.00,235.00,72.00,235.00,311.00,171.00,311.00
173.00,70.00,237.00,70.00,237.00,313.00,173.00,313.00
176.00,70.00,238.00,70.00,238.00,313.00,176.00,313.00
178.00,67.00,242.00,67.00,242.00,308.00,178.00,308.00
180.00,69.00,244.00,69.00,244.00,307.00,180.00,307.00
182.00,68.00,246.00,68.00,246.00,307.00,182.00,307.00
184.00,69.00,249.00,69.00,249.00,308.00,184.00,308.00
185.00,69.00,249.00,69.00,249.00,311.00,185.00,311.00
187.00,67.00,251.00,67.00,251.00,310.00,187.00,310.00
189.00,67.00,253.00,67.00,253.00,308.00,189.00,308.00
191.00,68.00,255.00,68.00,255.00,308.00,191.00,308.00
194.00,67.00,257.00,67.00,257.00,306.00,194.00,306.00
195.00,67.00,258.00,67.00,258.00,305.00,195.00,305.00
197.00,69.00,260.00,69.00,260.00,305.00,197.00,305.00
199.00,70.00,261.00,70.00,261.00,301.00,199.00,301.00
201.00,71.00,263.00,71.00,263.00,299.00,201.00,299.00
203.00,70.00,264.00,70.00,264.00,297.00,203.00,297.00
205.00,71.00,265.00,71.00,265.00,298.00,205.00,298.00
208.00,72.00,269.00,72.00,269.00,300.00,208.00,300.00
210.00,72.00,270.00,72.00,270.00,300.00,210.00,300.00
212.00,71.00,272.00,71.00,272.00,296.00,212.00,296.00
213.00,72.00,273.00,72.00,273.00,298.00,213.00,298.00
215.00,75.00,276.00,75.00,276.00,298.00,215.00,298.00
216.00,74.00,275.00,74.00,275.00,296.00,216.00,296.00
217.00,74.00,276.00,74.00,276.00,294.00,217.00,294.00
220.00,77.00,277.00,77.00,277.00,294.00,220.00,294.00
221.00,79.00,279.00,79.00,279.00,298.00,221.00,298.00
222.00,77.00,280.00,77.00,280.00,292.00,222.00,292.00
226.00,82.00,284.00,82.00,284.00,300.00,226.00,300.00
226.00,75.00,284.00,75.00,284.00,294.00,226.00,294.00
228.00,77.00,286.00,77.00,286.00,296.00,228.00,296.00
228.00,79.00,285.00,79.00,285.00,291.00,228.00,291.00
230.00,78.00,287.00,78.00,287.00,293.00,230.00,293.00
230.00,80.00,287.00,80.00,287.00,292.00,230.00,292.00
231.00,80.00,288.00,80.00,288.00,292.00,231.00,292.00
232.00,78.00,289.00,78.00,289.00,288.00,232.00,288.00
235.00,84.00,291.00,84.00,291.00,292.00,235.00,292.00
233.00,83.00,291.00,83.00,291.00,291.00,233.00,291.00
234.00,75.00,298.00,75.00,298.00,292.00,234.00,292.00
238.00,83.00,294.00,83.00,294.00,288.00,238.00,288.00
239.00,82.00,296.00,82.00,296.00,291.00,239.00,291.00
240.00,79.00,296.00,79.00,296.00,283.00,240.00,283.00
241.00,84.00,297.00,84.00,297.00,289.00,241.00,289.00
241.00,85.00,303.00,85.00,303.00,297.00,241.00,297.00
246.00,87.00,301.00,87.00,301.00,289.00,246.00,289.00
243.00,84.00,299.00,84.00,299.00,287.00,243.00,287.00
247.00,81.00,302.00,81.00,302.00,282.00,247.00,282.00
246.00,83.00,301.00,83.00,301.00,287.00,246.00,287.00
246.00,80.00,303.00,80.00,303.00,285.00,246.00,285.00
249.00,85.00,304.00,85.00,304.00,288.00,249.00,288.00
252.00,83.00,305.00,83.00,305.00,281.00,252.00,281.00
250.00,91.00,304.00,91.00,304.00,287.00,250.00,287.00
249.00,81.00,304.00,81.00,304.00,282.00,249.00,282.00
252.00,87.00,306.00,87.00,306.00,288.00,252.00,288.00
252.00,85.00,306.00,85.00,306.00,285.00,252.00,285.00
255.00,86.00,309.00,86.00,309.00,284.00,255.00,284.00
255.00,83.00,309.00,83.00,309.00,281.00,255.00,281.00
255.00,85.00,308.00,85.00,308.00,281.00,255.00,281.00
257.00,87.00,310.00,87.00,310.00,283.00,257.00,283.00
259.00,88.00,312.00,88.00,312.00,284.00,259.00,284.00
261.00,86.00,314.00,86.00,314.00,282.00,261.00,282.00
263.00,83.00,316.00,83.00,316.00,279.00,263.00,279.00
262.00,86.00,313.00,86.00,313.00,279.00,262.00,279.00
263.00,89.00,316.00,89.00,316.00,284.00,263.00,284.00
266.00,94.00,318.00,94.00,318.00,287.00,266.00,287.00
267.00,86.00,319.00,86.00,319.00,279.00,267.00,279.00
269.00,88.00,321.00,88.00,321.00,281.00,269.00,281.00
267.00,88.00,319.00,88.00,319.00,283.00,267.00,283.00
269.00,83.00,321.00,83.00,321.00,278.00,269.00,278.00
270.00,92.00,322.00,92.00,322.00,286.00,270.00,286.00
273.00,90.00,326.00,90.00,326.00,284.00,273.00,284.00
271.00,91.00,324.00,91.00,324.00,283.00,271.00,283.00
273.00,85.00,325.00,85.00,325.00,276.00,273.00,276.00
274.00,90.00,326.00,90.00,326.00,281.00,274.00,281.00
274.00,84.00,327.00,84.00,327.00,277.00,274.00,277.00
274.00,81.00,327.00,81.00,327.00,277.00,274.00,277.00
274.00,82.00,328.00,82.00,328.00,278.00,274.00,278.00
275.00,82.00,328.00,82.00,328.00,279.00,275.00,279.00
277.00,77.00,330.00,77.00,330.00,273.00,277.00,273.00
277.00,77.00,330.00,77.00,330.00,274.00,277.00,274.00
276.00,78.00,328.00,78.00,328.00,274.00,276.00,274.00
276.00,85.00,328.00,85.00,328.00,279.00,276.00,279.00
276.00,79.00,330.00,79.00,330.00,277.00,276.00,277.00
275.00,80.00,328.00,80.00,328.00,276.00,275.00,276.00
276.00,76.00,329.00,76.00,329.00,271.00,276.00,271.00
277.00,79.00,330.00,79.00,330.00,273.00,277.00,273.00
278.00,77.00,330.00,77.00,330.00,267.00,278.00,267.00
277.00,79.00,330.00,79.00,330.00,270.00,277.00,270.00
276.00,79.00,330.00,79.00,330.00,271.00,276.00,271.00
276.00,79.00,330.00,79.00,330.00,271.00,276.00,271.00
279.00,78.00,331.00,78.00,331.00,269.00,279.00,269.00
280.00,75.00,331.00,75.00,331.00,264.00,280.00,264.00
281.00,73.00,332.00,73.00,332.00,262.00,281.00,262.00
280.00,76.00,333.00,76.00,333.00,264.00,280.00,264.00
280.00,73.00,332.00,73.00,332.00,261.00,280.00,261.00
283.00,80.00,335.00,80.00,335.00,264.00,283.00,264.00
284.00,77.00,335.00,77.00,335.00,259.00,284.00,259.00
283.00,82.00,336.00,82.00,336.00,263.00,283.00,263.00
286.00,75.00,338.00,75.00,338.00,258.00,286.00,258.00
288.00,76.00,339.00,76.00,339.00,257.00,288.00,257.00
286.00,79.00,338.00,79.00,338.00,256.00,286.00,256.00
289.00,79.00,338.00,79.00,338.00,257.00,289.00,257.00
290.00,81.00,340.00,81.00,340.00,258.00,290.00,258.00
290.00,78.00,341.00,78.00,341.00,257.00,290.00,257.00
290.00,77.00,341.00,77.00,341.00,257.00,290.00,257.00
291.00,79.00,342.00,79.00,342.00,257.00,291.00,257.00
294.00,81.00,343.00,81.00,343.00,256.00,294.00,256.00
295.00,82.00,344.00,82.00,344.00,254.00,295.00,254.00
297.00,83.00,346.00,83.00,346.00,256.00,297.00,256.00
297.00,82.00,346.00,82.00,346.00,254.00,297.00,254.00
299.00,80.00,348.00,80.00,348.00,253.00,299.00,253.00
301.00,86.00,350.00,86.00,350.00,260.00,301.00,260.00
300.00,81.00,349.00,81.00,349.00,256.00,300.00,256.00
303.00,85.00,352.00,85.00,352.00,257.00,303.00,257.00
304.00,85.00,354.00,85.00,354.00,258.00,304.00,258.00
304.00,87.00,353.00,87.00,353.00,257.00,304.00,257.00
304.00,87.00,353.00,87.00,353.00,259.00,304.00,259.00
306.00,90.00,356.00,90.00,356.00,259.00,306.00,259.00
306.00,90.00,355.00,90.00,355.00,259.00,306.00,259.00
308.00,90.00,359.00,90.00,359.00,261.00,308.00,261.00
307.00,89.00,357.00,89.00,357.00,258.00,307.00,258.00
307.00,86.00,358.00,86.00,358.00,257.00,307.00,257.00
309.00,87.00,360.00,87.00,360.00,260.00,309.00,260.00
308.00,88.00,357.00,88.00,357.00,259.00,308.00,259.00
308.00,91.00,358.00,91.00,358.00,261.00,308.00,261.00
310.00,89.00,360.00,89.00,360.00,261.00,310.00,261.00
311.00,86.00,360.00,86.00,360.00,255.00,311.00,255.00
310.00,85.00,359.00,85.00,359.00,253.00,310.00,253.00
309.00,85.00,357.00,85.00,357.00,253.00,309.00,253.00
312.00,86.00,360.00,86.00,360.00,251.00,312.00,251.00
312.00,87.00,361.00,87.00,361.00,251.00,312.00,251.00
313.00,88.00,360.00,88.00,360.00,251.00,313.00,251.00
314.00,90.00,359.00,90.00,359.00,248.00,314.00,248.00
314.00,90.00,360.00,90.00,360.00,245.00,314.00,245.00
315.00,91.00,360.00,91.00,360.00,246.00,315.00,246.00
318.00,94.00,364.00,94.00,364.00,250.00,318.00,250.00
317.00,92.00,362.00,92.00,362.00,243.00,317.00,243.00
318.00,92.00,362.00,92.00,362.00,241.00,318.00,241.00
318.00,91.00,362.00,91.00,362.00,241.00,318.00,241.00
319.00,94.00,363.00,94.00,363.00,243.00,319.00,243.00
320.00,92.00,363.00,92.00,363.00,239.00,320.00,239.00
320.00,93.00,362.00,93.00,362.00,239.00,320.00,239.00
322.00,96.00,364.00,96.00,364.00,241.00,322.00,241.00
322.00,95.00,364.00,95.00,364.00,237.00,322.00,237.00
323.00,95.00,365.00,95.00,365.00,239.00,323.00,239.00
323.00,94.00,365.00,94.00,365.00,238.00,323.00,238.00
325.00,96.00,367.00,96.00,367.00,239.00,325.00,239.00
324.00,94.00,366.00,94.00,366.00,238.00,324.00,238.00
325.00,92.00,367.00,92.00,367.00,235.00,325.00,235.00
327.00,94.00,367.00,94.00,367.00,238.00,327.00,238.00
326.00,94.00,368.00,94.00,368.00,236.00,326.00,236.00
329.00,95.00,369.00,95.00,369.00,233.00,329.00,233.00
330.00,96.00,369.00,96.00,369.00,232.00,330.00,232.00
329.00,97.00,369.00,97.00,369.00,233.00,329.00,233.00
330.00,97.00,370.00,97.00,370.00,233.00,330.00,233.00
331.00,99.00,370.00,99.00,370.00,232.00,331.00,232.00
331.00,100.00,371.00,100.00,371.00,232.00,331.00,232.00
332.00,98.00,370.00,98.00,370.00,230.00,332.00,230.00
333.00,100.00,372.00,100.00,372.00,231.00,333.00,231.00
332.00,98.00,371.00,98.00,371.00,231.00,332.00,231.00
334.00,100.00,373.00,100.00,373.00,229.00,334.00,229.00
335.00,101.00,373.00,101.00,373.00,231.00,335.00,231.00
336.00,102.00,374.00,102.00,374.00,230.00,336.00,230.00
335.00,102.00,372.00,102.00,372.00,229.00,335.00,229.00
335.00,102.00,373.00,102.00,373.00,228.00,335.00,228.00
337.00,103.00,374.00,103.00,374.00,229.00,337.00,229.00
337.00,102.00,374.00,102.00,374.00,226.00,337.00,226.00
336.00,102.00,373.00,102.00,373.00,228.00,336.00,228.00
338.00,102.00,375.00,102.00,375.00,228.00,338.00,228.00
338.00,104.00,376.00,104.00,376.00,230.00,338.00,230.00
339.00,100.00,376.00,100.00,376.00,227.00,339.00,227.00
338.00,100.00,376.00,100.00,376.00,227.00,338.00,227.00
339.00,101.00,376.00,101.00,376.00,228.00,339.00,228.00
339.00,101.00,377.00,101.00,377.00,230.00,339.00,230.00
340.00,100.00,377.00,100.00,377.00,228.00,340.00,228.00
339.00,100.00,377.00,100.00,377.00,227.00,339.00,227.00
339.00,99.00,377.00,99.00,377.00,226.00,339.00,226.00
340.00,100.00,377.00,100.00,377.00,225.00,340.00,225.00
339.00,98.00,377.00,98.00,377.00,225.00,339.00,225.00
339.00,99.00,376.00,99.00,376.00,226.00,339.00,226.00
340.00,98.00,377.00,98.00,377.00,224.00,340.00,224.00
340.00,101.00,378.00,101.00,378.00,226.00,340.00,226.00
341.00,101.00,378.00,101.00,378.00,225.00,341.00,225.00
341.00,101.00,379.00,101.00,379.00,225.00,341.00,225.00
341.00,98.00,378.00,98.00,378.00,223.00,341.00,223.00
341.00,99.00,379.00,99.00,379.00,223.00,341.00,223.00
341.00,96.00,379.00,96.00,379.00,221.00,341.00,221.00
341.00,99.00,380.00,99.00,380.00,224.00,341.00,224.00
341.00,99.00,379.00,99.00,379.00,224.00,341.00,224.00
341.00,99.00,380.00,99.00,380.00,224.00,341.00,224.00
342.00,99.00,380.00,99.00,380.00,224.00,342.00,224.00
341.00,99.00,379.00,99.00,379.00,224.00,341.00,224.00
341.00,99.00,379.00,99.00,379.00,223.00,341.00,223.00
342.00,99.00,380.00,99.00,380.00,222.00,342.00,222.00
342.00,99.00,380.00,99.00,380.00,222.00,342.00,222.00
343.00,98.00,381.00,98.00,381.00,220.00,343.00,220.00
343.00,99.00,381.00,99.00,381.00,221.00,343.00,221.00
343.00,100.00,381.00,100.00,381.00,222.00,343.00,222.00
342.00,100.00,380.00,100.00,380.00,222.00,342.00,222.00
343.00,99.00,381.00,99.00,381.00,221.00,343.00,221.00
343.00,100.00,381.00,100.00,381.00,222.00,343.00,222.00
343.00,100.00,381.00,100.00,381.00,221.00,343.00,221.00
343.00,99.00,380.00,99.00,380.00,219.00,343.00,219.00
343.00,100.00,380.00,100.00,380.00,219.00,343.00,219.00
344.00,103.00,380.00,103.00,380.00,219.00,344.00,219.00
344.00,102.00,380.00,102.00,380.00,216.00,344.00,216.00
344.00,102.00,381.00,102.00,381.00,217.00,344.00,217.00
344.00,103.00,380.00,103.00,380.00,217.00,344.00,217.00
344.00,104.00,380.00,104.00,380.00,219.00,344.00,219.00
344.00,105.00,380.00,105.00,380.00,218.00,344.00,218.00
344.00,103.00,379.00,103.00,379.00,217.00,344.00,217.00
344.00,106.00,380.00,106.00,380.00,219.00,344.00,219.00
344.00,103.00,379.00,103.00,379.00,216.00,344.00,216.00
344.00,105.00,379.00,105.00,379.00,217.00,344.00,217.00
344.00,106.00,378.00,106.00,378.00,216.00,344.00,216.00
344.00,106.00,378.00,106.00,378.00,216.00,344.00,216.00
344.00,107.00,378.00,107.00,378.00,217.00,344.00,217.00
344.00,106.00,378.00,106.00,378.00,215.00,344.00,215.00
344.00,107.00,379.00,107.00,379.00,216.00,344.00,216.00
344.00,106.00,378.00,106.00,378.00,214.00,344.00,214.00
345.00,107.00,379.00,107.00,379.00,215.00,345.00,215.00
345.00,107.00,379.00,107.00,379.00,215.00,345.00,215.00
345.00,108.00,379.00,108.00,379.00,214.00,345.00,214.00
345.00,106.00,379.00,106.00,379.00,213.00,345.00,213.00
344.00,107.00,379.00,107.00,379.00,214.00,344.00,214.00
344.00,106.00,378.00,106.00,378.00,212.00,344.00,212.00
345.00,109.00,379.00,109.00,379.00,213.00,345.00,213.00
345.00,108.00,379.00,108.00,379.00,212.00,345.00,212.00
346.00,111.00,380.00,111.00,380.00,214.00,346.00,214.00
345.00,109.00,379.00,109.00,379.00,212.00,345.00,212.00
345.00,109.00,378.00,109.00,378.00,212.00,345.00,212.00
346.00,109.00,379.00,109.00,379.00,211.00,346.00,211.00
347.00,110.00,379.00,110.00,379.00,213.00,347.00,213.00
346.00,109.00,379.00,109.00,379.00,211.00,346.00,211.00
346.00,109.00,379.00,109.00,379.00,213.00,346.00,213.00
347.00,110.00,378.00,110.00,378.00,212.00,347.00,212.00
347.00,109.00,379.00,109.00,379.00,211.00,347.00,211.00
347.00,112.00,379.00,112.00,379.00,212.00,347.00,212.00
346.00,110.00,379.00,110.00,379.00,211.00,346.00,211.00
346.00,112.00,378.00,112.00,378.00,211.00,346.00,211.00
346.00,112.00,379.00,112.00,379.00,211.00,346.00,211.00
347.00,110.00,379.00,110.00,379.00,210.00,347.00,210.00
347.00,110.00,379.00,110.00,379.00,208.00,347.00,208.00
348.00,111.00,379.00,111.00,379.00,210.00,348.00,210.00
347.00,110.00,378.00,110.00,378.00,208.00,347.00,208.00
347.00,111.00,378.00,111.00,378.00,207.00,347.00,207.00
348.00,111.00,378.00,111.00,378.00,207.00,348.00,207.00
349.00,112.00,379.00,112.00,379.00,206.00,349.00,206.00
349.00,111.00,378.00,111.00,378.00,206.00,349.00,206.00
349.00,111.00,378.00,111.00,378.00,205.00,349.00,205.00
349.00,113.00,378.00,113.00,378.00,205.00,349.00,205.00
349.00,113.00,378.00,113.00,378.00,204.00,349.00,204.00
350.00,114.00,379.00,114.00,379.00,205.00,350.00,205.00
349.00,112.00,378.00,112.00,378.00,204.00,349.00,204.00
348.00,113.00,378.00,113.00,378.00,205.00,348.00,205.00
350.00,113.00,379.00,113.00,379.00,204.00,350.00,204.00
350.00,116.00,379.00,116.00,379.00,206.00,350.00,206.00
349.00,113.00,379.00,113.00,379.00,203.00,349.00,203.00
351.00,115.00,379.00,115.00,379.00,203.00,351.00,203.00
350.00,114.00,378.00,114.00,378.00,203.00,350.00,203.00
350.00,114.00,378.00,114.00,378.00,204.00,350.00,204.00
351.00,113.00,379.00,113.00,379.00,203.00,351.00,203.00
351.00,115.00,379.00,115.00,379.00,204.00,351.00,204.00
351.00,117.00,379.00,117.00,379.00,204.00,351.00,204.00
351.00,117.00,379.00,117.00,379.00,203.00,351.00,203.00
351.00,117.00,379.00,117.00,379.00,204.00,351.00,204.00
351.00,117.00,379.00,117.00,379.00,202.00,351.00,202.00
351.00,117.00,379.00,117.00,379.00,203.00,351.00,203.00
350.00,117.00,378.00,117.00,378.00,203.00,350.00,203.00
350.00,117.00,379.00,117.00,379.00,203.00,350.00,203.00
350.00,117.00,379.00,117.00,379.00,203.00,350.00,203.00
350.00,116.00,379.00,116.00,379.00,202.00,350.00,202.00
350.00,117.00,378.00,117.00,378.00,201.00,350.00,201.00
351.00,118.00,379.00,118.00,379.00,202.00,351.00,202.00
351.00,118.00,379.00,118.00,379.00,201.00,351.00,201.00
350.00,118.00,378.00,118.00,378.00,200.00,350.00,200.00
350.00,117.00,377.00,117.00,377.00,200.00,350.00,200.00
350.00,117.00,377.00,117.00,377.00,201.00,350.00,201.00
350.00,117.00,376.00,117.00,376.00,198.00,350.00,198.00
350.00,119.00,377.00,119.00,377.00,200.00,350.00,200.00
350.00,119.00,377.00,119.00,377.00,199.00,350.00,199.00
350.00,119.00,377.00,119.00,377.00,198.00,350.00,198.00
350.00,119.00,377.00,119.00,377.00,198.00,350.00,198.00
350.00,119.00,377.00,119.00,377.00,198.00,350.00,198.00
349.00,119.00,376.00,119.00,376.00,198.00,349.00,198.00
349.00,119.00,376.00,119.00,376.00,198.00,349.00,198.00
350.00,120.00,376.00,120.00,376.00,198.00,350.00,198.00
350.00,119.00,376.00,119.00,376.00,196.00,350.00,196.00
349.00,120.00,375.00,120.00,375.00,196.00,349.00,196.00
349.00,119.00,375.00,119.00,375.00,196.00,349.00,196.00
349.00,119.00,375.00,119.00,375.00,196.00,349.00,196.00
349.00,119.00,375.00,119.00,375.00,195.00,349.00,195.00
350.00,119.00,376.00,119.00,376.00,196.00,350.00,196.00
349.00,119.00,375.00,119.00,375.00,195.00,349.00,195.00
349.00,119.00,376.00,119.00,376.00,196.00,349.00,196.00
348.00,119.00,375.00,119.00,375.00,196.00,348.00,196.00
350.00,121.00,377.00,121.00,377.00,196.00,350.00,196.00
348.00,119.00,376.00,119.00,376.00,196.00,348.00,196.00
349.00,121.00,376.00,121.00,376.00,195.00,349.00,195.00
349.00,120.00,375.00,120.00,375.00,195.00,349.00,195.00
349.00,120.00,375.00,120.00,375.00,195.00,349.00,195.00
350.00,121.00,376.00,121.00,376.00,195.00,350.00,195.00
349.00,120.00,375.00,120.00,375.00,195.00,349.00,195.00
349.00,120.00,375.00,120.00,375.00,194.00,349.00,194.00
349.00,120.00,375.00,120.00,375.00,194.00,349.00,194.00
350.00,121.00,376.00,121.00,376.00,193.00,350.00,193.00
349.00,120.00,375.00,120.00,375.00,193.00,349.00,193.00
349.00,120.00,375.00,120.00,375.00,193.00,349.00,193.00
349.00,120.00,376.00,120.00,376.00,194.00,349.00,194.00
350.00,121.00,376.00,121.00,376.00,194.00,350.00,194.00
349.00,121.00,375.00,121.00,375.00,194.00,349.00,194.00
350.00,121.00,376.00,121.00,376.00,193.00,350.00,193.00
