1
342.00,218.00,578.00,218.00,578.00,374.00,342.00,374.00
342.00,217.00,577.00,217.00,577.00,373.00,342.00,373.00
343.00,216.00,577.00,216.00,577.00,372.00,343.00,372.00
343.00,213.00,579.00,213.00,579.00,369.00,343.00,369.00
343.00,212.00,578.00,212.00,578.00,369.00,343.00,369.00
342.00,209.00,578.00,209.00,578.00,366.00,342.00,366.00
341.00,208.00,577.00,208.00,577.00,365.00,341.00,365.00
341.00,207.00,576.00,207.00,576.00,363.00,341.00,363.00
341.00,205.00,577.00,205.00,577.00,361.00,341.00,361.00
342.00,205.00,578.00,205.00,578.00,361.00,342.00,361.00
342.00,204.00,577.00,204.00,577.00,360.00,342.00,360.00
343.00,202.00,578.00,202.00,578.00,359.00,343.00,359.00
344.00,202.00,577.00,202.00,577.00,359.00,344.00,359.00
343.00,203.00,579.00,203.00,579.00,358.00,343.00,358.00
343.00,201.00,579.00,201.00,579.00,358.00,343.00,358.00
345.00,201.00,579.00,201.00,579.00,357.00,345.00,357.00
344.00,199.00,578.00,199.00,578.00,355.00,344.00,355.00
344.00,198.00,579.00,198.00,579.00,354.00,344.00,354.00
345.00,198.00,580.00,198.00,580.00,354.00,345.00,354.00
346.00,198.00,580.00,198.00,580.00,354.00,346.00,354.00
345.00,198.00,579.00,198.00,579.00,354.00,345.00,354.00
346.00,196.00,579.00,196.00,579.00,353.00,346.00,353.00
346.00,196.00,579.00,196.00,579.00,352.00,346.00,352.00
346.00,197.00,578.00,197.00,578.00,354.00,346.00,354.00
346.00,207.00,579.00,207.00,579.00,364.00,346.00,364.00
348.00,211.00,581.00,211.00,581.00,367.00,348.00,367.00
347.00,218.00,581.00,218.00,581.00,375.00,347.00,375.00
347.00,220.00,581.00,220.00,581.00,376.00,347.00,376.00
347.00,221.00,581.00,221.00,581.00,378.00,347.00,378.00
347.00,224.00,581.00,224.00,581.00,379.00,347.00,379.00
345.00,225.00,579.00,225.00,579.00,381.00,345.00,381.00
342.00,225.00,576.00,225.00,576.00,381.00,342.00,381.00
349.00,224.00,584.00,224.00,584.00,381.00,349.00,381.00
342.00,223.00,576.00,223.00,576.00,379.00,342.00,379.00
318.00,221.00,552.00,221.00,552.00,377.00,318.00,377.00
313.00,220.00,547.00,220.00,547.00,376.00,313.00,376.00
329.00,220.00,564.00,220.00,564.00,376.00,329.00,376.00
340.00,219.00,575.00,219.00,575.00,375.00,340.00,375.00
335.00,217.00,570.00,217.00,570.00,375.00,335.00,375.00
330.00,218.00,564.00,218.00,564.00,374.00,330.00,374.00
331.00,218.00,565.00,218.00,565.00,374.00,331.00,374.00
329.00,217.00,563.00,217.00,563.00,373.00,329.00,373.00
330.00,217.00,565.00,217.00,565.00,372.00,330.00,372.00
330.00,216.00,565.00,216.00,565.00,372.00,330.00,372.00
328.00,216.00,561.00,216.00,561.00,373.00,328.00,373.00
330.00,215.00,564.00,215.00,564.00,371.00,330.00,371.00
328.00,215.00,562.00,215.00,562.00,372.00,328.00,372.00
319.00,216.00,553.00,216.00,553.00,372.00,319.00,372.00
317.00,215.00,550.00,215.00,550.00,372.00,317.00,372.00
313.00,214.00,546.00,214.00,546.00,370.00,313.00,370.00
309.00,214.00,542.00,214.00,542.00,370.00,309.00,370.00
305.00,214.00,537.00,214.00,537.00,371.00,305.00,371.00
300.00,214.00,534.00,214.00,534.00,370.00,300.00,370.00
297.00,214.00,531.00,214.00,531.00,369.00,297.00,369.00
294.00,213.00,527.00,213.00,527.00,369.00,294.00,369.00
290.00,213.00,524.00,213.00,524.00,369.00,290.00,369.00
285.00,212.00,520.00,212.00,520.00,368.00,285.00,368.00
282.00,212.00,516.00,212.00,516.00,368.00,282.00,368.00
278.00,210.00,512.00,210.00,512.00,367.00,278.00,367.00
275.00,208.00,509.00,208.00,509.00,363.00,275.00,363.00
272.00,206.00,507.00,206.00,507.00,363.00,272.00,363.00
269.00,205.00,503.00,205.00,503.00,361.00,269.00,361.00
267.00,203.00,501.00,203.00,501.00,359.00,267.00,359.00
267.00,202.00,501.00,202.00,501.00,358.00,267.00,358.00
270.00,202.00,505.00,202.00,505.00,357.00,270.00,357.00
270.00,199.00,505.00,199.00,505.00,355.00,270.00,355.00
276.00,199.00,510.00,199.00,510.00,355.00,276.00,355.00
280.00,198.00,514.00,198.00,514.00,354.00,280.00,354.00
279.00,197.00,513.00,197.00,513.00,353.00,279.00,353.00
279.00,196.00,513.00,196.00,513.00,352.00,279.00,352.00
276.00,197.00,510.00,197.00,510.00,354.00,276.00,354.00
274.00,197.00,508.00,197.00,508.00,353.00,274.00,353.00
275.00,197.00,509.00,197.00,509.00,354.00,275.00,354.00
274.00,195.00,507.00,195.00,507.00,352.00,274.00,352.00
273.00,195.00,505.00,195.00,505.00,351.00,273.00,351.00
272.00,194.00,505.00,194.00,505.00,351.00,272.00,351.00
270.00,193.00,502.00,193.00,502.00,349.00,270.00,349.00
268.00,192.00,500.00,192.00,500.00,348.00,268.00,348.00
264.00,188.00,496.00,188.00,496.00,346.00,264.00,346.00
265.00,182.00,496.00,182.00,496.00,342.00,265.00,342.00
267.00,179.00,497.00,179.00,497.00,338.00,267.00,338.00
267.00,176.00,495.00,176.00,495.00,334.00,267.00,334.00
266.00,173.00,495.00,173.00,495.00,331.00,266.00,331.00
267.00,170.00,492.00,170.00,492.00,328.00,267.00,328.00
267.00,170.00,493.00,170.00,493.00,329.00,267.00,329.00
265.00,167.00,491.00,167.00,491.00,326.00,265.00,326.00
266.00,165.00,491.00,165.00,491.00,323.00,266.00,323.00
279.00,163.00,502.00,163.00,502.00,322.00,279.00,322.00
287.00,162.00,508.00,162.00,508.00,320.00,287.00,320.00
282.00,161.00,502.00,161.00,502.00,320.00,282.00,320.00
280.00,159.00,499.00,159.00,499.00,317.00,280.00,317.00
282.00,157.00,498.00,157.00,498.00,317.00,282.00,317.00
281.00,158.00,498.00,158.00,498.00,318.00,281.00,318.00
284.00,161.00,498.00,161.00,498.00,320.00,284.00,320.00
286.00,164.00,499.00,164.00,499.00,324.00,286.00,324.00
286.00,166.00,500.00,166.00,500.00,326.00,286.00,326.00
291.00,169.00,500.00,169.00,500.00,328.00,291.00,328.00
294.00,176.00,502.00,176.00,502.00,335.00,294.00,335.00
294.00,187.00,506.00,187.00,506.00,347.00,294.00,347.00
297.00,198.00,507.00,198.00,507.00,357.00,297.00,357.00
297.00,204.00,507.00,204.00,507.00,364.00,297.00,364.00
299.00,214.00,509.00,214.00,509.00,372.00,299.00,372.00
299.00,223.00,510.00,223.00,510.00,382.00,299.00,382.00
298.00,228.00,510.00,228.00,510.00,387.00,298.00,387.00
303.00,236.00,515.00,236.00,515.00,395.00,303.00,395.00
309.00,244.00,521.00,244.00,521.00,402.00,309.00,402.00
309.00,250.00,523.00,250.00,523.00,408.00,309.00,408.00
313.00,253.00,522.00,253.00,522.00,409.00,313.00,409.00
312.00,254.00,524.00,254.00,524.00,413.00,312.00,413.00
320.00,255.00,535.00,255.00,535.00,413.00,320.00,413.00
321.00,261.00,535.00,261.00,535.00,419.00,321.00,419.00
323.00,266.00,537.00,266.00,537.00,425.00,323.00,425.00
323.00,269.00,542.00,269.00,542.00,428.00,323.00,428.00
325.00,274.00,547.00,274.00,547.00,435.00,325.00,435.00
333.00,276.00,555.00,276.00,555.00,434.00,333.00,434.00
338.00,280.00,558.00,280.00,558.00,439.00,338.00,439.00
338.00,281.00,559.00,281.00,559.00,440.00,338.00,440.00
339.00,282.00,564.00,282.00,564.00,442.00,339.00,442.00
342.00,284.00,564.00,284.00,564.00,443.00,342.00,443.00
341.00,284.00,564.00,284.00,564.00,443.00,341.00,443.00
340.00,285.00,564.00,285.00,564.00,443.00,340.00,443.00
342.00,286.00,566.00,286.00,566.00,444.00,342.00,444.00
343.00,283.00,569.00,283.00,569.00,442.00,343.00,442.00
343.00,283.00,569.00,283.00,569.00,442.00,343.00,442.00
341.00,281.00,567.00,281.00,567.00,441.00,341.00,441.00
341.00,280.00,568.00,280.00,568.00,439.00,341.00,439.00
338.00,278.00,571.00,278.00,571.00,441.00,338.00,441.00
339.00,278.00,568.00,278.00,568.00,437.00,339.00,437.00
337.00,275.00,567.00,275.00,567.00,436.00,337.00,436.00
335.00,273.00,565.00,273.00,565.00,434.00,335.00,434.00
338.00,272.00,567.00,272.00,567.00,434.00,338.00,434.00
337.00,272.00,567.00,272.00,567.00,433.00,337.00,433.00
340.00,274.00,569.00,274.00,569.00,437.00,340.00,437.00
340.00,279.00,567.00,279.00,567.00,439.00,340.00,439.00
341.00,282.00,567.00,282.00,567.00,442.00,341.00,442.00
339.00,281.00,569.00,281.00,569.00,443.00,339.00,443.00
340.00,281.00,566.00,281.00,566.00,440.00,340.00,440.00
338.00,279.00,565.00,279.00,565.00,440.00,338.00,440.00
339.00,279.00,567.00,279.00,567.00,439.00,339.00,439.00
342.00,279.00,568.00,279.00,568.00,438.00,342.00,438.00
343.00,279.00,567.00,279.00,567.00,439.00,343.00,439.00
339.00,278.00,567.00,278.00,567.00,440.00,339.00,440.00
340.00,277.00,562.00,277.00,562.00,438.00,340.00,438.00
336.00,277.00,560.00,277.00,560.00,438.00,336.00,438.00
340.00,274.00,565.00,274.00,565.00,435.00,340.00,435.00
345.00,270.00,571.00,270.00,571.00,434.00,345.00,434.00
342.00,267.00,569.00,267.00,569.00,431.00,342.00,431.00
343.00,264.00,569.00,264.00,569.00,429.00,343.00,429.00
352.00,262.00,580.00,262.00,580.00,428.00,352.00,428.00
359.00,271.00,584.00,271.00,584.00,437.00,359.00,437.00
358.00,285.00,586.00,285.00,586.00,452.00,358.00,452.00
362.00,290.00,587.00,290.00,587.00,456.00,362.00,456.00
362.00,292.00,586.00,292.00,586.00,456.00,362.00,456.00
361.00,296.00,586.00,296.00,586.00,460.00,361.00,460.00
361.00,298.00,585.00,298.00,585.00,462.00,361.00,462.00
361.00,300.00,583.00,300.00,583.00,463.00,361.00,463.00
357.00,300.00,578.00,300.00,578.00,463.00,357.00,463.00
355.00,300.00,574.00,300.00,574.00,462.00,355.00,462.00
363.00,299.00,583.00,299.00,583.00,461.00,363.00,461.00
376.00,299.00,595.00,299.00,595.00,461.00,376.00,461.00
372.00,299.00,590.00,299.00,590.00,461.00,372.00,461.00
373.00,298.00,587.00,298.00,587.00,457.00,373.00,457.00
371.00,297.00,585.00,297.00,585.00,457.00,371.00,457.00
361.00,297.00,574.00,297.00,574.00,455.00,361.00,455.00
351.00,298.00,563.00,298.00,563.00,455.00,351.00,455.00
358.00,296.00,569.00,296.00,569.00,453.00,358.00,453.00
370.00,291.00,580.00,291.00,580.00,448.00,370.00,448.00
376.00,288.00,588.00,288.00,588.00,446.00,376.00,446.00
363.00,281.00,574.00,281.00,574.00,438.00,363.00,438.00
349.00,273.00,561.00,273.00,561.00,431.00,349.00,431.00
347.00,261.00,557.00,261.00,557.00,417.00,347.00,417.00
346.00,253.00,554.00,253.00,554.00,409.00,346.00,409.00
343.00,245.00,551.00,245.00,551.00,400.00,343.00,400.00
339.00,250.00,546.00,250.00,546.00,406.00,339.00,406.00
338.00,251.00,544.00,251.00,544.00,406.00,338.00,406.00
338.00,249.00,542.00,249.00,542.00,404.00,338.00,404.00
340.00,243.00,543.00,243.00,543.00,397.00,340.00,397.00
353.00,223.00,556.00,223.00,556.00,377.00,353.00,377.00
356.00,196.00,557.00,196.00,557.00,351.00,356.00,351.00
360.00,171.00,558.00,171.00,558.00,324.00,360.00,324.00
368.00,155.00,567.00,155.00,567.00,307.00,368.00,307.00
374.00,134.00,570.00,134.00,570.00,288.00,374.00,288.00
381.00,111.00,578.00,111.00,578.00,263.00,381.00,263.00
376.00,109.00,573.00,109.00,573.00,260.00,376.00,260.00
378.00,120.00,571.00,120.00,571.00,270.00,378.00,270.00
389.00,120.00,582.00,120.00,582.00,268.00,389.00,268.00
403.00,107.00,596.00,107.00,596.00,258.00,403.00,258.00
403.00,91.00,596.00,91.00,596.00,242.00,403.00,242.00
383.00,73.00,576.00,73.00,576.00,224.00,383.00,224.00
373.00,61.00,567.00,61.00,567.00,213.00,373.00,213.00
374.00,48.00,566.00,48.00,566.00,199.00,374.00,199.00
376.00,35.00,571.00,35.00,571.00,187.00,376.00,187.00
380.00,29.00,576.00,29.00,576.00,179.00,380.00,179.00
377.00,33.00,572.00,33.00,572.00,185.00,377.00,185.00
367.00,39.00,563.00,39.00,563.00,191.00,367.00,191.00
362.00,49.00,556.00,49.00,556.00,201.00,362.00,201.00
367.00,51.00,561.00,51.00,561.00,202.00,367.00,202.00
371.00,49.00,563.00,49.00,563.00,198.00,371.00,198.00
368.00,44.00,561.00,44.00,561.00,194.00,368.00,194.00
367.00,50.00,559.00,50.00,559.00,199.00,367.00,199.00
368.00,54.00,560.00,54.00,560.00,203.00,368.00,203.00
378.00,55.00,567.00,55.00,567.00,204.00,378.00,204.00
384.00,65.00,575.00,65.00,575.00,213.00,384.00,213.00
388.00,88.00,577.00,88.00,577.00,236.00,388.00,236.00
390.00,109.00,578.00,109.00,578.00,255.00,390.00,255.00
398.00,125.00,586.00,125.00,586.00,271.00,398.00,271.00
401.00,148.00,591.00,148.00,591.00,295.00,401.00,295.00
393.00,163.00,583.00,163.00,583.00,309.00,393.00,309.00
400.00,182.00,589.00,182.00,589.00,330.00,400.00,330.00
418.00,183.00,605.00,183.00,605.00,329.00,418.00,329.00
413.00,180.00,601.00,180.00,601.00,327.00,413.00,327.00
396.00,178.00,583.00,178.00,583.00,324.00,396.00,324.00
382.00,178.00,569.00,178.00,569.00,325.00,382.00,325.00
379.00,186.00,564.00,186.00,564.00,330.00,379.00,330.00
390.00,181.00,573.00,181.00,573.00,326.00,390.00,326.00
393.00,181.00,576.00,181.00,576.00,324.00,393.00,324.00
383.00,182.00,566.00,182.00,566.00,327.00,383.00,327.00
375.00,189.00,558.00,189.00,558.00,335.00,375.00,335.00
369.00,199.00,548.00,199.00,548.00,343.00,369.00,343.00
364.00,203.00,544.00,203.00,544.00,347.00,364.00,347.00
359.00,210.00,540.00,210.00,540.00,355.00,359.00,355.00
357.00,213.00,537.00,213.00,537.00,359.00,357.00,359.00
354.00,223.00,532.00,223.00,532.00,365.00,354.00,365.00
360.00,224.00,540.00,224.00,540.00,369.00,360.00,369.00
364.00,231.00,541.00,231.00,541.00,373.00,364.00,373.00
370.00,227.00,548.00,227.00,548.00,370.00,370.00,370.00
375.00,222.00,552.00,222.00,552.00,366.00,375.00,366.00
375.00,222.00,552.00,222.00,552.00,364.00,375.00,364.00
380.00,219.00,555.00,219.00,555.00,361.00,380.00,361.00
379.00,222.00,556.00,222.00,556.00,364.00,379.00,364.00
376.00,224.00,553.00,224.00,553.00,367.00,376.00,367.00
380.00,230.00,557.00,230.00,557.00,373.00,380.00,373.00
386.00,235.00,558.00,235.00,558.00,374.00,386.00,374.00
382.00,244.00,552.00,244.00,552.00,380.00,382.00,380.00
383.00,241.00,555.00,241.00,555.00,381.00,383.00,381.00
374.00,244.00,544.00,244.00,544.00,381.00,374.00,381.00
368.00,251.00,536.00,251.00,536.00,387.00,368.00,387.00
375.00,264.00,540.00,264.00,540.00,397.00,375.00,397.00
381.00,267.00,543.00,267.00,543.00,399.00,381.00,399.00
380.00,275.00,542.00,275.00,542.00,404.00,380.00,404.00
379.00,283.00,539.00,283.00,539.00,411.00,379.00,411.00
378.00,287.00,539.00,287.00,539.00,414.00,378.00,414.00
378.00,285.00,534.00,285.00,534.00,412.00,378.00,412.00
379.00,284.00,539.00,284.00,539.00,413.00,379.00,413.00
379.00,290.00,537.00,290.00,537.00,417.00,379.00,417.00
384.00,290.00,541.00,290.00,541.00,416.00,384.00,416.00
386.00,291.00,544.00,291.00,544.00,417.00,386.00,417.00
388.00,293.00,539.00,293.00,539.00,415.00,388.00,415.00
388.00,291.00,541.00,291.00,541.00,415.00,388.00,415.00
390.00,286.00,546.00,286.00,546.00,411.00,390.00,411.00
392.00,296.00,546.00,296.00,546.00,419.00,392.00,419.00
391.00,295.00,544.00,295.00,544.00,419.00,391.00,419.00
391.00,302.00,541.00,302.00,541.00,423.00,391.00,423.00
389.00,292.00,536.00,292.00,536.00,411.00,389.00,411.00
383.00,290.00,529.00,290.00,529.00,409.00,383.00,409.00
375.00,291.00,524.00,291.00,524.00,408.00,375.00,408.00
376.00,278.00,519.00,278.00,519.00,395.00,376.00,395.00
383.00,266.00,526.00,266.00,526.00,381.00,383.00,381.00
381.00,260.00,526.00,260.00,526.00,376.00,381.00,376.00
371.00,257.00,512.00,257.00,512.00,371.00,371.00,371.00
368.00,252.00,510.00,252.00,510.00,366.00,368.00,366.00
376.00,242.00,510.00,242.00,510.00,352.00,376.00,352.00
374.00,229.00,512.00,229.00,512.00,340.00,374.00,340.00
377.00,225.00,512.00,225.00,512.00,336.00,377.00,336.00
377.00,222.00,514.00,222.00,514.00,330.00,377.00,330.00
379.00,219.00,512.00,219.00,512.00,326.00,379.00,326.00
379.00,210.00,512.00,210.00,512.00,319.00,379.00,319.00
375.00,207.00,508.00,207.00,508.00,316.00,375.00,316.00
380.00,197.00,512.00,197.00,512.00,306.00,380.00,306.00
380.00,197.00,513.00,197.00,513.00,306.00,380.00,306.00
384.00,195.00,514.00,195.00,514.00,303.00,384.00,303.00
387.00,196.00,515.00,196.00,515.00,303.00,387.00,303.00
388.00,198.00,515.00,198.00,515.00,305.00,388.00,305.00
388.00,196.00,514.00,196.00,514.00,303.00,388.00,303.00
388.00,196.00,515.00,196.00,515.00,304.00,388.00,304.00
390.00,194.00,517.00,194.00,517.00,302.00,390.00,302.00
387.00,196.00,510.00,196.00,510.00,302.00,387.00,302.00
388.00,195.00,511.00,195.00,511.00,301.00,388.00,301.00
383.00,196.00,506.00,196.00,506.00,303.00,383.00,303.00
383.00,195.00,506.00,195.00,506.00,301.00,383.00,301.00
379.00,197.00,503.00,197.00,503.00,304.00,379.00,304.00
372.00,195.00,495.00,195.00,495.00,302.00,372.00,302.00
365.00,195.00,488.00,195.00,488.00,301.00,365.00,301.00
360.00,194.00,482.00,194.00,482.00,299.00,360.00,299.00
357.00,194.00,479.00,194.00,479.00,298.00,357.00,298.00
355.00,197.00,476.00,197.00,476.00,301.00,355.00,301.00
351.00,198.00,472.00,198.00,472.00,299.00,351.00,299.00
347.00,196.00,469.00,196.00,469.00,299.00,347.00,299.00
347.00,195.00,470.00,195.00,470.00,298.00,347.00,298.00
334.00,196.00,456.00,196.00,456.00,299.00,334.00,299.00
334.00,199.00,456.00,199.00,456.00,302.00,334.00,302.00
330.00,200.00,450.00,200.00,450.00,301.00,330.00,301.00
331.00,200.00,449.00,200.00,449.00,300.00,331.00,300.00
327.00,200.00,445.00,200.00,445.00,300.00,327.00,300.00
323.00,197.00,439.00,197.00,439.00,297.00,323.00,297.00
319.00,203.00,434.00,203.00,434.00,301.00,319.00,301.00
314.00,205.00,429.00,205.00,429.00,302.00,314.00,302.00
312.00,204.00,425.00,204.00,425.00,301.00,312.00,301.00
317.00,207.00,431.00,207.00,431.00,304.00,317.00,304.00
323.00,207.00,434.00,207.00,434.00,304.00,323.00,304.00
329.00,210.00,441.00,210.00,441.00,306.00,329.00,306.00
335.00,210.00,446.00,210.00,446.00,306.00,335.00,306.00
341.00,212.00,451.00,212.00,451.00,306.00,341.00,306.00
340.00,209.00,450.00,209.00,450.00,304.00,340.00,304.00
335.00,211.00,447.00,211.00,447.00,306.00,335.00,306.00
328.00,211.00,440.00,211.00,440.00,306.00,328.00,306.00
325.00,211.00,436.00,211.00,436.00,305.00,325.00,305.00
323.00,208.00,434.00,208.00,434.00,301.00,323.00,301.00
317.00,210.00,427.00,210.00,427.00,302.00,317.00,302.00
313.00,208.00,423.00,208.00,423.00,300.00,313.00,300.00
310.00,206.00,417.00,206.00,417.00,296.00,310.00,296.00
308.00,206.00,414.00,206.00,414.00,295.00,308.00,295.00
314.00,204.00,421.00,204.00,421.00,294.00,314.00,294.00
319.00,201.00,424.00,201.00,424.00,291.00,319.00,291.00
321.00,203.00,426.00,203.00,426.00,290.00,321.00,290.00
320.00,200.00,426.00,200.00,426.00,288.00,320.00,288.00
322.00,199.00,427.00,199.00,427.00,287.00,322.00,287.00
327.00,196.00,430.00,196.00,430.00,282.00,327.00,282.00
332.00,197.00,435.00,197.00,435.00,283.00,332.00,283.00
339.00,192.00,440.00,192.00,440.00,278.00,339.00,278.00
345.00,193.00,447.00,193.00,447.00,279.00,345.00,279.00
348.00,190.00,449.00,190.00,449.00,275.00,348.00,275.00
352.00,192.00,452.00,192.00,452.00,277.00,352.00,277.00
364.00,186.00,464.00,186.00,464.00,272.00,364.00,272.00
370.00,191.00,469.00,191.00,469.00,275.00,370.00,275.00
372.00,187.00,470.00,187.00,470.00,271.00,372.00,271.00
378.00,189.00,475.00,189.00,475.00,272.00,378.00,272.00
378.00,189.00,474.00,189.00,474.00,271.00,378.00,271.00
377.00,185.00,473.00,185.00,473.00,267.00,377.00,267.00
373.00,189.00,471.00,189.00,471.00,271.00,373.00,271.00
371.00,182.00,469.00,182.00,469.00,266.00,371.00,266.00
371.00,177.00,466.00,177.00,466.00,260.00,371.00,260.00
369.00,179.00,465.00,179.00,465.00,262.00,369.00,262.00
368.00,179.00,463.00,179.00,463.00,260.00,368.00,260.00
367.00,178.00,464.00,178.00,464.00,261.00,367.00,261.00
367.00,174.00,462.00,174.00,462.00,255.00,367.00,255.00
367.00,177.00,462.00,177.00,462.00,258.00,367.00,258.00
366.00,175.00,461.00,175.00,461.00,256.00,366.00,256.00
367.00,169.00,462.00,169.00,462.00,250.00,367.00,250.00
365.00,172.00,460.00,172.00,460.00,252.00,365.00,252.00
364.00,174.00,457.00,174.00,457.00,252.00,364.00,252.00
363.00,175.00,456.00,175.00,456.00,254.00,363.00,254.00
362.00,173.00,454.00,173.00,454.00,251.00,362.00,251.00
362.00,176.00,452.00,176.00,452.00,252.00,362.00,252.00
361.00,175.00,450.00,175.00,450.00,251.00,361.00,251.00
361.00,177.00,451.00,177.00,451.00,252.00,361.00,252.00
360.00,179.00,449.00,179.00,449.00,252.00,360.00,252.00
357.00,183.00,446.00,183.00,446.00,255.00,357.00,255.00
358.00,182.00,445.00,182.00,445.00,253.00,358.00,253.00
357.00,184.00,445.00,184.00,445.00,255.00,357.00,255.00
354.00,188.00,441.00,188.00,441.00,257.00,354.00,257.00
352.00,191.00,437.00,191.00,437.00,259.00,352.00,259.00
350.00,195.00,435.00,195.00,435.00,262.00,350.00,262.00
348.00,195.00,434.00,195.00,434.00,261.00,348.00,261.00
345.00,200.00,432.00,200.00,432.00,266.00,345.00,266.00
344.00,197.00,429.00,197.00,429.00,264.00,344.00,264.00
339.00,203.00,426.00,203.00,426.00,270.00,339.00,270.00
338.00,203.00,424.00,203.00,424.00,269.00,338.00,269.00
337.00,203.00,422.00,203.00,422.00,269.00,337.00,269.00
335.00,209.00,418.00,209.00,418.00,273.00,335.00,273.00
334.00,213.00,417.00,213.00,417.00,276.00,334.00,276.00
334.00,213.00,414.00,213.00,414.00,275.00,334.00,275.00
333.00,218.00,414.00,218.00,414.00,278.00,333.00,278.00
328.00,228.00,409.00,228.00,409.00,288.00,328.00,288.00
323.00,249.00,405.00,249.00,405.00,308.00,323.00,308.00
321.00,273.00,404.00,273.00,404.00,330.00,321.00,330.00
317.00,274.00,397.00,274.00,397.00,332.00,317.00,332.00
318.00,275.00,399.00,275.00,399.00,331.00,318.00,331.00
320.00,277.00,401.00,277.00,401.00,333.00,320.00,333.00
320.00,278.00,400.00,278.00,400.00,333.00,320.00,333.00
320.00,281.00,400.00,281.00,400.00,336.00,320.00,336.00
316.00,285.00,396.00,285.00,396.00,339.00,316.00,339.00
316.00,288.00,395.00,288.00,395.00,342.00,316.00,342.00
315.00,293.00,394.00,293.00,394.00,347.00,315.00,347.00
313.00,295.00,390.00,295.00,390.00,347.00,313.00,347.00
314.00,303.00,389.00,303.00,389.00,355.00,314.00,355.00
315.00,306.00,389.00,306.00,389.00,357.00,315.00,357.00
315.00,308.00,389.00,308.00,389.00,359.00,315.00,359.00
316.00,309.00,390.00,309.00,390.00,360.00,316.00,360.00
316.00,313.00,388.00,313.00,388.00,363.00,316.00,363.00
318.00,315.00,389.00,315.00,389.00,364.00,318.00,364.00
316.00,316.00,387.00,316.00,387.00,366.00,316.00,366.00
315.00,319.00,386.00,319.00,386.00,368.00,315.00,368.00
316.00,320.00,385.00,320.00,385.00,369.00,316.00,369.00
318.00,326.00,387.00,326.00,387.00,374.00,318.00,374.00
313.00,327.00,381.00,327.00,381.00,374.00,313.00,374.00
309.00,331.00,375.00,331.00,375.00,377.00,309.00,377.00
301.00,331.00,367.00,331.00,367.00,377.00,301.00,377.00
293.00,333.00,360.00,333.00,360.00,379.00,293.00,379.00
290.00,336.00,356.00,336.00,356.00,381.00,290.00,381.00
283.00,336.00,350.00,336.00,350.00,381.00,283.00,381.00
276.00,339.00,342.00,339.00,342.00,384.00,276.00,384.00
273.00,341.00,337.00,341.00,337.00,385.00,273.00,385.00
275.00,343.00,337.00,343.00,337.00,386.00,275.00,386.00
269.00,344.00,333.00,344.00,333.00,387.00,269.00,387.00
269.00,348.00,331.00,348.00,331.00,390.00,269.00,390.00
269.00,347.00,330.00,347.00,330.00,388.00,269.00,388.00
268.00,351.00,328.00,351.00,328.00,392.00,268.00,392.00
264.00,352.00,324.00,352.00,324.00,392.00,264.00,392.00
267.00,352.00,326.00,352.00,326.00,392.00,267.00,392.00
267.00,354.00,325.00,354.00,325.00,394.00,267.00,394.00
269.00,357.00,327.00,357.00,327.00,396.00,269.00,396.00
271.00,358.00,327.00,358.00,327.00,396.00,271.00,396.00
271.00,359.00,327.00,359.00,327.00,397.00,271.00,397.00
274.00,360.00,330.00,360.00,330.00,398.00,274.00,398.00
277.00,362.00,333.00,362.00,333.00,400.00,277.00,400.00
279.00,363.00,334.00,363.00,334.00,400.00,279.00,400.00
279.00,366.00,334.00,366.00,334.00,403.00,279.00,403.00
277.00,368.00,332.00,368.00,332.00,405.00,277.00,405.00
282.00,368.00,336.00,368.00,336.00,405.00,282.00,405.00
277.00,370.00,332.00,370.00,332.00,407.00,277.00,407.00
284.00,370.00,338.00,370.00,338.00,406.00,284.00,406.00
284.00,371.00,337.00,371.00,337.00,407.00,284.00,407.00
286.00,373.00,337.00,373.00,337.00,408.00,286.00,408.00
283.00,371.00,335.00,371.00,335.00,406.00,283.00,406.00
287.00,373.00,339.00,373.00,339.00,408.00,287.00,408.00
287.00,373.00,336.00,373.00,336.00,408.00,287.00,408.00
285.00,374.00,335.00,374.00,335.00,408.00,285.00,408.00
286.00,372.00,334.00,372.00,334.00,406.00,286.00,406.00
287.00,374.00,334.00,374.00,334.00,407.00,287.00,407.00
289.00,374.00,337.00,374.00,337.00,408.00,289.00,408.00
289.00,374.00,336.00,374.00,336.00,407.00,289.00,407.00
292.00,375.00,338.00,375.00,338.00,408.00,292.00,408.00
294.00,374.00,340.00,374.00,340.00,407.00,294.00,407.00
301.00,373.00,347.00,373.00,347.00,406.00,301.00,406.00
305.00,374.00,350.00,374.00,350.00,408.00,305.00,408.00
308.00,374.00,352.00,374.00,352.00,407.00,308.00,407.00
309.00,374.00,354.00,374.00,354.00,407.00,309.00,407.00
311.00,375.00,356.00,375.00,356.00,408.00,311.00,408.00
318.00,377.00,362.00,377.00,362.00,409.00,318.00,409.00
314.00,377.00,358.00,377.00,358.00,409.00,314.00,409.00
313.00,375.00,356.00,375.00,356.00,408.00,313.00,408.00
308.00,376.00,352.00,376.00,352.00,408.00,308.00,408.00
310.00,374.00,353.00,374.00,353.00,406.00,310.00,406.00
310.00,371.00,352.00,371.00,352.00,403.00,310.00,403.00
311.00,369.00,353.00,369.00,353.00,400.00,311.00,400.00
311.00,366.00,352.00,366.00,352.00,396.00,311.00,396.00
310.00,363.00,350.00,363.00,350.00,394.00,310.00,394.00
308.00,358.00,350.00,358.00,350.00,389.00,308.00,389.00
308.00,354.00,350.00,354.00,350.00,386.00,308.00,386.00
309.00,350.00,351.00,350.00,351.00,381.00,309.00,381.00
309.00,345.00,349.00,345.00,349.00,376.00,309.00,376.00
301.00,342.00,342.00,342.00,342.00,373.00,301.00,373.00
299.00,338.00,339.00,338.00,339.00,369.00,299.00,369.00
298.00,336.00,337.00,336.00,337.00,366.00,298.00,366.00
301.00,335.00,340.00,335.00,340.00,365.00,301.00,365.00
302.00,333.00,340.00,333.00,340.00,362.00,302.00,362.00
298.00,330.00,336.00,330.00,336.00,360.00,298.00,360.00
299.00,330.00,337.00,330.00,337.00,359.00,299.00,359.00
300.00,327.00,337.00,327.00,337.00,356.00,300.00,356.00
303.00,325.00,340.00,325.00,340.00,354.00,303.00,354.00
301.00,323.00,338.00,323.00,338.00,351.00,301.00,351.00
299.00,319.00,335.00,319.00,335.00,348.00,299.00,348.00
294.00,317.00,331.00,317.00,331.00,346.00,294.00,346.00
294.00,318.00,331.00,318.00,331.00,347.00,294.00,347.00
292.00,317.00,330.00,317.00,330.00,345.00,292.00,345.00
296.00,315.00,332.00,315.00,332.00,342.00,296.00,342.00
294.00,316.00,331.00,316.00,331.00,343.00,294.00,343.00
295.00,314.00,331.00,314.00,331.00,341.00,295.00,341.00
296.00,312.00,331.00,312.00,331.00,338.00,296.00,338.00
299.00,308.00,333.00,308.00,333.00,334.00,299.00,334.00
300.00,307.00,334.00,307.00,334.00,333.00,300.00,333.00
303.00,308.00,337.00,308.00,337.00,333.00,303.00,333.00
300.00,308.00,333.00,308.00,333.00,332.00,300.00,332.00
300.00,307.00,333.00,307.00,333.00,331.00,300.00,331.00
304.00,306.00,337.00,306.00,337.00,331.00,304.00,331.00
304.00,304.00,336.00,304.00,336.00,328.00,304.00,328.00
305.00,303.00,338.00,303.00,338.00,327.00,305.00,327.00
305.00,300.00,337.00,300.00,337.00,324.00,305.00,324.00
301.00,299.00,333.00,299.00,333.00,323.00,301.00,323.00
298.00,299.00,330.00,299.00,330.00,323.00,298.00,323.00
295.00,297.00,326.00,297.00,326.00,321.00,295.00,321.00
290.00,294.00,321.00,294.00,321.00,318.00,290.00,318.00
290.00,292.00,321.00,292.00,321.00,317.00,290.00,317.00
289.00,289.00,320.00,289.00,320.00,314.00,289.00,314.00
290.00,288.00,321.00,288.00,321.00,312.00,290.00,312.00
289.00,286.00,320.00,286.00,320.00,310.00,289.00,310.00
290.00,285.00,321.00,285.00,321.00,308.00,290.00,308.00
292.00,283.00,322.00,283.00,322.00,307.00,292.00,307.00
292.00,279.00,321.00,279.00,321.00,303.00,292.00,303.00
294.00,278.00,324.00,278.00,324.00,302.00,294.00,302.00
294.00,277.00,325.00,277.00,325.00,302.00,294.00,302.00
295.00,274.00,326.00,274.00,326.00,299.00,295.00,299.00
298.00,272.00,329.00,272.00,329.00,297.00,298.00,297.00
301.00,271.00,332.00,271.00,332.00,296.00,301.00,296.00
304.00,269.00,335.00,269.00,335.00,294.00,304.00,294.00
308.00,267.00,338.00,267.00,338.00,292.00,308.00,292.00
310.00,264.00,340.00,264.00,340.00,289.00,310.00,289.00
314.00,264.00,345.00,264.00,345.00,289.00,314.00,289.00
319.00,262.00,349.00,262.00,349.00,287.00,319.00,287.00
320.00,260.00,350.00,260.00,350.00,285.00,320.00,285.00
325.00,259.00,354.00,259.00,354.00,284.00,325.00,284.00
327.00,257.00,357.00,257.00,357.00,282.00,327.00,282.00
331.00,257.00,360.00,257.00,360.00,282.00,331.00,282.00
336.00,257.00,364.00,257.00,364.00,281.00,336.00,281.00
339.00,258.00,368.00,258.00,368.00,282.00,339.00,282.00
343.00,258.00,372.00,258.00,372.00,282.00,343.00,282.00
347.00,258.00,375.00,258.00,375.00,282.00,347.00,282.00
351.00,260.00,379.00,260.00,379.00,283.00,351.00,283.00
356.00,262.00,384.00,262.00,384.00,285.00,356.00,285.00
360.00,263.00,388.00,263.00,388.00,286.00,360.00,286.00
363.00,266.00,391.00,266.00,391.00,289.00,363.00,289.00
364.00,266.00,392.00,266.00,392.00,289.00,364.00,289.00
364.00,266.00,392.00,266.00,392.00,289.00,364.00,289.00
367.00,266.00,394.00,266.00,394.00,289.00,367.00,289.00
368.00,267.00,396.00,267.00,396.00,290.00,368.00,290.00
369.00,266.00,397.00,266.00,397.00,289.00,369.00,289.00
369.00,266.00,396.00,266.00,396.00,289.00,369.00,289.00
368.00,267.00,396.00,267.00,396.00,290.00,368.00,290.00
368.00,266.00,396.00,266.00,396.00,289.00,368.00,289.00
369.00,267.00,397.00,267.00,397.00,290.00,369.00,290.00
366.00,266.00,395.00,266.00,395.00,290.00,366.00,290.00
369.00,268.00,397.00,268.00,397.00,291.00,369.00,291.00
369.00,268.00,397.00,268.00,397.00,292.00,369.00,292.00
370.00,272.00,399.00,272.00,399.00,296.00,370.00,296.00
372.00,273.00,400.00,273.00,400.00,296.00,372.00,296.00
375.00,274.00,402.00,274.00,402.00,296.00,375.00,296.00
377.00,273.00,404.00,273.00,404.00,295.00,377.00,295.00
378.00,273.00,404.00,273.00,404.00,295.00,378.00,295.00
379.00,273.00,406.00,273.00,406.00,295.00,379.00,295.00
381.00,272.00,408.00,272.00,408.00,294.00,381.00,294.00
381.00,274.00,407.00,274.00,407.00,296.00,381.00,296.00
380.00,272.00,406.00,272.00,406.00,294.00,380.00,294.00
381.00,270.00,406.00,270.00,406.00,292.00,381.00,292.00
382.00,270.00,407.00,270.00,407.00,291.00,382.00,291.00
384.00,269.00,409.00,269.00,409.00,291.00,384.00,291.00
382.00,266.00,407.00,266.00,407.00,288.00,382.00,288.00
383.00,267.00,408.00,267.00,408.00,288.00,383.00,288.00
382.00,265.00,408.00,265.00,408.00,287.00,382.00,287.00
385.00,264.00,409.00,264.00,409.00,285.00,385.00,285.00
386.00,262.00,411.00,262.00,411.00,283.00,386.00,283.00
387.00,263.00,411.00,263.00,411.00,284.00,387.00,284.00
390.00,260.00,414.00,260.00,414.00,282.00,390.00,282.00
390.00,261.00,414.00,261.00,414.00,283.00,390.00,283.00
393.00,259.00,418.00,259.00,418.00,281.00,393.00,281.00
394.00,258.00,418.00,258.00,418.00,280.00,394.00,280.00
394.00,256.00,418.00,256.00,418.00,278.00,394.00,278.00
394.00,255.00,419.00,255.00,419.00,277.00,394.00,277.00
396.00,256.00,421.00,256.00,421.00,278.00,396.00,278.00
394.00,254.00,418.00,254.00,418.00,275.00,394.00,275.00
393.00,253.00,417.00,253.00,417.00,275.00,393.00,275.00
391.00,254.00,415.00,254.00,415.00,276.00,391.00,276.00
388.00,254.00,412.00,254.00,412.00,276.00,388.00,276.00
384.00,255.00,408.00,255.00,408.00,277.00,384.00,277.00
380.00,255.00,404.00,255.00,404.00,277.00,380.00,277.00
377.00,255.00,400.00,255.00,400.00,277.00,377.00,277.00
374.00,254.00,397.00,254.00,397.00,276.00,374.00,276.00
368.00,256.00,391.00,256.00,391.00,277.00,368.00,277.00
365.00,256.00,388.00,256.00,388.00,276.00,365.00,276.00
361.00,255.00,385.00,255.00,385.00,276.00,361.00,276.00
361.00,255.00,385.00,255.00,385.00,276.00,361.00,276.00
359.00,257.00,383.00,257.00,383.00,277.00,359.00,277.00
359.00,257.00,382.00,257.00,382.00,276.00,359.00,276.00
358.00,258.00,380.00,258.00,380.00,276.00,358.00,276.00
358.00,259.00,380.00,259.00,380.00,277.00,358.00,277.00
359.00,260.00,380.00,260.00,380.00,278.00,359.00,278.00
361.00,261.00,382.00,261.00,382.00,279.00,361.00,279.00
362.00,260.00,383.00,260.00,383.00,278.00,362.00,278.00
363.00,262.00,385.00,262.00,385.00,280.00,363.00,280.00
364.00,262.00,385.00,262.00,385.00,280.00,364.00,280.00
365.00,264.00,386.00,264.00,386.00,282.00,365.00,282.00
367.00,264.00,387.00,264.00,387.00,282.00,367.00,282.00
368.00,262.00,389.00,262.00,389.00,280.00,368.00,280.00
371.00,261.00,392.00,261.00,392.00,279.00,371.00,279.00
372.00,259.00,393.00,259.00,393.00,277.00,372.00,277.00
372.00,258.00,392.00,258.00,392.00,275.00,372.00,275.00
375.00,247.00,395.00,247.00,395.00,264.00,375.00,264.00
375.00,243.00,395.00,243.00,395.00,260.00,375.00,260.00
379.00,239.00,399.00,239.00,399.00,256.00,379.00,256.00
381.00,237.00,401.00,237.00,401.00,253.00,381.00,253.00
385.00,239.00,404.00,239.00,404.00,255.00,385.00,255.00
388.00,235.00,407.00,235.00,407.00,250.00,388.00,250.00
392.00,234.00,411.00,234.00,411.00,250.00,392.00,250.00
396.00,230.00,415.00,230.00,415.00,246.00,396.00,246.00
398.00,229.00,417.00,229.00,417.00,244.00,398.00,244.00
404.00,228.00,422.00,228.00,422.00,243.00,404.00,243.00
408.00,227.00,426.00,227.00,426.00,242.00,408.00,242.00
411.00,226.00,429.00,226.00,429.00,241.00,411.00,241.00
415.00,225.00,433.00,225.00,433.00,240.00,415.00,240.00
418.00,224.00,436.00,224.00,436.00,239.00,418.00,239.00
423.00,225.00,440.00,225.00,440.00,240.00,423.00,240.00
425.00,223.00,442.00,223.00,442.00,238.00,425.00,238.00
426.00,224.00,444.00,224.00,444.00,239.00,426.00,239.00
426.00,224.00,444.00,224.00,444.00,239.00,426.00,239.00
427.00,223.00,445.00,223.00,445.00,238.00,427.00,238.00
427.00,224.00,444.00,224.00,444.00,239.00,427.00,239.00
425.00,223.00,443.00,223.00,443.00,238.00,425.00,238.00
425.00,222.00,443.00,222.00,443.00,237.00,425.00,237.00
426.00,222.00,443.00,222.00,443.00,237.00,426.00,237.00
425.00,221.00,443.00,221.00,443.00,236.00,425.00,236.00
425.00,222.00,443.00,222.00,443.00,237.00,425.00,237.00
425.00,220.00,442.00,220.00,442.00,235.00,425.00,235.00
425.00,220.00,442.00,220.00,442.00,235.00,425.00,235.00
425.00,218.00,442.00,218.00,442.00,233.00,425.00,233.00
426.00,218.00,443.00,218.00,443.00,233.00,426.00,233.00
427.00,218.00,444.00,218.00,444.00,233.00,427.00,233.00
429.00,216.00,446.00,216.00,446.00,231.00,429.00,231.00
430.00,215.00,447.00,215.00,447.00,230.00,430.00,230.00
432.00,213.00,449.00,213.00,449.00,228.00,432.00,228.00
434.00,213.00,451.00,213.00,451.00,228.00,434.00,228.00
436.00,211.00,453.00,211.00,453.00,226.00,436.00,226.00
439.00,208.00,456.00,208.00,456.00,223.00,439.00,223.00
442.00,205.00,459.00,205.00,459.00,219.00,442.00,219.00
446.00,202.00,463.00,202.00,463.00,217.00,446.00,217.00
449.00,200.00,466.00,200.00,466.00,215.00,449.00,215.00
452.00,199.00,469.00,199.00,469.00,213.00,452.00,213.00
455.00,197.00,471.00,197.00,471.00,211.00,455.00,211.00
459.00,190.00,476.00,190.00,476.00,204.00,459.00,204.00
463.00,188.00,480.00,188.00,480.00,202.00,463.00,202.00
453.00,183.00,471.00,183.00,471.00,199.00,453.00,199.00
442.00,180.00,458.00,180.00,458.00,194.00,442.00,194.00
445.00,177.00,461.00,177.00,461.00,191.00,445.00,191.00
445.00,174.00,462.00,174.00,462.00,188.00,445.00,188.00
443.00,173.00,460.00,173.00,460.00,187.00,443.00,187.00
440.00,172.00,456.00,172.00,456.00,186.00,440.00,186.00
434.00,172.00,450.00,172.00,450.00,186.00,434.00,186.00
425.00,170.00,441.00,170.00,441.00,184.00,425.00,184.00
419.00,168.00,436.00,168.00,436.00,182.00,419.00,182.00
413.00,169.00,430.00,169.00,430.00,183.00,413.00,183.00
414.00,167.00,430.00,167.00,430.00,181.00,414.00,181.00
408.00,165.00,423.00,165.00,423.00,178.00,408.00,178.00
398.00,163.00,414.00,163.00,414.00,176.00,398.00,176.00
390.00,162.00,406.00,162.00,406.00,175.00,390.00,175.00
382.00,164.00,398.00,164.00,398.00,177.00,382.00,177.00
376.00,162.00,392.00,162.00,392.00,175.00,376.00,175.00
376.00,162.00,392.00,162.00,392.00,175.00,376.00,175.00
386.00,162.00,402.00,162.00,402.00,175.00,386.00,175.00
391.00,159.00,407.00,159.00,407.00,172.00,391.00,172.00
400.00,160.00,416.00,160.00,416.00,173.00,400.00,173.00
409.00,160.00,426.00,160.00,426.00,175.00,409.00,175.00
419.00,161.00,435.00,161.00,435.00,174.00,419.00,174.00
409.00,159.00,425.00,159.00,425.00,172.00,409.00,172.00
2
0
0
0
0
1
367.00,152.00,390.00,152.00,390.00,174.00,367.00,174.00
380.47,143.97,399.11,145.07,397.57,171.39,378.92,170.29
392.05,142.01,411.00,145.00,406.78,171.75,387.83,168.76
397.07,140.44,416.12,144.45,410.49,171.16,391.44,167.15
402.31,139.68,421.15,143.22,416.10,170.14,397.26,166.61
400.01,140.89,419.11,143.01,416.26,168.70,397.16,166.57
395.16,139.03,414.14,142.19,409.73,168.62,390.76,165.46
384.00,145.00,408.00,145.00,408.00,168.00,384.00,168.00
382.00,138.00,401.14,141.19,396.81,167.14,377.68,163.95
375.24,138.80,395.00,141.00,392.26,165.70,372.50,163.50
367.00,145.00,391.00,145.00,391.00,168.00,367.00,168.00
384.00,140.00,390.40,161.76,368.04,168.34,361.64,146.58
358.45,142.78,378.00,144.00,376.60,166.35,357.05,165.13
358.33,135.57,378.00,144.00,367.29,168.98,347.62,160.55
349.35,140.27,369.15,144.23,364.19,169.04,344.38,165.08
347.57,139.16,367.11,144.59,360.02,170.12,340.48,164.69
339.24,142.54,360.00,146.00,356.03,169.84,335.27,166.38
344.47,141.12,365.18,146.29,359.18,170.29,338.47,165.12
345.26,141.77,366.37,146.29,361.05,171.08,339.95,166.56
347.56,142.35,368.33,146.25,363.68,171.06,342.91,167.17
369.00,147.00,373.34,167.61,349.30,172.67,344.96,152.06
372.67,145.81,378.29,166.03,354.61,172.61,349.00,152.39
357.83,139.43,379.00,145.00,372.45,169.91,351.28,164.34
360.15,137.32,382.41,142.09,377.21,166.33,354.95,161.56
372.20,131.60,393.00,142.00,381.00,166.00,360.20,155.60
371.15,135.32,394.16,140.25,389.05,164.08,366.04,159.15
377.27,134.12,400.12,139.50,394.52,163.30,371.67,157.92
382.45,134.96,405.33,139.25,400.86,163.10,377.97,158.81
407.00,141.00,408.09,160.55,383.72,161.90,382.63,142.35
411.77,137.85,415.81,158.04,387.92,163.62,383.88,143.42
392.78,131.76,416.38,138.70,409.63,161.66,386.03,154.71
417.66,137.81,423.28,157.49,395.42,165.45,389.79,145.77
421.69,137.62,426.00,156.59,396.26,163.35,391.95,144.38
408.87,127.05,432.00,138.00,420.13,163.06,397.00,152.11
426.73,138.83,431.03,157.72,403.19,164.05,398.90,145.16
419.76,127.08,440.47,141.32,424.24,164.92,403.53,150.68
434.98,140.80,436.91,160.11,408.20,162.98,406.27,143.67
433.00,141.00,434.74,159.26,407.13,161.89,405.39,143.63
433.79,138.86,437.44,158.92,408.58,164.17,404.93,144.10
432.63,138.58,437.50,157.26,407.91,164.98,403.03,146.30
431.00,137.00,433.59,156.88,403.67,160.78,401.07,140.90
429.94,135.76,434.59,154.35,403.29,162.18,398.65,143.59
424.99,136.91,426.67,155.39,397.01,158.09,395.33,139.61
424.76,134.84,428.86,154.53,397.91,160.98,393.81,141.29
429.76,132.94,433.93,151.68,394.96,160.34,390.80,141.60
421.95,133.68,425.19,153.14,392.11,158.65,388.86,139.19
418.62,133.92,421.02,153.12,390.49,156.94,388.09,137.74
418.95,132.79,423.00,151.00,391.13,158.08,387.08,139.87
386.00,132.00,419.00,132.00,419.00,152.00,386.00,152.00
416.59,131.89,420.31,151.21,387.60,157.50,383.88,138.18
415.79,131.71,418.97,151.56,386.21,156.81,383.03,136.95
412.97,131.82,416.56,151.23,383.47,157.36,379.88,137.95
410.98,132.85,413.99,152.46,380.93,157.55,377.91,137.94
409.97,131.83,413.45,152.03,379.40,157.90,375.91,137.70
405.98,134.86,408.66,153.62,378.98,157.86,376.30,139.10
410.78,134.36,413.43,154.21,373.67,159.51,371.02,139.66
371.00,139.00,402.00,139.00,402.00,159.00,371.00,159.00
401.94,139.58,404.66,158.62,372.04,163.28,369.32,144.24
397.88,140.91,400.04,161.03,368.44,164.42,366.28,144.29
396.98,142.79,398.38,162.33,367.04,164.57,365.64,145.03
393.89,142.91,395.91,162.49,365.51,165.64,363.49,146.05
392.07,143.92,393.48,163.68,363.06,165.85,361.65,146.10
390.00,140.00,395.13,162.71,361.67,170.27,356.54,147.55
384.62,145.94,385.30,165.75,353.48,166.85,352.79,147.04
384.00,141.00,389.42,160.88,354.98,170.28,349.56,150.39
373.97,144.82,377.24,162.47,347.16,168.05,343.89,150.39
379.41,141.65,384.06,160.24,346.41,169.65,341.76,151.06
368.97,144.83,372.20,162.89,342.88,168.13,339.65,150.06
376.11,142.83,380.12,161.55,341.80,169.76,337.80,151.04
