1
342.00,217.00,578.00,217.00,578.00,373.00,342.00,373.00
342.00,216.00,578.00,216.00,578.00,373.00,342.00,373.00
343.00,215.00,579.00,215.00,579.00,372.00,343.00,372.00
343.00,213.00,579.00,213.00,579.00,369.00,343.00,369.00
343.00,212.00,579.00,212.00,579.00,368.00,343.00,368.00
342.00,209.00,578.00,209.00,578.00,366.00,342.00,366.00
341.00,208.00,577.00,208.00,577.00,365.00,341.00,365.00
341.00,206.00,577.00,206.00,577.00,363.00,341.00,363.00
341.00,205.00,577.00,205.00,577.00,362.00,341.00,362.00
342.00,205.00,579.00,205.00,579.00,362.00,342.00,362.00
343.00,203.00,578.00,203.00,578.00,360.00,343.00,360.00
343.00,202.00,578.00,202.00,578.00,359.00,343.00,359.00
344.00,202.00,578.00,202.00,578.00,359.00,344.00,359.00
344.00,202.00,579.00,202.00,579.00,359.00,344.00,359.00
344.00,201.00,579.00,201.00,579.00,358.00,344.00,358.00
345.00,200.00,579.00,200.00,579.00,357.00,345.00,357.00
344.00,199.00,579.00,199.00,579.00,356.00,344.00,356.00
344.00,198.00,578.00,198.00,578.00,355.00,344.00,355.00
345.00,198.00,579.00,198.00,579.00,354.00,345.00,354.00
345.00,196.00,580.00,196.00,580.00,354.00,345.00,354.00
344.00,197.00,579.00,197.00,579.00,354.00,344.00,354.00
346.00,195.00,579.00,195.00,579.00,352.00,346.00,352.00
346.00,196.00,579.00,196.00,579.00,353.00,346.00,353.00
346.00,196.00,578.00,196.00,578.00,353.00,346.00,353.00
346.00,207.00,579.00,207.00,579.00,364.00,346.00,364.00
347.00,210.00,580.00,210.00,580.00,367.00,347.00,367.00
348.00,217.00,581.00,217.00,581.00,373.00,348.00,373.00
348.00,219.00,580.00,219.00,580.00,376.00,348.00,376.00
347.00,222.00,580.00,222.00,580.00,378.00,347.00,378.00
347.00,224.00,580.00,224.00,580.00,380.00,347.00,380.00
346.00,225.00,580.00,225.00,580.00,381.00,346.00,381.00
342.00,225.00,576.00,225.00,576.00,380.00,342.00,380.00
349.00,224.00,583.00,224.00,583.00,380.00,349.00,380.00
342.00,223.00,577.00,223.00,577.00,378.00,342.00,378.00
318.00,221.00,552.00,221.00,552.00,377.00,318.00,377.00
314.00,221.00,548.00,221.00,548.00,376.00,314.00,376.00
329.00,220.00,562.00,220.00,562.00,375.00,329.00,375.00
340.00,219.00,574.00,219.00,574.00,375.00,340.00,375.00
336.00,218.00,571.00,218.00,571.00,375.00,336.00,375.00
331.00,218.00,564.00,218.00,564.00,375.00,331.00,375.00
331.00,218.00,565.00,218.00,565.00,374.00,331.00,374.00
330.00,217.00,565.00,217.00,565.00,373.00,330.00,373.00
330.00,216.00,565.00,216.00,565.00,372.00,330.00,372.00
331.00,216.00,565.00,216.00,565.00,372.00,331.00,372.00
328.00,217.00,562.00,217.00,562.00,373.00,328.00,373.00
330.00,215.00,563.00,215.00,563.00,371.00,330.00,371.00
328.00,215.00,562.00,215.00,562.00,371.00,328.00,371.00
320.00,216.00,551.00,216.00,551.00,372.00,320.00,372.00
317.00,215.00,550.00,215.00,550.00,371.00,317.00,371.00
313.00,215.00,545.00,215.00,545.00,370.00,313.00,370.00
310.00,214.00,541.00,214.00,541.00,370.00,310.00,370.00
305.00,214.00,537.00,214.00,537.00,370.00,305.00,370.00
300.00,213.00,534.00,213.00,534.00,369.00,300.00,369.00
296.00,214.00,532.00,214.00,532.00,370.00,296.00,370.00
294.00,213.00,527.00,213.00,527.00,370.00,294.00,370.00
289.00,213.00,524.00,213.00,524.00,369.00,289.00,369.00
286.00,212.00,519.00,212.00,519.00,367.00,286.00,367.00
281.00,211.00,515.00,211.00,515.00,368.00,281.00,368.00
279.00,211.00,511.00,211.00,511.00,366.00,279.00,366.00
276.00,208.00,509.00,208.00,509.00,364.00,276.00,364.00
273.00,207.00,506.00,207.00,506.00,363.00,273.00,363.00
270.00,206.00,504.00,206.00,504.00,361.00,270.00,361.00
267.00,203.00,501.00,203.00,501.00,359.00,267.00,359.00
267.00,202.00,500.00,202.00,500.00,358.00,267.00,358.00
271.00,201.00,504.00,201.00,504.00,356.00,271.00,356.00
271.00,199.00,505.00,199.00,505.00,355.00,271.00,355.00
277.00,199.00,510.00,199.00,510.00,355.00,277.00,355.00
280.00,198.00,513.00,198.00,513.00,355.00,280.00,355.00
280.00,197.00,512.00,197.00,512.00,352.00,280.00,352.00
279.00,196.00,512.00,196.00,512.00,352.00,279.00,352.00
276.00,197.00,511.00,197.00,511.00,353.00,276.00,353.00
275.00,196.00,509.00,196.00,509.00,352.00,275.00,352.00
275.00,197.00,508.00,197.00,508.00,353.00,275.00,353.00
274.00,195.00,509.00,195.00,509.00,351.00,274.00,351.00
272.00,194.00,506.00,194.00,506.00,351.00,272.00,351.00
273.00,193.00,505.00,193.00,505.00,349.00,273.00,349.00
270.00,193.00,502.00,193.00,502.00,350.00,270.00,350.00
268.00,192.00,499.00,192.00,499.00,348.00,268.00,348.00
265.00,188.00,496.00,188.00,496.00,344.00,265.00,344.00
266.00,184.00,495.00,184.00,495.00,342.00,266.00,342.00
267.00,181.00,497.00,181.00,497.00,339.00,267.00,339.00
267.00,176.00,498.00,176.00,498.00,334.00,267.00,334.00
266.00,173.00,495.00,173.00,495.00,331.00,266.00,331.00
267.00,170.00,493.00,170.00,493.00,328.00,267.00,328.00
267.00,169.00,494.00,169.00,494.00,328.00,267.00,328.00
265.00,166.00,493.00,166.00,493.00,325.00,265.00,325.00
266.00,165.00,493.00,165.00,493.00,324.00,266.00,324.00
278.00,163.00,503.00,163.00,503.00,322.00,278.00,322.00
285.00,162.00,509.00,162.00,509.00,321.00,285.00,321.00
281.00,160.00,502.00,160.00,502.00,319.00,281.00,319.00
279.00,159.00,499.00,159.00,499.00,318.00,279.00,318.00
282.00,158.00,498.00,158.00,498.00,317.00,282.00,317.00
282.00,159.00,498.00,159.00,498.00,318.00,282.00,318.00
283.00,160.00,499.00,160.00,499.00,320.00,283.00,320.00
286.00,162.00,500.00,162.00,500.00,323.00,286.00,323.00
287.00,165.00,500.00,165.00,500.00,325.00,287.00,325.00
290.00,169.00,503.00,169.00,503.00,329.00,290.00,329.00
294.00,175.00,503.00,175.00,503.00,334.00,294.00,334.00
296.00,186.00,506.00,186.00,506.00,346.00,296.00,346.00
295.00,197.00,507.00,197.00,507.00,357.00,295.00,357.00
299.00,205.00,506.00,205.00,506.00,364.00,299.00,364.00
301.00,214.00,508.00,214.00,508.00,372.00,301.00,372.00
300.00,224.00,509.00,224.00,509.00,383.00,300.00,383.00
300.00,228.00,510.00,228.00,510.00,387.00,300.00,387.00
305.00,235.00,516.00,235.00,516.00,394.00,305.00,394.00
311.00,245.00,520.00,245.00,520.00,403.00,311.00,403.00
311.00,250.00,520.00,250.00,520.00,408.00,311.00,408.00
314.00,252.00,524.00,252.00,524.00,411.00,314.00,411.00
314.00,254.00,525.00,254.00,525.00,412.00,314.00,412.00
321.00,257.00,532.00,257.00,532.00,415.00,321.00,415.00
320.00,260.00,538.00,260.00,538.00,421.00,320.00,421.00
323.00,266.00,538.00,266.00,538.00,426.00,323.00,426.00
325.00,268.00,543.00,268.00,543.00,430.00,325.00,430.00
327.00,273.00,548.00,273.00,548.00,436.00,327.00,436.00
333.00,274.00,555.00,274.00,555.00,437.00,333.00,437.00
338.00,277.00,562.00,277.00,562.00,440.00,338.00,440.00
340.00,279.00,562.00,279.00,562.00,440.00,340.00,440.00
341.00,281.00,565.00,281.00,565.00,443.00,341.00,443.00
342.00,281.00,568.00,281.00,568.00,446.00,342.00,446.00
341.00,282.00,566.00,282.00,566.00,445.00,341.00,445.00
340.00,283.00,566.00,283.00,566.00,446.00,340.00,446.00
343.00,283.00,568.00,283.00,568.00,446.00,343.00,446.00
345.00,281.00,570.00,281.00,570.00,444.00,345.00,444.00
344.00,281.00,570.00,281.00,570.00,444.00,344.00,444.00
343.00,279.00,568.00,279.00,568.00,443.00,343.00,443.00
342.00,278.00,568.00,278.00,568.00,441.00,342.00,441.00
341.00,277.00,568.00,277.00,568.00,439.00,341.00,439.00
338.00,276.00,569.00,276.00,569.00,439.00,338.00,439.00
337.00,276.00,568.00,276.00,568.00,434.00,337.00,434.00
336.00,273.00,565.00,273.00,565.00,434.00,336.00,434.00
337.00,272.00,566.00,272.00,566.00,432.00,337.00,432.00
337.00,271.00,568.00,271.00,568.00,432.00,337.00,432.00
340.00,275.00,567.00,275.00,567.00,436.00,340.00,436.00
339.00,279.00,569.00,279.00,569.00,437.00,339.00,437.00
340.00,282.00,568.00,282.00,568.00,441.00,340.00,441.00
339.00,281.00,569.00,281.00,569.00,442.00,339.00,442.00
339.00,280.00,568.00,280.00,568.00,440.00,339.00,440.00
337.00,280.00,565.00,280.00,565.00,439.00,337.00,439.00
338.00,278.00,567.00,278.00,567.00,438.00,338.00,438.00
340.00,279.00,569.00,279.00,569.00,438.00,340.00,438.00
341.00,280.00,569.00,280.00,569.00,439.00,341.00,439.00
338.00,279.00,569.00,279.00,569.00,439.00,338.00,439.00
339.00,277.00,566.00,277.00,566.00,437.00,339.00,437.00
339.00,277.00,562.00,277.00,562.00,435.00,339.00,435.00
342.00,277.00,566.00,277.00,566.00,434.00,342.00,434.00
345.00,273.00,569.00,273.00,569.00,430.00,345.00,430.00
345.00,271.00,567.00,271.00,567.00,427.00,345.00,427.00
348.00,267.00,570.00,267.00,570.00,425.00,348.00,425.00
353.00,264.00,579.00,264.00,579.00,425.00,353.00,425.00
361.00,273.00,587.00,273.00,587.00,434.00,361.00,434.00
359.00,290.00,583.00,290.00,583.00,449.00,359.00,449.00
362.00,293.00,586.00,293.00,586.00,453.00,362.00,453.00
360.00,294.00,587.00,294.00,587.00,456.00,360.00,456.00
361.00,300.00,584.00,300.00,584.00,459.00,361.00,459.00
362.00,301.00,579.00,301.00,579.00,457.00,362.00,457.00
361.00,301.00,580.00,301.00,580.00,459.00,361.00,459.00
359.00,301.00,578.00,301.00,578.00,460.00,359.00,460.00
356.00,300.00,573.00,300.00,573.00,458.00,356.00,458.00
364.00,301.00,583.00,301.00,583.00,460.00,364.00,460.00
377.00,300.00,595.00,300.00,595.00,458.00,377.00,458.00
375.00,299.00,589.00,299.00,589.00,456.00,375.00,456.00
370.00,299.00,585.00,299.00,585.00,457.00,370.00,457.00
369.00,299.00,587.00,299.00,587.00,458.00,369.00,458.00
360.00,297.00,574.00,297.00,574.00,453.00,360.00,453.00
350.00,296.00,566.00,296.00,566.00,453.00,350.00,453.00
357.00,294.00,573.00,294.00,573.00,452.00,357.00,452.00
371.00,292.00,584.00,292.00,584.00,448.00,371.00,448.00
375.00,290.00,587.00,290.00,587.00,446.00,375.00,446.00
363.00,282.00,576.00,282.00,576.00,437.00,363.00,437.00
350.00,270.00,563.00,270.00,563.00,427.00,350.00,427.00
346.00,260.00,560.00,260.00,560.00,418.00,346.00,418.00
345.00,253.00,555.00,253.00,555.00,407.00,345.00,407.00
339.00,245.00,551.00,245.00,551.00,400.00,339.00,400.00
335.00,253.00,545.00,253.00,545.00,406.00,335.00,406.00
335.00,253.00,543.00,253.00,543.00,405.00,335.00,405.00
333.00,251.00,542.00,251.00,542.00,403.00,333.00,403.00
339.00,242.00,545.00,242.00,545.00,393.00,339.00,393.00
349.00,224.00,555.00,224.00,555.00,374.00,349.00,374.00
354.00,199.00,559.00,199.00,559.00,350.00,354.00,350.00
358.00,171.00,561.00,171.00,561.00,322.00,358.00,322.00
366.00,154.00,567.00,154.00,567.00,304.00,366.00,304.00
369.00,138.00,571.00,138.00,571.00,288.00,369.00,288.00
376.00,113.00,578.00,113.00,578.00,263.00,376.00,263.00
371.00,109.00,575.00,109.00,575.00,260.00,371.00,260.00
372.00,118.00,577.00,118.00,577.00,271.00,372.00,271.00
379.00,121.00,582.00,121.00,582.00,272.00,379.00,272.00
399.00,106.00,604.00,106.00,604.00,260.00,399.00,260.00
395.00,92.00,598.00,92.00,598.00,244.00,395.00,244.00
380.00,74.00,579.00,74.00,579.00,223.00,380.00,223.00
367.00,65.00,567.00,65.00,567.00,215.00,367.00,215.00
371.00,49.00,567.00,49.00,567.00,197.00,371.00,197.00
375.00,36.00,573.00,36.00,573.00,186.00,375.00,186.00
379.00,26.00,576.00,26.00,576.00,175.00,379.00,175.00
377.00,31.00,574.00,31.00,574.00,179.00,377.00,179.00
363.00,38.00,563.00,38.00,563.00,189.00,363.00,189.00
361.00,50.00,561.00,50.00,561.00,200.00,361.00,200.00
365.00,49.00,564.00,49.00,564.00,198.00,365.00,198.00
367.00,48.00,566.00,48.00,566.00,198.00,367.00,198.00
366.00,43.00,563.00,43.00,563.00,192.00,366.00,192.00
367.00,48.00,561.00,48.00,561.00,195.00,367.00,195.00
372.00,49.00,567.00,49.00,567.00,197.00,372.00,197.00
376.00,54.00,569.00,54.00,569.00,200.00,376.00,200.00
382.00,64.00,573.00,64.00,573.00,210.00,382.00,210.00
386.00,86.00,576.00,86.00,576.00,231.00,386.00,231.00
391.00,107.00,582.00,107.00,582.00,251.00,391.00,251.00
396.00,129.00,584.00,129.00,584.00,272.00,396.00,272.00
402.00,147.00,588.00,147.00,588.00,288.00,402.00,288.00
393.00,165.00,579.00,165.00,579.00,305.00,393.00,305.00
403.00,181.00,587.00,181.00,587.00,321.00,403.00,321.00
418.00,183.00,605.00,183.00,605.00,325.00,418.00,325.00
415.00,183.00,597.00,183.00,597.00,321.00,415.00,321.00
399.00,179.00,581.00,179.00,581.00,316.00,399.00,316.00
383.00,181.00,563.00,181.00,563.00,318.00,383.00,318.00
379.00,185.00,562.00,185.00,562.00,323.00,379.00,323.00
390.00,183.00,571.00,183.00,571.00,322.00,390.00,322.00
394.00,179.00,577.00,179.00,577.00,318.00,394.00,318.00
380.00,187.00,561.00,187.00,561.00,326.00,380.00,326.00
371.00,194.00,554.00,194.00,554.00,334.00,371.00,334.00
369.00,197.00,551.00,197.00,551.00,336.00,369.00,336.00
365.00,200.00,545.00,200.00,545.00,338.00,365.00,338.00
357.00,216.00,536.00,216.00,536.00,354.00,357.00,354.00
356.00,218.00,535.00,218.00,535.00,356.00,356.00,356.00
356.00,220.00,534.00,220.00,534.00,358.00,356.00,358.00
362.00,222.00,540.00,222.00,540.00,360.00,362.00,360.00
368.00,227.00,545.00,227.00,545.00,363.00,368.00,363.00
370.00,233.00,543.00,233.00,543.00,366.00,370.00,366.00
376.00,225.00,549.00,225.00,549.00,360.00,376.00,360.00
378.00,221.00,551.00,221.00,551.00,355.00,378.00,355.00
380.00,222.00,553.00,222.00,553.00,356.00,380.00,356.00
377.00,226.00,549.00,226.00,549.00,360.00,377.00,360.00
377.00,227.00,549.00,227.00,549.00,360.00,377.00,360.00
383.00,231.00,556.00,231.00,556.00,365.00,383.00,365.00
385.00,235.00,557.00,235.00,557.00,369.00,385.00,369.00
385.00,237.00,554.00,237.00,554.00,370.00,385.00,370.00
382.00,242.00,552.00,242.00,552.00,377.00,382.00,377.00
372.00,251.00,540.00,251.00,540.00,384.00,372.00,384.00
364.00,258.00,530.00,258.00,530.00,388.00,364.00,388.00
373.00,266.00,537.00,266.00,537.00,395.00,373.00,395.00
379.00,265.00,542.00,265.00,542.00,394.00,379.00,394.00
380.00,268.00,541.00,268.00,541.00,397.00,380.00,397.00
379.00,273.00,542.00,273.00,542.00,403.00,379.00,403.00
377.00,276.00,540.00,276.00,540.00,406.00,377.00,406.00
374.00,285.00,536.00,285.00,536.00,413.00,374.00,413.00
375.00,284.00,536.00,284.00,536.00,411.00,375.00,411.00
378.00,285.00,539.00,285.00,539.00,413.00,378.00,413.00
380.00,285.00,539.00,285.00,539.00,411.00,380.00,411.00
384.00,288.00,544.00,288.00,544.00,414.00,384.00,414.00
386.00,291.00,541.00,291.00,541.00,415.00,386.00,415.00
383.00,293.00,534.00,293.00,534.00,414.00,383.00,414.00
390.00,289.00,540.00,289.00,540.00,409.00,390.00,409.00
393.00,291.00,539.00,291.00,539.00,409.00,393.00,409.00
394.00,290.00,541.00,290.00,541.00,409.00,394.00,409.00
395.00,294.00,539.00,294.00,539.00,410.00,395.00,410.00
391.00,289.00,539.00,289.00,539.00,407.00,391.00,407.00
382.00,289.00,525.00,289.00,525.00,404.00,382.00,404.00
377.00,283.00,519.00,283.00,519.00,398.00,377.00,398.00
375.00,277.00,518.00,277.00,518.00,393.00,375.00,393.00
384.00,264.00,527.00,264.00,527.00,379.00,384.00,379.00
382.00,256.00,522.00,256.00,522.00,370.00,382.00,370.00
372.00,253.00,511.00,253.00,511.00,367.00,372.00,367.00
367.00,251.00,505.00,251.00,505.00,364.00,367.00,364.00
375.00,240.00,511.00,240.00,511.00,352.00,375.00,352.00
374.00,225.00,510.00,225.00,510.00,336.00,374.00,336.00
376.00,217.00,512.00,217.00,512.00,329.00,376.00,329.00
377.00,217.00,511.00,217.00,511.00,329.00,377.00,329.00
377.00,213.00,511.00,213.00,511.00,323.00,377.00,323.00
380.00,204.00,512.00,204.00,512.00,313.00,380.00,313.00
375.00,204.00,505.00,204.00,505.00,314.00,375.00,314.00
378.00,198.00,507.00,198.00,507.00,307.00,378.00,307.00
380.00,199.00,508.00,199.00,508.00,306.00,380.00,306.00
382.00,198.00,506.00,198.00,506.00,302.00,382.00,302.00
387.00,199.00,509.00,199.00,509.00,302.00,387.00,302.00
390.00,197.00,513.00,197.00,513.00,300.00,390.00,300.00
389.00,196.00,512.00,196.00,512.00,300.00,389.00,300.00
391.00,199.00,512.00,199.00,512.00,301.00,391.00,301.00
392.00,194.00,514.00,194.00,514.00,297.00,392.00,297.00
388.00,195.00,510.00,195.00,510.00,300.00,388.00,300.00
389.00,192.00,511.00,192.00,511.00,297.00,389.00,297.00
385.00,197.00,502.00,197.00,502.00,299.00,385.00,299.00
384.00,196.00,503.00,196.00,503.00,299.00,384.00,299.00
382.00,195.00,502.00,195.00,502.00,298.00,382.00,298.00
373.00,196.00,492.00,196.00,492.00,300.00,373.00,300.00
366.00,196.00,486.00,196.00,486.00,300.00,366.00,300.00
361.00,194.00,484.00,194.00,484.00,300.00,361.00,300.00
358.00,193.00,480.00,193.00,480.00,298.00,358.00,298.00
354.00,198.00,475.00,198.00,475.00,304.00,354.00,304.00
348.00,195.00,469.00,195.00,469.00,301.00,348.00,301.00
347.00,196.00,469.00,196.00,469.00,300.00,347.00,300.00
348.00,194.00,467.00,194.00,467.00,297.00,348.00,297.00
336.00,197.00,454.00,197.00,454.00,299.00,336.00,299.00
336.00,197.00,454.00,197.00,454.00,300.00,336.00,300.00
330.00,200.00,447.00,200.00,447.00,302.00,330.00,302.00
332.00,197.00,451.00,197.00,451.00,300.00,332.00,300.00
326.00,197.00,442.00,197.00,442.00,301.00,326.00,301.00
324.00,198.00,440.00,198.00,440.00,300.00,324.00,300.00
317.00,201.00,431.00,201.00,431.00,302.00,317.00,302.00
313.00,204.00,427.00,204.00,427.00,305.00,313.00,305.00
312.00,202.00,425.00,202.00,425.00,301.00,312.00,301.00
316.00,206.00,428.00,206.00,428.00,305.00,316.00,305.00
322.00,207.00,431.00,207.00,431.00,305.00,322.00,305.00
329.00,207.00,441.00,207.00,441.00,305.00,329.00,305.00
334.00,209.00,445.00,209.00,445.00,307.00,334.00,307.00
339.00,208.00,448.00,208.00,448.00,306.00,339.00,306.00
338.00,210.00,447.00,210.00,447.00,308.00,338.00,308.00
334.00,207.00,443.00,207.00,443.00,303.00,334.00,303.00
329.00,210.00,436.00,210.00,436.00,305.00,329.00,305.00
326.00,208.00,432.00,208.00,432.00,303.00,326.00,303.00
321.00,209.00,428.00,209.00,428.00,305.00,321.00,305.00
317.00,206.00,424.00,206.00,424.00,302.00,317.00,302.00
314.00,204.00,422.00,204.00,422.00,300.00,314.00,300.00
310.00,207.00,416.00,207.00,416.00,303.00,310.00,303.00
308.00,200.00,415.00,200.00,415.00,297.00,308.00,297.00
313.00,201.00,419.00,201.00,419.00,297.00,313.00,297.00
317.00,202.00,422.00,202.00,422.00,299.00,317.00,299.00
319.00,199.00,422.00,199.00,422.00,295.00,319.00,295.00
318.00,201.00,420.00,201.00,420.00,295.00,318.00,295.00
320.00,197.00,423.00,197.00,423.00,291.00,320.00,291.00
327.00,193.00,433.00,193.00,433.00,290.00,327.00,290.00
330.00,189.00,435.00,189.00,435.00,285.00,330.00,285.00
336.00,197.00,436.00,197.00,436.00,291.00,336.00,291.00
344.00,190.00,447.00,190.00,447.00,284.00,344.00,284.00
348.00,189.00,449.00,189.00,449.00,281.00,348.00,281.00
351.00,189.00,453.00,189.00,453.00,282.00,351.00,282.00
361.00,194.00,461.00,194.00,461.00,286.00,361.00,286.00
370.00,185.00,471.00,185.00,471.00,278.00,370.00,278.00
370.00,187.00,472.00,187.00,472.00,279.00,370.00,279.00
375.00,186.00,476.00,186.00,476.00,280.00,375.00,280.00
376.00,181.00,478.00,181.00,478.00,274.00,376.00,274.00
373.00,184.00,476.00,184.00,476.00,277.00,373.00,277.00
371.00,182.00,475.00,182.00,475.00,276.00,371.00,276.00
368.00,180.00,471.00,180.00,471.00,273.00,368.00,273.00
364.00,181.00,467.00,181.00,467.00,274.00,364.00,274.00
364.00,178.00,466.00,178.00,466.00,270.00,364.00,270.00
365.00,170.00,465.00,170.00,465.00,260.00,365.00,260.00
364.00,176.00,466.00,176.00,466.00,267.00,364.00,267.00
363.00,173.00,465.00,173.00,465.00,263.00,363.00,263.00
366.00,167.00,465.00,167.00,465.00,257.00,366.00,257.00
366.00,168.00,463.00,168.00,463.00,255.00,366.00,255.00
365.00,165.00,461.00,165.00,461.00,252.00,365.00,252.00
363.00,172.00,460.00,172.00,460.00,257.00,363.00,257.00
363.00,172.00,459.00,172.00,459.00,256.00,363.00,256.00
361.00,174.00,457.00,174.00,457.00,258.00,361.00,258.00
361.00,171.00,456.00,171.00,456.00,253.00,361.00,253.00
361.00,173.00,454.00,173.00,454.00,254.00,361.00,254.00
357.00,178.00,451.00,178.00,451.00,258.00,357.00,258.00
360.00,177.00,452.00,177.00,452.00,256.00,360.00,256.00
356.00,183.00,447.00,183.00,447.00,261.00,356.00,261.00
355.00,176.00,446.00,176.00,446.00,254.00,355.00,254.00
353.00,185.00,442.00,185.00,442.00,261.00,353.00,261.00
355.00,180.00,443.00,180.00,443.00,255.00,355.00,255.00
351.00,188.00,440.00,188.00,440.00,262.00,351.00,262.00
349.00,193.00,439.00,193.00,439.00,266.00,349.00,266.00
348.00,193.00,435.00,193.00,435.00,265.00,348.00,265.00
345.00,196.00,435.00,196.00,435.00,269.00,345.00,269.00
342.00,197.00,431.00,197.00,431.00,270.00,342.00,270.00
333.00,227.00,424.00,227.00,424.00,299.00,333.00,299.00
328.00,236.00,418.00,236.00,418.00,306.00,328.00,306.00
319.00,247.00,408.00,247.00,408.00,317.00,319.00,317.00
325.00,229.00,412.00,229.00,412.00,299.00,325.00,299.00
320.00,251.00,409.00,251.00,409.00,320.00,320.00,320.00
316.00,257.00,405.00,257.00,405.00,325.00,316.00,325.00
315.00,259.00,403.00,259.00,403.00,327.00,315.00,327.00
315.00,259.00,403.00,259.00,403.00,326.00,315.00,326.00
317.00,263.00,403.00,263.00,403.00,329.00,317.00,329.00
316.00,264.00,402.00,264.00,402.00,330.00,316.00,330.00
311.00,267.00,395.00,267.00,395.00,333.00,311.00,333.00
317.00,270.00,401.00,270.00,401.00,335.00,317.00,335.00
319.00,272.00,402.00,272.00,402.00,335.00,319.00,335.00
316.00,273.00,400.00,273.00,400.00,336.00,316.00,336.00
317.00,278.00,399.00,278.00,399.00,339.00,317.00,339.00
315.00,276.00,397.00,276.00,397.00,338.00,315.00,338.00
314.00,280.00,397.00,280.00,397.00,344.00,314.00,344.00
316.00,283.00,398.00,283.00,398.00,346.00,316.00,346.00
311.00,284.00,393.00,284.00,393.00,347.00,311.00,347.00
315.00,292.00,395.00,292.00,395.00,354.00,315.00,354.00
312.00,298.00,391.00,298.00,391.00,359.00,312.00,359.00
312.00,299.00,392.00,299.00,392.00,360.00,312.00,360.00
314.00,305.00,391.00,305.00,391.00,363.00,314.00,363.00
316.00,308.00,392.00,308.00,392.00,365.00,316.00,365.00
314.00,312.00,389.00,312.00,389.00,367.00,314.00,367.00
315.00,312.00,389.00,312.00,389.00,368.00,315.00,368.00
314.00,312.00,388.00,312.00,388.00,368.00,314.00,368.00
305.00,315.00,381.00,315.00,381.00,371.00,305.00,371.00
313.00,318.00,386.00,318.00,386.00,373.00,313.00,373.00
315.00,321.00,389.00,321.00,389.00,376.00,315.00,376.00
311.00,324.00,384.00,324.00,384.00,379.00,311.00,379.00
305.00,324.00,376.00,324.00,376.00,378.00,305.00,378.00
295.00,327.00,368.00,327.00,368.00,381.00,295.00,381.00
284.00,329.00,358.00,329.00,358.00,383.00,284.00,383.00
284.00,330.00,357.00,330.00,357.00,384.00,284.00,384.00
278.00,333.00,351.00,333.00,351.00,387.00,278.00,387.00
270.00,335.00,342.00,335.00,342.00,388.00,270.00,388.00
267.00,336.00,339.00,336.00,339.00,389.00,267.00,389.00
267.00,340.00,337.00,340.00,337.00,392.00,267.00,392.00
264.00,339.00,333.00,339.00,333.00,391.00,264.00,391.00
263.00,343.00,331.00,343.00,331.00,393.00,263.00,393.00
261.00,343.00,328.00,343.00,328.00,394.00,261.00,394.00
266.00,347.00,330.00,347.00,330.00,396.00,266.00,396.00
258.00,346.00,323.00,346.00,323.00,395.00,258.00,395.00
257.00,347.00,321.00,347.00,321.00,396.00,257.00,396.00
260.00,348.00,323.00,348.00,323.00,397.00,260.00,397.00
264.00,352.00,327.00,352.00,327.00,399.00,264.00,399.00
263.00,351.00,326.00,351.00,326.00,400.00,263.00,400.00
262.00,352.00,325.00,352.00,325.00,400.00,262.00,400.00
262.00,353.00,325.00,353.00,325.00,401.00,262.00,401.00
267.00,356.00,330.00,356.00,330.00,403.00,267.00,403.00
270.00,356.00,332.00,356.00,332.00,403.00,270.00,403.00
268.00,358.00,331.00,358.00,331.00,405.00,268.00,405.00
269.00,362.00,332.00,362.00,332.00,409.00,269.00,409.00
267.00,361.00,329.00,361.00,329.00,408.00,267.00,408.00
270.00,362.00,332.00,362.00,332.00,408.00,270.00,408.00
273.00,364.00,335.00,364.00,335.00,410.00,273.00,410.00
273.00,364.00,335.00,364.00,335.00,410.00,273.00,410.00
278.00,366.00,337.00,366.00,337.00,410.00,278.00,410.00
274.00,366.00,334.00,366.00,334.00,411.00,274.00,411.00
279.00,366.00,336.00,366.00,336.00,410.00,279.00,410.00
276.00,368.00,334.00,368.00,334.00,412.00,276.00,412.00
275.00,369.00,333.00,369.00,333.00,413.00,275.00,413.00
275.00,367.00,332.00,367.00,332.00,411.00,275.00,411.00
279.00,367.00,334.00,367.00,334.00,410.00,279.00,410.00
279.00,370.00,334.00,370.00,334.00,412.00,279.00,412.00
279.00,369.00,333.00,369.00,333.00,410.00,279.00,410.00
287.00,369.00,339.00,369.00,339.00,410.00,287.00,410.00
295.00,370.00,344.00,370.00,344.00,410.00,295.00,410.00
300.00,370.00,349.00,370.00,349.00,410.00,300.00,410.00
305.00,368.00,352.00,368.00,352.00,407.00,305.00,407.00
305.00,370.00,353.00,370.00,353.00,408.00,305.00,408.00
309.00,372.00,355.00,372.00,355.00,409.00,309.00,409.00
311.00,373.00,356.00,373.00,356.00,410.00,311.00,410.00
316.00,373.00,362.00,373.00,362.00,410.00,316.00,410.00
314.00,372.00,359.00,372.00,359.00,409.00,314.00,409.00
311.00,372.00,356.00,372.00,356.00,409.00,311.00,409.00
309.00,371.00,354.00,371.00,354.00,407.00,309.00,407.00
311.00,372.00,354.00,372.00,354.00,407.00,311.00,407.00
309.00,371.00,352.00,371.00,352.00,405.00,309.00,405.00
311.00,366.00,353.00,366.00,353.00,399.00,311.00,399.00
308.00,364.00,351.00,364.00,351.00,398.00,308.00,398.00
307.00,359.00,350.00,359.00,350.00,392.00,307.00,392.00
307.00,356.00,350.00,356.00,350.00,389.00,307.00,389.00
307.00,354.00,349.00,354.00,349.00,387.00,307.00,387.00
307.00,348.00,349.00,348.00,349.00,381.00,307.00,381.00
308.00,345.00,348.00,345.00,348.00,378.00,308.00,378.00
300.00,342.00,340.00,342.00,340.00,374.00,300.00,374.00
299.00,340.00,338.00,340.00,338.00,371.00,299.00,371.00
301.00,336.00,339.00,336.00,339.00,367.00,301.00,367.00
303.00,335.00,340.00,335.00,340.00,366.00,303.00,366.00
301.00,333.00,339.00,333.00,339.00,364.00,301.00,364.00
300.00,328.00,336.00,328.00,336.00,359.00,300.00,359.00
299.00,330.00,337.00,330.00,337.00,361.00,299.00,361.00
300.00,326.00,337.00,326.00,337.00,357.00,300.00,357.00
301.00,324.00,338.00,324.00,338.00,354.00,301.00,354.00
299.00,322.00,337.00,322.00,337.00,352.00,299.00,352.00
296.00,321.00,332.00,321.00,332.00,350.00,296.00,350.00
295.00,320.00,330.00,320.00,330.00,348.00,295.00,348.00
295.00,319.00,329.00,319.00,329.00,346.00,295.00,346.00
295.00,318.00,329.00,318.00,329.00,346.00,295.00,346.00
297.00,317.00,331.00,317.00,331.00,344.00,297.00,344.00
298.00,316.00,331.00,316.00,331.00,343.00,298.00,343.00
296.00,313.00,329.00,313.00,329.00,340.00,296.00,340.00
296.00,313.00,329.00,313.00,329.00,339.00,296.00,339.00
299.00,310.00,332.00,310.00,332.00,336.00,299.00,336.00
302.00,308.00,334.00,308.00,334.00,333.00,302.00,333.00
303.00,307.00,335.00,307.00,335.00,332.00,303.00,332.00
300.00,308.00,333.00,308.00,333.00,334.00,300.00,334.00
302.00,306.00,334.00,306.00,334.00,332.00,302.00,332.00
304.00,306.00,336.00,306.00,336.00,331.00,304.00,331.00
305.00,304.00,337.00,304.00,337.00,329.00,305.00,329.00
307.00,302.00,338.00,302.00,338.00,327.00,307.00,327.00
305.00,303.00,336.00,303.00,336.00,327.00,305.00,327.00
301.00,300.00,332.00,300.00,332.00,324.00,301.00,324.00
298.00,299.00,330.00,299.00,330.00,324.00,298.00,324.00
295.00,297.00,326.00,297.00,326.00,321.00,295.00,321.00
290.00,295.00,321.00,295.00,321.00,320.00,290.00,320.00
291.00,292.00,322.00,292.00,322.00,317.00,291.00,317.00
291.00,289.00,321.00,289.00,321.00,314.00,291.00,314.00
290.00,288.00,321.00,288.00,321.00,313.00,290.00,313.00
289.00,285.00,321.00,285.00,321.00,310.00,289.00,310.00
291.00,283.00,322.00,283.00,322.00,308.00,291.00,308.00
290.00,282.00,321.00,282.00,321.00,308.00,290.00,308.00
291.00,278.00,322.00,278.00,322.00,303.00,291.00,303.00
295.00,279.00,325.00,279.00,325.00,304.00,295.00,304.00
294.00,277.00,325.00,277.00,325.00,303.00,294.00,303.00
295.00,274.00,326.00,274.00,326.00,300.00,295.00,300.00
298.00,272.00,329.00,272.00,329.00,298.00,298.00,298.00
302.00,270.00,332.00,270.00,332.00,296.00,302.00,296.00
304.00,268.00,335.00,268.00,335.00,294.00,304.00,294.00
308.00,267.00,339.00,267.00,339.00,293.00,308.00,293.00
312.00,265.00,342.00,265.00,342.00,291.00,312.00,291.00
315.00,265.00,346.00,265.00,346.00,291.00,315.00,291.00
320.00,262.00,350.00,262.00,350.00,288.00,320.00,288.00
322.00,261.00,352.00,261.00,352.00,286.00,322.00,286.00
325.00,259.00,355.00,259.00,355.00,284.00,325.00,284.00
329.00,258.00,358.00,258.00,358.00,283.00,329.00,283.00
330.00,256.00,360.00,256.00,360.00,282.00,330.00,282.00
335.00,257.00,365.00,257.00,365.00,282.00,335.00,282.00
339.00,257.00,369.00,257.00,369.00,283.00,339.00,283.00
343.00,258.00,373.00,258.00,373.00,284.00,343.00,284.00
345.00,258.00,376.00,258.00,376.00,284.00,345.00,284.00
349.00,260.00,379.00,260.00,379.00,286.00,349.00,286.00
355.00,260.00,386.00,260.00,386.00,286.00,355.00,286.00
359.00,262.00,389.00,262.00,389.00,288.00,359.00,288.00
359.00,265.00,389.00,265.00,389.00,291.00,359.00,291.00
362.00,264.00,392.00,264.00,392.00,290.00,362.00,290.00
362.00,264.00,392.00,264.00,392.00,290.00,362.00,290.00
365.00,264.00,395.00,264.00,395.00,290.00,365.00,290.00
367.00,266.00,397.00,266.00,397.00,292.00,367.00,292.00
367.00,265.00,397.00,265.00,397.00,291.00,367.00,291.00
366.00,265.00,395.00,265.00,395.00,291.00,366.00,291.00
369.00,265.00,398.00,265.00,398.00,291.00,369.00,291.00
366.00,265.00,396.00,265.00,396.00,291.00,366.00,291.00
367.00,265.00,396.00,265.00,396.00,291.00,367.00,291.00
368.00,266.00,396.00,266.00,396.00,292.00,368.00,292.00
367.00,267.00,395.00,267.00,395.00,293.00,367.00,293.00
369.00,268.00,397.00,268.00,397.00,294.00,369.00,294.00
370.00,271.00,398.00,271.00,398.00,296.00,370.00,296.00
372.00,272.00,400.00,272.00,400.00,297.00,372.00,297.00
375.00,272.00,403.00,272.00,403.00,297.00,375.00,297.00
376.00,273.00,404.00,273.00,404.00,298.00,376.00,298.00
376.00,272.00,403.00,272.00,403.00,297.00,376.00,297.00
378.00,272.00,405.00,272.00,405.00,296.00,378.00,296.00
380.00,271.00,407.00,271.00,407.00,296.00,380.00,296.00
379.00,271.00,406.00,271.00,406.00,295.00,379.00,295.00
379.00,270.00,406.00,270.00,406.00,294.00,379.00,294.00
379.00,269.00,406.00,269.00,406.00,293.00,379.00,293.00
381.00,268.00,408.00,268.00,408.00,292.00,381.00,292.00
383.00,267.00,410.00,267.00,410.00,291.00,383.00,291.00
381.00,265.00,408.00,265.00,408.00,290.00,381.00,290.00
381.00,265.00,408.00,265.00,408.00,289.00,381.00,289.00
381.00,264.00,408.00,264.00,408.00,288.00,381.00,288.00
385.00,262.00,411.00,262.00,411.00,286.00,385.00,286.00
386.00,260.00,412.00,260.00,412.00,284.00,386.00,284.00
386.00,261.00,412.00,261.00,412.00,285.00,386.00,285.00
389.00,259.00,414.00,259.00,414.00,283.00,389.00,283.00
390.00,258.00,416.00,258.00,416.00,282.00,390.00,282.00
391.00,258.00,417.00,258.00,417.00,282.00,391.00,282.00
392.00,255.00,418.00,255.00,418.00,279.00,392.00,279.00
394.00,256.00,420.00,256.00,420.00,279.00,394.00,279.00
394.00,255.00,419.00,255.00,419.00,278.00,394.00,278.00
395.00,255.00,420.00,255.00,420.00,278.00,395.00,278.00
392.00,254.00,417.00,254.00,417.00,277.00,392.00,277.00
392.00,251.00,417.00,251.00,417.00,274.00,392.00,274.00
391.00,253.00,415.00,253.00,415.00,276.00,391.00,276.00
387.00,253.00,412.00,253.00,412.00,276.00,387.00,276.00
383.00,254.00,407.00,254.00,407.00,277.00,383.00,277.00
379.00,254.00,404.00,254.00,404.00,278.00,379.00,278.00
376.00,254.00,400.00,254.00,400.00,277.00,376.00,277.00
373.00,254.00,397.00,254.00,397.00,277.00,373.00,277.00
369.00,255.00,393.00,255.00,393.00,277.00,369.00,277.00
363.00,254.00,387.00,254.00,387.00,276.00,363.00,276.00
361.00,255.00,384.00,255.00,384.00,277.00,361.00,277.00
361.00,256.00,384.00,256.00,384.00,278.00,361.00,278.00
359.00,255.00,382.00,255.00,382.00,277.00,359.00,277.00
359.00,256.00,381.00,256.00,381.00,276.00,359.00,276.00
358.00,257.00,380.00,257.00,380.00,277.00,358.00,277.00
358.00,258.00,379.00,258.00,379.00,278.00,358.00,278.00
359.00,258.00,380.00,258.00,380.00,278.00,359.00,278.00
361.00,259.00,382.00,259.00,382.00,279.00,361.00,279.00
361.00,259.00,383.00,259.00,383.00,280.00,361.00,280.00
361.00,260.00,383.00,260.00,383.00,281.00,361.00,281.00
363.00,260.00,385.00,260.00,385.00,281.00,363.00,281.00
364.00,263.00,387.00,263.00,387.00,284.00,364.00,284.00
366.00,262.00,388.00,262.00,388.00,283.00,366.00,283.00
367.00,262.00,388.00,262.00,388.00,282.00,367.00,282.00
370.00,261.00,391.00,261.00,391.00,281.00,370.00,281.00
372.00,259.00,392.00,259.00,392.00,279.00,372.00,279.00
373.00,256.00,393.00,256.00,393.00,276.00,373.00,276.00
375.00,246.00,395.00,246.00,395.00,265.00,375.00,265.00
376.00,241.00,396.00,241.00,396.00,260.00,376.00,260.00
377.00,238.00,397.00,238.00,397.00,257.00,377.00,257.00
381.00,236.00,401.00,236.00,401.00,254.00,381.00,254.00
384.00,238.00,404.00,238.00,404.00,257.00,384.00,257.00
387.00,234.00,407.00,234.00,407.00,252.00,387.00,252.00
392.00,233.00,411.00,233.00,411.00,251.00,392.00,251.00
395.00,229.00,414.00,229.00,414.00,246.00,395.00,246.00
399.00,228.00,418.00,228.00,418.00,246.00,399.00,246.00
404.00,227.00,422.00,227.00,422.00,244.00,404.00,244.00
407.00,226.00,425.00,226.00,425.00,243.00,407.00,243.00
412.00,225.00,430.00,225.00,430.00,242.00,412.00,242.00
415.00,224.00,433.00,224.00,433.00,241.00,415.00,241.00
419.00,222.00,437.00,222.00,437.00,239.00,419.00,239.00
422.00,224.00,441.00,224.00,441.00,241.00,422.00,241.00
425.00,222.00,443.00,222.00,443.00,239.00,425.00,239.00
426.00,223.00,444.00,223.00,444.00,240.00,426.00,240.00
426.00,223.00,443.00,223.00,443.00,239.00,426.00,239.00
427.00,223.00,444.00,223.00,444.00,239.00,427.00,239.00
427.00,223.00,444.00,223.00,444.00,239.00,427.00,239.00
425.00,222.00,442.00,222.00,442.00,237.00,425.00,237.00
425.00,222.00,441.00,222.00,441.00,237.00,425.00,237.00
426.00,221.00,443.00,221.00,443.00,237.00,426.00,237.00
426.00,221.00,442.00,221.00,442.00,236.00,426.00,236.00
425.00,222.00,441.00,222.00,441.00,237.00,425.00,237.00
425.00,220.00,441.00,220.00,441.00,236.00,425.00,236.00
425.00,219.00,441.00,219.00,441.00,235.00,425.00,235.00
426.00,219.00,442.00,219.00,442.00,234.00,426.00,234.00
426.00,218.00,442.00,218.00,442.00,234.00,426.00,234.00
428.00,218.00,444.00,218.00,444.00,233.00,428.00,233.00
429.00,216.00,445.00,216.00,445.00,231.00,429.00,231.00
431.00,214.00,447.00,214.00,447.00,230.00,431.00,230.00
433.00,212.00,449.00,212.00,449.00,228.00,433.00,228.00
434.00,211.00,450.00,211.00,450.00,226.00,434.00,226.00
438.00,210.00,454.00,210.00,454.00,225.00,438.00,225.00
439.00,208.00,455.00,208.00,455.00,224.00,439.00,224.00
443.00,204.00,459.00,204.00,459.00,219.00,443.00,219.00
447.00,201.00,463.00,201.00,463.00,216.00,447.00,216.00
450.00,201.00,465.00,201.00,465.00,215.00,450.00,215.00
453.00,198.00,468.00,198.00,468.00,213.00,453.00,213.00
455.00,196.00,471.00,196.00,471.00,211.00,455.00,211.00
460.00,190.00,475.00,190.00,475.00,205.00,460.00,205.00
463.00,188.00,478.00,188.00,478.00,203.00,463.00,203.00
453.00,181.00,468.00,181.00,468.00,196.00,453.00,196.00
444.00,179.00,459.00,179.00,459.00,194.00,444.00,194.00
445.00,177.00,460.00,177.00,460.00,192.00,445.00,192.00
446.00,174.00,461.00,174.00,461.00,189.00,446.00,189.00
444.00,173.00,459.00,173.00,459.00,188.00,444.00,188.00
441.00,172.00,456.00,172.00,456.00,187.00,441.00,187.00
433.00,171.00,448.00,171.00,448.00,186.00,433.00,186.00
424.00,170.00,439.00,170.00,439.00,185.00,424.00,185.00
420.00,169.00,435.00,169.00,435.00,183.00,420.00,183.00
414.00,169.00,430.00,169.00,430.00,184.00,414.00,184.00
414.00,166.00,430.00,166.00,430.00,181.00,414.00,181.00
407.00,164.00,422.00,164.00,422.00,179.00,407.00,179.00
398.00,164.00,413.00,164.00,413.00,178.00,398.00,178.00
390.00,162.00,405.00,162.00,405.00,176.00,390.00,176.00
383.00,163.00,399.00,163.00,399.00,177.00,383.00,177.00
374.00,161.00,390.00,161.00,390.00,175.00,374.00,175.00
376.00,160.00,391.00,160.00,391.00,174.00,376.00,174.00
386.00,162.00,401.00,162.00,401.00,176.00,386.00,176.00
392.00,158.00,407.00,158.00,407.00,172.00,392.00,172.00
401.00,159.00,416.00,159.00,416.00,173.00,401.00,173.00
410.00,160.00,426.00,160.00,426.00,176.00,410.00,176.00
419.00,161.00,434.00,161.00,434.00,175.00,419.00,175.00
410.00,158.00,425.00,158.00,425.00,172.00,410.00,172.00
2
0
0
0
0
1
367.00,152.00,391.00,152.00,391.00,175.00,367.00,175.00
381.51,143.91,399.12,145.01,397.47,171.47,379.85,170.37
391.36,143.04,410.00,145.00,407.21,171.55,388.57,169.59
397.07,140.44,416.12,144.45,410.54,170.95,391.49,166.94
401.84,139.97,421.14,143.19,416.68,169.95,397.38,166.73
400.01,140.89,419.11,143.01,416.26,168.70,397.16,166.57
395.16,139.03,414.14,142.19,409.73,168.62,390.76,165.46
387.00,145.00,405.00,145.00,405.00,168.00,387.00,168.00
382.29,137.05,401.28,140.40,396.56,167.16,377.56,163.81
375.24,138.80,395.00,141.00,392.26,165.70,372.50,163.50
369.00,144.00,388.00,144.00,388.00,166.00,369.00,166.00
384.00,140.00,389.87,161.15,367.59,167.34,361.72,146.19
358.42,142.85,378.00,144.00,376.74,165.34,357.17,164.19
358.33,135.57,378.00,144.00,367.55,168.38,347.88,159.95
368.67,143.61,373.66,164.79,351.03,170.11,346.04,148.93
346.35,140.27,366.15,144.23,361.19,169.04,341.38,165.08
339.59,141.17,360.36,145.07,355.53,170.85,334.76,166.95
344.21,141.34,365.17,146.28,359.35,171.02,338.39,166.09
345.06,141.73,366.37,146.29,361.05,171.08,339.75,166.52
347.77,142.15,368.54,146.31,363.42,171.88,342.65,167.73
369.00,147.00,373.30,167.41,349.26,172.47,344.96,152.06
372.95,145.79,377.66,166.96,353.62,172.31,348.92,151.13
357.83,139.43,379.00,145.00,372.45,169.91,351.28,164.34
381.94,141.66,385.63,162.59,359.51,167.20,355.81,146.27
372.20,131.60,393.00,142.00,381.00,166.00,360.20,155.60
371.15,135.32,394.16,140.25,389.10,163.88,366.08,158.95
376.44,135.19,399.14,139.20,395.07,162.25,372.37,158.24
404.82,138.87,408.17,160.08,382.39,164.15,379.04,142.94
383.00,141.00,407.00,141.00,407.00,161.00,383.00,161.00
411.77,137.85,415.77,157.85,387.88,163.42,383.88,143.42
392.97,132.11,416.30,138.97,409.55,161.93,386.22,155.06
417.66,137.81,423.28,157.49,395.42,165.45,389.79,145.77
421.69,137.62,425.88,156.07,396.14,162.83,391.95,144.38
430.82,137.29,435.53,156.12,401.65,164.59,396.94,145.76
426.73,138.83,431.10,158.02,403.26,164.35,398.90,145.16
419.02,127.42,440.00,141.00,424.84,164.43,403.86,150.85
407.00,140.00,435.00,140.00,435.00,161.00,407.00,161.00
433.00,141.00,434.74,159.26,407.13,161.89,405.39,143.63
433.79,138.86,437.41,158.74,408.54,163.99,404.93,144.10
432.63,138.58,437.44,157.02,407.84,164.74,403.03,146.30
431.00,137.00,433.59,156.88,403.67,160.78,401.07,140.90
429.94,135.76,434.71,154.82,403.41,162.65,398.65,143.59
425.47,136.93,426.37,155.70,396.48,157.12,395.59,138.35
424.76,134.84,428.90,154.73,397.95,161.18,393.81,141.29
401.72,122.69,430.00,134.00,420.28,158.31,392.00,147.00
421.95,133.68,425.19,153.14,392.11,158.65,388.86,139.19
418.62,133.92,421.00,153.00,390.48,156.82,388.09,137.74
418.95,132.79,423.00,151.00,391.13,158.08,387.08,139.87
418.76,131.54,422.00,151.00,389.08,156.49,385.84,137.03
416.59,131.89,420.27,151.02,388.52,157.13,384.84,137.99
415.79,131.71,418.95,151.41,386.03,156.68,382.88,136.98
412.97,131.82,416.59,151.41,384.65,157.32,381.03,137.74
410.83,132.87,413.84,152.49,382.06,157.38,379.04,137.76
409.97,131.83,413.45,152.03,381.34,157.56,377.86,137.37
405.98,134.86,408.70,153.90,379.16,158.12,376.44,139.08
409.89,135.09,412.22,155.24,374.57,159.59,372.24,139.43
401.99,138.85,403.44,158.38,372.94,160.63,371.49,141.11
400.96,139.72,403.64,158.48,370.88,163.16,368.20,144.40
368.00,141.00,398.00,141.00,398.00,161.00,368.00,161.00
366.00,143.00,397.00,143.00,397.00,162.00,366.00,162.00
393.88,142.91,396.05,163.14,364.55,166.51,362.39,146.28
392.10,143.92,393.46,163.62,363.02,165.72,361.66,146.02
359.00,140.00,390.00,140.00,390.00,165.00,359.00,165.00
384.58,145.95,385.27,165.78,354.48,166.85,353.79,147.01
384.00,141.00,389.42,160.88,355.92,170.02,350.49,150.14
373.97,144.82,377.34,163.01,349.01,168.26,345.64,150.07
379.74,142.84,383.72,160.73,346.76,168.94,342.79,151.05
368.95,144.78,373.06,162.60,345.89,168.87,341.78,151.05
376.06,142.76,380.20,161.40,342.93,169.68,338.79,151.05
