1
759.00,260.00,888.00,260.00,888.00,445.00,759.00,445.00
757.00,261.00,895.00,261.00,895.00,443.00,757.00,443.00
760.00,260.00,897.00,260.00,897.00,440.00,760.00,440.00
755.00,261.00,903.00,261.00,903.00,442.00,755.00,442.00
758.00,256.00,912.00,256.00,912.00,435.00,758.00,435.00
757.00,254.00,915.00,254.00,915.00,436.00,757.00,436.00
765.00,261.00,911.00,261.00,911.00,440.00,765.00,440.00
779.00,250.00,927.00,250.00,927.00,432.00,779.00,432.00
750.00,271.00,890.00,271.00,890.00,452.00,750.00,452.00
789.00,238.00,945.00,238.00,945.00,416.00,789.00,416.00
800.00,234.00,954.00,234.00,954.00,418.00,800.00,418.00
805.00,231.00,960.00,231.00,960.00,409.00,805.00,409.00
806.00,232.00,964.00,232.00,964.00,415.00,806.00,415.00
810.00,222.00,969.00,222.00,969.00,402.00,810.00,402.00
825.00,216.00,980.00,216.00,980.00,407.00,825.00,407.00
833.00,212.00,989.00,212.00,989.00,405.00,833.00,405.00
853.00,200.00,993.00,200.00,993.00,392.00,853.00,392.00
859.00,202.00,999.00,202.00,999.00,394.00,859.00,394.00
858.00,199.00,1001.00,199.00,1001.00,398.00,858.00,398.00
867.00,189.00,1006.00,189.00,1006.00,389.00,867.00,389.00
873.00,180.00,1015.00,180.00,1015.00,378.00,873.00,378.00
878.00,176.00,1018.00,176.00,1018.00,376.00,878.00,376.00
886.00,169.00,1024.00,169.00,1024.00,369.00,886.00,369.00
878.00,165.00,1027.00,165.00,1027.00,377.00,878.00,377.00
882.00,160.00,1031.00,160.00,1031.00,375.00,882.00,375.00
878.00,159.00,1033.00,159.00,1033.00,374.00,878.00,374.00
889.00,153.00,1042.00,153.00,1042.00,369.00,889.00,369.00
892.00,151.00,1045.00,151.00,1045.00,361.00,892.00,361.00
896.00,145.00,1046.00,145.00,1046.00,351.00,896.00,351.00
894.00,143.00,1047.00,143.00,1047.00,354.00,894.00,354.00
896.00,142.00,1049.00,142.00,1049.00,337.00,896.00,337.00
895.00,145.00,1049.00,145.00,1049.00,344.00,895.00,344.00
884.00,148.00,1041.00,148.00,1041.00,358.00,884.00,358.00
892.00,143.00,1048.00,143.00,1048.00,354.00,892.00,354.00
891.00,147.00,1047.00,147.00,1047.00,356.00,891.00,356.00
864.00,157.00,1031.00,157.00,1031.00,384.00,864.00,384.00
847.00,163.00,1013.00,163.00,1013.00,382.00,847.00,382.00
824.00,166.00,988.00,166.00,988.00,381.00,824.00,381.00
784.00,179.00,931.00,179.00,931.00,391.00,784.00,391.00
819.00,166.00,988.00,166.00,988.00,398.00,819.00,398.00
809.00,169.00,979.00,169.00,979.00,401.00,809.00,401.00
797.00,173.00,971.00,173.00,971.00,400.00,797.00,400.00
791.00,172.00,963.00,172.00,963.00,393.00,791.00,393.00
739.00,165.00,925.00,165.00,925.00,412.00,739.00,412.00
717.00,153.00,912.00,153.00,912.00,402.00,717.00,402.00
680.00,128.00,883.00,128.00,883.00,359.00,680.00,359.00
701.00,152.00,895.00,152.00,895.00,379.00,701.00,379.00
684.00,164.00,881.00,164.00,881.00,390.00,684.00,390.00
693.00,178.00,885.00,178.00,885.00,395.00,693.00,395.00
713.00,192.00,889.00,192.00,889.00,406.00,713.00,406.00
714.00,200.00,891.00,200.00,891.00,424.00,714.00,424.00
701.00,227.00,889.00,227.00,889.00,466.00,701.00,466.00
691.00,236.00,882.00,236.00,882.00,479.00,691.00,479.00
654.00,241.00,868.00,241.00,868.00,513.00,654.00,513.00
661.00,241.00,859.00,241.00,859.00,495.00,661.00,495.00
611.00,243.00,825.00,243.00,825.00,513.00,611.00,513.00
594.00,246.00,813.00,246.00,813.00,517.00,594.00,517.00
582.00,246.00,800.00,246.00,800.00,524.00,582.00,524.00
568.00,246.00,797.00,246.00,797.00,547.00,568.00,547.00
562.00,254.00,789.00,254.00,789.00,557.00,562.00,557.00
559.00,265.00,777.00,265.00,777.00,567.00,559.00,567.00
552.00,273.00,764.00,273.00,764.00,563.00,552.00,563.00
547.00,282.00,750.00,282.00,750.00,567.00,547.00,567.00
546.00,286.00,748.00,286.00,748.00,569.00,546.00,569.00
543.00,292.00,736.00,292.00,736.00,570.00,543.00,570.00
527.00,298.00,724.00,298.00,724.00,578.00,527.00,578.00
523.00,314.00,721.00,314.00,721.00,574.00,523.00,574.00
520.00,317.00,716.00,317.00,716.00,573.00,520.00,573.00
521.00,319.00,713.00,319.00,713.00,577.00,521.00,577.00
515.00,327.00,703.00,327.00,703.00,581.00,515.00,581.00
513.00,333.00,701.00,333.00,701.00,568.00,513.00,568.00
506.00,343.00,696.00,343.00,696.00,567.00,506.00,567.00
504.00,349.00,692.00,349.00,692.00,562.00,504.00,562.00
502.00,353.00,694.00,353.00,694.00,559.00,502.00,559.00
495.00,358.00,688.00,358.00,688.00,566.00,495.00,566.00
