1
759.00,260.00,887.00,260.00,887.00,443.00,759.00,443.00
760.00,263.00,890.00,263.00,890.00,440.00,760.00,440.00
761.00,262.00,895.00,262.00,895.00,438.00,761.00,438.00
757.00,260.00,901.00,260.00,901.00,436.00,757.00,436.00
756.00,258.00,907.00,258.00,907.00,434.00,756.00,434.00
760.00,255.00,914.00,255.00,914.00,429.00,760.00,429.00
753.00,282.00,884.00,282.00,884.00,450.00,753.00,450.00
733.00,300.00,859.00,300.00,859.00,479.00,733.00,479.00
728.00,296.00,857.00,296.00,857.00,483.00,728.00,483.00
724.00,281.00,857.00,281.00,857.00,483.00,724.00,483.00
764.00,280.00,896.00,280.00,896.00,453.00,764.00,453.00
801.00,236.00,958.00,236.00,958.00,404.00,801.00,404.00
811.00,230.00,962.00,230.00,962.00,398.00,811.00,398.00
814.00,224.00,970.00,224.00,970.00,402.00,814.00,402.00
825.00,216.00,980.00,216.00,980.00,400.00,825.00,400.00
838.00,211.00,987.00,211.00,987.00,397.00,838.00,397.00
852.00,211.00,993.00,211.00,993.00,394.00,852.00,394.00
863.00,198.00,1001.00,198.00,1001.00,370.00,863.00,370.00
868.00,189.00,1005.00,189.00,1005.00,372.00,868.00,372.00
867.00,198.00,1007.00,198.00,1007.00,379.00,867.00,379.00
869.00,193.00,1011.00,193.00,1011.00,375.00,869.00,375.00
878.00,186.00,1016.00,186.00,1016.00,365.00,878.00,365.00
888.00,172.00,1024.00,172.00,1024.00,348.00,888.00,348.00
877.00,177.00,1025.00,177.00,1025.00,368.00,877.00,368.00
881.00,170.00,1030.00,170.00,1030.00,361.00,881.00,361.00
883.00,167.00,1033.00,167.00,1033.00,359.00,883.00,359.00
882.00,164.00,1039.00,164.00,1039.00,357.00,882.00,357.00
885.00,160.00,1044.00,160.00,1044.00,358.00,885.00,358.00
887.00,154.00,1046.00,154.00,1046.00,357.00,887.00,357.00
882.00,152.00,1047.00,152.00,1047.00,358.00,882.00,358.00
886.00,150.00,1050.00,150.00,1050.00,355.00,886.00,355.00
882.00,151.00,1048.00,151.00,1048.00,353.00,882.00,353.00
877.00,153.00,1043.00,153.00,1043.00,356.00,877.00,356.00
882.00,150.00,1044.00,150.00,1044.00,364.00,882.00,364.00
869.00,155.00,1038.00,155.00,1038.00,373.00,869.00,373.00
833.00,168.00,1005.00,168.00,1005.00,388.00,833.00,388.00
822.00,162.00,994.00,162.00,994.00,379.00,822.00,379.00
833.00,169.00,1002.00,169.00,1002.00,392.00,833.00,392.00
797.00,174.00,973.00,174.00,973.00,406.00,797.00,406.00
808.00,181.00,974.00,181.00,974.00,404.00,808.00,404.00
790.00,177.00,955.00,177.00,955.00,409.00,790.00,409.00
772.00,180.00,939.00,180.00,939.00,404.00,772.00,404.00
765.00,173.00,935.00,173.00,935.00,396.00,765.00,396.00
733.00,178.00,917.00,178.00,917.00,420.00,733.00,420.00
708.00,158.00,903.00,158.00,903.00,407.00,708.00,407.00
691.00,129.00,900.00,129.00,900.00,371.00,691.00,371.00
693.00,152.00,894.00,152.00,894.00,383.00,693.00,383.00
680.00,166.00,873.00,166.00,873.00,391.00,680.00,391.00
686.00,181.00,878.00,181.00,878.00,414.00,686.00,414.00
696.00,192.00,880.00,192.00,880.00,418.00,696.00,418.00
690.00,203.00,880.00,203.00,880.00,444.00,690.00,444.00
681.00,235.00,884.00,235.00,884.00,500.00,681.00,500.00
679.00,241.00,875.00,241.00,875.00,502.00,679.00,502.00
651.00,244.00,867.00,244.00,867.00,532.00,651.00,532.00
652.00,254.00,857.00,254.00,857.00,538.00,652.00,538.00
636.00,250.00,843.00,250.00,843.00,536.00,636.00,536.00
616.00,252.00,825.00,252.00,825.00,540.00,616.00,540.00
584.00,250.00,800.00,250.00,800.00,539.00,584.00,539.00
578.00,249.00,799.00,249.00,799.00,543.00,578.00,543.00
571.00,259.00,784.00,259.00,784.00,549.00,571.00,549.00
566.00,273.00,772.00,273.00,772.00,556.00,566.00,556.00
560.00,281.00,762.00,281.00,762.00,561.00,560.00,561.00
554.00,290.00,751.00,290.00,751.00,563.00,554.00,563.00
550.00,288.00,741.00,288.00,741.00,564.00,550.00,564.00
545.00,301.00,732.00,301.00,732.00,567.00,545.00,567.00
534.00,310.00,723.00,310.00,723.00,571.00,534.00,571.00
534.00,315.00,720.00,315.00,720.00,567.00,534.00,567.00
526.00,326.00,713.00,326.00,713.00,565.00,526.00,565.00
528.00,320.00,714.00,320.00,714.00,566.00,528.00,566.00
520.00,332.00,708.00,332.00,708.00,570.00,520.00,570.00
513.00,341.00,702.00,341.00,702.00,563.00,513.00,563.00
510.00,349.00,695.00,349.00,695.00,561.00,510.00,561.00
507.00,357.00,690.00,357.00,690.00,564.00,507.00,564.00
507.00,357.00,690.00,357.00,690.00,554.00,507.00,554.00
500.00,364.00,685.00,364.00,685.00,557.00,500.00,557.00
