1
300.64,110.48,402.40,186.80,354.64,250.48,252.88,174.16
297.99,104.60,394.94,182.70,344.41,245.42,247.47,167.32
259.00,91.00,405.00,91.00,405.00,223.00,259.00,223.00
358.24,61.94,391.12,193.47,323.82,210.29,290.94,78.76
371.55,57.88,381.54,182.76,315.44,188.04,305.45,63.16
306.00,65.00,367.00,65.00,367.00,193.00,306.00,193.00
307.00,65.00,363.00,65.00,363.00,195.00,307.00,195.00
316.70,66.26,371.62,69.86,363.15,198.93,308.24,195.33
288.00,59.00,430.00,59.00,430.00,187.00,288.00,187.00
342.52,74.62,395.01,83.24,375.21,203.83,322.73,195.21
348.12,82.27,399.19,93.10,375.63,204.16,324.57,193.33
341.05,96.76,391.27,110.39,363.23,213.68,313.02,200.05
331.12,114.16,380.65,130.17,348.12,230.86,298.59,214.85
337.61,116.97,387.06,136.16,348.88,234.55,299.43,215.36
336.25,117.41,385.79,135.25,350.49,233.30,300.95,215.46
338.02,112.26,387.04,135.75,345.72,221.97,296.71,198.48
328.56,115.33,376.75,143.44,328.25,226.56,280.07,198.46
324.11,116.87,370.66,148.94,316.77,227.17,270.22,195.10
316.72,109.27,360.80,145.09,299.23,220.87,255.14,185.05
307.32,100.25,350.62,138.27,287.29,210.40,243.99,172.38
302.79,93.97,344.49,134.67,279.94,200.80,238.24,160.09
300.88,97.04,339.99,140.17,273.32,200.64,234.21,157.51
290.63,108.26,327.45,153.03,252.81,214.40,216.00,169.62
281.74,115.80,316.80,161.72,240.75,219.79,205.69,173.88
283.26,118.36,317.03,164.79,239.02,221.53,205.25,175.09
284.61,126.41,317.68,173.79,237.09,230.05,204.01,182.67
281.22,138.62,314.22,185.15,239.13,238.40,206.14,191.86
279.30,150.99,311.66,197.23,231.40,253.42,199.03,207.18
271.58,166.87,301.57,215.93,223.22,263.81,193.23,214.75
262.91,175.71,293.78,223.20,220.03,271.13,189.17,223.64
267.78,179.48,301.39,226.16,231.29,276.63,197.68,229.95
271.83,182.76,306.64,230.63,235.52,282.35,200.71,234.48
258.77,185.15,300.68,229.86,236.58,289.95,194.67,245.25
253.62,188.63,299.01,232.27,238.26,295.45,192.88,251.81
259.49,187.32,305.75,230.27,246.13,294.48,199.87,251.52
258.54,173.93,308.00,214.03,254.18,280.41,204.72,240.31
254.95,161.90,304.16,200.68,252.86,265.80,203.65,227.02
266.00,160.00,310.00,204.00,252.50,261.50,208.50,217.50
270.00,158.00,312.50,200.50,255.50,257.50,213.00,215.00
268.25,151.81,311.52,191.98,257.45,250.21,214.19,210.03
267.54,141.83,312.54,177.83,263.37,239.29,218.37,203.29
273.42,140.51,318.77,173.77,272.29,237.15,226.95,203.89
275.60,143.40,321.66,173.57,279.27,238.28,233.21,208.10
254.16,154.03,312.22,163.70,300.54,233.76,242.49,224.08
259.17,151.01,315.16,154.12,311.22,225.07,255.22,221.96
268.44,142.23,320.60,148.37,312.07,220.89,259.91,214.75
266.59,138.76,317.34,142.00,312.68,215.09,261.92,211.85
254.14,140.51,304.60,141.59,303.09,212.73,252.62,211.65
254.00,119.00,305.00,119.00,305.00,189.00,254.00,189.00
293.64,100.02,303.29,169.51,252.85,176.52,243.20,107.03
287.27,99.67,293.90,166.01,243.90,171.01,237.27,104.67
285.99,94.29,289.69,159.07,240.02,161.91,236.32,97.12
292.27,75.20,293.95,139.08,244.46,140.38,242.78,76.51
298.59,68.29,300.33,131.02,251.48,132.38,249.74,69.65
246.00,76.00,294.00,76.00,294.00,137.00,246.00,137.00
239.00,77.00,288.00,77.00,288.00,138.00,239.00,138.00
247.00,75.00,295.00,75.00,295.00,136.00,247.00,136.00
296.18,82.93,299.97,143.56,251.10,146.62,247.31,85.98
244.00,105.00,292.00,105.00,292.00,166.00,244.00,166.00
289.63,116.17,291.27,176.97,243.47,178.26,241.82,117.46
285.15,124.16,288.56,183.85,241.94,186.52,238.53,126.83
283.73,135.35,288.42,193.13,241.45,196.94,236.77,139.15
237.00,135.00,285.00,135.00,285.00,192.00,237.00,192.00
221.73,134.17,271.93,137.88,267.78,193.98,217.57,190.26
213.11,124.30,263.42,135.73,251.24,189.33,200.93,177.89
211.41,97.54,261.73,116.90,242.09,167.96,191.77,148.60
190.00,90.00,244.00,90.00,244.00,147.00,190.00,147.00
179.46,95.45,233.67,100.53,228.46,156.04,174.25,150.96
164.77,104.38,220.92,114.72,210.68,170.33,154.53,159.99
153.33,95.98,210.43,109.26,196.68,168.39,139.58,155.11
154.42,83.05,212.05,98.66,195.13,161.14,137.50,145.53
157.91,76.83,216.28,93.51,197.94,157.70,139.57,141.02
159.00,73.00,216.60,92.20,195.10,156.70,137.50,137.50
160.40,73.80,218.30,93.10,196.50,158.50,138.60,139.20
165.68,82.89,217.64,114.52,182.17,172.80,130.20,141.17
170.26,84.87,221.79,116.16,186.32,174.59,134.78,143.30
178.62,85.97,230.53,117.12,194.88,176.53,142.97,145.38
182.05,88.18,234.11,118.22,199.59,178.04,147.54,148.00
179.75,80.13,233.27,109.33,199.91,170.50,146.38,141.30
175.83,89.40,229.57,118.96,195.96,180.08,142.21,150.52
188.30,103.10,228.42,154.68,177.95,193.93,137.83,142.35
182.96,98.28,222.92,151.56,173.00,189.00,133.04,135.72
191.60,86.20,222.80,148.60,172.00,174.00,140.80,111.60
192.97,83.45,227.74,144.29,180.68,171.18,145.91,110.34
193.62,87.08,229.31,149.54,184.83,174.95,149.14,112.49
192.78,85.82,232.87,149.29,191.18,175.62,151.10,112.15
191.92,87.56,237.76,148.68,199.20,177.60,153.36,116.48
195.08,89.75,246.56,148.10,210.64,179.79,159.16,121.45
199.00,94.00,254.50,149.50,220.50,183.50,165.00,128.00
198.33,100.28,258.69,152.02,226.29,189.82,165.93,138.08
207.99,107.71,266.87,161.24,232.03,199.57,173.14,146.04
203.02,115.34,272.20,156.34,245.14,202.01,175.96,161.01
210.20,120.60,280.60,155.80,256.40,204.20,186.00,169.00
217.05,124.13,288.31,155.80,265.88,206.28,194.62,174.61
210.35,136.47,282.58,163.98,262.02,217.96,189.78,190.44
204.05,150.01,276.01,168.95,261.08,225.70,189.11,206.77
207.60,144.37,278.88,162.97,263.96,220.16,192.68,201.57
210.67,134.77,281.07,151.02,268.04,207.47,197.64,191.22
199.82,130.97,272.03,144.51,261.29,201.80,189.08,188.26
190.11,127.35,263.41,139.57,253.62,198.27,180.32,186.05
190.31,122.46,262.81,136.96,250.88,196.58,178.38,182.08
182.00,128.00,256.00,128.00,256.00,188.00,182.00,188.00
213.35,120.41,268.35,153.41,231.91,214.15,176.91,181.15
192.95,124.60,262.06,143.79,244.36,207.49,175.25,188.29
174.00,135.00,248.00,135.00,248.00,200.00,174.00,200.00
170.00,143.00,245.00,143.00,245.00,209.00,170.00,209.00
208.00,133.00,262.56,173.92,217.56,233.92,163.00,193.00
181.75,128.52,257.80,131.06,255.51,199.72,179.46,197.18
207.50,114.50,280.96,129.19,266.85,199.77,193.38,185.08
222.95,107.40,280.25,148.66,234.65,211.99,177.35,170.73
210.13,99.17,269.37,139.45,225.70,203.68,166.46,163.39
205.96,83.80,267.20,123.42,224.91,188.77,163.67,149.14
199.40,64.76,263.52,102.75,221.80,173.14,157.69,135.15
179.03,54.62,244.18,93.71,202.00,164.00,136.85,124.91
160.20,48.13,225.81,90.30,183.50,156.11,117.90,113.94
154.75,38.80,222.85,78.00,183.08,147.08,114.98,107.87
163.76,33.89,232.34,75.45,190.28,144.84,121.71,103.28
166.90,42.60,236.39,84.66,193.85,154.94,124.36,112.88
146.23,50.59,222.69,87.41,185.84,163.96,109.38,127.14
131.29,55.55,210.40,93.74,173.39,170.40,94.28,132.20
128.66,68.69,213.69,99.61,184.20,180.71,99.17,149.79
150.20,75.60,230.60,115.80,190.80,195.40,110.40,155.20
171.54,77.14,242.15,132.62,187.43,202.27,116.81,146.78
180.50,78.50,246.50,144.50,185.50,205.50,119.50,139.50
179.50,75.50,246.50,142.50,184.00,205.00,117.00,138.00
179.71,73.04,250.90,139.78,189.65,205.11,118.46,138.37
190.75,70.36,264.79,138.23,207.59,200.63,133.55,132.76
198.35,62.83,275.17,129.42,216.71,196.88,139.88,130.29
197.98,60.25,276.45,128.25,219.99,193.39,141.53,125.39
191.90,62.12,274.71,128.37,218.51,198.61,135.71,132.37
192.27,61.97,274.64,128.90,218.97,197.42,136.60,130.49
197.07,57.92,279.42,128.51,222.11,195.38,139.75,124.79
199.07,54.52,281.15,129.14,225.27,190.61,143.19,115.99
188.72,52.23,275.58,123.29,220.69,190.38,133.83,119.32
184.89,46.74,273.21,120.34,216.25,188.70,127.92,115.10
170.55,47.58,274.58,103.31,231.50,183.73,127.46,128.00
186.94,47.96,282.34,121.67,223.12,198.32,127.72,124.60
184.43,51.33,281.36,126.24,222.03,203.02,125.09,128.12
181.50,57.50,283.28,130.20,224.97,211.84,123.19,139.14
195.10,62.38,291.95,142.13,230.20,217.11,133.36,137.35
208.00,61.00,296.00,149.00,225.00,220.00,137.00,132.00
201.79,50.01,297.15,135.83,227.83,212.85,132.48,127.03
207.28,44.56,299.87,129.10,232.11,203.31,139.51,118.77
227.50,35.50,320.00,128.00,249.00,199.00,156.50,106.50
219.85,32.68,321.20,113.76,258.95,191.56,157.61,110.49
208.97,34.00,310.41,118.12,248.21,193.13,146.77,109.01
207.63,35.99,304.16,129.92,233.20,202.85,136.67,108.92
217.00,36.00,315.50,134.50,240.50,209.50,142.00,111.00
210.19,40.71,318.12,118.97,259.04,200.46,151.10,122.20
217.32,48.15,318.45,140.61,246.15,219.68,145.02,127.22
207.33,56.61,310.51,142.59,245.10,221.08,141.92,135.10
205.60,60.25,309.02,146.98,243.13,225.53,139.72,138.80
207.92,63.21,316.59,148.76,251.63,231.28,142.96,145.73
218.89,68.91,324.83,154.86,260.92,233.63,154.98,147.68
212.48,75.42,328.68,141.82,278.03,230.45,161.83,164.05
212.08,72.08,319.60,150.55,260.27,231.85,152.75,153.38
193.77,80.79,306.38,157.84,250.82,239.03,138.22,161.99
206.04,80.28,314.04,161.28,250.80,245.60,142.80,164.60
214.34,72.42,326.53,145.77,267.71,235.73,155.52,162.38
226.80,60.60,334.32,141.24,270.84,225.88,163.32,145.24
207.66,53.53,320.66,126.98,265.01,212.60,152.00,139.15
205.74,53.59,311.79,137.70,247.06,219.32,141.01,135.21
204.80,57.94,313.52,136.22,246.68,229.05,137.96,150.77
198.92,65.28,327.92,126.38,284.25,218.59,155.24,157.48
221.91,56.19,334.06,132.29,272.21,223.43,160.06,147.33
231.20,54.54,340.42,141.16,274.80,223.91,165.57,137.28
223.88,54.77,336.07,134.91,274.18,221.55,161.99,141.42
206.20,62.60,333.00,126.00,285.60,220.80,158.80,157.40
229.50,57.50,322.00,150.00,236.50,235.50,144.00,143.00
201.31,65.54,318.31,143.54,256.15,236.77,139.15,158.77
196.25,67.40,314.00,141.00,254.00,237.00,136.25,163.40
190.60,67.25,308.89,141.18,249.45,236.28,131.16,162.35
196.56,70.92,312.24,157.68,247.56,243.92,131.88,157.16
203.87,74.56,312.85,165.38,238.43,254.69,129.44,163.87
193.50,74.50,309.64,153.47,243.07,251.37,126.93,172.39
191.18,72.55,307.34,155.53,241.26,248.04,125.09,165.07
196.93,70.28,302.67,158.39,225.87,250.56,120.13,162.44
192.69,69.46,310.15,147.77,244.00,247.00,126.54,168.69
213.96,64.50,324.19,157.78,245.60,250.66,135.37,157.39
204.30,66.90,321.04,147.72,251.96,247.51,135.22,166.69
193.47,68.76,318.06,142.59,256.22,246.94,131.63,173.12
199.38,64.92,320.54,145.69,253.62,246.08,132.46,165.31
203.95,62.36,324.62,146.83,254.85,246.50,134.18,162.03
205.90,63.64,319.29,147.87,244.85,248.09,131.45,163.85
199.44,61.70,321.03,151.76,248.86,249.19,127.27,159.13
194.24,60.07,319.77,145.10,252.91,243.81,127.38,158.77
194.15,58.77,313.92,138.62,241.46,247.31,121.69,167.46
193.01,61.07,316.24,140.80,246.25,248.98,123.02,169.25
188.04,65.06,309.74,137.18,240.11,254.69,118.40,182.57
170.72,74.23,309.21,130.49,263.92,241.97,125.43,185.71
188.28,73.10,307.92,151.12,234.85,263.16,115.21,185.14
191.77,73.85,309.69,152.46,237.69,260.46,119.77,181.85
181.14,76.91,308.15,142.46,250.93,253.32,123.93,187.77
179.60,78.80,309.20,143.60,253.60,254.80,124.00,190.00
200.12,75.74,320.60,162.98,247.62,263.76,127.14,176.52
