1
300.64,110.48,402.40,186.80,354.76,250.32,253.00,174.00
298.11,104.53,394.94,183.04,344.25,245.56,247.42,167.05
317.45,87.01,407.80,180.83,354.03,232.60,263.68,138.79
270.00,60.00,417.00,60.00,417.00,194.00,270.00,194.00
370.88,57.58,381.58,180.65,315.77,186.37,305.07,63.30
306.00,65.00,367.00,65.00,367.00,189.00,306.00,189.00
307.00,64.00,362.00,64.00,362.00,192.00,307.00,192.00
316.64,66.19,371.29,69.77,362.89,197.98,308.24,194.39
329.28,75.48,382.73,81.41,369.23,202.91,315.78,196.98
342.43,73.97,395.01,82.47,375.70,201.86,323.12,193.36
347.37,82.43,398.45,92.81,375.93,203.64,324.85,193.27
340.25,97.25,390.27,109.96,363.95,213.56,313.94,200.86
330.79,114.11,380.47,129.95,348.01,231.74,298.33,215.90
336.45,117.60,386.13,136.03,349.59,234.53,299.92,216.10
336.22,117.70,385.87,135.83,349.96,234.19,300.31,216.07
337.93,112.68,386.89,136.22,346.40,220.44,297.43,196.90
329.00,115.49,376.91,143.84,327.55,227.24,279.64,198.89
324.74,116.56,371.06,148.78,314.22,230.50,267.90,198.28
316.16,109.66,360.39,145.42,296.77,224.09,252.55,188.34
306.82,100.82,349.98,138.72,286.71,210.77,243.55,172.87
302.82,93.97,344.49,134.77,277.52,203.17,235.85,162.37
300.93,97.00,340.04,140.12,272.72,201.18,233.61,158.05
290.63,108.26,327.45,153.03,252.32,214.80,215.51,170.03
281.55,115.94,316.62,161.86,241.38,219.31,206.32,173.39
283.28,118.69,316.82,165.13,236.27,223.30,202.73,176.86
284.61,126.41,317.54,173.58,239.77,227.88,206.83,180.70
281.35,138.75,314.19,185.27,238.07,239.01,205.23,192.49
280.65,151.41,310.38,200.97,228.03,250.38,198.29,200.82
271.58,166.87,301.57,215.93,223.22,263.81,193.23,214.75
263.12,175.57,293.99,223.06,220.03,271.13,189.17,223.64
267.86,179.42,301.47,226.10,229.69,277.79,196.08,231.11
271.70,182.58,306.64,230.63,235.52,282.35,200.58,234.30
258.77,185.15,300.68,229.86,236.58,289.95,194.67,245.25
255.00,189.00,299.50,233.50,237.50,295.50,193.00,251.00
259.53,187.28,305.79,230.23,246.13,294.48,199.87,251.52
258.75,173.95,308.13,214.23,254.09,280.47,204.71,240.19
254.95,161.90,304.16,200.68,252.86,265.80,203.65,227.02
266.00,160.00,310.00,204.00,252.50,261.50,208.50,217.50
270.00,158.00,312.50,200.50,255.50,257.50,213.00,215.00
268.68,151.35,311.95,191.52,257.45,250.21,214.19,210.03
266.97,141.76,312.33,177.40,263.61,239.41,218.25,203.77
273.30,140.68,318.64,173.94,272.29,237.15,226.95,203.89
275.55,143.40,321.62,173.52,279.29,238.27,233.22,208.14
252.18,156.85,311.60,161.80,305.77,231.81,246.34,226.86
257.75,151.87,315.54,153.67,313.34,224.23,255.55,222.42
267.59,143.43,320.56,147.72,314.71,219.90,261.74,215.60
266.54,139.48,318.16,142.78,313.54,215.14,261.92,211.85
254.16,139.54,305.39,140.63,303.86,212.74,252.62,211.65
303.77,116.90,308.61,187.91,257.32,191.41,252.48,120.40
293.52,99.84,303.04,169.63,252.79,176.48,243.28,106.69
287.12,99.19,293.80,166.02,243.90,171.01,237.22,104.18
284.98,93.69,289.95,158.39,240.40,162.20,235.42,97.51
244.00,76.00,293.00,76.00,293.00,140.00,244.00,140.00
298.40,68.35,300.14,131.02,251.48,132.38,249.74,69.70
246.00,76.00,294.00,76.00,294.00,137.00,246.00,137.00
239.00,77.00,288.00,77.00,288.00,138.00,239.00,138.00
247.00,75.00,296.00,75.00,296.00,136.00,247.00,136.00
250.00,85.00,298.00,85.00,298.00,146.00,250.00,146.00
244.00,105.00,292.00,105.00,292.00,166.00,244.00,166.00
289.60,116.25,291.22,175.99,243.44,177.29,241.83,117.55
285.15,124.11,288.51,182.97,241.89,185.63,238.53,126.77
283.65,135.35,288.34,193.13,241.45,196.94,236.77,139.15
237.00,135.00,285.00,135.00,285.00,192.00,237.00,192.00
223.64,132.14,274.46,143.44,262.60,196.80,211.78,185.51
212.87,123.80,263.89,134.89,252.09,189.19,201.06,178.10
247.42,97.94,255.56,154.92,205.16,162.12,197.02,105.14
190.00,90.00,244.00,90.00,244.00,147.00,190.00,147.00
179.45,95.54,233.57,100.62,228.38,155.94,174.26,150.87
165.02,104.06,220.99,114.37,210.68,170.33,154.71,160.02
153.31,96.05,210.41,109.33,196.68,168.39,139.58,155.11
154.36,83.12,211.50,98.28,194.96,160.60,137.82,145.44
158.70,76.90,216.00,96.00,194.90,159.30,137.60,140.20
158.90,73.30,216.50,92.50,195.10,156.70,137.50,137.50
160.40,73.80,218.30,93.10,196.50,158.50,138.60,139.20
165.47,82.88,217.53,114.12,182.32,172.79,130.26,141.56
172.13,85.09,222.60,120.42,184.03,175.52,133.56,140.19
178.62,85.97,230.53,117.12,194.88,176.53,142.97,145.38
182.43,87.83,234.41,118.16,199.37,178.22,147.39,147.90
179.62,80.17,233.26,109.22,200.07,170.49,146.43,141.44
175.98,89.14,229.72,118.69,195.96,180.08,142.21,150.52
189.34,102.84,228.30,156.42,176.93,193.78,137.97,140.21
181.95,98.37,222.77,150.85,173.55,189.13,132.73,136.65
192.00,86.00,223.20,148.40,172.00,174.00,140.80,111.60
193.29,83.26,228.06,144.11,180.68,171.18,145.91,110.34
193.73,87.40,228.93,149.98,184.44,175.00,149.24,112.43
193.57,85.93,232.67,149.92,190.36,175.78,151.26,111.79
192.26,87.55,237.73,148.94,199.04,177.60,153.56,116.21
195.14,89.70,246.62,148.04,210.64,179.79,159.16,121.45
199.00,94.00,254.50,149.50,220.50,183.50,165.00,128.00
202.50,99.50,258.50,155.50,223.00,191.00,167.00,135.00
208.03,107.67,266.91,161.19,232.03,199.57,173.14,146.04
202.94,114.91,272.52,155.20,245.38,202.06,175.81,161.78
209.75,120.67,280.58,154.87,256.75,204.23,185.92,170.03
217.26,123.67,288.52,155.34,265.88,206.28,194.62,174.61
209.70,137.07,282.69,163.61,262.86,218.13,189.88,191.59
203.07,151.02,275.38,167.70,261.99,225.69,189.69,209.01
206.12,145.49,278.49,162.19,265.26,219.52,192.89,202.82
210.26,134.84,280.88,150.53,268.22,207.49,197.60,191.80
199.82,130.97,272.21,144.54,261.48,201.78,189.09,188.20
190.11,127.35,263.24,139.54,253.46,198.24,180.32,186.05
190.31,122.46,262.62,136.92,250.73,196.35,178.42,181.88
216.17,116.73,270.64,150.78,233.28,210.55,178.81,176.51
214.34,120.46,268.63,154.39,230.88,214.80,176.58,180.87
213.73,122.22,267.32,158.65,226.25,219.05,172.66,182.61
197.76,126.98,261.52,153.55,234.54,218.31,170.78,191.74
206.89,134.57,260.70,174.34,216.48,234.18,162.66,194.40
208.36,132.52,263.24,173.68,217.64,234.48,162.76,193.32
217.24,121.68,272.28,162.96,225.96,224.72,170.92,183.44
207.62,113.92,281.08,128.62,266.85,199.77,193.38,185.08
189.05,112.59,265.91,115.44,263.22,188.01,186.36,185.16
210.08,98.38,269.85,138.23,225.38,204.92,165.62,165.08
206.53,82.62,267.94,122.10,223.81,190.74,162.40,151.26
198.83,64.52,263.50,102.43,221.53,174.04,156.86,136.12
178.77,54.55,244.32,93.47,201.58,165.44,136.03,126.52
126.00,56.00,209.00,56.00,209.00,135.00,126.00,135.00
199.51,41.06,209.40,120.20,128.42,130.32,118.52,51.18
163.29,34.25,232.18,74.87,189.00,148.08,120.12,107.45
166.34,42.58,236.30,84.12,193.85,155.63,123.89,114.09
200.34,53.71,210.51,135.06,122.26,146.09,112.09,64.74
132.40,55.20,210.00,94.00,172.40,169.20,94.80,130.40
147.00,64.00,219.23,112.15,171.08,184.38,98.85,136.23
163.28,73.96,233.68,126.76,182.56,194.92,112.16,142.12
171.93,77.34,242.05,133.44,187.90,201.12,117.78,145.02
181.73,79.35,245.83,146.82,185.72,203.92,121.63,136.45
178.00,77.00,245.00,144.00,190.00,199.00,123.00,132.00
181.00,74.00,250.00,143.00,193.00,200.00,124.00,131.00
193.50,70.50,264.50,141.50,208.00,198.00,137.00,127.00
200.71,62.87,275.22,132.24,219.93,191.63,145.42,122.25
194.57,60.62,276.22,123.72,224.25,190.97,142.60,127.87
196.43,61.86,274.77,134.17,219.14,194.43,140.81,122.13
192.08,61.99,274.74,128.75,218.75,198.07,136.10,131.31
196.53,58.13,279.33,127.86,227.54,189.35,144.74,119.62
198.01,54.59,280.62,127.49,226.69,188.61,144.08,115.71
195.50,51.50,275.50,131.50,218.00,189.00,138.00,109.00
186.84,46.54,272.37,121.81,218.35,183.19,132.83,107.93
193.09,44.94,276.66,126.47,221.14,183.38,137.57,101.84
191.81,47.90,278.33,125.15,224.78,185.13,138.26,107.87
194.50,51.50,278.50,135.50,215.50,198.50,131.50,114.50
195.50,57.50,280.00,142.00,215.50,206.50,131.00,122.00
196.71,62.18,291.58,143.49,231.15,213.99,136.28,132.67
208.50,61.50,295.00,148.00,229.50,213.50,143.00,127.00
205.50,50.50,293.00,138.00,225.50,205.50,138.00,118.00
211.00,45.00,301.50,135.50,233.00,204.00,142.50,113.50
218.81,35.47,314.24,113.01,254.26,186.84,158.82,109.29
230.00,33.00,319.50,122.50,250.00,192.00,160.50,102.50
209.75,34.27,306.25,115.41,245.28,187.91,148.78,106.77
209.00,36.00,302.50,129.50,231.00,201.00,137.50,107.50
215.38,36.26,311.05,127.49,246.38,195.31,150.70,104.09
208.49,41.17,316.25,116.13,265.44,189.18,157.68,114.21
208.26,49.24,310.07,124.49,254.40,199.82,152.58,124.56
197.62,58.08,303.31,128.54,248.85,210.23,143.15,139.77
197.60,61.07,302.65,134.89,245.14,216.72,140.09,142.90
212.27,63.75,313.64,149.22,250.97,223.54,149.60,138.08
218.93,69.31,321.30,152.72,258.89,229.32,156.52,145.91
226.06,71.92,326.99,150.83,265.96,228.89,165.03,149.99
207.85,73.23,317.92,146.62,262.54,229.69,152.46,156.31
204.49,79.79,306.64,166.10,241.68,242.99,139.52,156.68
212.07,80.54,314.21,165.07,249.53,243.23,147.39,158.70
214.41,72.59,326.36,146.15,270.79,230.72,158.84,157.15
228.09,60.74,331.52,141.18,268.31,222.46,164.88,142.02
215.48,52.37,320.08,131.71,256.62,215.37,152.02,136.02
215.31,53.91,315.47,148.60,244.44,223.73,144.28,129.03
207.94,57.87,314.83,139.11,249.95,224.48,143.06,143.24
218.21,58.54,327.53,139.35,262.75,226.99,153.43,146.19
236.56,55.80,339.60,147.69,268.82,227.05,165.78,135.16
229.62,54.43,336.60,137.10,270.54,222.60,163.55,139.93
225.12,54.56,334.16,134.51,271.27,220.27,162.24,140.31
221.94,57.92,333.98,138.58,272.05,224.60,160.01,143.93
226.96,57.42,319.62,145.87,235.49,234.01,142.83,145.56
207.24,64.68,321.00,150.00,256.68,235.76,142.92,150.44
208.12,66.10,315.56,152.05,244.73,240.59,137.29,154.63
198.75,66.04,310.78,149.16,243.77,239.48,131.74,156.35
209.52,69.46,300.21,156.66,213.62,246.71,122.93,159.51
204.17,73.99,303.86,158.34,229.74,245.94,130.05,161.58
200.47,74.27,308.56,157.95,241.29,244.84,133.20,161.16
204.22,70.95,296.14,155.21,214.16,244.65,122.23,160.38
189.56,71.96,296.48,148.81,228.52,243.37,121.59,166.52
214.00,67.00,303.00,156.00,216.00,243.00,127.00,154.00
214.91,64.37,319.91,155.06,244.69,242.14,139.69,151.46
200.98,67.66,316.33,141.49,252.71,240.89,137.36,167.07
201.54,69.69,312.31,143.54,244.31,245.54,133.54,171.69
205.55,64.26,315.22,145.50,243.89,241.80,134.21,160.56
205.88,61.91,316.00,142.00,246.59,237.43,136.48,157.35
196.41,64.22,311.52,136.70,245.28,241.91,130.17,169.44
189.14,64.38,308.27,134.98,247.67,237.25,128.54,166.65
198.84,58.45,304.54,137.20,230.02,237.21,124.33,158.46
200.82,58.64,313.48,142.23,241.70,238.97,129.04,155.38
186.12,63.18,311.95,133.08,255.73,234.29,129.90,164.39
192.79,64.65,314.09,142.63,250.64,241.34,129.34,163.36
190.32,68.28,303.56,142.40,233.31,249.71,120.08,175.60
188.70,73.18,301.26,146.86,226.29,261.39,113.73,187.72
197.80,72.60,305.32,153.24,228.88,255.16,121.36,174.52
188.40,75.17,305.25,146.12,238.69,255.74,121.84,184.79
192.69,75.46,307.15,151.77,238.23,255.15,123.77,178.85
188.07,76.72,309.80,147.40,248.19,253.50,126.46,182.82
