1
301.08,110.35,402.52,187.05,354.54,250.51,253.10,173.81
298.76,104.15,394.95,184.74,343.91,245.65,247.73,165.07
317.45,87.01,407.80,180.83,354.03,232.60,263.68,138.79
267.00,64.00,409.00,64.00,409.00,194.00,267.00,194.00
371.55,57.88,381.46,181.76,315.36,187.05,305.45,63.16
306.00,65.00,367.00,65.00,367.00,193.00,306.00,193.00
307.00,64.00,362.00,64.00,362.00,191.00,307.00,191.00
315.79,66.29,370.56,69.23,363.94,192.80,309.17,189.87
329.23,74.71,382.74,80.56,369.15,204.77,315.65,198.91
342.63,73.97,395.11,82.59,375.21,203.83,322.73,195.21
347.44,82.04,398.72,92.46,376.13,203.68,324.85,193.27
340.66,96.46,391.04,109.84,362.91,215.76,312.53,202.37
331.22,113.87,380.48,129.80,347.81,230.76,298.56,214.83
336.73,117.57,386.49,136.50,349.08,234.87,299.31,215.95
336.93,117.85,386.58,136.47,349.88,234.33,300.23,215.71
337.91,112.71,386.88,136.25,342.74,228.05,293.78,204.51
328.74,115.02,376.93,143.12,326.48,229.61,278.29,201.50
324.74,116.56,371.06,148.78,313.61,231.38,267.28,199.15
316.16,109.66,360.50,145.51,297.38,223.58,253.04,187.74
309.00,101.00,350.50,142.50,282.00,211.00,240.50,169.50
302.82,93.97,344.49,134.77,279.50,201.15,237.82,160.35
300.93,97.00,340.04,140.12,272.17,201.68,233.06,158.55
290.63,108.26,327.45,153.03,251.34,215.61,214.53,170.83
282.20,115.73,317.18,161.80,239.24,220.98,204.26,174.91
283.26,118.36,317.03,164.79,239.02,221.53,205.25,175.09
284.61,126.41,317.54,173.58,238.36,228.86,205.42,181.69
281.26,138.72,314.24,185.06,240.18,237.76,207.20,191.42
279.77,151.15,311.31,198.46,230.31,252.46,198.77,205.15
271.30,167.04,301.29,216.10,223.22,263.81,193.23,214.75
263.24,175.85,293.90,223.68,219.61,271.30,188.94,223.47
267.78,179.48,301.39,226.16,229.87,277.65,196.26,230.97
271.83,182.76,306.64,230.63,235.70,282.22,200.89,234.35
258.77,185.15,300.68,229.86,236.58,289.95,194.67,245.25
255.00,189.00,299.50,233.50,237.50,295.50,193.00,251.00
259.49,187.32,305.75,230.27,246.13,294.48,199.87,251.52
258.54,173.93,308.00,214.03,254.18,280.41,204.72,240.31
257.30,162.10,305.18,202.61,251.50,266.04,203.63,225.53
266.50,159.50,310.50,203.50,252.50,261.50,208.50,217.50
270.00,158.00,312.50,200.50,255.50,257.50,213.00,215.00
268.29,151.77,311.55,191.94,257.45,250.21,214.19,210.03
266.97,141.76,312.33,177.40,263.71,239.27,218.36,203.64
273.30,140.68,318.64,173.94,272.29,237.15,226.95,203.89
275.55,143.40,321.62,173.52,279.29,238.27,233.22,208.14
254.89,153.65,312.30,163.22,300.54,233.76,243.14,224.19
257.76,151.84,315.54,153.64,313.34,224.23,255.55,222.42
268.44,142.23,320.72,148.38,312.19,220.90,259.91,214.75
266.59,138.70,318.09,141.98,313.42,215.13,261.92,211.85
254.14,140.53,304.58,141.61,303.07,212.72,252.62,211.65
303.83,116.90,308.68,187.91,257.32,191.41,252.48,120.40
293.68,100.36,302.82,169.81,252.69,176.41,243.55,106.95
287.06,99.59,293.70,166.03,243.90,171.01,237.26,104.57
285.20,93.60,290.18,158.37,240.40,162.20,235.42,97.43
292.42,75.15,294.11,139.08,244.46,140.38,242.78,76.45
298.38,68.19,300.17,131.02,251.50,132.41,249.70,69.58
246.00,75.00,294.00,75.00,294.00,137.00,246.00,137.00
239.00,77.00,288.00,77.00,288.00,138.00,239.00,138.00
247.00,75.00,296.00,75.00,296.00,136.00,247.00,136.00
297.32,83.44,299.03,144.92,250.48,146.26,248.77,84.78
244.00,105.00,291.00,105.00,291.00,166.00,244.00,166.00
289.60,116.12,291.24,176.97,243.47,178.26,241.82,117.41
285.21,124.10,288.57,182.97,241.89,185.63,238.53,126.77
284.13,135.31,288.82,193.10,241.45,196.94,236.77,139.15
237.00,135.00,285.00,135.00,285.00,192.00,237.00,192.00
223.22,132.77,274.00,142.00,264.13,196.30,213.35,187.06
213.18,124.00,263.80,135.50,251.55,189.40,200.93,177.89
211.28,97.88,261.54,117.21,242.03,167.93,191.77,148.60
190.00,90.00,244.00,90.00,244.00,147.00,190.00,147.00
179.45,95.54,233.57,100.62,228.37,156.03,174.25,150.96
164.81,104.20,220.77,114.51,210.50,170.30,154.53,159.99
153.45,95.73,210.50,109.31,196.36,168.70,139.30,155.12
154.42,83.05,211.80,98.59,194.88,161.07,137.50,145.53
158.70,76.90,216.30,96.10,195.20,159.40,137.60,140.20
159.74,72.72,216.74,93.45,193.42,157.61,136.41,136.88
160.40,73.80,218.30,93.10,196.50,158.50,138.60,139.20
165.29,82.88,217.43,113.77,182.52,172.68,130.39,141.78
169.80,84.98,221.62,116.45,186.32,174.59,134.50,143.12
178.62,85.97,230.53,117.12,194.88,176.53,142.97,145.38
181.96,87.64,234.37,118.22,199.37,178.22,146.96,147.64
179.81,79.81,233.45,108.87,200.07,170.49,146.43,141.44
175.83,89.40,229.57,118.96,195.96,180.08,142.21,150.52
188.30,103.10,228.42,154.68,177.81,194.04,137.69,142.46
181.95,98.37,222.77,150.85,173.55,189.13,132.73,136.65
192.00,86.00,223.20,148.40,172.00,174.00,140.80,111.60
195.40,83.80,226.80,146.60,178.40,170.80,147.00,108.00
193.42,87.06,229.37,149.37,185.07,174.92,149.13,112.62
193.02,86.04,232.94,149.25,191.18,175.62,151.26,112.41
192.20,87.60,237.92,148.56,199.20,177.60,153.48,116.64
195.01,89.81,246.49,148.16,210.64,179.79,159.16,121.45
199.00,94.00,254.50,149.50,220.50,183.50,165.00,128.00
198.25,100.70,258.84,151.20,226.87,189.56,166.28,139.07
207.99,107.71,266.87,161.24,232.03,199.57,173.14,146.04
203.05,115.29,271.50,155.85,244.40,201.57,175.96,161.01
210.20,120.60,280.20,155.60,256.00,204.00,186.00,169.00
217.20,124.02,288.46,155.97,265.89,206.33,194.62,174.38
209.48,137.24,282.08,163.17,262.56,217.84,189.96,191.91
203.07,151.02,275.60,167.75,262.21,225.74,189.69,209.01
207.96,144.36,278.94,163.04,263.92,220.09,192.95,201.41
211.71,134.18,281.59,151.65,267.41,208.35,197.53,190.88
199.82,130.97,272.21,144.54,261.47,201.84,189.08,188.26
190.05,127.68,263.19,139.86,253.46,198.24,180.32,186.05
213.88,117.53,269.47,150.88,233.91,210.15,178.32,176.79
216.17,116.73,270.64,150.78,233.28,210.55,178.81,176.51
213.35,120.41,268.35,153.41,231.91,214.15,176.91,181.15
214.05,122.12,267.40,159.24,225.64,219.27,172.28,182.15
174.00,135.00,249.00,135.00,249.00,200.00,174.00,200.00
170.00,143.00,245.00,143.00,245.00,209.00,170.00,209.00
208.12,132.84,262.68,173.76,217.32,234.24,162.76,193.32
183.72,127.08,259.56,132.31,254.79,201.50,178.95,196.27
207.12,114.42,280.77,129.15,266.65,199.73,193.00,185.00
188.72,112.80,264.78,115.18,262.51,187.67,186.46,185.30
211.00,97.00,270.77,136.85,225.38,204.92,165.62,165.08
206.54,83.35,267.51,123.22,223.84,190.01,162.87,150.14
166.89,71.59,247.81,74.12,245.42,150.70,164.49,148.17
145.00,62.00,227.00,62.00,227.00,140.00,145.00,140.00
159.44,48.26,225.91,88.15,184.00,158.00,117.53,118.12
154.71,37.89,223.70,77.05,181.88,150.74,112.89,111.58
163.30,34.34,232.11,75.19,189.83,146.40,121.02,105.54
166.34,42.58,236.30,84.12,192.20,158.40,122.24,116.86
144.38,50.39,222.51,85.11,187.12,164.72,109.00,130.00
131.29,55.55,210.01,93.56,173.00,170.21,94.28,132.20
128.88,67.88,213.88,100.04,182.77,182.24,97.78,150.08
150.60,75.80,230.60,115.80,191.00,195.00,111.00,155.00
167.48,77.64,241.63,128.98,189.76,203.91,115.60,152.57
144.25,86.13,236.89,113.38,210.89,201.79,118.25,174.54
175.67,75.09,246.89,137.41,186.62,206.29,115.40,143.97
181.00,73.00,250.50,142.50,187.50,205.50,118.00,136.00
190.11,70.47,264.82,137.32,207.73,201.13,133.02,134.28
198.91,62.48,275.38,130.45,214.63,198.79,138.17,130.81
195.90,60.12,276.63,124.71,219.37,196.29,138.63,131.71
192.81,62.02,274.79,129.54,218.65,197.71,136.66,130.19
194.53,61.89,274.87,131.75,217.79,197.39,137.46,127.53
202.50,57.50,279.50,134.50,215.00,199.00,138.00,122.00
199.72,53.94,281.28,130.06,221.12,194.51,139.57,118.39
195.50,51.50,275.50,131.50,215.50,191.50,135.50,111.50
186.17,46.60,273.28,121.83,213.76,190.75,126.65,115.51
189.06,44.93,278.55,123.23,217.41,193.11,127.92,114.81
185.56,47.92,282.36,120.52,221.76,201.32,124.96,128.72
182.52,51.38,281.80,124.18,221.23,206.77,121.96,133.97
185.72,57.35,283.68,134.32,225.31,208.60,127.36,131.64
185.69,62.46,291.85,133.23,236.00,217.00,129.85,146.23
201.08,60.90,299.15,142.62,233.41,221.51,135.34,139.79
201.50,49.97,297.67,136.02,229.98,211.67,133.81,125.62
206.61,44.43,304.19,131.17,232.63,211.67,135.06,124.94
226.20,35.42,316.84,123.13,250.34,191.85,159.71,104.14
221.26,32.60,318.52,112.50,256.61,187.86,159.35,107.97
217.00,34.00,309.50,126.50,239.00,197.00,146.50,104.50
196.79,36.31,296.85,112.95,237.30,190.70,137.24,114.05
212.96,36.07,310.28,123.88,244.80,196.43,147.49,108.62
217.06,40.21,316.88,124.83,254.00,199.00,154.18,114.37
223.03,48.92,315.84,143.84,246.06,212.08,153.25,117.16
212.89,56.71,308.81,146.50,240.81,219.14,144.89,129.34
200.71,60.63,304.23,139.05,242.42,220.65,138.89,142.22
199.62,65.34,308.18,135.37,256.88,214.89,148.32,144.85
196.66,74.41,318.47,132.41,279.30,214.67,157.49,156.66
229.51,71.59,328.27,154.19,264.38,230.59,165.61,147.99
200.10,75.76,316.48,139.59,268.88,226.39,152.50,162.56
194.73,80.77,305.48,157.81,251.67,235.16,140.92,158.12
210.48,79.95,311.43,162.20,245.19,243.49,144.25,161.24
217.05,72.04,325.68,147.24,270.02,227.63,161.40,152.43
227.43,59.94,331.09,139.68,264.96,225.66,161.29,145.92
213.65,52.63,318.33,129.13,257.81,211.94,153.14,135.45
199.89,54.35,309.15,132.39,250.64,214.31,141.38,136.27
221.50,57.50,311.50,147.50,229.50,229.50,139.50,139.50
218.50,58.93,324.83,137.69,258.87,226.72,152.55,147.96
241.00,56.00,329.50,144.50,249.00,225.00,160.50,136.50
250.16,53.75,327.31,142.95,231.58,225.74,154.44,136.54
227.38,54.38,335.60,136.84,271.83,220.54,163.61,138.08
234.28,56.26,326.55,141.69,245.42,229.31,153.15,143.88
215.67,58.04,323.01,140.34,253.11,231.51,145.76,149.22
205.74,65.37,320.27,148.09,257.51,234.98,142.98,152.26
220.00,65.00,308.00,153.00,219.00,242.00,131.00,154.00
204.32,65.44,311.79,154.38,238.71,242.69,131.24,153.75
198.89,70.82,308.20,156.22,237.92,246.19,128.61,160.79
208.36,73.33,302.60,159.71,218.37,251.59,124.14,165.21
198.92,74.44,308.68,156.76,237.88,251.16,128.12,168.84
187.62,73.08,302.77,149.85,239.85,244.23,124.69,167.46
183.36,72.83,294.91,142.79,228.68,248.41,117.12,178.45
202.10,67.88,303.56,149.05,227.17,244.54,125.71,163.37
212.28,64.07,312.02,147.18,233.16,241.80,133.43,158.69
203.53,67.09,319.58,146.21,255.24,240.58,139.19,161.45
200.08,68.38,314.54,144.69,249.00,243.00,134.54,166.69
198.56,65.88,314.82,140.28,251.87,238.64,135.61,164.23
196.01,63.86,318.98,136.73,259.57,236.97,136.61,164.10
199.38,63.92,318.23,143.15,251.92,242.62,133.08,163.38
193.31,62.54,305.69,137.46,233.85,245.23,121.46,170.31
197.61,61.03,310.81,139.93,240.96,240.15,127.76,161.26
191.37,59.08,306.12,131.55,236.17,242.32,121.42,169.84
199.71,59.58,309.52,140.11,232.42,245.24,122.61,164.71
201.76,62.18,307.29,144.02,227.34,247.12,121.81,165.28
182.22,70.12,306.05,138.03,246.32,246.95,122.49,179.04
185.03,73.77,303.95,145.97,237.03,256.19,118.11,184.00
186.28,74.80,304.54,145.34,233.76,264.00,115.50,193.46
195.39,73.71,306.35,151.17,229.75,260.90,118.79,183.44
186.18,76.95,315.65,151.50,254.77,257.23,125.30,182.69
187.72,75.92,312.94,148.96,249.83,257.15,124.61,184.10
