1
280.00,249.00,332.00,249.00,332.00,298.00,280.00,298.00
282.00,250.00,333.00,250.00,333.00,298.00,282.00,298.00
285.00,252.00,334.00,252.00,334.00,300.00,285.00,300.00
285.00,254.00,333.00,254.00,333.00,299.00,285.00,299.00
285.00,256.00,332.00,256.00,332.00,304.00,285.00,304.00
284.00,256.00,332.00,256.00,332.00,303.00,284.00,303.00
285.00,258.00,332.00,258.00,332.00,306.00,285.00,306.00
285.00,261.00,331.00,261.00,331.00,308.00,285.00,308.00
284.00,262.00,331.00,262.00,331.00,310.00,284.00,310.00
281.00,266.00,328.00,266.00,328.00,312.00,281.00,312.00
280.00,263.00,326.00,263.00,326.00,312.00,280.00,312.00
279.00,264.00,325.00,264.00,325.00,318.00,279.00,318.00
276.00,265.00,326.00,265.00,326.00,313.00,276.00,313.00
276.00,268.00,326.00,268.00,326.00,315.00,276.00,315.00
276.00,268.00,324.00,268.00,324.00,315.00,276.00,315.00
277.00,269.00,326.00,269.00,326.00,316.00,277.00,316.00
277.00,269.00,325.00,269.00,325.00,316.00,277.00,316.00
276.00,269.00,326.00,269.00,326.00,316.00,276.00,316.00
277.00,274.00,327.00,274.00,327.00,319.00,277.00,319.00
278.00,272.00,327.00,272.00,327.00,319.00,278.00,319.00
277.00,271.00,327.00,271.00,327.00,318.00,277.00,318.00
277.00,270.00,325.00,270.00,325.00,317.00,277.00,317.00
277.00,271.00,326.00,271.00,326.00,319.00,277.00,319.00
277.00,269.00,326.00,269.00,326.00,318.00,277.00,318.00
272.00,267.00,325.00,267.00,325.00,316.00,272.00,316.00
273.00,269.00,326.00,269.00,326.00,318.00,273.00,318.00
272.00,270.00,326.00,270.00,326.00,319.00,272.00,319.00
272.00,271.00,325.00,271.00,325.00,320.00,272.00,320.00
272.00,271.00,326.00,271.00,326.00,318.00,272.00,318.00
270.00,270.00,324.00,270.00,324.00,319.00,270.00,319.00
272.00,275.00,325.00,275.00,325.00,327.00,272.00,327.00
271.00,276.00,323.00,276.00,323.00,326.00,271.00,326.00
270.00,275.00,322.00,275.00,322.00,324.00,270.00,324.00
272.00,277.00,324.00,277.00,324.00,326.00,272.00,326.00
269.00,276.00,323.00,276.00,323.00,324.00,269.00,324.00
271.00,277.00,324.00,277.00,324.00,327.00,271.00,327.00
272.00,278.00,325.00,278.00,325.00,328.00,272.00,328.00
272.00,274.00,325.00,274.00,325.00,324.00,272.00,324.00
270.00,274.00,324.00,274.00,324.00,324.00,270.00,324.00
273.00,273.00,324.00,273.00,324.00,323.00,273.00,323.00
273.00,274.00,325.00,274.00,325.00,324.00,273.00,324.00
273.00,271.00,324.00,271.00,324.00,320.00,273.00,320.00
271.00,269.00,325.00,269.00,325.00,319.00,271.00,319.00
271.00,267.00,324.00,267.00,324.00,317.00,271.00,317.00
271.00,269.00,323.00,269.00,323.00,317.00,271.00,317.00
268.00,266.00,321.00,266.00,321.00,316.00,268.00,316.00
269.00,267.00,321.00,267.00,321.00,315.00,269.00,315.00
266.00,266.00,319.00,266.00,319.00,316.00,266.00,316.00
266.00,267.00,320.00,267.00,320.00,317.00,266.00,317.00
268.00,268.00,321.00,268.00,321.00,318.00,268.00,318.00
267.00,267.00,319.00,267.00,319.00,317.00,267.00,317.00
265.00,267.00,319.00,267.00,319.00,316.00,265.00,316.00
268.00,267.00,319.00,267.00,319.00,316.00,268.00,316.00
265.00,268.00,317.00,268.00,317.00,318.00,265.00,318.00
266.00,269.00,318.00,269.00,318.00,317.00,266.00,317.00
266.00,268.00,318.00,268.00,318.00,317.00,266.00,317.00
264.00,269.00,317.00,269.00,317.00,317.00,264.00,317.00
263.00,269.00,314.00,269.00,314.00,316.00,263.00,316.00
262.00,269.00,313.00,269.00,313.00,316.00,262.00,316.00
262.00,269.00,314.00,269.00,314.00,317.00,262.00,317.00
262.00,269.00,312.00,269.00,312.00,316.00,262.00,316.00
257.00,269.00,308.00,269.00,308.00,317.00,257.00,317.00
256.00,270.00,307.00,270.00,307.00,318.00,256.00,318.00
256.00,269.00,306.00,269.00,306.00,318.00,256.00,318.00
254.00,269.00,306.00,269.00,306.00,320.00,254.00,320.00
253.00,270.00,304.00,270.00,304.00,320.00,253.00,320.00
250.00,269.00,303.00,269.00,303.00,320.00,250.00,320.00
247.00,269.00,298.00,269.00,298.00,318.00,247.00,318.00
245.00,269.00,297.00,269.00,297.00,318.00,245.00,318.00
244.00,270.00,295.00,270.00,295.00,319.00,244.00,319.00
242.00,269.00,294.00,269.00,294.00,319.00,242.00,319.00
241.00,269.00,292.00,269.00,292.00,318.00,241.00,318.00
241.00,269.00,291.00,269.00,291.00,317.00,241.00,317.00
240.00,269.00,291.00,269.00,291.00,317.00,240.00,317.00
240.00,267.00,289.00,267.00,289.00,315.00,240.00,315.00
239.00,269.00,290.00,269.00,290.00,318.00,239.00,318.00
239.00,268.00,290.00,268.00,290.00,317.00,239.00,317.00
241.00,270.00,292.00,270.00,292.00,320.00,241.00,320.00
241.00,272.00,296.00,272.00,296.00,322.00,241.00,322.00
243.00,270.00,295.00,270.00,295.00,322.00,243.00,322.00
243.00,268.00,297.00,268.00,297.00,320.00,243.00,320.00
245.00,270.00,298.00,270.00,298.00,322.00,245.00,322.00
246.00,270.00,297.00,270.00,297.00,321.00,246.00,321.00
248.00,271.00,298.00,271.00,298.00,321.00,248.00,321.00
248.00,272.00,298.00,272.00,298.00,322.00,248.00,322.00
248.00,271.00,300.00,271.00,300.00,322.00,248.00,322.00
247.00,271.00,297.00,271.00,297.00,320.00,247.00,320.00
246.00,272.00,297.00,272.00,297.00,321.00,246.00,321.00
247.00,271.00,296.00,271.00,296.00,321.00,247.00,321.00
247.00,271.00,296.00,271.00,296.00,320.00,247.00,320.00
246.00,271.00,296.00,271.00,296.00,320.00,246.00,320.00
245.00,273.00,294.00,273.00,294.00,322.00,245.00,322.00
245.00,272.00,294.00,272.00,294.00,320.00,245.00,320.00
243.00,272.00,293.00,272.00,293.00,320.00,243.00,320.00
241.00,270.00,293.00,270.00,293.00,319.00,241.00,319.00
239.00,268.00,290.00,268.00,290.00,318.00,239.00,318.00
238.00,267.00,290.00,267.00,290.00,315.00,238.00,315.00
235.00,263.00,289.00,263.00,289.00,314.00,235.00,314.00
232.00,266.00,285.00,266.00,285.00,320.00,232.00,320.00
233.00,268.00,287.00,268.00,287.00,320.00,233.00,320.00
240.00,287.00,295.00,287.00,295.00,342.00,240.00,342.00
247.00,303.00,302.00,303.00,302.00,358.00,247.00,358.00
275.00,319.00,327.00,319.00,327.00,360.00,275.00,360.00
300.00,324.00,355.00,324.00,355.00,379.00,300.00,379.00
325.00,335.00,380.00,335.00,380.00,390.00,325.00,390.00
343.00,344.00,396.00,344.00,396.00,386.00,343.00,386.00
350.00,337.00,404.00,337.00,404.00,383.00,350.00,383.00
350.00,336.00,405.00,336.00,405.00,382.00,350.00,382.00
353.00,335.00,409.00,335.00,409.00,379.00,353.00,379.00
358.00,323.00,412.00,323.00,412.00,376.00,358.00,376.00
361.00,320.00,416.00,320.00,416.00,365.00,361.00,365.00
364.00,322.00,419.00,322.00,419.00,367.00,364.00,367.00
366.00,322.00,421.00,322.00,421.00,367.00,366.00,367.00
362.00,320.00,417.00,320.00,417.00,364.00,362.00,364.00
360.00,320.00,414.00,320.00,414.00,366.00,360.00,366.00
361.00,324.00,416.00,324.00,416.00,369.00,361.00,369.00
358.00,324.00,414.00,324.00,414.00,371.00,358.00,371.00
356.00,326.00,411.00,326.00,411.00,372.00,356.00,372.00
353.00,326.00,409.00,326.00,409.00,373.00,353.00,373.00
354.00,327.00,409.00,327.00,409.00,374.00,354.00,374.00
351.00,330.00,406.00,330.00,406.00,373.00,351.00,373.00
346.00,329.00,402.00,329.00,402.00,375.00,346.00,375.00
343.00,330.00,400.00,330.00,400.00,373.00,343.00,373.00
336.00,328.00,392.00,328.00,392.00,370.00,336.00,370.00
326.00,321.00,384.00,321.00,384.00,364.00,326.00,364.00
324.00,316.00,380.00,316.00,380.00,363.00,324.00,363.00
325.00,320.00,382.00,320.00,382.00,366.00,325.00,366.00
326.00,322.00,383.00,322.00,383.00,368.00,326.00,368.00
325.00,322.00,381.00,322.00,381.00,366.00,325.00,366.00
320.00,319.00,379.00,319.00,379.00,365.00,320.00,365.00
323.00,316.00,380.00,316.00,380.00,364.00,323.00,364.00
322.00,317.00,379.00,317.00,379.00,365.00,322.00,365.00
324.00,318.00,380.00,318.00,380.00,364.00,324.00,364.00
323.00,313.00,379.00,313.00,379.00,361.00,323.00,361.00
315.00,308.00,373.00,308.00,373.00,353.00,315.00,353.00
314.00,307.00,369.00,307.00,369.00,352.00,314.00,352.00
314.00,307.00,368.00,307.00,368.00,355.00,314.00,355.00
309.00,319.00,363.00,319.00,363.00,359.00,309.00,359.00
305.00,315.00,354.00,315.00,354.00,364.00,305.00,364.00
294.00,322.00,351.00,322.00,351.00,367.00,294.00,367.00
295.00,322.00,354.00,322.00,354.00,366.00,295.00,366.00
299.00,319.00,355.00,319.00,355.00,366.00,299.00,366.00
298.00,320.00,354.00,320.00,354.00,367.00,298.00,367.00
298.00,318.00,354.00,318.00,354.00,366.00,298.00,366.00
299.00,315.00,357.00,315.00,357.00,362.00,299.00,362.00
301.00,309.00,357.00,309.00,357.00,356.00,301.00,356.00
301.00,305.00,359.00,305.00,359.00,352.00,301.00,352.00
300.00,300.00,357.00,300.00,357.00,352.00,300.00,352.00
304.00,297.00,362.00,297.00,362.00,343.00,304.00,343.00
307.00,297.00,364.00,297.00,364.00,343.00,307.00,343.00
308.00,295.00,365.00,295.00,365.00,339.00,308.00,339.00
309.00,296.00,366.00,296.00,366.00,340.00,309.00,340.00
310.00,297.00,367.00,297.00,367.00,341.00,310.00,341.00
309.00,296.00,367.00,296.00,367.00,343.00,309.00,343.00
310.00,291.00,366.00,291.00,366.00,341.00,310.00,341.00
312.00,292.00,369.00,292.00,369.00,339.00,312.00,339.00
314.00,288.00,371.00,288.00,371.00,335.00,314.00,335.00
315.00,287.00,371.00,287.00,371.00,333.00,315.00,333.00
317.00,283.00,372.00,283.00,372.00,330.00,317.00,330.00
317.00,283.00,372.00,283.00,372.00,330.00,317.00,330.00
320.00,275.00,373.00,275.00,373.00,322.00,320.00,322.00
319.00,277.00,375.00,277.00,375.00,324.00,319.00,324.00
316.00,275.00,374.00,275.00,374.00,323.00,316.00,323.00
317.00,275.00,375.00,275.00,375.00,323.00,317.00,323.00
317.00,274.00,375.00,274.00,375.00,323.00,317.00,323.00
317.00,275.00,376.00,275.00,376.00,321.00,317.00,321.00
320.00,274.00,377.00,274.00,377.00,319.00,320.00,319.00
321.00,272.00,378.00,272.00,378.00,319.00,321.00,319.00
323.00,272.00,381.00,272.00,381.00,318.00,323.00,318.00
327.00,273.00,383.00,273.00,383.00,318.00,327.00,318.00
327.00,273.00,383.00,273.00,383.00,318.00,327.00,318.00
328.00,273.00,381.00,273.00,381.00,318.00,328.00,318.00
327.00,273.00,383.00,273.00,383.00,319.00,327.00,319.00
327.00,272.00,382.00,272.00,382.00,317.00,327.00,317.00
326.00,273.00,382.00,273.00,382.00,316.00,326.00,316.00
327.00,269.00,383.00,269.00,383.00,314.00,327.00,314.00
326.00,268.00,382.00,268.00,382.00,314.00,326.00,314.00
325.00,258.00,381.00,258.00,381.00,311.00,325.00,311.00
324.00,259.00,384.00,259.00,384.00,305.00,324.00,305.00
326.00,254.00,386.00,254.00,386.00,301.00,326.00,301.00
325.00,254.00,387.00,254.00,387.00,301.00,325.00,301.00
327.00,252.00,389.00,252.00,389.00,299.00,327.00,299.00
329.00,251.00,391.00,251.00,391.00,297.00,329.00,297.00
332.00,250.00,393.00,250.00,393.00,297.00,332.00,297.00
334.00,253.00,395.00,253.00,395.00,300.00,334.00,300.00
338.00,255.00,398.00,255.00,398.00,302.00,338.00,302.00
341.00,251.00,398.00,251.00,398.00,298.00,341.00,298.00
347.00,246.00,399.00,246.00,399.00,298.00,347.00,298.00
349.00,243.00,400.00,243.00,400.00,294.00,349.00,294.00
343.00,251.00,401.00,251.00,401.00,298.00,343.00,298.00
344.00,249.00,403.00,249.00,403.00,297.00,344.00,297.00
345.00,248.00,404.00,248.00,404.00,296.00,345.00,296.00
345.00,247.00,404.00,247.00,404.00,296.00,345.00,296.00
346.00,250.00,406.00,250.00,406.00,298.00,346.00,298.00
347.00,254.00,407.00,254.00,407.00,303.00,347.00,303.00
349.00,252.00,408.00,252.00,408.00,300.00,349.00,300.00
353.00,252.00,410.00,252.00,410.00,302.00,353.00,302.00
357.00,252.00,412.00,252.00,412.00,300.00,357.00,300.00
355.00,253.00,411.00,253.00,411.00,304.00,355.00,304.00
356.00,251.00,409.00,251.00,409.00,301.00,356.00,301.00
357.00,245.00,409.00,245.00,409.00,295.00,357.00,295.00
361.00,251.00,410.00,251.00,410.00,300.00,361.00,300.00
356.00,241.00,411.00,241.00,411.00,288.00,356.00,288.00
358.00,240.00,414.00,240.00,414.00,288.00,358.00,288.00
357.00,241.00,413.00,241.00,413.00,287.00,357.00,287.00
359.00,242.00,414.00,242.00,414.00,289.00,359.00,289.00
358.00,248.00,415.00,248.00,415.00,295.00,358.00,295.00
356.00,248.00,414.00,248.00,414.00,295.00,356.00,295.00
353.00,252.00,410.00,252.00,410.00,297.00,353.00,297.00
353.00,255.00,408.00,255.00,408.00,300.00,353.00,300.00
353.00,254.00,410.00,254.00,410.00,300.00,353.00,300.00
351.00,257.00,406.00,257.00,406.00,302.00,351.00,302.00
346.00,255.00,401.00,255.00,401.00,301.00,346.00,301.00
346.00,253.00,401.00,253.00,401.00,301.00,346.00,301.00
346.00,250.00,400.00,250.00,400.00,297.00,346.00,297.00
349.00,245.00,400.00,245.00,400.00,296.00,349.00,296.00
343.00,245.00,399.00,245.00,399.00,291.00,343.00,291.00
342.00,247.00,398.00,247.00,398.00,291.00,342.00,291.00
340.00,250.00,396.00,250.00,396.00,294.00,340.00,294.00
337.00,247.00,392.00,247.00,392.00,292.00,337.00,292.00
334.00,247.00,389.00,247.00,389.00,290.00,334.00,290.00
331.00,245.00,388.00,245.00,388.00,289.00,331.00,289.00
331.00,244.00,386.00,244.00,386.00,289.00,331.00,289.00
330.00,243.00,386.00,243.00,386.00,287.00,330.00,287.00
329.00,244.00,384.00,244.00,384.00,289.00,329.00,289.00
329.00,243.00,383.00,243.00,383.00,287.00,329.00,287.00
329.00,244.00,382.00,244.00,382.00,287.00,329.00,287.00
329.00,243.00,383.00,243.00,383.00,286.00,329.00,286.00
327.00,243.00,382.00,243.00,382.00,286.00,327.00,286.00
329.00,240.00,384.00,240.00,384.00,285.00,329.00,285.00
330.00,237.00,384.00,237.00,384.00,284.00,330.00,284.00
331.00,234.00,385.00,234.00,385.00,278.00,331.00,278.00
333.00,237.00,384.00,237.00,384.00,281.00,333.00,281.00
334.00,234.00,386.00,234.00,386.00,277.00,334.00,277.00
337.00,232.00,386.00,232.00,386.00,275.00,337.00,275.00
334.00,235.00,385.00,235.00,385.00,278.00,334.00,278.00
335.00,234.00,385.00,234.00,385.00,278.00,335.00,278.00
333.00,234.00,385.00,234.00,385.00,280.00,333.00,280.00
334.00,236.00,386.00,236.00,386.00,288.00,334.00,288.00
331.00,234.00,386.00,234.00,386.00,281.00,331.00,281.00
334.00,233.00,386.00,233.00,386.00,280.00,334.00,280.00
337.00,229.00,389.00,229.00,389.00,278.00,337.00,278.00
337.00,228.00,389.00,228.00,389.00,280.00,337.00,280.00
332.00,227.00,388.00,227.00,388.00,274.00,332.00,274.00
334.00,224.00,389.00,224.00,389.00,270.00,334.00,270.00
333.00,226.00,388.00,226.00,388.00,272.00,333.00,272.00
334.00,226.00,390.00,226.00,390.00,272.00,334.00,272.00
335.00,224.00,389.00,224.00,389.00,268.00,335.00,268.00
337.00,222.00,390.00,222.00,390.00,266.00,337.00,266.00
337.00,221.00,390.00,221.00,390.00,265.00,337.00,265.00
340.00,218.00,392.00,218.00,392.00,263.00,340.00,263.00
339.00,214.00,387.00,214.00,387.00,262.00,339.00,262.00
343.00,222.00,390.00,222.00,390.00,269.00,343.00,269.00
331.00,210.00,378.00,210.00,378.00,257.00,331.00,257.00
316.00,200.00,362.00,200.00,362.00,246.00,316.00,246.00
321.00,204.00,367.00,204.00,367.00,250.00,321.00,250.00
345.00,216.00,391.00,216.00,391.00,262.00,345.00,262.00
350.00,226.00,403.00,226.00,403.00,268.00,350.00,268.00
350.00,228.00,402.00,228.00,402.00,274.00,350.00,274.00
347.00,238.00,400.00,238.00,400.00,283.00,347.00,283.00
347.00,237.00,399.00,237.00,399.00,282.00,347.00,282.00
343.00,241.00,396.00,241.00,396.00,286.00,343.00,286.00
337.00,245.00,390.00,245.00,390.00,289.00,337.00,289.00
339.00,236.00,388.00,236.00,388.00,284.00,339.00,284.00
340.00,241.00,388.00,241.00,388.00,288.00,340.00,288.00
342.00,241.00,389.00,241.00,389.00,288.00,342.00,288.00
341.00,238.00,388.00,238.00,388.00,287.00,341.00,287.00
342.00,240.00,388.00,240.00,388.00,287.00,342.00,287.00
341.00,237.00,387.00,237.00,387.00,287.00,341.00,287.00
340.00,227.00,381.00,227.00,381.00,275.00,340.00,275.00
340.00,236.00,389.00,236.00,389.00,282.00,340.00,282.00
344.00,242.00,390.00,242.00,390.00,285.00,344.00,285.00
348.00,239.00,390.00,239.00,390.00,285.00,348.00,285.00
350.00,235.00,392.00,235.00,392.00,282.00,350.00,282.00
348.00,236.00,392.00,236.00,392.00,283.00,348.00,283.00
346.00,236.00,389.00,236.00,389.00,282.00,346.00,282.00
345.00,230.00,389.00,230.00,389.00,276.00,345.00,276.00
346.00,224.00,388.00,224.00,388.00,271.00,346.00,271.00
347.00,234.00,394.00,234.00,394.00,280.00,347.00,280.00
349.00,241.00,395.00,241.00,395.00,285.00,349.00,285.00
347.00,244.00,397.00,244.00,397.00,287.00,347.00,287.00
347.00,245.00,398.00,245.00,398.00,289.00,347.00,289.00
347.00,244.00,399.00,244.00,399.00,290.00,347.00,290.00
349.00,241.00,402.00,241.00,402.00,285.00,349.00,285.00
352.00,244.00,403.00,244.00,403.00,288.00,352.00,288.00
353.00,245.00,403.00,245.00,403.00,289.00,353.00,289.00
355.00,245.00,406.00,245.00,406.00,288.00,355.00,288.00
357.00,246.00,407.00,246.00,407.00,289.00,357.00,289.00
359.00,246.00,408.00,246.00,408.00,290.00,359.00,290.00
359.00,246.00,408.00,246.00,408.00,290.00,359.00,290.00
360.00,246.00,409.00,246.00,409.00,293.00,360.00,293.00
361.00,237.00,407.00,237.00,407.00,281.00,361.00,281.00
354.00,255.00,411.00,255.00,411.00,304.00,354.00,304.00
360.00,252.00,415.00,252.00,415.00,301.00,360.00,301.00
358.00,257.00,415.00,257.00,415.00,307.00,358.00,307.00
362.00,254.00,414.00,254.00,414.00,306.00,362.00,306.00
370.00,243.00,423.00,243.00,423.00,296.00,370.00,296.00
375.00,231.00,428.00,231.00,428.00,284.00,375.00,284.00
376.00,241.00,427.00,241.00,427.00,288.00,376.00,288.00
374.00,245.00,427.00,245.00,427.00,291.00,374.00,291.00
378.00,243.00,428.00,243.00,428.00,288.00,378.00,288.00
378.00,242.00,427.00,242.00,427.00,285.00,378.00,285.00
377.00,244.00,426.00,244.00,426.00,286.00,377.00,286.00
379.00,242.00,426.00,242.00,426.00,285.00,379.00,285.00
381.00,243.00,430.00,243.00,430.00,286.00,381.00,286.00
381.00,241.00,430.00,241.00,430.00,282.00,381.00,282.00
378.00,243.00,429.00,243.00,429.00,283.00,378.00,283.00
378.00,242.00,428.00,242.00,428.00,283.00,378.00,283.00
377.00,241.00,427.00,241.00,427.00,281.00,377.00,281.00
373.00,232.00,421.00,232.00,421.00,280.00,373.00,280.00
378.00,230.00,426.00,230.00,426.00,278.00,378.00,278.00
376.00,242.00,426.00,242.00,426.00,283.00,376.00,283.00
377.00,243.00,425.00,243.00,425.00,282.00,377.00,282.00
375.00,244.00,425.00,244.00,425.00,284.00,375.00,284.00
378.00,241.00,427.00,241.00,427.00,281.00,378.00,281.00
376.00,241.00,426.00,241.00,426.00,282.00,376.00,282.00
376.00,242.00,425.00,242.00,425.00,282.00,376.00,282.00
376.00,242.00,426.00,242.00,426.00,283.00,376.00,283.00
379.00,241.00,425.00,241.00,425.00,287.00,379.00,287.00
355.00,227.00,400.00,227.00,400.00,272.00,355.00,272.00
349.00,224.00,395.00,224.00,395.00,267.00,349.00,267.00
353.00,224.00,398.00,224.00,398.00,269.00,353.00,269.00
361.00,215.00,405.00,215.00,405.00,259.00,361.00,259.00
356.00,209.00,400.00,209.00,400.00,253.00,356.00,253.00
371.00,220.00,416.00,220.00,416.00,265.00,371.00,265.00
380.00,234.00,427.00,234.00,427.00,274.00,380.00,274.00
379.00,234.00,425.00,234.00,425.00,273.00,379.00,273.00
369.00,242.00,413.00,242.00,413.00,286.00,369.00,286.00
359.00,246.00,405.00,246.00,405.00,283.00,359.00,283.00
357.00,244.00,402.00,244.00,402.00,281.00,357.00,281.00
359.00,240.00,401.00,240.00,401.00,282.00,359.00,282.00
355.00,243.00,401.00,243.00,401.00,282.00,355.00,282.00
354.00,244.00,401.00,244.00,401.00,282.00,354.00,282.00
355.00,245.00,400.00,245.00,400.00,282.00,355.00,282.00
352.00,243.00,395.00,243.00,395.00,281.00,352.00,281.00
336.00,229.00,379.00,229.00,379.00,272.00,336.00,272.00
357.00,238.00,399.00,238.00,399.00,280.00,357.00,280.00
356.00,242.00,398.00,242.00,398.00,284.00,356.00,284.00
353.00,237.00,397.00,237.00,397.00,276.00,353.00,276.00
356.00,234.00,398.00,234.00,398.00,276.00,356.00,276.00
