1
281.00,248.00,333.00,248.00,333.00,298.00,281.00,298.00
283.00,250.00,333.00,250.00,333.00,299.00,283.00,299.00
285.00,251.00,334.00,251.00,334.00,300.00,285.00,300.00
284.00,253.00,333.00,253.00,333.00,300.00,284.00,300.00
285.00,255.00,332.00,255.00,332.00,303.00,285.00,303.00
284.00,255.00,332.00,255.00,332.00,303.00,284.00,303.00
285.00,258.00,332.00,258.00,332.00,307.00,285.00,307.00
285.00,259.00,332.00,259.00,332.00,308.00,285.00,308.00
284.00,260.00,330.00,260.00,330.00,310.00,284.00,310.00
280.00,265.00,329.00,265.00,329.00,314.00,280.00,314.00
280.00,263.00,326.00,263.00,326.00,312.00,280.00,312.00
280.00,265.00,324.00,265.00,324.00,315.00,280.00,315.00
276.00,265.00,326.00,265.00,326.00,314.00,276.00,314.00
275.00,266.00,327.00,266.00,327.00,314.00,275.00,314.00
274.00,267.00,325.00,267.00,325.00,316.00,274.00,316.00
276.00,268.00,327.00,268.00,327.00,316.00,276.00,316.00
277.00,269.00,326.00,269.00,326.00,316.00,277.00,316.00
275.00,269.00,325.00,269.00,325.00,317.00,275.00,317.00
275.00,273.00,326.00,273.00,326.00,320.00,275.00,320.00
277.00,272.00,326.00,272.00,326.00,318.00,277.00,318.00
277.00,270.00,327.00,270.00,327.00,317.00,277.00,317.00
277.00,270.00,326.00,270.00,326.00,316.00,277.00,316.00
276.00,270.00,326.00,270.00,326.00,317.00,276.00,317.00
276.00,268.00,326.00,268.00,326.00,318.00,276.00,318.00
273.00,267.00,325.00,267.00,325.00,316.00,273.00,316.00
274.00,269.00,326.00,269.00,326.00,319.00,274.00,319.00
272.00,270.00,325.00,270.00,325.00,319.00,272.00,319.00
272.00,271.00,325.00,271.00,325.00,320.00,272.00,320.00
272.00,270.00,325.00,270.00,325.00,319.00,272.00,319.00
271.00,270.00,324.00,270.00,324.00,319.00,271.00,319.00
272.00,275.00,325.00,275.00,325.00,327.00,272.00,327.00
271.00,276.00,323.00,276.00,323.00,326.00,271.00,326.00
270.00,274.00,322.00,274.00,322.00,324.00,270.00,324.00
272.00,276.00,324.00,276.00,324.00,326.00,272.00,326.00
270.00,276.00,323.00,276.00,323.00,325.00,270.00,325.00
271.00,277.00,323.00,277.00,323.00,326.00,271.00,326.00
272.00,278.00,324.00,278.00,324.00,328.00,272.00,328.00
272.00,274.00,324.00,274.00,324.00,324.00,272.00,324.00
270.00,274.00,324.00,274.00,324.00,323.00,270.00,323.00
274.00,273.00,324.00,273.00,324.00,323.00,274.00,323.00
274.00,275.00,325.00,275.00,325.00,323.00,274.00,323.00
272.00,271.00,323.00,271.00,323.00,319.00,272.00,319.00
272.00,270.00,324.00,270.00,324.00,318.00,272.00,318.00
271.00,267.00,323.00,267.00,323.00,316.00,271.00,316.00
271.00,269.00,324.00,269.00,324.00,317.00,271.00,317.00
268.00,266.00,320.00,266.00,320.00,315.00,268.00,315.00
269.00,266.00,321.00,266.00,321.00,314.00,269.00,314.00
267.00,265.00,319.00,265.00,319.00,315.00,267.00,315.00
267.00,267.00,319.00,267.00,319.00,317.00,267.00,317.00
267.00,268.00,320.00,268.00,320.00,318.00,267.00,318.00
267.00,267.00,319.00,267.00,319.00,316.00,267.00,316.00
267.00,267.00,317.00,267.00,317.00,317.00,267.00,317.00
268.00,268.00,318.00,268.00,318.00,316.00,268.00,316.00
266.00,268.00,317.00,268.00,317.00,317.00,266.00,317.00
266.00,269.00,316.00,269.00,316.00,317.00,266.00,317.00
266.00,268.00,317.00,268.00,317.00,316.00,266.00,316.00
264.00,268.00,315.00,268.00,315.00,316.00,264.00,316.00
263.00,269.00,313.00,269.00,313.00,316.00,263.00,316.00
263.00,268.00,313.00,268.00,313.00,315.00,263.00,315.00
262.00,268.00,312.00,268.00,312.00,316.00,262.00,316.00
262.00,269.00,312.00,269.00,312.00,316.00,262.00,316.00
257.00,270.00,308.00,270.00,308.00,317.00,257.00,317.00
256.00,270.00,307.00,270.00,307.00,317.00,256.00,317.00
256.00,270.00,306.00,270.00,306.00,318.00,256.00,318.00
254.00,269.00,305.00,269.00,305.00,319.00,254.00,319.00
253.00,270.00,304.00,270.00,304.00,320.00,253.00,320.00
250.00,269.00,303.00,269.00,303.00,318.00,250.00,318.00
247.00,269.00,297.00,269.00,297.00,319.00,247.00,319.00
245.00,269.00,296.00,269.00,296.00,318.00,245.00,318.00
244.00,270.00,295.00,270.00,295.00,318.00,244.00,318.00
243.00,269.00,294.00,269.00,294.00,317.00,243.00,317.00
241.00,269.00,292.00,269.00,292.00,317.00,241.00,317.00
241.00,269.00,291.00,269.00,291.00,317.00,241.00,317.00
240.00,269.00,291.00,269.00,291.00,317.00,240.00,317.00
239.00,267.00,289.00,267.00,289.00,315.00,239.00,315.00
239.00,269.00,289.00,269.00,289.00,317.00,239.00,317.00
240.00,268.00,290.00,268.00,290.00,317.00,240.00,317.00
241.00,270.00,291.00,270.00,291.00,317.00,241.00,317.00
243.00,270.00,295.00,270.00,295.00,323.00,243.00,323.00
243.00,270.00,296.00,270.00,296.00,321.00,243.00,321.00
243.00,269.00,296.00,269.00,296.00,320.00,243.00,320.00
245.00,269.00,298.00,269.00,298.00,321.00,245.00,321.00
247.00,270.00,298.00,270.00,298.00,319.00,247.00,319.00
248.00,272.00,298.00,272.00,298.00,320.00,248.00,320.00
249.00,273.00,298.00,273.00,298.00,320.00,249.00,320.00
249.00,272.00,299.00,272.00,299.00,320.00,249.00,320.00
248.00,271.00,296.00,271.00,296.00,319.00,248.00,319.00
247.00,273.00,296.00,273.00,296.00,321.00,247.00,321.00
247.00,273.00,296.00,273.00,296.00,320.00,247.00,320.00
247.00,272.00,296.00,272.00,296.00,319.00,247.00,319.00
246.00,272.00,294.00,272.00,294.00,319.00,246.00,319.00
246.00,274.00,293.00,274.00,293.00,321.00,246.00,321.00
245.00,273.00,292.00,273.00,292.00,319.00,245.00,319.00
243.00,273.00,291.00,273.00,291.00,320.00,243.00,320.00
241.00,270.00,291.00,270.00,291.00,318.00,241.00,318.00
240.00,269.00,290.00,269.00,290.00,318.00,240.00,318.00
238.00,268.00,289.00,268.00,289.00,315.00,238.00,315.00
236.00,264.00,289.00,264.00,289.00,313.00,236.00,313.00
234.00,268.00,285.00,268.00,285.00,319.00,234.00,319.00
234.00,270.00,287.00,270.00,287.00,320.00,234.00,320.00
244.00,292.00,294.00,292.00,294.00,342.00,244.00,342.00
259.00,307.00,310.00,307.00,310.00,358.00,259.00,358.00
275.00,319.00,327.00,319.00,327.00,361.00,275.00,361.00
295.00,326.00,345.00,326.00,345.00,376.00,295.00,376.00
311.00,332.00,362.00,332.00,362.00,383.00,311.00,383.00
342.00,346.00,396.00,346.00,396.00,386.00,342.00,386.00
350.00,338.00,405.00,338.00,405.00,381.00,350.00,381.00
352.00,337.00,404.00,337.00,404.00,381.00,352.00,381.00
353.00,337.00,409.00,337.00,409.00,379.00,353.00,379.00
359.00,325.00,412.00,325.00,412.00,377.00,359.00,377.00
362.00,321.00,416.00,321.00,416.00,364.00,362.00,364.00
365.00,322.00,419.00,322.00,419.00,365.00,365.00,365.00
367.00,323.00,421.00,323.00,421.00,367.00,367.00,367.00
362.00,320.00,417.00,320.00,417.00,363.00,362.00,363.00
360.00,322.00,414.00,322.00,414.00,366.00,360.00,366.00
361.00,325.00,415.00,325.00,415.00,369.00,361.00,369.00
358.00,326.00,414.00,326.00,414.00,370.00,358.00,370.00
357.00,328.00,410.00,328.00,410.00,373.00,357.00,373.00
354.00,326.00,409.00,326.00,409.00,372.00,354.00,372.00
354.00,329.00,409.00,329.00,409.00,372.00,354.00,372.00
351.00,332.00,406.00,332.00,406.00,374.00,351.00,374.00
346.00,331.00,402.00,331.00,402.00,374.00,346.00,374.00
343.00,331.00,400.00,331.00,400.00,372.00,343.00,372.00
335.00,329.00,393.00,329.00,393.00,371.00,335.00,371.00
326.00,322.00,386.00,322.00,386.00,366.00,326.00,366.00
323.00,316.00,382.00,316.00,382.00,363.00,323.00,363.00
324.00,323.00,383.00,323.00,383.00,365.00,324.00,365.00
326.00,323.00,385.00,323.00,385.00,367.00,326.00,367.00
325.00,323.00,384.00,323.00,384.00,366.00,325.00,366.00
320.00,319.00,382.00,319.00,382.00,365.00,320.00,365.00
321.00,320.00,380.00,320.00,380.00,364.00,321.00,364.00
320.00,319.00,381.00,319.00,381.00,364.00,320.00,364.00
322.00,319.00,382.00,319.00,382.00,363.00,322.00,363.00
323.00,314.00,380.00,314.00,380.00,361.00,323.00,361.00
313.00,306.00,376.00,306.00,376.00,354.00,313.00,354.00
311.00,307.00,372.00,307.00,372.00,353.00,311.00,353.00
312.00,307.00,371.00,307.00,371.00,354.00,312.00,354.00
306.00,317.00,366.00,317.00,366.00,360.00,306.00,360.00
299.00,317.00,360.00,317.00,360.00,365.00,299.00,365.00
291.00,322.00,354.00,322.00,354.00,366.00,291.00,366.00
294.00,321.00,356.00,321.00,356.00,367.00,294.00,367.00
296.00,323.00,357.00,323.00,357.00,367.00,296.00,367.00
297.00,321.00,356.00,321.00,356.00,367.00,297.00,367.00
296.00,320.00,355.00,320.00,355.00,366.00,296.00,366.00
298.00,317.00,357.00,317.00,357.00,362.00,298.00,362.00
300.00,309.00,358.00,309.00,358.00,357.00,300.00,357.00
301.00,306.00,361.00,306.00,361.00,352.00,301.00,352.00
301.00,302.00,357.00,302.00,357.00,352.00,301.00,352.00
305.00,298.00,363.00,298.00,363.00,342.00,305.00,342.00
307.00,297.00,365.00,297.00,365.00,341.00,307.00,341.00
309.00,296.00,365.00,296.00,365.00,340.00,309.00,340.00
309.00,297.00,367.00,297.00,367.00,340.00,309.00,340.00
310.00,298.00,368.00,298.00,368.00,341.00,310.00,341.00
312.00,296.00,367.00,296.00,367.00,342.00,312.00,342.00
311.00,292.00,366.00,292.00,366.00,339.00,311.00,339.00
314.00,289.00,371.00,289.00,371.00,338.00,314.00,338.00
315.00,291.00,370.00,291.00,370.00,334.00,315.00,334.00
317.00,286.00,370.00,286.00,370.00,331.00,317.00,331.00
317.00,284.00,372.00,284.00,372.00,329.00,317.00,329.00
318.00,280.00,372.00,280.00,372.00,326.00,318.00,326.00
319.00,277.00,373.00,277.00,373.00,322.00,319.00,322.00
320.00,281.00,373.00,281.00,373.00,325.00,320.00,325.00
318.00,277.00,375.00,277.00,375.00,322.00,318.00,322.00
317.00,277.00,375.00,277.00,375.00,322.00,317.00,322.00
318.00,276.00,376.00,276.00,376.00,322.00,318.00,322.00
318.00,277.00,375.00,277.00,375.00,321.00,318.00,321.00
321.00,276.00,377.00,276.00,377.00,319.00,321.00,319.00
322.00,274.00,379.00,274.00,379.00,318.00,322.00,318.00
325.00,272.00,381.00,272.00,381.00,315.00,325.00,315.00
328.00,272.00,383.00,272.00,383.00,316.00,328.00,316.00
328.00,273.00,383.00,273.00,383.00,318.00,328.00,318.00
328.00,275.00,382.00,275.00,382.00,318.00,328.00,318.00
327.00,274.00,383.00,274.00,383.00,318.00,327.00,318.00
327.00,272.00,384.00,272.00,384.00,317.00,327.00,317.00
326.00,274.00,383.00,274.00,383.00,317.00,326.00,317.00
327.00,270.00,383.00,270.00,383.00,314.00,327.00,314.00
325.00,270.00,382.00,270.00,382.00,313.00,325.00,313.00
325.00,260.00,381.00,260.00,381.00,310.00,325.00,310.00
326.00,259.00,384.00,259.00,384.00,301.00,326.00,301.00
328.00,254.00,386.00,254.00,386.00,299.00,328.00,299.00
328.00,254.00,386.00,254.00,386.00,298.00,328.00,298.00
329.00,254.00,385.00,254.00,385.00,297.00,329.00,297.00
334.00,248.00,389.00,248.00,389.00,292.00,334.00,292.00
336.00,250.00,392.00,250.00,392.00,295.00,336.00,295.00
338.00,251.00,394.00,251.00,394.00,295.00,338.00,295.00
340.00,254.00,396.00,254.00,396.00,298.00,340.00,298.00
343.00,251.00,399.00,251.00,399.00,296.00,343.00,296.00
346.00,248.00,401.00,248.00,401.00,293.00,346.00,293.00
349.00,243.00,398.00,243.00,398.00,292.00,349.00,292.00
343.00,253.00,401.00,253.00,401.00,298.00,343.00,298.00
345.00,251.00,402.00,251.00,402.00,296.00,345.00,296.00
347.00,249.00,404.00,249.00,404.00,295.00,347.00,295.00
347.00,246.00,404.00,246.00,404.00,294.00,347.00,294.00
347.00,249.00,406.00,249.00,406.00,296.00,347.00,296.00
348.00,251.00,407.00,251.00,407.00,298.00,348.00,298.00
350.00,249.00,409.00,249.00,409.00,297.00,350.00,297.00
352.00,253.00,408.00,253.00,408.00,302.00,352.00,302.00
357.00,252.00,411.00,252.00,411.00,301.00,357.00,301.00
355.00,252.00,410.00,252.00,410.00,302.00,355.00,302.00
358.00,249.00,410.00,249.00,410.00,298.00,358.00,298.00
357.00,245.00,410.00,245.00,410.00,293.00,357.00,293.00
361.00,252.00,409.00,252.00,409.00,300.00,361.00,300.00
357.00,240.00,412.00,240.00,412.00,286.00,357.00,286.00
357.00,242.00,413.00,242.00,413.00,288.00,357.00,288.00
357.00,242.00,413.00,242.00,413.00,286.00,357.00,286.00
358.00,243.00,413.00,243.00,413.00,289.00,358.00,289.00
359.00,248.00,414.00,248.00,414.00,293.00,359.00,293.00
358.00,248.00,414.00,248.00,414.00,293.00,358.00,293.00
355.00,250.00,411.00,250.00,411.00,293.00,355.00,293.00
356.00,254.00,409.00,254.00,409.00,299.00,356.00,299.00
354.00,255.00,409.00,255.00,409.00,298.00,354.00,298.00
351.00,259.00,406.00,259.00,406.00,301.00,351.00,301.00
347.00,258.00,402.00,258.00,402.00,301.00,347.00,301.00
346.00,255.00,401.00,255.00,401.00,298.00,346.00,298.00
345.00,251.00,400.00,251.00,400.00,295.00,345.00,295.00
351.00,244.00,401.00,244.00,401.00,294.00,351.00,294.00
343.00,248.00,399.00,248.00,399.00,290.00,343.00,290.00
343.00,248.00,398.00,248.00,398.00,292.00,343.00,292.00
341.00,251.00,395.00,251.00,395.00,293.00,341.00,293.00
337.00,248.00,391.00,248.00,391.00,292.00,337.00,292.00
334.00,247.00,389.00,247.00,389.00,289.00,334.00,289.00
332.00,246.00,387.00,246.00,387.00,288.00,332.00,288.00
331.00,245.00,386.00,245.00,386.00,288.00,331.00,288.00
330.00,244.00,384.00,244.00,384.00,287.00,330.00,287.00
328.00,244.00,383.00,244.00,383.00,288.00,328.00,288.00
329.00,244.00,382.00,244.00,382.00,286.00,329.00,286.00
329.00,244.00,382.00,244.00,382.00,287.00,329.00,287.00
330.00,244.00,383.00,244.00,383.00,287.00,330.00,287.00
327.00,242.00,382.00,242.00,382.00,286.00,327.00,286.00
331.00,239.00,383.00,239.00,383.00,281.00,331.00,281.00
332.00,235.00,385.00,235.00,385.00,279.00,332.00,279.00
332.00,236.00,385.00,236.00,385.00,278.00,332.00,278.00
335.00,238.00,385.00,238.00,385.00,279.00,335.00,279.00
334.00,236.00,384.00,236.00,384.00,278.00,334.00,278.00
336.00,235.00,385.00,235.00,385.00,275.00,336.00,275.00
335.00,235.00,385.00,235.00,385.00,276.00,335.00,276.00
336.00,236.00,384.00,236.00,384.00,277.00,336.00,277.00
334.00,237.00,384.00,237.00,384.00,282.00,334.00,282.00
335.00,235.00,384.00,235.00,384.00,279.00,335.00,279.00
334.00,237.00,386.00,237.00,386.00,281.00,334.00,281.00
336.00,234.00,385.00,234.00,385.00,278.00,336.00,278.00
343.00,232.00,390.00,232.00,390.00,277.00,343.00,277.00
344.00,229.00,389.00,229.00,389.00,274.00,344.00,274.00
335.00,228.00,386.00,228.00,386.00,271.00,335.00,271.00
336.00,228.00,388.00,228.00,388.00,270.00,336.00,270.00
337.00,227.00,387.00,227.00,387.00,269.00,337.00,269.00
338.00,227.00,388.00,227.00,388.00,269.00,338.00,269.00
337.00,226.00,387.00,226.00,387.00,268.00,337.00,268.00
339.00,225.00,388.00,225.00,388.00,266.00,339.00,266.00
340.00,224.00,388.00,224.00,388.00,266.00,340.00,266.00
341.00,223.00,390.00,223.00,390.00,265.00,341.00,265.00
344.00,219.00,388.00,219.00,388.00,263.00,344.00,263.00
341.00,225.00,390.00,225.00,390.00,267.00,341.00,267.00
339.00,224.00,390.00,224.00,390.00,268.00,339.00,268.00
339.00,225.00,391.00,225.00,391.00,269.00,339.00,269.00
343.00,227.00,392.00,227.00,392.00,272.00,343.00,272.00
348.00,226.00,400.00,226.00,400.00,266.00,348.00,266.00
351.00,228.00,402.00,228.00,402.00,269.00,351.00,269.00
351.00,229.00,402.00,229.00,402.00,272.00,351.00,272.00
348.00,238.00,399.00,238.00,399.00,280.00,348.00,280.00
348.00,238.00,398.00,238.00,398.00,280.00,348.00,280.00
344.00,242.00,396.00,242.00,396.00,285.00,344.00,285.00
339.00,245.00,391.00,245.00,391.00,287.00,339.00,287.00
339.00,235.00,386.00,235.00,386.00,284.00,339.00,284.00
341.00,243.00,388.00,243.00,388.00,290.00,341.00,290.00
342.00,240.00,389.00,240.00,389.00,287.00,342.00,287.00
343.00,241.00,388.00,241.00,388.00,288.00,343.00,288.00
342.00,244.00,388.00,244.00,388.00,290.00,342.00,290.00
341.00,244.00,388.00,244.00,388.00,291.00,341.00,291.00
341.00,230.00,383.00,230.00,383.00,275.00,341.00,275.00
341.00,240.00,390.00,240.00,390.00,287.00,341.00,287.00
348.00,242.00,389.00,242.00,389.00,287.00,348.00,287.00
348.00,242.00,389.00,242.00,389.00,288.00,348.00,288.00
353.00,240.00,393.00,240.00,393.00,287.00,353.00,287.00
348.00,244.00,391.00,244.00,391.00,290.00,348.00,290.00
354.00,240.00,394.00,240.00,394.00,287.00,354.00,287.00
349.00,239.00,392.00,239.00,392.00,285.00,349.00,285.00
350.00,233.00,392.00,233.00,392.00,279.00,350.00,279.00
348.00,234.00,394.00,234.00,394.00,280.00,348.00,280.00
350.00,242.00,396.00,242.00,396.00,286.00,350.00,286.00
347.00,246.00,396.00,246.00,396.00,289.00,347.00,289.00
348.00,246.00,397.00,246.00,397.00,288.00,348.00,288.00
349.00,245.00,397.00,245.00,397.00,289.00,349.00,289.00
348.00,243.00,402.00,243.00,402.00,284.00,348.00,284.00
351.00,244.00,403.00,244.00,403.00,289.00,351.00,289.00
353.00,245.00,404.00,245.00,404.00,288.00,353.00,288.00
355.00,245.00,405.00,245.00,405.00,287.00,355.00,287.00
357.00,247.00,406.00,247.00,406.00,289.00,357.00,289.00
360.00,246.00,408.00,246.00,408.00,288.00,360.00,288.00
360.00,247.00,408.00,247.00,408.00,291.00,360.00,291.00
361.00,248.00,409.00,248.00,409.00,292.00,361.00,292.00
360.00,240.00,408.00,240.00,408.00,284.00,360.00,284.00
360.00,253.00,412.00,253.00,412.00,302.00,360.00,302.00
362.00,251.00,414.00,251.00,414.00,299.00,362.00,299.00
361.00,255.00,414.00,255.00,414.00,304.00,361.00,304.00
367.00,251.00,416.00,251.00,416.00,295.00,367.00,295.00
368.00,249.00,420.00,249.00,420.00,292.00,368.00,292.00
374.00,247.00,424.00,247.00,424.00,290.00,374.00,290.00
374.00,247.00,424.00,247.00,424.00,291.00,374.00,291.00
375.00,246.00,425.00,246.00,425.00,290.00,375.00,290.00
377.00,246.00,425.00,246.00,425.00,289.00,377.00,289.00
378.00,245.00,426.00,245.00,426.00,286.00,378.00,286.00
377.00,245.00,425.00,245.00,425.00,285.00,377.00,285.00
379.00,245.00,426.00,245.00,426.00,289.00,379.00,289.00
380.00,245.00,429.00,245.00,429.00,287.00,380.00,287.00
381.00,243.00,429.00,243.00,429.00,286.00,381.00,286.00
379.00,243.00,428.00,243.00,428.00,283.00,379.00,283.00
379.00,243.00,427.00,243.00,427.00,283.00,379.00,283.00
377.00,243.00,427.00,243.00,427.00,283.00,377.00,283.00
377.00,244.00,423.00,244.00,423.00,283.00,377.00,283.00
377.00,242.00,425.00,242.00,425.00,280.00,377.00,280.00
376.00,245.00,425.00,245.00,425.00,284.00,376.00,284.00
375.00,246.00,423.00,246.00,423.00,284.00,375.00,284.00
375.00,245.00,424.00,245.00,424.00,284.00,375.00,284.00
378.00,243.00,425.00,243.00,425.00,281.00,378.00,281.00
378.00,242.00,426.00,242.00,426.00,281.00,378.00,281.00
377.00,245.00,424.00,245.00,424.00,283.00,377.00,283.00
377.00,245.00,424.00,245.00,424.00,285.00,377.00,285.00
379.00,245.00,423.00,245.00,423.00,285.00,379.00,285.00
377.00,246.00,423.00,246.00,423.00,287.00,377.00,287.00
377.00,243.00,424.00,243.00,424.00,285.00,377.00,285.00
377.00,245.00,427.00,245.00,427.00,287.00,377.00,287.00
374.00,242.00,426.00,242.00,426.00,284.00,374.00,284.00
390.00,233.00,437.00,233.00,437.00,280.00,390.00,280.00
376.00,239.00,425.00,239.00,425.00,279.00,376.00,279.00
378.00,236.00,428.00,236.00,428.00,276.00,378.00,276.00
377.00,235.00,427.00,235.00,427.00,274.00,377.00,274.00
362.00,244.00,411.00,244.00,411.00,282.00,362.00,282.00
358.00,245.00,406.00,245.00,406.00,282.00,358.00,282.00
355.00,246.00,403.00,246.00,403.00,283.00,355.00,283.00
353.00,245.00,401.00,245.00,401.00,283.00,353.00,283.00
353.00,244.00,401.00,244.00,401.00,283.00,353.00,283.00
353.00,244.00,401.00,244.00,401.00,283.00,353.00,283.00
355.00,245.00,399.00,245.00,399.00,282.00,355.00,282.00
355.00,247.00,399.00,247.00,399.00,284.00,355.00,284.00
355.00,246.00,399.00,246.00,399.00,283.00,355.00,283.00
356.00,246.00,399.00,246.00,399.00,283.00,356.00,283.00
355.00,241.00,400.00,241.00,400.00,286.00,355.00,286.00
351.00,241.00,399.00,241.00,399.00,278.00,351.00,278.00
352.00,240.00,398.00,240.00,398.00,277.00,352.00,277.00
