1
211.00,139.00,302.00,139.00,302.00,191.00,211.00,191.00
209.00,141.00,302.00,141.00,302.00,193.00,209.00,193.00
208.00,141.00,300.00,141.00,300.00,192.00,208.00,192.00
207.00,141.00,299.00,141.00,299.00,193.00,207.00,193.00
205.00,142.00,297.00,142.00,297.00,194.00,205.00,194.00
202.00,142.00,296.00,142.00,296.00,195.00,202.00,195.00
200.00,143.00,295.00,143.00,295.00,196.00,200.00,196.00
198.00,144.00,293.00,144.00,293.00,197.00,198.00,197.00
196.00,144.00,292.00,144.00,292.00,197.00,196.00,197.00
193.00,144.00,290.00,144.00,290.00,198.00,193.00,198.00
192.00,145.00,289.00,145.00,289.00,200.00,192.00,200.00
190.00,145.00,287.00,145.00,287.00,200.00,190.00,200.00
189.00,146.00,285.00,146.00,285.00,201.00,189.00,201.00
187.00,147.00,283.00,147.00,283.00,202.00,187.00,202.00
186.00,148.00,282.00,148.00,282.00,202.00,186.00,202.00
187.00,149.00,282.00,149.00,282.00,203.00,187.00,203.00
185.00,149.00,281.00,149.00,281.00,203.00,185.00,203.00
185.00,150.00,281.00,150.00,281.00,203.00,185.00,203.00
182.00,152.00,278.00,152.00,278.00,206.00,182.00,206.00
181.00,152.00,279.00,152.00,279.00,207.00,181.00,207.00
179.00,155.00,279.00,155.00,279.00,211.00,179.00,211.00
177.00,158.00,276.00,158.00,276.00,213.00,177.00,213.00
176.00,159.00,274.00,159.00,274.00,214.00,176.00,214.00
175.00,159.00,273.00,159.00,273.00,215.00,175.00,215.00
174.00,160.00,272.00,160.00,272.00,215.00,174.00,215.00
171.00,161.00,269.00,161.00,269.00,216.00,171.00,216.00
170.00,161.00,269.00,161.00,269.00,216.00,170.00,216.00
168.00,162.00,265.00,162.00,265.00,217.00,168.00,217.00
166.00,162.00,263.00,162.00,263.00,219.00,166.00,219.00
165.00,163.00,261.00,163.00,261.00,219.00,165.00,219.00
163.00,163.00,259.00,163.00,259.00,220.00,163.00,220.00
160.00,163.00,256.00,163.00,256.00,219.00,160.00,219.00
156.00,164.00,253.00,164.00,253.00,221.00,156.00,221.00
153.00,165.00,254.00,165.00,254.00,222.00,153.00,222.00
153.00,165.00,250.00,165.00,250.00,224.00,153.00,224.00
154.00,166.00,249.00,166.00,249.00,224.00,154.00,224.00
154.00,168.00,247.00,168.00,247.00,225.00,154.00,225.00
152.00,168.00,246.00,168.00,246.00,225.00,152.00,225.00
152.00,168.00,246.00,168.00,246.00,225.00,152.00,225.00
152.00,168.00,246.00,168.00,246.00,225.00,152.00,225.00
151.00,166.00,245.00,166.00,245.00,223.00,151.00,223.00
150.00,165.00,245.00,165.00,245.00,223.00,150.00,223.00
149.00,164.00,243.00,164.00,243.00,222.00,149.00,222.00
150.00,163.00,243.00,163.00,243.00,220.00,150.00,220.00
149.00,163.00,241.00,163.00,241.00,220.00,149.00,220.00
149.00,163.00,239.00,163.00,239.00,221.00,149.00,221.00
150.00,163.00,239.00,163.00,239.00,221.00,150.00,221.00
151.00,164.00,239.00,164.00,239.00,222.00,151.00,222.00
151.00,164.00,239.00,164.00,239.00,223.00,151.00,223.00
150.00,163.00,236.00,163.00,236.00,224.00,150.00,224.00
151.00,163.00,236.00,163.00,236.00,222.00,151.00,222.00
150.00,163.00,234.00,163.00,234.00,223.00,150.00,223.00
154.00,164.00,237.00,164.00,237.00,224.00,154.00,224.00
153.00,164.00,235.00,164.00,235.00,222.00,153.00,222.00
153.00,165.00,237.00,165.00,237.00,224.00,153.00,224.00
153.00,165.00,237.00,165.00,237.00,224.00,153.00,224.00
153.00,165.00,238.00,165.00,238.00,223.00,153.00,223.00
154.00,166.00,241.00,166.00,241.00,223.00,154.00,223.00
154.00,165.00,243.00,165.00,243.00,223.00,154.00,223.00
155.00,165.00,243.00,165.00,243.00,222.00,155.00,222.00
157.00,166.00,244.00,166.00,244.00,222.00,157.00,222.00
157.00,165.00,241.00,165.00,241.00,223.00,157.00,223.00
158.00,166.00,241.00,166.00,241.00,224.00,158.00,224.00
157.00,166.00,240.00,166.00,240.00,224.00,157.00,224.00
159.00,167.00,241.00,167.00,241.00,225.00,159.00,225.00
159.00,166.00,239.00,166.00,239.00,224.00,159.00,224.00
160.00,166.00,239.00,166.00,239.00,223.00,160.00,223.00
158.00,166.00,239.00,166.00,239.00,224.00,158.00,224.00
158.00,167.00,239.00,167.00,239.00,224.00,158.00,224.00
158.00,166.00,240.00,166.00,240.00,222.00,158.00,222.00
155.00,167.00,239.00,167.00,239.00,222.00,155.00,222.00
154.00,166.00,237.00,166.00,237.00,223.00,154.00,223.00
154.00,166.00,235.00,166.00,235.00,223.00,154.00,223.00
153.00,165.00,234.00,165.00,234.00,222.00,153.00,222.00
152.00,165.00,231.00,165.00,231.00,222.00,152.00,222.00
150.00,165.00,228.00,165.00,228.00,220.00,150.00,220.00
149.00,165.00,224.00,165.00,224.00,219.00,149.00,219.00
151.00,167.00,224.00,167.00,224.00,220.00,151.00,220.00
150.00,165.00,220.00,165.00,220.00,218.00,150.00,218.00
148.00,164.00,214.00,164.00,214.00,217.00,148.00,217.00
147.00,164.00,213.00,164.00,213.00,217.00,147.00,217.00
146.00,163.00,210.00,163.00,210.00,217.00,146.00,217.00
144.00,164.00,209.00,164.00,209.00,217.00,144.00,217.00
143.00,164.00,209.00,164.00,209.00,217.00,143.00,217.00
143.00,166.00,210.00,166.00,210.00,219.00,143.00,219.00
141.00,165.00,207.00,165.00,207.00,218.00,141.00,218.00
140.00,165.00,206.00,165.00,206.00,219.00,140.00,219.00
141.00,167.00,205.00,167.00,205.00,219.00,141.00,219.00
141.00,168.00,205.00,168.00,205.00,220.00,141.00,220.00
140.00,167.00,204.00,167.00,204.00,220.00,140.00,220.00
140.00,169.00,203.00,169.00,203.00,220.00,140.00,220.00
138.00,167.00,200.00,167.00,200.00,220.00,138.00,220.00
138.00,167.00,199.00,167.00,199.00,220.00,138.00,220.00
139.00,169.00,200.00,169.00,200.00,222.00,139.00,222.00
137.00,165.00,197.00,165.00,197.00,221.00,137.00,221.00
139.00,167.00,198.00,167.00,198.00,222.00,139.00,222.00
139.00,174.00,209.00,174.00,209.00,219.00,139.00,219.00
141.00,168.00,198.00,168.00,198.00,223.00,141.00,223.00
144.00,166.00,198.00,166.00,198.00,220.00,144.00,220.00
143.00,169.00,197.00,169.00,197.00,222.00,143.00,222.00
144.00,167.00,198.00,167.00,198.00,221.00,144.00,221.00
147.00,168.00,201.00,168.00,201.00,221.00,147.00,221.00
149.00,166.00,202.00,166.00,202.00,219.00,149.00,219.00
151.00,169.00,204.00,169.00,204.00,221.00,151.00,221.00
153.00,171.00,206.00,171.00,206.00,221.00,153.00,221.00
156.00,175.00,208.00,175.00,208.00,223.00,156.00,223.00
157.00,173.00,209.00,173.00,209.00,223.00,157.00,223.00
157.00,170.00,209.00,170.00,209.00,222.00,157.00,222.00
159.00,175.00,210.00,175.00,210.00,225.00,159.00,225.00
157.00,168.00,207.00,168.00,207.00,222.00,157.00,222.00
159.00,164.00,209.00,164.00,209.00,218.00,159.00,218.00
156.00,160.00,207.00,160.00,207.00,214.00,156.00,214.00
156.00,157.00,205.00,157.00,205.00,210.00,156.00,210.00
156.00,159.00,204.00,159.00,204.00,212.00,156.00,212.00
155.00,159.00,204.00,159.00,204.00,211.00,155.00,211.00
155.00,158.00,204.00,158.00,204.00,210.00,155.00,210.00
155.00,159.00,203.00,159.00,203.00,209.00,155.00,209.00
155.00,159.00,204.00,159.00,204.00,210.00,155.00,210.00
154.00,158.00,203.00,158.00,203.00,209.00,154.00,209.00
152.00,160.00,203.00,160.00,203.00,211.00,152.00,211.00
152.00,160.00,204.00,160.00,204.00,212.00,152.00,212.00
152.00,163.00,204.00,163.00,204.00,215.00,152.00,215.00
156.00,165.00,206.00,165.00,206.00,219.00,156.00,219.00
158.00,170.00,207.00,170.00,207.00,222.00,158.00,222.00
157.00,170.00,206.00,170.00,206.00,221.00,157.00,221.00
157.00,166.00,206.00,166.00,206.00,216.00,157.00,216.00
157.00,161.00,205.00,161.00,205.00,212.00,157.00,212.00
159.00,158.00,206.00,158.00,206.00,210.00,159.00,210.00
160.00,159.00,207.00,159.00,207.00,210.00,160.00,210.00
160.00,158.00,207.00,158.00,207.00,209.00,160.00,209.00
160.00,159.00,207.00,159.00,207.00,211.00,160.00,211.00
160.00,157.00,208.00,157.00,208.00,208.00,160.00,208.00
161.00,159.00,208.00,159.00,208.00,210.00,161.00,210.00
161.00,157.00,209.00,157.00,209.00,208.00,161.00,208.00
163.00,166.00,211.00,166.00,211.00,215.00,163.00,215.00
164.00,168.00,210.00,168.00,210.00,215.00,164.00,215.00
165.00,164.00,210.00,164.00,210.00,212.00,165.00,212.00
166.00,162.00,211.00,162.00,211.00,211.00,166.00,211.00
167.00,162.00,212.00,162.00,212.00,210.00,167.00,210.00
169.00,161.00,214.00,161.00,214.00,210.00,169.00,210.00
170.00,163.00,214.00,163.00,214.00,211.00,170.00,211.00
172.00,163.00,216.00,163.00,216.00,210.00,172.00,210.00
173.00,162.00,218.00,162.00,218.00,210.00,173.00,210.00
174.00,163.00,219.00,163.00,219.00,211.00,174.00,211.00
175.00,162.00,221.00,162.00,221.00,210.00,175.00,210.00
176.00,162.00,223.00,162.00,223.00,210.00,176.00,210.00
177.00,163.00,224.00,163.00,224.00,211.00,177.00,211.00
177.00,164.00,225.00,164.00,225.00,214.00,177.00,214.00
177.00,165.00,226.00,165.00,226.00,215.00,177.00,215.00
177.00,164.00,227.00,164.00,227.00,214.00,177.00,214.00
178.00,165.00,229.00,165.00,229.00,216.00,178.00,216.00
178.00,166.00,230.00,166.00,230.00,216.00,178.00,216.00
178.00,166.00,230.00,166.00,230.00,216.00,178.00,216.00
177.00,167.00,230.00,167.00,230.00,217.00,177.00,217.00
174.00,167.00,230.00,167.00,230.00,216.00,174.00,216.00
173.00,168.00,230.00,168.00,230.00,217.00,173.00,217.00
172.00,168.00,232.00,168.00,232.00,217.00,172.00,217.00
170.00,168.00,232.00,168.00,232.00,217.00,170.00,217.00
170.00,169.00,234.00,169.00,234.00,218.00,170.00,218.00
167.00,168.00,234.00,168.00,234.00,219.00,167.00,219.00
167.00,169.00,235.00,169.00,235.00,220.00,167.00,220.00
167.00,170.00,235.00,170.00,235.00,220.00,167.00,220.00
169.00,171.00,237.00,171.00,237.00,220.00,169.00,220.00
167.00,170.00,238.00,170.00,238.00,220.00,167.00,220.00
170.00,171.00,242.00,171.00,242.00,220.00,170.00,220.00
171.00,170.00,244.00,170.00,244.00,220.00,171.00,220.00
174.00,171.00,246.00,171.00,246.00,220.00,174.00,220.00
176.00,170.00,250.00,170.00,250.00,221.00,176.00,221.00
178.00,170.00,252.00,170.00,252.00,222.00,178.00,222.00
179.00,170.00,254.00,170.00,254.00,222.00,179.00,222.00
180.00,172.00,255.00,172.00,255.00,224.00,180.00,224.00
181.00,175.00,256.00,175.00,256.00,226.00,181.00,226.00
182.00,176.00,258.00,176.00,258.00,227.00,182.00,227.00
182.00,177.00,257.00,177.00,257.00,228.00,182.00,228.00
183.00,179.00,260.00,179.00,260.00,231.00,183.00,231.00
182.00,179.00,258.00,179.00,258.00,231.00,182.00,231.00
182.00,182.00,259.00,182.00,259.00,233.00,182.00,233.00
181.00,183.00,258.00,183.00,258.00,236.00,181.00,236.00
181.00,184.00,258.00,184.00,258.00,236.00,181.00,236.00
180.00,186.00,260.00,186.00,260.00,238.00,180.00,238.00
179.00,189.00,261.00,189.00,261.00,242.00,179.00,242.00
180.00,190.00,262.00,190.00,262.00,242.00,180.00,242.00
179.00,191.00,261.00,191.00,261.00,242.00,179.00,242.00
181.00,193.00,262.00,193.00,262.00,243.00,181.00,243.00
179.00,194.00,261.00,194.00,261.00,243.00,179.00,243.00
181.00,195.00,260.00,195.00,260.00,245.00,181.00,245.00
184.00,197.00,259.00,197.00,259.00,245.00,184.00,245.00
186.00,198.00,259.00,198.00,259.00,245.00,186.00,245.00
186.00,199.00,259.00,199.00,259.00,246.00,186.00,246.00
191.00,200.00,262.00,200.00,262.00,250.00,191.00,250.00
193.00,200.00,263.00,200.00,263.00,249.00,193.00,249.00
195.00,200.00,265.00,200.00,265.00,249.00,195.00,249.00
196.00,201.00,267.00,201.00,267.00,253.00,196.00,253.00
191.00,199.00,266.00,199.00,266.00,255.00,191.00,255.00
176.00,197.00,253.00,197.00,253.00,250.00,176.00,250.00
178.00,199.00,256.00,199.00,256.00,252.00,178.00,252.00
165.00,198.00,241.00,198.00,241.00,248.00,165.00,248.00
165.00,200.00,240.00,200.00,240.00,250.00,165.00,250.00
166.00,202.00,241.00,202.00,241.00,251.00,166.00,251.00
165.00,202.00,240.00,202.00,240.00,252.00,165.00,252.00
166.00,200.00,239.00,200.00,239.00,248.00,166.00,248.00
168.00,202.00,240.00,202.00,240.00,250.00,168.00,250.00
171.00,204.00,240.00,204.00,240.00,252.00,171.00,252.00
170.00,203.00,240.00,203.00,240.00,251.00,170.00,251.00
170.00,204.00,239.00,204.00,239.00,252.00,170.00,252.00
171.00,204.00,240.00,204.00,240.00,252.00,171.00,252.00
172.00,205.00,241.00,205.00,241.00,253.00,172.00,253.00
171.00,205.00,239.00,205.00,239.00,254.00,171.00,254.00
174.00,205.00,243.00,205.00,243.00,252.00,174.00,252.00
174.00,206.00,243.00,206.00,243.00,253.00,174.00,253.00
173.00,206.00,242.00,206.00,242.00,254.00,173.00,254.00
175.00,207.00,245.00,207.00,245.00,254.00,175.00,254.00
173.00,207.00,243.00,207.00,243.00,255.00,173.00,255.00
176.00,207.00,246.00,207.00,246.00,255.00,176.00,255.00
174.00,208.00,246.00,208.00,246.00,257.00,174.00,257.00
174.00,208.00,250.00,208.00,250.00,257.00,174.00,257.00
173.00,207.00,248.00,207.00,248.00,257.00,173.00,257.00
174.00,207.00,248.00,207.00,248.00,257.00,174.00,257.00
174.00,208.00,247.00,208.00,247.00,258.00,174.00,258.00
172.00,208.00,245.00,208.00,245.00,257.00,172.00,257.00
174.00,206.00,245.00,206.00,245.00,255.00,174.00,255.00
175.00,208.00,242.00,208.00,242.00,257.00,175.00,257.00
174.00,207.00,242.00,207.00,242.00,257.00,174.00,257.00
177.00,208.00,245.00,208.00,245.00,257.00,177.00,257.00
176.00,208.00,246.00,208.00,246.00,258.00,176.00,258.00
177.00,208.00,245.00,208.00,245.00,258.00,177.00,258.00
178.00,210.00,245.00,210.00,245.00,259.00,178.00,259.00
177.00,209.00,243.00,209.00,243.00,258.00,177.00,258.00
179.00,210.00,244.00,210.00,244.00,259.00,179.00,259.00
180.00,208.00,241.00,208.00,241.00,255.00,180.00,255.00
179.00,208.00,239.00,208.00,239.00,255.00,179.00,255.00
179.00,207.00,237.00,207.00,237.00,255.00,179.00,255.00
181.00,206.00,236.00,206.00,236.00,253.00,181.00,253.00
180.00,207.00,235.00,207.00,235.00,254.00,180.00,254.00
180.00,207.00,235.00,207.00,235.00,254.00,180.00,254.00
180.00,207.00,234.00,207.00,234.00,253.00,180.00,253.00
182.00,206.00,234.00,206.00,234.00,252.00,182.00,252.00
180.00,205.00,232.00,205.00,232.00,252.00,180.00,252.00
179.00,205.00,231.00,205.00,231.00,251.00,179.00,251.00
179.00,207.00,230.00,207.00,230.00,252.00,179.00,252.00
180.00,206.00,231.00,206.00,231.00,251.00,180.00,251.00
178.00,208.00,228.00,208.00,228.00,251.00,178.00,251.00
180.00,206.00,230.00,206.00,230.00,249.00,180.00,249.00
178.00,207.00,228.00,207.00,228.00,249.00,178.00,249.00
179.00,207.00,227.00,207.00,227.00,249.00,179.00,249.00
180.00,206.00,228.00,206.00,228.00,249.00,180.00,249.00
179.00,206.00,229.00,206.00,229.00,249.00,179.00,249.00
180.00,206.00,230.00,206.00,230.00,248.00,180.00,248.00
184.00,206.00,233.00,206.00,233.00,248.00,184.00,248.00
184.00,206.00,232.00,206.00,232.00,247.00,184.00,247.00
187.00,208.00,235.00,208.00,235.00,248.00,187.00,248.00
185.00,209.00,233.00,209.00,233.00,249.00,185.00,249.00
189.00,207.00,236.00,207.00,236.00,248.00,189.00,248.00
191.00,207.00,240.00,207.00,240.00,249.00,191.00,249.00
192.00,206.00,243.00,206.00,243.00,249.00,192.00,249.00
193.00,206.00,245.00,206.00,245.00,250.00,193.00,250.00
192.00,205.00,247.00,205.00,247.00,249.00,192.00,249.00
193.00,206.00,249.00,206.00,249.00,251.00,193.00,251.00
194.00,205.00,250.00,205.00,250.00,249.00,194.00,249.00
194.00,206.00,252.00,206.00,252.00,250.00,194.00,250.00
194.00,205.00,256.00,205.00,256.00,250.00,194.00,250.00
193.00,204.00,257.00,204.00,257.00,251.00,193.00,251.00
191.00,202.00,257.00,202.00,257.00,249.00,191.00,249.00
193.00,201.00,259.00,201.00,259.00,248.00,193.00,248.00
191.00,201.00,259.00,201.00,259.00,247.00,191.00,247.00
193.00,201.00,262.00,201.00,262.00,246.00,193.00,246.00
193.00,200.00,264.00,200.00,264.00,246.00,193.00,246.00
192.00,199.00,265.00,199.00,265.00,246.00,192.00,246.00
193.00,198.00,268.00,198.00,268.00,245.00,193.00,245.00
192.00,197.00,268.00,197.00,268.00,244.00,192.00,244.00
194.00,197.00,270.00,197.00,270.00,244.00,194.00,244.00
197.00,197.00,272.00,197.00,272.00,244.00,197.00,244.00
195.00,196.00,274.00,196.00,274.00,244.00,195.00,244.00
194.00,195.00,275.00,195.00,275.00,244.00,194.00,244.00
195.00,196.00,277.00,196.00,277.00,245.00,195.00,245.00
196.00,195.00,279.00,195.00,279.00,245.00,196.00,245.00
197.00,195.00,280.00,195.00,280.00,245.00,197.00,245.00
199.00,196.00,282.00,196.00,282.00,246.00,199.00,246.00
198.00,196.00,282.00,196.00,282.00,247.00,198.00,247.00
200.00,197.00,285.00,197.00,285.00,247.00,200.00,247.00
200.00,196.00,286.00,196.00,286.00,246.00,200.00,246.00
201.00,196.00,287.00,196.00,287.00,246.00,201.00,246.00
200.00,194.00,288.00,194.00,288.00,244.00,200.00,244.00
202.00,196.00,291.00,196.00,291.00,245.00,202.00,245.00
201.00,196.00,291.00,196.00,291.00,245.00,201.00,245.00
202.00,196.00,291.00,196.00,291.00,246.00,202.00,246.00
204.00,197.00,292.00,197.00,292.00,246.00,204.00,246.00
204.00,196.00,294.00,196.00,294.00,245.00,204.00,245.00
205.00,195.00,294.00,195.00,294.00,245.00,205.00,245.00
206.00,195.00,296.00,195.00,296.00,246.00,206.00,246.00
208.00,195.00,298.00,195.00,298.00,246.00,208.00,246.00
212.00,196.00,301.00,196.00,301.00,247.00,212.00,247.00
214.00,196.00,304.00,196.00,304.00,247.00,214.00,247.00
217.00,197.00,308.00,197.00,308.00,248.00,217.00,248.00
219.00,198.00,310.00,198.00,310.00,248.00,219.00,248.00
219.00,197.00,310.00,197.00,310.00,247.00,219.00,247.00
223.00,197.00,316.00,197.00,316.00,247.00,223.00,247.00
226.00,195.00,318.00,195.00,318.00,245.00,226.00,245.00
232.00,196.00,322.00,196.00,322.00,246.00,232.00,246.00
233.00,194.00,323.00,194.00,323.00,244.00,233.00,244.00
230.00,194.00,321.00,194.00,321.00,244.00,230.00,244.00
232.00,193.00,324.00,193.00,324.00,244.00,232.00,244.00
232.00,193.00,322.00,193.00,322.00,243.00,232.00,243.00
237.00,192.00,326.00,192.00,326.00,242.00,237.00,242.00
238.00,192.00,328.00,192.00,328.00,243.00,238.00,243.00
239.00,191.00,330.00,191.00,330.00,242.00,239.00,242.00
241.00,190.00,331.00,190.00,331.00,241.00,241.00,241.00
242.00,190.00,332.00,190.00,332.00,241.00,242.00,241.00
244.00,190.00,334.00,190.00,334.00,240.00,244.00,240.00
248.00,191.00,338.00,191.00,338.00,241.00,248.00,241.00
249.00,191.00,338.00,191.00,338.00,241.00,249.00,241.00
250.00,192.00,340.00,192.00,340.00,242.00,250.00,242.00
250.00,193.00,341.00,193.00,341.00,244.00,250.00,244.00
253.00,193.00,342.00,193.00,342.00,244.00,253.00,244.00
256.00,193.00,344.00,193.00,344.00,244.00,256.00,244.00
255.00,193.00,346.00,193.00,346.00,244.00,255.00,244.00
258.00,194.00,347.00,194.00,347.00,244.00,258.00,244.00
259.00,194.00,350.00,194.00,350.00,245.00,259.00,245.00
264.00,194.00,354.00,194.00,354.00,244.00,264.00,244.00
264.00,194.00,354.00,194.00,354.00,245.00,264.00,245.00
269.00,196.00,358.00,196.00,358.00,246.00,269.00,246.00
274.00,197.00,362.00,197.00,362.00,247.00,274.00,247.00
273.00,196.00,364.00,196.00,364.00,247.00,273.00,247.00
274.00,197.00,365.00,197.00,365.00,249.00,274.00,249.00
277.00,197.00,370.00,197.00,370.00,249.00,277.00,249.00
282.00,199.00,373.00,199.00,373.00,250.00,282.00,250.00
283.00,199.00,375.00,199.00,375.00,250.00,283.00,250.00
286.00,198.00,376.00,198.00,376.00,250.00,286.00,250.00
286.00,199.00,378.00,199.00,378.00,250.00,286.00,250.00
289.00,200.00,380.00,200.00,380.00,252.00,289.00,252.00
288.00,199.00,380.00,199.00,380.00,251.00,288.00,251.00
291.00,199.00,383.00,199.00,383.00,251.00,291.00,251.00
292.00,199.00,384.00,199.00,384.00,251.00,292.00,251.00
296.00,198.00,388.00,198.00,388.00,250.00,296.00,250.00
301.00,198.00,389.00,198.00,389.00,250.00,301.00,250.00
301.00,195.00,391.00,195.00,391.00,249.00,301.00,249.00
302.00,193.00,392.00,193.00,392.00,245.00,302.00,245.00
304.00,191.00,392.00,191.00,392.00,242.00,304.00,242.00
305.00,190.00,394.00,190.00,394.00,241.00,305.00,241.00
306.00,187.00,396.00,187.00,396.00,238.00,306.00,238.00
310.00,185.00,396.00,185.00,396.00,236.00,310.00,236.00
310.00,185.00,396.00,185.00,396.00,235.00,310.00,235.00
309.00,184.00,397.00,184.00,397.00,232.00,309.00,232.00
312.00,185.00,399.00,185.00,399.00,233.00,312.00,233.00
313.00,184.00,400.00,184.00,400.00,233.00,313.00,233.00
318.00,182.00,402.00,182.00,402.00,230.00,318.00,230.00
320.00,181.00,403.00,181.00,403.00,228.00,320.00,228.00
319.00,179.00,405.00,179.00,405.00,227.00,319.00,227.00
320.00,178.00,406.00,178.00,406.00,225.00,320.00,225.00
321.00,178.00,407.00,178.00,407.00,226.00,321.00,226.00
324.00,178.00,409.00,178.00,409.00,225.00,324.00,225.00
326.00,177.00,411.00,177.00,411.00,225.00,326.00,225.00
325.00,177.00,412.00,177.00,412.00,224.00,325.00,224.00
326.00,177.00,413.00,177.00,413.00,223.00,326.00,223.00
328.00,177.00,417.00,177.00,417.00,224.00,328.00,224.00
333.00,177.00,418.00,177.00,418.00,224.00,333.00,224.00
334.00,177.00,420.00,177.00,420.00,224.00,334.00,224.00
335.00,176.00,420.00,176.00,420.00,223.00,335.00,223.00
338.00,177.00,419.00,177.00,419.00,223.00,338.00,223.00
337.00,176.00,420.00,176.00,420.00,223.00,337.00,223.00
337.00,175.00,420.00,175.00,420.00,223.00,337.00,223.00
341.00,176.00,423.00,176.00,423.00,222.00,341.00,222.00
338.00,175.00,423.00,175.00,423.00,222.00,338.00,222.00
334.00,175.00,422.00,175.00,422.00,223.00,334.00,223.00
329.00,174.00,420.00,174.00,420.00,222.00,329.00,222.00
330.00,174.00,422.00,174.00,422.00,223.00,330.00,223.00
332.00,174.00,422.00,174.00,422.00,222.00,332.00,222.00
333.00,174.00,421.00,174.00,421.00,222.00,333.00,222.00
333.00,174.00,422.00,174.00,422.00,223.00,333.00,223.00
338.00,174.00,423.00,174.00,423.00,222.00,338.00,222.00
337.00,174.00,424.00,174.00,424.00,222.00,337.00,222.00
339.00,173.00,424.00,173.00,424.00,221.00,339.00,221.00
340.00,173.00,424.00,173.00,424.00,222.00,340.00,222.00
343.00,172.00,424.00,172.00,424.00,221.00,343.00,221.00
340.00,172.00,424.00,172.00,424.00,222.00,340.00,222.00
341.00,172.00,423.00,172.00,423.00,222.00,341.00,222.00
340.00,173.00,423.00,173.00,423.00,224.00,340.00,224.00
336.00,172.00,423.00,172.00,423.00,223.00,336.00,223.00
336.00,172.00,423.00,172.00,423.00,223.00,336.00,223.00
337.00,172.00,423.00,172.00,423.00,223.00,337.00,223.00
335.00,172.00,421.00,172.00,421.00,222.00,335.00,222.00
337.00,172.00,423.00,172.00,423.00,221.00,337.00,221.00
336.00,172.00,423.00,172.00,423.00,223.00,336.00,223.00
340.00,174.00,425.00,174.00,425.00,224.00,340.00,224.00
335.00,174.00,425.00,174.00,425.00,226.00,335.00,226.00
339.00,175.00,428.00,175.00,428.00,227.00,339.00,227.00
339.00,176.00,428.00,176.00,428.00,228.00,339.00,228.00
340.00,175.00,430.00,175.00,430.00,227.00,340.00,227.00
343.00,179.00,431.00,179.00,431.00,229.00,343.00,229.00
345.00,180.00,434.00,180.00,434.00,232.00,345.00,232.00
345.00,180.00,435.00,180.00,435.00,232.00,345.00,232.00
343.00,180.00,435.00,180.00,435.00,233.00,343.00,233.00
347.00,181.00,435.00,181.00,435.00,233.00,347.00,233.00
348.00,183.00,436.00,183.00,436.00,234.00,348.00,234.00
351.00,184.00,439.00,184.00,439.00,234.00,351.00,234.00
350.00,184.00,441.00,184.00,441.00,235.00,350.00,235.00
350.00,184.00,445.00,184.00,445.00,235.00,350.00,235.00
355.00,185.00,448.00,185.00,448.00,236.00,355.00,236.00
357.00,186.00,449.00,186.00,449.00,237.00,357.00,237.00
359.00,186.00,451.00,186.00,451.00,236.00,359.00,236.00
360.00,185.00,455.00,185.00,455.00,236.00,360.00,236.00
364.00,185.00,462.00,185.00,462.00,237.00,364.00,237.00
369.00,187.00,464.00,187.00,464.00,238.00,369.00,238.00
373.00,186.00,468.00,186.00,468.00,239.00,373.00,239.00
377.00,185.00,473.00,185.00,473.00,239.00,377.00,239.00
381.00,185.00,478.00,185.00,478.00,239.00,381.00,239.00
387.00,186.00,482.00,186.00,482.00,238.00,387.00,238.00
386.00,184.00,484.00,184.00,484.00,239.00,386.00,239.00
389.00,185.00,485.00,185.00,485.00,239.00,389.00,239.00
390.00,184.00,488.00,184.00,488.00,239.00,390.00,239.00
393.00,183.00,489.00,183.00,489.00,238.00,393.00,238.00
391.00,181.00,491.00,181.00,491.00,237.00,391.00,237.00
393.00,180.00,493.00,180.00,493.00,237.00,393.00,237.00
392.00,179.00,493.00,179.00,493.00,236.00,392.00,236.00
398.00,179.00,495.00,179.00,495.00,235.00,398.00,235.00
398.00,178.00,495.00,178.00,495.00,235.00,398.00,235.00
397.00,177.00,492.00,177.00,492.00,234.00,397.00,234.00
401.00,176.00,493.00,176.00,493.00,233.00,401.00,233.00
400.00,175.00,492.00,175.00,492.00,232.00,400.00,232.00
399.00,175.00,490.00,175.00,490.00,232.00,399.00,232.00
400.00,173.00,491.00,173.00,491.00,229.00,400.00,229.00
399.00,174.00,488.00,174.00,488.00,230.00,399.00,230.00
400.00,173.00,487.00,173.00,487.00,230.00,400.00,230.00
397.00,172.00,486.00,172.00,486.00,228.00,397.00,228.00
397.00,171.00,483.00,171.00,483.00,227.00,397.00,227.00
395.00,172.00,482.00,172.00,482.00,227.00,395.00,227.00
394.00,171.00,479.00,171.00,479.00,226.00,394.00,226.00
395.00,171.00,478.00,171.00,478.00,227.00,395.00,227.00
395.00,170.00,477.00,170.00,477.00,227.00,395.00,227.00
393.00,170.00,475.00,170.00,475.00,226.00,393.00,226.00
394.00,170.00,475.00,170.00,475.00,227.00,394.00,227.00
394.00,170.00,475.00,170.00,475.00,227.00,394.00,227.00
393.00,170.00,477.00,170.00,477.00,228.00,393.00,228.00
397.00,169.00,479.00,169.00,479.00,227.00,397.00,227.00
399.00,168.00,481.00,168.00,481.00,226.00,399.00,226.00
405.00,167.00,484.00,167.00,484.00,224.00,405.00,224.00
405.00,167.00,485.00,167.00,485.00,224.00,405.00,224.00
409.00,165.00,487.00,165.00,487.00,223.00,409.00,223.00
412.00,166.00,490.00,166.00,490.00,222.00,412.00,222.00
413.00,166.00,492.00,166.00,492.00,222.00,413.00,222.00
417.00,165.00,496.00,165.00,496.00,222.00,417.00,222.00
417.00,166.00,498.00,166.00,498.00,223.00,417.00,223.00
419.00,165.00,498.00,165.00,498.00,222.00,419.00,222.00
423.00,163.00,501.00,163.00,501.00,219.00,423.00,219.00
423.00,163.00,501.00,163.00,501.00,219.00,423.00,219.00
425.00,163.00,502.00,163.00,502.00,220.00,425.00,220.00
419.00,165.00,497.00,165.00,497.00,222.00,419.00,222.00
418.00,167.00,495.00,167.00,495.00,223.00,418.00,223.00
417.00,166.00,493.00,166.00,493.00,221.00,417.00,221.00
419.00,165.00,495.00,165.00,495.00,220.00,419.00,220.00
421.00,163.00,495.00,163.00,495.00,218.00,421.00,218.00
410.00,168.00,485.00,168.00,485.00,222.00,410.00,222.00
410.00,167.00,483.00,167.00,483.00,220.00,410.00,220.00
407.00,169.00,476.00,169.00,476.00,221.00,407.00,221.00
409.00,170.00,478.00,170.00,478.00,221.00,409.00,221.00
408.00,169.00,476.00,169.00,476.00,221.00,408.00,221.00
406.00,165.00,472.00,165.00,472.00,219.00,406.00,219.00
407.00,165.00,471.00,165.00,471.00,219.00,407.00,219.00
406.00,164.00,468.00,164.00,468.00,218.00,406.00,218.00
406.00,169.00,470.00,169.00,470.00,220.00,406.00,220.00
397.00,167.00,462.00,167.00,462.00,221.00,397.00,221.00
400.00,166.00,464.00,166.00,464.00,218.00,400.00,218.00
398.00,167.00,460.00,167.00,460.00,219.00,398.00,219.00
398.00,167.00,460.00,167.00,460.00,219.00,398.00,219.00
400.00,168.00,460.00,168.00,460.00,221.00,400.00,221.00
397.00,167.00,459.00,167.00,459.00,223.00,397.00,223.00
398.00,165.00,460.00,165.00,460.00,220.00,398.00,220.00
398.00,163.00,458.00,163.00,458.00,220.00,398.00,220.00
398.00,163.00,456.00,163.00,456.00,219.00,398.00,219.00
395.00,161.00,454.00,161.00,454.00,216.00,395.00,216.00
392.00,161.00,451.00,161.00,451.00,217.00,392.00,217.00
391.00,160.00,447.00,160.00,447.00,214.00,391.00,214.00
392.00,160.00,448.00,160.00,448.00,214.00,392.00,214.00
389.00,160.00,444.00,160.00,444.00,214.00,389.00,214.00
388.00,160.00,442.00,160.00,442.00,214.00,388.00,214.00
389.00,162.00,443.00,162.00,443.00,217.00,389.00,217.00
388.00,163.00,441.00,163.00,441.00,219.00,388.00,219.00
388.00,163.00,441.00,163.00,441.00,219.00,388.00,219.00
389.00,160.00,444.00,160.00,444.00,216.00,389.00,216.00
389.00,159.00,443.00,159.00,443.00,215.00,389.00,215.00
389.00,163.00,443.00,163.00,443.00,219.00,389.00,219.00
393.00,162.00,447.00,162.00,447.00,218.00,393.00,218.00
393.00,165.00,446.00,165.00,446.00,222.00,393.00,222.00
394.00,161.00,447.00,161.00,447.00,217.00,394.00,217.00
394.00,161.00,448.00,161.00,448.00,219.00,394.00,219.00
393.00,162.00,446.00,162.00,446.00,220.00,393.00,220.00
394.00,166.00,446.00,166.00,446.00,224.00,394.00,224.00
396.00,165.00,448.00,165.00,448.00,221.00,396.00,221.00
394.00,170.00,445.00,170.00,445.00,225.00,394.00,225.00
394.00,167.00,445.00,167.00,445.00,220.00,394.00,220.00
392.00,168.00,443.00,168.00,443.00,221.00,392.00,221.00
394.00,170.00,444.00,170.00,444.00,222.00,394.00,222.00
392.00,170.00,442.00,170.00,442.00,221.00,392.00,221.00
394.00,172.00,445.00,172.00,445.00,222.00,394.00,222.00
393.00,176.00,445.00,176.00,445.00,226.00,393.00,226.00
393.00,175.00,445.00,175.00,445.00,224.00,393.00,224.00
393.00,174.00,444.00,174.00,444.00,223.00,393.00,223.00
394.00,173.00,445.00,173.00,445.00,223.00,394.00,223.00
392.00,171.00,443.00,171.00,443.00,221.00,392.00,221.00
393.00,169.00,442.00,169.00,442.00,220.00,393.00,220.00
393.00,168.00,442.00,168.00,442.00,220.00,393.00,220.00
393.00,167.00,441.00,167.00,441.00,222.00,393.00,222.00
392.00,164.00,440.00,164.00,440.00,221.00,392.00,221.00
398.00,164.00,446.00,164.00,446.00,218.00,398.00,218.00
399.00,162.00,448.00,162.00,448.00,215.00,399.00,215.00
398.00,162.00,448.00,162.00,448.00,216.00,398.00,216.00
399.00,162.00,449.00,162.00,449.00,217.00,399.00,217.00
398.00,164.00,449.00,164.00,449.00,216.00,398.00,216.00
399.00,161.00,449.00,161.00,449.00,215.00,399.00,215.00
397.00,163.00,449.00,163.00,449.00,216.00,397.00,216.00
396.00,165.00,449.00,165.00,449.00,216.00,396.00,216.00
397.00,163.00,450.00,163.00,450.00,216.00,397.00,216.00
397.00,163.00,451.00,163.00,451.00,216.00,397.00,216.00
397.00,160.00,450.00,160.00,450.00,213.00,397.00,213.00
398.00,160.00,450.00,160.00,450.00,212.00,398.00,212.00
398.00,160.00,449.00,160.00,449.00,212.00,398.00,212.00
399.00,157.00,452.00,157.00,452.00,209.00,399.00,209.00
401.00,158.00,455.00,158.00,455.00,209.00,401.00,209.00
