1
211.00,140.00,302.00,140.00,302.00,192.00,211.00,192.00
209.00,140.00,301.00,140.00,301.00,192.00,209.00,192.00
208.00,141.00,300.00,141.00,300.00,191.00,208.00,191.00
207.00,142.00,297.00,142.00,297.00,192.00,207.00,192.00
205.00,142.00,296.00,142.00,296.00,192.00,205.00,192.00
202.00,143.00,295.00,143.00,295.00,194.00,202.00,194.00
200.00,143.00,294.00,143.00,294.00,195.00,200.00,195.00
198.00,144.00,292.00,144.00,292.00,196.00,198.00,196.00
197.00,144.00,291.00,144.00,291.00,197.00,197.00,197.00
193.00,144.00,289.00,144.00,289.00,198.00,193.00,198.00
192.00,145.00,287.00,145.00,287.00,199.00,192.00,199.00
190.00,145.00,285.00,145.00,285.00,199.00,190.00,199.00
188.00,146.00,283.00,146.00,283.00,202.00,188.00,202.00
187.00,147.00,282.00,147.00,282.00,202.00,187.00,202.00
187.00,147.00,282.00,147.00,282.00,202.00,187.00,202.00
186.00,149.00,281.00,149.00,281.00,203.00,186.00,203.00
185.00,149.00,280.00,149.00,280.00,203.00,185.00,203.00
185.00,151.00,280.00,151.00,280.00,204.00,185.00,204.00
183.00,151.00,279.00,151.00,279.00,205.00,183.00,205.00
182.00,152.00,278.00,152.00,278.00,206.00,182.00,206.00
180.00,155.00,277.00,155.00,277.00,211.00,180.00,211.00
178.00,158.00,276.00,158.00,276.00,213.00,178.00,213.00
177.00,159.00,273.00,159.00,273.00,214.00,177.00,214.00
175.00,159.00,271.00,159.00,271.00,214.00,175.00,214.00
173.00,160.00,271.00,160.00,271.00,215.00,173.00,215.00
172.00,160.00,270.00,160.00,270.00,214.00,172.00,214.00
170.00,161.00,268.00,161.00,268.00,215.00,170.00,215.00
167.00,162.00,265.00,162.00,265.00,216.00,167.00,216.00
164.00,163.00,264.00,163.00,264.00,218.00,164.00,218.00
164.00,163.00,262.00,163.00,262.00,218.00,164.00,218.00
162.00,163.00,261.00,163.00,261.00,218.00,162.00,218.00
158.00,163.00,258.00,163.00,258.00,219.00,158.00,219.00
155.00,163.00,256.00,163.00,256.00,221.00,155.00,221.00
152.00,164.00,253.00,164.00,253.00,222.00,152.00,222.00
153.00,165.00,251.00,165.00,251.00,223.00,153.00,223.00
153.00,166.00,249.00,166.00,249.00,224.00,153.00,224.00
154.00,167.00,250.00,167.00,250.00,225.00,154.00,225.00
152.00,168.00,247.00,168.00,247.00,226.00,152.00,226.00
151.00,168.00,246.00,168.00,246.00,225.00,151.00,225.00
151.00,167.00,245.00,167.00,245.00,224.00,151.00,224.00
150.00,166.00,245.00,166.00,245.00,223.00,150.00,223.00
149.00,164.00,243.00,164.00,243.00,221.00,149.00,221.00
151.00,164.00,244.00,164.00,244.00,222.00,151.00,222.00
148.00,162.00,243.00,162.00,243.00,220.00,148.00,220.00
147.00,161.00,240.00,161.00,240.00,219.00,147.00,219.00
147.00,161.00,240.00,161.00,240.00,220.00,147.00,220.00
150.00,162.00,241.00,162.00,241.00,222.00,150.00,222.00
150.00,162.00,240.00,162.00,240.00,223.00,150.00,223.00
150.00,163.00,241.00,163.00,241.00,224.00,150.00,224.00
150.00,162.00,238.00,162.00,238.00,222.00,150.00,222.00
151.00,163.00,237.00,163.00,237.00,223.00,151.00,223.00
150.00,163.00,237.00,163.00,237.00,222.00,150.00,222.00
152.00,164.00,236.00,164.00,236.00,222.00,152.00,222.00
152.00,164.00,236.00,164.00,236.00,222.00,152.00,222.00
153.00,165.00,239.00,165.00,239.00,223.00,153.00,223.00
154.00,165.00,240.00,165.00,240.00,222.00,154.00,222.00
153.00,165.00,241.00,165.00,241.00,223.00,153.00,223.00
154.00,165.00,242.00,165.00,242.00,221.00,154.00,221.00
155.00,165.00,244.00,165.00,244.00,222.00,155.00,222.00
155.00,165.00,244.00,165.00,244.00,223.00,155.00,223.00
155.00,165.00,243.00,165.00,243.00,223.00,155.00,223.00
157.00,165.00,244.00,165.00,244.00,225.00,157.00,225.00
155.00,165.00,243.00,165.00,243.00,224.00,155.00,224.00
156.00,166.00,242.00,166.00,242.00,225.00,156.00,225.00
155.00,166.00,242.00,166.00,242.00,224.00,155.00,224.00
157.00,166.00,241.00,166.00,241.00,225.00,157.00,225.00
159.00,165.00,242.00,165.00,242.00,225.00,159.00,225.00
158.00,165.00,241.00,165.00,241.00,224.00,158.00,224.00
158.00,166.00,242.00,166.00,242.00,224.00,158.00,224.00
157.00,166.00,241.00,166.00,241.00,223.00,157.00,223.00
154.00,166.00,239.00,166.00,239.00,223.00,154.00,223.00
153.00,166.00,238.00,166.00,238.00,223.00,153.00,223.00
153.00,166.00,236.00,166.00,236.00,223.00,153.00,223.00
152.00,165.00,236.00,165.00,236.00,223.00,152.00,223.00
151.00,165.00,231.00,165.00,231.00,221.00,151.00,221.00
149.00,166.00,230.00,166.00,230.00,223.00,149.00,223.00
150.00,166.00,227.00,166.00,227.00,221.00,150.00,221.00
150.00,166.00,224.00,166.00,224.00,221.00,150.00,221.00
148.00,166.00,221.00,166.00,221.00,222.00,148.00,222.00
146.00,165.00,217.00,165.00,217.00,219.00,146.00,219.00
145.00,165.00,215.00,165.00,215.00,220.00,145.00,220.00
144.00,165.00,214.00,165.00,214.00,221.00,144.00,221.00
144.00,164.00,212.00,164.00,212.00,220.00,144.00,220.00
141.00,165.00,210.00,165.00,210.00,219.00,141.00,219.00
141.00,165.00,210.00,165.00,210.00,221.00,141.00,221.00
140.00,166.00,209.00,166.00,209.00,221.00,140.00,221.00
139.00,166.00,208.00,166.00,208.00,220.00,139.00,220.00
139.00,167.00,207.00,167.00,207.00,221.00,139.00,221.00
139.00,167.00,207.00,167.00,207.00,221.00,139.00,221.00
138.00,167.00,206.00,167.00,206.00,221.00,138.00,221.00
136.00,167.00,202.00,167.00,202.00,222.00,136.00,222.00
135.00,166.00,200.00,166.00,200.00,221.00,135.00,221.00
135.00,166.00,200.00,166.00,200.00,221.00,135.00,221.00
135.00,165.00,198.00,165.00,198.00,221.00,135.00,221.00
135.00,164.00,196.00,164.00,196.00,220.00,135.00,220.00
136.00,165.00,197.00,165.00,197.00,220.00,136.00,220.00
138.00,165.00,200.00,165.00,200.00,220.00,138.00,220.00
139.00,161.00,200.00,161.00,200.00,217.00,139.00,217.00
136.00,164.00,217.00,164.00,217.00,215.00,136.00,215.00
142.00,164.00,203.00,164.00,203.00,220.00,142.00,220.00
140.00,164.00,200.00,164.00,200.00,220.00,140.00,220.00
141.00,165.00,202.00,165.00,202.00,221.00,141.00,221.00
145.00,165.00,206.00,165.00,206.00,220.00,145.00,220.00
145.00,166.00,207.00,166.00,207.00,222.00,145.00,222.00
145.00,165.00,207.00,165.00,207.00,220.00,145.00,220.00
149.00,168.00,208.00,168.00,208.00,221.00,149.00,221.00
152.00,170.00,210.00,170.00,210.00,221.00,152.00,221.00
154.00,166.00,212.00,166.00,212.00,219.00,154.00,219.00
153.00,168.00,211.00,168.00,211.00,221.00,153.00,221.00
155.00,165.00,211.00,165.00,211.00,218.00,155.00,218.00
152.00,161.00,209.00,161.00,209.00,215.00,152.00,215.00
148.00,158.00,229.00,158.00,229.00,208.00,148.00,208.00
151.00,160.00,208.00,160.00,208.00,212.00,151.00,212.00
151.00,160.00,208.00,160.00,208.00,212.00,151.00,212.00
152.00,160.00,208.00,160.00,208.00,210.00,152.00,210.00
154.00,157.00,211.00,157.00,211.00,207.00,154.00,207.00
156.00,157.00,213.00,157.00,213.00,207.00,156.00,207.00
153.00,158.00,208.00,158.00,208.00,207.00,153.00,207.00
154.00,157.00,209.00,157.00,209.00,205.00,154.00,205.00
143.00,160.00,217.00,160.00,217.00,206.00,143.00,206.00
149.00,163.00,205.00,163.00,205.00,210.00,149.00,210.00
149.00,166.00,206.00,166.00,206.00,212.00,149.00,212.00
151.00,166.00,206.00,166.00,206.00,211.00,151.00,211.00
152.00,169.00,206.00,169.00,206.00,214.00,152.00,214.00
154.00,171.00,208.00,171.00,208.00,215.00,154.00,215.00
155.00,165.00,208.00,165.00,208.00,208.00,155.00,208.00
155.00,166.00,209.00,166.00,209.00,209.00,155.00,209.00
157.00,163.00,211.00,163.00,211.00,208.00,157.00,208.00
157.00,163.00,211.00,163.00,211.00,207.00,157.00,207.00
158.00,162.00,213.00,162.00,213.00,207.00,158.00,207.00
159.00,158.00,214.00,158.00,214.00,203.00,159.00,203.00
154.00,160.00,223.00,160.00,223.00,202.00,154.00,202.00
159.00,160.00,211.00,160.00,211.00,203.00,159.00,203.00
159.00,169.00,211.00,169.00,211.00,211.00,159.00,211.00
162.00,170.00,214.00,170.00,214.00,212.00,162.00,212.00
164.00,172.00,213.00,172.00,213.00,213.00,164.00,213.00
163.00,169.00,211.00,169.00,211.00,210.00,163.00,210.00
165.00,164.00,214.00,164.00,214.00,205.00,165.00,205.00
166.00,164.00,215.00,164.00,215.00,204.00,166.00,204.00
169.00,166.00,216.00,166.00,216.00,207.00,169.00,207.00
170.00,166.00,217.00,166.00,217.00,207.00,170.00,207.00
171.00,168.00,218.00,168.00,218.00,209.00,171.00,209.00
172.00,166.00,221.00,166.00,221.00,207.00,172.00,207.00
174.00,165.00,223.00,165.00,223.00,206.00,174.00,206.00
175.00,166.00,224.00,166.00,224.00,208.00,175.00,208.00
175.00,166.00,225.00,166.00,225.00,209.00,175.00,209.00
176.00,165.00,226.00,165.00,226.00,207.00,176.00,207.00
176.00,165.00,227.00,165.00,227.00,207.00,176.00,207.00
176.00,165.00,227.00,165.00,227.00,208.00,176.00,208.00
177.00,166.00,228.00,166.00,228.00,210.00,177.00,210.00
176.00,167.00,230.00,167.00,230.00,212.00,176.00,212.00
176.00,168.00,230.00,168.00,230.00,213.00,176.00,213.00
176.00,168.00,230.00,168.00,230.00,211.00,176.00,211.00
175.00,169.00,232.00,169.00,232.00,212.00,175.00,212.00
173.00,170.00,231.00,170.00,231.00,214.00,173.00,214.00
170.00,170.00,232.00,170.00,232.00,214.00,170.00,214.00
168.00,171.00,233.00,171.00,233.00,215.00,168.00,215.00
167.00,171.00,235.00,171.00,235.00,215.00,167.00,215.00
165.00,172.00,235.00,172.00,235.00,217.00,165.00,217.00
164.00,171.00,236.00,171.00,236.00,217.00,164.00,217.00
164.00,171.00,236.00,171.00,236.00,216.00,164.00,216.00
163.00,172.00,237.00,172.00,237.00,218.00,163.00,218.00
164.00,172.00,239.00,172.00,239.00,217.00,164.00,217.00
165.00,172.00,242.00,172.00,242.00,218.00,165.00,218.00
165.00,172.00,244.00,172.00,244.00,218.00,165.00,218.00
167.00,172.00,246.00,172.00,246.00,218.00,167.00,218.00
169.00,172.00,249.00,172.00,249.00,219.00,169.00,219.00
172.00,171.00,250.00,171.00,250.00,220.00,172.00,220.00
173.00,172.00,254.00,172.00,254.00,221.00,173.00,221.00
175.00,171.00,256.00,171.00,256.00,220.00,175.00,220.00
178.00,173.00,257.00,173.00,257.00,222.00,178.00,222.00
179.00,175.00,259.00,175.00,259.00,223.00,179.00,223.00
179.00,177.00,261.00,177.00,261.00,225.00,179.00,225.00
180.00,179.00,262.00,179.00,262.00,227.00,180.00,227.00
180.00,180.00,261.00,180.00,261.00,228.00,180.00,228.00
180.00,182.00,261.00,182.00,261.00,229.00,180.00,229.00
179.00,183.00,262.00,183.00,262.00,230.00,179.00,230.00
180.00,185.00,262.00,185.00,262.00,233.00,180.00,233.00
180.00,187.00,262.00,187.00,262.00,235.00,180.00,235.00
178.00,188.00,262.00,188.00,262.00,236.00,178.00,236.00
178.00,190.00,263.00,190.00,263.00,240.00,178.00,240.00
177.00,191.00,264.00,191.00,264.00,239.00,177.00,239.00
176.00,193.00,263.00,193.00,263.00,240.00,176.00,240.00
176.00,195.00,263.00,195.00,263.00,242.00,176.00,242.00
176.00,195.00,263.00,195.00,263.00,242.00,176.00,242.00
175.00,196.00,262.00,196.00,262.00,242.00,175.00,242.00
177.00,197.00,261.00,197.00,261.00,242.00,177.00,242.00
181.00,199.00,261.00,199.00,261.00,243.00,181.00,243.00
186.00,199.00,263.00,199.00,263.00,244.00,186.00,244.00
187.00,200.00,263.00,200.00,263.00,247.00,187.00,247.00
189.00,199.00,264.00,199.00,264.00,247.00,189.00,247.00
184.00,200.00,261.00,200.00,261.00,248.00,184.00,248.00
189.00,200.00,267.00,200.00,267.00,251.00,189.00,251.00
187.00,197.00,265.00,197.00,265.00,249.00,187.00,249.00
175.00,198.00,255.00,198.00,255.00,253.00,175.00,253.00
182.00,198.00,263.00,198.00,263.00,253.00,182.00,253.00
175.00,198.00,258.00,198.00,258.00,251.00,175.00,251.00
176.00,198.00,259.00,198.00,259.00,251.00,176.00,251.00
172.00,199.00,257.00,199.00,257.00,253.00,172.00,253.00
171.00,199.00,256.00,199.00,256.00,253.00,171.00,253.00
169.00,200.00,253.00,200.00,253.00,253.00,169.00,253.00
170.00,201.00,254.00,201.00,254.00,254.00,170.00,254.00
169.00,201.00,254.00,201.00,254.00,254.00,169.00,254.00
169.00,202.00,252.00,202.00,252.00,255.00,169.00,255.00
169.00,203.00,252.00,203.00,252.00,256.00,169.00,256.00
169.00,202.00,250.00,202.00,250.00,255.00,169.00,255.00
169.00,202.00,250.00,202.00,250.00,254.00,169.00,254.00
171.00,203.00,251.00,203.00,251.00,256.00,171.00,256.00
170.00,203.00,248.00,203.00,248.00,255.00,170.00,255.00
169.00,205.00,247.00,205.00,247.00,256.00,169.00,256.00
169.00,205.00,247.00,205.00,247.00,257.00,169.00,257.00
168.00,207.00,246.00,207.00,246.00,258.00,168.00,258.00
167.00,207.00,246.00,207.00,246.00,259.00,167.00,259.00
170.00,204.00,251.00,204.00,251.00,257.00,170.00,257.00
170.00,206.00,252.00,206.00,252.00,260.00,170.00,260.00
170.00,207.00,254.00,207.00,254.00,261.00,170.00,261.00
168.00,204.00,254.00,204.00,254.00,257.00,168.00,257.00
167.00,208.00,251.00,208.00,251.00,260.00,167.00,260.00
169.00,207.00,253.00,207.00,253.00,259.00,169.00,259.00
166.00,206.00,251.00,206.00,251.00,259.00,166.00,259.00
170.00,205.00,253.00,205.00,253.00,258.00,170.00,258.00
170.00,205.00,250.00,205.00,250.00,260.00,170.00,260.00
173.00,204.00,250.00,204.00,250.00,258.00,173.00,258.00
172.00,206.00,250.00,206.00,250.00,259.00,172.00,259.00
174.00,206.00,253.00,206.00,253.00,260.00,174.00,260.00
172.00,208.00,252.00,208.00,252.00,260.00,172.00,260.00
172.00,207.00,251.00,207.00,251.00,260.00,172.00,260.00
172.00,210.00,248.00,210.00,248.00,261.00,172.00,261.00
173.00,208.00,248.00,208.00,248.00,258.00,173.00,258.00
174.00,208.00,245.00,208.00,245.00,259.00,174.00,259.00
174.00,209.00,244.00,209.00,244.00,259.00,174.00,259.00
174.00,208.00,243.00,208.00,243.00,258.00,174.00,258.00
175.00,208.00,242.00,208.00,242.00,258.00,175.00,258.00
175.00,209.00,241.00,209.00,241.00,257.00,175.00,257.00
174.00,211.00,239.00,211.00,239.00,259.00,174.00,259.00
173.00,210.00,238.00,210.00,238.00,258.00,173.00,258.00
175.00,210.00,239.00,210.00,239.00,258.00,175.00,258.00
172.00,209.00,236.00,209.00,236.00,255.00,172.00,255.00
175.00,208.00,237.00,208.00,237.00,254.00,175.00,254.00
173.00,209.00,236.00,209.00,236.00,255.00,173.00,255.00
178.00,207.00,238.00,207.00,238.00,254.00,178.00,254.00
177.00,207.00,235.00,207.00,235.00,253.00,177.00,253.00
175.00,208.00,233.00,208.00,233.00,253.00,175.00,253.00
176.00,208.00,233.00,208.00,233.00,254.00,176.00,254.00
175.00,207.00,232.00,207.00,232.00,253.00,175.00,253.00
175.00,207.00,231.00,207.00,231.00,253.00,175.00,253.00
177.00,206.00,235.00,206.00,235.00,252.00,177.00,252.00
179.00,206.00,236.00,206.00,236.00,250.00,179.00,250.00
179.00,207.00,238.00,207.00,238.00,251.00,179.00,251.00
182.00,209.00,238.00,209.00,238.00,252.00,182.00,252.00
182.00,208.00,238.00,208.00,238.00,251.00,182.00,251.00
185.00,210.00,240.00,210.00,240.00,251.00,185.00,251.00
185.00,206.00,240.00,206.00,240.00,249.00,185.00,249.00
188.00,209.00,242.00,209.00,242.00,251.00,188.00,251.00
191.00,207.00,246.00,207.00,246.00,249.00,191.00,249.00
191.00,208.00,248.00,208.00,248.00,251.00,191.00,251.00
191.00,207.00,250.00,207.00,250.00,250.00,191.00,250.00
192.00,206.00,253.00,206.00,253.00,250.00,192.00,250.00
191.00,207.00,253.00,207.00,253.00,251.00,191.00,251.00
191.00,206.00,255.00,206.00,255.00,250.00,191.00,250.00
191.00,205.00,259.00,205.00,259.00,250.00,191.00,250.00
191.00,205.00,261.00,205.00,261.00,252.00,191.00,252.00
189.00,202.00,261.00,202.00,261.00,249.00,189.00,249.00
189.00,202.00,263.00,202.00,263.00,249.00,189.00,249.00
187.00,199.00,262.00,199.00,262.00,247.00,187.00,247.00
189.00,200.00,264.00,200.00,264.00,247.00,189.00,247.00
189.00,199.00,266.00,199.00,266.00,246.00,189.00,246.00
189.00,200.00,268.00,200.00,268.00,247.00,189.00,247.00
189.00,197.00,270.00,197.00,270.00,245.00,189.00,245.00
188.00,197.00,271.00,197.00,271.00,245.00,188.00,245.00
190.00,197.00,271.00,197.00,271.00,244.00,190.00,244.00
190.00,197.00,273.00,197.00,273.00,244.00,190.00,244.00
192.00,197.00,275.00,197.00,275.00,244.00,192.00,244.00
192.00,198.00,277.00,198.00,277.00,245.00,192.00,245.00
193.00,197.00,278.00,197.00,278.00,246.00,193.00,246.00
194.00,197.00,281.00,197.00,281.00,246.00,194.00,246.00
195.00,196.00,281.00,196.00,281.00,246.00,195.00,246.00
196.00,196.00,282.00,196.00,282.00,246.00,196.00,246.00
197.00,197.00,284.00,197.00,284.00,246.00,197.00,246.00
198.00,197.00,286.00,197.00,286.00,246.00,198.00,246.00
199.00,197.00,287.00,197.00,287.00,246.00,199.00,246.00
198.00,196.00,289.00,196.00,289.00,246.00,198.00,246.00
199.00,196.00,291.00,196.00,291.00,246.00,199.00,246.00
199.00,196.00,292.00,196.00,292.00,246.00,199.00,246.00
201.00,197.00,293.00,197.00,293.00,246.00,201.00,246.00
202.00,197.00,293.00,197.00,293.00,246.00,202.00,246.00
203.00,197.00,294.00,197.00,294.00,246.00,203.00,246.00
205.00,196.00,295.00,196.00,295.00,245.00,205.00,245.00
206.00,197.00,296.00,197.00,296.00,246.00,206.00,246.00
207.00,197.00,297.00,197.00,297.00,246.00,207.00,246.00
212.00,196.00,300.00,196.00,300.00,244.00,212.00,244.00
211.00,197.00,302.00,197.00,302.00,247.00,211.00,247.00
213.00,197.00,306.00,197.00,306.00,246.00,213.00,246.00
215.00,198.00,309.00,198.00,309.00,247.00,215.00,247.00
217.00,199.00,311.00,199.00,311.00,247.00,217.00,247.00
220.00,198.00,313.00,198.00,313.00,246.00,220.00,246.00
223.00,198.00,316.00,198.00,316.00,245.00,223.00,245.00
224.00,198.00,319.00,198.00,319.00,246.00,224.00,246.00
228.00,196.00,321.00,196.00,321.00,243.00,228.00,243.00
229.00,196.00,322.00,196.00,322.00,244.00,229.00,244.00
229.00,195.00,323.00,195.00,323.00,243.00,229.00,243.00
230.00,195.00,324.00,195.00,324.00,243.00,230.00,243.00
230.00,195.00,325.00,195.00,325.00,243.00,230.00,243.00
233.00,193.00,327.00,193.00,327.00,241.00,233.00,241.00
234.00,193.00,329.00,193.00,329.00,242.00,234.00,242.00
236.00,193.00,331.00,193.00,331.00,241.00,236.00,241.00
237.00,192.00,331.00,192.00,331.00,240.00,237.00,240.00
239.00,192.00,333.00,192.00,333.00,240.00,239.00,240.00
239.00,192.00,336.00,192.00,336.00,240.00,239.00,240.00
242.00,192.00,338.00,192.00,338.00,241.00,242.00,241.00
245.00,192.00,340.00,192.00,340.00,241.00,245.00,241.00
245.00,194.00,340.00,194.00,340.00,243.00,245.00,243.00
248.00,194.00,343.00,194.00,343.00,243.00,248.00,243.00
250.00,195.00,344.00,195.00,344.00,244.00,250.00,244.00
252.00,195.00,346.00,195.00,346.00,244.00,252.00,244.00
253.00,197.00,347.00,197.00,347.00,246.00,253.00,246.00
253.00,196.00,348.00,196.00,348.00,245.00,253.00,245.00
255.00,195.00,350.00,195.00,350.00,244.00,255.00,244.00
258.00,196.00,352.00,196.00,352.00,246.00,258.00,246.00
261.00,196.00,354.00,196.00,354.00,245.00,261.00,245.00
266.00,198.00,356.00,198.00,356.00,246.00,266.00,246.00
269.00,199.00,360.00,199.00,360.00,247.00,269.00,247.00
272.00,199.00,363.00,199.00,363.00,247.00,272.00,247.00
277.00,201.00,366.00,201.00,366.00,249.00,277.00,249.00
278.00,201.00,369.00,201.00,369.00,249.00,278.00,249.00
280.00,202.00,372.00,202.00,372.00,250.00,280.00,250.00
284.00,202.00,373.00,202.00,373.00,250.00,284.00,250.00
284.00,201.00,375.00,201.00,375.00,249.00,284.00,249.00
286.00,202.00,378.00,202.00,378.00,251.00,286.00,251.00
288.00,203.00,378.00,203.00,378.00,251.00,288.00,251.00
287.00,202.00,379.00,202.00,379.00,251.00,287.00,251.00
290.00,202.00,382.00,202.00,382.00,251.00,290.00,251.00
291.00,201.00,384.00,201.00,384.00,251.00,291.00,251.00
294.00,199.00,388.00,199.00,388.00,250.00,294.00,250.00
296.00,198.00,390.00,198.00,390.00,249.00,296.00,249.00
298.00,197.00,392.00,197.00,392.00,248.00,298.00,248.00
296.00,193.00,393.00,193.00,393.00,245.00,296.00,245.00
295.00,192.00,392.00,192.00,392.00,243.00,295.00,243.00
299.00,191.00,396.00,191.00,396.00,241.00,299.00,241.00
300.00,187.00,397.00,187.00,397.00,238.00,300.00,238.00
303.00,186.00,397.00,186.00,397.00,236.00,303.00,236.00
304.00,185.00,397.00,185.00,397.00,235.00,304.00,235.00
306.00,185.00,398.00,185.00,398.00,233.00,306.00,233.00
307.00,186.00,399.00,186.00,399.00,234.00,307.00,234.00
311.00,184.00,403.00,184.00,403.00,233.00,311.00,233.00
311.00,183.00,403.00,183.00,403.00,231.00,311.00,231.00
315.00,181.00,405.00,181.00,405.00,228.00,315.00,228.00
316.00,181.00,407.00,181.00,407.00,228.00,316.00,228.00
316.00,179.00,407.00,179.00,407.00,225.00,316.00,225.00
320.00,180.00,410.00,180.00,410.00,227.00,320.00,227.00
320.00,179.00,411.00,179.00,411.00,226.00,320.00,226.00
322.00,179.00,412.00,179.00,412.00,226.00,322.00,226.00
321.00,178.00,415.00,178.00,415.00,225.00,321.00,225.00
322.00,177.00,416.00,177.00,416.00,223.00,322.00,223.00
324.00,178.00,418.00,178.00,418.00,225.00,324.00,225.00
327.00,177.00,421.00,177.00,421.00,224.00,327.00,224.00
328.00,177.00,422.00,177.00,422.00,224.00,328.00,224.00
328.00,176.00,422.00,176.00,422.00,224.00,328.00,224.00
327.00,176.00,421.00,176.00,421.00,224.00,327.00,224.00
328.00,175.00,423.00,175.00,423.00,224.00,328.00,224.00
328.00,175.00,423.00,175.00,423.00,225.00,328.00,225.00
328.00,175.00,425.00,175.00,425.00,225.00,328.00,225.00
326.00,174.00,425.00,174.00,425.00,224.00,326.00,224.00
327.00,175.00,424.00,175.00,424.00,225.00,327.00,225.00
327.00,174.00,425.00,174.00,425.00,224.00,327.00,224.00
326.00,174.00,425.00,174.00,425.00,224.00,326.00,224.00
328.00,175.00,424.00,175.00,424.00,224.00,328.00,224.00
330.00,174.00,423.00,174.00,423.00,223.00,330.00,223.00
330.00,174.00,425.00,174.00,425.00,224.00,330.00,224.00
332.00,174.00,425.00,174.00,425.00,222.00,332.00,222.00
332.00,175.00,425.00,175.00,425.00,224.00,332.00,224.00
333.00,174.00,425.00,174.00,425.00,222.00,333.00,222.00
332.00,174.00,426.00,174.00,426.00,223.00,332.00,223.00
333.00,174.00,426.00,174.00,426.00,223.00,333.00,223.00
334.00,173.00,426.00,173.00,426.00,222.00,334.00,222.00
331.00,173.00,426.00,173.00,426.00,222.00,331.00,222.00
331.00,173.00,425.00,173.00,425.00,223.00,331.00,223.00
331.00,173.00,423.00,173.00,423.00,223.00,331.00,223.00
332.00,173.00,424.00,173.00,424.00,223.00,332.00,223.00
331.00,173.00,424.00,173.00,424.00,223.00,331.00,223.00
332.00,172.00,423.00,172.00,423.00,222.00,332.00,222.00
330.00,172.00,424.00,172.00,424.00,224.00,330.00,224.00
331.00,173.00,426.00,173.00,426.00,224.00,331.00,224.00
332.00,175.00,427.00,175.00,427.00,227.00,332.00,227.00
331.00,175.00,429.00,175.00,429.00,227.00,331.00,227.00
331.00,175.00,429.00,175.00,429.00,228.00,331.00,228.00
332.00,176.00,430.00,176.00,430.00,229.00,332.00,229.00
338.00,179.00,431.00,179.00,431.00,230.00,338.00,230.00
338.00,179.00,432.00,179.00,432.00,229.00,338.00,229.00
339.00,181.00,436.00,181.00,436.00,231.00,339.00,231.00
338.00,182.00,436.00,182.00,436.00,231.00,338.00,231.00
337.00,181.00,435.00,181.00,435.00,232.00,337.00,232.00
341.00,182.00,436.00,182.00,436.00,232.00,341.00,232.00
340.00,183.00,434.00,183.00,434.00,233.00,340.00,233.00
345.00,185.00,438.00,185.00,438.00,233.00,345.00,233.00
345.00,185.00,440.00,185.00,440.00,235.00,345.00,235.00
347.00,186.00,442.00,186.00,442.00,235.00,347.00,235.00
347.00,185.00,447.00,185.00,447.00,237.00,347.00,237.00
352.00,187.00,446.00,187.00,446.00,237.00,352.00,237.00
353.00,185.00,449.00,185.00,449.00,236.00,353.00,236.00
354.00,184.00,454.00,184.00,454.00,236.00,354.00,236.00
357.00,186.00,459.00,186.00,459.00,236.00,357.00,236.00
358.00,185.00,463.00,185.00,463.00,237.00,358.00,237.00
363.00,186.00,468.00,186.00,468.00,238.00,363.00,238.00
369.00,186.00,472.00,186.00,472.00,239.00,369.00,239.00
371.00,185.00,476.00,185.00,476.00,237.00,371.00,237.00
372.00,184.00,481.00,184.00,481.00,238.00,372.00,238.00
374.00,184.00,485.00,184.00,485.00,239.00,374.00,239.00
377.00,185.00,487.00,185.00,487.00,240.00,377.00,240.00
378.00,184.00,491.00,184.00,491.00,239.00,378.00,239.00
381.00,183.00,491.00,183.00,491.00,238.00,381.00,238.00
383.00,182.00,494.00,182.00,494.00,239.00,383.00,239.00
383.00,181.00,493.00,181.00,493.00,239.00,383.00,239.00
387.00,179.00,495.00,179.00,495.00,238.00,387.00,238.00
388.00,179.00,495.00,179.00,495.00,238.00,388.00,238.00
389.00,179.00,494.00,179.00,494.00,239.00,389.00,239.00
391.00,178.00,493.00,178.00,493.00,239.00,391.00,239.00
392.00,176.00,493.00,176.00,493.00,237.00,392.00,237.00
395.00,175.00,492.00,175.00,492.00,237.00,395.00,237.00
393.00,175.00,491.00,175.00,491.00,237.00,393.00,237.00
395.00,173.00,491.00,173.00,491.00,235.00,395.00,235.00
394.00,173.00,488.00,173.00,488.00,234.00,394.00,234.00
392.00,172.00,487.00,172.00,487.00,233.00,392.00,233.00
392.00,172.00,484.00,172.00,484.00,232.00,392.00,232.00
393.00,171.00,483.00,171.00,483.00,231.00,393.00,231.00
392.00,171.00,481.00,171.00,481.00,231.00,392.00,231.00
391.00,171.00,478.00,171.00,478.00,230.00,391.00,230.00
390.00,172.00,477.00,172.00,477.00,231.00,390.00,231.00
391.00,170.00,476.00,170.00,476.00,230.00,391.00,230.00
390.00,169.00,475.00,169.00,475.00,230.00,390.00,230.00
391.00,169.00,475.00,169.00,475.00,229.00,391.00,229.00
392.00,169.00,475.00,169.00,475.00,230.00,392.00,230.00
396.00,168.00,477.00,168.00,477.00,228.00,396.00,228.00
396.00,168.00,479.00,168.00,479.00,229.00,396.00,229.00
398.00,167.00,480.00,167.00,480.00,227.00,398.00,227.00
402.00,167.00,484.00,167.00,484.00,227.00,402.00,227.00
403.00,167.00,484.00,167.00,484.00,226.00,403.00,226.00
404.00,166.00,484.00,166.00,484.00,225.00,404.00,225.00
408.00,165.00,487.00,165.00,487.00,223.00,408.00,223.00
410.00,167.00,490.00,167.00,490.00,226.00,410.00,226.00
412.00,166.00,492.00,166.00,492.00,224.00,412.00,224.00
414.00,167.00,496.00,167.00,496.00,225.00,414.00,225.00
416.00,167.00,497.00,167.00,497.00,225.00,416.00,225.00
417.00,165.00,499.00,165.00,499.00,222.00,417.00,222.00
418.00,166.00,499.00,166.00,499.00,224.00,418.00,224.00
416.00,165.00,498.00,165.00,498.00,224.00,416.00,224.00
413.00,165.00,493.00,165.00,493.00,223.00,413.00,223.00
410.00,165.00,489.00,165.00,489.00,224.00,410.00,224.00
411.00,166.00,491.00,166.00,491.00,225.00,411.00,225.00
412.00,165.00,491.00,165.00,491.00,224.00,412.00,224.00
411.00,165.00,490.00,165.00,490.00,224.00,411.00,224.00
408.00,164.00,486.00,164.00,486.00,223.00,408.00,223.00
408.00,166.00,486.00,166.00,486.00,224.00,408.00,224.00
409.00,166.00,486.00,166.00,486.00,225.00,409.00,225.00
403.00,170.00,480.00,170.00,480.00,226.00,403.00,226.00
400.00,166.00,476.00,166.00,476.00,224.00,400.00,224.00
399.00,163.00,471.00,163.00,471.00,222.00,399.00,222.00
397.00,161.00,470.00,161.00,470.00,222.00,397.00,222.00
397.00,161.00,469.00,161.00,469.00,220.00,397.00,220.00
398.00,162.00,472.00,162.00,472.00,220.00,398.00,220.00
393.00,162.00,467.00,162.00,467.00,220.00,393.00,220.00
389.00,164.00,464.00,164.00,464.00,221.00,389.00,221.00
391.00,163.00,464.00,163.00,464.00,219.00,391.00,219.00
390.00,165.00,464.00,165.00,464.00,221.00,390.00,221.00
393.00,164.00,465.00,164.00,465.00,222.00,393.00,222.00
391.00,165.00,464.00,165.00,464.00,225.00,391.00,225.00
389.00,167.00,463.00,167.00,463.00,229.00,389.00,229.00
396.00,163.00,466.00,163.00,466.00,223.00,396.00,223.00
391.00,162.00,461.00,162.00,461.00,223.00,391.00,223.00
386.00,162.00,457.00,162.00,457.00,224.00,386.00,224.00
382.00,162.00,451.00,162.00,451.00,223.00,382.00,223.00
386.00,160.00,455.00,160.00,455.00,221.00,386.00,221.00
380.00,161.00,450.00,161.00,450.00,222.00,380.00,222.00
381.00,160.00,449.00,160.00,449.00,222.00,381.00,222.00
384.00,162.00,452.00,162.00,452.00,222.00,384.00,222.00
382.00,162.00,448.00,162.00,448.00,223.00,382.00,223.00
384.00,162.00,449.00,162.00,449.00,222.00,384.00,222.00
385.00,162.00,450.00,162.00,450.00,222.00,385.00,222.00
379.00,161.00,445.00,161.00,445.00,221.00,379.00,221.00
383.00,162.00,447.00,162.00,447.00,221.00,383.00,221.00
382.00,163.00,447.00,163.00,447.00,221.00,382.00,221.00
383.00,163.00,449.00,163.00,449.00,222.00,383.00,222.00
383.00,161.00,449.00,161.00,449.00,218.00,383.00,218.00
387.00,163.00,453.00,163.00,453.00,220.00,387.00,220.00
385.00,162.00,450.00,162.00,450.00,218.00,385.00,218.00
387.00,163.00,451.00,163.00,451.00,219.00,387.00,219.00
386.00,165.00,449.00,165.00,449.00,220.00,386.00,220.00
384.00,164.00,447.00,164.00,447.00,219.00,384.00,219.00
386.00,164.00,449.00,164.00,449.00,220.00,386.00,220.00
387.00,166.00,449.00,166.00,449.00,220.00,387.00,220.00
388.00,165.00,450.00,165.00,450.00,219.00,388.00,219.00
387.00,164.00,448.00,164.00,448.00,218.00,387.00,218.00
384.00,166.00,447.00,166.00,447.00,218.00,384.00,218.00
383.00,168.00,446.00,168.00,446.00,220.00,383.00,220.00
384.00,174.00,448.00,174.00,448.00,223.00,384.00,223.00
389.00,173.00,453.00,173.00,453.00,223.00,389.00,223.00
388.00,174.00,450.00,174.00,450.00,222.00,388.00,222.00
390.00,173.00,451.00,173.00,451.00,221.00,390.00,221.00
387.00,172.00,448.00,172.00,448.00,221.00,387.00,221.00
388.00,166.00,447.00,166.00,447.00,218.00,388.00,218.00
388.00,166.00,445.00,166.00,445.00,219.00,388.00,219.00
388.00,168.00,445.00,168.00,445.00,220.00,388.00,220.00
391.00,165.00,448.00,165.00,448.00,219.00,391.00,219.00
392.00,167.00,450.00,167.00,450.00,219.00,392.00,219.00
393.00,166.00,452.00,166.00,452.00,217.00,393.00,217.00
392.00,164.00,452.00,164.00,452.00,216.00,392.00,216.00
392.00,163.00,453.00,163.00,453.00,214.00,392.00,214.00
389.00,164.00,450.00,164.00,450.00,216.00,389.00,216.00
391.00,165.00,452.00,165.00,452.00,217.00,391.00,217.00
390.00,166.00,453.00,166.00,453.00,217.00,390.00,217.00
393.00,166.00,456.00,166.00,456.00,217.00,393.00,217.00
391.00,165.00,453.00,165.00,453.00,218.00,391.00,218.00
393.00,161.00,455.00,161.00,455.00,215.00,393.00,215.00
394.00,160.00,455.00,160.00,455.00,214.00,394.00,214.00
389.00,161.00,449.00,161.00,449.00,214.00,389.00,214.00
393.00,160.00,452.00,160.00,452.00,214.00,393.00,214.00
394.00,159.00,455.00,159.00,455.00,213.00,394.00,213.00
394.00,159.00,457.00,159.00,457.00,213.00,394.00,213.00
