1
212.00,139.00,303.00,139.00,303.00,192.00,212.00,192.00
209.00,140.00,302.00,140.00,302.00,193.00,209.00,193.00
207.00,141.00,301.00,141.00,301.00,193.00,207.00,193.00
207.00,141.00,299.00,141.00,299.00,193.00,207.00,193.00
204.00,142.00,297.00,142.00,297.00,194.00,204.00,194.00
202.00,142.00,295.00,142.00,295.00,195.00,202.00,195.00
200.00,143.00,294.00,143.00,294.00,196.00,200.00,196.00
197.00,144.00,293.00,144.00,293.00,198.00,197.00,198.00
196.00,144.00,292.00,144.00,292.00,198.00,196.00,198.00
194.00,144.00,290.00,144.00,290.00,198.00,194.00,198.00
192.00,145.00,288.00,145.00,288.00,199.00,192.00,199.00
190.00,146.00,286.00,146.00,286.00,200.00,190.00,200.00
189.00,146.00,285.00,146.00,285.00,201.00,189.00,201.00
187.00,147.00,283.00,147.00,283.00,202.00,187.00,202.00
187.00,147.00,284.00,147.00,284.00,202.00,187.00,202.00
187.00,149.00,282.00,149.00,282.00,204.00,187.00,204.00
185.00,149.00,281.00,149.00,281.00,203.00,185.00,203.00
185.00,149.00,282.00,149.00,282.00,204.00,185.00,204.00
182.00,151.00,280.00,151.00,280.00,206.00,182.00,206.00
182.00,152.00,279.00,152.00,279.00,207.00,182.00,207.00
181.00,155.00,278.00,155.00,278.00,212.00,181.00,212.00
178.00,157.00,276.00,157.00,276.00,214.00,178.00,214.00
177.00,158.00,275.00,158.00,275.00,214.00,177.00,214.00
175.00,159.00,273.00,159.00,273.00,215.00,175.00,215.00
173.00,159.00,271.00,159.00,271.00,214.00,173.00,214.00
171.00,160.00,270.00,160.00,270.00,215.00,171.00,215.00
170.00,161.00,270.00,161.00,270.00,217.00,170.00,217.00
168.00,161.00,268.00,161.00,268.00,217.00,168.00,217.00
166.00,163.00,263.00,163.00,263.00,218.00,166.00,218.00
166.00,163.00,264.00,163.00,264.00,218.00,166.00,218.00
163.00,164.00,258.00,164.00,258.00,219.00,163.00,219.00
160.00,164.00,258.00,164.00,258.00,220.00,160.00,220.00
156.00,164.00,253.00,164.00,253.00,221.00,156.00,221.00
153.00,165.00,252.00,165.00,252.00,223.00,153.00,223.00
155.00,166.00,252.00,166.00,252.00,223.00,155.00,223.00
155.00,167.00,250.00,167.00,250.00,224.00,155.00,224.00
155.00,168.00,249.00,168.00,249.00,225.00,155.00,225.00
153.00,168.00,247.00,168.00,247.00,226.00,153.00,226.00
152.00,168.00,247.00,168.00,247.00,224.00,152.00,224.00
152.00,167.00,246.00,167.00,246.00,224.00,152.00,224.00
152.00,168.00,248.00,168.00,248.00,223.00,152.00,223.00
149.00,165.00,244.00,165.00,244.00,222.00,149.00,222.00
150.00,164.00,245.00,164.00,245.00,221.00,150.00,221.00
149.00,164.00,243.00,164.00,243.00,221.00,149.00,221.00
149.00,163.00,242.00,163.00,242.00,219.00,149.00,219.00
149.00,164.00,238.00,164.00,238.00,220.00,149.00,220.00
151.00,165.00,239.00,165.00,239.00,221.00,151.00,221.00
150.00,165.00,238.00,165.00,238.00,221.00,150.00,221.00
150.00,164.00,237.00,164.00,237.00,221.00,150.00,221.00
151.00,164.00,235.00,164.00,235.00,220.00,151.00,220.00
151.00,164.00,233.00,164.00,233.00,219.00,151.00,219.00
152.00,165.00,234.00,165.00,234.00,220.00,152.00,220.00
153.00,165.00,235.00,165.00,235.00,220.00,153.00,220.00
153.00,165.00,236.00,165.00,236.00,220.00,153.00,220.00
152.00,165.00,237.00,165.00,237.00,220.00,152.00,220.00
153.00,166.00,239.00,166.00,239.00,222.00,153.00,222.00
153.00,167.00,240.00,167.00,240.00,222.00,153.00,222.00
153.00,167.00,242.00,167.00,242.00,221.00,153.00,221.00
154.00,166.00,242.00,166.00,242.00,220.00,154.00,220.00
154.00,166.00,245.00,166.00,245.00,221.00,154.00,221.00
157.00,166.00,245.00,166.00,245.00,221.00,157.00,221.00
157.00,166.00,243.00,166.00,243.00,221.00,157.00,221.00
156.00,166.00,241.00,166.00,241.00,221.00,156.00,221.00
157.00,168.00,242.00,168.00,242.00,222.00,157.00,222.00
157.00,167.00,240.00,167.00,240.00,222.00,157.00,222.00
159.00,167.00,241.00,167.00,241.00,221.00,159.00,221.00
159.00,167.00,242.00,167.00,242.00,223.00,159.00,223.00
157.00,166.00,240.00,166.00,240.00,222.00,157.00,222.00
157.00,167.00,241.00,167.00,241.00,223.00,157.00,223.00
156.00,166.00,240.00,166.00,240.00,222.00,156.00,222.00
154.00,166.00,238.00,166.00,238.00,220.00,154.00,220.00
152.00,167.00,238.00,167.00,238.00,221.00,152.00,221.00
152.00,167.00,237.00,167.00,237.00,221.00,152.00,221.00
151.00,166.00,237.00,166.00,237.00,221.00,151.00,221.00
150.00,167.00,233.00,167.00,233.00,221.00,150.00,221.00
148.00,166.00,232.00,166.00,232.00,220.00,148.00,220.00
147.00,166.00,229.00,166.00,229.00,220.00,147.00,220.00
146.00,167.00,226.00,167.00,226.00,221.00,146.00,221.00
145.00,167.00,223.00,167.00,223.00,221.00,145.00,221.00
144.00,165.00,218.00,165.00,218.00,218.00,144.00,218.00
143.00,165.00,217.00,165.00,217.00,218.00,143.00,218.00
142.00,164.00,215.00,164.00,215.00,218.00,142.00,218.00
141.00,166.00,215.00,166.00,215.00,220.00,141.00,220.00
139.00,165.00,212.00,165.00,212.00,218.00,139.00,218.00
139.00,164.00,212.00,164.00,212.00,217.00,139.00,217.00
138.00,165.00,212.00,165.00,212.00,219.00,138.00,219.00
137.00,166.00,211.00,166.00,211.00,219.00,137.00,219.00
137.00,167.00,210.00,167.00,210.00,220.00,137.00,220.00
135.00,167.00,209.00,167.00,209.00,220.00,135.00,220.00
136.00,168.00,210.00,168.00,210.00,219.00,136.00,219.00
133.00,169.00,208.00,169.00,208.00,221.00,133.00,221.00
134.00,168.00,208.00,168.00,208.00,219.00,134.00,219.00
133.00,170.00,206.00,170.00,206.00,221.00,133.00,221.00
130.00,170.00,203.00,170.00,203.00,222.00,130.00,222.00
132.00,173.00,203.00,173.00,203.00,222.00,132.00,222.00
135.00,173.00,203.00,173.00,203.00,222.00,135.00,222.00
135.00,175.00,213.00,175.00,213.00,219.00,135.00,219.00
136.00,173.00,204.00,173.00,204.00,223.00,136.00,223.00
138.00,173.00,203.00,173.00,203.00,222.00,138.00,222.00
138.00,175.00,202.00,175.00,202.00,224.00,138.00,224.00
138.00,172.00,202.00,172.00,202.00,221.00,138.00,221.00
140.00,169.00,204.00,169.00,204.00,219.00,140.00,219.00
143.00,169.00,205.00,169.00,205.00,218.00,143.00,218.00
144.00,170.00,207.00,170.00,207.00,218.00,144.00,218.00
147.00,175.00,210.00,175.00,210.00,221.00,147.00,221.00
148.00,177.00,209.00,177.00,209.00,222.00,148.00,222.00
153.00,174.00,211.00,174.00,211.00,218.00,153.00,218.00
152.00,173.00,210.00,173.00,210.00,218.00,152.00,218.00
153.00,172.00,209.00,172.00,209.00,217.00,153.00,217.00
154.00,177.00,210.00,177.00,210.00,221.00,154.00,221.00
153.00,169.00,208.00,169.00,208.00,214.00,153.00,214.00
153.00,162.00,208.00,162.00,208.00,207.00,153.00,207.00
148.00,161.00,219.00,161.00,219.00,201.00,148.00,201.00
151.00,162.00,206.00,162.00,206.00,207.00,151.00,207.00
152.00,162.00,206.00,162.00,206.00,206.00,152.00,206.00
152.00,161.00,205.00,161.00,205.00,205.00,152.00,205.00
154.00,159.00,206.00,159.00,206.00,201.00,154.00,201.00
155.00,159.00,207.00,159.00,207.00,201.00,155.00,201.00
153.00,159.00,206.00,159.00,206.00,200.00,153.00,200.00
147.00,165.00,212.00,165.00,212.00,201.00,147.00,201.00
154.00,174.00,206.00,174.00,206.00,213.00,154.00,213.00
155.00,180.00,206.00,180.00,206.00,218.00,155.00,218.00
157.00,181.00,207.00,181.00,207.00,219.00,157.00,219.00
158.00,181.00,209.00,181.00,209.00,219.00,158.00,219.00
156.00,179.00,207.00,179.00,207.00,217.00,156.00,217.00
157.00,180.00,208.00,180.00,208.00,219.00,157.00,219.00
155.00,172.00,205.00,172.00,205.00,209.00,155.00,209.00
157.00,166.00,207.00,166.00,207.00,205.00,157.00,205.00
158.00,160.00,208.00,160.00,208.00,198.00,158.00,198.00
154.00,163.00,217.00,163.00,217.00,197.00,154.00,197.00
161.00,158.00,212.00,158.00,212.00,195.00,161.00,195.00
161.00,158.00,212.00,158.00,212.00,194.00,161.00,194.00
162.00,162.00,211.00,162.00,211.00,198.00,162.00,198.00
161.00,167.00,211.00,167.00,211.00,203.00,161.00,203.00
163.00,180.00,212.00,180.00,212.00,215.00,163.00,215.00
165.00,179.00,213.00,179.00,213.00,215.00,165.00,215.00
164.00,170.00,212.00,170.00,212.00,207.00,164.00,207.00
165.00,166.00,213.00,166.00,213.00,203.00,165.00,203.00
167.00,164.00,215.00,164.00,215.00,199.00,167.00,199.00
169.00,166.00,216.00,166.00,216.00,202.00,169.00,202.00
169.00,164.00,217.00,164.00,217.00,199.00,169.00,199.00
171.00,165.00,219.00,165.00,219.00,200.00,171.00,200.00
172.00,165.00,220.00,165.00,220.00,200.00,172.00,200.00
173.00,164.00,222.00,164.00,222.00,199.00,173.00,199.00
174.00,165.00,224.00,165.00,224.00,201.00,174.00,201.00
175.00,164.00,225.00,164.00,225.00,201.00,175.00,201.00
175.00,164.00,225.00,164.00,225.00,201.00,175.00,201.00
176.00,166.00,226.00,166.00,226.00,204.00,176.00,204.00
176.00,166.00,227.00,166.00,227.00,205.00,176.00,205.00
176.00,167.00,228.00,167.00,228.00,208.00,176.00,208.00
175.00,167.00,228.00,167.00,228.00,208.00,175.00,208.00
176.00,167.00,229.00,167.00,229.00,207.00,176.00,207.00
175.00,167.00,229.00,167.00,229.00,208.00,175.00,208.00
174.00,169.00,231.00,169.00,231.00,212.00,174.00,212.00
173.00,170.00,231.00,170.00,231.00,213.00,173.00,213.00
171.00,169.00,232.00,169.00,232.00,212.00,171.00,212.00
168.00,170.00,232.00,170.00,232.00,213.00,168.00,213.00
167.00,170.00,234.00,170.00,234.00,215.00,167.00,215.00
166.00,170.00,233.00,170.00,233.00,214.00,166.00,214.00
166.00,170.00,235.00,170.00,235.00,215.00,166.00,215.00
164.00,171.00,236.00,171.00,236.00,217.00,164.00,217.00
163.00,171.00,236.00,171.00,236.00,217.00,163.00,217.00
164.00,171.00,239.00,171.00,239.00,218.00,164.00,218.00
166.00,171.00,242.00,171.00,242.00,218.00,166.00,218.00
167.00,171.00,243.00,171.00,243.00,217.00,167.00,217.00
169.00,171.00,245.00,171.00,245.00,217.00,169.00,217.00
171.00,172.00,249.00,172.00,249.00,219.00,171.00,219.00
173.00,171.00,251.00,171.00,251.00,218.00,173.00,218.00
174.00,172.00,255.00,172.00,255.00,219.00,174.00,219.00
177.00,171.00,256.00,171.00,256.00,218.00,177.00,218.00
178.00,173.00,258.00,173.00,258.00,220.00,178.00,220.00
180.00,175.00,259.00,175.00,259.00,222.00,180.00,222.00
180.00,177.00,260.00,177.00,260.00,224.00,180.00,224.00
181.00,179.00,261.00,179.00,261.00,225.00,181.00,225.00
183.00,180.00,262.00,180.00,262.00,226.00,183.00,226.00
181.00,182.00,261.00,182.00,261.00,229.00,181.00,229.00
181.00,184.00,262.00,184.00,262.00,231.00,181.00,231.00
181.00,185.00,262.00,185.00,262.00,233.00,181.00,233.00
181.00,187.00,261.00,187.00,261.00,233.00,181.00,233.00
181.00,188.00,262.00,188.00,262.00,234.00,181.00,234.00
179.00,190.00,260.00,190.00,260.00,238.00,179.00,238.00
179.00,192.00,262.00,192.00,262.00,239.00,179.00,239.00
177.00,194.00,263.00,194.00,263.00,240.00,177.00,240.00
177.00,195.00,263.00,195.00,263.00,241.00,177.00,241.00
176.00,196.00,262.00,196.00,262.00,241.00,176.00,241.00
176.00,197.00,261.00,197.00,261.00,241.00,176.00,241.00
178.00,197.00,261.00,197.00,261.00,240.00,178.00,240.00
179.00,199.00,260.00,199.00,260.00,240.00,179.00,240.00
182.00,200.00,260.00,200.00,260.00,240.00,182.00,240.00
185.00,200.00,261.00,200.00,261.00,242.00,185.00,242.00
187.00,201.00,263.00,201.00,263.00,244.00,187.00,244.00
189.00,201.00,262.00,201.00,262.00,243.00,189.00,243.00
190.00,201.00,263.00,201.00,263.00,244.00,190.00,244.00
191.00,200.00,265.00,200.00,265.00,244.00,191.00,244.00
198.00,201.00,270.00,201.00,270.00,243.00,198.00,243.00
185.00,200.00,261.00,200.00,261.00,246.00,185.00,246.00
177.00,199.00,256.00,199.00,256.00,245.00,177.00,245.00
169.00,201.00,249.00,201.00,249.00,246.00,169.00,246.00
168.00,202.00,246.00,202.00,246.00,247.00,168.00,247.00
172.00,200.00,253.00,200.00,253.00,246.00,172.00,246.00
170.00,201.00,251.00,201.00,251.00,247.00,170.00,247.00
168.00,203.00,248.00,203.00,248.00,248.00,168.00,248.00
171.00,202.00,251.00,202.00,251.00,248.00,171.00,248.00
169.00,203.00,248.00,203.00,248.00,249.00,169.00,249.00
172.00,204.00,251.00,204.00,251.00,250.00,172.00,250.00
171.00,205.00,249.00,205.00,249.00,250.00,171.00,250.00
173.00,204.00,250.00,204.00,250.00,249.00,173.00,249.00
171.00,204.00,248.00,204.00,248.00,249.00,171.00,249.00
170.00,205.00,246.00,205.00,246.00,250.00,170.00,250.00
172.00,205.00,250.00,205.00,250.00,250.00,172.00,250.00
171.00,206.00,248.00,206.00,248.00,252.00,171.00,252.00
170.00,207.00,248.00,207.00,248.00,252.00,170.00,252.00
171.00,207.00,249.00,207.00,249.00,253.00,171.00,253.00
171.00,207.00,250.00,207.00,250.00,253.00,171.00,253.00
173.00,207.00,253.00,207.00,253.00,254.00,173.00,254.00
171.00,209.00,252.00,209.00,252.00,255.00,171.00,255.00
171.00,208.00,253.00,208.00,253.00,255.00,171.00,255.00
171.00,208.00,252.00,208.00,252.00,254.00,171.00,254.00
171.00,208.00,253.00,208.00,253.00,254.00,171.00,254.00
172.00,208.00,251.00,208.00,251.00,253.00,172.00,253.00
171.00,209.00,251.00,209.00,251.00,255.00,171.00,255.00
173.00,207.00,250.00,207.00,250.00,254.00,173.00,254.00
174.00,206.00,249.00,206.00,249.00,253.00,174.00,253.00
175.00,207.00,250.00,207.00,250.00,254.00,175.00,254.00
174.00,209.00,249.00,209.00,249.00,255.00,174.00,255.00
177.00,208.00,253.00,208.00,253.00,255.00,177.00,255.00
176.00,209.00,252.00,209.00,252.00,254.00,176.00,254.00
174.00,211.00,249.00,211.00,249.00,256.00,174.00,256.00
176.00,212.00,249.00,212.00,249.00,255.00,176.00,255.00
177.00,212.00,247.00,212.00,247.00,255.00,177.00,255.00
178.00,211.00,245.00,211.00,245.00,254.00,178.00,254.00
176.00,210.00,244.00,210.00,244.00,252.00,176.00,252.00
177.00,210.00,244.00,210.00,244.00,252.00,177.00,252.00
177.00,209.00,242.00,209.00,242.00,251.00,177.00,251.00
176.00,211.00,238.00,211.00,238.00,251.00,176.00,251.00
180.00,210.00,241.00,210.00,241.00,251.00,180.00,251.00
179.00,209.00,239.00,209.00,239.00,249.00,179.00,249.00
179.00,210.00,239.00,210.00,239.00,250.00,179.00,250.00
180.00,210.00,239.00,210.00,239.00,250.00,180.00,250.00
179.00,210.00,237.00,210.00,237.00,249.00,179.00,249.00
180.00,209.00,238.00,209.00,238.00,248.00,180.00,248.00
178.00,210.00,235.00,210.00,235.00,248.00,178.00,248.00
180.00,209.00,238.00,209.00,238.00,248.00,180.00,248.00
179.00,209.00,236.00,209.00,236.00,248.00,179.00,248.00
180.00,209.00,235.00,209.00,235.00,248.00,180.00,248.00
178.00,209.00,233.00,209.00,233.00,248.00,178.00,248.00
177.00,209.00,233.00,209.00,233.00,248.00,177.00,248.00
179.00,208.00,235.00,208.00,235.00,247.00,179.00,247.00
181.00,207.00,237.00,207.00,237.00,245.00,181.00,245.00
184.00,208.00,239.00,208.00,239.00,245.00,184.00,245.00
186.00,209.00,239.00,209.00,239.00,245.00,186.00,245.00
184.00,210.00,239.00,210.00,239.00,246.00,184.00,246.00
190.00,209.00,242.00,209.00,242.00,245.00,190.00,245.00
191.00,210.00,244.00,210.00,244.00,246.00,191.00,246.00
192.00,210.00,246.00,210.00,246.00,246.00,192.00,246.00
193.00,209.00,248.00,209.00,248.00,246.00,193.00,246.00
193.00,209.00,250.00,209.00,250.00,247.00,193.00,247.00
194.00,208.00,252.00,208.00,252.00,247.00,194.00,247.00
193.00,208.00,252.00,208.00,252.00,247.00,193.00,247.00
193.00,206.00,253.00,206.00,253.00,246.00,193.00,246.00
192.00,207.00,256.00,207.00,256.00,248.00,192.00,248.00
192.00,206.00,257.00,206.00,257.00,248.00,192.00,248.00
190.00,203.00,258.00,203.00,258.00,246.00,190.00,246.00
190.00,203.00,259.00,203.00,259.00,246.00,190.00,246.00
190.00,202.00,261.00,202.00,261.00,245.00,190.00,245.00
189.00,201.00,261.00,201.00,261.00,244.00,189.00,244.00
189.00,202.00,264.00,202.00,264.00,244.00,189.00,244.00
189.00,201.00,265.00,201.00,265.00,244.00,189.00,244.00
190.00,199.00,268.00,199.00,268.00,242.00,190.00,242.00
191.00,199.00,269.00,199.00,269.00,243.00,191.00,243.00
190.00,197.00,271.00,197.00,271.00,242.00,190.00,242.00
190.00,197.00,273.00,197.00,273.00,243.00,190.00,243.00
189.00,197.00,274.00,197.00,274.00,243.00,189.00,243.00
192.00,197.00,277.00,197.00,277.00,242.00,192.00,242.00
194.00,197.00,279.00,197.00,279.00,242.00,194.00,242.00
194.00,197.00,281.00,197.00,281.00,243.00,194.00,243.00
195.00,196.00,282.00,196.00,282.00,242.00,195.00,242.00
194.00,197.00,283.00,197.00,283.00,243.00,194.00,243.00
196.00,197.00,286.00,197.00,286.00,243.00,196.00,243.00
196.00,197.00,287.00,197.00,287.00,244.00,196.00,244.00
197.00,197.00,290.00,197.00,290.00,243.00,197.00,243.00
196.00,197.00,292.00,197.00,292.00,243.00,196.00,243.00
197.00,196.00,294.00,196.00,294.00,243.00,197.00,243.00
199.00,196.00,295.00,196.00,295.00,242.00,199.00,242.00
200.00,197.00,296.00,197.00,296.00,243.00,200.00,243.00
200.00,197.00,297.00,197.00,297.00,243.00,200.00,243.00
200.00,197.00,298.00,197.00,298.00,244.00,200.00,244.00
202.00,196.00,298.00,196.00,298.00,242.00,202.00,242.00
205.00,198.00,299.00,198.00,299.00,244.00,205.00,244.00
205.00,198.00,301.00,198.00,301.00,243.00,205.00,243.00
208.00,197.00,303.00,197.00,303.00,243.00,208.00,243.00
209.00,198.00,305.00,198.00,305.00,244.00,209.00,244.00
213.00,198.00,308.00,198.00,308.00,243.00,213.00,243.00
212.00,199.00,312.00,199.00,312.00,245.00,212.00,245.00
215.00,200.00,313.00,200.00,313.00,247.00,215.00,247.00
219.00,199.00,317.00,199.00,317.00,244.00,219.00,244.00
220.00,198.00,320.00,198.00,320.00,244.00,220.00,244.00
222.00,197.00,322.00,197.00,322.00,243.00,222.00,243.00
224.00,196.00,326.00,196.00,326.00,243.00,224.00,243.00
226.00,196.00,326.00,196.00,326.00,244.00,226.00,244.00
227.00,195.00,327.00,195.00,327.00,242.00,227.00,242.00
227.00,194.00,328.00,194.00,328.00,243.00,227.00,243.00
227.00,193.00,330.00,193.00,330.00,241.00,227.00,241.00
228.00,193.00,330.00,193.00,330.00,242.00,228.00,242.00
229.00,192.00,332.00,192.00,332.00,241.00,229.00,241.00
231.00,192.00,334.00,192.00,334.00,241.00,231.00,241.00
232.00,191.00,335.00,191.00,335.00,240.00,232.00,240.00
235.00,191.00,337.00,191.00,337.00,240.00,235.00,240.00
237.00,191.00,338.00,191.00,338.00,239.00,237.00,239.00
240.00,192.00,340.00,192.00,340.00,239.00,240.00,239.00
243.00,193.00,342.00,193.00,342.00,241.00,243.00,241.00
241.00,193.00,344.00,193.00,344.00,241.00,241.00,241.00
244.00,195.00,345.00,195.00,345.00,243.00,244.00,243.00
248.00,196.00,347.00,196.00,347.00,242.00,248.00,242.00
250.00,196.00,347.00,196.00,347.00,242.00,250.00,242.00
251.00,196.00,349.00,196.00,349.00,243.00,251.00,243.00
252.00,197.00,350.00,197.00,350.00,244.00,252.00,244.00
254.00,196.00,354.00,196.00,354.00,243.00,254.00,243.00
256.00,196.00,356.00,196.00,356.00,244.00,256.00,244.00
259.00,197.00,358.00,197.00,358.00,245.00,259.00,245.00
261.00,197.00,361.00,197.00,361.00,245.00,261.00,245.00
262.00,197.00,364.00,197.00,364.00,245.00,262.00,245.00
268.00,200.00,367.00,200.00,367.00,247.00,268.00,247.00
268.00,199.00,370.00,199.00,370.00,247.00,268.00,247.00
269.00,200.00,373.00,200.00,373.00,249.00,269.00,249.00
270.00,200.00,375.00,200.00,375.00,248.00,270.00,248.00
274.00,201.00,377.00,201.00,377.00,249.00,274.00,249.00
276.00,201.00,380.00,201.00,380.00,248.00,276.00,248.00
276.00,202.00,382.00,202.00,382.00,249.00,276.00,249.00
280.00,201.00,384.00,201.00,384.00,248.00,280.00,248.00
280.00,202.00,386.00,202.00,386.00,249.00,280.00,249.00
283.00,202.00,388.00,202.00,388.00,249.00,283.00,249.00
284.00,200.00,390.00,200.00,390.00,248.00,284.00,248.00
285.00,200.00,393.00,200.00,393.00,248.00,285.00,248.00
289.00,199.00,393.00,199.00,393.00,248.00,289.00,248.00
292.00,196.00,396.00,196.00,396.00,245.00,292.00,245.00
296.00,194.00,396.00,194.00,396.00,242.00,296.00,242.00
297.00,194.00,398.00,194.00,398.00,241.00,297.00,241.00
297.00,191.00,399.00,191.00,399.00,238.00,297.00,238.00
299.00,188.00,400.00,188.00,400.00,236.00,299.00,236.00
300.00,187.00,400.00,187.00,400.00,234.00,300.00,234.00
299.00,185.00,401.00,185.00,401.00,232.00,299.00,232.00
304.00,186.00,401.00,186.00,401.00,232.00,304.00,232.00
306.00,185.00,404.00,185.00,404.00,231.00,306.00,231.00
308.00,184.00,405.00,184.00,405.00,231.00,308.00,231.00
308.00,182.00,406.00,182.00,406.00,228.00,308.00,228.00
310.00,182.00,407.00,182.00,407.00,227.00,310.00,227.00
311.00,181.00,408.00,181.00,408.00,226.00,311.00,226.00
313.00,180.00,411.00,180.00,411.00,224.00,313.00,224.00
316.00,179.00,412.00,179.00,412.00,224.00,316.00,224.00
318.00,179.00,413.00,179.00,413.00,224.00,318.00,224.00
320.00,178.00,415.00,178.00,415.00,224.00,320.00,224.00
319.00,178.00,416.00,178.00,416.00,223.00,319.00,223.00
321.00,178.00,418.00,178.00,418.00,223.00,321.00,223.00
323.00,177.00,420.00,177.00,420.00,223.00,323.00,223.00
325.00,175.00,422.00,175.00,422.00,223.00,325.00,223.00
325.00,176.00,422.00,176.00,422.00,223.00,325.00,223.00
326.00,175.00,423.00,175.00,423.00,222.00,326.00,222.00
327.00,175.00,423.00,175.00,423.00,222.00,327.00,222.00
330.00,175.00,424.00,175.00,424.00,222.00,330.00,222.00
329.00,174.00,424.00,174.00,424.00,221.00,329.00,221.00
328.00,175.00,425.00,175.00,425.00,222.00,328.00,222.00
328.00,175.00,425.00,175.00,425.00,221.00,328.00,221.00
328.00,175.00,424.00,175.00,424.00,219.00,328.00,219.00
325.00,175.00,425.00,175.00,425.00,221.00,325.00,221.00
326.00,175.00,425.00,175.00,425.00,221.00,326.00,221.00
324.00,175.00,424.00,175.00,424.00,221.00,324.00,221.00
323.00,174.00,425.00,174.00,425.00,220.00,323.00,220.00
328.00,175.00,425.00,175.00,425.00,221.00,328.00,221.00
330.00,174.00,426.00,174.00,426.00,220.00,330.00,220.00
330.00,174.00,427.00,174.00,427.00,221.00,330.00,221.00
330.00,173.00,428.00,173.00,428.00,220.00,330.00,220.00
330.00,173.00,428.00,173.00,428.00,221.00,330.00,221.00
331.00,172.00,429.00,172.00,429.00,220.00,331.00,220.00
330.00,172.00,430.00,172.00,430.00,220.00,330.00,220.00
330.00,172.00,429.00,172.00,429.00,221.00,330.00,221.00
332.00,172.00,428.00,172.00,428.00,221.00,332.00,221.00
329.00,172.00,428.00,172.00,428.00,221.00,329.00,221.00
330.00,172.00,428.00,172.00,428.00,220.00,330.00,220.00
329.00,172.00,427.00,172.00,427.00,220.00,329.00,220.00
330.00,172.00,426.00,172.00,426.00,220.00,330.00,220.00
329.00,173.00,426.00,173.00,426.00,221.00,329.00,221.00
329.00,174.00,427.00,174.00,427.00,222.00,329.00,222.00
329.00,173.00,428.00,173.00,428.00,223.00,329.00,223.00
325.00,173.00,429.00,173.00,429.00,224.00,325.00,224.00
331.00,175.00,431.00,175.00,431.00,225.00,331.00,225.00
330.00,175.00,431.00,175.00,431.00,226.00,330.00,226.00
334.00,176.00,432.00,176.00,432.00,226.00,334.00,226.00
334.00,177.00,433.00,177.00,433.00,227.00,334.00,227.00
333.00,178.00,435.00,178.00,435.00,229.00,333.00,229.00
332.00,178.00,436.00,178.00,436.00,231.00,332.00,231.00
333.00,178.00,437.00,178.00,437.00,232.00,333.00,232.00
336.00,179.00,435.00,179.00,435.00,231.00,336.00,231.00
335.00,179.00,436.00,179.00,436.00,232.00,335.00,232.00
337.00,182.00,438.00,182.00,438.00,234.00,337.00,234.00
338.00,182.00,439.00,182.00,439.00,234.00,338.00,234.00
341.00,184.00,443.00,184.00,443.00,235.00,341.00,235.00
344.00,184.00,447.00,184.00,447.00,236.00,344.00,236.00
347.00,183.00,448.00,183.00,448.00,236.00,347.00,236.00
348.00,181.00,451.00,181.00,451.00,235.00,348.00,235.00
351.00,182.00,456.00,182.00,456.00,235.00,351.00,235.00
352.00,183.00,460.00,183.00,460.00,236.00,352.00,236.00
356.00,183.00,465.00,183.00,465.00,237.00,356.00,237.00
361.00,184.00,468.00,184.00,468.00,237.00,361.00,237.00
362.00,182.00,472.00,182.00,472.00,236.00,362.00,236.00
366.00,182.00,476.00,182.00,476.00,236.00,366.00,236.00
372.00,183.00,481.00,183.00,481.00,237.00,372.00,237.00
374.00,183.00,486.00,183.00,486.00,237.00,374.00,237.00
376.00,183.00,488.00,183.00,488.00,237.00,376.00,237.00
377.00,182.00,490.00,182.00,490.00,236.00,377.00,236.00
382.00,181.00,493.00,181.00,493.00,236.00,382.00,236.00
382.00,181.00,495.00,181.00,495.00,236.00,382.00,236.00
385.00,179.00,497.00,179.00,497.00,233.00,385.00,233.00
388.00,178.00,498.00,178.00,498.00,233.00,388.00,233.00
390.00,178.00,499.00,178.00,499.00,233.00,390.00,233.00
386.00,178.00,498.00,178.00,498.00,234.00,386.00,234.00
390.00,178.00,497.00,178.00,497.00,233.00,390.00,233.00
389.00,177.00,496.00,177.00,496.00,233.00,389.00,233.00
393.00,176.00,498.00,176.00,498.00,231.00,393.00,231.00
391.00,175.00,496.00,175.00,496.00,230.00,391.00,230.00
392.00,174.00,494.00,174.00,494.00,229.00,392.00,229.00
393.00,174.00,492.00,174.00,492.00,227.00,393.00,227.00
393.00,173.00,491.00,173.00,491.00,227.00,393.00,227.00
392.00,172.00,490.00,172.00,490.00,226.00,392.00,226.00
392.00,173.00,487.00,173.00,487.00,226.00,392.00,226.00
390.00,173.00,485.00,173.00,485.00,226.00,390.00,226.00
389.00,172.00,484.00,172.00,484.00,224.00,389.00,224.00
386.00,173.00,482.00,173.00,482.00,226.00,386.00,226.00
389.00,173.00,480.00,173.00,480.00,225.00,389.00,225.00
387.00,171.00,480.00,171.00,480.00,225.00,387.00,225.00
389.00,171.00,482.00,171.00,482.00,225.00,389.00,225.00
390.00,171.00,481.00,171.00,481.00,224.00,390.00,224.00
392.00,171.00,484.00,171.00,484.00,224.00,392.00,224.00
392.00,169.00,485.00,169.00,485.00,223.00,392.00,223.00
395.00,170.00,488.00,170.00,488.00,225.00,395.00,225.00
400.00,168.00,490.00,168.00,490.00,222.00,400.00,222.00
401.00,167.00,492.00,167.00,492.00,222.00,401.00,222.00
404.00,164.00,493.00,164.00,493.00,220.00,404.00,220.00
407.00,165.00,496.00,165.00,496.00,222.00,407.00,222.00
409.00,165.00,499.00,165.00,499.00,222.00,409.00,222.00
411.00,165.00,500.00,165.00,500.00,222.00,411.00,222.00
411.00,164.00,500.00,164.00,500.00,221.00,411.00,221.00
412.00,165.00,501.00,165.00,501.00,223.00,412.00,223.00
412.00,166.00,502.00,166.00,502.00,224.00,412.00,224.00
414.00,166.00,504.00,166.00,504.00,222.00,414.00,222.00
417.00,165.00,506.00,165.00,506.00,222.00,417.00,222.00
409.00,167.00,497.00,167.00,497.00,224.00,409.00,224.00
411.00,166.00,499.00,166.00,499.00,223.00,411.00,223.00
409.00,167.00,498.00,167.00,498.00,225.00,409.00,225.00
408.00,166.00,497.00,166.00,497.00,223.00,408.00,223.00
406.00,166.00,493.00,166.00,493.00,222.00,406.00,222.00
407.00,165.00,496.00,165.00,496.00,224.00,407.00,224.00
403.00,165.00,491.00,165.00,491.00,224.00,403.00,224.00
405.00,165.00,493.00,165.00,493.00,225.00,405.00,225.00
403.00,165.00,489.00,165.00,489.00,225.00,403.00,225.00
399.00,161.00,484.00,161.00,484.00,221.00,399.00,221.00
395.00,166.00,478.00,166.00,478.00,224.00,395.00,224.00
393.00,164.00,476.00,164.00,476.00,222.00,393.00,222.00
395.00,164.00,475.00,164.00,475.00,219.00,395.00,219.00
397.00,165.00,478.00,165.00,478.00,219.00,397.00,219.00
391.00,165.00,473.00,165.00,473.00,219.00,391.00,219.00
395.00,164.00,475.00,164.00,475.00,217.00,395.00,217.00
387.00,165.00,469.00,165.00,469.00,219.00,387.00,219.00
384.00,165.00,466.00,165.00,466.00,220.00,384.00,220.00
390.00,166.00,470.00,166.00,470.00,221.00,390.00,221.00
391.00,163.00,472.00,163.00,472.00,220.00,391.00,220.00
392.00,166.00,472.00,166.00,472.00,223.00,392.00,223.00
398.00,163.00,474.00,163.00,474.00,218.00,398.00,218.00
393.00,161.00,470.00,161.00,470.00,217.00,393.00,217.00
390.00,162.00,468.00,162.00,468.00,218.00,390.00,218.00
390.00,162.00,468.00,162.00,468.00,219.00,390.00,219.00
387.00,161.00,464.00,161.00,464.00,216.00,387.00,216.00
378.00,161.00,457.00,161.00,457.00,217.00,378.00,217.00
382.00,161.00,460.00,161.00,460.00,218.00,382.00,218.00
381.00,161.00,459.00,161.00,459.00,217.00,381.00,217.00
380.00,161.00,458.00,161.00,458.00,218.00,380.00,218.00
380.00,163.00,457.00,163.00,457.00,219.00,380.00,219.00
376.00,162.00,452.00,162.00,452.00,217.00,376.00,217.00
380.00,160.00,457.00,160.00,457.00,215.00,380.00,215.00
376.00,162.00,453.00,162.00,453.00,217.00,376.00,217.00
380.00,161.00,457.00,161.00,457.00,217.00,380.00,217.00
377.00,160.00,457.00,160.00,457.00,216.00,377.00,216.00
377.00,163.00,456.00,163.00,456.00,219.00,377.00,219.00
377.00,162.00,456.00,162.00,456.00,217.00,377.00,217.00
387.00,163.00,464.00,163.00,464.00,218.00,387.00,218.00
387.00,164.00,463.00,164.00,463.00,219.00,387.00,219.00
383.00,163.00,458.00,163.00,458.00,216.00,383.00,216.00
382.00,164.00,458.00,164.00,458.00,218.00,382.00,218.00
379.00,164.00,454.00,164.00,454.00,217.00,379.00,217.00
382.00,164.00,455.00,164.00,455.00,215.00,382.00,215.00
392.00,165.00,464.00,165.00,464.00,216.00,392.00,216.00
382.00,168.00,452.00,168.00,452.00,219.00,382.00,219.00
379.00,170.00,449.00,170.00,449.00,219.00,379.00,219.00
378.00,170.00,449.00,170.00,449.00,218.00,378.00,218.00
383.00,172.00,452.00,172.00,452.00,219.00,383.00,219.00
389.00,177.00,458.00,177.00,458.00,223.00,389.00,223.00
387.00,175.00,455.00,175.00,455.00,222.00,387.00,222.00
389.00,175.00,456.00,175.00,456.00,222.00,389.00,222.00
384.00,169.00,452.00,169.00,452.00,218.00,384.00,218.00
386.00,166.00,451.00,166.00,451.00,216.00,386.00,216.00
389.00,167.00,453.00,167.00,453.00,216.00,389.00,216.00
389.00,167.00,453.00,167.00,453.00,218.00,389.00,218.00
389.00,166.00,453.00,166.00,453.00,218.00,389.00,218.00
390.00,167.00,454.00,167.00,454.00,219.00,390.00,219.00
392.00,165.00,457.00,165.00,457.00,216.00,392.00,216.00
391.00,164.00,457.00,164.00,457.00,216.00,391.00,216.00
389.00,164.00,456.00,164.00,456.00,216.00,389.00,216.00
389.00,164.00,457.00,164.00,457.00,216.00,389.00,216.00
392.00,162.00,456.00,162.00,456.00,212.00,392.00,212.00
389.00,167.00,455.00,167.00,455.00,217.00,389.00,217.00
390.00,167.00,456.00,167.00,456.00,215.00,390.00,215.00
387.00,167.00,452.00,167.00,452.00,217.00,387.00,217.00
393.00,167.00,457.00,167.00,457.00,215.00,393.00,215.00
395.00,166.00,459.00,166.00,459.00,214.00,395.00,214.00
390.00,161.00,454.00,161.00,454.00,210.00,390.00,210.00
392.00,159.00,457.00,159.00,457.00,208.00,392.00,208.00
393.00,159.00,458.00,159.00,458.00,210.00,393.00,210.00
394.00,158.00,462.00,158.00,462.00,209.00,394.00,209.00
