1
529.28,382.81,539.41,419.69,445.01,445.61,434.88,408.72
530.57,384.73,539.23,420.74,450.66,442.06,442.00,406.06
535.98,384.36,543.85,418.89,452.02,439.84,444.14,405.30
522.75,372.89,540.44,402.74,462.73,448.79,445.04,418.94
521.23,372.46,539.45,401.72,463.20,449.20,444.98,419.94
528.50,376.09,542.35,405.91,459.20,444.51,445.36,414.69
530.20,375.74,544.00,406.00,459.77,444.42,445.97,414.16
525.20,376.02,543.45,405.73,467.88,452.12,449.64,422.41
530.00,379.00,543.60,406.20,467.20,444.40,453.60,417.20
527.22,377.48,544.44,405.73,473.02,449.28,455.80,421.03
530.53,377.04,550.64,409.22,477.11,455.18,457.00,423.00
530.24,379.06,547.18,407.29,473.94,451.24,457.00,423.00
538.66,378.86,554.70,408.54,473.04,452.68,457.00,423.00
546.43,375.90,563.70,407.84,477.04,454.68,459.78,422.74
554.37,376.32,570.22,407.35,478.02,454.48,462.16,423.45
560.72,375.15,576.19,404.37,488.99,450.54,473.52,421.31
557.39,375.08,573.50,402.21,490.23,451.65,474.12,424.52
569.41,375.81,582.76,404.65,489.17,447.98,475.82,419.14
569.18,374.86,583.40,403.81,491.69,448.82,477.48,419.87
570.56,375.57,584.20,404.43,492.33,447.86,478.69,419.00
568.40,374.87,583.20,403.38,494.24,449.57,479.44,421.06
569.20,376.50,583.41,403.79,504.45,444.91,490.24,417.62
577.10,382.30,587.40,413.20,499.20,442.60,488.90,411.70
571.16,378.18,587.83,410.48,507.87,451.75,491.20,419.45
577.68,384.26,589.84,422.25,500.83,450.73,488.68,412.74
577.33,383.61,591.51,420.22,504.71,453.82,490.53,417.21
579.11,383.49,595.86,422.13,521.91,454.17,505.16,415.53
578.90,385.73,593.46,423.59,520.62,451.61,506.06,413.75
582.57,384.53,597.79,421.50,524.41,451.71,509.19,414.75
585.85,382.94,600.25,416.87,527.03,447.93,512.64,414.00
589.08,381.64,603.74,414.88,530.84,447.04,516.18,413.80
589.78,381.24,606.33,416.71,535.60,449.72,519.05,414.24
590.09,381.70,604.73,414.12,534.51,445.84,519.87,413.42
590.08,381.03,606.78,415.56,538.43,448.63,521.73,414.10
588.96,380.29,607.20,414.49,540.40,450.12,522.16,415.92
568.72,368.80,614.69,401.64,576.85,454.61,530.88,421.77
589.40,381.80,606.60,416.20,548.20,445.40,531.00,411.00
590.09,381.34,607.49,414.70,550.25,444.56,532.85,411.21
589.59,381.53,607.28,414.39,551.71,444.31,534.01,411.45
589.23,380.53,608.23,413.11,553.39,445.10,534.39,412.52
588.82,380.71,608.15,412.91,554.76,444.94,535.44,412.74
588.97,381.15,608.46,412.34,554.80,445.88,535.30,414.69
589.13,381.42,608.52,412.43,554.85,445.97,535.47,414.96
582.81,376.35,611.24,402.89,569.80,447.28,541.37,420.75
597.47,382.60,599.17,431.86,547.26,433.65,545.57,384.39
594.76,381.73,604.33,432.75,550.17,442.91,540.60,391.89
592.33,381.51,610.33,433.86,556.11,452.49,538.11,400.15
591.81,381.34,604.87,427.04,551.64,442.25,538.58,396.55
548.71,381.41,601.64,383.45,599.79,431.34,546.87,429.30
590.36,381.58,602.59,427.78,552.02,441.17,539.79,394.97
588.55,379.52,612.10,436.04,565.66,455.39,542.11,398.87
588.61,378.08,608.46,434.13,562.31,450.47,542.46,394.42
587.69,377.46,611.30,434.12,565.01,453.41,541.40,396.75
587.39,377.16,610.98,433.33,564.80,452.72,541.21,396.55
565.20,374.60,618.88,386.53,607.19,439.15,553.51,427.22
559.66,375.84,614.82,382.46,608.41,435.89,553.25,429.27
587.95,377.51,604.47,432.56,564.47,444.56,547.95,389.51
588.31,377.84,599.79,430.61,562.21,438.78,550.74,386.01
588.71,377.99,599.98,430.58,560.99,438.93,549.72,386.35
566.31,374.31,620.43,387.20,607.90,439.83,553.77,426.95
587.64,377.30,608.50,434.08,567.59,449.11,546.73,392.32
586.23,378.26,601.00,431.00,558.46,442.91,543.69,390.17
582.18,379.10,596.14,428.58,562.27,438.13,548.31,388.66
574.49,378.87,596.06,426.55,562.18,441.87,540.61,394.20
566.70,376.90,602.10,388.70,584.60,441.20,549.20,429.40
566.61,376.76,596.43,424.92,564.83,444.49,535.01,396.33
527.00,383.00,600.00,383.00,600.00,457.00,527.00,457.00
561.27,377.60,604.23,393.71,585.86,442.70,542.90,426.59
562.83,377.97,595.62,423.65,558.65,450.20,525.86,404.51
561.74,377.96,593.96,421.29,558.74,447.48,526.52,404.15
556.24,378.97,594.85,420.34,566.45,446.84,527.85,405.48
560.80,377.63,580.51,428.30,547.50,441.14,527.79,390.47
546.03,382.57,595.73,418.61,573.19,449.71,523.48,413.68
542.56,381.92,594.08,420.56,572.24,449.68,520.72,411.04
542.30,381.88,578.17,423.40,555.10,443.32,519.23,401.80
540.47,381.65,592.69,420.25,570.70,450.00,518.49,411.40
540.57,381.63,591.00,420.00,568.91,449.04,518.47,410.66
540.62,381.48,591.96,419.71,569.59,449.76,518.25,411.52
540.21,381.97,592.62,420.18,568.55,453.19,516.14,414.98
540.16,381.84,589.48,419.37,564.86,451.72,515.55,414.20
525.00,384.00,557.00,384.00,557.00,433.00,525.00,433.00
541.30,380.97,583.40,426.79,551.27,456.32,509.16,410.50
541.61,381.06,579.09,427.11,546.57,453.58,509.09,407.53
544.67,381.64,557.00,433.00,527.76,440.02,515.44,388.66
543.44,381.13,552.98,430.03,524.03,435.68,514.49,386.78
542.39,379.08,552.92,429.39,523.87,435.47,513.34,385.16
541.12,376.62,552.97,429.33,522.64,436.16,510.78,383.45
542.15,375.77,552.88,429.42,521.15,435.77,510.42,382.12
541.14,374.95,552.13,428.49,520.09,435.06,509.11,381.52
540.67,374.79,551.94,427.37,519.91,434.23,508.64,381.65
541.70,375.68,544.77,430.85,516.91,432.39,513.85,377.23
542.49,375.55,545.77,429.68,516.30,431.47,513.02,377.33
542.57,375.67,545.75,429.72,516.03,431.47,512.85,377.42
541.73,375.55,546.05,430.29,516.63,432.61,512.31,377.87
541.73,375.63,546.05,430.29,516.31,432.63,512.00,377.97
516.00,376.00,545.00,376.00,545.00,432.00,516.00,432.00
517.00,376.00,545.00,376.00,545.00,432.00,517.00,432.00
541.49,375.49,552.27,428.07,520.21,434.65,509.42,382.07
541.42,374.81,553.08,427.91,522.22,434.68,510.57,381.58
543.00,375.00,551.97,428.84,522.14,433.81,513.16,379.97
522.24,374.59,553.87,376.85,549.94,431.78,518.32,429.52
520.00,375.00,551.00,375.00,551.00,430.00,520.00,430.00
524.89,372.86,556.03,376.75,549.14,431.89,518.00,428.00
547.36,374.30,552.53,428.57,521.01,431.57,515.84,377.30
549.76,373.75,551.44,432.33,519.38,433.25,517.70,374.67
551.78,373.77,553.15,431.40,519.15,432.21,517.78,374.58
525.64,370.48,556.62,376.11,545.66,436.39,514.68,430.76
522.28,370.52,554.89,374.24,548.00,434.51,515.40,430.79
544.60,370.20,570.52,389.64,530.08,443.56,504.16,424.12
544.92,370.15,570.70,389.71,529.51,444.01,503.73,424.45
539.24,368.77,568.60,384.32,533.64,450.34,504.28,434.80
542.85,370.24,574.64,389.67,533.98,456.21,502.19,436.78
544.62,370.48,574.78,390.23,531.58,456.17,501.42,436.41
544.56,370.49,575.52,390.48,532.73,456.74,501.77,436.75
537.00,369.00,569.24,381.90,539.93,455.17,507.69,442.28
544.79,370.84,575.77,391.67,533.39,454.71,502.41,433.88
544.40,371.20,578.00,388.00,544.40,455.20,510.80,438.40
550.51,373.70,581.12,393.86,540.08,456.17,509.47,436.02
571.07,372.77,581.40,428.56,514.90,440.87,504.57,385.08
574.11,372.07,585.60,427.42,519.84,441.07,508.36,385.72
566.90,370.53,604.29,404.06,550.31,464.27,512.91,430.75
569.14,370.56,599.90,398.68,545.30,458.39,514.55,430.27
569.66,370.94,600.48,399.77,545.24,458.81,514.43,429.99
570.73,369.81,606.61,403.38,551.32,462.49,515.43,428.92
570.71,369.80,606.65,403.26,551.48,462.52,515.54,429.05
570.22,370.34,606.13,403.86,551.86,462.00,515.95,428.48
568.64,371.07,599.96,399.27,549.09,455.78,517.77,427.59
568.14,371.52,604.90,404.72,554.84,460.14,518.08,426.94
565.98,373.52,593.87,421.49,537.59,454.22,509.70,406.24
558.82,375.11,593.44,420.91,543.27,458.84,508.65,413.05
546.40,375.24,575.30,387.88,550.08,445.53,521.17,432.89
550.45,378.49,594.40,421.34,555.20,461.54,511.25,418.69
549.00,379.00,590.50,420.50,552.00,459.00,510.50,417.50
574.44,377.00,581.96,428.57,528.65,436.34,521.13,384.77
549.80,379.87,576.13,426.80,539.53,447.34,513.20,400.40
549.38,379.11,575.71,426.04,539.10,446.58,512.77,399.64
548.00,379.00,592.50,423.50,557.50,458.50,513.00,414.00
553.49,380.73,555.81,436.47,526.90,437.67,524.58,381.93
547.75,379.47,590.06,425.51,553.85,458.78,511.55,412.74
550.55,380.62,556.88,439.17,527.63,442.34,521.30,383.78
524.00,381.00,552.00,381.00,552.00,442.00,524.00,442.00
524.00,381.00,552.00,381.00,552.00,441.00,524.00,441.00
546.97,379.09,557.22,438.01,527.97,443.09,517.73,384.18
524.00,381.00,552.00,381.00,552.00,441.00,524.00,441.00
544.16,378.92,557.16,436.10,528.68,442.57,515.68,385.39
545.81,379.45,554.98,437.53,526.84,441.97,517.67,383.89
542.59,379.29,556.99,434.82,528.22,442.28,513.82,386.75
542.59,379.29,556.62,433.39,524.48,441.73,510.46,387.62
541.83,378.91,557.04,432.13,524.15,441.53,508.94,388.30
547.18,379.65,553.35,435.18,520.54,438.83,514.37,383.29
540.70,378.89,558.09,425.85,516.01,441.44,498.62,394.47
523.62,378.27,558.81,384.14,549.19,441.86,514.00,436.00
539.04,378.39,569.69,398.58,535.66,450.26,505.00,430.07
540.94,378.19,571.30,399.16,535.57,450.90,505.21,429.93
544.67,377.66,572.71,399.32,532.53,451.32,504.49,429.65
547.94,377.54,580.57,405.33,532.96,461.22,500.33,433.43
548.34,377.06,575.41,399.97,527.51,456.58,500.43,433.67
551.75,377.04,577.22,400.76,525.25,456.58,499.78,432.86
552.77,376.04,593.75,414.38,540.64,471.15,499.66,432.81
553.13,376.48,593.79,414.23,540.93,471.15,500.27,433.40
570.02,376.26,580.34,428.74,502.96,443.96,492.64,391.48
554.15,376.51,594.29,413.63,541.10,471.15,500.96,434.04
559.10,377.41,588.19,423.46,527.69,461.67,498.60,415.62
561.19,377.04,590.05,422.22,527.78,462.00,498.92,416.83
567.80,379.46,580.96,429.09,515.64,446.42,502.48,396.79
568.74,379.45,593.11,420.88,524.54,461.21,500.17,419.78
569.65,380.17,593.15,421.00,524.51,460.52,501.01,419.69
572.42,381.13,594.02,421.93,524.74,458.61,503.14,417.81
573.96,381.67,593.09,422.31,522.82,455.38,503.70,414.73
575.59,382.85,593.91,421.95,524.02,454.71,505.69,415.61
578.08,383.03,593.60,423.12,523.57,450.23,508.05,410.14
578.36,383.45,595.80,421.24,526.94,453.03,509.49,415.23
581.17,383.76,602.81,414.35,537.60,460.48,515.96,429.88
586.15,380.61,607.23,410.12,539.97,458.16,518.89,428.65
593.39,379.55,617.51,417.23,544.64,463.87,520.52,426.19
596.08,378.61,619.24,415.97,545.36,461.78,522.20,424.42
595.43,377.92,614.67,408.24,541.04,454.97,521.80,424.65
595.51,377.79,619.92,415.52,549.77,460.91,525.35,423.18
532.75,381.12,609.75,382.30,608.91,437.12,531.91,435.94
605.84,382.76,606.58,433.96,533.04,435.03,532.30,383.82
605.20,381.24,608.27,430.36,533.13,435.05,530.06,385.93
604.30,381.21,607.25,430.69,533.13,435.11,530.17,385.63
604.01,381.08,608.01,429.17,533.12,435.41,529.11,387.32
605.44,382.22,607.80,431.72,532.16,435.33,529.80,385.82
605.20,381.18,608.42,432.66,533.27,437.36,530.05,385.87
597.89,381.02,610.15,436.19,539.11,451.98,526.85,396.81
595.11,379.80,618.22,413.41,550.66,459.86,527.55,426.25
596.76,378.65,620.87,409.10,555.02,461.23,530.91,430.78
600.15,378.61,622.45,409.82,546.96,463.74,524.66,432.53
605.31,378.46,627.15,411.23,546.85,464.77,525.00,432.00
611.21,377.90,630.16,408.42,544.18,461.79,525.24,431.27
613.60,377.39,632.02,407.78,544.85,460.61,526.44,430.22
619.60,379.20,635.00,410.00,554.60,450.20,539.20,419.40
612.92,370.69,634.55,396.32,566.13,454.05,544.51,428.42
624.82,378.86,636.16,404.37,555.16,440.37,543.82,414.86
625.91,379.07,639.32,410.68,558.01,445.18,544.60,413.56
626.32,378.83,639.92,410.20,561.45,444.20,547.86,412.83
625.83,378.94,639.72,409.92,564.38,443.69,550.49,412.71
626.21,378.77,640.10,409.75,564.38,443.69,550.49,412.71
626.21,378.77,640.10,409.75,565.21,443.32,551.32,412.34
625.95,378.66,640.44,408.75,568.37,443.45,553.88,413.36
625.93,378.63,640.44,408.75,568.37,443.45,553.86,413.33
625.80,378.60,640.60,408.20,567.00,445.00,552.20,415.40
626.14,379.05,640.42,408.80,566.30,444.38,552.02,414.63
624.24,377.06,641.18,405.29,570.29,447.82,553.35,419.59
626.47,377.98,641.99,406.11,568.84,446.47,553.32,418.34
626.54,377.14,642.76,404.60,572.18,446.30,555.95,418.85
627.23,375.23,648.92,408.40,578.78,454.26,557.10,421.09
628.39,372.90,646.94,399.11,575.47,449.68,556.92,423.47
629.86,369.39,654.16,402.12,582.34,455.44,558.04,422.71
631.30,368.32,651.34,395.31,577.43,450.18,557.40,423.19
630.27,368.76,650.91,396.01,577.44,451.66,556.80,424.42
629.70,367.52,655.17,399.98,583.36,456.32,557.90,423.87
632.46,365.49,657.81,398.45,582.76,456.19,557.41,423.23
630.28,367.17,652.36,395.87,579.49,451.93,557.41,423.23
630.80,368.69,652.23,397.56,578.18,452.53,556.75,423.67
630.82,368.70,655.09,401.54,580.27,456.84,556.00,424.00
629.51,369.65,653.94,402.55,582.47,455.61,558.04,422.71
630.28,367.17,656.23,400.90,583.98,456.48,558.03,422.74
628.54,368.51,651.00,397.70,580.49,451.93,558.03,422.74
630.21,367.15,656.41,400.68,583.99,457.26,557.79,423.73
629.03,368.13,651.41,397.23,579.16,452.80,556.78,423.71
629.45,368.63,654.46,401.65,583.05,455.75,558.04,422.73
630.13,367.21,655.68,399.91,583.33,456.43,557.79,423.73
631.39,368.76,655.43,401.29,582.05,455.53,558.00,423.00
631.13,368.45,652.59,397.35,579.33,451.74,557.88,422.83
630.97,368.57,655.27,401.30,581.70,455.92,557.40,423.19
631.61,368.09,655.91,400.82,582.82,455.09,558.52,422.36
631.39,367.92,655.92,400.30,582.94,455.59,558.40,423.21
631.89,368.41,653.10,397.25,579.26,451.55,558.05,422.70
631.61,368.09,653.07,396.99,579.50,451.61,558.04,422.71
631.46,367.92,656.04,400.85,582.62,455.65,558.04,422.72
630.96,368.00,652.78,393.98,589.04,447.53,567.21,421.54
631.36,368.39,659.02,401.83,595.98,453.96,568.33,420.52
631.96,367.90,653.20,393.59,589.57,446.20,568.33,420.52
630.22,367.42,652.28,392.55,590.19,447.03,568.14,421.90
630.85,367.99,656.33,397.72,593.66,451.44,568.18,421.71
632.40,367.05,654.04,395.06,580.53,451.86,558.89,423.86
631.28,368.03,652.94,395.43,582.71,450.94,561.05,423.54
631.94,366.99,656.89,396.59,592.16,451.16,567.21,421.57
632.94,366.99,654.22,392.24,588.91,447.31,567.62,422.06
632.39,366.04,654.54,393.50,583.31,450.94,561.16,423.48
630.59,368.51,652.36,395.61,583.45,450.97,561.68,423.86
630.27,368.40,651.98,394.14,590.20,446.22,568.50,420.48
630.37,368.49,652.00,394.24,589.55,446.70,567.92,420.95
630.51,369.04,651.79,394.29,587.78,448.27,566.49,423.02
630.10,368.54,655.06,397.07,591.42,452.76,566.45,424.23
630.37,367.95,652.54,393.60,587.55,449.78,565.38,424.13
629.68,367.13,652.20,393.40,585.33,450.72,562.81,424.45
630.43,367.03,652.64,392.70,589.37,447.45,567.16,421.78
630.31,366.96,655.96,395.96,593.22,451.46,567.56,422.46
629.99,366.64,655.93,395.60,593.50,451.53,567.55,422.57
629.58,367.10,652.51,393.23,590.06,448.03,567.14,421.90
630.86,367.44,656.03,397.46,588.63,453.99,563.46,423.97
630.15,366.61,653.07,392.73,590.56,447.59,567.63,421.47
630.04,366.58,652.96,392.16,590.46,448.15,567.55,422.57
629.86,367.38,655.50,396.92,593.29,450.92,567.65,421.38
630.31,366.96,652.49,392.03,590.24,447.10,568.06,422.02
630.43,366.89,653.04,392.93,589.76,447.85,567.15,421.81
629.99,366.64,652.90,392.21,590.46,448.15,567.55,422.57
630.08,366.67,652.94,392.72,590.57,447.46,567.70,421.40
630.08,366.67,652.94,392.72,590.00,447.96,567.14,421.90
630.31,366.96,655.96,395.96,593.22,451.46,567.56,422.46
630.04,366.58,652.96,392.16,590.46,448.15,567.55,422.57
630.37,366.90,652.99,392.47,590.68,447.59,568.06,422.02
629.99,366.64,652.51,391.78,590.07,447.71,567.55,422.57
629.49,367.08,652.01,392.22,590.63,447.21,568.11,422.07
629.86,367.38,652.06,392.96,589.36,447.39,567.15,421.81
630.37,367.02,652.55,392.16,590.31,447.08,568.13,421.95
630.36,366.78,652.82,394.18,582.90,451.49,560.44,424.10
630.36,366.78,652.82,394.18,582.41,451.90,559.95,424.50
630.04,366.58,652.04,391.13,590.04,446.67,568.05,422.12
631.08,367.38,652.85,393.02,588.96,447.26,567.19,421.63
631.68,366.85,653.63,394.29,582.90,450.88,560.95,423.44
632.08,366.78,653.65,394.05,581.24,451.33,559.67,424.05
632.83,366.98,657.37,398.13,585.60,454.68,561.06,423.53
633.10,367.01,654.48,394.37,581.22,451.61,559.85,424.24
632.72,367.07,654.03,392.64,585.77,449.52,564.46,423.95
632.58,366.90,653.90,391.53,589.33,447.41,568.02,422.77
632.75,366.98,654.03,392.13,588.90,447.24,567.62,422.09
632.98,367.10,657.45,396.95,587.42,454.35,562.95,424.50
633.04,367.09,654.17,392.25,586.44,449.15,565.31,423.98
633.08,367.01,654.46,394.25,582.43,450.77,561.06,423.52
633.24,367.48,654.06,392.55,589.55,446.11,568.73,421.04
633.69,367.39,654.69,394.70,580.70,451.61,559.70,424.31
632.95,366.99,654.30,393.37,583.42,450.75,562.07,424.38
632.74,366.89,654.13,392.56,589.11,446.74,567.72,421.07
632.92,367.74,654.02,394.94,582.80,450.22,561.69,423.02
633.10,367.01,654.48,394.37,582.33,450.74,560.95,423.38
633.14,366.77,654.63,394.33,581.17,451.59,559.68,424.03
633.40,367.36,654.51,394.56,581.06,451.56,559.95,424.36
633.25,367.30,654.23,392.48,588.62,447.15,567.64,421.97
632.98,366.88,654.46,394.25,581.81,451.25,560.33,423.88
633.13,367.56,654.03,392.64,588.62,447.15,567.72,422.07
633.00,367.30,654.35,396.18,579.22,451.71,557.88,422.83
632.14,366.88,653.62,395.39,579.36,451.35,557.88,422.84
632.14,366.88,656.52,399.23,582.25,455.20,557.87,422.85
631.47,366.50,652.60,393.43,579.46,450.81,558.33,423.88
631.57,366.51,652.63,394.05,578.95,450.39,557.89,422.85
631.70,366.24,652.94,394.69,577.76,450.81,556.52,422.36
630.97,366.00,652.45,394.37,578.00,450.74,556.52,422.36
630.84,365.84,652.92,394.88,578.60,451.40,556.52,422.37
630.69,365.96,652.77,394.99,578.60,451.40,556.52,422.37
631.26,365.73,653.18,394.28,579.45,450.92,557.52,422.37
630.06,364.56,653.38,393.82,580.22,452.13,556.90,422.88
629.30,364.92,652.47,390.50,589.76,447.29,566.59,421.71
629.81,365.40,652.54,391.03,589.29,447.12,566.56,421.48
629.87,365.46,652.55,391.09,589.24,447.10,566.56,421.46
629.80,365.52,652.44,391.11,589.20,447.05,566.56,421.46
629.87,365.46,652.55,391.09,589.24,447.10,566.56,421.46
629.50,365.82,652.44,395.01,579.83,452.06,556.90,422.87
629.74,365.46,652.47,391.03,588.79,447.63,566.06,422.06
629.86,364.98,652.71,394.18,579.85,451.20,557.00,422.00
629.69,364.85,652.33,393.26,579.54,451.28,556.90,422.88
630.24,365.47,652.71,394.18,579.91,451.16,557.43,422.44
630.67,365.70,652.85,394.33,579.63,451.05,557.45,422.42
630.77,366.10,652.48,394.37,579.23,450.64,557.52,422.37
631.28,365.47,653.33,394.06,579.57,450.96,557.52,422.37
631.24,365.47,657.11,398.53,584.30,455.50,558.43,422.44
635.12,358.74,658.97,387.44,581.28,452.01,557.43,423.31
645.03,354.86,667.09,383.45,579.52,451.00,557.46,422.41
631.75,364.29,654.22,393.00,579.99,451.10,557.51,422.38
629.73,366.09,652.09,394.77,579.87,451.06,557.52,422.38
629.62,365.95,650.65,392.84,578.55,449.26,557.51,422.38
628.09,366.34,652.11,396.59,581.53,452.64,557.51,422.39
625.62,366.86,647.41,393.58,579.29,449.11,557.51,422.40
625.01,367.55,646.70,394.24,579.20,449.09,557.51,422.40
623.48,367.95,645.60,394.74,579.62,449.20,557.51,422.41
622.48,367.95,644.60,394.74,578.62,449.20,556.51,422.41
621.07,367.39,647.70,398.63,583.48,453.37,556.85,422.13
620.44,367.89,651.19,403.37,587.69,458.41,556.93,422.92
620.93,367.46,644.82,395.02,577.59,453.29,553.70,425.73
620.50,366.96,644.39,394.53,577.16,452.80,553.27,425.23
620.50,366.96,644.39,394.53,576.66,453.23,552.77,425.66
619.82,366.57,643.78,393.30,577.60,452.63,553.64,425.91
618.32,365.88,643.31,393.22,578.10,452.81,553.11,425.46
617.79,365.40,646.53,396.31,581.83,456.48,553.09,425.57
615.06,364.98,642.04,392.47,580.01,453.38,553.02,425.89
613.89,364.00,641.96,391.07,581.52,453.75,553.45,426.68
612.27,362.47,641.92,389.97,582.59,453.95,552.94,426.46
611.11,361.52,645.88,392.57,587.70,457.73,552.93,426.68
610.10,361.46,641.46,388.90,584.28,454.25,552.92,426.81
609.61,361.03,641.47,388.97,584.21,454.24,552.36,426.29
609.04,360.46,641.49,388.35,584.79,454.31,552.34,426.42
609.59,360.89,641.95,389.20,584.71,454.62,552.35,426.31
609.55,360.96,641.90,389.41,584.57,454.61,552.22,426.16
609.13,360.53,641.49,388.43,584.14,454.95,551.78,427.05
610.43,361.95,647.01,391.09,593.96,457.68,557.38,428.54
615.64,366.22,646.01,391.34,584.94,465.18,554.58,440.07
617.72,366.48,654.31,396.58,594.74,469.00,558.15,438.90
624.36,371.97,662.43,403.69,599.64,479.03,561.57,447.31
630.80,377.47,661.57,403.32,595.38,482.12,564.61,456.27
635.00,391.00,664.57,424.27,595.37,485.79,565.79,452.52
637.86,394.60,676.18,426.08,614.21,501.53,575.89,470.05
643.51,389.61,677.05,416.44,607.68,503.15,574.15,476.32
650.20,396.98,685.60,425.12,615.22,513.66,579.82,485.52
657.38,405.64,695.61,435.27,622.80,529.22,584.57,499.59
664.84,412.86,709.59,451.38,625.21,549.42,580.45,510.90
671.05,428.34,716.56,469.38,630.94,564.30,585.44,523.26
675.80,421.90,720.17,454.92,640.97,561.31,596.60,528.28
688.84,433.41,731.80,466.46,653.96,567.66,610.99,534.61
700.11,442.47,745.41,477.95,673.70,569.52,628.40,534.05
643.79,446.17,722.68,449.65,718.54,543.38,639.65,539.90
714.22,452.42,757.96,487.13,690.11,572.62,646.37,537.91
711.98,451.12,757.63,484.60,693.57,571.95,647.92,538.47
639.00,465.00,751.00,465.00,751.00,578.00,639.00,578.00
712.22,451.27,757.45,485.94,690.83,572.83,645.61,538.17
712.22,451.27,756.82,485.46,689.83,572.83,645.24,538.65
714.87,452.84,757.31,488.57,685.79,573.50,643.35,537.77
714.04,452.96,756.36,488.76,684.63,573.53,642.31,537.72
713.61,453.49,756.04,490.07,683.58,574.12,641.15,537.54
712.30,453.52,754.74,489.25,683.79,573.50,641.35,537.77
711.63,453.22,753.91,488.34,683.23,573.42,640.95,538.30
710.78,453.02,753.04,488.02,682.34,573.40,640.07,538.40
710.85,452.84,752.77,488.00,681.43,573.07,639.50,537.90
711.10,452.54,753.03,487.70,681.43,573.07,639.50,537.90
711.11,452.62,752.40,487.61,680.41,572.55,639.12,537.56
710.81,452.86,751.74,487.84,679.22,572.67,638.30,537.69
697.45,451.48,710.84,494.97,633.61,518.74,620.23,475.24
698.03,453.02,710.75,495.80,631.02,519.51,618.30,476.72
697.01,449.77,712.67,501.66,626.26,527.75,610.60,475.86
711.02,452.52,750.91,489.56,673.48,572.95,633.59,535.90
697.28,451.63,711.55,495.22,629.90,521.96,615.62,478.38
697.90,451.71,710.28,496.81,630.49,518.71,618.11,473.62
711.52,452.90,750.48,489.61,677.83,566.71,638.87,529.99
711.07,452.46,749.45,488.70,684.94,557.00,646.56,520.76
637.00,452.00,751.00,452.00,751.00,567.00,637.00,567.00
712.61,451.85,750.72,499.03,683.31,553.48,645.20,506.30
620.00,454.00,737.00,454.00,737.00,572.00,620.00,572.00
696.14,441.80,745.62,481.19,698.38,540.55,648.89,501.16
703.00,443.00,748.50,488.50,685.50,551.50,640.00,506.00
678.85,435.56,738.28,466.74,700.87,538.06,641.44,506.89
678.89,434.58,738.70,465.96,697.56,544.37,637.75,513.00
696.18,437.98,746.34,479.79,681.10,558.08,630.93,516.28
671.76,433.40,733.35,460.34,697.96,541.23,636.37,514.29
668.84,433.16,731.03,458.60,695.52,545.39,633.34,519.96
675.76,432.61,735.16,462.78,695.00,541.84,635.60,511.67
702.07,443.45,744.32,478.35,698.21,534.17,655.95,499.27
671.73,432.26,732.99,460.53,696.69,539.17,635.43,510.89
669.85,432.70,731.36,459.20,695.91,541.49,634.40,514.99
672.82,432.57,733.31,460.93,693.27,546.35,632.78,517.99
695.11,437.34,744.66,479.46,680.98,554.38,631.43,512.26
701.50,440.50,746.50,485.50,671.50,560.50,626.50,515.50
700.50,441.50,745.50,486.50,671.00,561.00,626.00,516.00
685.73,438.38,739.46,476.76,686.96,550.26,633.23,511.88
689.85,442.33,739.45,485.32,671.91,563.26,622.30,520.26
606.00,443.00,715.00,443.00,715.00,553.00,606.00,553.00
569.00,480.00,678.00,480.00,678.00,540.00,569.00,540.00
557.00,468.00,673.00,468.00,673.00,540.00,557.00,540.00
551.00,456.00,662.00,456.00,662.00,540.00,551.00,540.00
627.32,438.71,673.96,517.55,579.24,573.58,532.61,494.74
541.22,428.11,646.68,434.92,640.23,534.98,534.76,528.18
616.14,429.67,658.39,522.98,551.92,571.19,509.67,477.89
608.40,418.43,655.88,518.15,552.05,567.60,504.56,467.88
527.00,410.00,626.00,410.00,626.00,504.00,527.00,504.00
598.66,396.94,650.81,471.44,555.50,538.15,503.36,463.65
592.18,387.24,653.97,472.34,559.62,540.84,497.84,455.74
589.71,385.80,642.87,483.25,543.87,537.25,490.71,439.80
592.49,381.72,621.47,483.15,519.51,512.28,490.53,410.85
607.82,383.63,609.04,467.88,509.15,469.33,507.93,385.07
607.13,382.64,608.36,467.89,506.12,469.38,504.89,384.12
605.84,383.65,607.06,467.91,505.09,469.39,503.87,385.13
592.37,381.77,612.52,466.40,510.09,490.79,489.94,406.16
595.08,381.49,609.27,466.62,507.43,483.59,493.24,398.46
587.27,379.80,632.44,458.09,530.83,516.71,485.67,438.42
590.62,381.14,614.25,468.93,512.44,496.34,488.80,408.55
503.00,384.00,605.00,384.00,605.00,468.00,503.00,468.00
585.98,380.28,628.39,437.10,534.48,507.18,492.08,450.36
586.18,379.32,622.29,426.99,528.84,497.79,492.73,450.12
596.26,372.93,631.75,420.72,531.09,495.45,495.61,447.66
595.95,372.98,631.67,420.36,529.76,497.18,494.05,449.80
594.31,373.16,630.10,420.41,527.27,498.31,491.47,451.07
596.10,373.05,631.58,420.84,527.37,498.21,491.89,450.42
596.11,372.86,631.46,419.76,530.69,495.73,495.33,448.83
595.61,372.82,631.85,419.24,528.90,499.59,492.66,453.16
595.73,372.87,631.42,419.15,527.85,499.01,492.16,452.73
595.48,372.76,631.52,418.32,528.37,499.92,492.33,454.35
594.73,373.18,652.86,445.63,552.62,526.07,494.49,453.62
595.48,372.76,631.52,418.32,526.78,501.17,490.74,455.61
595.20,372.56,631.59,417.71,525.81,502.96,489.43,457.81
595.29,372.37,631.68,417.85,526.44,502.05,490.05,456.56
593.37,370.65,631.72,415.85,532.77,499.80,494.43,454.61
596.07,372.48,638.24,425.95,532.44,509.40,490.27,455.93
595.01,371.62,640.61,425.15,538.55,512.08,492.96,458.56
595.17,372.56,643.70,431.08,540.90,516.32,492.38,457.81
595.12,374.18,636.25,423.18,541.12,503.03,500.00,454.04
594.74,375.53,635.39,425.59,532.88,508.81,492.23,458.74
594.39,374.41,632.82,419.53,534.58,503.21,496.15,458.09
593.89,372.00,637.56,415.08,544.18,509.72,500.51,466.64
594.23,370.49,639.07,414.01,554.83,500.81,509.99,457.28
606.77,372.88,623.62,453.79,514.04,476.62,497.19,395.71
594.41,367.45,641.50,409.44,559.41,501.48,512.33,459.48
594.85,366.95,651.92,417.85,570.28,509.38,513.21,458.49
607.19,371.96,624.62,459.08,522.88,479.42,505.46,392.31
594.64,366.29,652.44,413.89,574.79,508.18,516.99,460.58
608.56,372.08,623.73,455.50,528.51,472.82,513.34,389.39
613.93,372.36,623.48,459.52,528.65,469.92,519.10,382.76
613.04,372.29,623.62,459.34,528.72,470.89,518.13,383.84
594.81,366.21,651.52,415.83,570.62,508.29,513.91,458.67
595.18,366.33,651.07,415.65,567.81,510.01,511.92,460.69
594.73,366.31,650.63,413.61,570.26,508.60,514.36,461.30
603.85,369.20,634.96,446.30,536.64,485.97,505.53,408.87
603.68,369.92,634.74,445.55,536.68,485.83,505.62,410.19
603.99,369.53,635.03,446.48,538.43,485.46,507.38,408.51
603.17,368.07,636.07,444.83,540.00,486.00,507.10,409.24
603.95,367.31,635.95,445.02,539.28,484.83,507.28,407.12
602.54,366.40,635.72,445.22,539.74,485.64,506.56,406.82
602.03,366.40,634.89,445.81,539.49,485.28,506.64,405.87
605.12,365.90,634.88,447.35,536.97,483.13,507.21,401.67
602.03,365.20,635.72,445.22,539.38,485.79,505.69,405.76
606.86,365.38,635.54,446.90,536.39,481.79,507.71,400.27
603.43,364.91,634.69,446.20,534.91,484.57,503.65,403.29
608.20,365.60,635.80,448.40,535.90,481.70,508.30,398.90
608.62,365.68,635.58,447.98,534.65,481.04,507.69,398.74
608.30,365.90,635.50,447.50,535.90,480.70,508.70,399.10
604.60,365.53,634.68,446.62,535.39,483.45,505.31,402.37
606.27,365.30,635.67,446.96,536.41,482.69,507.01,401.04
605.18,365.06,634.78,447.28,539.70,481.51,510.10,399.28
603.40,364.20,637.82,445.02,536.36,488.24,501.94,407.42
605.58,365.40,635.22,448.67,543.91,481.17,514.27,397.90
607.77,365.59,635.56,455.14,538.27,485.33,510.48,395.78
609.69,366.29,636.52,455.74,539.37,484.89,512.53,395.44
610.39,365.94,636.67,457.16,539.10,485.28,512.81,394.05
611.96,366.34,636.69,459.08,538.16,485.36,513.43,392.62
610.14,362.62,642.79,445.73,546.04,483.73,513.39,400.63
614.56,367.84,637.19,464.82,541.44,487.16,518.81,390.18
614.67,367.21,637.20,465.36,541.56,487.31,519.04,389.16
611.53,360.16,647.08,443.63,548.22,485.74,512.67,402.27
612.17,360.93,646.86,447.66,548.76,486.90,514.07,400.17
612.51,362.47,645.66,447.69,549.24,485.18,516.10,399.96
615.86,367.65,636.98,466.74,541.06,487.18,519.94,388.10
616.18,369.16,636.41,464.08,542.40,484.11,522.17,389.19
612.62,361.77,645.84,446.98,548.41,484.96,515.19,399.76
613.00,362.19,645.79,450.74,547.73,487.06,514.93,398.51
612.34,362.05,645.50,447.11,548.20,485.04,515.04,399.98
613.94,364.21,642.89,456.85,545.01,487.43,516.06,394.79
612.30,361.35,646.48,446.11,548.56,485.60,514.38,400.83
612.41,362.64,644.51,449.16,547.72,485.07,515.62,398.54
615.31,368.76,642.73,454.05,550.35,483.75,522.93,398.45
613.20,363.45,644.38,450.06,548.10,484.72,516.92,398.11
612.56,362.16,645.07,448.85,547.97,485.26,515.47,398.58
614.48,368.40,644.99,448.31,548.02,485.34,517.51,405.42
610.51,362.48,644.02,447.78,547.09,485.86,513.58,400.56
612.64,362.38,645.19,449.18,548.10,485.59,515.55,398.79
612.23,361.83,645.96,447.86,547.33,486.54,513.59,400.51
611.95,361.48,646.56,447.26,548.13,486.98,513.52,401.19
610.48,359.83,649.14,443.82,548.96,489.94,510.29,405.94
611.31,360.72,647.57,445.33,548.60,487.74,512.34,403.14
614.79,367.72,638.26,469.97,539.66,492.60,516.19,390.35
610.61,361.67,645.37,451.47,547.27,489.44,512.51,399.64
605.48,358.30,648.29,437.23,548.39,491.41,505.58,412.48
609.32,364.57,640.28,460.04,545.25,490.86,514.29,395.39
609.24,364.92,639.68,461.31,545.01,491.21,514.57,394.82
608.22,364.31,639.31,460.43,545.22,490.87,514.13,394.75
608.77,365.32,638.63,461.91,544.61,490.97,514.76,394.38
608.19,364.94,638.92,462.24,544.87,491.93,514.15,394.64
606.41,364.52,639.18,460.11,547.27,491.62,514.50,396.03
606.60,364.46,640.04,459.76,544.77,493.19,511.33,397.88
601.82,359.83,646.18,439.97,543.35,496.89,498.99,416.76
606.49,364.63,639.30,461.42,546.94,492.73,514.13,395.94
606.06,364.57,639.39,461.24,547.16,493.05,513.82,396.37
606.20,364.88,639.40,461.29,547.15,493.05,513.96,396.64
601.31,358.78,647.18,437.62,545.26,496.92,499.39,418.08
600.67,358.64,647.03,436.87,546.24,496.60,499.88,418.37
606.21,364.15,639.85,458.95,546.88,491.94,513.24,397.14
601.18,359.44,646.59,438.16,545.82,496.29,500.41,417.57
600.73,358.86,646.84,437.70,546.13,496.60,500.01,417.77
600.68,359.06,646.71,437.77,546.87,496.17,500.83,417.46
605.98,364.19,640.66,459.58,545.76,494.09,511.07,398.70
606.05,364.13,639.85,458.77,546.91,491.96,513.11,397.32
606.10,364.57,639.50,461.60,544.57,494.28,511.17,397.25
606.34,364.71,639.76,458.61,547.69,491.38,514.27,397.48
605.67,363.77,639.95,458.81,547.08,492.30,512.80,397.27
599.80,357.98,647.68,434.02,545.80,498.16,497.93,422.12
606.59,364.94,639.30,461.44,546.08,493.04,513.37,396.54
600.64,358.87,647.05,437.30,547.13,496.43,500.72,418.00
606.61,364.94,638.90,460.28,546.73,491.49,514.44,396.16
600.58,358.42,647.86,434.67,547.03,497.18,499.76,420.93
