1
528.77,383.29,538.71,420.19,444.89,445.45,434.96,408.55
529.71,384.61,538.56,420.62,450.75,442.18,441.90,406.18
535.84,384.09,544.10,419.66,452.31,440.96,444.06,405.40
515.36,365.74,538.92,401.39,464.78,450.38,441.23,414.72
522.75,372.89,540.44,402.74,462.43,448.97,444.74,419.12
532.47,378.21,544.64,409.18,457.61,443.37,445.44,412.40
528.97,375.38,543.39,405.82,460.47,445.10,446.05,414.66
527.69,377.24,544.50,407.72,465.59,451.26,448.77,420.78
529.80,378.60,543.60,406.20,467.20,444.40,453.40,416.80
527.33,377.02,545.00,406.00,473.29,449.72,455.62,420.74
530.52,376.79,550.77,409.00,477.25,455.21,457.00,423.00
536.03,385.07,547.52,414.95,465.97,446.32,454.47,416.43
542.28,382.31,555.31,412.72,468.53,449.91,455.50,419.50
546.43,375.90,563.70,407.84,476.62,454.91,459.36,422.97
556.30,377.93,570.89,409.19,476.29,453.33,461.70,422.07
560.77,375.24,576.19,404.37,486.23,451.99,470.81,422.86
557.06,374.76,573.38,401.97,490.44,451.74,474.12,424.53
569.56,376.13,582.76,404.65,491.20,447.04,478.00,418.52
570.60,375.66,584.20,404.43,495.17,446.52,481.57,417.75
570.56,375.57,584.20,404.43,492.33,447.86,478.69,419.00
569.38,376.23,583.40,404.81,493.29,449.01,479.27,420.43
569.80,376.60,583.80,404.60,503.80,444.60,489.80,416.60
579.58,384.98,587.72,416.52,496.89,439.96,488.75,408.42
577.88,383.86,588.22,416.00,501.37,443.92,491.03,411.77
578.32,384.49,590.07,422.32,501.62,449.77,489.88,411.93
583.47,386.59,588.83,427.72,497.30,439.66,491.94,398.53
580.52,383.79,595.97,422.41,520.45,452.62,505.00,414.00
579.21,386.07,593.20,423.85,519.99,450.97,506.00,413.19
582.01,384.30,597.77,421.46,525.02,452.33,509.25,415.17
585.64,382.56,600.38,416.57,527.58,448.11,512.84,414.10
588.60,380.85,604.05,413.97,531.30,447.93,515.84,414.81
590.05,381.62,604.36,413.29,533.30,445.38,519.00,413.71
589.96,381.62,604.88,413.59,534.97,446.22,520.05,414.24
589.40,380.80,606.60,415.20,539.00,449.00,521.80,414.60
589.33,380.76,606.93,414.80,539.71,449.57,522.10,415.53
581.93,374.59,618.70,416.26,567.24,461.67,530.47,420.00
589.43,381.17,607.42,414.91,549.24,445.94,531.24,412.20
589.48,381.15,607.28,414.52,551.01,444.53,533.21,411.15
588.95,380.72,607.83,413.44,553.15,444.99,534.27,412.27
589.59,381.53,607.48,414.74,552.50,444.35,534.61,411.13
589.09,381.15,608.15,412.91,554.76,444.94,535.71,413.18
589.24,380.98,608.73,412.17,554.80,445.88,535.30,414.69
589.13,381.42,608.97,413.15,555.30,446.69,535.47,414.96
584.00,377.00,611.50,404.50,568.50,447.50,541.00,420.00
571.27,375.03,607.64,392.35,583.15,443.79,546.78,426.47
594.46,381.60,605.07,430.69,550.56,442.47,539.95,393.39
592.38,381.59,609.27,433.94,555.19,451.39,538.30,399.03
592.28,381.49,605.26,426.92,551.64,442.25,538.66,396.81
548.53,381.57,601.47,383.40,599.82,431.20,546.88,429.38
590.62,381.00,605.19,433.67,554.04,447.82,539.47,395.15
588.55,379.52,611.60,434.83,565.30,454.12,542.25,398.81
587.97,377.99,610.46,433.60,563.71,452.50,541.23,396.89
587.74,377.81,612.23,434.12,565.86,454.28,541.38,397.97
587.39,377.16,611.15,433.74,564.97,453.13,541.21,396.55
559.60,375.98,614.57,382.27,608.45,435.85,553.48,429.57
587.44,377.19,610.46,433.59,564.37,452.40,541.35,396.00
587.95,377.51,604.47,432.56,561.44,445.47,544.93,390.42
558.67,376.27,612.24,381.62,606.88,435.19,553.32,429.83
563.15,376.68,604.09,381.23,598.48,431.72,557.54,427.17
587.83,377.42,606.08,433.32,566.58,446.22,548.33,390.32
587.64,377.30,608.50,434.08,567.59,449.11,546.73,392.32
586.56,377.30,603.19,431.63,559.51,445.01,542.88,390.67
586.62,378.84,595.60,430.14,560.33,436.32,551.35,385.01
574.99,378.69,596.06,426.70,560.69,442.23,539.61,394.22
572.80,376.24,596.01,426.53,561.20,442.60,537.99,392.31
566.89,377.21,596.15,424.48,564.55,444.04,535.29,396.77
565.06,377.01,596.11,424.78,565.49,444.68,534.44,396.91
560.89,377.52,603.49,392.86,585.71,442.25,543.11,426.92
563.17,378.45,595.62,423.65,558.65,450.20,526.20,404.99
562.22,378.61,595.90,423.90,559.70,450.81,526.03,405.52
556.29,379.01,594.28,420.93,562.56,449.68,524.57,407.77
550.99,380.39,585.64,425.43,557.46,447.10,522.82,402.06
546.07,382.56,595.34,419.20,572.12,450.42,522.85,413.79
542.12,382.13,594.08,420.54,572.57,449.64,520.61,411.23
542.92,381.11,577.23,424.45,553.69,443.08,519.38,399.74
540.50,381.65,592.60,420.45,570.94,449.53,518.84,410.73
540.10,381.84,590.48,419.36,568.82,448.44,518.44,410.92
540.26,381.96,590.48,419.36,568.46,448.92,518.25,411.52
540.42,381.95,591.50,422.58,566.57,453.91,515.50,413.28
539.60,382.11,594.71,412.73,573.10,451.61,518.00,421.00
525.00,383.00,557.00,383.00,557.00,433.00,525.00,433.00
540.85,381.47,582.36,426.75,550.75,455.73,509.24,410.45
540.97,381.36,579.08,427.10,547.11,453.74,509.00,408.00
544.62,381.41,557.00,433.00,527.76,440.02,515.38,388.43
543.42,382.12,552.88,429.42,524.81,435.04,515.35,387.73
542.39,379.08,552.92,429.39,523.91,435.46,513.38,385.15
541.38,376.60,552.96,429.35,522.52,436.03,510.94,383.28
542.15,375.77,552.88,429.42,521.15,435.77,510.42,382.12
541.14,374.95,552.13,428.49,520.09,435.06,509.11,381.52
541.24,375.29,547.41,429.59,517.93,432.94,511.75,378.64
541.63,375.67,544.87,430.77,516.32,432.45,513.08,377.35
543.71,375.73,545.42,430.33,516.41,431.24,514.71,376.63
541.81,375.55,545.95,429.31,516.43,431.58,512.29,377.82
516.00,376.00,545.00,376.00,545.00,431.00,516.00,431.00
541.81,375.55,546.02,430.31,516.28,432.59,512.06,377.84
542.57,375.73,545.85,431.48,516.83,433.19,513.56,377.44
516.00,377.00,545.00,377.00,545.00,432.00,516.00,432.00
541.33,374.90,552.28,428.06,520.22,434.66,509.28,381.50
541.36,375.05,552.87,427.99,522.19,434.66,510.68,381.72
542.00,375.83,552.22,428.43,522.75,434.16,512.53,381.56
543.56,374.84,553.06,428.69,522.49,434.09,512.98,380.24
522.88,373.87,553.58,375.79,550.15,430.63,519.46,428.72
547.72,374.33,552.00,430.00,519.96,432.46,515.68,376.79
547.72,374.41,551.93,429.08,520.58,431.49,516.37,376.82
549.76,373.75,551.44,432.33,519.38,433.25,517.70,374.67
521.62,372.64,553.68,374.78,549.77,433.52,517.71,431.38
530.22,369.27,561.50,378.65,543.42,438.93,512.14,429.54
534.53,368.28,565.01,380.83,540.88,439.42,510.41,426.87
544.15,370.40,570.21,389.71,530.30,443.59,504.23,424.28
544.77,370.03,570.70,389.71,529.51,444.01,503.58,424.33
545.27,370.53,570.51,389.04,526.66,448.82,501.43,430.32
542.47,369.88,569.53,386.12,529.29,453.18,502.24,436.94
538.80,371.40,566.80,385.40,532.60,453.80,504.60,439.80
544.69,370.88,570.60,387.80,527.65,453.57,501.74,436.65
533.90,369.30,566.00,380.00,541.40,453.80,509.30,443.10
544.19,371.14,572.46,387.18,534.87,453.41,506.60,437.37
542.60,374.80,576.20,391.60,544.40,455.20,510.80,438.40
550.67,373.47,578.30,391.66,537.10,454.21,509.47,436.02
557.44,373.95,586.46,397.17,539.24,456.20,510.22,432.98
574.09,371.72,585.45,427.48,520.35,440.74,509.00,384.98
567.59,370.90,603.26,404.03,548.20,463.33,512.53,430.20
569.18,370.58,599.90,399.18,544.37,458.83,513.65,430.23
569.70,370.98,599.94,399.27,544.71,458.31,514.47,430.02
570.19,369.36,606.84,402.47,552.49,462.64,515.84,429.53
570.25,370.37,606.15,403.80,551.48,462.52,515.57,429.09
570.75,369.84,606.63,403.32,552.36,461.47,516.48,427.98
569.19,371.40,600.04,399.96,548.39,455.73,517.55,427.17
568.09,371.47,604.90,404.72,554.84,460.14,518.03,426.90
566.03,373.55,593.29,421.26,536.97,453.45,509.71,405.74
557.57,375.49,582.84,393.96,543.02,448.44,517.75,429.97
546.77,375.66,575.81,389.07,549.59,445.89,520.55,432.48
550.95,378.98,594.41,421.35,554.73,462.04,511.27,419.67
549.00,379.00,590.50,420.50,552.00,459.00,510.50,417.50
564.09,377.42,575.27,427.72,529.85,437.81,518.67,387.52
549.64,379.15,579.17,427.28,542.07,450.05,512.54,401.92
549.95,379.28,575.69,426.07,538.76,446.38,513.02,399.59
527.00,381.00,555.00,381.00,555.00,436.00,527.00,436.00
553.49,380.69,555.81,436.47,526.90,437.67,524.58,381.89
526.12,380.29,554.41,381.21,552.57,438.34,524.28,437.43
550.25,381.55,554.43,439.97,526.71,441.95,522.54,383.53
525.00,381.00,552.00,381.00,552.00,442.00,525.00,442.00
524.00,380.00,552.00,380.00,552.00,442.00,524.00,442.00
546.83,378.29,557.22,438.01,527.85,443.11,517.46,383.40
524.00,381.00,552.00,381.00,552.00,441.00,524.00,441.00
543.47,378.88,557.65,435.59,529.18,442.71,515.00,386.00
545.78,379.30,554.98,437.53,526.84,441.97,517.64,383.74
548.75,380.42,551.41,439.07,523.83,440.33,521.17,381.67
542.80,378.40,560.20,430.60,525.10,442.30,507.70,390.10
520.00,381.00,550.00,381.00,550.00,440.00,520.00,440.00
536.13,378.91,560.78,392.26,532.82,443.86,508.18,430.51
524.45,378.54,559.30,384.87,548.85,442.34,514.00,436.00
523.70,377.78,558.89,383.65,549.19,441.86,514.00,436.00
543.23,379.35,557.53,428.39,514.91,440.82,500.60,391.78
540.69,378.06,571.23,398.91,535.76,450.86,505.22,430.00
544.29,378.09,571.85,399.74,531.28,451.37,503.73,429.71
547.90,377.55,573.67,399.20,526.47,455.39,500.70,433.74
549.69,377.97,573.83,400.09,523.69,454.80,499.55,432.67
551.70,376.94,577.78,401.16,525.85,457.08,499.77,432.86
552.85,376.97,576.41,399.65,522.95,455.17,499.39,432.48
553.34,376.48,582.46,404.48,528.56,460.54,499.44,432.54
553.10,376.47,578.03,399.05,525.88,456.63,500.95,434.05
557.46,377.48,574.33,426.89,506.48,450.05,489.61,400.65
557.50,377.50,581.00,401.00,528.00,454.00,504.50,430.50
572.67,376.21,585.81,426.98,515.35,445.20,502.21,394.43
567.36,379.42,581.42,427.23,515.75,446.54,501.69,398.74
568.79,378.94,591.75,422.31,522.42,459.01,499.46,415.64
571.62,381.12,584.61,426.98,515.71,446.50,502.72,400.65
572.42,381.13,593.83,421.56,524.54,458.24,503.14,417.81
571.57,380.81,598.48,413.70,535.31,465.38,508.40,432.49
575.75,381.90,593.63,422.43,523.19,453.50,505.31,412.98
574.75,382.06,600.35,411.81,539.75,463.96,514.15,434.20
578.36,383.45,595.80,421.24,526.94,453.03,509.49,415.23
581.10,383.78,603.39,414.82,538.52,461.40,516.23,430.35
586.15,380.61,606.82,409.55,539.57,457.59,518.89,428.65
592.45,379.44,611.26,408.24,539.30,455.24,520.49,426.44
595.52,378.19,613.92,406.93,540.73,453.77,522.34,425.02
595.43,377.92,619.61,416.02,545.97,462.75,521.80,424.65
596.24,378.60,614.06,407.90,542.84,451.19,525.03,421.88
604.66,381.62,606.22,433.90,532.15,436.11,530.59,383.83
596.35,378.44,615.10,408.68,544.73,452.31,525.98,422.07
596.25,378.45,619.95,416.23,549.83,460.23,526.13,422.45
595.80,378.16,614.83,408.85,545.18,452.03,526.15,421.34
595.72,378.37,613.94,407.09,544.07,451.44,525.84,422.72
604.22,381.93,607.61,430.19,532.38,435.46,529.00,387.21
596.53,378.42,615.09,408.96,543.59,452.42,525.03,421.88
598.06,380.74,606.73,429.26,536.67,441.77,528.01,393.25
595.59,379.11,618.99,412.68,550.99,460.07,527.59,426.50
597.33,379.18,620.74,409.91,554.04,460.73,530.62,430.00
597.98,376.86,617.74,400.28,546.38,460.49,526.62,437.07
601.38,375.11,621.78,398.91,547.99,462.15,527.59,438.35
603.49,371.99,623.53,392.90,550.36,463.03,530.32,442.11
610.00,374.00,628.52,397.82,548.28,460.22,529.76,436.41
619.60,379.20,632.20,404.40,552.20,444.40,539.60,419.20
622.02,378.65,633.77,403.70,552.52,441.79,540.78,416.73
624.52,378.56,638.92,410.07,558.28,446.93,543.88,415.43
626.00,379.00,639.50,410.50,558.16,445.36,544.66,413.86
626.29,378.81,639.97,410.08,561.60,444.36,547.92,413.10
625.89,378.96,639.64,410.13,564.14,443.44,550.38,412.27
626.18,378.76,640.13,409.65,564.87,443.64,550.92,412.75
626.35,379.13,640.13,409.65,565.70,443.26,551.92,412.75
625.54,378.84,640.06,408.90,568.41,443.49,553.90,413.43
625.57,378.85,640.03,408.98,568.32,443.41,553.85,413.27
625.75,379.24,640.03,408.98,566.30,444.38,552.02,414.63
626.14,379.05,640.42,408.80,566.30,444.38,552.02,414.63
625.88,378.96,640.74,407.69,567.61,445.51,552.75,416.78
626.60,377.89,642.17,405.91,569.75,446.14,554.18,418.12
626.54,377.14,642.76,404.60,572.18,446.30,555.95,418.85
627.30,375.24,644.81,402.48,574.30,447.81,556.79,420.56
628.39,372.90,646.94,399.11,575.47,449.68,556.92,423.47
630.31,369.85,649.35,395.88,577.09,448.73,558.05,422.70
631.15,368.16,650.70,394.36,578.07,448.56,558.52,422.36
629.83,368.28,654.81,400.76,582.28,456.56,557.29,424.08
629.80,367.54,651.17,395.33,578.15,451.50,556.78,423.71
632.93,365.99,652.87,392.31,576.86,449.89,556.92,423.58
631.28,368.34,652.35,396.72,579.12,451.10,558.04,422.71
630.16,369.17,651.26,397.59,577.86,452.09,556.75,423.67
630.80,368.69,652.23,397.56,578.18,452.53,556.75,423.67
629.03,368.13,651.11,396.84,580.12,451.45,558.03,422.74
630.21,367.15,652.34,395.48,580.54,451.58,558.41,423.24
629.45,368.63,651.18,397.32,579.77,451.42,558.04,422.73
631.39,366.31,653.74,395.36,579.26,452.64,556.92,423.60
629.03,368.13,651.41,397.23,579.78,452.32,557.41,423.23
629.03,368.13,651.41,397.23,580.85,451.50,558.47,422.41
630.13,367.21,652.28,395.56,579.94,452.08,557.79,423.73
631.39,368.76,652.61,397.47,579.22,451.71,558.00,423.00
631.41,368.76,652.62,397.60,579.26,451.55,558.05,422.70
630.82,368.40,652.41,397.33,578.51,452.48,556.92,423.55
631.39,369.06,652.46,397.87,579.12,451.51,558.05,422.70
632.04,368.58,653.11,397.40,579.12,451.51,558.05,422.70
631.46,367.92,653.06,396.85,579.63,451.65,558.04,422.72
631.53,368.07,653.02,396.58,579.89,451.71,558.40,423.21
631.61,368.09,653.07,396.99,579.98,451.26,558.52,422.36
630.86,367.90,652.77,393.90,589.12,447.56,567.21,421.57
630.96,368.00,652.51,393.65,589.26,446.78,567.71,421.13
631.42,367.49,652.95,392.61,589.62,446.89,568.09,421.78
630.22,367.42,652.22,392.48,590.06,447.03,568.07,421.96
630.85,367.99,652.38,393.11,589.62,446.89,568.09,421.78
632.39,367.16,653.94,394.43,582.61,450.81,561.05,423.54
631.87,368.55,653.12,396.60,580.60,451.55,559.35,423.50
632.52,366.50,654.22,392.24,588.91,447.31,567.21,421.57
633.15,367.11,654.40,392.91,588.50,447.18,567.25,421.38
632.39,366.04,654.54,393.50,583.43,450.85,561.28,423.39
630.69,368.89,651.98,394.14,590.79,445.73,569.50,420.48
630.27,368.40,651.98,394.14,586.11,449.67,564.41,423.93
630.28,368.57,651.91,394.32,590.13,446.21,568.50,420.46
630.05,369.01,651.71,396.41,581.61,451.81,559.95,424.41
630.74,368.85,652.12,396.09,582.43,450.77,561.06,423.52
630.68,367.85,652.63,395.29,581.90,451.88,559.95,424.44
630.47,366.70,653.02,394.20,582.99,451.60,560.44,424.10
630.36,366.95,652.63,392.65,586.16,450.26,563.89,424.56
629.55,367.03,652.07,392.17,590.07,447.71,567.55,422.57
629.87,366.46,652.45,391.99,589.70,447.49,567.12,421.97
629.99,366.64,652.95,392.27,590.52,448.20,567.55,422.57
630.62,366.86,652.81,394.07,583.22,450.80,561.04,423.60
630.04,366.58,652.43,391.57,589.94,447.56,567.55,422.57
630.15,366.61,653.01,392.66,590.00,447.96,567.14,421.90
629.49,367.08,652.46,392.72,590.52,448.20,567.55,422.57
629.99,366.64,652.37,391.62,590.49,447.06,568.11,422.07
630.37,366.90,652.51,391.93,589.70,447.49,567.56,422.46
629.81,366.46,652.33,391.43,590.06,447.59,567.55,422.63
630.28,367.02,652.48,392.60,589.36,447.39,567.15,421.81
630.15,366.61,653.01,392.66,590.00,447.96,567.14,421.90
630.04,366.58,652.56,391.72,590.07,447.71,567.55,422.57
629.99,366.64,652.90,392.21,590.46,448.15,567.55,422.57
630.04,366.58,652.43,391.57,589.94,447.56,567.55,422.57
629.75,367.06,652.56,393.59,585.20,451.50,562.39,424.96
629.99,366.64,652.51,391.78,590.07,447.71,567.55,422.57
629.86,367.38,652.10,393.01,589.96,446.94,567.73,421.31
629.58,367.10,652.00,392.65,590.12,446.95,567.70,421.40
630.68,366.76,653.09,395.33,581.33,451.63,558.91,423.07
630.77,366.80,653.14,395.89,580.27,451.95,557.89,422.86
630.47,366.70,652.61,393.71,582.09,451.51,559.95,424.50
631.08,367.38,652.85,393.02,588.96,447.26,567.19,421.63
631.99,366.71,653.97,395.72,580.02,451.74,558.04,422.73
632.21,366.77,653.81,394.88,580.12,451.49,558.52,423.37
632.92,366.99,654.41,394.96,580.38,451.83,558.89,423.85
633.08,367.01,654.46,394.25,581.33,451.63,559.95,424.39
633.14,366.88,654.62,395.39,579.88,451.71,558.40,423.21
632.75,366.98,654.03,392.13,588.90,447.24,567.62,422.09
632.75,366.98,654.03,392.13,588.90,447.24,567.62,422.09
632.98,366.88,654.46,394.25,581.81,451.25,560.33,423.88
633.05,367.28,654.11,392.46,587.52,448.15,566.47,422.97
633.20,367.40,654.36,394.61,581.12,451.58,559.95,424.37
633.15,367.38,654.05,392.46,589.03,446.64,568.13,421.56
633.42,367.36,654.53,394.68,582.07,450.68,560.95,423.35
632.94,367.09,654.18,392.77,585.60,449.49,564.36,423.80
632.17,367.31,653.51,392.45,588.96,447.26,567.61,422.12
632.60,367.39,653.98,394.63,581.81,451.25,560.44,424.01
633.72,367.24,654.84,395.66,579.52,451.62,558.40,423.19
633.51,366.93,654.85,395.80,579.39,451.58,558.04,422.71
633.40,367.36,654.51,394.56,581.06,451.56,559.95,424.36
633.32,367.28,654.35,392.99,588.30,447.03,567.27,421.33
633.50,367.36,654.62,395.39,580.35,451.36,559.23,423.33
632.94,366.90,654.26,392.58,588.56,447.12,567.24,421.44
633.20,366.88,654.67,395.79,578.87,452.10,557.40,423.19
632.71,366.40,654.20,394.49,579.89,451.32,558.40,423.22
632.03,367.00,653.15,395.43,578.64,450.78,557.52,422.36
631.44,366.36,652.66,394.00,578.92,450.64,557.70,423.00
631.68,366.53,652.67,394.79,577.52,450.62,556.52,422.36
631.55,366.36,652.79,394.95,577.64,450.78,556.40,422.19
630.97,366.00,652.57,394.53,578.12,450.89,556.52,422.36
631.03,366.00,652.98,395.55,577.99,451.26,556.04,421.71
630.69,365.96,652.77,394.99,578.60,451.40,556.52,422.37
630.66,365.96,652.70,394.65,579.45,450.92,557.40,422.23
629.69,364.85,653.01,394.11,580.22,452.13,556.90,422.88
629.80,365.40,652.53,390.97,589.34,447.14,566.61,421.57
629.74,365.45,652.43,391.04,589.25,447.06,566.56,421.48
629.80,365.40,652.48,390.91,589.29,447.08,566.61,421.57
629.80,365.52,652.44,391.11,589.20,447.05,566.56,421.46
629.92,364.57,652.89,390.10,589.52,447.13,566.55,421.61
630.28,365.47,653.10,395.06,579.34,451.96,556.52,422.37
629.38,364.97,652.41,390.60,586.44,449.86,563.41,424.23
630.28,365.47,653.10,395.06,579.34,451.96,556.52,422.37
630.10,365.57,652.28,393.91,579.07,451.20,556.89,422.87
630.12,365.33,652.40,393.69,579.79,450.74,557.51,422.38
630.77,366.10,652.48,394.37,579.23,450.64,557.52,422.37
630.79,365.84,652.61,394.13,579.33,450.66,557.52,422.37
630.92,365.99,652.85,394.54,579.45,450.92,557.52,422.37
630.75,365.85,652.84,394.08,580.61,450.61,558.51,422.38
636.26,357.87,659.60,386.36,580.36,451.29,557.02,422.80
646.14,354.00,667.59,381.80,578.91,450.21,557.46,422.41
631.87,364.42,653.57,392.26,579.21,450.22,557.52,422.38
629.73,366.09,652.09,394.77,579.87,451.06,557.52,422.38
629.14,366.33,651.64,395.20,579.91,451.11,557.41,422.24
628.08,366.57,650.86,395.38,580.30,451.19,557.51,422.38
625.61,367.06,647.30,393.76,579.20,449.09,557.51,422.40
625.01,367.55,646.70,394.24,579.20,449.09,557.51,422.40
623.48,367.95,645.60,394.74,579.62,449.20,557.51,422.41
622.59,367.86,645.02,395.05,578.94,449.59,556.51,422.41
621.54,367.87,649.30,400.97,584.27,455.51,556.51,422.41
620.45,366.96,649.85,400.40,586.28,456.30,556.88,422.86
621.01,367.39,646.94,397.32,579.63,455.65,553.70,425.73
620.98,367.46,644.40,394.93,576.73,452.62,553.31,425.15
620.50,366.96,644.39,394.53,576.66,453.23,552.77,425.66
619.88,366.52,643.84,393.25,577.60,452.63,553.64,425.91
618.37,365.93,643.31,393.26,577.56,453.25,552.62,425.91
617.84,365.44,646.54,396.35,581.30,456.94,552.59,426.02
615.56,364.49,642.54,391.98,580.01,453.38,553.02,425.89
613.94,364.00,641.99,391.52,581.02,453.64,552.98,426.11
612.19,362.47,641.92,390.00,582.67,453.99,552.94,426.46
611.11,361.52,645.82,392.52,587.64,457.68,552.93,426.68
610.53,360.96,641.89,388.41,584.28,454.25,552.92,426.81
609.96,360.47,641.82,388.35,584.21,454.19,552.35,426.31
609.67,360.96,641.53,388.90,584.21,454.24,552.36,426.29
609.61,361.03,641.89,389.34,584.64,454.61,552.36,426.29
609.13,360.53,641.91,388.78,585.12,454.66,552.34,426.40
609.04,360.46,641.49,388.35,584.22,454.96,551.78,427.07
610.45,361.95,643.63,388.60,590.34,454.94,557.16,428.29
615.81,366.02,645.79,390.81,588.89,459.62,558.91,434.83
617.69,366.76,654.08,396.96,594.39,468.89,558.00,438.70
624.29,372.06,662.36,403.91,599.51,479.02,561.45,447.17
630.72,377.48,661.29,402.65,595.82,482.15,565.26,456.98
636.39,384.45,669.48,414.12,597.26,494.68,564.16,465.01
641.18,389.71,678.68,420.12,612.93,501.22,575.43,470.81
643.77,390.37,677.05,417.48,607.17,503.25,573.89,476.13
649.92,397.12,686.18,426.22,614.34,515.73,578.08,486.63
657.35,405.39,696.35,435.62,622.94,530.33,583.94,500.11
664.43,412.51,709.61,451.48,625.08,549.49,579.89,510.52
669.56,429.99,716.06,471.94,631.49,565.70,584.99,523.75
676.34,422.23,719.76,454.92,640.14,560.69,596.72,528.00
687.96,432.54,731.24,464.72,654.87,567.42,611.59,535.24
700.51,442.19,745.16,476.85,673.51,569.13,628.87,534.46
642.81,454.48,720.24,457.15,717.29,542.60,639.86,539.93
714.05,452.66,757.81,487.53,690.37,572.17,646.61,537.30
709.78,450.26,756.61,482.56,695.40,571.31,648.57,539.02
712.63,452.05,757.22,486.24,691.20,572.35,646.61,538.17
713.31,452.52,757.06,487.22,688.87,573.21,645.12,538.51
712.00,451.57,756.59,485.75,689.83,572.83,645.24,538.65
711.76,453.92,755.19,489.00,687.15,573.24,643.72,538.16
714.98,455.00,755.96,490.77,683.60,573.69,642.62,537.92
713.80,453.09,755.89,489.27,683.26,573.75,641.18,537.57
712.03,453.63,754.54,489.31,683.48,573.98,640.97,538.29
711.10,453.63,753.46,488.69,683.36,573.40,640.99,538.34
711.01,453.46,753.03,488.73,681.90,573.48,639.87,538.21
710.65,452.94,752.52,487.49,681.95,572.98,640.09,538.43
711.56,452.96,753.05,488.32,680.80,573.08,639.31,537.71
711.09,452.62,752.38,487.55,680.04,573.04,638.76,538.10
700.22,457.28,701.97,530.60,619.25,532.57,617.51,459.25
711.21,452.45,751.74,487.28,678.20,572.83,637.67,538.00
710.82,453.09,751.27,487.94,678.12,572.84,637.67,537.99
711.27,455.99,750.43,492.25,675.19,573.51,636.03,537.25
711.44,452.99,750.96,490.23,672.99,572.97,633.47,535.73
698.35,454.31,703.19,526.85,617.90,532.54,613.07,460.00
711.53,452.96,750.47,489.69,671.92,572.94,632.99,536.21
711.53,452.96,749.94,489.19,677.57,565.90,639.16,529.67
711.14,452.51,749.47,488.79,684.89,557.02,646.56,520.75
646.00,458.00,744.00,458.00,744.00,556.00,646.00,556.00
647.00,460.00,743.00,460.00,743.00,556.00,647.00,556.00
603.00,470.00,698.00,470.00,698.00,565.00,603.00,565.00
648.00,458.00,744.00,458.00,744.00,554.00,648.00,554.00
651.00,452.00,746.00,452.00,746.00,547.00,651.00,547.00
649.00,452.00,744.00,452.00,744.00,547.00,649.00,547.00
652.00,456.00,747.00,456.00,747.00,551.00,652.00,551.00
696.77,438.33,746.47,480.19,682.37,556.31,632.67,514.46
669.59,434.03,731.66,458.86,701.38,534.55,639.31,509.72
667.18,433.38,729.83,457.70,698.76,537.76,636.11,513.45
672.98,432.65,733.31,460.93,698.04,536.18,637.71,507.89
648.00,456.00,744.00,456.00,744.00,552.00,648.00,552.00
674.42,432.62,734.26,461.85,698.83,534.40,638.98,505.18
677.50,433.01,735.81,463.49,698.75,534.39,640.43,503.91
668.15,433.14,729.83,457.99,697.59,537.97,635.92,513.12
668.05,432.90,729.89,457.82,698.29,536.25,636.45,511.33
701.50,440.50,746.50,485.50,673.50,558.50,628.50,513.50
700.50,441.50,745.50,486.50,673.50,558.50,628.50,513.50
677.66,437.09,734.95,469.83,693.54,542.31,636.25,509.57
687.13,442.23,738.10,483.64,678.09,557.51,627.11,516.09
640.00,431.00,734.00,431.00,734.00,525.00,640.00,525.00
603.00,459.00,696.00,459.00,696.00,552.00,603.00,552.00
574.00,473.00,667.00,473.00,667.00,566.00,574.00,566.00
635.32,449.23,677.89,516.73,586.77,574.20,544.20,506.71
627.40,439.41,671.93,510.88,580.27,567.98,535.74,496.51
641.75,438.12,643.87,529.51,544.30,531.83,542.17,440.44
614.54,429.64,663.83,511.03,564.25,571.34,514.96,489.95
608.31,418.43,656.84,517.87,558.00,566.12,509.46,466.68
603.62,405.94,646.19,463.99,559.40,527.64,516.83,469.59
526.00,401.00,619.00,401.00,619.00,494.00,526.00,494.00
591.62,387.36,636.95,444.89,549.67,513.66,504.34,456.13
590.28,386.73,633.75,481.33,535.65,526.41,492.18,431.81
516.00,385.00,606.00,385.00,606.00,488.00,516.00,488.00
586.93,379.99,628.90,438.04,542.37,500.61,500.39,442.56
585.90,379.98,627.63,437.36,537.19,503.14,495.46,445.76
594.28,381.73,608.33,457.60,509.04,475.99,494.98,400.11
586.61,380.35,627.45,438.33,535.12,503.35,494.28,445.36
601.78,383.15,605.26,464.39,510.15,468.47,506.67,387.23
600.80,382.73,605.72,463.04,505.38,469.18,500.46,388.87
601.78,383.15,605.26,464.35,505.20,468.63,501.72,387.44
585.85,379.84,627.81,435.50,536.44,504.38,494.48,448.72
586.13,380.45,622.60,429.57,527.42,500.24,490.95,451.11
586.78,379.97,622.26,427.76,528.84,497.12,493.36,449.32
595.58,372.20,631.85,420.08,527.42,499.20,491.15,451.31
595.42,373.32,630.85,420.08,525.94,499.56,490.51,452.79
593.68,374.84,628.81,422.15,525.41,498.92,490.28,451.61
594.81,374.01,630.29,421.80,525.77,499.40,490.28,451.61
594.92,373.27,630.88,418.99,529.39,498.82,493.43,453.10
591.88,375.73,627.74,421.67,527.55,499.86,491.69,453.92
596.23,372.33,632.09,418.27,527.07,500.24,491.21,454.30
593.63,374.22,629.68,419.78,524.45,503.02,488.41,457.46
593.15,374.60,629.19,420.16,527.39,500.69,491.35,455.12
594.25,373.73,630.29,419.29,527.04,500.97,490.99,455.41
595.30,372.60,631.55,418.07,526.76,501.59,490.52,456.12
595.07,372.43,631.60,417.59,526.93,502.24,490.41,457.08
592.70,373.16,629.97,418.28,528.88,501.80,491.60,456.68
594.95,372.21,631.57,417.84,522.08,505.74,485.46,460.11
594.95,372.63,636.36,421.83,532.30,509.39,490.90,460.18
595.15,372.64,638.01,423.70,532.49,512.28,489.63,461.22
594.87,374.54,631.97,419.70,533.23,500.81,496.13,455.64
594.58,375.61,631.66,420.87,529.12,504.88,492.04,459.62
594.66,374.52,632.27,420.19,524.59,508.86,486.98,463.19
593.90,371.99,637.56,415.08,540.22,513.74,496.55,470.65
593.88,370.99,638.56,415.00,547.23,507.69,502.56,463.67
606.57,372.92,623.38,453.63,511.85,476.87,495.03,396.16
594.60,367.40,641.31,409.69,552.41,507.87,505.70,465.58
604.88,372.53,624.41,450.65,509.82,479.29,490.29,401.18
611.81,372.10,623.67,458.11,515.83,472.99,503.96,386.97
595.22,365.98,653.43,414.67,573.33,510.43,515.13,461.74
607.00,372.00,623.38,453.92,518.77,474.85,502.38,392.92
610.13,372.21,623.66,456.29,520.94,472.81,507.41,388.74
605.95,371.54,625.10,452.92,519.75,477.70,500.61,396.33
594.73,366.31,650.63,413.61,568.36,510.84,512.46,463.54
594.73,366.31,651.13,414.03,568.63,511.53,512.23,463.81
594.63,366.31,650.64,413.24,569.73,509.80,513.72,462.88
603.02,369.09,635.75,445.02,537.61,487.33,504.88,411.40
603.48,369.79,635.50,444.50,537.26,486.60,505.24,411.90
603.99,369.53,634.69,445.62,538.08,484.60,507.38,408.51
603.33,368.43,635.91,444.47,539.36,485.84,506.78,409.81
600.17,368.38,634.25,443.34,540.37,486.01,506.29,411.05
602.69,366.76,635.57,444.86,539.59,485.28,506.71,407.18
604.94,366.73,634.89,447.12,538.16,483.16,508.21,402.77
599.52,365.72,634.28,443.59,530.35,489.99,495.59,412.11
605.04,365.68,635.64,446.22,533.86,484.89,503.26,404.36
601.88,364.84,635.72,445.22,534.56,487.82,500.71,407.44
602.79,365.39,634.69,445.83,525.43,489.16,493.53,408.72
595.40,365.35,634.87,441.47,528.22,496.78,488.74,420.65
599.32,364.54,635.41,443.67,531.05,491.27,494.96,412.14
597.78,365.09,635.30,442.91,535.32,491.11,497.80,413.29
597.38,365.00,634.52,443.57,538.24,489.09,501.10,410.52
604.11,364.96,634.81,446.82,534.75,484.34,504.05,402.48
606.27,365.30,635.67,446.96,538.50,481.94,509.10,400.28
603.41,364.03,637.45,445.43,536.95,487.46,502.91,406.05
605.67,365.66,636.51,452.28,536.20,487.98,505.37,401.36
607.00,365.00,636.40,453.20,533.80,487.40,504.40,399.20
609.69,366.29,636.52,455.74,536.06,485.88,509.23,396.43
607.51,362.96,640.82,444.84,533.81,488.37,500.50,406.49
612.14,367.03,636.74,459.27,537.28,485.79,512.68,393.55
613.24,366.94,636.71,460.82,540.00,485.00,516.53,391.12
614.77,367.64,636.93,464.20,541.30,486.15,519.14,389.59
610.85,359.41,648.33,442.19,548.67,487.32,511.19,404.54
613.18,366.71,637.65,464.59,538.12,489.47,513.65,391.59
615.86,367.65,636.98,466.74,541.06,487.18,519.94,388.10
615.86,367.65,636.98,466.74,541.06,487.18,519.94,388.10
611.30,360.45,646.95,445.13,549.27,486.26,513.61,401.58
614.00,363.73,643.73,455.62,546.02,487.23,516.29,395.35
615.77,368.30,636.87,465.70,541.06,486.45,519.96,389.06
613.93,364.05,642.70,457.22,539.50,489.10,510.73,395.92
611.45,360.89,646.85,444.56,548.69,486.09,513.29,402.42
613.38,364.40,641.83,457.88,539.45,489.04,511.00,395.57
608.71,363.23,641.71,451.23,544.51,487.68,511.51,399.68
612.23,361.74,645.47,447.21,547.84,485.17,514.61,399.71
612.11,361.96,644.74,448.97,548.85,484.93,516.22,397.92
612.34,362.15,645.79,447.30,548.83,485.39,515.38,400.24
610.09,361.48,644.65,446.33,547.61,485.86,513.04,401.02
612.13,361.70,645.84,446.78,547.37,485.80,513.66,400.72
608.93,362.83,642.86,447.66,547.34,485.86,513.41,401.03
612.14,361.62,646.07,448.01,547.78,486.62,513.84,400.24
612.22,362.10,644.82,450.10,546.52,486.51,513.93,398.51
610.27,361.96,644.48,449.03,547.05,487.30,512.84,400.24
608.78,358.80,649.71,439.34,549.67,490.19,508.74,409.64
610.95,360.88,647.21,445.48,548.60,487.74,512.34,403.14
614.72,367.42,638.26,469.97,539.66,492.60,516.13,390.05
608.63,359.81,648.33,441.96,548.46,490.23,508.76,408.08
610.25,363.43,643.31,456.60,546.53,490.94,513.47,397.77
609.62,365.12,640.16,461.84,545.21,491.83,514.66,395.11
609.24,364.92,639.68,461.31,545.01,491.21,514.57,394.82
608.43,364.89,639.34,460.42,545.22,490.87,514.32,395.34
607.18,363.48,640.72,455.74,546.54,489.99,512.99,397.73
607.83,365.14,638.92,461.69,545.82,491.67,514.73,395.12
606.76,364.71,639.34,459.74,547.17,491.34,514.59,396.31
606.60,364.46,640.04,459.76,545.08,493.08,511.64,397.78
606.10,364.57,639.49,461.57,544.56,494.25,511.17,397.25
606.10,364.57,639.49,461.57,544.56,494.25,511.17,397.25
606.46,364.63,639.20,461.11,546.88,492.43,514.14,395.95
605.79,364.09,640.04,459.05,548.05,492.23,513.80,397.27
600.68,358.71,647.06,436.52,544.52,497.65,498.14,419.84
606.19,364.85,639.50,461.60,543.68,494.59,510.37,397.84
600.43,357.90,647.42,435.21,539.90,500.57,492.90,423.26
600.71,359.10,646.92,436.61,544.52,497.65,498.31,420.14
600.67,359.30,646.52,438.77,542.75,498.64,496.91,419.17
600.64,358.87,646.97,437.16,545.57,497.17,499.24,418.88
582.99,354.61,652.63,399.25,577.49,516.47,507.85,471.83
600.53,358.80,647.18,437.05,544.78,498.09,498.14,419.84
600.67,358.64,647.29,437.31,543.98,498.53,497.36,419.86
600.43,357.90,647.96,436.10,547.01,497.47,499.47,419.26
600.03,358.14,647.75,435.11,546.48,497.90,498.76,420.93
600.76,358.77,647.47,437.61,545.94,497.78,499.22,418.94
600.27,358.36,647.44,437.49,546.08,497.91,498.91,418.78
600.53,358.80,647.44,437.49,541.36,500.73,494.45,422.04
600.69,358.50,648.00,435.38,545.68,498.35,498.36,421.47
599.97,358.78,646.88,435.97,548.12,496.01,501.20,418.82
