1
267.00,84.00,300.00,84.00,300.00,137.00,267.00,137.00
263.00,80.00,298.00,80.00,298.00,134.00,263.00,134.00
256.00,80.00,291.00,80.00,291.00,135.00,256.00,135.00
248.00,71.00,284.00,71.00,284.00,127.00,248.00,127.00
243.00,67.00,279.00,67.00,279.00,123.00,243.00,123.00
246.00,62.00,282.00,62.00,282.00,118.00,246.00,118.00
247.00,64.00,283.00,64.00,283.00,120.00,247.00,120.00
242.00,63.00,278.00,63.00,278.00,119.00,242.00,119.00
260.00,70.00,296.00,70.00,296.00,126.00,260.00,126.00
261.00,72.00,293.00,72.00,293.00,124.00,261.00,124.00
260.00,71.00,293.00,71.00,293.00,122.00,260.00,122.00
258.00,70.00,293.00,70.00,293.00,121.00,258.00,121.00
255.00,69.00,291.00,69.00,291.00,121.00,255.00,121.00
253.00,74.00,287.00,74.00,287.00,125.00,253.00,125.00
251.00,74.00,284.00,74.00,284.00,125.00,251.00,125.00
245.00,75.00,278.00,75.00,278.00,124.00,245.00,124.00
242.00,74.00,278.00,74.00,278.00,129.00,242.00,129.00
242.00,71.00,277.00,71.00,277.00,125.00,242.00,125.00
2
0
0
0
0
1
241.00,73.00,270.00,73.00,270.00,132.00,241.00,132.00
238.00,73.00,271.00,73.00,271.00,130.00,238.00,130.00
239.00,74.00,272.00,74.00,272.00,131.00,239.00,131.00
240.00,76.00,272.00,76.00,272.00,137.00,240.00,137.00
240.00,75.00,272.00,75.00,272.00,138.00,240.00,138.00
242.00,73.00,272.00,73.00,272.00,137.00,242.00,137.00
244.00,66.00,272.00,66.00,272.00,127.00,244.00,127.00
243.00,64.00,270.00,64.00,270.00,127.00,243.00,127.00
240.00,63.00,267.00,63.00,267.00,125.00,240.00,125.00
238.00,62.00,264.00,62.00,264.00,121.00,238.00,121.00
231.00,64.00,258.00,64.00,258.00,126.00,231.00,126.00
224.00,68.00,254.00,68.00,254.00,134.00,224.00,134.00
223.00,67.00,253.00,67.00,253.00,133.00,223.00,133.00
222.00,67.00,254.00,67.00,254.00,130.00,222.00,130.00
224.00,68.00,256.00,68.00,256.00,125.00,224.00,125.00
223.00,70.00,257.00,70.00,257.00,129.00,223.00,129.00
223.00,70.00,258.00,70.00,258.00,131.00,223.00,131.00
224.00,75.00,257.00,75.00,257.00,138.00,224.00,138.00
223.00,79.00,255.00,79.00,255.00,144.00,223.00,144.00
225.00,78.00,256.00,78.00,256.00,144.00,225.00,144.00
231.00,74.00,259.00,74.00,259.00,141.00,231.00,141.00
232.00,77.00,260.00,77.00,260.00,146.00,232.00,146.00
235.00,77.00,261.00,77.00,261.00,141.00,235.00,141.00
237.00,76.00,264.00,76.00,264.00,139.00,237.00,139.00
236.00,78.00,264.00,78.00,264.00,144.00,236.00,144.00
235.00,83.00,265.00,83.00,265.00,148.00,235.00,148.00
238.00,80.00,268.00,80.00,268.00,146.00,238.00,146.00
237.00,86.00,271.00,86.00,271.00,148.00,237.00,148.00
237.00,88.00,269.00,88.00,269.00,148.00,237.00,148.00
230.00,78.00,263.00,78.00,263.00,138.00,230.00,138.00
223.00,83.00,257.00,83.00,257.00,144.00,223.00,144.00
219.00,86.00,252.00,86.00,252.00,150.00,219.00,150.00
217.00,85.00,248.00,85.00,248.00,149.00,217.00,149.00
219.00,79.00,248.00,79.00,248.00,144.00,219.00,144.00
218.00,77.00,245.00,77.00,245.00,146.00,218.00,146.00
219.00,74.00,245.00,74.00,245.00,140.00,219.00,140.00
220.00,72.00,247.00,72.00,247.00,135.00,220.00,135.00
219.00,71.00,248.00,71.00,248.00,136.00,219.00,136.00
219.00,74.00,249.00,74.00,249.00,144.00,219.00,144.00
222.00,71.00,251.00,71.00,251.00,140.00,222.00,140.00
224.00,73.00,256.00,73.00,256.00,139.00,224.00,139.00
226.00,71.00,259.00,71.00,259.00,136.00,226.00,136.00
226.00,75.00,260.00,75.00,260.00,136.00,226.00,136.00
225.00,74.00,261.00,74.00,261.00,143.00,225.00,143.00
223.00,79.00,259.00,79.00,259.00,149.00,223.00,149.00
223.00,78.00,257.00,78.00,257.00,151.00,223.00,151.00
224.00,79.00,256.00,79.00,256.00,152.00,224.00,152.00
230.00,74.00,260.00,74.00,260.00,147.00,230.00,147.00
230.00,77.00,259.00,77.00,259.00,150.00,230.00,150.00
233.00,73.00,262.00,73.00,262.00,145.00,233.00,145.00
236.00,75.00,265.00,75.00,265.00,144.00,236.00,144.00
234.00,80.00,267.00,80.00,267.00,151.00,234.00,151.00
237.00,78.00,269.00,78.00,269.00,154.00,237.00,154.00
242.00,81.00,272.00,81.00,272.00,150.00,242.00,150.00
245.00,83.00,277.00,83.00,277.00,151.00,245.00,151.00
264.00,78.00,296.00,78.00,296.00,146.00,264.00,146.00
247.00,84.00,281.00,84.00,281.00,153.00,247.00,153.00
246.00,90.00,282.00,90.00,282.00,160.00,246.00,160.00
246.00,92.00,279.00,92.00,279.00,161.00,246.00,161.00
247.00,91.00,279.00,91.00,279.00,161.00,247.00,161.00
249.00,89.00,281.00,89.00,281.00,160.00,249.00,160.00
246.00,87.00,279.00,87.00,279.00,163.00,246.00,163.00
242.00,83.00,277.00,83.00,277.00,156.00,242.00,156.00
240.00,78.00,273.00,78.00,273.00,153.00,240.00,153.00
231.00,76.00,264.00,76.00,264.00,151.00,231.00,151.00
230.00,71.00,263.00,71.00,263.00,153.00,230.00,153.00
230.00,78.00,265.00,78.00,265.00,150.00,230.00,150.00
233.00,69.00,268.00,69.00,268.00,143.00,233.00,143.00
234.00,72.00,272.00,72.00,272.00,143.00,234.00,143.00
235.00,70.00,273.00,70.00,273.00,147.00,235.00,147.00
235.00,75.00,274.00,75.00,274.00,154.00,235.00,154.00
239.00,78.00,279.00,78.00,279.00,158.00,239.00,158.00
240.00,79.00,282.00,79.00,282.00,159.00,240.00,159.00
247.00,75.00,285.00,75.00,285.00,155.00,247.00,155.00
251.00,78.00,285.00,78.00,285.00,158.00,251.00,158.00
255.00,77.00,290.00,77.00,290.00,157.00,255.00,157.00
256.00,75.00,288.00,75.00,288.00,157.00,256.00,157.00
256.00,75.00,291.00,75.00,291.00,156.00,256.00,156.00
255.00,74.00,291.00,74.00,291.00,158.00,255.00,158.00
253.00,74.00,290.00,74.00,290.00,151.00,253.00,151.00
247.00,72.00,285.00,72.00,285.00,147.00,247.00,147.00
239.00,71.00,279.00,71.00,279.00,142.00,239.00,142.00
230.00,69.00,270.00,69.00,270.00,137.00,230.00,137.00
218.00,68.00,261.00,68.00,261.00,142.00,218.00,142.00
211.00,68.00,252.00,68.00,252.00,145.00,211.00,145.00
206.00,67.00,246.00,67.00,246.00,141.00,206.00,141.00
206.00,61.00,245.00,61.00,245.00,137.00,206.00,137.00
211.00,59.00,245.00,59.00,245.00,137.00,211.00,137.00
211.00,57.00,247.00,57.00,247.00,138.00,211.00,138.00
214.00,59.00,249.00,59.00,249.00,142.00,214.00,142.00
217.00,59.00,253.00,59.00,253.00,138.00,217.00,138.00
220.00,61.00,259.00,61.00,259.00,143.00,220.00,143.00
225.00,64.00,264.00,64.00,264.00,141.00,225.00,141.00
235.00,68.00,271.00,68.00,271.00,139.00,235.00,139.00
241.00,69.00,282.00,69.00,282.00,143.00,241.00,143.00
244.00,70.00,283.00,70.00,283.00,141.00,244.00,141.00
245.00,68.00,289.00,68.00,289.00,146.00,245.00,146.00
251.00,75.00,292.00,75.00,292.00,152.00,251.00,152.00
256.00,74.00,298.00,74.00,298.00,149.00,256.00,149.00
261.00,78.00,301.00,78.00,301.00,153.00,261.00,153.00
272.00,73.00,309.00,73.00,309.00,150.00,272.00,150.00
278.00,73.00,315.00,73.00,315.00,150.00,278.00,150.00
282.00,71.00,320.00,71.00,320.00,150.00,282.00,150.00
286.00,72.00,322.00,72.00,322.00,152.00,286.00,152.00
286.00,74.00,325.00,74.00,325.00,151.00,286.00,151.00
292.00,74.00,332.00,74.00,332.00,153.00,292.00,153.00
299.00,76.00,334.00,76.00,334.00,147.00,299.00,147.00
307.00,81.00,342.00,81.00,342.00,153.00,307.00,153.00
306.00,79.00,344.00,79.00,344.00,150.00,306.00,150.00
308.00,80.00,346.00,80.00,346.00,158.00,308.00,158.00
308.00,88.00,346.00,88.00,346.00,160.00,308.00,160.00
307.00,89.00,343.00,89.00,343.00,158.00,307.00,158.00
310.00,86.00,343.00,86.00,343.00,158.00,310.00,158.00
308.00,83.00,342.00,83.00,342.00,159.00,308.00,159.00
304.00,82.00,339.00,82.00,339.00,155.00,304.00,155.00
297.00,82.00,331.00,82.00,331.00,157.00,297.00,157.00
290.00,81.00,326.00,81.00,326.00,155.00,290.00,155.00
286.00,78.00,322.00,78.00,322.00,153.00,286.00,153.00
284.00,79.00,318.00,79.00,318.00,152.00,284.00,152.00
284.00,79.00,316.00,79.00,316.00,147.00,284.00,147.00
283.00,77.00,316.00,77.00,316.00,143.00,283.00,143.00
281.00,73.00,313.00,73.00,313.00,136.00,281.00,136.00
277.00,70.00,312.00,70.00,312.00,143.00,277.00,143.00
275.00,72.00,311.00,72.00,311.00,146.00,275.00,146.00
274.00,72.00,309.00,72.00,309.00,146.00,274.00,146.00
274.00,75.00,306.00,75.00,306.00,142.00,274.00,142.00
278.00,75.00,308.00,75.00,308.00,145.00,278.00,145.00
278.00,72.00,310.00,72.00,310.00,146.00,278.00,146.00
280.00,75.00,311.00,75.00,311.00,146.00,280.00,146.00
284.00,76.00,314.00,76.00,314.00,147.00,284.00,147.00
285.00,74.00,317.00,74.00,317.00,142.00,285.00,142.00
289.00,75.00,319.00,75.00,319.00,144.00,289.00,144.00
291.00,73.00,321.00,73.00,321.00,142.00,291.00,142.00
295.00,79.00,323.00,79.00,323.00,139.00,295.00,139.00
298.00,78.00,325.00,78.00,325.00,137.00,298.00,137.00
298.00,76.00,327.00,76.00,327.00,140.00,298.00,140.00
300.00,78.00,330.00,78.00,330.00,147.00,300.00,147.00
298.00,79.00,328.00,79.00,328.00,146.00,298.00,146.00
299.00,77.00,328.00,77.00,328.00,141.00,299.00,141.00
300.00,77.00,329.00,77.00,329.00,142.00,300.00,142.00
304.00,81.00,331.00,81.00,331.00,143.00,304.00,143.00
303.00,81.00,331.00,81.00,331.00,143.00,303.00,143.00
301.00,81.00,330.00,81.00,330.00,145.00,301.00,145.00
301.00,83.00,330.00,83.00,330.00,145.00,301.00,145.00
301.00,81.00,331.00,81.00,331.00,144.00,301.00,144.00
299.00,84.00,330.00,84.00,330.00,142.00,299.00,142.00
306.00,85.00,335.00,85.00,335.00,140.00,306.00,140.00
300.00,80.00,327.00,80.00,327.00,140.00,300.00,140.00
308.00,81.00,334.00,81.00,334.00,137.00,308.00,137.00
309.00,79.00,341.00,79.00,341.00,140.00,309.00,140.00
310.00,80.00,339.00,80.00,339.00,142.00,310.00,142.00
310.00,81.00,343.00,81.00,343.00,142.00,310.00,142.00
311.00,81.00,344.00,81.00,344.00,141.00,311.00,141.00
316.00,80.00,347.00,80.00,347.00,141.00,316.00,141.00
321.00,77.00,353.00,77.00,353.00,140.00,321.00,140.00
323.00,78.00,353.00,78.00,353.00,138.00,323.00,138.00
319.00,77.00,351.00,77.00,351.00,141.00,319.00,141.00
321.00,77.00,354.00,77.00,354.00,139.00,321.00,139.00
326.00,76.00,357.00,76.00,357.00,141.00,326.00,141.00
332.00,76.00,362.00,76.00,362.00,135.00,332.00,135.00
334.00,81.00,364.00,81.00,364.00,137.00,334.00,137.00
333.00,81.00,362.00,81.00,362.00,133.00,333.00,133.00
333.00,78.00,362.00,78.00,362.00,135.00,333.00,135.00
332.00,73.00,364.00,73.00,364.00,137.00,332.00,137.00
330.00,77.00,362.00,77.00,362.00,140.00,330.00,140.00
332.00,76.00,363.00,76.00,363.00,140.00,332.00,140.00
333.00,74.00,363.00,74.00,363.00,141.00,333.00,141.00
338.00,80.00,366.00,80.00,366.00,143.00,338.00,143.00
338.00,77.00,366.00,77.00,366.00,140.00,338.00,140.00
337.00,75.00,367.00,75.00,367.00,141.00,337.00,141.00
337.00,73.00,367.00,73.00,367.00,138.00,337.00,138.00
339.00,75.00,370.00,75.00,370.00,143.00,339.00,143.00
343.00,76.00,374.00,76.00,374.00,142.00,343.00,142.00
348.00,82.00,377.00,82.00,377.00,139.00,348.00,139.00
350.00,86.00,381.00,86.00,381.00,142.00,350.00,142.00
355.00,89.00,384.00,89.00,384.00,142.00,355.00,142.00
356.00,85.00,384.00,85.00,384.00,146.00,356.00,146.00
355.00,86.00,386.00,86.00,386.00,153.00,355.00,153.00
353.00,88.00,385.00,88.00,385.00,153.00,353.00,153.00
350.00,91.00,383.00,91.00,383.00,154.00,350.00,154.00
348.00,92.00,381.00,92.00,381.00,156.00,348.00,156.00
346.00,90.00,376.00,90.00,376.00,154.00,346.00,154.00
342.00,89.00,371.00,89.00,371.00,153.00,342.00,153.00
333.00,92.00,362.00,92.00,362.00,155.00,333.00,155.00
328.00,94.00,359.00,94.00,359.00,153.00,328.00,153.00
329.00,92.00,360.00,92.00,360.00,158.00,329.00,158.00
331.00,96.00,359.00,96.00,359.00,152.00,331.00,152.00
331.00,99.00,358.00,99.00,358.00,148.00,331.00,148.00
330.00,97.00,355.00,97.00,355.00,146.00,330.00,146.00
331.00,97.00,357.00,97.00,357.00,148.00,331.00,148.00
331.00,95.00,360.00,95.00,360.00,154.00,331.00,154.00
332.00,97.00,360.00,97.00,360.00,154.00,332.00,154.00
330.00,98.00,361.00,98.00,361.00,153.00,330.00,153.00
334.00,97.00,363.00,97.00,363.00,153.00,334.00,153.00
339.00,98.00,367.00,98.00,367.00,152.00,339.00,152.00
341.00,98.00,368.00,98.00,368.00,151.00,341.00,151.00
342.00,99.00,369.00,99.00,369.00,154.00,342.00,154.00
340.00,99.00,369.00,99.00,369.00,156.00,340.00,156.00
343.00,101.00,371.00,101.00,371.00,155.00,343.00,155.00
346.00,100.00,374.00,100.00,374.00,158.00,346.00,158.00
349.00,102.00,376.00,102.00,376.00,153.00,349.00,153.00
350.00,104.00,378.00,104.00,378.00,153.00,350.00,153.00
349.00,102.00,375.00,102.00,375.00,152.00,349.00,152.00
352.00,103.00,379.00,103.00,379.00,153.00,352.00,153.00
353.00,101.00,379.00,101.00,379.00,154.00,353.00,154.00
351.00,102.00,377.00,102.00,377.00,153.00,351.00,153.00
349.00,105.00,378.00,105.00,378.00,158.00,349.00,158.00
347.00,105.00,375.00,105.00,375.00,156.00,347.00,156.00
349.00,103.00,377.00,103.00,377.00,154.00,349.00,154.00
349.00,102.00,376.00,102.00,376.00,153.00,349.00,153.00
348.00,100.00,375.00,100.00,375.00,156.00,348.00,156.00
347.00,98.00,375.00,98.00,375.00,155.00,347.00,155.00
350.00,103.00,378.00,103.00,378.00,156.00,350.00,156.00
353.00,104.00,381.00,104.00,381.00,156.00,353.00,156.00
356.00,103.00,382.00,103.00,382.00,151.00,356.00,151.00
359.00,106.00,385.00,106.00,385.00,152.00,359.00,152.00
360.00,105.00,386.00,105.00,386.00,152.00,360.00,152.00
362.00,106.00,389.00,106.00,389.00,156.00,362.00,156.00
365.00,105.00,391.00,105.00,391.00,159.00,365.00,159.00
366.00,106.00,393.00,106.00,393.00,157.00,366.00,157.00
366.00,108.00,395.00,108.00,395.00,162.00,366.00,162.00
370.00,105.00,399.00,105.00,399.00,155.00,370.00,155.00
371.00,107.00,400.00,107.00,400.00,155.00,371.00,155.00
369.00,107.00,398.00,107.00,398.00,155.00,369.00,155.00
365.00,106.00,393.00,106.00,393.00,156.00,365.00,156.00
363.00,106.00,392.00,106.00,392.00,156.00,363.00,156.00
364.00,105.00,393.00,105.00,393.00,156.00,364.00,156.00
366.00,105.00,395.00,105.00,395.00,156.00,366.00,156.00
366.00,104.00,392.00,104.00,392.00,153.00,366.00,153.00
366.00,106.00,392.00,106.00,392.00,151.00,366.00,151.00
366.00,105.00,393.00,105.00,393.00,152.00,366.00,152.00
366.00,100.00,392.00,100.00,392.00,154.00,366.00,154.00
366.00,101.00,391.00,101.00,391.00,155.00,366.00,155.00
364.00,101.00,389.00,101.00,389.00,151.00,364.00,151.00
360.00,103.00,386.00,103.00,386.00,156.00,360.00,156.00
357.00,102.00,383.00,102.00,383.00,154.00,357.00,154.00
354.00,101.00,382.00,101.00,382.00,153.00,354.00,153.00
352.00,99.00,381.00,99.00,381.00,150.00,352.00,150.00
349.00,97.00,377.00,97.00,377.00,151.00,349.00,151.00
348.00,97.00,374.00,97.00,374.00,153.00,348.00,153.00
347.00,98.00,372.00,98.00,372.00,150.00,347.00,150.00
346.00,97.00,371.00,97.00,371.00,149.00,346.00,149.00
347.00,98.00,371.00,98.00,371.00,146.00,347.00,146.00
347.00,98.00,372.00,98.00,372.00,147.00,347.00,147.00
347.00,98.00,373.00,98.00,373.00,143.00,347.00,143.00
348.00,99.00,373.00,99.00,373.00,145.00,348.00,145.00
349.00,98.00,373.00,98.00,373.00,148.00,349.00,148.00
349.00,100.00,374.00,100.00,374.00,153.00,349.00,153.00
351.00,102.00,375.00,102.00,375.00,151.00,351.00,151.00
354.00,106.00,377.00,106.00,377.00,155.00,354.00,155.00
354.00,106.00,378.00,106.00,378.00,154.00,354.00,154.00
355.00,106.00,381.00,106.00,381.00,153.00,355.00,153.00
357.00,105.00,384.00,105.00,384.00,154.00,357.00,154.00
358.00,107.00,384.00,107.00,384.00,157.00,358.00,157.00
360.00,104.00,385.00,104.00,385.00,159.00,360.00,159.00
361.00,104.00,385.00,104.00,385.00,157.00,361.00,157.00
361.00,108.00,385.00,108.00,385.00,160.00,361.00,160.00
362.00,108.00,388.00,108.00,388.00,160.00,362.00,160.00
363.00,107.00,388.00,107.00,388.00,156.00,363.00,156.00
363.00,107.00,390.00,107.00,390.00,156.00,363.00,156.00
364.00,106.00,390.00,106.00,390.00,158.00,364.00,158.00
367.00,106.00,392.00,106.00,392.00,161.00,367.00,161.00
367.00,106.00,392.00,106.00,392.00,161.00,367.00,161.00
370.00,110.00,396.00,110.00,396.00,165.00,370.00,165.00
377.00,111.00,402.00,111.00,402.00,163.00,377.00,163.00
381.00,107.00,407.00,107.00,407.00,156.00,381.00,156.00
386.00,106.00,413.00,106.00,413.00,154.00,386.00,154.00
392.00,104.00,419.00,104.00,419.00,153.00,392.00,153.00
