1
266.00,83.00,300.00,83.00,300.00,137.00,266.00,137.00
262.00,77.00,298.00,77.00,298.00,133.00,262.00,133.00
256.00,82.00,292.00,82.00,292.00,138.00,256.00,138.00
246.00,68.00,282.00,68.00,282.00,124.00,246.00,124.00
237.00,61.00,273.00,61.00,273.00,117.00,237.00,117.00
2
0
0
0
0
1
258.00,65.00,291.00,65.00,291.00,125.00,258.00,125.00
256.00,64.00,290.00,64.00,290.00,125.00,256.00,125.00
253.00,68.00,286.00,68.00,286.00,130.00,253.00,130.00
250.00,69.00,283.00,69.00,283.00,134.00,250.00,134.00
245.00,72.00,278.00,72.00,278.00,133.00,245.00,133.00
241.00,78.00,274.00,78.00,274.00,135.00,241.00,135.00
243.00,69.00,274.00,69.00,274.00,131.00,243.00,131.00
238.00,72.00,267.00,72.00,267.00,133.00,238.00,133.00
236.00,69.00,266.00,69.00,266.00,131.00,236.00,131.00
235.00,69.00,267.00,69.00,267.00,134.00,235.00,134.00
235.00,78.00,266.00,78.00,266.00,139.00,235.00,139.00
237.00,76.00,268.00,76.00,268.00,137.00,237.00,137.00
240.00,76.00,270.00,76.00,270.00,134.00,240.00,134.00
238.00,73.00,270.00,73.00,270.00,132.00,238.00,132.00
237.00,70.00,272.00,70.00,272.00,132.00,237.00,132.00
239.00,70.00,274.00,70.00,274.00,133.00,239.00,133.00
240.00,71.00,274.00,71.00,274.00,137.00,240.00,137.00
240.00,73.00,274.00,73.00,274.00,139.00,240.00,139.00
241.00,73.00,274.00,73.00,274.00,137.00,241.00,137.00
241.00,69.00,274.00,69.00,274.00,134.00,241.00,134.00
237.00,70.00,270.00,70.00,270.00,136.00,237.00,136.00
236.00,68.00,269.00,68.00,269.00,134.00,236.00,134.00
230.00,62.00,264.00,62.00,264.00,129.00,230.00,129.00
225.00,64.00,259.00,64.00,259.00,134.00,225.00,134.00
222.00,65.00,256.00,65.00,256.00,133.00,222.00,133.00
222.00,67.00,254.00,67.00,254.00,134.00,222.00,134.00
221.00,65.00,254.00,65.00,254.00,133.00,221.00,133.00
224.00,65.00,256.00,65.00,256.00,130.00,224.00,130.00
224.00,66.00,260.00,66.00,260.00,132.00,224.00,132.00
222.00,67.00,261.00,67.00,261.00,136.00,222.00,136.00
223.00,71.00,259.00,71.00,259.00,140.00,223.00,140.00
222.00,79.00,259.00,79.00,259.00,148.00,222.00,148.00
224.00,81.00,259.00,81.00,259.00,149.00,224.00,149.00
226.00,79.00,263.00,79.00,263.00,143.00,226.00,143.00
228.00,81.00,262.00,81.00,262.00,148.00,228.00,148.00
230.00,82.00,263.00,82.00,263.00,148.00,230.00,148.00
231.00,83.00,265.00,83.00,265.00,149.00,231.00,149.00
232.00,80.00,267.00,80.00,267.00,148.00,232.00,148.00
234.00,84.00,269.00,84.00,269.00,150.00,234.00,150.00
236.00,81.00,269.00,81.00,269.00,150.00,236.00,150.00
237.00,82.00,272.00,82.00,272.00,148.00,237.00,148.00
235.00,82.00,273.00,82.00,273.00,149.00,235.00,149.00
229.00,78.00,267.00,78.00,267.00,147.00,229.00,147.00
222.00,80.00,260.00,80.00,260.00,150.00,222.00,150.00
219.00,85.00,256.00,85.00,256.00,155.00,219.00,155.00
216.00,84.00,252.00,84.00,252.00,153.00,216.00,153.00
214.00,85.00,250.00,85.00,250.00,152.00,214.00,152.00
214.00,84.00,249.00,84.00,249.00,153.00,214.00,153.00
215.00,78.00,250.00,78.00,250.00,149.00,215.00,149.00
215.00,74.00,250.00,74.00,250.00,146.00,215.00,146.00
213.00,75.00,250.00,75.00,250.00,145.00,213.00,145.00
215.00,75.00,253.00,75.00,253.00,144.00,215.00,144.00
218.00,75.00,253.00,75.00,253.00,146.00,218.00,146.00
222.00,75.00,256.00,75.00,256.00,145.00,222.00,145.00
226.00,76.00,263.00,76.00,263.00,144.00,226.00,144.00
225.00,75.00,264.00,75.00,264.00,142.00,225.00,142.00
224.00,74.00,264.00,74.00,264.00,147.00,224.00,147.00
224.00,78.00,263.00,78.00,263.00,150.00,224.00,150.00
222.00,86.00,262.00,86.00,262.00,158.00,222.00,158.00
221.00,84.00,262.00,84.00,262.00,158.00,221.00,158.00
245.00,78.00,281.00,78.00,281.00,149.00,245.00,149.00
230.00,84.00,270.00,84.00,270.00,159.00,230.00,159.00
230.00,82.00,269.00,82.00,269.00,156.00,230.00,156.00
228.00,76.00,271.00,76.00,271.00,152.00,228.00,152.00
228.00,79.00,273.00,79.00,273.00,151.00,228.00,151.00
235.00,82.00,276.00,82.00,276.00,155.00,235.00,155.00
240.00,82.00,278.00,82.00,278.00,155.00,240.00,155.00
246.00,84.00,286.00,84.00,286.00,157.00,246.00,157.00
246.00,83.00,289.00,83.00,289.00,157.00,246.00,157.00
244.00,81.00,283.00,81.00,283.00,157.00,244.00,157.00
248.00,87.00,288.00,87.00,288.00,161.00,248.00,161.00
247.00,90.00,289.00,90.00,289.00,167.00,247.00,167.00
246.00,93.00,287.00,93.00,287.00,166.00,246.00,166.00
246.00,95.00,288.00,95.00,288.00,165.00,246.00,165.00
243.00,94.00,287.00,94.00,287.00,166.00,243.00,166.00
243.00,92.00,285.00,92.00,285.00,163.00,243.00,163.00
233.00,82.00,277.00,82.00,277.00,156.00,233.00,156.00
229.00,80.00,273.00,80.00,273.00,152.00,229.00,152.00
229.00,79.00,269.00,79.00,269.00,154.00,229.00,154.00
231.00,84.00,271.00,84.00,271.00,156.00,231.00,156.00
231.00,70.00,274.00,70.00,274.00,149.00,231.00,149.00
236.00,74.00,282.00,74.00,282.00,149.00,236.00,149.00
234.00,72.00,281.00,72.00,281.00,151.00,234.00,151.00
237.00,75.00,280.00,75.00,280.00,157.00,237.00,157.00
241.00,82.00,285.00,82.00,285.00,163.00,241.00,163.00
242.00,82.00,288.00,82.00,288.00,160.00,242.00,160.00
245.00,82.00,289.00,82.00,289.00,157.00,245.00,157.00
248.00,86.00,292.00,86.00,292.00,161.00,248.00,161.00
253.00,86.00,295.00,86.00,295.00,162.00,253.00,162.00
254.00,83.00,296.00,83.00,296.00,160.00,254.00,160.00
253.00,81.00,298.00,81.00,298.00,156.00,253.00,156.00
255.00,79.00,299.00,79.00,299.00,159.00,255.00,159.00
252.00,77.00,297.00,77.00,297.00,156.00,252.00,156.00
247.00,74.00,292.00,74.00,292.00,149.00,247.00,149.00
244.00,74.00,287.00,74.00,287.00,148.00,244.00,148.00
229.00,66.00,279.00,66.00,279.00,144.00,229.00,144.00
218.00,67.00,267.00,67.00,267.00,147.00,218.00,147.00
212.00,67.00,257.00,67.00,257.00,148.00,212.00,148.00
208.00,68.00,251.00,68.00,251.00,144.00,208.00,144.00
206.00,67.00,249.00,67.00,249.00,139.00,206.00,139.00
204.00,62.00,251.00,62.00,251.00,140.00,204.00,140.00
211.00,65.00,253.00,65.00,253.00,143.00,211.00,143.00
217.00,64.00,259.00,64.00,259.00,144.00,217.00,144.00
221.00,66.00,264.00,66.00,264.00,144.00,221.00,144.00
220.00,65.00,265.00,65.00,265.00,142.00,220.00,142.00
227.00,66.00,270.00,66.00,270.00,144.00,227.00,144.00
236.00,65.00,275.00,65.00,275.00,139.00,236.00,139.00
238.00,69.00,283.00,69.00,283.00,143.00,238.00,143.00
244.00,70.00,290.00,70.00,290.00,143.00,244.00,143.00
247.00,73.00,294.00,73.00,294.00,149.00,247.00,149.00
255.00,77.00,298.00,77.00,298.00,152.00,255.00,152.00
257.00,79.00,301.00,79.00,301.00,153.00,257.00,153.00
262.00,84.00,304.00,84.00,304.00,156.00,262.00,156.00
267.00,79.00,311.00,79.00,311.00,152.00,267.00,152.00
277.00,79.00,318.00,79.00,318.00,152.00,277.00,152.00
283.00,79.00,323.00,79.00,323.00,153.00,283.00,153.00
284.00,74.00,326.00,74.00,326.00,152.00,284.00,152.00
287.00,76.00,329.00,76.00,329.00,151.00,287.00,151.00
294.00,81.00,333.00,81.00,333.00,151.00,294.00,151.00
298.00,78.00,336.00,78.00,336.00,150.00,298.00,150.00
306.00,81.00,344.00,81.00,344.00,158.00,306.00,158.00
306.00,80.00,347.00,80.00,347.00,154.00,306.00,154.00
309.00,87.00,349.00,87.00,349.00,160.00,309.00,160.00
310.00,89.00,348.00,89.00,348.00,160.00,310.00,160.00
308.00,93.00,346.00,93.00,346.00,160.00,308.00,160.00
310.00,88.00,349.00,88.00,349.00,156.00,310.00,156.00
306.00,91.00,344.00,91.00,344.00,160.00,306.00,160.00
304.00,91.00,340.00,91.00,340.00,157.00,304.00,157.00
298.00,85.00,334.00,85.00,334.00,156.00,298.00,156.00
290.00,83.00,327.00,83.00,327.00,151.00,290.00,151.00
287.00,84.00,324.00,84.00,324.00,150.00,287.00,150.00
284.00,80.00,319.00,80.00,319.00,151.00,284.00,151.00
283.00,80.00,316.00,80.00,316.00,151.00,283.00,151.00
284.00,81.00,319.00,81.00,319.00,142.00,284.00,142.00
280.00,76.00,315.00,76.00,315.00,138.00,280.00,138.00
278.00,78.00,313.00,78.00,313.00,142.00,278.00,142.00
275.00,78.00,311.00,78.00,311.00,144.00,275.00,144.00
275.00,83.00,309.00,83.00,309.00,147.00,275.00,147.00
272.00,85.00,308.00,85.00,308.00,145.00,272.00,145.00
277.00,87.00,310.00,87.00,310.00,143.00,277.00,143.00
278.00,81.00,313.00,81.00,313.00,142.00,278.00,142.00
278.00,80.00,315.00,80.00,315.00,144.00,278.00,144.00
280.00,81.00,316.00,81.00,316.00,146.00,280.00,146.00
283.00,79.00,321.00,79.00,321.00,145.00,283.00,145.00
287.00,79.00,321.00,79.00,321.00,145.00,287.00,145.00
287.00,73.00,321.00,73.00,321.00,145.00,287.00,145.00
290.00,77.00,325.00,77.00,325.00,141.00,290.00,141.00
289.00,75.00,325.00,75.00,325.00,138.00,289.00,138.00
293.00,76.00,329.00,76.00,329.00,140.00,293.00,140.00
296.00,77.00,330.00,77.00,330.00,144.00,296.00,144.00
298.00,81.00,332.00,81.00,332.00,145.00,298.00,145.00
296.00,85.00,331.00,85.00,331.00,144.00,296.00,144.00
297.00,84.00,332.00,84.00,332.00,143.00,297.00,143.00
299.00,86.00,334.00,86.00,334.00,142.00,299.00,142.00
300.00,87.00,335.00,87.00,335.00,144.00,300.00,144.00
302.00,88.00,335.00,88.00,335.00,145.00,302.00,145.00
297.00,84.00,332.00,84.00,332.00,142.00,297.00,142.00
298.00,83.00,333.00,83.00,333.00,141.00,298.00,141.00
291.00,86.00,330.00,86.00,330.00,144.00,291.00,144.00
298.00,86.00,336.00,86.00,336.00,143.00,298.00,143.00
295.00,82.00,333.00,82.00,333.00,138.00,295.00,138.00
305.00,83.00,344.00,83.00,344.00,140.00,305.00,140.00
309.00,83.00,347.00,83.00,347.00,140.00,309.00,140.00
308.00,85.00,346.00,85.00,346.00,142.00,308.00,142.00
309.00,88.00,345.00,88.00,345.00,143.00,309.00,143.00
308.00,89.00,347.00,89.00,347.00,144.00,308.00,144.00
316.00,87.00,355.00,87.00,355.00,141.00,316.00,141.00
319.00,83.00,356.00,83.00,356.00,142.00,319.00,142.00
322.00,81.00,357.00,81.00,357.00,142.00,322.00,142.00
320.00,80.00,356.00,80.00,356.00,139.00,320.00,139.00
321.00,85.00,357.00,85.00,357.00,139.00,321.00,139.00
327.00,80.00,361.00,80.00,361.00,139.00,327.00,139.00
330.00,80.00,363.00,80.00,363.00,137.00,330.00,137.00
330.00,82.00,366.00,82.00,366.00,138.00,330.00,138.00
332.00,80.00,370.00,80.00,370.00,138.00,332.00,138.00
333.00,80.00,369.00,80.00,369.00,137.00,333.00,137.00
332.00,80.00,366.00,80.00,366.00,140.00,332.00,140.00
331.00,80.00,365.00,80.00,365.00,139.00,331.00,139.00
330.00,81.00,366.00,81.00,366.00,139.00,330.00,139.00
332.00,83.00,367.00,83.00,367.00,141.00,332.00,141.00
337.00,84.00,370.00,84.00,370.00,139.00,337.00,139.00
337.00,82.00,370.00,82.00,370.00,138.00,337.00,138.00
339.00,85.00,371.00,85.00,371.00,140.00,339.00,140.00
337.00,79.00,370.00,79.00,370.00,138.00,337.00,138.00
339.00,77.00,372.00,77.00,372.00,139.00,339.00,139.00
338.00,83.00,375.00,83.00,375.00,145.00,338.00,145.00
340.00,82.00,377.00,82.00,377.00,145.00,340.00,145.00
343.00,83.00,381.00,83.00,381.00,143.00,343.00,143.00
347.00,80.00,384.00,80.00,384.00,143.00,347.00,143.00
351.00,86.00,386.00,86.00,386.00,150.00,351.00,150.00
352.00,88.00,387.00,88.00,387.00,152.00,352.00,152.00
350.00,92.00,388.00,92.00,388.00,152.00,350.00,152.00
348.00,99.00,387.00,99.00,387.00,156.00,348.00,156.00
346.00,102.00,383.00,102.00,383.00,160.00,346.00,160.00
345.00,97.00,382.00,97.00,382.00,157.00,345.00,157.00
342.00,99.00,376.00,99.00,376.00,156.00,342.00,156.00
331.00,95.00,366.00,95.00,366.00,155.00,331.00,155.00
329.00,99.00,363.00,99.00,363.00,154.00,329.00,154.00
329.00,99.00,361.00,99.00,361.00,157.00,329.00,157.00
329.00,99.00,361.00,99.00,361.00,156.00,329.00,156.00
326.00,98.00,362.00,98.00,362.00,153.00,326.00,153.00
327.00,97.00,360.00,97.00,360.00,152.00,327.00,152.00
328.00,96.00,359.00,96.00,359.00,153.00,328.00,153.00
331.00,97.00,362.00,97.00,362.00,155.00,331.00,155.00
329.00,97.00,360.00,97.00,360.00,156.00,329.00,156.00
329.00,102.00,364.00,102.00,364.00,158.00,329.00,158.00
334.00,102.00,367.00,102.00,367.00,154.00,334.00,154.00
338.00,106.00,371.00,106.00,371.00,155.00,338.00,155.00
342.00,105.00,375.00,105.00,375.00,155.00,342.00,155.00
343.00,106.00,375.00,106.00,375.00,158.00,343.00,158.00
342.00,103.00,373.00,103.00,373.00,157.00,342.00,157.00
342.00,105.00,374.00,105.00,374.00,157.00,342.00,157.00
346.00,105.00,377.00,105.00,377.00,158.00,346.00,158.00
348.00,105.00,381.00,105.00,381.00,158.00,348.00,158.00
347.00,103.00,381.00,103.00,381.00,158.00,347.00,158.00
347.00,101.00,378.00,101.00,378.00,157.00,347.00,157.00
348.00,99.00,380.00,99.00,380.00,157.00,348.00,157.00
352.00,104.00,383.00,104.00,383.00,159.00,352.00,159.00
350.00,105.00,381.00,105.00,381.00,158.00,350.00,158.00
347.00,104.00,380.00,104.00,380.00,159.00,347.00,159.00
346.00,105.00,379.00,105.00,379.00,157.00,346.00,157.00
345.00,108.00,381.00,108.00,381.00,155.00,345.00,155.00
347.00,104.00,383.00,104.00,383.00,156.00,347.00,156.00
347.00,100.00,379.00,100.00,379.00,159.00,347.00,159.00
346.00,101.00,378.00,101.00,378.00,156.00,346.00,156.00
347.00,106.00,380.00,106.00,380.00,157.00,347.00,157.00
352.00,108.00,382.00,108.00,382.00,161.00,352.00,161.00
353.00,107.00,383.00,107.00,383.00,157.00,353.00,157.00
355.00,105.00,386.00,105.00,386.00,155.00,355.00,155.00
359.00,106.00,391.00,106.00,391.00,157.00,359.00,157.00
362.00,105.00,393.00,105.00,393.00,160.00,362.00,160.00
364.00,107.00,393.00,107.00,393.00,162.00,364.00,162.00
364.00,109.00,395.00,109.00,395.00,162.00,364.00,162.00
367.00,110.00,399.00,110.00,399.00,163.00,367.00,163.00
368.00,105.00,401.00,105.00,401.00,157.00,368.00,157.00
371.00,111.00,402.00,111.00,402.00,155.00,371.00,155.00
369.00,112.00,403.00,112.00,403.00,158.00,369.00,158.00
366.00,111.00,398.00,111.00,398.00,158.00,366.00,158.00
362.00,110.00,394.00,110.00,394.00,156.00,362.00,156.00
362.00,111.00,394.00,111.00,394.00,158.00,362.00,158.00
364.00,111.00,395.00,111.00,395.00,158.00,364.00,158.00
364.00,107.00,394.00,107.00,394.00,156.00,364.00,156.00
364.00,108.00,393.00,108.00,393.00,154.00,364.00,154.00
365.00,105.00,396.00,105.00,396.00,154.00,365.00,154.00
365.00,104.00,393.00,104.00,393.00,155.00,365.00,155.00
363.00,105.00,393.00,105.00,393.00,156.00,363.00,156.00
361.00,107.00,392.00,107.00,392.00,156.00,361.00,156.00
358.00,107.00,390.00,107.00,390.00,158.00,358.00,158.00
355.00,105.00,386.00,105.00,386.00,156.00,355.00,156.00
354.00,105.00,385.00,105.00,385.00,153.00,354.00,153.00
352.00,104.00,385.00,104.00,385.00,151.00,352.00,151.00
349.00,103.00,380.00,103.00,380.00,149.00,349.00,149.00
347.00,101.00,375.00,101.00,375.00,152.00,347.00,152.00
345.00,104.00,372.00,104.00,372.00,153.00,345.00,153.00
345.00,102.00,372.00,102.00,372.00,152.00,345.00,152.00
344.00,101.00,373.00,101.00,373.00,154.00,344.00,154.00
344.00,100.00,375.00,100.00,375.00,152.00,344.00,152.00
343.00,100.00,375.00,100.00,375.00,150.00,343.00,150.00
345.00,100.00,375.00,100.00,375.00,150.00,345.00,150.00
347.00,102.00,375.00,102.00,375.00,152.00,347.00,152.00
347.00,107.00,376.00,107.00,376.00,157.00,347.00,157.00
347.00,107.00,377.00,107.00,377.00,158.00,347.00,158.00
349.00,112.00,379.00,112.00,379.00,163.00,349.00,163.00
352.00,107.00,380.00,107.00,380.00,158.00,352.00,158.00
353.00,109.00,382.00,109.00,382.00,158.00,353.00,158.00
356.00,107.00,385.00,107.00,385.00,157.00,356.00,157.00
358.00,109.00,387.00,109.00,387.00,158.00,358.00,158.00
358.00,109.00,386.00,109.00,386.00,161.00,358.00,161.00
358.00,110.00,387.00,110.00,387.00,162.00,358.00,162.00
359.00,112.00,386.00,112.00,386.00,161.00,359.00,161.00
360.00,111.00,387.00,111.00,387.00,159.00,360.00,159.00
361.00,110.00,389.00,110.00,389.00,157.00,361.00,157.00
363.00,110.00,392.00,110.00,392.00,157.00,363.00,157.00
362.00,110.00,392.00,110.00,392.00,158.00,362.00,158.00
364.00,110.00,394.00,110.00,394.00,162.00,364.00,162.00
366.00,111.00,393.00,111.00,393.00,162.00,366.00,162.00
368.00,115.00,398.00,115.00,398.00,166.00,368.00,166.00
374.00,116.00,403.00,116.00,403.00,165.00,374.00,165.00
378.00,110.00,409.00,110.00,409.00,160.00,378.00,160.00
384.00,109.00,416.00,109.00,416.00,156.00,384.00,156.00
392.00,108.00,424.00,108.00,424.00,157.00,392.00,157.00
