1
266.00,82.00,301.00,82.00,301.00,138.00,266.00,138.00
263.00,81.00,299.00,81.00,299.00,135.00,263.00,135.00
255.00,77.00,292.00,77.00,292.00,133.00,255.00,133.00
250.00,73.00,289.00,73.00,289.00,128.00,250.00,128.00
240.00,64.00,279.00,64.00,279.00,122.00,240.00,122.00
235.00,63.00,272.00,63.00,272.00,119.00,235.00,119.00
2
0
0
0
0
1
255.00,68.00,289.00,68.00,289.00,128.00,255.00,128.00
252.00,68.00,286.00,68.00,286.00,132.00,252.00,132.00
247.00,65.00,282.00,65.00,282.00,133.00,247.00,133.00
244.00,74.00,276.00,74.00,276.00,132.00,244.00,132.00
242.00,70.00,274.00,70.00,274.00,129.00,242.00,129.00
242.00,66.00,275.00,66.00,275.00,127.00,242.00,127.00
255.00,64.00,288.00,64.00,288.00,125.00,255.00,125.00
243.00,66.00,277.00,66.00,277.00,128.00,243.00,128.00
233.00,67.00,267.00,67.00,267.00,127.00,233.00,127.00
232.00,70.00,268.00,70.00,268.00,132.00,232.00,132.00
235.00,71.00,269.00,71.00,269.00,133.00,235.00,133.00
240.00,72.00,269.00,72.00,269.00,133.00,240.00,133.00
239.00,78.00,267.00,78.00,267.00,133.00,239.00,133.00
237.00,74.00,271.00,74.00,271.00,135.00,237.00,135.00
237.00,73.00,272.00,73.00,272.00,134.00,237.00,134.00
239.00,72.00,272.00,72.00,272.00,139.00,239.00,139.00
236.00,71.00,272.00,71.00,272.00,139.00,236.00,139.00
240.00,65.00,273.00,65.00,273.00,135.00,240.00,135.00
241.00,63.00,273.00,63.00,273.00,128.00,241.00,128.00
241.00,56.00,273.00,56.00,273.00,123.00,241.00,123.00
238.00,58.00,269.00,58.00,269.00,125.00,238.00,125.00
230.00,57.00,264.00,57.00,264.00,122.00,230.00,122.00
225.00,56.00,259.00,56.00,259.00,125.00,225.00,125.00
222.00,61.00,257.00,61.00,257.00,130.00,222.00,130.00
223.00,64.00,253.00,64.00,253.00,130.00,223.00,130.00
224.00,68.00,253.00,68.00,253.00,129.00,224.00,129.00
224.00,71.00,256.00,71.00,256.00,129.00,224.00,129.00
223.00,71.00,257.00,71.00,257.00,131.00,223.00,131.00
223.00,70.00,258.00,70.00,258.00,137.00,223.00,137.00
224.00,73.00,257.00,73.00,257.00,141.00,224.00,141.00
222.00,73.00,258.00,73.00,258.00,144.00,222.00,144.00
224.00,72.00,257.00,72.00,257.00,147.00,224.00,147.00
230.00,70.00,261.00,70.00,261.00,136.00,230.00,136.00
232.00,73.00,260.00,73.00,260.00,141.00,232.00,141.00
234.00,73.00,262.00,73.00,262.00,138.00,234.00,138.00
234.00,70.00,263.00,70.00,263.00,139.00,234.00,139.00
233.00,73.00,266.00,73.00,266.00,144.00,233.00,144.00
234.00,79.00,267.00,79.00,267.00,145.00,234.00,145.00
238.00,82.00,269.00,82.00,269.00,147.00,238.00,147.00
238.00,82.00,271.00,82.00,271.00,146.00,238.00,146.00
234.00,82.00,271.00,82.00,271.00,148.00,234.00,148.00
229.00,77.00,267.00,77.00,267.00,145.00,229.00,145.00
223.00,80.00,259.00,80.00,259.00,152.00,223.00,152.00
218.00,77.00,255.00,77.00,255.00,152.00,218.00,152.00
217.00,73.00,252.00,73.00,252.00,149.00,217.00,149.00
216.00,72.00,249.00,72.00,249.00,144.00,216.00,144.00
216.00,75.00,246.00,75.00,246.00,145.00,216.00,145.00
216.00,70.00,246.00,70.00,246.00,140.00,216.00,140.00
217.00,65.00,249.00,65.00,249.00,136.00,217.00,136.00
214.00,67.00,249.00,67.00,249.00,137.00,214.00,137.00
217.00,67.00,252.00,67.00,252.00,137.00,217.00,137.00
220.00,72.00,253.00,72.00,253.00,140.00,220.00,140.00
225.00,71.00,258.00,71.00,258.00,140.00,225.00,140.00
228.00,72.00,261.00,72.00,261.00,140.00,228.00,140.00
227.00,75.00,263.00,75.00,263.00,139.00,227.00,139.00
226.00,76.00,263.00,76.00,263.00,145.00,226.00,145.00
223.00,76.00,260.00,76.00,260.00,148.00,223.00,148.00
221.00,74.00,260.00,74.00,260.00,147.00,221.00,147.00
224.00,73.00,260.00,73.00,260.00,145.00,224.00,145.00
234.00,73.00,268.00,73.00,268.00,144.00,234.00,144.00
238.00,78.00,270.00,78.00,270.00,147.00,238.00,147.00
230.00,72.00,264.00,72.00,264.00,141.00,230.00,141.00
231.00,71.00,267.00,71.00,267.00,147.00,231.00,147.00
231.00,74.00,269.00,74.00,269.00,147.00,231.00,147.00
236.00,73.00,271.00,73.00,271.00,149.00,236.00,149.00
242.00,82.00,276.00,82.00,276.00,151.00,242.00,151.00
246.00,83.00,282.00,83.00,282.00,154.00,246.00,154.00
247.00,85.00,283.00,85.00,283.00,155.00,247.00,155.00
247.00,85.00,283.00,85.00,283.00,156.00,247.00,156.00
247.00,88.00,284.00,88.00,284.00,161.00,247.00,161.00
245.00,86.00,285.00,86.00,285.00,162.00,245.00,162.00
248.00,82.00,285.00,82.00,285.00,159.00,248.00,159.00
249.00,85.00,284.00,85.00,284.00,158.00,249.00,158.00
246.00,81.00,282.00,81.00,282.00,157.00,246.00,157.00
241.00,76.00,280.00,76.00,280.00,151.00,241.00,151.00
235.00,70.00,274.00,70.00,274.00,150.00,235.00,150.00
229.00,70.00,270.00,70.00,270.00,146.00,229.00,146.00
230.00,71.00,270.00,71.00,270.00,146.00,230.00,146.00
231.00,75.00,272.00,75.00,272.00,147.00,231.00,147.00
234.00,69.00,274.00,69.00,274.00,145.00,234.00,145.00
237.00,71.00,280.00,71.00,280.00,144.00,237.00,144.00
237.00,68.00,277.00,68.00,277.00,146.00,237.00,146.00
238.00,75.00,276.00,75.00,276.00,155.00,238.00,155.00
239.00,73.00,280.00,73.00,280.00,154.00,239.00,154.00
243.00,71.00,284.00,71.00,284.00,151.00,243.00,151.00
247.00,68.00,286.00,68.00,286.00,147.00,247.00,147.00
251.00,69.00,288.00,69.00,288.00,150.00,251.00,150.00
254.00,73.00,293.00,73.00,293.00,149.00,254.00,149.00
253.00,70.00,293.00,70.00,293.00,151.00,253.00,151.00
252.00,68.00,295.00,68.00,295.00,151.00,252.00,151.00
255.00,71.00,298.00,71.00,298.00,154.00,255.00,154.00
255.00,72.00,299.00,72.00,299.00,148.00,255.00,148.00
249.00,67.00,291.00,67.00,291.00,144.00,249.00,144.00
242.00,65.00,285.00,65.00,285.00,140.00,242.00,140.00
230.00,69.00,275.00,69.00,275.00,142.00,230.00,142.00
222.00,62.00,267.00,62.00,267.00,139.00,222.00,139.00
214.00,60.00,257.00,60.00,257.00,141.00,214.00,141.00
208.00,63.00,249.00,63.00,249.00,141.00,208.00,141.00
205.00,54.00,247.00,54.00,247.00,131.00,205.00,131.00
208.00,52.00,249.00,52.00,249.00,133.00,208.00,133.00
211.00,51.00,251.00,51.00,251.00,132.00,211.00,132.00
214.00,52.00,254.00,52.00,254.00,134.00,214.00,134.00
215.00,52.00,259.00,52.00,259.00,135.00,215.00,135.00
219.00,56.00,261.00,56.00,261.00,136.00,219.00,136.00
227.00,62.00,266.00,62.00,266.00,137.00,227.00,137.00
236.00,67.00,274.00,67.00,274.00,138.00,236.00,138.00
242.00,69.00,281.00,69.00,281.00,143.00,242.00,143.00
245.00,72.00,285.00,72.00,285.00,143.00,245.00,143.00
248.00,71.00,290.00,71.00,290.00,145.00,248.00,145.00
255.00,69.00,296.00,69.00,296.00,147.00,255.00,147.00
259.00,70.00,299.00,70.00,299.00,148.00,259.00,148.00
265.00,69.00,304.00,69.00,304.00,145.00,265.00,145.00
270.00,65.00,310.00,65.00,310.00,144.00,270.00,144.00
277.00,68.00,315.00,68.00,315.00,145.00,277.00,145.00
280.00,66.00,320.00,66.00,320.00,146.00,280.00,146.00
284.00,66.00,323.00,66.00,323.00,143.00,284.00,143.00
286.00,67.00,328.00,67.00,328.00,143.00,286.00,143.00
291.00,68.00,331.00,68.00,331.00,148.00,291.00,148.00
300.00,72.00,337.00,72.00,337.00,144.00,300.00,144.00
308.00,82.00,343.00,82.00,343.00,154.00,308.00,154.00
307.00,81.00,346.00,81.00,346.00,151.00,307.00,151.00
311.00,84.00,348.00,84.00,348.00,153.00,311.00,153.00
309.00,86.00,346.00,86.00,346.00,155.00,309.00,155.00
308.00,85.00,345.00,85.00,345.00,158.00,308.00,158.00
308.00,85.00,346.00,85.00,346.00,152.00,308.00,152.00
306.00,81.00,342.00,81.00,342.00,152.00,306.00,152.00
300.00,77.00,338.00,77.00,338.00,147.00,300.00,147.00
294.00,74.00,334.00,74.00,334.00,148.00,294.00,148.00
288.00,76.00,329.00,76.00,329.00,150.00,288.00,150.00
286.00,74.00,323.00,74.00,323.00,145.00,286.00,145.00
284.00,78.00,319.00,78.00,319.00,148.00,284.00,148.00
283.00,77.00,317.00,77.00,317.00,146.00,283.00,146.00
284.00,79.00,318.00,79.00,318.00,143.00,284.00,143.00
282.00,76.00,314.00,76.00,314.00,140.00,282.00,140.00
278.00,76.00,310.00,76.00,310.00,144.00,278.00,144.00
275.00,71.00,311.00,71.00,311.00,142.00,275.00,142.00
275.00,72.00,309.00,72.00,309.00,144.00,275.00,144.00
270.00,77.00,308.00,77.00,308.00,143.00,270.00,143.00
275.00,75.00,309.00,75.00,309.00,139.00,275.00,139.00
280.00,73.00,311.00,73.00,311.00,140.00,280.00,140.00
278.00,68.00,313.00,68.00,313.00,138.00,278.00,138.00
280.00,71.00,315.00,71.00,315.00,140.00,280.00,140.00
283.00,71.00,319.00,71.00,319.00,139.00,283.00,139.00
287.00,71.00,323.00,71.00,323.00,138.00,287.00,138.00
289.00,73.00,323.00,73.00,323.00,140.00,289.00,140.00
293.00,82.00,327.00,82.00,327.00,141.00,293.00,141.00
297.00,84.00,332.00,84.00,332.00,142.00,297.00,142.00
294.00,75.00,329.00,75.00,329.00,137.00,294.00,137.00
297.00,76.00,332.00,76.00,332.00,142.00,297.00,142.00
298.00,77.00,332.00,77.00,332.00,141.00,298.00,141.00
299.00,74.00,331.00,74.00,331.00,141.00,299.00,141.00
297.00,78.00,329.00,78.00,329.00,138.00,297.00,138.00
301.00,78.00,334.00,78.00,334.00,138.00,301.00,138.00
302.00,81.00,334.00,81.00,334.00,139.00,302.00,139.00
298.00,77.00,332.00,77.00,332.00,137.00,298.00,137.00
296.00,78.00,332.00,78.00,332.00,138.00,296.00,138.00
297.00,78.00,330.00,78.00,330.00,136.00,297.00,136.00
295.00,84.00,329.00,84.00,329.00,139.00,295.00,139.00
303.00,83.00,336.00,83.00,336.00,142.00,303.00,142.00
301.00,84.00,335.00,84.00,335.00,136.00,301.00,136.00
307.00,83.00,340.00,83.00,340.00,140.00,307.00,140.00
309.00,78.00,342.00,78.00,342.00,140.00,309.00,140.00
309.00,76.00,342.00,76.00,342.00,140.00,309.00,140.00
311.00,80.00,345.00,80.00,345.00,141.00,311.00,141.00
310.00,78.00,345.00,78.00,345.00,140.00,310.00,140.00
318.00,79.00,351.00,79.00,351.00,139.00,318.00,139.00
320.00,77.00,353.00,77.00,353.00,140.00,320.00,140.00
324.00,81.00,356.00,81.00,356.00,139.00,324.00,139.00
319.00,73.00,355.00,73.00,355.00,137.00,319.00,137.00
321.00,72.00,356.00,72.00,356.00,134.00,321.00,134.00
327.00,72.00,360.00,72.00,360.00,136.00,327.00,136.00
332.00,74.00,363.00,74.00,363.00,132.00,332.00,132.00
334.00,81.00,366.00,81.00,366.00,137.00,334.00,137.00
334.00,82.00,367.00,82.00,367.00,138.00,334.00,138.00
333.00,77.00,364.00,77.00,364.00,136.00,333.00,136.00
331.00,75.00,364.00,75.00,364.00,136.00,331.00,136.00
331.00,76.00,363.00,76.00,363.00,133.00,331.00,133.00
333.00,76.00,365.00,76.00,365.00,135.00,333.00,135.00
332.00,73.00,365.00,73.00,365.00,133.00,332.00,133.00
337.00,78.00,368.00,78.00,368.00,138.00,337.00,138.00
338.00,79.00,370.00,79.00,370.00,136.00,338.00,136.00
337.00,72.00,369.00,72.00,369.00,132.00,337.00,132.00
338.00,69.00,372.00,69.00,372.00,131.00,338.00,131.00
340.00,69.00,373.00,69.00,373.00,131.00,340.00,131.00
340.00,71.00,372.00,71.00,372.00,133.00,340.00,133.00
344.00,78.00,376.00,78.00,376.00,136.00,344.00,136.00
348.00,84.00,383.00,84.00,383.00,139.00,348.00,139.00
352.00,88.00,387.00,88.00,387.00,144.00,352.00,144.00
353.00,88.00,385.00,88.00,385.00,144.00,353.00,144.00
355.00,87.00,387.00,87.00,387.00,148.00,355.00,148.00
352.00,85.00,386.00,85.00,386.00,143.00,352.00,143.00
352.00,91.00,385.00,91.00,385.00,147.00,352.00,147.00
349.00,88.00,382.00,88.00,382.00,148.00,349.00,148.00
347.00,92.00,378.00,92.00,378.00,152.00,347.00,152.00
343.00,87.00,373.00,87.00,373.00,149.00,343.00,149.00
334.00,86.00,365.00,86.00,365.00,145.00,334.00,145.00
329.00,88.00,361.00,88.00,361.00,145.00,329.00,145.00
330.00,90.00,361.00,90.00,361.00,150.00,330.00,150.00
330.00,92.00,360.00,92.00,360.00,149.00,330.00,149.00
331.00,97.00,361.00,97.00,361.00,150.00,331.00,150.00
332.00,99.00,363.00,99.00,363.00,151.00,332.00,151.00
330.00,95.00,359.00,95.00,359.00,149.00,330.00,149.00
331.00,94.00,360.00,94.00,360.00,153.00,331.00,153.00
331.00,92.00,360.00,92.00,360.00,150.00,331.00,150.00
333.00,94.00,363.00,94.00,363.00,151.00,333.00,151.00
335.00,91.00,368.00,91.00,368.00,150.00,335.00,150.00
339.00,94.00,371.00,94.00,371.00,152.00,339.00,152.00
341.00,94.00,371.00,94.00,371.00,152.00,341.00,152.00
342.00,96.00,372.00,96.00,372.00,156.00,342.00,156.00
342.00,94.00,372.00,94.00,372.00,153.00,342.00,153.00
343.00,94.00,373.00,94.00,373.00,151.00,343.00,151.00
347.00,96.00,376.00,96.00,376.00,155.00,347.00,155.00
350.00,101.00,380.00,101.00,380.00,156.00,350.00,156.00
351.00,103.00,382.00,103.00,382.00,156.00,351.00,156.00
351.00,103.00,381.00,103.00,381.00,157.00,351.00,157.00
351.00,103.00,381.00,103.00,381.00,156.00,351.00,156.00
353.00,100.00,380.00,100.00,380.00,157.00,353.00,157.00
352.00,97.00,380.00,97.00,380.00,151.00,352.00,151.00
350.00,98.00,378.00,98.00,378.00,154.00,350.00,154.00
347.00,100.00,376.00,100.00,376.00,153.00,347.00,153.00
350.00,98.00,378.00,98.00,378.00,152.00,350.00,152.00
349.00,97.00,377.00,97.00,377.00,152.00,349.00,152.00
350.00,95.00,377.00,95.00,377.00,156.00,350.00,156.00
347.00,93.00,377.00,93.00,377.00,151.00,347.00,151.00
351.00,100.00,379.00,100.00,379.00,152.00,351.00,152.00
356.00,101.00,382.00,101.00,382.00,153.00,356.00,153.00
358.00,106.00,385.00,106.00,385.00,153.00,358.00,153.00
360.00,106.00,388.00,106.00,388.00,154.00,360.00,154.00
362.00,107.00,390.00,107.00,390.00,155.00,362.00,155.00
364.00,105.00,391.00,105.00,391.00,156.00,364.00,156.00
365.00,107.00,391.00,107.00,391.00,160.00,365.00,160.00
366.00,105.00,393.00,105.00,393.00,156.00,366.00,156.00
369.00,101.00,396.00,101.00,396.00,154.00,369.00,154.00
372.00,103.00,400.00,103.00,400.00,154.00,372.00,154.00
373.00,104.00,400.00,104.00,400.00,154.00,373.00,154.00
372.00,104.00,399.00,104.00,399.00,156.00,372.00,156.00
368.00,103.00,395.00,103.00,395.00,156.00,368.00,156.00
364.00,102.00,393.00,102.00,393.00,153.00,364.00,153.00
366.00,106.00,393.00,106.00,393.00,156.00,366.00,156.00
369.00,103.00,395.00,103.00,395.00,154.00,369.00,154.00
367.00,105.00,393.00,105.00,393.00,153.00,367.00,153.00
367.00,106.00,396.00,106.00,396.00,153.00,367.00,153.00
367.00,104.00,394.00,104.00,394.00,152.00,367.00,152.00
367.00,99.00,392.00,99.00,392.00,153.00,367.00,153.00
365.00,103.00,390.00,103.00,390.00,155.00,365.00,155.00
364.00,100.00,389.00,100.00,389.00,150.00,364.00,150.00
361.00,101.00,389.00,101.00,389.00,154.00,361.00,154.00
357.00,100.00,385.00,100.00,385.00,150.00,357.00,150.00
358.00,100.00,386.00,100.00,386.00,151.00,358.00,151.00
355.00,97.00,382.00,97.00,382.00,148.00,355.00,148.00
351.00,95.00,377.00,95.00,377.00,145.00,351.00,145.00
348.00,94.00,375.00,94.00,375.00,147.00,348.00,147.00
347.00,96.00,372.00,96.00,372.00,145.00,347.00,145.00
345.00,96.00,372.00,96.00,372.00,145.00,345.00,145.00
345.00,100.00,374.00,100.00,374.00,147.00,345.00,147.00
345.00,99.00,373.00,99.00,373.00,148.00,345.00,148.00
345.00,102.00,374.00,102.00,374.00,149.00,345.00,149.00
346.00,102.00,374.00,102.00,374.00,147.00,346.00,147.00
347.00,101.00,373.00,101.00,373.00,149.00,347.00,149.00
349.00,99.00,374.00,99.00,374.00,149.00,349.00,149.00
349.00,100.00,375.00,100.00,375.00,149.00,349.00,149.00
351.00,106.00,379.00,106.00,379.00,155.00,351.00,155.00
354.00,105.00,381.00,105.00,381.00,153.00,354.00,153.00
356.00,106.00,383.00,106.00,383.00,154.00,356.00,154.00
357.00,105.00,384.00,105.00,384.00,153.00,357.00,153.00
358.00,108.00,384.00,108.00,384.00,156.00,358.00,156.00
361.00,105.00,386.00,105.00,386.00,156.00,361.00,156.00
361.00,108.00,386.00,108.00,386.00,156.00,361.00,156.00
362.00,110.00,387.00,110.00,387.00,155.00,362.00,155.00
362.00,109.00,386.00,109.00,386.00,155.00,362.00,155.00
363.00,108.00,388.00,108.00,388.00,150.00,363.00,150.00
363.00,110.00,389.00,110.00,389.00,153.00,363.00,153.00
364.00,111.00,391.00,111.00,391.00,156.00,364.00,156.00
367.00,111.00,393.00,111.00,393.00,159.00,367.00,159.00
368.00,110.00,393.00,110.00,393.00,158.00,368.00,158.00
371.00,115.00,398.00,115.00,398.00,162.00,371.00,162.00
376.00,114.00,402.00,114.00,402.00,160.00,376.00,160.00
381.00,108.00,408.00,108.00,408.00,153.00,381.00,153.00
387.00,105.00,416.00,105.00,416.00,152.00,387.00,152.00
392.00,103.00,420.00,103.00,420.00,151.00,392.00,151.00
