1
182.00,21.00,234.00,21.00,234.00,61.00,182.00,61.00
182.00,22.00,235.00,22.00,235.00,63.00,182.00,63.00
182.00,23.00,235.00,23.00,235.00,64.00,182.00,64.00
182.00,24.00,233.00,24.00,233.00,66.00,182.00,66.00
182.00,25.00,234.00,25.00,234.00,67.00,182.00,67.00
181.00,27.00,234.00,27.00,234.00,69.00,181.00,69.00
180.00,29.00,234.00,29.00,234.00,70.00,180.00,70.00
178.00,31.00,232.00,31.00,232.00,71.00,178.00,71.00
179.00,32.00,232.00,32.00,232.00,72.00,179.00,72.00
178.00,36.00,231.00,36.00,231.00,74.00,178.00,74.00
175.00,39.00,230.00,39.00,230.00,76.00,175.00,76.00
175.00,39.00,231.00,39.00,231.00,77.00,175.00,77.00
175.00,40.00,231.00,40.00,231.00,79.00,175.00,79.00
174.00,41.00,231.00,41.00,231.00,80.00,174.00,80.00
175.00,41.00,232.00,41.00,232.00,82.00,175.00,82.00
174.00,43.00,231.00,43.00,231.00,83.00,174.00,83.00
175.00,44.00,231.00,44.00,231.00,85.00,175.00,85.00
174.00,46.00,231.00,46.00,231.00,86.00,174.00,86.00
174.00,47.00,232.00,47.00,232.00,87.00,174.00,87.00
174.00,47.00,231.00,47.00,231.00,88.00,174.00,88.00
174.00,49.00,230.00,49.00,230.00,89.00,174.00,89.00
175.00,50.00,229.00,50.00,229.00,91.00,175.00,91.00
175.00,51.00,228.00,51.00,228.00,93.00,175.00,93.00
176.00,53.00,228.00,53.00,228.00,94.00,176.00,94.00
174.00,54.00,229.00,54.00,229.00,96.00,174.00,96.00
174.00,55.00,228.00,55.00,228.00,96.00,174.00,96.00
174.00,56.00,229.00,56.00,229.00,98.00,174.00,98.00
174.00,57.00,229.00,57.00,229.00,99.00,174.00,99.00
173.00,58.00,229.00,58.00,229.00,99.00,173.00,99.00
173.00,60.00,231.00,60.00,231.00,100.00,173.00,100.00
173.00,60.00,231.00,60.00,231.00,100.00,173.00,100.00
173.00,60.00,231.00,60.00,231.00,100.00,173.00,100.00
172.00,61.00,231.00,61.00,231.00,100.00,172.00,100.00
171.00,60.00,230.00,60.00,230.00,99.00,171.00,99.00
171.00,60.00,229.00,60.00,229.00,98.00,171.00,98.00
171.00,60.00,230.00,60.00,230.00,99.00,171.00,99.00
172.00,60.00,232.00,60.00,232.00,100.00,172.00,100.00
172.00,60.00,231.00,60.00,231.00,101.00,172.00,101.00
173.00,59.00,233.00,59.00,233.00,99.00,173.00,99.00
173.00,58.00,231.00,58.00,231.00,99.00,173.00,99.00
174.00,57.00,231.00,57.00,231.00,99.00,174.00,99.00
174.00,58.00,232.00,58.00,232.00,99.00,174.00,99.00
175.00,58.00,231.00,58.00,231.00,99.00,175.00,99.00
176.00,58.00,232.00,58.00,232.00,99.00,176.00,99.00
177.00,58.00,231.00,58.00,231.00,101.00,177.00,101.00
178.00,58.00,232.00,58.00,232.00,100.00,178.00,100.00
178.00,59.00,232.00,59.00,232.00,101.00,178.00,101.00
179.00,58.00,232.00,58.00,232.00,100.00,179.00,100.00
180.00,58.00,232.00,58.00,232.00,100.00,180.00,100.00
181.00,58.00,232.00,58.00,232.00,99.00,181.00,99.00
182.00,57.00,232.00,57.00,232.00,97.00,182.00,97.00
184.00,57.00,235.00,57.00,235.00,98.00,184.00,98.00
185.00,56.00,234.00,56.00,234.00,98.00,185.00,98.00
187.00,56.00,237.00,56.00,237.00,98.00,187.00,98.00
189.00,55.00,238.00,55.00,238.00,96.00,189.00,96.00
191.00,55.00,237.00,55.00,237.00,95.00,191.00,95.00
193.00,54.00,238.00,54.00,238.00,93.00,193.00,93.00
194.00,53.00,238.00,53.00,238.00,93.00,194.00,93.00
195.00,52.00,238.00,52.00,238.00,93.00,195.00,93.00
197.00,51.00,239.00,51.00,239.00,92.00,197.00,92.00
199.00,52.00,241.00,52.00,241.00,91.00,199.00,91.00
200.00,49.00,241.00,49.00,241.00,90.00,200.00,90.00
201.00,50.00,242.00,50.00,242.00,89.00,201.00,89.00
202.00,49.00,241.00,49.00,241.00,89.00,202.00,89.00
203.00,49.00,242.00,49.00,242.00,90.00,203.00,90.00
202.00,49.00,242.00,49.00,242.00,90.00,202.00,90.00
203.00,49.00,242.00,49.00,242.00,90.00,203.00,90.00
204.00,48.00,243.00,48.00,243.00,89.00,204.00,89.00
205.00,48.00,243.00,48.00,243.00,89.00,205.00,89.00
204.00,48.00,243.00,48.00,243.00,89.00,204.00,89.00
205.00,48.00,243.00,48.00,243.00,90.00,205.00,90.00
205.00,48.00,243.00,48.00,243.00,91.00,205.00,91.00
207.00,47.00,244.00,47.00,244.00,90.00,207.00,90.00
208.00,48.00,247.00,48.00,247.00,91.00,208.00,91.00
209.00,48.00,247.00,48.00,247.00,89.00,209.00,89.00
209.00,48.00,248.00,48.00,248.00,88.00,209.00,88.00
210.00,49.00,249.00,49.00,249.00,88.00,210.00,88.00
210.00,49.00,248.00,49.00,248.00,89.00,210.00,89.00
211.00,49.00,249.00,49.00,249.00,89.00,211.00,89.00
211.00,49.00,250.00,49.00,250.00,89.00,211.00,89.00
212.00,49.00,251.00,49.00,251.00,89.00,212.00,89.00
214.00,48.00,253.00,48.00,253.00,88.00,214.00,88.00
213.00,48.00,252.00,48.00,252.00,88.00,213.00,88.00
213.00,48.00,253.00,48.00,253.00,89.00,213.00,89.00
215.00,48.00,255.00,48.00,255.00,89.00,215.00,89.00
216.00,47.00,256.00,47.00,256.00,89.00,216.00,89.00
219.00,46.00,259.00,46.00,259.00,87.00,219.00,87.00
221.00,45.00,260.00,45.00,260.00,86.00,221.00,86.00
221.00,46.00,260.00,46.00,260.00,87.00,221.00,87.00
222.00,45.00,261.00,45.00,261.00,86.00,222.00,86.00
222.00,45.00,261.00,45.00,261.00,84.00,222.00,84.00
222.00,46.00,261.00,46.00,261.00,85.00,222.00,85.00
222.00,45.00,262.00,45.00,262.00,84.00,222.00,84.00
221.00,44.00,260.00,44.00,260.00,83.00,221.00,83.00
223.00,43.00,261.00,43.00,261.00,83.00,223.00,83.00
222.00,43.00,260.00,43.00,260.00,82.00,222.00,82.00
222.00,41.00,260.00,41.00,260.00,81.00,222.00,81.00
220.00,40.00,259.00,40.00,259.00,80.00,220.00,80.00
219.00,38.00,257.00,38.00,257.00,80.00,219.00,80.00
219.00,37.00,257.00,37.00,257.00,79.00,219.00,79.00
218.00,34.00,256.00,34.00,256.00,77.00,218.00,77.00
216.00,33.00,254.00,33.00,254.00,75.00,216.00,75.00
215.00,32.00,253.00,32.00,253.00,74.00,215.00,74.00
213.00,30.00,251.00,30.00,251.00,73.00,213.00,73.00
204.00,29.00,253.00,29.00,253.00,70.00,204.00,70.00
210.00,25.00,247.00,25.00,247.00,68.00,210.00,68.00
208.00,24.00,245.00,24.00,245.00,67.00,208.00,67.00
209.00,23.00,246.00,23.00,246.00,66.00,209.00,66.00
213.00,23.00,255.00,23.00,255.00,69.00,213.00,69.00
211.00,19.00,250.00,19.00,250.00,65.00,211.00,65.00
209.00,16.00,248.00,16.00,248.00,63.00,209.00,63.00
208.00,16.00,245.00,16.00,245.00,61.00,208.00,61.00
208.00,15.00,244.00,15.00,244.00,58.00,208.00,58.00
208.00,14.00,245.00,14.00,245.00,56.00,208.00,56.00
207.00,14.00,244.00,14.00,244.00,56.00,207.00,56.00
209.00,11.00,246.00,11.00,246.00,55.00,209.00,55.00
209.00,9.00,245.00,9.00,245.00,52.00,209.00,52.00
202.00,7.00,248.00,7.00,248.00,47.00,202.00,47.00
209.00,5.00,245.00,5.00,245.00,49.00,209.00,49.00
209.00,5.00,245.00,5.00,245.00,49.00,209.00,49.00
209.00,5.00,246.00,5.00,246.00,49.00,209.00,49.00
205.00,6.00,251.00,6.00,251.00,46.00,205.00,46.00
212.00,3.00,249.00,3.00,249.00,46.00,212.00,46.00
212.00,1.00,248.00,1.00,248.00,44.00,212.00,44.00
212.00,1.00,247.00,1.00,247.00,43.00,212.00,43.00
211.00,-0.00,246.00,-0.00,246.00,40.00,211.00,40.00
215.00,1.00,251.00,1.00,251.00,40.00,215.00,40.00
214.00,1.00,249.00,1.00,249.00,38.00,214.00,38.00
215.00,0.00,249.00,0.00,249.00,37.00,215.00,37.00
210.00,2.00,250.00,2.00,250.00,36.00,210.00,36.00
213.00,-0.00,249.00,-0.00,249.00,35.00,213.00,35.00
214.00,-0.00,250.00,-0.00,250.00,35.00,214.00,35.00
209.00,-1.00,248.00,-1.00,248.00,32.00,209.00,32.00
215.00,-1.00,250.00,-1.00,250.00,32.00,215.00,32.00
209.00,-3.00,248.00,-3.00,248.00,30.00,209.00,30.00
213.00,-2.00,252.00,-2.00,252.00,31.00,213.00,31.00
211.00,-4.00,250.00,-4.00,250.00,29.00,211.00,29.00
214.00,-3.00,253.00,-3.00,253.00,30.00,214.00,30.00
211.00,-2.00,250.00,-2.00,250.00,31.00,211.00,31.00
201.00,-2.00,239.00,-2.00,239.00,30.00,201.00,30.00
208.00,-1.00,245.00,-1.00,245.00,30.00,208.00,30.00
2
0
0
0
0
1
246.00,35.00,263.00,35.00,263.00,110.00,246.00,110.00
246.00,37.00,263.00,37.00,263.00,115.00,246.00,115.00
245.00,41.00,264.00,41.00,264.00,119.00,245.00,119.00
244.00,44.00,264.00,44.00,264.00,123.00,244.00,123.00
243.00,56.00,264.00,56.00,264.00,135.00,243.00,135.00
242.00,60.00,263.00,60.00,263.00,138.00,242.00,138.00
243.00,61.00,261.00,61.00,261.00,141.00,243.00,141.00
242.00,67.00,260.00,67.00,260.00,148.00,242.00,148.00
244.00,71.00,262.00,71.00,262.00,146.00,244.00,146.00
248.00,83.00,266.00,83.00,266.00,157.00,248.00,157.00
248.00,77.00,266.00,77.00,266.00,152.00,248.00,152.00
248.00,73.00,266.00,73.00,266.00,147.00,248.00,147.00
248.00,86.00,266.00,86.00,266.00,159.00,248.00,159.00
249.00,94.00,267.00,94.00,267.00,166.00,249.00,166.00
247.00,94.00,265.00,94.00,265.00,166.00,247.00,166.00
246.00,94.00,264.00,94.00,264.00,168.00,246.00,168.00
245.00,95.00,263.00,95.00,263.00,171.00,245.00,171.00
242.00,103.00,260.00,103.00,260.00,178.00,242.00,178.00
241.00,112.00,259.00,112.00,259.00,190.00,241.00,190.00
239.00,116.00,258.00,116.00,258.00,197.00,239.00,197.00
239.00,119.00,257.00,119.00,257.00,199.00,239.00,199.00
236.00,120.00,255.00,120.00,255.00,198.00,236.00,198.00
235.00,119.00,255.00,119.00,255.00,198.00,235.00,198.00
233.00,120.00,253.00,120.00,253.00,198.00,233.00,198.00
230.00,121.00,250.00,121.00,250.00,199.00,230.00,199.00
230.00,120.00,250.00,120.00,250.00,196.00,230.00,196.00
229.00,126.00,248.00,126.00,248.00,199.00,229.00,199.00
228.00,130.00,247.00,130.00,247.00,200.00,228.00,200.00
230.00,130.00,247.00,130.00,247.00,204.00,230.00,204.00
227.00,135.00,246.00,135.00,246.00,205.00,227.00,205.00
227.00,130.00,244.00,130.00,244.00,204.00,227.00,204.00
223.00,128.00,240.00,128.00,240.00,202.00,223.00,202.00
222.00,132.00,241.00,132.00,241.00,202.00,222.00,202.00
224.00,139.00,243.00,139.00,243.00,209.00,224.00,209.00
225.00,144.00,242.00,144.00,242.00,218.00,225.00,218.00
221.00,143.00,240.00,143.00,240.00,212.00,221.00,212.00
219.00,141.00,238.00,141.00,238.00,212.00,219.00,212.00
218.00,145.00,237.00,145.00,237.00,215.00,218.00,215.00
218.00,145.00,235.00,145.00,235.00,221.00,218.00,221.00
219.00,154.00,238.00,154.00,238.00,224.00,219.00,224.00
214.00,150.00,234.00,150.00,234.00,220.00,214.00,220.00
202.00,154.00,219.00,154.00,219.00,232.00,202.00,232.00
212.00,153.00,232.00,153.00,232.00,224.00,212.00,224.00
213.00,151.00,230.00,151.00,230.00,229.00,213.00,229.00
211.00,155.00,231.00,155.00,231.00,225.00,211.00,225.00
210.00,157.00,230.00,157.00,230.00,227.00,210.00,227.00
208.00,157.00,229.00,157.00,229.00,228.00,208.00,228.00
207.00,154.00,229.00,154.00,229.00,226.00,207.00,226.00
206.00,153.00,228.00,153.00,228.00,224.00,206.00,224.00
202.00,157.00,225.00,157.00,225.00,228.00,202.00,228.00
201.00,157.00,224.00,157.00,224.00,229.00,201.00,229.00
199.00,156.00,223.00,156.00,223.00,228.00,199.00,228.00
197.00,159.00,220.00,159.00,220.00,230.00,197.00,230.00
195.00,159.00,219.00,159.00,219.00,232.00,195.00,232.00
192.00,160.00,216.00,160.00,216.00,233.00,192.00,233.00
184.00,156.00,202.00,156.00,202.00,235.00,184.00,235.00
186.00,159.00,204.00,159.00,204.00,237.00,186.00,237.00
183.00,161.00,201.00,161.00,201.00,240.00,183.00,240.00
181.00,159.00,200.00,159.00,200.00,240.00,181.00,240.00
175.00,165.00,200.00,165.00,200.00,240.00,175.00,240.00
177.00,164.00,196.00,164.00,196.00,244.00,177.00,244.00
171.00,167.00,194.00,167.00,194.00,242.00,171.00,242.00
168.00,171.00,192.00,171.00,192.00,246.00,168.00,246.00
165.00,171.00,189.00,171.00,189.00,248.00,165.00,248.00
161.00,173.00,187.00,173.00,187.00,250.00,161.00,250.00
160.00,174.00,186.00,174.00,186.00,251.00,160.00,251.00
159.00,175.00,185.00,175.00,185.00,251.00,159.00,251.00
156.00,178.00,183.00,178.00,183.00,253.00,156.00,253.00
154.00,176.00,181.00,176.00,181.00,251.00,154.00,251.00
151.00,180.00,178.00,180.00,178.00,257.00,151.00,257.00
147.00,181.00,176.00,181.00,176.00,260.00,147.00,260.00
144.00,181.00,172.00,181.00,172.00,261.00,144.00,261.00
143.00,181.00,170.00,181.00,170.00,259.00,143.00,259.00
142.00,179.00,169.00,179.00,169.00,257.00,142.00,257.00
141.00,181.00,167.00,181.00,167.00,260.00,141.00,260.00
139.00,182.00,165.00,182.00,165.00,261.00,139.00,261.00
138.00,185.00,165.00,185.00,165.00,264.00,138.00,264.00
139.00,183.00,165.00,183.00,165.00,262.00,139.00,262.00
137.00,182.00,163.00,182.00,163.00,262.00,137.00,262.00
135.00,187.00,164.00,187.00,164.00,266.00,135.00,266.00
136.00,187.00,157.00,187.00,157.00,272.00,136.00,272.00
130.00,192.00,160.00,192.00,160.00,272.00,130.00,272.00
127.00,192.00,157.00,192.00,157.00,272.00,127.00,272.00
123.00,198.00,152.00,198.00,152.00,276.00,123.00,276.00
120.00,199.00,149.00,199.00,149.00,277.00,120.00,277.00
117.00,199.00,146.00,199.00,146.00,278.00,117.00,278.00
117.00,199.00,144.00,199.00,144.00,277.00,117.00,277.00
112.00,202.00,139.00,202.00,139.00,282.00,112.00,282.00
110.00,197.00,136.00,197.00,136.00,278.00,110.00,278.00
110.00,197.00,136.00,197.00,136.00,277.00,110.00,277.00
109.00,198.00,134.00,198.00,134.00,277.00,109.00,277.00
108.00,198.00,133.00,198.00,133.00,276.00,108.00,276.00
106.00,198.00,130.00,198.00,130.00,276.00,106.00,276.00
104.00,201.00,129.00,201.00,129.00,278.00,104.00,278.00
105.00,197.00,130.00,197.00,130.00,275.00,105.00,275.00
103.00,200.00,128.00,200.00,128.00,276.00,103.00,276.00
103.00,196.00,128.00,196.00,128.00,272.00,103.00,272.00
99.00,195.00,123.00,195.00,123.00,270.00,99.00,270.00
100.00,195.00,125.00,195.00,125.00,270.00,100.00,270.00
101.00,196.00,126.00,196.00,126.00,269.00,101.00,269.00
99.00,197.00,124.00,197.00,124.00,268.00,99.00,268.00
97.00,195.00,122.00,195.00,122.00,267.00,97.00,267.00
95.00,196.00,120.00,196.00,120.00,267.00,95.00,267.00
91.00,192.00,110.00,192.00,110.00,273.00,91.00,273.00
89.00,192.00,108.00,192.00,108.00,272.00,89.00,272.00
86.00,189.00,105.00,189.00,105.00,270.00,86.00,270.00
90.00,188.00,109.00,188.00,109.00,269.00,90.00,269.00
81.00,194.00,100.00,194.00,100.00,277.00,81.00,277.00
82.00,192.00,101.00,192.00,101.00,274.00,82.00,274.00
86.00,190.00,105.00,190.00,105.00,271.00,86.00,271.00
80.00,198.00,104.00,198.00,104.00,273.00,80.00,273.00
78.00,199.00,103.00,199.00,103.00,275.00,78.00,275.00
80.00,199.00,106.00,199.00,106.00,276.00,80.00,276.00
80.00,202.00,105.00,202.00,105.00,277.00,80.00,277.00
83.00,202.00,108.00,202.00,108.00,278.00,83.00,278.00
85.00,200.00,110.00,200.00,110.00,279.00,85.00,279.00
88.00,207.00,114.00,207.00,114.00,285.00,88.00,285.00
90.00,206.00,115.00,206.00,115.00,284.00,90.00,284.00
93.00,205.00,119.00,205.00,119.00,284.00,93.00,284.00
96.00,205.00,123.00,205.00,123.00,283.00,96.00,283.00
99.00,203.00,125.00,203.00,125.00,282.00,99.00,282.00
104.00,204.00,130.00,204.00,130.00,282.00,104.00,282.00
109.00,203.00,135.00,203.00,135.00,281.00,109.00,281.00
111.00,193.00,133.00,193.00,133.00,285.00,111.00,285.00
116.00,194.00,139.00,194.00,139.00,288.00,116.00,288.00
118.00,196.00,141.00,196.00,141.00,289.00,118.00,289.00
122.00,193.00,145.00,193.00,145.00,287.00,122.00,287.00
2
0
0
0
0
1
146.00,215.00,217.00,215.00,217.00,263.00,146.00,263.00
145.00,214.00,218.00,214.00,218.00,261.00,145.00,261.00
144.00,212.00,216.00,212.00,216.00,260.00,144.00,260.00
142.00,210.00,216.00,210.00,216.00,257.00,142.00,257.00
140.00,208.00,215.00,208.00,215.00,255.00,140.00,255.00
138.00,207.00,215.00,207.00,215.00,254.00,138.00,254.00
137.00,206.00,214.00,206.00,214.00,252.00,137.00,252.00
134.00,206.00,213.00,206.00,213.00,252.00,134.00,252.00
133.00,206.00,212.00,206.00,212.00,252.00,133.00,252.00
130.00,206.00,212.00,206.00,212.00,251.00,130.00,251.00
128.00,206.00,214.00,206.00,214.00,252.00,128.00,252.00
127.00,205.00,212.00,205.00,212.00,252.00,127.00,252.00
124.00,205.00,209.00,205.00,209.00,252.00,124.00,252.00
126.00,205.00,204.00,205.00,204.00,258.00,126.00,258.00
122.00,206.00,208.00,206.00,208.00,252.00,122.00,252.00
120.00,208.00,204.00,208.00,204.00,253.00,120.00,253.00
123.00,208.00,205.00,208.00,205.00,251.00,123.00,251.00
123.00,207.00,200.00,207.00,200.00,260.00,123.00,260.00
119.00,209.00,201.00,209.00,201.00,254.00,119.00,254.00
123.00,208.00,205.00,208.00,205.00,252.00,123.00,252.00
123.00,207.00,205.00,207.00,205.00,251.00,123.00,251.00
124.00,207.00,204.00,207.00,204.00,251.00,124.00,251.00
122.00,207.00,202.00,207.00,202.00,253.00,122.00,253.00
122.00,206.00,201.00,206.00,201.00,253.00,122.00,253.00
122.00,207.00,200.00,207.00,200.00,256.00,122.00,256.00
122.00,211.00,201.00,211.00,201.00,258.00,122.00,258.00
126.00,210.00,200.00,210.00,200.00,257.00,126.00,257.00
127.00,210.00,202.00,210.00,202.00,258.00,127.00,258.00
127.00,211.00,202.00,211.00,202.00,259.00,127.00,259.00
127.00,210.00,203.00,210.00,203.00,259.00,127.00,259.00
129.00,210.00,204.00,210.00,204.00,257.00,129.00,257.00
127.00,210.00,203.00,210.00,203.00,257.00,127.00,257.00
127.00,210.00,203.00,210.00,203.00,258.00,127.00,258.00
2
0
0
0
0
1
220.00,178.00,293.00,178.00,293.00,251.00,220.00,251.00
223.00,178.00,298.00,178.00,298.00,251.00,223.00,251.00
225.00,179.00,301.00,179.00,301.00,252.00,225.00,252.00
228.00,179.00,305.00,179.00,305.00,252.00,228.00,252.00
228.00,178.00,308.00,178.00,308.00,251.00,228.00,251.00
230.00,178.00,311.00,178.00,311.00,250.00,230.00,250.00
232.00,177.00,313.00,177.00,313.00,250.00,232.00,250.00
234.00,177.00,317.00,177.00,317.00,251.00,234.00,251.00
236.00,174.00,321.00,174.00,321.00,250.00,236.00,250.00
239.00,173.00,325.00,173.00,325.00,250.00,239.00,250.00
244.00,170.00,329.00,170.00,329.00,248.00,244.00,248.00
247.00,169.00,332.00,169.00,332.00,246.00,247.00,246.00
251.00,164.00,339.00,164.00,339.00,241.00,251.00,241.00
259.00,162.00,339.00,162.00,339.00,241.00,259.00,241.00
266.00,153.00,355.00,153.00,355.00,233.00,266.00,233.00
267.00,148.00,359.00,148.00,359.00,231.00,267.00,231.00
272.00,144.00,364.00,144.00,364.00,225.00,272.00,225.00
281.00,138.00,375.00,138.00,375.00,220.00,281.00,220.00
286.00,137.00,382.00,137.00,382.00,219.00,286.00,219.00
291.00,130.00,386.00,130.00,386.00,212.00,291.00,212.00
297.00,128.00,393.00,128.00,393.00,211.00,297.00,211.00
302.00,126.00,398.00,126.00,398.00,209.00,302.00,209.00
310.00,123.00,406.00,123.00,406.00,206.00,310.00,206.00
315.00,121.00,413.00,121.00,413.00,206.00,315.00,206.00
320.00,118.00,417.00,118.00,417.00,204.00,320.00,204.00
323.00,116.00,422.00,116.00,422.00,204.00,323.00,204.00
326.00,113.00,427.00,113.00,427.00,204.00,326.00,204.00
331.00,112.00,434.00,112.00,434.00,205.00,331.00,205.00
334.00,113.00,435.00,113.00,435.00,204.00,334.00,204.00
337.00,113.00,439.00,113.00,439.00,203.00,337.00,203.00
339.00,113.00,442.00,113.00,442.00,204.00,339.00,204.00
342.00,113.00,444.00,113.00,444.00,204.00,342.00,204.00
343.00,113.00,445.00,113.00,445.00,204.00,343.00,204.00
346.00,113.00,447.00,113.00,447.00,204.00,346.00,204.00
348.00,111.00,447.00,111.00,447.00,202.00,348.00,202.00
350.00,113.00,447.00,113.00,447.00,201.00,350.00,201.00
348.00,111.00,446.00,111.00,446.00,201.00,348.00,201.00
350.00,110.00,447.00,110.00,447.00,200.00,350.00,200.00
349.00,107.00,446.00,107.00,446.00,198.00,349.00,198.00
346.00,107.00,445.00,107.00,445.00,197.00,346.00,197.00
350.00,107.00,448.00,107.00,448.00,197.00,350.00,197.00
347.00,108.00,444.00,108.00,444.00,197.00,347.00,197.00
347.00,106.00,444.00,106.00,444.00,196.00,347.00,196.00
348.00,106.00,443.00,106.00,443.00,195.00,348.00,195.00
347.00,105.00,442.00,105.00,442.00,195.00,347.00,195.00
349.00,103.00,445.00,103.00,445.00,192.00,349.00,192.00
