1
292.00,156.00,381.00,156.00,381.00,352.00,292.00,352.00
290.00,155.00,380.00,155.00,380.00,353.00,290.00,353.00
292.00,155.00,378.00,155.00,378.00,350.00,292.00,350.00
291.00,154.00,375.00,154.00,375.00,350.00,291.00,350.00
289.00,157.00,375.00,157.00,375.00,353.00,289.00,353.00
288.00,162.00,374.00,162.00,374.00,352.00,288.00,352.00
289.00,158.00,374.00,158.00,374.00,348.00,289.00,348.00
288.00,158.00,373.00,158.00,373.00,346.00,288.00,346.00
289.00,153.00,376.00,153.00,376.00,338.00,289.00,338.00
287.00,156.00,375.00,156.00,375.00,339.00,287.00,339.00
290.00,149.00,381.00,149.00,381.00,326.00,290.00,326.00
284.00,156.00,372.00,156.00,372.00,337.00,284.00,337.00
280.00,156.00,372.00,156.00,372.00,337.00,280.00,337.00
286.00,131.00,382.00,131.00,382.00,325.00,286.00,325.00
286.00,137.00,381.00,137.00,381.00,328.00,286.00,328.00
279.00,146.00,373.00,146.00,373.00,333.00,279.00,333.00
280.00,146.00,374.00,146.00,374.00,327.00,280.00,327.00
274.00,159.00,362.00,159.00,362.00,331.00,274.00,331.00
268.00,149.00,354.00,149.00,354.00,340.00,268.00,340.00
263.00,171.00,349.00,171.00,349.00,336.00,263.00,336.00
262.00,170.00,348.00,170.00,348.00,336.00,262.00,336.00
258.00,176.00,343.00,176.00,343.00,340.00,258.00,340.00
254.00,166.00,336.00,166.00,336.00,334.00,254.00,334.00
252.00,161.00,333.00,161.00,333.00,330.00,252.00,330.00
250.00,158.00,329.00,158.00,329.00,327.00,250.00,327.00
265.00,154.00,351.00,154.00,351.00,328.00,265.00,328.00
272.00,153.00,361.00,153.00,361.00,331.00,272.00,331.00
272.00,149.00,358.00,149.00,358.00,329.00,272.00,329.00
269.00,151.00,354.00,151.00,354.00,329.00,269.00,329.00
247.00,156.00,320.00,156.00,320.00,323.00,247.00,323.00
267.00,145.00,349.00,145.00,349.00,321.00,267.00,321.00
2
0
0
0
0
1
311.00,130.00,389.00,130.00,389.00,275.00,311.00,275.00
313.00,132.00,389.00,132.00,389.00,275.00,313.00,275.00
313.00,131.00,397.00,131.00,397.00,282.00,313.00,282.00
316.00,130.00,394.00,130.00,394.00,274.00,316.00,274.00
317.00,128.00,395.00,128.00,395.00,273.00,317.00,273.00
317.00,125.00,395.00,125.00,395.00,271.00,317.00,271.00
319.00,125.00,395.00,125.00,395.00,269.00,319.00,269.00
322.00,129.00,399.00,129.00,399.00,272.00,322.00,272.00
322.00,129.00,399.00,129.00,399.00,274.00,322.00,274.00
322.00,125.00,399.00,125.00,399.00,272.00,322.00,272.00
321.00,127.00,400.00,127.00,400.00,273.00,321.00,273.00
321.00,125.00,397.00,125.00,397.00,272.00,321.00,272.00
323.00,124.00,400.00,124.00,400.00,270.00,323.00,270.00
323.00,126.00,400.00,126.00,400.00,271.00,323.00,271.00
320.00,124.00,395.00,124.00,395.00,268.00,320.00,268.00
320.00,125.00,395.00,125.00,395.00,269.00,320.00,269.00
321.00,129.00,402.00,129.00,402.00,276.00,321.00,276.00
327.00,126.00,402.00,126.00,402.00,270.00,327.00,270.00
327.00,125.00,399.00,125.00,399.00,269.00,327.00,269.00
328.00,126.00,401.00,126.00,401.00,267.00,328.00,267.00
323.00,137.00,403.00,137.00,403.00,280.00,323.00,280.00
332.00,130.00,407.00,130.00,407.00,273.00,332.00,273.00
331.00,129.00,408.00,129.00,408.00,272.00,331.00,272.00
334.00,128.00,408.00,128.00,408.00,273.00,334.00,273.00
333.00,126.00,409.00,126.00,409.00,270.00,333.00,270.00
335.00,126.00,410.00,126.00,410.00,272.00,335.00,272.00
338.00,129.00,412.00,129.00,412.00,270.00,338.00,270.00
341.00,128.00,417.00,128.00,417.00,271.00,341.00,271.00
341.00,130.00,417.00,130.00,417.00,273.00,341.00,273.00
343.00,129.00,415.00,129.00,415.00,269.00,343.00,269.00
347.00,132.00,420.00,132.00,420.00,271.00,347.00,271.00
347.00,133.00,420.00,133.00,420.00,271.00,347.00,271.00
350.00,136.00,422.00,136.00,422.00,271.00,350.00,271.00
351.00,134.00,423.00,134.00,423.00,269.00,351.00,269.00
352.00,135.00,425.00,135.00,425.00,270.00,352.00,270.00
355.00,130.00,428.00,130.00,428.00,266.00,355.00,266.00
355.00,133.00,425.00,133.00,425.00,265.00,355.00,265.00
362.00,136.00,432.00,136.00,432.00,265.00,362.00,265.00
361.00,137.00,429.00,137.00,429.00,266.00,361.00,266.00
361.00,133.00,431.00,133.00,431.00,265.00,361.00,265.00
365.00,137.00,433.00,137.00,433.00,265.00,365.00,265.00
364.00,139.00,431.00,139.00,431.00,267.00,364.00,267.00
364.00,137.00,433.00,137.00,433.00,265.00,364.00,265.00
367.00,138.00,436.00,138.00,436.00,263.00,367.00,263.00
367.00,139.00,434.00,139.00,434.00,266.00,367.00,266.00
366.00,144.00,433.00,144.00,433.00,264.00,366.00,264.00
371.00,135.00,438.00,135.00,438.00,260.00,371.00,260.00
371.00,133.00,440.00,133.00,440.00,257.00,371.00,257.00
371.00,134.00,438.00,134.00,438.00,257.00,371.00,257.00
372.00,131.00,439.00,131.00,439.00,255.00,372.00,255.00
376.00,144.00,441.00,144.00,441.00,260.00,376.00,260.00
380.00,133.00,449.00,133.00,449.00,255.00,380.00,255.00
373.00,129.00,442.00,129.00,442.00,254.00,373.00,254.00
384.00,136.00,453.00,136.00,453.00,256.00,384.00,256.00
385.00,138.00,455.00,138.00,455.00,260.00,385.00,260.00
385.00,136.00,456.00,136.00,456.00,256.00,385.00,256.00
386.00,136.00,456.00,136.00,456.00,257.00,386.00,257.00
389.00,135.00,461.00,135.00,461.00,258.00,389.00,258.00
392.00,133.00,465.00,133.00,465.00,254.00,392.00,254.00
391.00,130.00,465.00,130.00,465.00,252.00,391.00,252.00
389.00,129.00,463.00,129.00,463.00,251.00,389.00,251.00
393.00,129.00,467.00,129.00,467.00,251.00,393.00,251.00
389.00,129.00,463.00,129.00,463.00,253.00,389.00,253.00
392.00,127.00,467.00,127.00,467.00,251.00,392.00,251.00
393.00,126.00,466.00,126.00,466.00,251.00,393.00,251.00
392.00,125.00,466.00,125.00,466.00,251.00,392.00,251.00
391.00,125.00,464.00,125.00,464.00,252.00,391.00,252.00
389.00,123.00,465.00,123.00,465.00,251.00,389.00,251.00
391.00,127.00,465.00,127.00,465.00,256.00,391.00,256.00
389.00,123.00,463.00,123.00,463.00,251.00,389.00,251.00
388.00,121.00,462.00,121.00,462.00,252.00,388.00,252.00
390.00,127.00,462.00,127.00,462.00,253.00,390.00,253.00
384.00,121.00,459.00,121.00,459.00,253.00,384.00,253.00
386.00,118.00,461.00,118.00,461.00,253.00,386.00,253.00
386.00,115.00,459.00,115.00,459.00,247.00,386.00,247.00
386.00,119.00,460.00,119.00,460.00,253.00,386.00,253.00
385.00,118.00,460.00,118.00,460.00,254.00,385.00,254.00
385.00,120.00,458.00,120.00,458.00,253.00,385.00,253.00
385.00,121.00,459.00,121.00,459.00,254.00,385.00,254.00
382.00,116.00,455.00,116.00,455.00,249.00,382.00,249.00
378.00,115.00,452.00,115.00,452.00,249.00,378.00,249.00
379.00,117.00,454.00,117.00,454.00,254.00,379.00,254.00
378.00,115.00,454.00,115.00,454.00,254.00,378.00,254.00
379.00,118.00,454.00,118.00,454.00,255.00,379.00,255.00
379.00,114.00,454.00,114.00,454.00,251.00,379.00,251.00
378.00,113.00,454.00,113.00,454.00,249.00,378.00,249.00
378.00,111.00,453.00,111.00,453.00,246.00,378.00,246.00
375.00,114.00,451.00,114.00,451.00,251.00,375.00,251.00
376.00,114.00,452.00,114.00,452.00,251.00,376.00,251.00
373.00,111.00,450.00,111.00,450.00,250.00,373.00,250.00
372.00,110.00,448.00,110.00,448.00,251.00,372.00,251.00
371.00,112.00,446.00,112.00,446.00,251.00,371.00,251.00
372.00,122.00,445.00,122.00,445.00,252.00,372.00,252.00
371.00,113.00,448.00,113.00,448.00,253.00,371.00,253.00
369.00,113.00,448.00,113.00,448.00,255.00,369.00,255.00
368.00,114.00,443.00,114.00,443.00,253.00,368.00,253.00
369.00,111.00,447.00,111.00,447.00,250.00,369.00,250.00
366.00,108.00,442.00,108.00,442.00,252.00,366.00,252.00
369.00,111.00,448.00,111.00,448.00,250.00,369.00,250.00
368.00,112.00,445.00,112.00,445.00,254.00,368.00,254.00
366.00,109.00,446.00,109.00,446.00,254.00,366.00,254.00
365.00,110.00,444.00,110.00,444.00,258.00,365.00,258.00
366.00,109.00,444.00,109.00,444.00,258.00,366.00,258.00
367.00,113.00,447.00,113.00,447.00,261.00,367.00,261.00
366.00,113.00,448.00,113.00,448.00,262.00,366.00,262.00
368.00,117.00,448.00,117.00,448.00,263.00,368.00,263.00
367.00,112.00,449.00,112.00,449.00,260.00,367.00,260.00
367.00,114.00,450.00,114.00,450.00,263.00,367.00,263.00
368.00,116.00,450.00,116.00,450.00,265.00,368.00,265.00
370.00,115.00,453.00,115.00,453.00,264.00,370.00,264.00
369.00,117.00,454.00,117.00,454.00,268.00,369.00,268.00
369.00,119.00,453.00,119.00,453.00,271.00,369.00,271.00
371.00,119.00,455.00,119.00,455.00,266.00,371.00,266.00
368.00,120.00,454.00,120.00,454.00,271.00,368.00,271.00
369.00,124.00,455.00,124.00,455.00,276.00,369.00,276.00
371.00,124.00,458.00,124.00,458.00,276.00,371.00,276.00
369.00,124.00,453.00,124.00,453.00,279.00,369.00,279.00
372.00,133.00,450.00,133.00,450.00,277.00,372.00,277.00
362.00,127.00,448.00,127.00,448.00,283.00,362.00,283.00
362.00,129.00,447.00,129.00,447.00,281.00,362.00,281.00
360.00,128.00,442.00,128.00,442.00,277.00,360.00,277.00
361.00,133.00,442.00,133.00,442.00,276.00,361.00,276.00
356.00,129.00,436.00,129.00,436.00,275.00,356.00,275.00
355.00,128.00,434.00,128.00,434.00,272.00,355.00,272.00
356.00,129.00,434.00,129.00,434.00,270.00,356.00,270.00
354.00,134.00,433.00,134.00,433.00,273.00,354.00,273.00
353.00,135.00,430.00,135.00,430.00,274.00,353.00,274.00
351.00,135.00,430.00,135.00,430.00,275.00,351.00,275.00
351.00,138.00,430.00,138.00,430.00,275.00,351.00,275.00
352.00,137.00,428.00,137.00,428.00,271.00,352.00,271.00
350.00,135.00,427.00,135.00,427.00,269.00,350.00,269.00
352.00,138.00,429.00,138.00,429.00,270.00,352.00,270.00
352.00,137.00,427.00,137.00,427.00,270.00,352.00,270.00
352.00,138.00,427.00,138.00,427.00,274.00,352.00,274.00
351.00,135.00,426.00,135.00,426.00,270.00,351.00,270.00
349.00,133.00,422.00,133.00,422.00,269.00,349.00,269.00
346.00,134.00,418.00,134.00,418.00,271.00,346.00,271.00
348.00,136.00,421.00,136.00,421.00,272.00,348.00,272.00
349.00,140.00,420.00,140.00,420.00,274.00,349.00,274.00
351.00,135.00,422.00,135.00,422.00,272.00,351.00,272.00
351.00,137.00,421.00,137.00,421.00,276.00,351.00,276.00
343.00,137.00,417.00,137.00,417.00,268.00,343.00,268.00
346.00,134.00,423.00,134.00,423.00,275.00,346.00,275.00
342.00,132.00,419.00,132.00,419.00,274.00,342.00,274.00
344.00,132.00,419.00,132.00,419.00,274.00,344.00,274.00
344.00,131.00,419.00,131.00,419.00,274.00,344.00,274.00
339.00,138.00,411.00,138.00,411.00,275.00,339.00,275.00
338.00,131.00,411.00,131.00,411.00,271.00,338.00,271.00
335.00,128.00,408.00,128.00,408.00,269.00,335.00,269.00
336.00,128.00,407.00,128.00,407.00,269.00,336.00,269.00
332.00,127.00,403.00,127.00,403.00,270.00,332.00,270.00
328.00,127.00,398.00,127.00,398.00,269.00,328.00,269.00
327.00,126.00,396.00,126.00,396.00,267.00,327.00,267.00
322.00,129.00,395.00,129.00,395.00,270.00,322.00,270.00
320.00,130.00,395.00,130.00,395.00,270.00,320.00,270.00
319.00,132.00,391.00,132.00,391.00,270.00,319.00,270.00
320.00,132.00,391.00,132.00,391.00,268.00,320.00,268.00
317.00,133.00,392.00,133.00,392.00,274.00,317.00,274.00
318.00,131.00,392.00,131.00,392.00,271.00,318.00,271.00
318.00,128.00,392.00,128.00,392.00,269.00,318.00,269.00
318.00,128.00,393.00,128.00,393.00,271.00,318.00,271.00
319.00,128.00,393.00,128.00,393.00,270.00,319.00,270.00
319.00,128.00,393.00,128.00,393.00,269.00,319.00,269.00
320.00,128.00,393.00,128.00,393.00,270.00,320.00,270.00
319.00,132.00,390.00,132.00,390.00,270.00,319.00,270.00
313.00,141.00,385.00,141.00,385.00,268.00,313.00,268.00
320.00,131.00,389.00,131.00,389.00,266.00,320.00,266.00
320.00,130.00,388.00,130.00,388.00,262.00,320.00,262.00
323.00,130.00,391.00,130.00,391.00,260.00,323.00,260.00
323.00,132.00,392.00,132.00,392.00,260.00,323.00,260.00
323.00,132.00,390.00,132.00,390.00,262.00,323.00,262.00
325.00,129.00,391.00,129.00,391.00,253.00,325.00,253.00
323.00,129.00,389.00,129.00,389.00,253.00,323.00,253.00
326.00,131.00,394.00,131.00,394.00,256.00,326.00,256.00
328.00,131.00,395.00,131.00,395.00,252.00,328.00,252.00
332.00,129.00,400.00,129.00,400.00,249.00,332.00,249.00
334.00,130.00,403.00,130.00,403.00,255.00,334.00,255.00
336.00,128.00,404.00,128.00,404.00,250.00,336.00,250.00
338.00,126.00,407.00,126.00,407.00,250.00,338.00,250.00
341.00,126.00,411.00,126.00,411.00,251.00,341.00,251.00
344.00,125.00,412.00,125.00,412.00,251.00,344.00,251.00
348.00,123.00,415.00,123.00,415.00,247.00,348.00,247.00
351.00,124.00,419.00,124.00,419.00,252.00,351.00,252.00
354.00,125.00,419.00,125.00,419.00,250.00,354.00,250.00
356.00,125.00,422.00,125.00,422.00,251.00,356.00,251.00
359.00,124.00,422.00,124.00,422.00,249.00,359.00,249.00
361.00,125.00,425.00,125.00,425.00,252.00,361.00,252.00
361.00,125.00,424.00,125.00,424.00,249.00,361.00,249.00
363.00,126.00,427.00,126.00,427.00,254.00,363.00,254.00
364.00,138.00,431.00,138.00,431.00,266.00,364.00,266.00
362.00,135.00,423.00,135.00,423.00,250.00,362.00,250.00
367.00,128.00,428.00,128.00,428.00,257.00,367.00,257.00
368.00,123.00,429.00,123.00,429.00,251.00,368.00,251.00
370.00,120.00,433.00,120.00,433.00,249.00,370.00,249.00
370.00,118.00,435.00,118.00,435.00,238.00,370.00,238.00
371.00,113.00,435.00,113.00,435.00,239.00,371.00,239.00
372.00,110.00,437.00,110.00,437.00,238.00,372.00,238.00
372.00,112.00,432.00,112.00,432.00,235.00,372.00,235.00
373.00,108.00,436.00,108.00,436.00,233.00,373.00,233.00
371.00,111.00,436.00,111.00,436.00,236.00,371.00,236.00
372.00,111.00,437.00,111.00,437.00,233.00,372.00,233.00
372.00,114.00,439.00,114.00,439.00,238.00,372.00,238.00
372.00,115.00,439.00,115.00,439.00,234.00,372.00,234.00
372.00,118.00,438.00,118.00,438.00,239.00,372.00,239.00
374.00,117.00,440.00,117.00,440.00,239.00,374.00,239.00
375.00,118.00,443.00,118.00,443.00,242.00,375.00,242.00
374.00,121.00,439.00,121.00,439.00,244.00,374.00,244.00
374.00,118.00,440.00,118.00,440.00,243.00,374.00,243.00
375.00,119.00,445.00,119.00,445.00,248.00,375.00,248.00
376.00,118.00,445.00,118.00,445.00,248.00,376.00,248.00
373.00,119.00,442.00,119.00,442.00,247.00,373.00,247.00
373.00,119.00,443.00,119.00,443.00,253.00,373.00,253.00
373.00,118.00,440.00,118.00,440.00,249.00,373.00,249.00
371.00,117.00,438.00,117.00,438.00,247.00,371.00,247.00
373.00,127.00,441.00,127.00,441.00,253.00,373.00,253.00
371.00,119.00,438.00,119.00,438.00,248.00,371.00,248.00
371.00,119.00,437.00,119.00,437.00,245.00,371.00,245.00
371.00,117.00,438.00,117.00,438.00,241.00,371.00,241.00
374.00,118.00,441.00,118.00,441.00,245.00,374.00,245.00
374.00,116.00,441.00,116.00,441.00,245.00,374.00,245.00
374.00,114.00,442.00,114.00,442.00,241.00,374.00,241.00
378.00,113.00,444.00,113.00,444.00,246.00,378.00,246.00
380.00,117.00,450.00,117.00,450.00,259.00,380.00,259.00
380.00,127.00,450.00,127.00,450.00,267.00,380.00,267.00
377.00,119.00,447.00,119.00,447.00,263.00,377.00,263.00
378.00,118.00,449.00,118.00,449.00,260.00,378.00,260.00
382.00,122.00,455.00,122.00,455.00,265.00,382.00,265.00
384.00,120.00,457.00,120.00,457.00,265.00,384.00,265.00
386.00,114.00,460.00,114.00,460.00,259.00,386.00,259.00
382.00,114.00,458.00,114.00,458.00,257.00,382.00,257.00
384.00,118.00,459.00,118.00,459.00,263.00,384.00,263.00
385.00,110.00,460.00,110.00,460.00,250.00,385.00,250.00
391.00,124.00,471.00,124.00,471.00,272.00,391.00,272.00
394.00,126.00,472.00,126.00,472.00,271.00,394.00,271.00
394.00,122.00,470.00,122.00,470.00,270.00,394.00,270.00
395.00,119.00,476.00,119.00,476.00,265.00,395.00,265.00
398.00,120.00,478.00,120.00,478.00,267.00,398.00,267.00
405.00,126.00,480.00,126.00,480.00,262.00,405.00,262.00
401.00,116.00,479.00,116.00,479.00,257.00,401.00,257.00
400.00,120.00,482.00,120.00,482.00,267.00,400.00,267.00
397.00,116.00,478.00,116.00,478.00,264.00,397.00,264.00
397.00,122.00,480.00,122.00,480.00,272.00,397.00,272.00
393.00,127.00,477.00,127.00,477.00,272.00,393.00,272.00
394.00,130.00,477.00,130.00,477.00,276.00,394.00,276.00
389.00,123.00,476.00,123.00,476.00,278.00,389.00,278.00
384.00,122.00,473.00,122.00,473.00,276.00,384.00,276.00
381.00,123.00,472.00,123.00,472.00,276.00,381.00,276.00
378.00,126.00,467.00,126.00,467.00,277.00,378.00,277.00
372.00,129.00,463.00,129.00,463.00,283.00,372.00,283.00
367.00,128.00,457.00,128.00,457.00,284.00,367.00,284.00
363.00,119.00,451.00,119.00,451.00,277.00,363.00,277.00
354.00,125.00,448.00,125.00,448.00,287.00,354.00,287.00
347.00,123.00,440.00,123.00,440.00,284.00,347.00,284.00
346.00,130.00,441.00,130.00,441.00,295.00,346.00,295.00
338.00,124.00,434.00,124.00,434.00,294.00,338.00,294.00
331.00,123.00,427.00,123.00,427.00,294.00,331.00,294.00
327.00,127.00,419.00,127.00,419.00,296.00,327.00,296.00
327.00,120.00,415.00,120.00,415.00,285.00,327.00,285.00
323.00,114.00,410.00,114.00,410.00,283.00,323.00,283.00
317.00,108.00,402.00,108.00,402.00,277.00,317.00,277.00
316.00,110.00,403.00,110.00,403.00,286.00,316.00,286.00
316.00,118.00,399.00,118.00,399.00,287.00,316.00,287.00
309.00,112.00,403.00,112.00,403.00,297.00,309.00,297.00
310.00,105.00,404.00,105.00,404.00,294.00,310.00,294.00
310.00,104.00,402.00,104.00,402.00,292.00,310.00,292.00
306.00,104.00,397.00,104.00,397.00,287.00,306.00,287.00
306.00,105.00,400.00,105.00,400.00,295.00,306.00,295.00
306.00,108.00,398.00,108.00,398.00,296.00,306.00,296.00
303.00,113.00,395.00,113.00,395.00,298.00,303.00,298.00
304.00,115.00,395.00,115.00,395.00,298.00,304.00,298.00
304.00,117.00,393.00,117.00,393.00,298.00,304.00,298.00
304.00,115.00,394.00,115.00,394.00,300.00,304.00,300.00
302.00,114.00,391.00,114.00,391.00,301.00,302.00,301.00
305.00,113.00,391.00,113.00,391.00,299.00,305.00,299.00
303.00,112.00,390.00,112.00,390.00,298.00,303.00,298.00
311.00,108.00,396.00,108.00,396.00,290.00,311.00,290.00
310.00,103.00,400.00,103.00,400.00,286.00,310.00,286.00
312.00,101.00,402.00,101.00,402.00,286.00,312.00,286.00
313.00,97.00,407.00,97.00,407.00,281.00,313.00,281.00
316.00,95.00,407.00,95.00,407.00,271.00,316.00,271.00
317.00,93.00,408.00,93.00,408.00,272.00,317.00,272.00
314.00,89.00,404.00,89.00,404.00,269.00,314.00,269.00
319.00,83.00,405.00,83.00,405.00,260.00,319.00,260.00
319.00,80.00,409.00,80.00,409.00,264.00,319.00,264.00
317.00,73.00,404.00,73.00,404.00,249.00,317.00,249.00
312.00,86.00,396.00,86.00,396.00,253.00,312.00,253.00
310.00,73.00,400.00,73.00,400.00,254.00,310.00,254.00
309.00,72.00,400.00,72.00,400.00,250.00,309.00,250.00
305.00,74.00,395.00,74.00,395.00,248.00,305.00,248.00
304.00,74.00,397.00,74.00,397.00,248.00,304.00,248.00
304.00,92.00,391.00,92.00,391.00,262.00,304.00,262.00
305.00,92.00,388.00,92.00,388.00,250.00,305.00,250.00
298.00,86.00,391.00,86.00,391.00,259.00,298.00,259.00
295.00,94.00,385.00,94.00,385.00,271.00,295.00,271.00
293.00,95.00,386.00,95.00,386.00,275.00,293.00,275.00
291.00,94.00,384.00,94.00,384.00,280.00,291.00,280.00
289.00,87.00,382.00,87.00,382.00,277.00,289.00,277.00
285.00,87.00,379.00,87.00,379.00,277.00,285.00,277.00
281.00,70.00,378.00,70.00,378.00,261.00,281.00,261.00
282.00,70.00,378.00,70.00,378.00,267.00,282.00,267.00
280.00,64.00,374.00,64.00,374.00,254.00,280.00,254.00
280.00,68.00,377.00,68.00,377.00,266.00,280.00,266.00
277.00,62.00,378.00,62.00,378.00,263.00,277.00,263.00
279.00,63.00,378.00,63.00,378.00,266.00,279.00,266.00
281.00,61.00,380.00,61.00,380.00,268.00,281.00,268.00
284.00,57.00,387.00,57.00,387.00,267.00,284.00,267.00
286.00,57.00,386.00,57.00,386.00,263.00,286.00,263.00
287.00,63.00,390.00,63.00,390.00,276.00,287.00,276.00
290.00,70.00,389.00,70.00,389.00,275.00,290.00,275.00
289.00,74.00,385.00,74.00,385.00,278.00,289.00,278.00
296.00,73.00,386.00,73.00,386.00,260.00,296.00,260.00
293.00,79.00,391.00,79.00,391.00,285.00,293.00,285.00
290.00,81.00,391.00,81.00,391.00,290.00,290.00,290.00
294.00,79.00,391.00,79.00,391.00,290.00,294.00,290.00
295.00,75.00,397.00,75.00,397.00,298.00,295.00,298.00
294.00,76.00,396.00,76.00,396.00,298.00,294.00,298.00
291.00,72.00,390.00,72.00,390.00,286.00,291.00,286.00
294.00,69.00,393.00,69.00,393.00,285.00,294.00,285.00
299.00,64.00,393.00,64.00,393.00,278.00,299.00,278.00
300.00,61.00,393.00,61.00,393.00,274.00,300.00,274.00
301.00,58.00,395.00,58.00,395.00,270.00,301.00,270.00
297.00,57.00,393.00,57.00,393.00,263.00,297.00,263.00
296.00,61.00,391.00,61.00,391.00,264.00,296.00,264.00
294.00,58.00,390.00,58.00,390.00,262.00,294.00,262.00
295.00,62.00,390.00,62.00,390.00,261.00,295.00,261.00
296.00,87.00,388.00,87.00,388.00,278.00,296.00,278.00
295.00,97.00,388.00,97.00,388.00,283.00,295.00,283.00
293.00,79.00,392.00,79.00,392.00,273.00,293.00,273.00
