1
292.00,157.00,381.00,157.00,381.00,351.00,292.00,351.00
290.00,155.00,380.00,155.00,380.00,352.00,290.00,352.00
291.00,155.00,379.00,155.00,379.00,353.00,291.00,353.00
292.00,156.00,376.00,156.00,376.00,353.00,292.00,353.00
290.00,157.00,375.00,157.00,375.00,350.00,290.00,350.00
291.00,157.00,375.00,157.00,375.00,345.00,291.00,345.00
290.00,156.00,374.00,156.00,374.00,347.00,290.00,347.00
288.00,155.00,371.00,155.00,371.00,346.00,288.00,346.00
288.00,152.00,376.00,152.00,376.00,349.00,288.00,349.00
287.00,151.00,376.00,151.00,376.00,343.00,287.00,343.00
288.00,153.00,381.00,153.00,381.00,334.00,288.00,334.00
285.00,152.00,373.00,152.00,373.00,337.00,285.00,337.00
283.00,145.00,376.00,145.00,376.00,337.00,283.00,337.00
281.00,150.00,368.00,150.00,368.00,339.00,281.00,339.00
283.00,140.00,373.00,140.00,373.00,329.00,283.00,329.00
279.00,146.00,369.00,146.00,369.00,335.00,279.00,335.00
279.00,150.00,370.00,150.00,370.00,330.00,279.00,330.00
276.00,156.00,363.00,156.00,363.00,331.00,276.00,331.00
266.00,172.00,350.00,172.00,350.00,352.00,266.00,352.00
262.00,168.00,344.00,168.00,344.00,335.00,262.00,335.00
260.00,169.00,340.00,169.00,340.00,334.00,260.00,334.00
256.00,174.00,336.00,174.00,336.00,339.00,256.00,339.00
254.00,164.00,331.00,164.00,331.00,330.00,254.00,330.00
251.00,156.00,324.00,156.00,324.00,323.00,251.00,323.00
248.00,157.00,318.00,157.00,318.00,324.00,248.00,324.00
256.00,166.00,329.00,166.00,329.00,329.00,256.00,329.00
265.00,157.00,340.00,157.00,340.00,323.00,265.00,323.00
253.00,163.00,324.00,163.00,324.00,327.00,253.00,327.00
251.00,166.00,321.00,166.00,321.00,323.00,251.00,323.00
242.00,167.00,308.00,167.00,308.00,324.00,242.00,324.00
2
0
0
0
0
1
307.00,134.00,394.00,134.00,394.00,286.00,307.00,286.00
308.00,133.00,391.00,133.00,391.00,284.00,308.00,284.00
310.00,134.00,390.00,134.00,390.00,285.00,310.00,285.00
303.00,136.00,391.00,136.00,391.00,291.00,303.00,291.00
311.00,130.00,395.00,130.00,395.00,281.00,311.00,281.00
314.00,128.00,397.00,128.00,397.00,281.00,314.00,281.00
311.00,129.00,394.00,129.00,394.00,282.00,311.00,282.00
313.00,126.00,397.00,126.00,397.00,281.00,313.00,281.00
317.00,124.00,399.00,124.00,399.00,281.00,317.00,281.00
314.00,121.00,395.00,121.00,395.00,280.00,314.00,280.00
310.00,119.00,392.00,119.00,392.00,279.00,310.00,279.00
315.00,124.00,398.00,124.00,398.00,280.00,315.00,280.00
313.00,122.00,396.00,122.00,396.00,280.00,313.00,280.00
314.00,123.00,397.00,123.00,397.00,277.00,314.00,277.00
312.00,122.00,395.00,122.00,395.00,276.00,312.00,276.00
314.00,123.00,394.00,123.00,394.00,276.00,314.00,276.00
318.00,126.00,397.00,126.00,397.00,274.00,318.00,274.00
319.00,125.00,400.00,125.00,400.00,275.00,319.00,275.00
321.00,126.00,399.00,126.00,399.00,276.00,321.00,276.00
325.00,126.00,403.00,126.00,403.00,276.00,325.00,276.00
325.00,123.00,401.00,123.00,401.00,274.00,325.00,274.00
323.00,129.00,404.00,129.00,404.00,272.00,323.00,272.00
325.00,127.00,405.00,127.00,405.00,279.00,325.00,279.00
328.00,125.00,410.00,125.00,410.00,278.00,328.00,278.00
331.00,123.00,413.00,123.00,413.00,277.00,331.00,277.00
331.00,125.00,415.00,125.00,415.00,277.00,331.00,277.00
335.00,122.00,417.00,122.00,417.00,275.00,335.00,275.00
334.00,127.00,414.00,127.00,414.00,274.00,334.00,274.00
335.00,129.00,416.00,129.00,416.00,276.00,335.00,276.00
338.00,131.00,417.00,131.00,417.00,279.00,338.00,279.00
343.00,131.00,421.00,131.00,421.00,274.00,343.00,274.00
345.00,132.00,422.00,132.00,422.00,273.00,345.00,273.00
345.00,136.00,421.00,136.00,421.00,273.00,345.00,273.00
347.00,137.00,422.00,137.00,422.00,274.00,347.00,274.00
346.00,136.00,424.00,136.00,424.00,275.00,346.00,275.00
346.00,137.00,425.00,137.00,425.00,275.00,346.00,275.00
349.00,136.00,427.00,136.00,427.00,274.00,349.00,274.00
352.00,133.00,430.00,133.00,430.00,271.00,352.00,271.00
353.00,133.00,431.00,133.00,431.00,271.00,353.00,271.00
352.00,132.00,429.00,132.00,429.00,270.00,352.00,270.00
355.00,130.00,431.00,130.00,431.00,268.00,355.00,268.00
358.00,132.00,434.00,132.00,434.00,269.00,358.00,269.00
357.00,128.00,433.00,128.00,433.00,267.00,357.00,267.00
356.00,130.00,434.00,130.00,434.00,267.00,356.00,267.00
357.00,135.00,435.00,135.00,435.00,269.00,357.00,269.00
359.00,135.00,435.00,135.00,435.00,266.00,359.00,266.00
363.00,135.00,436.00,135.00,436.00,261.00,363.00,261.00
364.00,134.00,439.00,134.00,439.00,263.00,364.00,263.00
362.00,128.00,439.00,128.00,439.00,260.00,362.00,260.00
362.00,128.00,437.00,128.00,437.00,260.00,362.00,260.00
365.00,128.00,441.00,128.00,441.00,260.00,365.00,260.00
370.00,126.00,442.00,126.00,442.00,257.00,370.00,257.00
375.00,126.00,454.00,126.00,454.00,259.00,375.00,259.00
377.00,126.00,458.00,126.00,458.00,261.00,377.00,261.00
377.00,130.00,455.00,130.00,455.00,262.00,377.00,262.00
379.00,131.00,460.00,131.00,460.00,265.00,379.00,265.00
382.00,133.00,462.00,133.00,462.00,267.00,382.00,267.00
381.00,131.00,460.00,131.00,460.00,265.00,381.00,265.00
383.00,131.00,463.00,131.00,463.00,264.00,383.00,264.00
386.00,131.00,464.00,131.00,464.00,261.00,386.00,261.00
386.00,127.00,465.00,127.00,465.00,260.00,386.00,260.00
386.00,128.00,467.00,128.00,467.00,261.00,386.00,261.00
385.00,128.00,465.00,128.00,465.00,261.00,385.00,261.00
386.00,126.00,465.00,126.00,465.00,260.00,386.00,260.00
387.00,125.00,468.00,125.00,468.00,259.00,387.00,259.00
389.00,118.00,469.00,118.00,469.00,256.00,389.00,256.00
388.00,125.00,466.00,125.00,466.00,258.00,388.00,258.00
387.00,120.00,466.00,120.00,466.00,254.00,387.00,254.00
389.00,124.00,467.00,124.00,467.00,258.00,389.00,258.00
387.00,122.00,463.00,122.00,463.00,255.00,387.00,255.00
389.00,122.00,465.00,122.00,465.00,255.00,389.00,255.00
389.00,121.00,465.00,121.00,465.00,258.00,389.00,258.00
387.00,118.00,463.00,118.00,463.00,250.00,387.00,250.00
384.00,118.00,460.00,118.00,460.00,255.00,384.00,255.00
384.00,116.00,460.00,116.00,460.00,256.00,384.00,256.00
384.00,117.00,458.00,117.00,458.00,256.00,384.00,256.00
382.00,116.00,459.00,116.00,459.00,256.00,382.00,256.00
382.00,115.00,459.00,115.00,459.00,258.00,382.00,258.00
381.00,116.00,456.00,116.00,456.00,258.00,381.00,258.00
381.00,113.00,455.00,113.00,455.00,254.00,381.00,254.00
379.00,113.00,454.00,113.00,454.00,256.00,379.00,256.00
378.00,114.00,456.00,114.00,456.00,259.00,378.00,259.00
378.00,114.00,455.00,114.00,455.00,257.00,378.00,257.00
378.00,113.00,455.00,113.00,455.00,258.00,378.00,258.00
376.00,111.00,453.00,111.00,453.00,256.00,376.00,256.00
375.00,111.00,452.00,111.00,452.00,258.00,375.00,258.00
374.00,112.00,452.00,112.00,452.00,257.00,374.00,257.00
372.00,110.00,451.00,110.00,451.00,257.00,372.00,257.00
372.00,110.00,452.00,110.00,452.00,258.00,372.00,258.00
369.00,110.00,449.00,110.00,449.00,260.00,369.00,260.00
367.00,110.00,447.00,110.00,447.00,259.00,367.00,259.00
368.00,109.00,448.00,109.00,448.00,257.00,368.00,257.00
368.00,109.00,446.00,109.00,446.00,258.00,368.00,258.00
366.00,112.00,443.00,112.00,443.00,254.00,366.00,254.00
365.00,106.00,444.00,106.00,444.00,259.00,365.00,259.00
365.00,112.00,446.00,112.00,446.00,263.00,365.00,263.00
363.00,110.00,444.00,110.00,444.00,262.00,363.00,262.00
363.00,108.00,447.00,108.00,447.00,262.00,363.00,262.00
361.00,103.00,444.00,103.00,444.00,260.00,361.00,260.00
362.00,106.00,446.00,106.00,446.00,259.00,362.00,259.00
364.00,109.00,449.00,109.00,449.00,258.00,364.00,258.00
361.00,103.00,447.00,103.00,447.00,267.00,361.00,267.00
361.00,109.00,444.00,109.00,444.00,270.00,361.00,270.00
361.00,106.00,444.00,106.00,444.00,270.00,361.00,270.00
360.00,104.00,445.00,104.00,445.00,272.00,360.00,272.00
362.00,105.00,449.00,105.00,449.00,271.00,362.00,271.00
363.00,110.00,448.00,110.00,448.00,275.00,363.00,275.00
363.00,107.00,450.00,107.00,450.00,273.00,363.00,273.00
365.00,109.00,451.00,109.00,451.00,272.00,365.00,272.00
364.00,108.00,453.00,108.00,453.00,276.00,364.00,276.00
364.00,110.00,453.00,110.00,453.00,279.00,364.00,279.00
364.00,110.00,453.00,110.00,453.00,282.00,364.00,282.00
367.00,111.00,455.00,111.00,455.00,282.00,367.00,282.00
365.00,110.00,455.00,110.00,455.00,284.00,365.00,284.00
363.00,109.00,454.00,109.00,454.00,286.00,363.00,286.00
364.00,112.00,455.00,112.00,455.00,287.00,364.00,287.00
364.00,117.00,456.00,117.00,456.00,289.00,364.00,289.00
366.00,117.00,457.00,117.00,457.00,287.00,366.00,287.00
366.00,116.00,451.00,116.00,451.00,274.00,366.00,274.00
359.00,119.00,449.00,119.00,449.00,288.00,359.00,288.00
357.00,125.00,448.00,125.00,448.00,289.00,357.00,289.00
358.00,125.00,447.00,125.00,447.00,286.00,358.00,286.00
356.00,124.00,443.00,124.00,443.00,283.00,356.00,283.00
353.00,124.00,438.00,124.00,438.00,281.00,353.00,281.00
350.00,121.00,434.00,121.00,434.00,280.00,350.00,280.00
351.00,123.00,435.00,123.00,435.00,278.00,351.00,278.00
351.00,126.00,434.00,126.00,434.00,280.00,351.00,280.00
350.00,128.00,431.00,128.00,431.00,279.00,350.00,279.00
351.00,134.00,432.00,134.00,432.00,280.00,351.00,280.00
350.00,133.00,432.00,133.00,432.00,278.00,350.00,278.00
349.00,132.00,428.00,132.00,428.00,275.00,349.00,275.00
348.00,134.00,428.00,134.00,428.00,275.00,348.00,275.00
348.00,134.00,430.00,134.00,430.00,275.00,348.00,275.00
351.00,136.00,430.00,136.00,430.00,276.00,351.00,276.00
346.00,129.00,426.00,129.00,426.00,272.00,346.00,272.00
346.00,132.00,427.00,132.00,427.00,275.00,346.00,275.00
349.00,135.00,426.00,135.00,426.00,276.00,349.00,276.00
342.00,135.00,418.00,135.00,418.00,278.00,342.00,278.00
346.00,131.00,423.00,131.00,423.00,276.00,346.00,276.00
347.00,134.00,421.00,134.00,421.00,278.00,347.00,278.00
347.00,139.00,421.00,139.00,421.00,281.00,347.00,281.00
347.00,137.00,423.00,137.00,423.00,283.00,347.00,283.00
338.00,134.00,415.00,134.00,415.00,276.00,338.00,276.00
342.00,131.00,421.00,131.00,421.00,282.00,342.00,282.00
340.00,131.00,417.00,131.00,417.00,281.00,340.00,281.00
341.00,131.00,417.00,131.00,417.00,281.00,341.00,281.00
341.00,131.00,419.00,131.00,419.00,281.00,341.00,281.00
334.00,130.00,411.00,130.00,411.00,276.00,334.00,276.00
336.00,132.00,408.00,132.00,408.00,277.00,336.00,277.00
334.00,128.00,409.00,128.00,409.00,279.00,334.00,279.00
333.00,124.00,406.00,124.00,406.00,279.00,333.00,279.00
328.00,124.00,402.00,124.00,402.00,279.00,328.00,279.00
326.00,122.00,399.00,122.00,399.00,275.00,326.00,275.00
322.00,125.00,394.00,125.00,394.00,277.00,322.00,277.00
319.00,127.00,393.00,127.00,393.00,277.00,319.00,277.00
317.00,128.00,393.00,128.00,393.00,277.00,317.00,277.00
315.00,130.00,391.00,130.00,391.00,280.00,315.00,280.00
315.00,128.00,394.00,128.00,394.00,278.00,315.00,278.00
313.00,129.00,392.00,129.00,392.00,281.00,313.00,281.00
314.00,128.00,393.00,128.00,393.00,279.00,314.00,279.00
314.00,127.00,393.00,127.00,393.00,280.00,314.00,280.00
316.00,126.00,395.00,126.00,395.00,278.00,316.00,278.00
317.00,127.00,394.00,127.00,394.00,278.00,317.00,278.00
317.00,126.00,394.00,126.00,394.00,277.00,317.00,277.00
317.00,125.00,393.00,125.00,393.00,275.00,317.00,275.00
317.00,129.00,387.00,129.00,387.00,280.00,317.00,280.00
312.00,132.00,386.00,132.00,386.00,273.00,312.00,273.00
318.00,127.00,391.00,127.00,391.00,270.00,318.00,270.00
320.00,128.00,393.00,128.00,393.00,272.00,320.00,272.00
321.00,129.00,390.00,129.00,390.00,270.00,321.00,270.00
323.00,130.00,394.00,130.00,394.00,271.00,323.00,271.00
322.00,126.00,390.00,126.00,390.00,268.00,322.00,268.00
324.00,129.00,390.00,129.00,390.00,269.00,324.00,269.00
326.00,127.00,394.00,127.00,394.00,266.00,326.00,266.00
327.00,126.00,394.00,126.00,394.00,267.00,327.00,267.00
328.00,127.00,396.00,127.00,396.00,268.00,328.00,268.00
331.00,128.00,402.00,128.00,402.00,271.00,331.00,271.00
332.00,126.00,404.00,126.00,404.00,271.00,332.00,271.00
334.00,126.00,405.00,126.00,405.00,270.00,334.00,270.00
337.00,125.00,410.00,125.00,410.00,267.00,337.00,267.00
338.00,124.00,412.00,124.00,412.00,268.00,338.00,268.00
341.00,124.00,416.00,124.00,416.00,268.00,341.00,268.00
344.00,122.00,417.00,122.00,417.00,265.00,344.00,265.00
347.00,122.00,421.00,122.00,421.00,264.00,347.00,264.00
350.00,123.00,422.00,123.00,422.00,267.00,350.00,267.00
352.00,124.00,426.00,124.00,426.00,269.00,352.00,269.00
354.00,125.00,427.00,125.00,427.00,270.00,354.00,270.00
356.00,125.00,429.00,125.00,429.00,270.00,356.00,270.00
357.00,125.00,432.00,125.00,432.00,273.00,357.00,273.00
358.00,127.00,433.00,127.00,433.00,276.00,358.00,276.00
358.00,135.00,432.00,135.00,432.00,278.00,358.00,278.00
359.00,128.00,432.00,128.00,432.00,263.00,359.00,263.00
362.00,126.00,436.00,126.00,436.00,276.00,362.00,276.00
363.00,128.00,437.00,128.00,437.00,280.00,363.00,280.00
365.00,133.00,438.00,133.00,438.00,286.00,365.00,286.00
366.00,119.00,440.00,119.00,440.00,266.00,366.00,266.00
367.00,115.00,441.00,115.00,441.00,271.00,367.00,271.00
366.00,123.00,440.00,123.00,440.00,280.00,366.00,280.00
367.00,113.00,439.00,113.00,439.00,268.00,367.00,268.00
367.00,109.00,440.00,109.00,440.00,266.00,367.00,266.00
366.00,110.00,440.00,110.00,440.00,266.00,366.00,266.00
366.00,113.00,439.00,113.00,439.00,264.00,366.00,264.00
366.00,115.00,438.00,115.00,438.00,264.00,366.00,264.00
367.00,127.00,440.00,127.00,440.00,273.00,367.00,273.00
375.00,130.00,449.00,130.00,449.00,278.00,375.00,278.00
376.00,127.00,452.00,127.00,452.00,280.00,376.00,280.00
370.00,117.00,449.00,117.00,449.00,272.00,370.00,272.00
370.00,117.00,446.00,117.00,446.00,278.00,370.00,278.00
374.00,119.00,451.00,119.00,451.00,280.00,374.00,280.00
375.00,121.00,451.00,121.00,451.00,281.00,375.00,281.00
376.00,121.00,450.00,121.00,450.00,278.00,376.00,278.00
374.00,122.00,448.00,122.00,448.00,279.00,374.00,279.00
368.00,122.00,445.00,122.00,445.00,281.00,368.00,281.00
371.00,126.00,444.00,126.00,444.00,282.00,371.00,282.00
372.00,127.00,442.00,127.00,442.00,278.00,372.00,278.00
377.00,143.00,445.00,143.00,445.00,286.00,377.00,286.00
372.00,130.00,443.00,130.00,443.00,286.00,372.00,286.00
372.00,123.00,446.00,123.00,446.00,281.00,372.00,281.00
371.00,121.00,447.00,121.00,447.00,282.00,371.00,282.00
371.00,118.00,445.00,118.00,445.00,282.00,371.00,282.00
373.00,119.00,447.00,119.00,447.00,281.00,373.00,281.00
374.00,117.00,449.00,117.00,449.00,282.00,374.00,282.00
377.00,115.00,449.00,115.00,449.00,282.00,377.00,282.00
377.00,120.00,452.00,120.00,452.00,286.00,377.00,286.00
376.00,117.00,453.00,117.00,453.00,284.00,376.00,284.00
374.00,112.00,450.00,112.00,450.00,285.00,374.00,285.00
373.00,111.00,452.00,111.00,452.00,284.00,373.00,284.00
377.00,108.00,458.00,108.00,458.00,288.00,377.00,288.00
379.00,110.00,462.00,110.00,462.00,289.00,379.00,289.00
380.00,111.00,466.00,111.00,466.00,286.00,380.00,286.00
380.00,110.00,465.00,110.00,465.00,286.00,380.00,286.00
382.00,116.00,464.00,116.00,464.00,288.00,382.00,288.00
385.00,108.00,472.00,108.00,472.00,288.00,385.00,288.00
384.00,115.00,473.00,115.00,473.00,291.00,384.00,291.00
390.00,121.00,477.00,121.00,477.00,291.00,390.00,291.00
391.00,122.00,478.00,122.00,478.00,291.00,391.00,291.00
393.00,123.00,483.00,123.00,483.00,291.00,393.00,291.00
394.00,121.00,483.00,121.00,483.00,291.00,394.00,291.00
403.00,122.00,484.00,122.00,484.00,276.00,403.00,276.00
395.00,113.00,485.00,113.00,485.00,289.00,395.00,289.00
395.00,108.00,482.00,108.00,482.00,287.00,395.00,287.00
393.00,109.00,481.00,109.00,481.00,288.00,393.00,288.00
395.00,112.00,482.00,112.00,482.00,288.00,395.00,288.00
391.00,112.00,478.00,112.00,478.00,288.00,391.00,288.00
390.00,110.00,476.00,110.00,476.00,280.00,390.00,280.00
390.00,113.00,479.00,113.00,479.00,281.00,390.00,281.00
382.00,114.00,477.00,114.00,477.00,290.00,382.00,290.00
377.00,109.00,474.00,109.00,474.00,289.00,377.00,289.00
372.00,114.00,469.00,114.00,469.00,293.00,372.00,293.00
368.00,115.00,464.00,115.00,464.00,293.00,368.00,293.00
363.00,117.00,461.00,117.00,461.00,299.00,363.00,299.00
360.00,117.00,457.00,117.00,457.00,300.00,360.00,300.00
351.00,113.00,451.00,113.00,451.00,301.00,351.00,301.00
344.00,112.00,442.00,112.00,442.00,298.00,344.00,298.00
339.00,114.00,440.00,114.00,440.00,302.00,339.00,302.00
337.00,116.00,439.00,116.00,439.00,306.00,337.00,306.00
329.00,114.00,429.00,114.00,429.00,305.00,329.00,305.00
325.00,116.00,421.00,116.00,421.00,306.00,325.00,306.00
324.00,115.00,419.00,115.00,419.00,302.00,324.00,302.00
320.00,108.00,414.00,108.00,414.00,302.00,320.00,302.00
316.00,106.00,410.00,106.00,410.00,303.00,316.00,303.00
312.00,99.00,404.00,99.00,404.00,304.00,312.00,304.00
312.00,102.00,394.00,102.00,394.00,290.00,312.00,290.00
305.00,99.00,401.00,99.00,401.00,303.00,305.00,303.00
308.00,94.00,405.00,94.00,405.00,300.00,308.00,300.00
308.00,95.00,405.00,95.00,405.00,301.00,308.00,301.00
305.00,95.00,399.00,95.00,399.00,301.00,305.00,301.00
302.00,99.00,401.00,99.00,401.00,304.00,302.00,304.00
301.00,102.00,396.00,102.00,396.00,306.00,301.00,306.00
306.00,106.00,399.00,106.00,399.00,305.00,306.00,305.00
303.00,109.00,398.00,109.00,398.00,305.00,303.00,305.00
305.00,113.00,398.00,113.00,398.00,306.00,305.00,306.00
306.00,112.00,397.00,112.00,397.00,307.00,306.00,307.00
305.00,108.00,395.00,108.00,395.00,309.00,305.00,309.00
303.00,110.00,393.00,110.00,393.00,311.00,303.00,311.00
304.00,107.00,393.00,107.00,393.00,309.00,304.00,309.00
308.00,102.00,399.00,102.00,399.00,303.00,308.00,303.00
308.00,97.00,403.00,97.00,403.00,306.00,308.00,306.00
311.00,95.00,404.00,95.00,404.00,302.00,311.00,302.00
313.00,93.00,408.00,93.00,408.00,301.00,313.00,301.00
318.00,90.00,411.00,90.00,411.00,290.00,318.00,290.00
314.00,84.00,409.00,84.00,409.00,289.00,314.00,289.00
307.00,93.00,403.00,93.00,403.00,298.00,307.00,298.00
314.00,78.00,407.00,78.00,407.00,283.00,314.00,283.00
312.00,81.00,411.00,81.00,411.00,284.00,312.00,284.00
313.00,74.00,408.00,74.00,408.00,277.00,313.00,277.00
313.00,82.00,405.00,82.00,405.00,264.00,313.00,264.00
308.00,71.00,404.00,71.00,404.00,275.00,308.00,275.00
305.00,69.00,402.00,69.00,402.00,275.00,305.00,275.00
304.00,69.00,399.00,69.00,399.00,272.00,304.00,272.00
300.00,71.00,398.00,71.00,398.00,273.00,300.00,273.00
302.00,85.00,397.00,85.00,397.00,283.00,302.00,283.00
302.00,88.00,394.00,88.00,394.00,266.00,302.00,266.00
295.00,90.00,394.00,90.00,394.00,282.00,295.00,282.00
292.00,93.00,391.00,93.00,391.00,286.00,292.00,286.00
291.00,89.00,391.00,89.00,391.00,284.00,291.00,284.00
289.00,87.00,390.00,87.00,390.00,288.00,289.00,288.00
285.00,80.00,386.00,80.00,386.00,286.00,285.00,286.00
282.00,72.00,385.00,72.00,385.00,291.00,282.00,291.00
279.00,71.00,382.00,71.00,382.00,294.00,279.00,294.00
275.00,63.00,380.00,63.00,380.00,295.00,275.00,295.00
276.00,60.00,381.00,60.00,381.00,292.00,276.00,292.00
275.00,61.00,381.00,61.00,381.00,301.00,275.00,301.00
272.00,53.00,380.00,53.00,380.00,296.00,272.00,296.00
273.00,53.00,380.00,53.00,380.00,299.00,273.00,299.00
270.00,55.00,379.00,55.00,379.00,296.00,270.00,296.00
279.00,55.00,390.00,55.00,390.00,297.00,279.00,297.00
280.00,62.00,390.00,62.00,390.00,300.00,280.00,300.00
278.00,69.00,391.00,69.00,391.00,306.00,278.00,306.00
283.00,74.00,390.00,74.00,390.00,301.00,283.00,301.00
285.00,77.00,389.00,77.00,389.00,302.00,285.00,302.00
286.00,68.00,388.00,68.00,388.00,284.00,286.00,284.00
288.00,79.00,391.00,79.00,391.00,304.00,288.00,304.00
292.00,85.00,393.00,85.00,393.00,314.00,292.00,314.00
296.00,82.00,395.00,82.00,395.00,318.00,296.00,318.00
289.00,74.00,395.00,74.00,395.00,319.00,289.00,319.00
290.00,71.00,397.00,71.00,397.00,315.00,290.00,315.00
291.00,67.00,394.00,67.00,394.00,313.00,291.00,313.00
289.00,61.00,395.00,61.00,395.00,310.00,289.00,310.00
292.00,59.00,395.00,59.00,395.00,301.00,292.00,301.00
292.00,59.00,396.00,59.00,396.00,303.00,292.00,303.00
289.00,52.00,396.00,52.00,396.00,303.00,289.00,303.00
286.00,54.00,395.00,54.00,395.00,286.00,286.00,286.00
286.00,64.00,393.00,64.00,393.00,295.00,286.00,295.00
284.00,66.00,391.00,66.00,391.00,297.00,284.00,297.00
285.00,83.00,394.00,83.00,394.00,319.00,285.00,319.00
285.00,91.00,396.00,91.00,396.00,320.00,285.00,320.00
286.00,87.00,398.00,87.00,398.00,315.00,286.00,315.00
282.00,86.00,396.00,86.00,396.00,315.00,282.00,315.00
