1
292.00,158.00,381.00,158.00,381.00,352.00,292.00,352.00
291.00,155.00,380.00,155.00,380.00,351.00,291.00,351.00
291.00,156.00,378.00,156.00,378.00,351.00,291.00,351.00
291.00,153.00,376.00,153.00,376.00,356.00,291.00,356.00
290.00,156.00,374.00,156.00,374.00,353.00,290.00,353.00
289.00,157.00,373.00,157.00,373.00,354.00,289.00,354.00
289.00,156.00,374.00,156.00,374.00,351.00,289.00,351.00
288.00,157.00,371.00,157.00,371.00,348.00,288.00,348.00
286.00,151.00,376.00,151.00,376.00,347.00,286.00,347.00
285.00,156.00,373.00,156.00,373.00,348.00,285.00,348.00
287.00,153.00,377.00,153.00,377.00,336.00,287.00,336.00
283.00,159.00,369.00,159.00,369.00,350.00,283.00,350.00
281.00,152.00,367.00,152.00,367.00,349.00,281.00,349.00
281.00,145.00,370.00,145.00,370.00,339.00,281.00,339.00
281.00,145.00,371.00,145.00,371.00,337.00,281.00,337.00
281.00,144.00,369.00,144.00,369.00,335.00,281.00,335.00
276.00,159.00,361.00,159.00,361.00,341.00,276.00,341.00
277.00,158.00,361.00,158.00,361.00,336.00,277.00,336.00
271.00,154.00,354.00,154.00,354.00,343.00,271.00,343.00
262.00,173.00,343.00,173.00,343.00,351.00,262.00,351.00
261.00,163.00,344.00,163.00,344.00,344.00,261.00,344.00
257.00,171.00,338.00,171.00,338.00,350.00,257.00,350.00
255.00,161.00,335.00,161.00,335.00,341.00,255.00,341.00
253.00,162.00,328.00,162.00,328.00,342.00,253.00,342.00
249.00,159.00,320.00,159.00,320.00,332.00,249.00,332.00
256.00,164.00,326.00,164.00,326.00,335.00,256.00,335.00
265.00,159.00,343.00,159.00,343.00,331.00,265.00,331.00
281.00,149.00,368.00,149.00,368.00,328.00,281.00,328.00
292.00,141.00,384.00,141.00,384.00,323.00,292.00,323.00
269.00,152.00,347.00,152.00,347.00,322.00,269.00,322.00
281.00,142.00,362.00,142.00,362.00,320.00,281.00,320.00
248.00,157.00,316.00,157.00,316.00,319.00,248.00,319.00
2
0
0
0
0
1
317.00,131.00,377.00,131.00,377.00,261.00,317.00,261.00
321.00,122.00,385.00,122.00,385.00,255.00,321.00,255.00
321.00,128.00,382.00,128.00,382.00,262.00,321.00,262.00
321.00,125.00,383.00,125.00,383.00,262.00,321.00,262.00
323.00,127.00,385.00,127.00,385.00,261.00,323.00,261.00
324.00,126.00,387.00,126.00,387.00,261.00,324.00,261.00
328.00,126.00,391.00,126.00,391.00,262.00,328.00,262.00
329.00,125.00,393.00,125.00,393.00,266.00,329.00,266.00
332.00,127.00,396.00,127.00,396.00,271.00,332.00,271.00
332.00,126.00,396.00,126.00,396.00,266.00,332.00,266.00
331.00,125.00,393.00,125.00,393.00,264.00,331.00,264.00
329.00,125.00,388.00,125.00,388.00,261.00,329.00,261.00
331.00,128.00,391.00,128.00,391.00,263.00,331.00,263.00
329.00,126.00,385.00,126.00,385.00,257.00,329.00,257.00
331.00,126.00,389.00,126.00,389.00,261.00,331.00,261.00
332.00,125.00,389.00,125.00,389.00,260.00,332.00,260.00
333.00,125.00,391.00,125.00,391.00,261.00,333.00,261.00
334.00,128.00,393.00,128.00,393.00,261.00,334.00,261.00
336.00,131.00,395.00,131.00,395.00,260.00,336.00,260.00
335.00,135.00,402.00,135.00,402.00,268.00,335.00,268.00
337.00,126.00,397.00,126.00,397.00,265.00,337.00,265.00
340.00,124.00,401.00,124.00,401.00,260.00,340.00,260.00
342.00,126.00,402.00,126.00,402.00,260.00,342.00,260.00
346.00,124.00,407.00,124.00,407.00,257.00,346.00,257.00
344.00,125.00,405.00,125.00,405.00,259.00,344.00,259.00
346.00,122.00,404.00,122.00,404.00,249.00,346.00,249.00
347.00,125.00,405.00,125.00,405.00,256.00,347.00,256.00
352.00,126.00,411.00,126.00,411.00,256.00,352.00,256.00
354.00,128.00,411.00,128.00,411.00,255.00,354.00,255.00
355.00,132.00,413.00,132.00,413.00,260.00,355.00,260.00
356.00,133.00,412.00,133.00,412.00,257.00,356.00,257.00
361.00,132.00,417.00,132.00,417.00,253.00,361.00,253.00
360.00,131.00,417.00,131.00,417.00,255.00,360.00,255.00
360.00,131.00,416.00,131.00,416.00,257.00,360.00,257.00
362.00,131.00,419.00,131.00,419.00,255.00,362.00,255.00
363.00,129.00,422.00,129.00,422.00,253.00,363.00,253.00
365.00,131.00,423.00,131.00,423.00,252.00,365.00,252.00
364.00,129.00,421.00,129.00,421.00,252.00,364.00,252.00
366.00,130.00,422.00,130.00,422.00,253.00,366.00,253.00
367.00,132.00,424.00,132.00,424.00,253.00,367.00,253.00
371.00,131.00,426.00,131.00,426.00,250.00,371.00,250.00
372.00,133.00,426.00,133.00,426.00,251.00,372.00,251.00
372.00,132.00,427.00,132.00,427.00,251.00,372.00,251.00
374.00,131.00,426.00,131.00,426.00,250.00,374.00,250.00
375.00,140.00,430.00,140.00,430.00,254.00,375.00,254.00
377.00,132.00,430.00,132.00,430.00,247.00,377.00,247.00
377.00,134.00,432.00,134.00,432.00,247.00,377.00,247.00
379.00,133.00,433.00,133.00,433.00,246.00,379.00,246.00
380.00,133.00,434.00,133.00,434.00,244.00,380.00,244.00
386.00,140.00,439.00,140.00,439.00,250.00,386.00,250.00
384.00,132.00,438.00,132.00,438.00,245.00,384.00,245.00
375.00,122.00,432.00,122.00,432.00,244.00,375.00,244.00
388.00,133.00,442.00,133.00,442.00,245.00,388.00,245.00
391.00,134.00,445.00,134.00,445.00,243.00,391.00,243.00
390.00,130.00,443.00,130.00,443.00,245.00,390.00,245.00
392.00,131.00,445.00,131.00,445.00,244.00,392.00,244.00
391.00,127.00,444.00,127.00,444.00,247.00,391.00,247.00
397.00,131.00,448.00,131.00,448.00,246.00,397.00,246.00
397.00,128.00,450.00,128.00,450.00,242.00,397.00,242.00
397.00,125.00,451.00,125.00,451.00,241.00,397.00,241.00
396.00,123.00,450.00,123.00,450.00,244.00,396.00,244.00
397.00,124.00,449.00,124.00,449.00,243.00,397.00,243.00
398.00,124.00,452.00,124.00,452.00,242.00,398.00,242.00
399.00,122.00,454.00,122.00,454.00,242.00,399.00,242.00
399.00,123.00,454.00,123.00,454.00,242.00,399.00,242.00
399.00,121.00,454.00,121.00,454.00,239.00,399.00,239.00
398.00,120.00,452.00,120.00,452.00,238.00,398.00,238.00
398.00,123.00,451.00,123.00,451.00,241.00,398.00,241.00
399.00,122.00,452.00,122.00,452.00,238.00,399.00,238.00
397.00,121.00,450.00,121.00,450.00,240.00,397.00,240.00
399.00,128.00,454.00,128.00,454.00,240.00,399.00,240.00
395.00,119.00,450.00,119.00,450.00,238.00,395.00,238.00
393.00,118.00,449.00,118.00,449.00,239.00,393.00,239.00
394.00,120.00,448.00,120.00,448.00,239.00,394.00,239.00
392.00,119.00,447.00,119.00,447.00,240.00,392.00,240.00
392.00,118.00,448.00,118.00,448.00,240.00,392.00,240.00
391.00,119.00,447.00,119.00,447.00,239.00,391.00,239.00
390.00,118.00,447.00,118.00,447.00,238.00,390.00,238.00
388.00,117.00,446.00,117.00,446.00,239.00,388.00,239.00
387.00,117.00,446.00,117.00,446.00,243.00,387.00,243.00
388.00,118.00,447.00,118.00,447.00,241.00,388.00,241.00
387.00,115.00,446.00,115.00,446.00,240.00,387.00,240.00
386.00,115.00,445.00,115.00,445.00,240.00,386.00,240.00
385.00,113.00,445.00,113.00,445.00,239.00,385.00,239.00
384.00,114.00,443.00,114.00,443.00,239.00,384.00,239.00
383.00,113.00,442.00,113.00,442.00,237.00,383.00,237.00
382.00,113.00,443.00,113.00,443.00,238.00,382.00,238.00
381.00,112.00,441.00,112.00,441.00,240.00,381.00,240.00
380.00,111.00,442.00,111.00,442.00,238.00,380.00,238.00
380.00,113.00,441.00,113.00,441.00,243.00,380.00,243.00
380.00,113.00,441.00,113.00,441.00,236.00,380.00,236.00
377.00,118.00,438.00,118.00,438.00,235.00,377.00,235.00
376.00,109.00,440.00,109.00,440.00,241.00,376.00,241.00
376.00,112.00,442.00,112.00,442.00,241.00,376.00,241.00
374.00,110.00,437.00,110.00,437.00,241.00,374.00,241.00
375.00,109.00,440.00,109.00,440.00,238.00,375.00,238.00
371.00,108.00,436.00,108.00,436.00,244.00,371.00,244.00
373.00,108.00,436.00,108.00,436.00,235.00,373.00,235.00
374.00,110.00,438.00,110.00,438.00,236.00,374.00,236.00
373.00,108.00,435.00,108.00,435.00,242.00,373.00,242.00
373.00,110.00,436.00,110.00,436.00,242.00,373.00,242.00
373.00,112.00,435.00,112.00,435.00,244.00,373.00,244.00
374.00,112.00,437.00,112.00,437.00,246.00,374.00,246.00
375.00,113.00,439.00,113.00,439.00,247.00,375.00,247.00
374.00,112.00,438.00,112.00,438.00,247.00,374.00,247.00
374.00,111.00,439.00,111.00,439.00,248.00,374.00,248.00
375.00,113.00,439.00,113.00,439.00,248.00,375.00,248.00
376.00,113.00,440.00,113.00,440.00,248.00,376.00,248.00
380.00,116.00,443.00,116.00,443.00,248.00,380.00,248.00
382.00,117.00,444.00,117.00,444.00,247.00,382.00,247.00
383.00,120.00,445.00,120.00,445.00,248.00,383.00,248.00
383.00,120.00,446.00,120.00,446.00,250.00,383.00,250.00
383.00,116.00,449.00,116.00,449.00,248.00,383.00,248.00
384.00,120.00,449.00,120.00,449.00,251.00,384.00,251.00
384.00,121.00,450.00,121.00,450.00,252.00,384.00,252.00
382.00,121.00,448.00,121.00,448.00,255.00,382.00,255.00
380.00,125.00,446.00,125.00,446.00,255.00,380.00,255.00
377.00,123.00,443.00,123.00,443.00,255.00,377.00,255.00
376.00,126.00,441.00,126.00,441.00,255.00,376.00,255.00
373.00,128.00,439.00,128.00,439.00,259.00,373.00,259.00
370.00,127.00,434.00,127.00,434.00,256.00,370.00,256.00
369.00,127.00,431.00,127.00,431.00,257.00,369.00,257.00
369.00,130.00,430.00,130.00,430.00,256.00,369.00,256.00
367.00,127.00,429.00,127.00,429.00,254.00,367.00,254.00
365.00,127.00,427.00,127.00,427.00,256.00,365.00,256.00
363.00,130.00,424.00,130.00,424.00,259.00,363.00,259.00
362.00,130.00,424.00,130.00,424.00,260.00,362.00,260.00
362.00,132.00,424.00,132.00,424.00,260.00,362.00,260.00
360.00,133.00,422.00,133.00,422.00,260.00,360.00,260.00
361.00,132.00,423.00,132.00,423.00,257.00,361.00,257.00
362.00,131.00,424.00,131.00,424.00,257.00,362.00,257.00
359.00,133.00,420.00,133.00,420.00,259.00,359.00,259.00
357.00,128.00,420.00,128.00,420.00,260.00,357.00,260.00
359.00,133.00,422.00,133.00,422.00,261.00,359.00,261.00
357.00,129.00,420.00,129.00,420.00,257.00,357.00,257.00
359.00,129.00,419.00,129.00,419.00,257.00,359.00,257.00
359.00,133.00,417.00,133.00,417.00,260.00,359.00,260.00
360.00,134.00,414.00,134.00,414.00,256.00,360.00,256.00
361.00,135.00,416.00,135.00,416.00,258.00,361.00,258.00
358.00,136.00,415.00,136.00,415.00,261.00,358.00,261.00
352.00,136.00,413.00,136.00,413.00,257.00,352.00,257.00
353.00,131.00,412.00,131.00,412.00,258.00,353.00,258.00
354.00,135.00,413.00,135.00,413.00,256.00,354.00,256.00
353.00,137.00,413.00,137.00,413.00,259.00,353.00,259.00
350.00,133.00,407.00,133.00,407.00,256.00,350.00,256.00
346.00,136.00,405.00,136.00,405.00,256.00,346.00,256.00
348.00,133.00,404.00,133.00,404.00,253.00,348.00,253.00
346.00,131.00,401.00,131.00,401.00,254.00,346.00,254.00
343.00,131.00,399.00,131.00,399.00,259.00,343.00,259.00
339.00,128.00,395.00,128.00,395.00,256.00,339.00,256.00
336.00,128.00,390.00,128.00,390.00,255.00,336.00,255.00
331.00,127.00,385.00,127.00,385.00,254.00,331.00,254.00
329.00,130.00,385.00,130.00,385.00,257.00,329.00,257.00
329.00,131.00,386.00,131.00,386.00,253.00,329.00,253.00
324.00,130.00,380.00,130.00,380.00,254.00,324.00,254.00
324.00,131.00,380.00,131.00,380.00,257.00,324.00,257.00
324.00,129.00,381.00,129.00,381.00,251.00,324.00,251.00
324.00,129.00,381.00,129.00,381.00,254.00,324.00,254.00
323.00,128.00,381.00,128.00,381.00,252.00,323.00,252.00
323.00,126.00,381.00,126.00,381.00,248.00,323.00,248.00
323.00,126.00,380.00,126.00,380.00,244.00,323.00,244.00
323.00,126.00,381.00,126.00,381.00,246.00,323.00,246.00
323.00,125.00,380.00,125.00,380.00,245.00,323.00,245.00
323.00,127.00,380.00,127.00,380.00,245.00,323.00,245.00
322.00,130.00,379.00,130.00,379.00,252.00,322.00,252.00
322.00,126.00,376.00,126.00,376.00,246.00,322.00,246.00
323.00,126.00,377.00,126.00,377.00,246.00,323.00,246.00
325.00,126.00,379.00,126.00,379.00,241.00,325.00,241.00
326.00,126.00,382.00,126.00,382.00,242.00,326.00,242.00
326.00,123.00,380.00,123.00,380.00,239.00,326.00,239.00
329.00,124.00,383.00,124.00,383.00,240.00,329.00,240.00
328.00,124.00,382.00,124.00,382.00,241.00,328.00,241.00
331.00,124.00,385.00,124.00,385.00,241.00,331.00,241.00
332.00,123.00,386.00,123.00,386.00,239.00,332.00,239.00
335.00,126.00,390.00,126.00,390.00,243.00,335.00,243.00
336.00,124.00,391.00,124.00,391.00,240.00,336.00,240.00
338.00,125.00,395.00,125.00,395.00,242.00,338.00,242.00
341.00,124.00,399.00,124.00,399.00,241.00,341.00,241.00
343.00,122.00,401.00,122.00,401.00,235.00,343.00,235.00
345.00,124.00,402.00,124.00,402.00,239.00,345.00,239.00
348.00,121.00,408.00,121.00,408.00,235.00,348.00,235.00
351.00,121.00,411.00,121.00,411.00,235.00,351.00,235.00
352.00,120.00,410.00,120.00,410.00,234.00,352.00,234.00
356.00,121.00,413.00,121.00,413.00,237.00,356.00,237.00
358.00,120.00,416.00,120.00,416.00,238.00,358.00,238.00
361.00,120.00,419.00,120.00,419.00,241.00,361.00,241.00
362.00,121.00,422.00,121.00,422.00,245.00,362.00,245.00
363.00,121.00,422.00,121.00,422.00,247.00,363.00,247.00
361.00,122.00,420.00,122.00,420.00,245.00,361.00,245.00
363.00,123.00,426.00,123.00,426.00,242.00,363.00,242.00
367.00,120.00,425.00,120.00,425.00,251.00,367.00,251.00
368.00,118.00,426.00,118.00,426.00,246.00,368.00,246.00
370.00,116.00,429.00,116.00,429.00,246.00,370.00,246.00
370.00,115.00,433.00,115.00,433.00,237.00,370.00,237.00
374.00,111.00,432.00,111.00,432.00,242.00,374.00,242.00
374.00,110.00,434.00,110.00,434.00,245.00,374.00,245.00
374.00,108.00,433.00,108.00,433.00,244.00,374.00,244.00
374.00,106.00,436.00,106.00,436.00,242.00,374.00,242.00
374.00,106.00,436.00,106.00,436.00,240.00,374.00,240.00
374.00,109.00,437.00,109.00,437.00,240.00,374.00,240.00
374.00,111.00,438.00,111.00,438.00,242.00,374.00,242.00
373.00,111.00,436.00,111.00,436.00,239.00,373.00,239.00
373.00,112.00,437.00,112.00,437.00,244.00,373.00,244.00
374.00,112.00,438.00,112.00,438.00,244.00,374.00,244.00
374.00,111.00,438.00,111.00,438.00,244.00,374.00,244.00
376.00,111.00,438.00,111.00,438.00,246.00,376.00,246.00
375.00,112.00,439.00,112.00,439.00,248.00,375.00,248.00
375.00,111.00,440.00,111.00,440.00,248.00,375.00,248.00
375.00,112.00,440.00,112.00,440.00,246.00,375.00,246.00
375.00,113.00,439.00,113.00,439.00,246.00,375.00,246.00
374.00,113.00,437.00,113.00,437.00,245.00,374.00,245.00
375.00,115.00,436.00,115.00,436.00,244.00,375.00,244.00
372.00,115.00,436.00,115.00,436.00,244.00,372.00,244.00
372.00,121.00,436.00,121.00,436.00,246.00,372.00,246.00
373.00,115.00,434.00,115.00,434.00,246.00,373.00,246.00
373.00,114.00,435.00,114.00,435.00,245.00,373.00,245.00
372.00,113.00,434.00,113.00,434.00,238.00,372.00,238.00
374.00,112.00,435.00,112.00,435.00,239.00,374.00,239.00
374.00,111.00,434.00,111.00,434.00,235.00,374.00,235.00
375.00,109.00,436.00,109.00,436.00,240.00,375.00,240.00
375.00,108.00,436.00,108.00,436.00,239.00,375.00,239.00
377.00,108.00,440.00,108.00,440.00,250.00,377.00,250.00
378.00,110.00,440.00,110.00,440.00,255.00,378.00,255.00
377.00,109.00,439.00,109.00,439.00,252.00,377.00,252.00
378.00,109.00,439.00,109.00,439.00,250.00,378.00,250.00
380.00,108.00,443.00,108.00,443.00,252.00,380.00,252.00
384.00,109.00,445.00,109.00,445.00,250.00,384.00,250.00
385.00,108.00,448.00,108.00,448.00,244.00,385.00,244.00
383.00,105.00,449.00,105.00,449.00,246.00,383.00,246.00
386.00,105.00,451.00,105.00,451.00,238.00,386.00,238.00
392.00,101.00,455.00,101.00,455.00,235.00,392.00,235.00
394.00,109.00,457.00,109.00,457.00,247.00,394.00,247.00
397.00,114.00,460.00,114.00,460.00,252.00,397.00,252.00
398.00,116.00,461.00,116.00,461.00,258.00,398.00,258.00
402.00,111.00,468.00,111.00,468.00,259.00,402.00,259.00
401.00,108.00,469.00,108.00,469.00,254.00,401.00,254.00
406.00,122.00,475.00,122.00,475.00,257.00,406.00,257.00
406.00,116.00,477.00,116.00,477.00,256.00,406.00,256.00
404.00,116.00,474.00,116.00,474.00,260.00,404.00,260.00
402.00,110.00,472.00,110.00,472.00,253.00,402.00,253.00
405.00,112.00,473.00,112.00,473.00,253.00,405.00,253.00
401.00,115.00,469.00,115.00,469.00,255.00,401.00,255.00
396.00,117.00,469.00,117.00,469.00,257.00,396.00,257.00
397.00,112.00,468.00,112.00,468.00,247.00,397.00,247.00
390.00,110.00,463.00,110.00,463.00,262.00,390.00,262.00
385.00,110.00,459.00,110.00,459.00,259.00,385.00,259.00
382.00,109.00,454.00,109.00,454.00,253.00,382.00,253.00
376.00,113.00,449.00,113.00,449.00,261.00,376.00,261.00
369.00,122.00,445.00,122.00,445.00,276.00,369.00,276.00
365.00,119.00,439.00,119.00,439.00,274.00,365.00,274.00
359.00,116.00,435.00,116.00,435.00,272.00,359.00,272.00
354.00,114.00,427.00,114.00,427.00,272.00,354.00,272.00
349.00,121.00,427.00,121.00,427.00,277.00,349.00,277.00
343.00,114.00,420.00,114.00,420.00,274.00,343.00,274.00
337.00,122.00,414.00,122.00,414.00,283.00,337.00,283.00
334.00,120.00,409.00,120.00,409.00,279.00,334.00,279.00
332.00,117.00,405.00,117.00,405.00,267.00,332.00,267.00
327.00,109.00,400.00,109.00,400.00,263.00,327.00,263.00
324.00,107.00,397.00,107.00,397.00,261.00,324.00,261.00
320.00,99.00,388.00,99.00,388.00,250.00,320.00,250.00
322.00,111.00,392.00,111.00,392.00,256.00,322.00,256.00
314.00,103.00,388.00,103.00,388.00,262.00,314.00,262.00
314.00,101.00,390.00,101.00,390.00,263.00,314.00,263.00
313.00,99.00,389.00,99.00,389.00,254.00,313.00,254.00
312.00,103.00,385.00,103.00,385.00,260.00,312.00,260.00
310.00,102.00,387.00,102.00,387.00,263.00,310.00,263.00
308.00,103.00,388.00,103.00,388.00,268.00,308.00,268.00
310.00,105.00,389.00,105.00,389.00,270.00,310.00,270.00
310.00,107.00,387.00,107.00,387.00,271.00,310.00,271.00
312.00,109.00,387.00,109.00,387.00,269.00,312.00,269.00
311.00,106.00,385.00,106.00,385.00,272.00,311.00,272.00
312.00,107.00,385.00,107.00,385.00,270.00,312.00,270.00
313.00,106.00,385.00,106.00,385.00,269.00,313.00,269.00
311.00,107.00,384.00,107.00,384.00,274.00,311.00,274.00
314.00,104.00,388.00,104.00,388.00,265.00,314.00,265.00
315.00,102.00,391.00,102.00,391.00,267.00,315.00,267.00
320.00,97.00,393.00,97.00,393.00,255.00,320.00,255.00
322.00,96.00,396.00,96.00,396.00,259.00,322.00,259.00
326.00,96.00,398.00,96.00,398.00,249.00,326.00,249.00
324.00,89.00,398.00,89.00,398.00,249.00,324.00,249.00
321.00,87.00,396.00,87.00,396.00,249.00,321.00,249.00
318.00,87.00,393.00,87.00,393.00,253.00,318.00,253.00
318.00,83.00,396.00,83.00,396.00,245.00,318.00,245.00
319.00,77.00,396.00,77.00,396.00,235.00,319.00,235.00
318.00,74.00,394.00,74.00,394.00,224.00,318.00,224.00
316.00,72.00,394.00,72.00,394.00,230.00,316.00,230.00
315.00,72.00,393.00,72.00,393.00,229.00,315.00,229.00
310.00,78.00,387.00,78.00,387.00,231.00,310.00,231.00
308.00,85.00,385.00,85.00,385.00,235.00,308.00,235.00
308.00,89.00,382.00,89.00,382.00,237.00,308.00,237.00
308.00,92.00,381.00,92.00,381.00,222.00,308.00,222.00
306.00,90.00,379.00,90.00,379.00,232.00,306.00,232.00
304.00,92.00,376.00,92.00,376.00,233.00,304.00,233.00
299.00,94.00,369.00,94.00,369.00,239.00,299.00,239.00
297.00,94.00,367.00,94.00,367.00,245.00,297.00,245.00
294.00,85.00,364.00,85.00,364.00,235.00,294.00,235.00
289.00,81.00,360.00,81.00,360.00,235.00,289.00,235.00
284.00,69.00,353.00,69.00,353.00,225.00,284.00,225.00
285.00,68.00,356.00,68.00,356.00,232.00,285.00,232.00
285.00,67.00,354.00,67.00,354.00,224.00,285.00,224.00
284.00,63.00,357.00,63.00,357.00,228.00,284.00,228.00
283.00,56.00,359.00,56.00,359.00,228.00,283.00,228.00
285.00,55.00,358.00,55.00,358.00,230.00,285.00,230.00
287.00,55.00,360.00,55.00,360.00,225.00,287.00,225.00
287.00,59.00,363.00,59.00,363.00,226.00,287.00,226.00
289.00,58.00,365.00,58.00,365.00,228.00,289.00,228.00
290.00,60.00,368.00,60.00,368.00,238.00,290.00,238.00
295.00,60.00,373.00,60.00,373.00,239.00,295.00,239.00
298.00,65.00,376.00,65.00,376.00,248.00,298.00,248.00
298.00,69.00,379.00,69.00,379.00,241.00,298.00,241.00
300.00,69.00,378.00,69.00,378.00,252.00,300.00,252.00
306.00,72.00,382.00,72.00,382.00,249.00,306.00,249.00
306.00,72.00,382.00,72.00,382.00,253.00,306.00,253.00
302.00,69.00,382.00,69.00,382.00,256.00,302.00,256.00
303.00,70.00,382.00,70.00,382.00,248.00,303.00,248.00
302.00,69.00,378.00,69.00,378.00,246.00,302.00,246.00
302.00,64.00,382.00,64.00,382.00,247.00,302.00,247.00
303.00,56.00,380.00,56.00,380.00,234.00,303.00,234.00
304.00,56.00,382.00,56.00,382.00,231.00,304.00,231.00
303.00,51.00,382.00,51.00,382.00,233.00,303.00,233.00
301.00,53.00,380.00,53.00,380.00,233.00,301.00,233.00
302.00,56.00,382.00,56.00,382.00,228.00,302.00,228.00
300.00,51.00,384.00,51.00,384.00,226.00,300.00,226.00
297.00,55.00,382.00,55.00,382.00,231.00,297.00,231.00
297.00,59.00,379.00,59.00,379.00,221.00,297.00,221.00
296.00,72.00,374.00,72.00,374.00,233.00,296.00,233.00
296.00,60.00,378.00,60.00,378.00,224.00,296.00,224.00
