1
320.00,535.00,333.00,535.00,333.00,584.00,320.00,584.00
312.00,525.00,323.00,525.00,323.00,571.00,312.00,571.00
308.00,532.00,319.00,532.00,319.00,587.00,308.00,587.00
322.00,523.00,335.00,523.00,335.00,573.00,322.00,573.00
317.00,514.00,334.00,514.00,334.00,563.00,317.00,563.00
2
0
0
0
0
1
342.00,429.00,357.00,429.00,357.00,479.00,342.00,479.00
342.00,432.00,357.00,432.00,357.00,484.00,342.00,484.00
348.00,422.00,363.00,422.00,363.00,471.00,348.00,471.00
356.00,430.00,375.00,430.00,375.00,477.00,356.00,477.00
377.00,435.00,397.00,435.00,397.00,485.00,377.00,485.00
395.00,430.00,414.00,430.00,414.00,481.00,395.00,481.00
392.00,410.00,412.00,410.00,412.00,464.00,392.00,464.00
375.00,404.00,394.00,404.00,394.00,452.00,375.00,452.00
376.00,391.00,390.00,391.00,390.00,442.00,376.00,442.00
378.00,394.00,391.00,394.00,391.00,441.00,378.00,441.00
376.00,383.00,391.00,383.00,391.00,435.00,376.00,435.00
366.00,376.00,385.00,376.00,385.00,424.00,366.00,424.00
352.00,368.00,369.00,368.00,369.00,421.00,352.00,421.00
347.00,357.00,363.00,357.00,363.00,406.00,347.00,406.00
347.00,349.00,366.00,349.00,366.00,396.00,347.00,396.00
346.00,329.00,365.00,329.00,365.00,377.00,346.00,377.00
346.00,317.00,364.00,317.00,364.00,364.00,346.00,364.00
367.00,305.00,385.00,305.00,385.00,352.00,367.00,352.00
372.00,279.00,390.00,279.00,390.00,325.00,372.00,325.00
374.00,251.00,392.00,251.00,392.00,297.00,374.00,297.00
388.00,240.00,406.00,240.00,406.00,285.00,388.00,285.00
402.00,235.00,418.00,235.00,418.00,286.00,402.00,286.00
414.00,256.00,433.00,256.00,433.00,302.00,414.00,302.00
430.00,271.00,449.00,271.00,449.00,317.00,430.00,317.00
450.00,281.00,466.00,281.00,466.00,336.00,450.00,336.00
457.00,292.00,476.00,292.00,476.00,343.00,457.00,343.00
460.00,294.00,479.00,294.00,479.00,347.00,460.00,347.00
440.00,308.00,462.00,308.00,462.00,362.00,440.00,362.00
440.00,301.00,458.00,301.00,458.00,361.00,440.00,361.00
429.00,321.00,448.00,321.00,448.00,369.00,429.00,369.00
404.00,321.00,427.00,321.00,427.00,371.00,404.00,371.00
2
0
0
0
0
1
259.00,263.00,283.00,263.00,283.00,324.00,259.00,324.00
243.00,260.00,266.00,260.00,266.00,321.00,243.00,321.00
242.00,249.00,268.00,249.00,268.00,308.00,242.00,308.00
266.00,262.00,289.00,262.00,289.00,332.00,266.00,332.00
293.00,286.00,316.00,286.00,316.00,356.00,293.00,356.00
323.00,305.00,346.00,305.00,346.00,375.00,323.00,375.00
340.00,317.00,358.00,317.00,358.00,373.00,340.00,373.00
331.00,319.00,350.00,319.00,350.00,376.00,331.00,376.00
336.00,314.00,360.00,314.00,360.00,368.00,336.00,368.00
350.00,327.00,370.00,327.00,370.00,398.00,350.00,398.00
354.00,349.00,374.00,349.00,374.00,419.00,354.00,419.00
354.00,375.00,375.00,375.00,375.00,451.00,354.00,451.00
344.00,386.00,367.00,386.00,367.00,446.00,344.00,446.00
322.00,373.00,346.00,373.00,346.00,447.00,322.00,447.00
302.00,362.00,323.00,362.00,323.00,433.00,302.00,433.00
295.00,342.00,312.00,342.00,312.00,405.00,295.00,405.00
294.00,340.00,310.00,340.00,310.00,403.00,294.00,403.00
301.00,338.00,317.00,338.00,317.00,401.00,301.00,401.00
296.00,346.00,313.00,346.00,313.00,413.00,296.00,413.00
297.00,341.00,314.00,341.00,314.00,409.00,297.00,409.00
300.00,340.00,315.00,340.00,315.00,401.00,300.00,401.00
298.00,329.00,313.00,329.00,313.00,391.00,298.00,391.00
287.00,330.00,304.00,330.00,304.00,405.00,287.00,405.00
290.00,343.00,316.00,343.00,316.00,408.00,290.00,408.00
314.00,348.00,330.00,348.00,330.00,407.00,314.00,407.00
301.00,345.00,324.00,345.00,324.00,410.00,301.00,410.00
288.00,330.00,304.00,330.00,304.00,396.00,288.00,396.00
289.00,327.00,304.00,327.00,304.00,391.00,289.00,391.00
296.00,339.00,313.00,339.00,313.00,400.00,296.00,400.00
308.00,341.00,323.00,341.00,323.00,402.00,308.00,402.00
304.00,348.00,320.00,348.00,320.00,414.00,304.00,414.00
308.00,348.00,330.00,348.00,330.00,410.00,308.00,410.00
323.00,353.00,338.00,353.00,338.00,421.00,323.00,421.00
325.00,368.00,344.00,368.00,344.00,431.00,325.00,431.00
339.00,364.00,358.00,364.00,358.00,426.00,339.00,426.00
345.00,362.00,360.00,362.00,360.00,425.00,345.00,425.00
342.00,341.00,359.00,341.00,359.00,417.00,342.00,417.00
346.00,333.00,371.00,333.00,371.00,398.00,346.00,398.00
374.00,332.00,398.00,332.00,398.00,403.00,374.00,403.00
401.00,330.00,418.00,330.00,418.00,398.00,401.00,398.00
401.00,322.00,418.00,322.00,418.00,384.00,401.00,384.00
393.00,317.00,410.00,317.00,410.00,386.00,393.00,386.00
396.00,314.00,417.00,314.00,417.00,386.00,396.00,386.00
413.00,300.00,430.00,300.00,430.00,367.00,413.00,367.00
417.00,310.00,434.00,310.00,434.00,378.00,417.00,378.00
438.00,302.00,463.00,302.00,463.00,375.00,438.00,375.00
462.00,314.00,480.00,314.00,480.00,381.00,462.00,381.00
473.00,322.00,491.00,322.00,491.00,388.00,473.00,388.00
481.00,316.00,497.00,316.00,497.00,386.00,481.00,386.00
482.00,307.00,498.00,307.00,498.00,374.00,482.00,374.00
486.00,308.00,502.00,308.00,502.00,372.00,486.00,372.00
494.00,296.00,518.00,296.00,518.00,373.00,494.00,373.00
513.00,282.00,536.00,282.00,536.00,348.00,513.00,348.00
529.00,280.00,550.00,280.00,550.00,346.00,529.00,346.00
546.00,267.00,568.00,267.00,568.00,338.00,546.00,338.00
562.00,258.00,581.00,258.00,581.00,324.00,562.00,324.00
570.00,248.00,589.00,248.00,589.00,317.00,570.00,317.00
579.00,229.00,599.00,229.00,599.00,302.00,579.00,302.00
587.00,215.00,604.00,215.00,604.00,283.00,587.00,283.00
593.00,208.00,612.00,208.00,612.00,274.00,593.00,274.00
606.00,208.00,624.00,208.00,624.00,275.00,606.00,275.00
613.00,209.00,628.00,209.00,628.00,273.00,613.00,273.00
599.00,202.00,622.00,202.00,622.00,265.00,599.00,265.00
580.00,195.00,600.00,195.00,600.00,260.00,580.00,260.00
579.00,202.00,595.00,202.00,595.00,265.00,579.00,265.00
564.00,191.00,587.00,191.00,587.00,260.00,564.00,260.00
540.00,183.00,566.00,183.00,566.00,259.00,540.00,259.00
516.00,167.00,534.00,167.00,534.00,231.00,516.00,231.00
512.00,155.00,528.00,155.00,528.00,223.00,512.00,223.00
493.00,137.00,519.00,137.00,519.00,206.00,493.00,206.00
464.00,130.00,490.00,130.00,490.00,207.00,464.00,207.00
453.00,147.00,469.00,147.00,469.00,214.00,453.00,214.00
458.00,157.00,476.00,157.00,476.00,241.00,458.00,241.00
465.00,175.00,491.00,175.00,491.00,251.00,465.00,251.00
488.00,188.00,510.00,188.00,510.00,258.00,488.00,258.00
497.00,193.00,513.00,193.00,513.00,261.00,497.00,261.00
494.00,181.00,514.00,181.00,514.00,258.00,494.00,258.00
506.00,173.00,530.00,173.00,530.00,250.00,506.00,250.00
523.00,164.00,544.00,164.00,544.00,240.00,523.00,240.00
540.00,166.00,565.00,166.00,565.00,238.00,540.00,238.00
