1
321.00,534.00,334.00,534.00,334.00,582.00,321.00,582.00
312.00,525.00,322.00,525.00,322.00,571.00,312.00,571.00
308.00,531.00,319.00,531.00,319.00,587.00,308.00,587.00
327.00,529.00,340.00,529.00,340.00,576.00,327.00,576.00
320.00,514.00,335.00,514.00,335.00,562.00,320.00,562.00
2
0
0
0
0
1
343.00,429.00,357.00,429.00,357.00,479.00,343.00,479.00
343.00,432.00,357.00,432.00,357.00,484.00,343.00,484.00
349.00,422.00,362.00,422.00,362.00,471.00,349.00,471.00
358.00,427.00,376.00,427.00,376.00,480.00,358.00,480.00
375.00,436.00,394.00,436.00,394.00,483.00,375.00,483.00
395.00,431.00,414.00,431.00,414.00,479.00,395.00,479.00
393.00,410.00,412.00,410.00,412.00,465.00,393.00,465.00
375.00,398.00,392.00,398.00,392.00,455.00,375.00,455.00
375.00,391.00,390.00,391.00,390.00,442.00,375.00,442.00
377.00,394.00,391.00,394.00,391.00,440.00,377.00,440.00
376.00,382.00,391.00,382.00,391.00,435.00,376.00,435.00
365.00,376.00,384.00,376.00,384.00,424.00,365.00,424.00
352.00,367.00,369.00,367.00,369.00,423.00,352.00,423.00
347.00,357.00,364.00,357.00,364.00,406.00,347.00,406.00
347.00,349.00,367.00,349.00,367.00,398.00,347.00,398.00
346.00,322.00,365.00,322.00,365.00,375.00,346.00,375.00
344.00,316.00,364.00,316.00,364.00,366.00,344.00,366.00
366.00,301.00,387.00,301.00,387.00,352.00,366.00,352.00
372.00,281.00,393.00,281.00,393.00,333.00,372.00,333.00
371.00,258.00,392.00,258.00,392.00,310.00,371.00,310.00
388.00,234.00,409.00,234.00,409.00,285.00,388.00,285.00
403.00,234.00,421.00,234.00,421.00,288.00,403.00,288.00
416.00,255.00,438.00,255.00,438.00,307.00,416.00,307.00
431.00,272.00,454.00,272.00,454.00,325.00,431.00,325.00
449.00,279.00,466.00,279.00,466.00,341.00,449.00,341.00
457.00,292.00,475.00,292.00,475.00,343.00,457.00,343.00
459.00,293.00,480.00,293.00,480.00,353.00,459.00,353.00
439.00,308.00,461.00,308.00,461.00,367.00,439.00,367.00
440.00,300.00,457.00,300.00,457.00,361.00,440.00,361.00
423.00,314.00,449.00,314.00,449.00,379.00,423.00,379.00
408.00,319.00,431.00,319.00,431.00,376.00,408.00,376.00
2
0
0
0
0
1
258.00,262.00,284.00,262.00,284.00,325.00,258.00,325.00
243.00,260.00,267.00,260.00,267.00,321.00,243.00,321.00
243.00,248.00,268.00,248.00,268.00,308.00,243.00,308.00
264.00,263.00,287.00,263.00,287.00,336.00,264.00,336.00
292.00,282.00,315.00,282.00,315.00,355.00,292.00,355.00
320.00,305.00,343.00,305.00,343.00,377.00,320.00,377.00
339.00,317.00,357.00,317.00,357.00,374.00,339.00,374.00
331.00,319.00,349.00,319.00,349.00,377.00,331.00,377.00
336.00,312.00,360.00,312.00,360.00,369.00,336.00,369.00
350.00,328.00,369.00,328.00,369.00,398.00,350.00,398.00
354.00,349.00,373.00,349.00,373.00,418.00,354.00,418.00
354.00,376.00,374.00,376.00,374.00,450.00,354.00,450.00
345.00,386.00,368.00,386.00,368.00,447.00,345.00,447.00
323.00,377.00,346.00,377.00,346.00,448.00,323.00,448.00
298.00,357.00,322.00,357.00,322.00,429.00,298.00,429.00
294.00,340.00,311.00,340.00,311.00,406.00,294.00,406.00
292.00,341.00,310.00,341.00,310.00,404.00,292.00,404.00
300.00,338.00,318.00,338.00,318.00,401.00,300.00,401.00
295.00,347.00,312.00,347.00,312.00,412.00,295.00,412.00
296.00,341.00,313.00,341.00,313.00,407.00,296.00,407.00
299.00,340.00,315.00,340.00,315.00,402.00,299.00,402.00
297.00,329.00,314.00,329.00,314.00,392.00,297.00,392.00
286.00,333.00,303.00,333.00,303.00,405.00,286.00,405.00
289.00,343.00,316.00,343.00,316.00,408.00,289.00,408.00
314.00,346.00,332.00,346.00,332.00,407.00,314.00,407.00
300.00,346.00,325.00,346.00,325.00,410.00,300.00,410.00
288.00,330.00,304.00,330.00,304.00,396.00,288.00,396.00
288.00,327.00,305.00,327.00,305.00,390.00,288.00,390.00
296.00,339.00,315.00,339.00,315.00,400.00,296.00,400.00
306.00,341.00,324.00,341.00,324.00,401.00,306.00,401.00
303.00,349.00,319.00,349.00,319.00,412.00,303.00,412.00
307.00,350.00,329.00,350.00,329.00,410.00,307.00,410.00
322.00,353.00,338.00,353.00,338.00,420.00,322.00,420.00
325.00,370.00,345.00,370.00,345.00,432.00,325.00,432.00
339.00,365.00,358.00,365.00,358.00,426.00,339.00,426.00
344.00,363.00,362.00,363.00,362.00,424.00,344.00,424.00
342.00,343.00,360.00,343.00,360.00,415.00,342.00,415.00
345.00,335.00,372.00,335.00,372.00,398.00,345.00,398.00
370.00,333.00,394.00,333.00,394.00,401.00,370.00,401.00
400.00,332.00,418.00,332.00,418.00,396.00,400.00,396.00
400.00,322.00,418.00,322.00,418.00,383.00,400.00,383.00
392.00,319.00,408.00,319.00,408.00,384.00,392.00,384.00
395.00,316.00,416.00,316.00,416.00,382.00,395.00,382.00
412.00,300.00,431.00,300.00,431.00,363.00,412.00,363.00
416.00,311.00,434.00,311.00,434.00,375.00,416.00,375.00
439.00,302.00,463.00,302.00,463.00,370.00,439.00,370.00
462.00,314.00,481.00,314.00,481.00,379.00,462.00,379.00
472.00,323.00,491.00,323.00,491.00,383.00,472.00,383.00
480.00,318.00,495.00,318.00,495.00,380.00,480.00,380.00
482.00,308.00,497.00,308.00,497.00,369.00,482.00,369.00
486.00,310.00,502.00,310.00,502.00,368.00,486.00,368.00
493.00,301.00,516.00,301.00,516.00,365.00,493.00,365.00
510.00,284.00,533.00,284.00,533.00,349.00,510.00,349.00
528.00,283.00,550.00,283.00,550.00,344.00,528.00,344.00
545.00,269.00,566.00,269.00,566.00,334.00,545.00,334.00
561.00,261.00,580.00,261.00,580.00,320.00,561.00,320.00
571.00,251.00,588.00,251.00,588.00,313.00,571.00,313.00
579.00,232.00,598.00,232.00,598.00,298.00,579.00,298.00
587.00,216.00,603.00,216.00,603.00,279.00,587.00,279.00
592.00,212.00,613.00,212.00,613.00,271.00,592.00,271.00
605.00,211.00,625.00,211.00,625.00,271.00,605.00,271.00
612.00,211.00,628.00,211.00,628.00,270.00,612.00,270.00
598.00,205.00,621.00,205.00,621.00,263.00,598.00,263.00
581.00,198.00,600.00,198.00,600.00,256.00,581.00,256.00
578.00,204.00,595.00,204.00,595.00,262.00,578.00,262.00
564.00,192.00,587.00,192.00,587.00,256.00,564.00,256.00
542.00,185.00,565.00,185.00,565.00,252.00,542.00,252.00
516.00,169.00,537.00,169.00,537.00,230.00,516.00,230.00
512.00,156.00,527.00,156.00,527.00,221.00,512.00,221.00
493.00,137.00,516.00,137.00,516.00,204.00,493.00,204.00
465.00,138.00,488.00,138.00,488.00,205.00,465.00,205.00
453.00,150.00,468.00,150.00,468.00,210.00,453.00,210.00
459.00,157.00,475.00,157.00,475.00,237.00,459.00,237.00
464.00,176.00,490.00,176.00,490.00,246.00,464.00,246.00
490.00,189.00,512.00,189.00,512.00,251.00,490.00,251.00
497.00,193.00,512.00,193.00,512.00,256.00,497.00,256.00
495.00,183.00,512.00,183.00,512.00,254.00,495.00,254.00
507.00,175.00,530.00,175.00,530.00,245.00,507.00,245.00
524.00,167.00,545.00,167.00,545.00,237.00,524.00,237.00
539.00,167.00,566.00,167.00,566.00,236.00,539.00,236.00
