1
318.00,539.00,331.00,539.00,331.00,588.00,318.00,588.00
312.00,524.00,323.00,524.00,323.00,571.00,312.00,571.00
308.00,531.00,319.00,531.00,319.00,587.00,308.00,587.00
321.00,522.00,334.00,522.00,334.00,570.00,321.00,570.00
319.00,514.00,335.00,514.00,335.00,562.00,319.00,562.00
2
0
0
0
0
1
342.00,429.00,358.00,429.00,358.00,478.00,342.00,478.00
342.00,433.00,358.00,433.00,358.00,484.00,342.00,484.00
348.00,423.00,364.00,423.00,364.00,470.00,348.00,470.00
356.00,428.00,376.00,428.00,376.00,480.00,356.00,480.00
374.00,435.00,394.00,435.00,394.00,482.00,374.00,482.00
394.00,431.00,412.00,431.00,412.00,482.00,394.00,482.00
393.00,410.00,412.00,410.00,412.00,464.00,393.00,464.00
375.00,399.00,392.00,399.00,392.00,453.00,375.00,453.00
376.00,392.00,390.00,392.00,390.00,441.00,376.00,441.00
378.00,395.00,391.00,395.00,391.00,439.00,378.00,439.00
376.00,384.00,391.00,384.00,391.00,434.00,376.00,434.00
366.00,376.00,384.00,376.00,384.00,423.00,366.00,423.00
352.00,367.00,369.00,367.00,369.00,422.00,352.00,422.00
348.00,358.00,364.00,358.00,364.00,405.00,348.00,405.00
345.00,349.00,366.00,349.00,366.00,398.00,345.00,398.00
346.00,322.00,363.00,322.00,363.00,375.00,346.00,375.00
346.00,316.00,367.00,316.00,367.00,366.00,346.00,366.00
368.00,303.00,389.00,303.00,389.00,353.00,368.00,353.00
373.00,275.00,389.00,275.00,389.00,333.00,373.00,333.00
369.00,264.00,390.00,264.00,390.00,315.00,369.00,315.00
383.00,244.00,404.00,244.00,404.00,295.00,383.00,295.00
400.00,234.00,418.00,234.00,418.00,290.00,400.00,290.00
412.00,258.00,433.00,258.00,433.00,310.00,412.00,310.00
435.00,273.00,456.00,273.00,456.00,325.00,435.00,325.00
451.00,279.00,467.00,279.00,467.00,339.00,451.00,339.00
458.00,292.00,475.00,292.00,475.00,342.00,458.00,342.00
460.00,293.00,479.00,293.00,479.00,352.00,460.00,352.00
440.00,308.00,462.00,308.00,462.00,364.00,440.00,364.00
440.00,301.00,458.00,301.00,458.00,361.00,440.00,361.00
426.00,314.00,448.00,314.00,448.00,377.00,426.00,377.00
406.00,324.00,427.00,324.00,427.00,376.00,406.00,376.00
2
0
0
0
0
1
261.00,262.00,283.00,262.00,283.00,324.00,261.00,324.00
244.00,261.00,266.00,261.00,266.00,321.00,244.00,321.00
243.00,248.00,267.00,248.00,267.00,308.00,243.00,308.00
266.00,264.00,289.00,264.00,289.00,335.00,266.00,335.00
295.00,284.00,318.00,284.00,318.00,356.00,295.00,356.00
319.00,305.00,342.00,305.00,342.00,378.00,319.00,378.00
341.00,317.00,358.00,317.00,358.00,374.00,341.00,374.00
332.00,319.00,350.00,319.00,350.00,375.00,332.00,375.00
337.00,312.00,359.00,312.00,359.00,370.00,337.00,370.00
351.00,327.00,369.00,327.00,369.00,398.00,351.00,398.00
356.00,348.00,374.00,348.00,374.00,419.00,356.00,419.00
351.00,365.00,375.00,365.00,375.00,440.00,351.00,440.00
347.00,384.00,367.00,384.00,367.00,447.00,347.00,447.00
319.00,373.00,343.00,373.00,343.00,449.00,319.00,449.00
304.00,362.00,323.00,362.00,323.00,433.00,304.00,433.00
296.00,341.00,311.00,341.00,311.00,406.00,296.00,406.00
295.00,341.00,310.00,341.00,310.00,404.00,295.00,404.00
302.00,337.00,317.00,337.00,317.00,401.00,302.00,401.00
297.00,346.00,313.00,346.00,313.00,415.00,297.00,415.00
298.00,340.00,314.00,340.00,314.00,410.00,298.00,410.00
302.00,340.00,317.00,340.00,317.00,403.00,302.00,403.00
298.00,329.00,313.00,329.00,313.00,394.00,298.00,394.00
288.00,332.00,304.00,332.00,304.00,407.00,288.00,407.00
291.00,341.00,316.00,341.00,316.00,412.00,291.00,412.00
314.00,346.00,330.00,346.00,330.00,408.00,314.00,408.00
302.00,343.00,325.00,343.00,325.00,413.00,302.00,413.00
289.00,330.00,303.00,330.00,303.00,397.00,289.00,397.00
290.00,327.00,304.00,327.00,304.00,392.00,290.00,392.00
297.00,338.00,314.00,338.00,314.00,401.00,297.00,401.00
309.00,340.00,324.00,340.00,324.00,402.00,309.00,402.00
305.00,348.00,321.00,348.00,321.00,414.00,305.00,414.00
309.00,348.00,329.00,348.00,329.00,412.00,309.00,412.00
324.00,353.00,337.00,353.00,337.00,421.00,324.00,421.00
326.00,369.00,343.00,369.00,343.00,433.00,326.00,433.00
340.00,364.00,358.00,364.00,358.00,428.00,340.00,428.00
346.00,363.00,361.00,363.00,361.00,426.00,346.00,426.00
344.00,342.00,360.00,342.00,360.00,417.00,344.00,417.00
347.00,333.00,371.00,333.00,371.00,400.00,347.00,400.00
374.00,330.00,398.00,330.00,398.00,402.00,374.00,402.00
400.00,331.00,418.00,331.00,418.00,399.00,400.00,399.00
402.00,321.00,418.00,321.00,418.00,383.00,402.00,383.00
394.00,318.00,409.00,318.00,409.00,384.00,394.00,384.00
396.00,315.00,416.00,315.00,416.00,383.00,396.00,383.00
412.00,300.00,430.00,300.00,430.00,364.00,412.00,364.00
417.00,311.00,434.00,311.00,434.00,375.00,417.00,375.00
438.00,303.00,462.00,303.00,462.00,373.00,438.00,373.00
464.00,314.00,481.00,314.00,481.00,380.00,464.00,380.00
473.00,324.00,490.00,324.00,490.00,385.00,473.00,385.00
481.00,318.00,495.00,318.00,495.00,381.00,481.00,381.00
483.00,307.00,496.00,307.00,496.00,369.00,483.00,369.00
487.00,310.00,501.00,310.00,501.00,369.00,487.00,369.00
492.00,304.00,515.00,304.00,515.00,373.00,492.00,373.00
513.00,283.00,534.00,283.00,534.00,346.00,513.00,346.00
530.00,281.00,550.00,281.00,550.00,345.00,530.00,345.00
547.00,268.00,567.00,268.00,567.00,336.00,547.00,336.00
563.00,259.00,580.00,259.00,580.00,321.00,563.00,321.00
572.00,249.00,588.00,249.00,588.00,316.00,572.00,316.00
580.00,230.00,599.00,230.00,599.00,301.00,580.00,301.00
588.00,217.00,604.00,217.00,604.00,283.00,588.00,283.00
593.00,210.00,613.00,210.00,613.00,274.00,593.00,274.00
605.00,210.00,624.00,210.00,624.00,274.00,605.00,274.00
613.00,211.00,627.00,211.00,627.00,272.00,613.00,272.00
599.00,203.00,620.00,203.00,620.00,267.00,599.00,267.00
583.00,195.00,601.00,195.00,601.00,257.00,583.00,257.00
580.00,204.00,595.00,204.00,595.00,265.00,580.00,265.00
563.00,191.00,584.00,191.00,584.00,259.00,563.00,259.00
537.00,175.00,560.00,175.00,560.00,247.00,537.00,247.00
518.00,166.00,535.00,166.00,535.00,229.00,518.00,229.00
514.00,155.00,527.00,155.00,527.00,223.00,514.00,223.00
493.00,137.00,517.00,137.00,517.00,203.00,493.00,203.00
469.00,138.00,492.00,138.00,492.00,212.00,469.00,212.00
453.00,150.00,468.00,150.00,468.00,213.00,453.00,213.00
460.00,157.00,475.00,157.00,475.00,241.00,460.00,241.00
465.00,178.00,490.00,178.00,490.00,248.00,465.00,248.00
490.00,190.00,509.00,190.00,509.00,256.00,490.00,256.00
499.00,196.00,512.00,196.00,512.00,258.00,499.00,258.00
495.00,183.00,512.00,183.00,512.00,255.00,495.00,255.00
507.00,175.00,529.00,175.00,529.00,247.00,507.00,247.00
524.00,167.00,544.00,167.00,544.00,240.00,524.00,240.00
541.00,166.00,565.00,166.00,565.00,240.00,541.00,240.00
