1
316.00,540.00,329.00,540.00,329.00,588.00,316.00,588.00
312.00,524.00,323.00,524.00,323.00,572.00,312.00,572.00
308.00,531.00,319.00,531.00,319.00,588.00,308.00,588.00
321.00,522.00,334.00,522.00,334.00,570.00,321.00,570.00
319.00,515.00,335.00,515.00,335.00,562.00,319.00,562.00
314.00,502.00,327.00,502.00,327.00,549.00,314.00,549.00
2
0
0
0
0
1
340.00,433.00,356.00,433.00,356.00,482.00,340.00,482.00
345.00,423.00,363.00,423.00,363.00,468.00,345.00,468.00
357.00,436.00,374.00,436.00,374.00,482.00,357.00,482.00
377.00,439.00,395.00,439.00,395.00,486.00,377.00,486.00
393.00,438.00,411.00,438.00,411.00,485.00,393.00,485.00
392.00,418.00,410.00,418.00,410.00,465.00,392.00,465.00
371.00,401.00,392.00,401.00,392.00,451.00,371.00,451.00
374.00,391.00,390.00,391.00,390.00,439.00,374.00,439.00
374.00,392.00,390.00,392.00,390.00,437.00,374.00,437.00
374.00,382.00,389.00,382.00,389.00,433.00,374.00,433.00
363.00,377.00,381.00,377.00,381.00,425.00,363.00,425.00
348.00,369.00,368.00,369.00,368.00,422.00,348.00,422.00
344.00,358.00,361.00,358.00,361.00,404.00,344.00,404.00
346.00,354.00,364.00,354.00,364.00,402.00,346.00,402.00
342.00,334.00,360.00,334.00,360.00,382.00,342.00,382.00
343.00,324.00,361.00,324.00,361.00,372.00,343.00,372.00
369.00,317.00,387.00,317.00,387.00,364.00,369.00,364.00
371.00,281.00,390.00,281.00,390.00,333.00,371.00,333.00
371.00,271.00,389.00,271.00,389.00,318.00,371.00,318.00
391.00,257.00,409.00,257.00,409.00,303.00,391.00,303.00
401.00,240.00,420.00,240.00,420.00,288.00,401.00,288.00
415.00,259.00,433.00,259.00,433.00,305.00,415.00,305.00
433.00,273.00,451.00,273.00,451.00,319.00,433.00,319.00
447.00,284.00,464.00,284.00,464.00,335.00,447.00,335.00
455.00,294.00,475.00,294.00,475.00,338.00,455.00,338.00
459.00,304.00,477.00,304.00,477.00,351.00,459.00,351.00
441.00,315.00,459.00,315.00,459.00,362.00,441.00,362.00
436.00,304.00,456.00,304.00,456.00,356.00,436.00,356.00
426.00,323.00,444.00,323.00,444.00,369.00,426.00,369.00
406.00,334.00,424.00,334.00,424.00,380.00,406.00,380.00
2
0
0
0
0
1
260.00,262.00,284.00,262.00,284.00,324.00,260.00,324.00
244.00,260.00,266.00,260.00,266.00,320.00,244.00,320.00
243.00,247.00,268.00,247.00,268.00,308.00,243.00,308.00
265.00,259.00,288.00,259.00,288.00,331.00,265.00,331.00
292.00,287.00,315.00,287.00,315.00,359.00,292.00,359.00
325.00,307.00,348.00,307.00,348.00,379.00,325.00,379.00
341.00,317.00,359.00,317.00,359.00,375.00,341.00,375.00
332.00,318.00,351.00,318.00,351.00,375.00,332.00,375.00
336.00,312.00,360.00,312.00,360.00,368.00,336.00,368.00
350.00,328.00,369.00,328.00,369.00,397.00,350.00,397.00
354.00,349.00,373.00,349.00,373.00,419.00,354.00,419.00
354.00,376.00,375.00,376.00,375.00,451.00,354.00,451.00
345.00,385.00,367.00,385.00,367.00,445.00,345.00,445.00
322.00,375.00,345.00,375.00,345.00,448.00,322.00,448.00
302.00,361.00,321.00,361.00,321.00,431.00,302.00,431.00
294.00,342.00,310.00,342.00,310.00,405.00,294.00,405.00
294.00,341.00,311.00,341.00,311.00,402.00,294.00,402.00
302.00,338.00,318.00,338.00,318.00,399.00,302.00,399.00
297.00,347.00,313.00,347.00,313.00,412.00,297.00,412.00
297.00,341.00,313.00,341.00,313.00,407.00,297.00,407.00
301.00,341.00,315.00,341.00,315.00,399.00,301.00,399.00
297.00,330.00,313.00,330.00,313.00,389.00,297.00,389.00
288.00,334.00,303.00,334.00,303.00,405.00,288.00,405.00
291.00,343.00,314.00,343.00,314.00,406.00,291.00,406.00
314.00,348.00,330.00,348.00,330.00,406.00,314.00,406.00
302.00,345.00,324.00,345.00,324.00,409.00,302.00,409.00
288.00,330.00,303.00,330.00,303.00,396.00,288.00,396.00
289.00,328.00,304.00,328.00,304.00,392.00,289.00,392.00
297.00,339.00,314.00,339.00,314.00,401.00,297.00,401.00
308.00,340.00,324.00,340.00,324.00,401.00,308.00,401.00
305.00,349.00,320.00,349.00,320.00,413.00,305.00,413.00
309.00,349.00,328.00,349.00,328.00,409.00,309.00,409.00
323.00,354.00,337.00,354.00,337.00,420.00,323.00,420.00
327.00,369.00,344.00,369.00,344.00,431.00,327.00,431.00
340.00,363.00,357.00,363.00,357.00,425.00,340.00,425.00
345.00,363.00,359.00,363.00,359.00,424.00,345.00,424.00
343.00,342.00,358.00,342.00,358.00,416.00,343.00,416.00
347.00,333.00,371.00,333.00,371.00,399.00,347.00,399.00
369.00,332.00,391.00,332.00,391.00,402.00,369.00,402.00
402.00,331.00,418.00,331.00,418.00,397.00,402.00,397.00
401.00,321.00,417.00,321.00,417.00,382.00,401.00,382.00
394.00,319.00,408.00,319.00,408.00,384.00,394.00,384.00
396.00,315.00,415.00,315.00,415.00,384.00,396.00,384.00
413.00,300.00,430.00,300.00,430.00,365.00,413.00,365.00
417.00,310.00,434.00,310.00,434.00,377.00,417.00,377.00
439.00,302.00,461.00,302.00,461.00,376.00,439.00,376.00
462.00,314.00,481.00,314.00,481.00,383.00,462.00,383.00
473.00,323.00,490.00,323.00,490.00,388.00,473.00,388.00
481.00,318.00,494.00,318.00,494.00,384.00,481.00,384.00
483.00,307.00,496.00,307.00,496.00,371.00,483.00,371.00
487.00,310.00,502.00,310.00,502.00,371.00,487.00,371.00
496.00,300.00,518.00,300.00,518.00,371.00,496.00,371.00
516.00,282.00,535.00,282.00,535.00,346.00,516.00,346.00
530.00,280.00,550.00,280.00,550.00,346.00,530.00,346.00
546.00,268.00,566.00,268.00,566.00,339.00,546.00,339.00
562.00,259.00,579.00,259.00,579.00,322.00,562.00,322.00
571.00,249.00,587.00,249.00,587.00,315.00,571.00,315.00
581.00,229.00,598.00,229.00,598.00,300.00,581.00,300.00
588.00,216.00,603.00,216.00,603.00,282.00,588.00,282.00
594.00,209.00,613.00,209.00,613.00,274.00,594.00,274.00
606.00,208.00,624.00,208.00,624.00,274.00,606.00,274.00
613.00,210.00,628.00,210.00,628.00,273.00,613.00,273.00
599.00,202.00,622.00,202.00,622.00,267.00,599.00,267.00
583.00,193.00,602.00,193.00,602.00,258.00,583.00,258.00
579.00,202.00,594.00,202.00,594.00,265.00,579.00,265.00
564.00,191.00,586.00,191.00,586.00,261.00,564.00,261.00
556.00,196.00,578.00,196.00,578.00,275.00,556.00,275.00
2
0
0
0
0
1
468.00,171.00,496.00,171.00,496.00,251.00,468.00,251.00
488.00,180.00,516.00,180.00,516.00,260.00,488.00,260.00
500.00,190.00,525.00,190.00,525.00,263.00,500.00,263.00
497.00,178.00,527.00,178.00,527.00,254.00,497.00,254.00
511.00,171.00,539.00,171.00,539.00,251.00,511.00,251.00
525.00,161.00,558.00,161.00,558.00,235.00,525.00,235.00
551.00,160.00,579.00,160.00,579.00,239.00,551.00,239.00
