1
321.00,534.00,334.00,534.00,334.00,582.00,321.00,582.00
312.00,525.00,322.00,525.00,322.00,571.00,312.00,571.00
308.00,531.00,319.00,531.00,319.00,587.00,308.00,587.00
327.00,529.00,340.00,529.00,340.00,576.00,327.00,576.00
320.00,514.00,335.00,514.00,335.00,562.00,320.00,562.00
2
0
0
0
0
1
343.00,429.00,357.00,429.00,357.00,479.00,343.00,479.00
343.00,432.00,357.00,432.00,357.00,484.00,343.00,484.00
349.00,422.00,362.00,422.00,362.00,471.00,349.00,471.00
358.00,427.00,376.00,427.00,376.00,480.00,358.00,480.00
375.00,436.00,394.00,436.00,394.00,483.00,375.00,483.00
395.00,431.00,414.00,431.00,414.00,479.00,395.00,479.00
393.00,410.00,412.00,410.00,412.00,465.00,393.00,465.00
375.00,398.00,392.00,398.00,392.00,455.00,375.00,455.00
375.00,391.00,390.00,391.00,390.00,442.00,375.00,442.00
377.00,394.00,391.00,394.00,391.00,440.00,377.00,440.00
376.00,382.00,391.00,382.00,391.00,435.00,376.00,435.00
365.00,376.00,384.00,376.00,384.00,424.00,365.00,424.00
352.00,367.00,369.00,367.00,369.00,423.00,352.00,423.00
347.00,357.00,364.00,357.00,364.00,406.00,347.00,406.00
347.00,349.00,367.00,349.00,367.00,398.00,347.00,398.00
346.00,322.00,365.00,322.00,365.00,375.00,346.00,375.00
344.00,316.00,364.00,316.00,364.00,366.00,344.00,366.00
366.00,301.00,387.00,301.00,387.00,352.00,366.00,352.00
372.00,281.00,393.00,281.00,393.00,333.00,372.00,333.00
371.00,258.00,392.00,258.00,392.00,310.00,371.00,310.00
388.00,234.00,409.00,234.00,409.00,285.00,388.00,285.00
403.00,234.00,421.00,234.00,421.00,288.00,403.00,288.00
416.00,255.00,438.00,255.00,438.00,307.00,416.00,307.00
431.00,272.00,454.00,272.00,454.00,325.00,431.00,325.00
449.00,279.00,466.00,279.00,466.00,341.00,449.00,341.00
457.00,292.00,475.00,292.00,475.00,343.00,457.00,343.00
459.00,293.00,480.00,293.00,480.00,353.00,459.00,353.00
439.00,308.00,461.00,308.00,461.00,367.00,439.00,367.00
440.00,300.00,457.00,300.00,457.00,361.00,440.00,361.00
423.00,314.00,449.00,314.00,449.00,379.00,423.00,379.00
408.00,319.00,431.00,319.00,431.00,376.00,408.00,376.00
2
0
0
0
0
1
259.00,262.00,284.00,262.00,284.00,325.00,259.00,325.00
244.00,260.00,267.00,260.00,267.00,320.00,244.00,320.00
242.00,248.00,268.00,248.00,268.00,309.00,242.00,309.00
267.00,269.00,290.00,269.00,290.00,342.00,267.00,342.00
296.00,285.00,319.00,285.00,319.00,357.00,296.00,357.00
321.00,305.00,344.00,305.00,344.00,378.00,321.00,378.00
339.00,316.00,358.00,316.00,358.00,375.00,339.00,375.00
332.00,317.00,351.00,317.00,351.00,376.00,332.00,376.00
335.00,312.00,360.00,312.00,360.00,369.00,335.00,369.00
350.00,327.00,369.00,327.00,369.00,400.00,350.00,400.00
355.00,347.00,374.00,347.00,374.00,419.00,355.00,419.00
353.00,377.00,373.00,377.00,373.00,452.00,353.00,452.00
344.00,385.00,367.00,385.00,367.00,447.00,344.00,447.00
319.00,375.00,342.00,375.00,342.00,448.00,319.00,448.00
301.00,360.00,322.00,360.00,322.00,431.00,301.00,431.00
295.00,340.00,311.00,340.00,311.00,407.00,295.00,407.00
294.00,340.00,311.00,340.00,311.00,405.00,294.00,405.00
301.00,337.00,317.00,337.00,317.00,401.00,301.00,401.00
296.00,346.00,313.00,346.00,313.00,413.00,296.00,413.00
297.00,340.00,313.00,340.00,313.00,408.00,297.00,408.00
301.00,340.00,315.00,340.00,315.00,402.00,301.00,402.00
296.00,328.00,313.00,328.00,313.00,392.00,296.00,392.00
287.00,332.00,304.00,332.00,304.00,407.00,287.00,407.00
289.00,342.00,316.00,342.00,316.00,411.00,289.00,411.00
314.00,346.00,331.00,346.00,331.00,408.00,314.00,408.00
300.00,344.00,326.00,344.00,326.00,412.00,300.00,412.00
288.00,329.00,303.00,329.00,303.00,397.00,288.00,397.00
289.00,326.00,304.00,326.00,304.00,393.00,289.00,393.00
295.00,337.00,314.00,337.00,314.00,401.00,295.00,401.00
307.00,340.00,324.00,340.00,324.00,402.00,307.00,402.00
303.00,347.00,320.00,347.00,320.00,414.00,303.00,414.00
307.00,348.00,330.00,348.00,330.00,411.00,307.00,411.00
322.00,351.00,337.00,351.00,337.00,421.00,322.00,421.00
325.00,369.00,344.00,369.00,344.00,433.00,325.00,433.00
338.00,363.00,358.00,363.00,358.00,426.00,338.00,426.00
345.00,362.00,361.00,362.00,361.00,425.00,345.00,425.00
343.00,341.00,359.00,341.00,359.00,415.00,343.00,415.00
345.00,334.00,372.00,334.00,372.00,400.00,345.00,400.00
372.00,332.00,394.00,332.00,394.00,401.00,372.00,401.00
401.00,331.00,419.00,331.00,419.00,397.00,401.00,397.00
400.00,321.00,417.00,321.00,417.00,383.00,400.00,383.00
393.00,319.00,408.00,319.00,408.00,385.00,393.00,385.00
396.00,315.00,417.00,315.00,417.00,384.00,396.00,384.00
413.00,301.00,431.00,301.00,431.00,365.00,413.00,365.00
417.00,311.00,435.00,311.00,435.00,377.00,417.00,377.00
441.00,302.00,463.00,302.00,463.00,371.00,441.00,371.00
463.00,313.00,482.00,313.00,482.00,381.00,463.00,381.00
471.00,322.00,492.00,322.00,492.00,387.00,471.00,387.00
481.00,318.00,496.00,318.00,496.00,383.00,481.00,383.00
483.00,307.00,497.00,307.00,497.00,371.00,483.00,371.00
486.00,309.00,502.00,309.00,502.00,370.00,486.00,370.00
493.00,298.00,516.00,298.00,516.00,366.00,493.00,366.00
513.00,282.00,536.00,282.00,536.00,346.00,513.00,346.00
528.00,280.00,551.00,280.00,551.00,345.00,528.00,345.00
545.00,267.00,568.00,267.00,568.00,336.00,545.00,336.00
561.00,259.00,581.00,259.00,581.00,322.00,561.00,322.00
570.00,250.00,589.00,250.00,589.00,316.00,570.00,316.00
579.00,230.00,598.00,230.00,598.00,301.00,579.00,301.00
587.00,216.00,604.00,216.00,604.00,281.00,587.00,281.00
591.00,210.00,614.00,210.00,614.00,273.00,591.00,273.00
604.00,209.00,625.00,209.00,625.00,274.00,604.00,274.00
613.00,210.00,629.00,210.00,629.00,272.00,613.00,272.00
597.00,203.00,622.00,203.00,622.00,265.00,597.00,265.00
581.00,195.00,602.00,195.00,602.00,257.00,581.00,257.00
578.00,202.00,594.00,202.00,594.00,263.00,578.00,263.00
563.00,191.00,588.00,191.00,588.00,259.00,563.00,259.00
554.00,199.00,577.00,199.00,577.00,271.00,554.00,271.00
2
0
0
0
0
1
472.00,170.00,501.00,170.00,501.00,252.00,472.00,252.00
492.00,180.00,521.00,180.00,521.00,263.00,492.00,263.00
500.00,189.00,525.00,189.00,525.00,260.00,500.00,260.00
498.00,179.00,527.00,179.00,527.00,253.00,498.00,253.00
510.00,172.00,539.00,172.00,539.00,254.00,510.00,254.00
524.00,159.00,553.00,159.00,553.00,240.00,524.00,240.00
551.00,162.00,580.00,162.00,580.00,244.00,551.00,244.00
