1
294.00,72.00,350.00,72.00,350.00,299.00,294.00,299.00
294.00,72.00,351.00,72.00,351.00,301.00,294.00,301.00
291.00,75.00,349.00,75.00,349.00,298.00,291.00,298.00
288.00,80.00,347.00,80.00,347.00,302.00,288.00,302.00
287.00,80.00,345.00,80.00,345.00,299.00,287.00,299.00
285.00,82.00,345.00,82.00,345.00,302.00,285.00,302.00
280.00,84.00,339.00,84.00,339.00,301.00,280.00,301.00
280.00,86.00,338.00,86.00,338.00,302.00,280.00,302.00
277.00,83.00,337.00,83.00,337.00,301.00,277.00,301.00
274.00,81.00,330.00,81.00,330.00,302.00,274.00,302.00
274.00,83.00,330.00,83.00,330.00,299.00,274.00,299.00
273.00,84.00,329.00,84.00,329.00,298.00,273.00,298.00
269.00,87.00,324.00,87.00,324.00,296.00,269.00,296.00
266.00,89.00,321.00,89.00,321.00,297.00,266.00,297.00
267.00,92.00,325.00,92.00,325.00,307.00,267.00,307.00
276.00,88.00,334.00,88.00,334.00,292.00,276.00,292.00
278.00,88.00,335.00,88.00,335.00,295.00,278.00,295.00
282.00,87.00,337.00,87.00,337.00,286.00,282.00,286.00
281.00,89.00,338.00,89.00,338.00,290.00,281.00,290.00
284.00,88.00,340.00,88.00,340.00,290.00,284.00,290.00
283.00,91.00,339.00,91.00,339.00,292.00,283.00,292.00
288.00,86.00,344.00,86.00,344.00,290.00,288.00,290.00
283.00,89.00,342.00,89.00,342.00,293.00,283.00,293.00
277.00,95.00,335.00,95.00,335.00,299.00,277.00,299.00
253.00,119.00,315.00,119.00,315.00,311.00,253.00,311.00
253.00,112.00,314.00,112.00,314.00,307.00,253.00,307.00
255.00,110.00,315.00,110.00,315.00,305.00,255.00,305.00
254.00,110.00,315.00,110.00,315.00,303.00,254.00,303.00
254.00,104.00,317.00,104.00,317.00,293.00,254.00,293.00
254.00,105.00,315.00,105.00,315.00,292.00,254.00,292.00
253.00,104.00,314.00,104.00,314.00,296.00,253.00,296.00
255.00,111.00,318.00,111.00,318.00,296.00,255.00,296.00
256.00,111.00,318.00,111.00,318.00,294.00,256.00,294.00
252.00,114.00,314.00,114.00,314.00,300.00,252.00,300.00
306.00,85.00,363.00,85.00,363.00,271.00,306.00,271.00
303.00,82.00,360.00,82.00,360.00,268.00,303.00,268.00
302.00,83.00,362.00,83.00,362.00,272.00,302.00,272.00
308.00,80.00,370.00,80.00,370.00,262.00,308.00,262.00
302.00,91.00,364.00,91.00,364.00,274.00,302.00,274.00
295.00,105.00,359.00,105.00,359.00,298.00,295.00,298.00
290.00,120.00,353.00,120.00,353.00,308.00,290.00,308.00
290.00,119.00,353.00,119.00,353.00,308.00,290.00,308.00
291.00,112.00,357.00,112.00,357.00,305.00,291.00,305.00
296.00,114.00,361.00,114.00,361.00,300.00,296.00,300.00
297.00,111.00,359.00,111.00,359.00,296.00,297.00,296.00
317.00,94.00,378.00,94.00,378.00,290.00,317.00,290.00
312.00,97.00,373.00,97.00,373.00,294.00,312.00,294.00
308.00,96.00,370.00,96.00,370.00,294.00,308.00,294.00
303.00,90.00,366.00,90.00,366.00,290.00,303.00,290.00
293.00,93.00,358.00,93.00,358.00,286.00,293.00,286.00
293.00,97.00,358.00,97.00,358.00,287.00,293.00,287.00
301.00,81.00,365.00,81.00,365.00,276.00,301.00,276.00
294.00,82.00,356.00,82.00,356.00,276.00,294.00,276.00
297.00,86.00,358.00,86.00,358.00,275.00,297.00,275.00
289.00,93.00,352.00,93.00,352.00,282.00,289.00,282.00
286.00,97.00,351.00,97.00,351.00,286.00,286.00,286.00
287.00,97.00,353.00,97.00,353.00,287.00,287.00,287.00
285.00,106.00,352.00,106.00,352.00,291.00,285.00,291.00
293.00,98.00,356.00,98.00,356.00,289.00,293.00,289.00
303.00,97.00,366.00,97.00,366.00,286.00,303.00,286.00
317.00,98.00,376.00,98.00,376.00,286.00,317.00,286.00
317.00,100.00,375.00,100.00,375.00,291.00,317.00,291.00
318.00,96.00,378.00,96.00,378.00,289.00,318.00,289.00
328.00,97.00,391.00,97.00,391.00,288.00,328.00,288.00
336.00,97.00,395.00,97.00,395.00,289.00,336.00,289.00
339.00,95.00,398.00,95.00,398.00,287.00,339.00,287.00
334.00,91.00,394.00,91.00,394.00,282.00,334.00,282.00
327.00,97.00,388.00,97.00,388.00,294.00,327.00,294.00
328.00,92.00,389.00,92.00,389.00,288.00,328.00,288.00
326.00,92.00,386.00,92.00,386.00,289.00,326.00,289.00
322.00,84.00,381.00,84.00,381.00,286.00,322.00,286.00
322.00,88.00,381.00,88.00,381.00,289.00,322.00,289.00
315.00,87.00,376.00,87.00,376.00,285.00,315.00,285.00
305.00,94.00,369.00,94.00,369.00,296.00,305.00,296.00
308.00,90.00,370.00,90.00,370.00,287.00,308.00,287.00
305.00,93.00,369.00,93.00,369.00,292.00,305.00,292.00
305.00,92.00,369.00,92.00,369.00,296.00,305.00,296.00
306.00,91.00,369.00,91.00,369.00,292.00,306.00,292.00
301.00,93.00,368.00,93.00,368.00,303.00,301.00,303.00
300.00,90.00,368.00,90.00,368.00,303.00,300.00,303.00
301.00,89.00,369.00,89.00,369.00,303.00,301.00,303.00
298.00,95.00,365.00,95.00,365.00,305.00,298.00,305.00
300.00,101.00,363.00,101.00,363.00,303.00,300.00,303.00
299.00,97.00,362.00,97.00,362.00,301.00,299.00,301.00
298.00,97.00,360.00,97.00,360.00,296.00,298.00,296.00
296.00,98.00,363.00,98.00,363.00,300.00,296.00,300.00
296.00,96.00,361.00,96.00,361.00,296.00,296.00,296.00
296.00,94.00,363.00,94.00,363.00,294.00,296.00,294.00
301.00,89.00,366.00,89.00,366.00,289.00,301.00,289.00
309.00,86.00,371.00,86.00,371.00,287.00,309.00,287.00
317.00,79.00,379.00,79.00,379.00,284.00,317.00,284.00
307.00,89.00,371.00,89.00,371.00,286.00,307.00,286.00
329.00,71.00,390.00,71.00,390.00,275.00,329.00,275.00
329.00,77.00,389.00,77.00,389.00,281.00,329.00,281.00
349.00,69.00,412.00,69.00,412.00,287.00,349.00,287.00
352.00,63.00,415.00,63.00,415.00,285.00,352.00,285.00
343.00,74.00,406.00,74.00,406.00,285.00,343.00,285.00
322.00,69.00,386.00,69.00,386.00,277.00,322.00,277.00
323.00,70.00,387.00,70.00,387.00,278.00,323.00,278.00
335.00,64.00,400.00,64.00,400.00,274.00,335.00,274.00
315.00,61.00,381.00,61.00,381.00,274.00,315.00,274.00
311.00,68.00,377.00,68.00,377.00,280.00,311.00,280.00
307.00,64.00,372.00,64.00,372.00,279.00,307.00,279.00
286.00,55.00,350.00,55.00,350.00,264.00,286.00,264.00
288.00,60.00,352.00,60.00,352.00,271.00,288.00,271.00
282.00,58.00,347.00,58.00,347.00,268.00,282.00,268.00
282.00,65.00,345.00,65.00,345.00,273.00,282.00,273.00
282.00,61.00,346.00,61.00,346.00,274.00,282.00,274.00
286.00,68.00,350.00,68.00,350.00,289.00,286.00,289.00
280.00,74.00,340.00,74.00,340.00,280.00,280.00,280.00
282.00,73.00,344.00,73.00,344.00,288.00,282.00,288.00
281.00,74.00,345.00,74.00,345.00,288.00,281.00,288.00
281.00,68.00,345.00,68.00,345.00,285.00,281.00,285.00
278.00,74.00,342.00,74.00,342.00,286.00,278.00,286.00
278.00,68.00,345.00,68.00,345.00,286.00,278.00,286.00
271.00,74.00,338.00,74.00,338.00,285.00,271.00,285.00
268.00,74.00,335.00,74.00,335.00,286.00,268.00,286.00
268.00,72.00,336.00,72.00,336.00,288.00,268.00,288.00
264.00,76.00,332.00,76.00,332.00,304.00,264.00,304.00
264.00,75.00,332.00,75.00,332.00,303.00,264.00,303.00
269.00,70.00,336.00,70.00,336.00,296.00,269.00,296.00
284.00,57.00,349.00,57.00,349.00,269.00,284.00,269.00
280.00,53.00,345.00,53.00,345.00,266.00,280.00,266.00
281.00,53.00,349.00,53.00,349.00,274.00,281.00,274.00
297.00,50.00,359.00,50.00,359.00,284.00,297.00,284.00
300.00,52.00,364.00,52.00,364.00,286.00,300.00,286.00
306.00,50.00,368.00,50.00,368.00,280.00,306.00,280.00
313.00,49.00,375.00,49.00,375.00,274.00,313.00,274.00
314.00,48.00,377.00,48.00,377.00,273.00,314.00,273.00
330.00,67.00,394.00,67.00,394.00,285.00,330.00,285.00
324.00,52.00,387.00,52.00,387.00,282.00,324.00,282.00
322.00,49.00,383.00,49.00,383.00,283.00,322.00,283.00
312.00,44.00,375.00,44.00,375.00,280.00,312.00,280.00
310.00,51.00,374.00,51.00,374.00,286.00,310.00,286.00
306.00,56.00,369.00,56.00,369.00,290.00,306.00,290.00
301.00,63.00,364.00,63.00,364.00,296.00,301.00,296.00
293.00,72.00,359.00,72.00,359.00,297.00,293.00,297.00
294.00,73.00,359.00,73.00,359.00,296.00,294.00,296.00
297.00,79.00,363.00,79.00,363.00,296.00,297.00,296.00
293.00,84.00,358.00,84.00,358.00,297.00,293.00,297.00
298.00,83.00,363.00,83.00,363.00,293.00,298.00,293.00
296.00,82.00,363.00,82.00,363.00,295.00,296.00,295.00
308.00,89.00,374.00,89.00,374.00,298.00,308.00,298.00
311.00,90.00,376.00,90.00,376.00,296.00,311.00,296.00
316.00,92.00,380.00,92.00,380.00,299.00,316.00,299.00
316.00,84.00,382.00,84.00,382.00,293.00,316.00,293.00
321.00,86.00,386.00,86.00,386.00,293.00,321.00,293.00
315.00,82.00,378.00,82.00,378.00,288.00,315.00,288.00
328.00,91.00,392.00,91.00,392.00,293.00,328.00,293.00
330.00,93.00,396.00,93.00,396.00,299.00,330.00,299.00
323.00,93.00,390.00,93.00,390.00,297.00,323.00,297.00
320.00,63.00,380.00,63.00,380.00,304.00,320.00,304.00
293.00,72.00,355.00,72.00,355.00,273.00,293.00,273.00
283.00,67.00,345.00,67.00,345.00,267.00,283.00,267.00
289.00,55.00,346.00,55.00,346.00,261.00,289.00,261.00
295.00,61.00,352.00,61.00,352.00,265.00,295.00,265.00
286.00,63.00,345.00,63.00,345.00,264.00,286.00,264.00
303.00,92.00,363.00,92.00,363.00,303.00,303.00,303.00
311.00,96.00,370.00,96.00,370.00,310.00,311.00,310.00
310.00,97.00,368.00,97.00,368.00,313.00,310.00,313.00
277.00,69.00,337.00,69.00,337.00,271.00,277.00,271.00
271.00,62.00,333.00,62.00,333.00,260.00,271.00,260.00
262.00,64.00,328.00,64.00,328.00,261.00,262.00,261.00
267.00,62.00,332.00,62.00,332.00,262.00,267.00,262.00
269.00,62.00,335.00,62.00,335.00,263.00,269.00,263.00
266.00,59.00,333.00,59.00,333.00,267.00,266.00,267.00
282.00,59.00,340.00,59.00,340.00,283.00,282.00,283.00
281.00,61.00,338.00,61.00,338.00,286.00,281.00,286.00
285.00,63.00,339.00,63.00,339.00,286.00,285.00,286.00
265.00,64.00,319.00,64.00,319.00,273.00,265.00,273.00
273.00,61.00,327.00,61.00,327.00,277.00,273.00,277.00
264.00,65.00,319.00,65.00,319.00,272.00,264.00,272.00
258.00,71.00,314.00,71.00,314.00,269.00,258.00,269.00
258.00,73.00,314.00,73.00,314.00,271.00,258.00,271.00
275.00,57.00,334.00,57.00,334.00,266.00,275.00,266.00
287.00,58.00,349.00,58.00,349.00,270.00,287.00,270.00
286.00,62.00,349.00,62.00,349.00,278.00,286.00,278.00
288.00,53.00,352.00,53.00,352.00,271.00,288.00,271.00
264.00,64.00,327.00,64.00,327.00,270.00,264.00,270.00
252.00,68.00,315.00,68.00,315.00,271.00,252.00,271.00
254.00,69.00,318.00,69.00,318.00,274.00,254.00,274.00
257.00,65.00,321.00,65.00,321.00,270.00,257.00,270.00
257.00,63.00,320.00,63.00,320.00,269.00,257.00,269.00
258.00,60.00,322.00,60.00,322.00,266.00,258.00,266.00
265.00,58.00,328.00,58.00,328.00,256.00,265.00,256.00
261.00,58.00,327.00,58.00,327.00,260.00,261.00,260.00
267.00,60.00,331.00,60.00,331.00,258.00,267.00,258.00
275.00,62.00,337.00,62.00,337.00,263.00,275.00,263.00
275.00,62.00,338.00,62.00,338.00,264.00,275.00,264.00
280.00,66.00,340.00,66.00,340.00,267.00,280.00,267.00
274.00,76.00,336.00,76.00,336.00,280.00,274.00,280.00
276.00,77.00,337.00,77.00,337.00,280.00,276.00,280.00
272.00,78.00,337.00,78.00,337.00,290.00,272.00,290.00
276.00,85.00,345.00,85.00,345.00,299.00,276.00,299.00
276.00,84.00,346.00,84.00,346.00,297.00,276.00,297.00
280.00,84.00,349.00,84.00,349.00,301.00,280.00,301.00
285.00,91.00,351.00,91.00,351.00,303.00,285.00,303.00
286.00,89.00,353.00,89.00,353.00,304.00,286.00,304.00
286.00,88.00,352.00,88.00,352.00,306.00,286.00,306.00
288.00,85.00,350.00,85.00,350.00,308.00,288.00,308.00
289.00,86.00,352.00,86.00,352.00,313.00,289.00,313.00
289.00,85.00,355.00,85.00,355.00,316.00,289.00,316.00
290.00,87.00,360.00,87.00,360.00,319.00,290.00,319.00
292.00,79.00,361.00,79.00,361.00,311.00,292.00,311.00
300.00,67.00,366.00,67.00,366.00,300.00,300.00,300.00
294.00,58.00,362.00,58.00,362.00,290.00,294.00,290.00
289.00,58.00,359.00,58.00,359.00,291.00,289.00,291.00
287.00,59.00,359.00,59.00,359.00,300.00,287.00,300.00
293.00,53.00,361.00,53.00,361.00,287.00,293.00,287.00
293.00,51.00,360.00,51.00,360.00,289.00,293.00,289.00
296.00,53.00,361.00,53.00,361.00,282.00,296.00,282.00
301.00,48.00,366.00,48.00,366.00,268.00,301.00,268.00
300.00,51.00,364.00,51.00,364.00,270.00,300.00,270.00
298.00,52.00,362.00,52.00,362.00,269.00,298.00,269.00
292.00,49.00,360.00,49.00,360.00,273.00,292.00,273.00
299.00,46.00,367.00,46.00,367.00,271.00,299.00,271.00
294.00,42.00,364.00,42.00,364.00,265.00,294.00,265.00
290.00,49.00,361.00,49.00,361.00,276.00,290.00,276.00
289.00,47.00,359.00,47.00,359.00,266.00,289.00,266.00
287.00,46.00,360.00,46.00,360.00,278.00,287.00,278.00
279.00,44.00,351.00,44.00,351.00,279.00,279.00,279.00
280.00,44.00,354.00,44.00,354.00,281.00,280.00,281.00
281.00,42.00,357.00,42.00,357.00,272.00,281.00,272.00
283.00,46.00,358.00,46.00,358.00,281.00,283.00,281.00
282.00,45.00,357.00,45.00,357.00,281.00,282.00,281.00
281.00,38.00,359.00,38.00,359.00,289.00,281.00,289.00
287.00,45.00,360.00,45.00,360.00,294.00,287.00,294.00
289.00,46.00,363.00,46.00,363.00,295.00,289.00,295.00
289.00,42.00,367.00,42.00,367.00,291.00,289.00,291.00
298.00,55.00,372.00,55.00,372.00,291.00,298.00,291.00
297.00,52.00,372.00,52.00,372.00,292.00,297.00,292.00
300.00,54.00,377.00,54.00,377.00,288.00,300.00,288.00
302.00,55.00,382.00,55.00,382.00,291.00,302.00,291.00
301.00,55.00,380.00,55.00,380.00,294.00,301.00,294.00
302.00,53.00,379.00,53.00,379.00,292.00,302.00,292.00
306.00,54.00,379.00,54.00,379.00,294.00,306.00,294.00
307.00,54.00,382.00,54.00,382.00,295.00,307.00,295.00
309.00,51.00,383.00,51.00,383.00,296.00,309.00,296.00
308.00,51.00,380.00,51.00,380.00,292.00,308.00,292.00
309.00,49.00,382.00,49.00,382.00,288.00,309.00,288.00
313.00,46.00,390.00,46.00,390.00,292.00,313.00,292.00
313.00,43.00,383.00,43.00,383.00,284.00,313.00,284.00
313.00,42.00,382.00,42.00,382.00,283.00,313.00,283.00
310.00,41.00,379.00,41.00,379.00,282.00,310.00,282.00
310.00,34.00,379.00,34.00,379.00,272.00,310.00,272.00
312.00,35.00,380.00,35.00,380.00,278.00,312.00,278.00
314.00,41.00,382.00,41.00,382.00,278.00,314.00,278.00
315.00,35.00,385.00,35.00,385.00,273.00,315.00,273.00
317.00,35.00,388.00,35.00,388.00,275.00,317.00,275.00
323.00,40.00,396.00,40.00,396.00,270.00,323.00,270.00
330.00,51.00,399.00,51.00,399.00,268.00,330.00,268.00
327.00,49.00,396.00,49.00,396.00,265.00,327.00,265.00
329.00,45.00,395.00,45.00,395.00,264.00,329.00,264.00
331.00,44.00,393.00,44.00,393.00,269.00,331.00,269.00
333.00,47.00,394.00,47.00,394.00,270.00,333.00,270.00
331.00,49.00,392.00,49.00,392.00,268.00,331.00,268.00
329.00,46.00,392.00,46.00,392.00,270.00,329.00,270.00
330.00,50.00,390.00,50.00,390.00,271.00,330.00,271.00
333.00,42.00,402.00,42.00,402.00,262.00,333.00,262.00
333.00,47.00,395.00,47.00,395.00,264.00,333.00,264.00
332.00,47.00,393.00,47.00,393.00,265.00,332.00,265.00
331.00,53.00,392.00,53.00,392.00,264.00,331.00,264.00
334.00,59.00,395.00,59.00,395.00,269.00,334.00,269.00
332.00,62.00,391.00,62.00,391.00,268.00,332.00,268.00
332.00,64.00,391.00,64.00,391.00,267.00,332.00,267.00
328.00,58.00,387.00,58.00,387.00,260.00,328.00,260.00
331.00,58.00,389.00,58.00,389.00,260.00,331.00,260.00
328.00,60.00,385.00,60.00,385.00,253.00,328.00,253.00
329.00,61.00,388.00,61.00,388.00,254.00,329.00,254.00
330.00,54.00,387.00,54.00,387.00,256.00,330.00,256.00
332.00,58.00,388.00,58.00,388.00,257.00,332.00,257.00
328.00,53.00,385.00,53.00,385.00,257.00,328.00,257.00
331.00,43.00,386.00,43.00,386.00,250.00,331.00,250.00
330.00,41.00,385.00,41.00,385.00,249.00,330.00,249.00
329.00,42.00,385.00,42.00,385.00,247.00,329.00,247.00
329.00,43.00,385.00,43.00,385.00,250.00,329.00,250.00
330.00,45.00,385.00,45.00,385.00,251.00,330.00,251.00
328.00,50.00,384.00,50.00,384.00,253.00,328.00,253.00
329.00,52.00,385.00,52.00,385.00,250.00,329.00,250.00
327.00,54.00,384.00,54.00,384.00,250.00,327.00,250.00
333.00,51.00,389.00,51.00,389.00,249.00,333.00,249.00
328.00,52.00,383.00,52.00,383.00,249.00,328.00,249.00
327.00,52.00,383.00,52.00,383.00,250.00,327.00,250.00
328.00,59.00,382.00,59.00,382.00,250.00,328.00,250.00
327.00,57.00,380.00,57.00,380.00,247.00,327.00,247.00
325.00,56.00,378.00,56.00,378.00,249.00,325.00,249.00
325.00,56.00,378.00,56.00,378.00,247.00,325.00,247.00
326.00,47.00,381.00,47.00,381.00,240.00,326.00,240.00
324.00,52.00,379.00,52.00,379.00,242.00,324.00,242.00
312.00,56.00,368.00,56.00,368.00,247.00,312.00,247.00
305.00,52.00,362.00,52.00,362.00,244.00,305.00,244.00
306.00,43.00,364.00,43.00,364.00,236.00,306.00,236.00
304.00,45.00,361.00,45.00,361.00,236.00,304.00,236.00
295.00,54.00,351.00,54.00,351.00,246.00,295.00,246.00
294.00,45.00,352.00,45.00,352.00,239.00,294.00,239.00
292.00,48.00,348.00,48.00,348.00,242.00,292.00,242.00
286.00,35.00,343.00,35.00,343.00,219.00,286.00,219.00
287.00,37.00,343.00,37.00,343.00,220.00,287.00,220.00
282.00,46.00,336.00,46.00,336.00,241.00,282.00,241.00
275.00,47.00,327.00,47.00,327.00,241.00,275.00,241.00
278.00,46.00,331.00,46.00,331.00,242.00,278.00,242.00
275.00,49.00,327.00,49.00,327.00,243.00,275.00,243.00
271.00,56.00,322.00,56.00,322.00,244.00,271.00,244.00
271.00,54.00,322.00,54.00,322.00,241.00,271.00,241.00
272.00,63.00,324.00,63.00,324.00,241.00,272.00,241.00
273.00,63.00,322.00,63.00,322.00,240.00,273.00,240.00
273.00,59.00,323.00,59.00,323.00,237.00,273.00,237.00
272.00,63.00,320.00,63.00,320.00,240.00,272.00,240.00
272.00,69.00,319.00,69.00,319.00,244.00,272.00,244.00
272.00,68.00,319.00,68.00,319.00,242.00,272.00,242.00
273.00,67.00,321.00,67.00,321.00,245.00,273.00,245.00
273.00,61.00,317.00,61.00,317.00,241.00,273.00,241.00
273.00,61.00,317.00,61.00,317.00,241.00,273.00,241.00
273.00,58.00,317.00,58.00,317.00,240.00,273.00,240.00
274.00,57.00,319.00,57.00,319.00,238.00,274.00,238.00
275.00,60.00,319.00,60.00,319.00,240.00,275.00,240.00
274.00,57.00,321.00,57.00,321.00,237.00,274.00,237.00
277.00,53.00,324.00,53.00,324.00,229.00,277.00,229.00
277.00,56.00,324.00,56.00,324.00,230.00,277.00,230.00
278.00,50.00,327.00,50.00,327.00,228.00,278.00,228.00
282.00,47.00,333.00,47.00,333.00,231.00,282.00,231.00
284.00,50.00,335.00,50.00,335.00,232.00,284.00,232.00
281.00,46.00,333.00,46.00,333.00,235.00,281.00,235.00
289.00,51.00,337.00,51.00,337.00,235.00,289.00,235.00
286.00,49.00,335.00,49.00,335.00,236.00,286.00,236.00
288.00,55.00,337.00,55.00,337.00,241.00,288.00,241.00
291.00,60.00,338.00,60.00,338.00,238.00,291.00,238.00
292.00,60.00,338.00,60.00,338.00,237.00,292.00,237.00
289.00,67.00,336.00,67.00,336.00,240.00,289.00,240.00
288.00,68.00,335.00,68.00,335.00,240.00,288.00,240.00
289.00,69.00,335.00,69.00,335.00,239.00,289.00,239.00
286.00,69.00,333.00,69.00,333.00,242.00,286.00,242.00
294.00,62.00,342.00,62.00,342.00,234.00,294.00,234.00
293.00,65.00,340.00,65.00,340.00,238.00,293.00,238.00
296.00,62.00,345.00,62.00,345.00,232.00,296.00,232.00
301.00,62.00,350.00,62.00,350.00,237.00,301.00,237.00
302.00,62.00,350.00,62.00,350.00,235.00,302.00,235.00
305.00,60.00,354.00,60.00,354.00,230.00,305.00,230.00
305.00,65.00,354.00,65.00,354.00,231.00,305.00,231.00
307.00,63.00,355.00,63.00,355.00,228.00,307.00,228.00
310.00,62.00,359.00,62.00,359.00,228.00,310.00,228.00
312.00,67.00,359.00,67.00,359.00,232.00,312.00,232.00
311.00,69.00,358.00,69.00,358.00,230.00,311.00,230.00
313.00,72.00,359.00,72.00,359.00,234.00,313.00,234.00
314.00,73.00,360.00,73.00,360.00,237.00,314.00,237.00
315.00,74.00,360.00,74.00,360.00,237.00,315.00,237.00
309.00,77.00,356.00,77.00,356.00,244.00,309.00,244.00
305.00,76.00,351.00,76.00,351.00,248.00,305.00,248.00
310.00,73.00,354.00,73.00,354.00,241.00,310.00,241.00
305.00,76.00,349.00,76.00,349.00,246.00,305.00,246.00
299.00,74.00,342.00,74.00,342.00,248.00,299.00,248.00
296.00,72.00,339.00,72.00,339.00,246.00,296.00,246.00
294.00,77.00,338.00,77.00,338.00,249.00,294.00,249.00
289.00,79.00,335.00,79.00,335.00,250.00,289.00,250.00
289.00,79.00,336.00,79.00,336.00,250.00,289.00,250.00
288.00,80.00,335.00,80.00,335.00,250.00,288.00,250.00
284.00,78.00,333.00,78.00,333.00,252.00,284.00,252.00
283.00,78.00,332.00,78.00,332.00,252.00,283.00,252.00
284.00,76.00,332.00,76.00,332.00,251.00,284.00,251.00
281.00,68.00,329.00,68.00,329.00,248.00,281.00,248.00
280.00,68.00,327.00,68.00,327.00,247.00,280.00,247.00
282.00,71.00,327.00,71.00,327.00,246.00,282.00,246.00
280.00,58.00,326.00,58.00,326.00,229.00,280.00,229.00
282.00,54.00,329.00,54.00,329.00,225.00,282.00,225.00
280.00,59.00,330.00,59.00,330.00,228.00,280.00,228.00
279.00,63.00,329.00,63.00,329.00,235.00,279.00,235.00
277.00,63.00,328.00,63.00,328.00,235.00,277.00,235.00
276.00,68.00,326.00,68.00,326.00,235.00,276.00,235.00
282.00,66.00,329.00,66.00,329.00,229.00,282.00,229.00
275.00,73.00,322.00,73.00,322.00,241.00,275.00,241.00
277.00,70.00,326.00,70.00,326.00,241.00,277.00,241.00
285.00,72.00,333.00,72.00,333.00,241.00,285.00,241.00
288.00,74.00,336.00,74.00,336.00,241.00,288.00,241.00
287.00,77.00,334.00,77.00,334.00,238.00,287.00,238.00
296.00,74.00,343.00,74.00,343.00,239.00,296.00,239.00
298.00,77.00,345.00,77.00,345.00,237.00,298.00,237.00
297.00,73.00,344.00,73.00,344.00,239.00,297.00,239.00
300.00,78.00,350.00,78.00,350.00,249.00,300.00,249.00
300.00,73.00,351.00,73.00,351.00,245.00,300.00,245.00
304.00,76.00,354.00,76.00,354.00,245.00,304.00,245.00
309.00,74.00,359.00,74.00,359.00,243.00,309.00,243.00
309.00,79.00,358.00,79.00,358.00,246.00,309.00,246.00
312.00,79.00,363.00,79.00,363.00,241.00,312.00,241.00
318.00,79.00,370.00,79.00,370.00,244.00,318.00,244.00
319.00,78.00,370.00,78.00,370.00,243.00,319.00,243.00
317.00,83.00,369.00,83.00,369.00,252.00,317.00,252.00
319.00,95.00,366.00,95.00,366.00,256.00,319.00,256.00
319.00,95.00,366.00,95.00,366.00,255.00,319.00,255.00
320.00,97.00,368.00,97.00,368.00,260.00,320.00,260.00
324.00,100.00,372.00,100.00,372.00,260.00,324.00,260.00
322.00,102.00,369.00,102.00,369.00,260.00,322.00,260.00
326.00,105.00,373.00,105.00,373.00,259.00,326.00,259.00
333.00,107.00,380.00,107.00,380.00,262.00,333.00,262.00
333.00,107.00,381.00,107.00,381.00,263.00,333.00,263.00
339.00,107.00,387.00,107.00,387.00,266.00,339.00,266.00
340.00,100.00,382.00,100.00,382.00,258.00,340.00,258.00
342.00,105.00,386.00,105.00,386.00,265.00,342.00,265.00
343.00,102.00,386.00,102.00,386.00,263.00,343.00,263.00
347.00,108.00,390.00,108.00,390.00,265.00,347.00,265.00
347.00,106.00,390.00,106.00,390.00,266.00,347.00,266.00
348.00,109.00,390.00,109.00,390.00,268.00,348.00,268.00
347.00,107.00,390.00,107.00,390.00,267.00,347.00,267.00
347.00,112.00,389.00,112.00,389.00,268.00,347.00,268.00
346.00,107.00,389.00,107.00,389.00,264.00,346.00,264.00
347.00,120.00,394.00,120.00,394.00,274.00,347.00,274.00
349.00,123.00,395.00,123.00,395.00,275.00,349.00,275.00
350.00,127.00,397.00,127.00,397.00,277.00,350.00,277.00
345.00,123.00,392.00,123.00,392.00,271.00,345.00,271.00
345.00,124.00,393.00,124.00,393.00,273.00,345.00,273.00
337.00,113.00,385.00,113.00,385.00,268.00,337.00,268.00
328.00,99.00,375.00,99.00,375.00,259.00,328.00,259.00
330.00,106.00,377.00,106.00,377.00,264.00,330.00,264.00
328.00,101.00,375.00,101.00,375.00,264.00,328.00,264.00
322.00,91.00,370.00,91.00,370.00,260.00,322.00,260.00
322.00,90.00,370.00,90.00,370.00,260.00,322.00,260.00
321.00,91.00,370.00,91.00,370.00,265.00,321.00,265.00
316.00,87.00,367.00,87.00,367.00,266.00,316.00,266.00
317.00,82.00,368.00,82.00,368.00,261.00,317.00,261.00
313.00,89.00,364.00,89.00,364.00,265.00,313.00,265.00
312.00,82.00,361.00,82.00,361.00,257.00,312.00,257.00
312.00,84.00,361.00,84.00,361.00,262.00,312.00,262.00
309.00,85.00,359.00,85.00,359.00,258.00,309.00,258.00
304.00,90.00,359.00,90.00,359.00,261.00,304.00,261.00
304.00,90.00,358.00,90.00,358.00,260.00,304.00,260.00
304.00,90.00,360.00,90.00,360.00,259.00,304.00,259.00
295.00,96.00,350.00,96.00,350.00,262.00,295.00,262.00
297.00,98.00,352.00,98.00,352.00,265.00,297.00,265.00
294.00,98.00,349.00,98.00,349.00,265.00,294.00,265.00
291.00,93.00,344.00,93.00,344.00,258.00,291.00,258.00
293.00,96.00,346.00,96.00,346.00,263.00,293.00,263.00
286.00,97.00,338.00,97.00,338.00,263.00,286.00,263.00
285.00,96.00,336.00,96.00,336.00,266.00,285.00,266.00
285.00,95.00,337.00,95.00,337.00,265.00,285.00,265.00
284.00,96.00,337.00,96.00,337.00,268.00,284.00,268.00
277.00,91.00,332.00,91.00,332.00,266.00,277.00,266.00
276.00,90.00,332.00,90.00,332.00,265.00,276.00,265.00
276.00,88.00,330.00,88.00,330.00,259.00,276.00,259.00
276.00,79.00,326.00,79.00,326.00,248.00,276.00,248.00
274.00,81.00,324.00,81.00,324.00,250.00,274.00,250.00
273.00,78.00,324.00,78.00,324.00,243.00,273.00,243.00
273.00,77.00,321.00,77.00,321.00,239.00,273.00,239.00
273.00,75.00,321.00,75.00,321.00,234.00,273.00,234.00
272.00,75.00,321.00,75.00,321.00,229.00,272.00,229.00
273.00,77.00,323.00,77.00,323.00,233.00,273.00,233.00
273.00,77.00,324.00,77.00,324.00,232.00,273.00,232.00
278.00,76.00,329.00,76.00,329.00,233.00,278.00,233.00
289.00,79.00,338.00,79.00,338.00,239.00,289.00,239.00
290.00,78.00,339.00,78.00,339.00,239.00,290.00,239.00
291.00,77.00,340.00,77.00,340.00,242.00,291.00,242.00
294.00,73.00,345.00,73.00,345.00,245.00,294.00,245.00
291.00,76.00,341.00,76.00,341.00,248.00,291.00,248.00
288.00,84.00,337.00,84.00,337.00,255.00,288.00,255.00
287.00,93.00,336.00,93.00,336.00,262.00,287.00,262.00
287.00,101.00,334.00,101.00,334.00,270.00,287.00,270.00
286.00,87.00,331.00,87.00,331.00,269.00,286.00,269.00
284.00,107.00,331.00,107.00,331.00,270.00,284.00,270.00
282.00,102.00,330.00,102.00,330.00,266.00,282.00,266.00
278.00,95.00,326.00,95.00,326.00,264.00,278.00,264.00
277.00,95.00,330.00,95.00,330.00,261.00,277.00,261.00
279.00,88.00,326.00,88.00,326.00,279.00,279.00,279.00
272.00,102.00,326.00,102.00,326.00,265.00,272.00,265.00
277.00,111.00,331.00,111.00,331.00,270.00,277.00,270.00
276.00,97.00,331.00,97.00,331.00,259.00,276.00,259.00
272.00,104.00,326.00,104.00,326.00,263.00,272.00,263.00
269.00,103.00,321.00,103.00,321.00,265.00,269.00,265.00
270.00,103.00,321.00,103.00,321.00,264.00,270.00,264.00
270.00,107.00,322.00,107.00,322.00,268.00,270.00,268.00
276.00,108.00,325.00,108.00,325.00,266.00,276.00,266.00
276.00,108.00,325.00,108.00,325.00,267.00,276.00,267.00
274.00,112.00,324.00,112.00,324.00,269.00,274.00,269.00
277.00,108.00,328.00,108.00,328.00,271.00,277.00,271.00
281.00,106.00,333.00,106.00,333.00,270.00,281.00,270.00
281.00,107.00,333.00,107.00,333.00,274.00,281.00,274.00
284.00,108.00,334.00,108.00,334.00,274.00,284.00,274.00
283.00,111.00,332.00,111.00,332.00,275.00,283.00,275.00
285.00,109.00,337.00,109.00,337.00,278.00,285.00,278.00
295.00,110.00,346.00,110.00,346.00,279.00,295.00,279.00
292.00,109.00,344.00,109.00,344.00,280.00,292.00,280.00
294.00,109.00,346.00,109.00,346.00,278.00,294.00,278.00
297.00,105.00,349.00,105.00,349.00,275.00,297.00,275.00
297.00,102.00,349.00,102.00,349.00,275.00,297.00,275.00
293.00,104.00,345.00,104.00,345.00,275.00,293.00,275.00
295.00,101.00,347.00,101.00,347.00,270.00,295.00,270.00
294.00,101.00,347.00,101.00,347.00,270.00,294.00,270.00
285.00,97.00,338.00,97.00,338.00,275.00,285.00,275.00
286.00,97.00,338.00,97.00,338.00,276.00,286.00,276.00
289.00,98.00,343.00,98.00,343.00,274.00,289.00,274.00
288.00,96.00,342.00,96.00,342.00,274.00,288.00,274.00
293.00,89.00,345.00,89.00,345.00,269.00,293.00,269.00
291.00,88.00,341.00,88.00,341.00,268.00,291.00,268.00
293.00,78.00,342.00,78.00,342.00,266.00,293.00,266.00
294.00,83.00,340.00,83.00,340.00,269.00,294.00,269.00
294.00,83.00,339.00,83.00,339.00,270.00,294.00,270.00
293.00,80.00,340.00,80.00,340.00,270.00,293.00,270.00
293.00,79.00,340.00,79.00,340.00,268.00,293.00,268.00
293.00,80.00,340.00,80.00,340.00,268.00,293.00,268.00
292.00,79.00,337.00,79.00,337.00,267.00,292.00,267.00
293.00,88.00,336.00,88.00,336.00,269.00,293.00,269.00
292.00,81.00,336.00,81.00,336.00,268.00,292.00,268.00
293.00,89.00,337.00,89.00,337.00,267.00,293.00,267.00
295.00,95.00,342.00,95.00,342.00,264.00,295.00,264.00
295.00,96.00,342.00,96.00,342.00,264.00,295.00,264.00
296.00,95.00,345.00,95.00,345.00,265.00,296.00,265.00
299.00,105.00,349.00,105.00,349.00,270.00,299.00,270.00
299.00,103.00,349.00,103.00,349.00,270.00,299.00,270.00
299.00,102.00,348.00,102.00,348.00,273.00,299.00,273.00
300.00,104.00,351.00,104.00,351.00,277.00,300.00,277.00
299.00,106.00,347.00,106.00,347.00,277.00,299.00,277.00
297.00,104.00,346.00,104.00,346.00,277.00,297.00,277.00
294.00,110.00,344.00,110.00,344.00,283.00,294.00,283.00
294.00,109.00,343.00,109.00,343.00,283.00,294.00,283.00
291.00,113.00,340.00,113.00,340.00,286.00,291.00,286.00
287.00,114.00,336.00,114.00,336.00,288.00,287.00,288.00
287.00,116.00,337.00,116.00,337.00,286.00,287.00,286.00
284.00,113.00,332.00,113.00,332.00,285.00,284.00,285.00
282.00,105.00,329.00,105.00,329.00,282.00,282.00,282.00
282.00,105.00,330.00,105.00,330.00,282.00,282.00,282.00
282.00,106.00,326.00,106.00,326.00,282.00,282.00,282.00
281.00,100.00,328.00,100.00,328.00,279.00,281.00,279.00
283.00,98.00,332.00,98.00,332.00,283.00,283.00,283.00
282.00,99.00,330.00,99.00,330.00,280.00,282.00,280.00
283.00,98.00,333.00,98.00,333.00,282.00,283.00,282.00
284.00,100.00,336.00,100.00,336.00,281.00,284.00,281.00
285.00,103.00,337.00,103.00,337.00,282.00,285.00,282.00
284.00,103.00,336.00,103.00,336.00,285.00,284.00,285.00
286.00,105.00,337.00,105.00,337.00,286.00,286.00,286.00
285.00,105.00,335.00,105.00,335.00,287.00,285.00,287.00
283.00,113.00,335.00,113.00,335.00,289.00,283.00,289.00
271.00,134.00,323.00,134.00,323.00,299.00,271.00,299.00
269.00,136.00,321.00,136.00,321.00,301.00,269.00,301.00
266.00,132.00,319.00,132.00,319.00,301.00,266.00,301.00
267.00,137.00,321.00,137.00,321.00,310.00,267.00,310.00
266.00,137.00,320.00,137.00,320.00,310.00,266.00,310.00
267.00,129.00,321.00,129.00,321.00,312.00,267.00,312.00
261.00,132.00,315.00,132.00,315.00,305.00,261.00,305.00
263.00,128.00,317.00,128.00,317.00,303.00,263.00,303.00
260.00,132.00,312.00,132.00,312.00,303.00,260.00,303.00
279.00,100.00,336.00,100.00,336.00,286.00,279.00,286.00
270.00,107.00,327.00,107.00,327.00,292.00,270.00,292.00
280.00,99.00,340.00,99.00,340.00,283.00,280.00,283.00
277.00,89.00,338.00,89.00,338.00,286.00,277.00,286.00
277.00,92.00,339.00,92.00,339.00,287.00,277.00,287.00
274.00,88.00,337.00,88.00,337.00,290.00,274.00,290.00
281.00,90.00,347.00,90.00,347.00,286.00,281.00,286.00
280.00,91.00,345.00,91.00,345.00,288.00,280.00,288.00
279.00,94.00,341.00,94.00,341.00,292.00,279.00,292.00
284.00,98.00,348.00,98.00,348.00,298.00,284.00,298.00
285.00,100.00,350.00,100.00,350.00,301.00,285.00,301.00
286.00,99.00,350.00,99.00,350.00,300.00,286.00,300.00
291.00,104.00,353.00,104.00,353.00,305.00,291.00,305.00
292.00,105.00,356.00,105.00,356.00,308.00,292.00,308.00
292.00,119.00,355.00,119.00,355.00,309.00,292.00,309.00
275.00,93.00,341.00,93.00,341.00,294.00,275.00,294.00
267.00,90.00,332.00,90.00,332.00,292.00,267.00,292.00
276.00,91.00,344.00,91.00,344.00,298.00,276.00,298.00
282.00,89.00,350.00,89.00,350.00,295.00,282.00,295.00
279.00,84.00,347.00,84.00,347.00,293.00,279.00,293.00
281.00,81.00,351.00,81.00,351.00,291.00,281.00,291.00
293.00,92.00,365.00,92.00,365.00,298.00,293.00,298.00
301.00,106.00,373.00,106.00,373.00,311.00,301.00,311.00
286.00,87.00,357.00,87.00,357.00,298.00,286.00,298.00
285.00,84.00,352.00,84.00,352.00,305.00,285.00,305.00
291.00,81.00,357.00,81.00,357.00,299.00,291.00,299.00
286.00,79.00,348.00,79.00,348.00,299.00,286.00,299.00
281.00,77.00,345.00,77.00,345.00,297.00,281.00,297.00
282.00,75.00,344.00,75.00,344.00,283.00,282.00,283.00
278.00,77.00,342.00,77.00,342.00,295.00,278.00,295.00
277.00,78.00,343.00,78.00,343.00,287.00,277.00,287.00
274.00,80.00,339.00,80.00,339.00,281.00,274.00,281.00
279.00,77.00,346.00,77.00,346.00,288.00,279.00,288.00
275.00,81.00,343.00,81.00,343.00,289.00,275.00,289.00
273.00,81.00,342.00,81.00,342.00,291.00,273.00,291.00
275.00,83.00,344.00,83.00,344.00,291.00,275.00,291.00
269.00,88.00,341.00,88.00,341.00,296.00,269.00,296.00
267.00,91.00,339.00,91.00,339.00,295.00,267.00,295.00
269.00,89.00,340.00,89.00,340.00,297.00,269.00,297.00
265.00,86.00,338.00,86.00,338.00,291.00,265.00,291.00
263.00,84.00,335.00,84.00,335.00,290.00,263.00,290.00
269.00,81.00,339.00,81.00,339.00,288.00,269.00,288.00
276.00,78.00,345.00,78.00,345.00,283.00,276.00,283.00
279.00,76.00,347.00,76.00,347.00,284.00,279.00,284.00
282.00,73.00,351.00,73.00,351.00,284.00,282.00,284.00
292.00,70.00,361.00,70.00,361.00,282.00,292.00,282.00
295.00,69.00,363.00,69.00,363.00,283.00,295.00,283.00
304.00,64.00,375.00,64.00,375.00,281.00,304.00,281.00
306.00,68.00,376.00,68.00,376.00,277.00,306.00,277.00
306.00,65.00,376.00,65.00,376.00,278.00,306.00,278.00
302.00,74.00,370.00,74.00,370.00,289.00,302.00,289.00
316.00,65.00,387.00,65.00,387.00,298.00,316.00,298.00
317.00,66.00,388.00,66.00,388.00,296.00,317.00,296.00
324.00,66.00,398.00,66.00,398.00,291.00,324.00,291.00
329.00,69.00,407.00,69.00,407.00,293.00,329.00,293.00
326.00,66.00,405.00,66.00,405.00,291.00,326.00,291.00
335.00,66.00,415.00,66.00,415.00,287.00,335.00,287.00
345.00,59.00,416.00,59.00,416.00,272.00,345.00,272.00
346.00,61.00,417.00,61.00,417.00,276.00,346.00,276.00
352.00,65.00,426.00,65.00,426.00,275.00,352.00,275.00
360.00,65.00,434.00,65.00,434.00,280.00,360.00,280.00
362.00,67.00,436.00,67.00,436.00,278.00,362.00,278.00
366.00,68.00,442.00,68.00,442.00,276.00,366.00,276.00
381.00,69.00,462.00,69.00,462.00,275.00,381.00,275.00
381.00,67.00,461.00,67.00,461.00,271.00,381.00,271.00
391.00,68.00,470.00,68.00,470.00,270.00,391.00,270.00
401.00,71.00,477.00,71.00,477.00,273.00,401.00,273.00
404.00,73.00,479.00,73.00,479.00,280.00,404.00,280.00
420.00,75.00,493.00,75.00,493.00,279.00,420.00,279.00
419.00,73.00,492.00,73.00,492.00,276.00,419.00,276.00
416.00,76.00,490.00,76.00,490.00,278.00,416.00,278.00
417.00,81.00,490.00,81.00,490.00,291.00,417.00,291.00
415.00,79.00,487.00,79.00,487.00,293.00,415.00,293.00
405.00,84.00,477.00,84.00,477.00,294.00,405.00,294.00
400.00,86.00,474.00,86.00,474.00,294.00,400.00,294.00
399.00,87.00,472.00,87.00,472.00,293.00,399.00,293.00
393.00,91.00,467.00,91.00,467.00,294.00,393.00,294.00
388.00,96.00,461.00,96.00,461.00,296.00,388.00,296.00
383.00,89.00,455.00,89.00,455.00,291.00,383.00,291.00
389.00,94.00,461.00,94.00,461.00,298.00,389.00,298.00
388.00,94.00,458.00,94.00,458.00,297.00,388.00,297.00
390.00,92.00,460.00,92.00,460.00,295.00,390.00,295.00
387.00,82.00,454.00,82.00,454.00,291.00,387.00,291.00
389.00,76.00,457.00,76.00,457.00,287.00,389.00,287.00
389.00,77.00,457.00,77.00,457.00,288.00,389.00,288.00
386.00,73.00,451.00,73.00,451.00,285.00,386.00,285.00
387.00,71.00,455.00,71.00,455.00,290.00,387.00,290.00
386.00,68.00,454.00,68.00,454.00,290.00,386.00,290.00
385.00,71.00,452.00,71.00,452.00,285.00,385.00,285.00
388.00,68.00,456.00,68.00,456.00,287.00,388.00,287.00
388.00,69.00,455.00,69.00,455.00,283.00,388.00,283.00
387.00,73.00,455.00,73.00,455.00,282.00,387.00,282.00
388.00,77.00,454.00,77.00,454.00,288.00,388.00,288.00
387.00,78.00,452.00,78.00,452.00,288.00,387.00,288.00
384.00,83.00,451.00,83.00,451.00,287.00,384.00,287.00
386.00,88.00,456.00,88.00,456.00,292.00,386.00,292.00
385.00,86.00,455.00,86.00,455.00,295.00,385.00,295.00
384.00,85.00,455.00,85.00,455.00,295.00,384.00,295.00
382.00,86.00,449.00,86.00,449.00,296.00,382.00,296.00
382.00,88.00,448.00,88.00,448.00,296.00,382.00,296.00
382.00,85.00,448.00,85.00,448.00,294.00,382.00,294.00
382.00,79.00,447.00,79.00,447.00,287.00,382.00,287.00
380.00,79.00,444.00,79.00,444.00,289.00,380.00,289.00
381.00,78.00,447.00,78.00,447.00,288.00,381.00,288.00
379.00,84.00,445.00,84.00,445.00,285.00,379.00,285.00
378.00,86.00,444.00,86.00,444.00,287.00,378.00,287.00
377.00,86.00,443.00,86.00,443.00,286.00,377.00,286.00
376.00,85.00,441.00,85.00,441.00,286.00,376.00,286.00
376.00,84.00,441.00,84.00,441.00,286.00,376.00,286.00
375.00,80.00,442.00,80.00,442.00,285.00,375.00,285.00
373.00,82.00,444.00,82.00,444.00,292.00,373.00,292.00
373.00,78.00,443.00,78.00,443.00,287.00,373.00,287.00
372.00,80.00,442.00,80.00,442.00,289.00,372.00,289.00
367.00,87.00,435.00,87.00,435.00,292.00,367.00,292.00
369.00,83.00,438.00,83.00,438.00,291.00,369.00,291.00
368.00,89.00,435.00,89.00,435.00,297.00,368.00,297.00
366.00,88.00,430.00,88.00,430.00,300.00,366.00,300.00
364.00,87.00,425.00,87.00,425.00,293.00,364.00,293.00
365.00,90.00,427.00,90.00,427.00,296.00,365.00,296.00
362.00,89.00,422.00,89.00,422.00,285.00,362.00,285.00
363.00,88.00,424.00,88.00,424.00,287.00,363.00,287.00
365.00,90.00,427.00,90.00,427.00,289.00,365.00,289.00
361.00,88.00,423.00,88.00,423.00,292.00,361.00,292.00
363.00,91.00,427.00,91.00,427.00,297.00,363.00,297.00
359.00,91.00,424.00,91.00,424.00,296.00,359.00,296.00
350.00,100.00,417.00,100.00,417.00,292.00,350.00,292.00
352.00,100.00,418.00,100.00,418.00,292.00,352.00,292.00
348.00,99.00,416.00,99.00,416.00,291.00,348.00,291.00
343.00,103.00,411.00,103.00,411.00,294.00,343.00,294.00
345.00,102.00,411.00,102.00,411.00,292.00,345.00,292.00
343.00,108.00,406.00,108.00,406.00,289.00,343.00,289.00
343.00,113.00,408.00,113.00,408.00,293.00,343.00,293.00
342.00,112.00,405.00,112.00,405.00,292.00,342.00,292.00
342.00,116.00,407.00,116.00,407.00,292.00,342.00,292.00
332.00,117.00,396.00,117.00,396.00,288.00,332.00,288.00
335.00,114.00,398.00,114.00,398.00,286.00,335.00,286.00
328.00,118.00,393.00,118.00,393.00,287.00,328.00,287.00
319.00,115.00,386.00,115.00,386.00,290.00,319.00,290.00
320.00,117.00,388.00,117.00,388.00,293.00,320.00,293.00
317.00,116.00,387.00,116.00,387.00,293.00,317.00,293.00
311.00,117.00,382.00,117.00,382.00,293.00,311.00,293.00
307.00,114.00,379.00,114.00,379.00,290.00,307.00,290.00
308.00,118.00,380.00,118.00,380.00,291.00,308.00,291.00
301.00,110.00,373.00,110.00,373.00,290.00,301.00,290.00
302.00,113.00,374.00,113.00,374.00,293.00,302.00,293.00
300.00,117.00,370.00,117.00,370.00,296.00,300.00,296.00
306.00,111.00,373.00,111.00,373.00,290.00,306.00,290.00
304.00,111.00,372.00,111.00,372.00,291.00,304.00,291.00
300.00,118.00,367.00,118.00,367.00,294.00,300.00,294.00
295.00,115.00,363.00,115.00,363.00,293.00,295.00,293.00
296.00,112.00,364.00,112.00,364.00,293.00,296.00,293.00
291.00,114.00,359.00,114.00,359.00,296.00,291.00,296.00
304.00,102.00,371.00,102.00,371.00,288.00,304.00,288.00
301.00,99.00,366.00,99.00,366.00,286.00,301.00,286.00
302.00,105.00,370.00,105.00,370.00,295.00,302.00,295.00
309.00,96.00,376.00,96.00,376.00,286.00,309.00,286.00
307.00,103.00,375.00,103.00,375.00,293.00,307.00,293.00
310.00,103.00,378.00,103.00,378.00,293.00,310.00,293.00
314.00,101.00,379.00,101.00,379.00,296.00,314.00,296.00
316.00,102.00,382.00,102.00,382.00,298.00,316.00,298.00
313.00,102.00,378.00,102.00,378.00,297.00,313.00,297.00
311.00,106.00,376.00,106.00,376.00,305.00,311.00,305.00
312.00,107.00,376.00,107.00,376.00,304.00,312.00,304.00
315.00,112.00,379.00,112.00,379.00,307.00,315.00,307.00
315.00,116.00,383.00,116.00,383.00,317.00,315.00,317.00
314.00,117.00,383.00,117.00,383.00,315.00,314.00,315.00
314.00,118.00,385.00,118.00,385.00,316.00,314.00,316.00
319.00,117.00,394.00,117.00,394.00,316.00,319.00,316.00
316.00,118.00,390.00,118.00,390.00,316.00,316.00,316.00
