1
331.00,163.00,368.00,163.00,368.00,214.00,331.00,214.00
329.00,163.00,367.00,163.00,367.00,215.00,329.00,215.00
328.00,162.00,364.00,162.00,364.00,215.00,328.00,215.00
325.00,163.00,364.00,163.00,364.00,215.00,325.00,215.00
326.00,159.00,365.00,159.00,365.00,211.00,326.00,211.00
326.00,164.00,365.00,164.00,365.00,216.00,326.00,216.00
325.00,166.00,364.00,166.00,364.00,218.00,325.00,218.00
325.00,158.00,365.00,158.00,365.00,212.00,325.00,212.00
316.00,161.00,355.00,161.00,355.00,214.00,316.00,214.00
315.00,161.00,354.00,161.00,354.00,213.00,315.00,213.00
326.00,161.00,365.00,161.00,365.00,213.00,326.00,213.00
325.00,159.00,365.00,159.00,365.00,213.00,325.00,213.00
320.00,159.00,358.00,159.00,358.00,214.00,320.00,214.00
318.00,161.00,359.00,161.00,359.00,215.00,318.00,215.00
316.00,159.00,358.00,159.00,358.00,215.00,316.00,215.00
318.00,158.00,358.00,158.00,358.00,210.00,318.00,210.00
318.00,160.00,358.00,160.00,358.00,212.00,318.00,212.00
318.00,164.00,358.00,164.00,358.00,216.00,318.00,216.00
322.00,163.00,362.00,163.00,362.00,215.00,322.00,215.00
319.00,161.00,364.00,161.00,364.00,214.00,319.00,214.00
317.00,159.00,364.00,159.00,364.00,212.00,317.00,212.00
316.00,156.00,363.00,156.00,363.00,210.00,316.00,210.00
322.00,154.00,366.00,154.00,366.00,208.00,322.00,208.00
319.00,156.00,364.00,156.00,364.00,207.00,319.00,207.00
317.00,157.00,363.00,157.00,363.00,208.00,317.00,208.00
316.00,157.00,361.00,157.00,361.00,209.00,316.00,209.00
321.00,154.00,363.00,154.00,363.00,210.00,321.00,210.00
320.00,157.00,361.00,157.00,361.00,209.00,320.00,209.00
319.00,154.00,363.00,154.00,363.00,209.00,319.00,209.00
318.00,154.00,363.00,154.00,363.00,209.00,318.00,209.00
317.00,155.00,364.00,155.00,364.00,210.00,317.00,210.00
320.00,153.00,365.00,153.00,365.00,205.00,320.00,205.00
323.00,149.00,368.00,149.00,368.00,203.00,323.00,203.00
324.00,150.00,366.00,150.00,366.00,202.00,324.00,202.00
323.00,151.00,366.00,151.00,366.00,202.00,323.00,202.00
322.00,152.00,367.00,152.00,367.00,203.00,322.00,203.00
323.00,151.00,365.00,151.00,365.00,205.00,323.00,205.00
326.00,150.00,369.00,150.00,369.00,206.00,326.00,206.00
327.00,152.00,368.00,152.00,368.00,208.00,327.00,208.00
325.00,153.00,367.00,153.00,367.00,206.00,325.00,206.00
323.00,153.00,367.00,153.00,367.00,207.00,323.00,207.00
321.00,153.00,367.00,153.00,367.00,206.00,321.00,206.00
323.00,153.00,365.00,153.00,365.00,203.00,323.00,203.00
325.00,148.00,367.00,148.00,367.00,199.00,325.00,199.00
325.00,151.00,366.00,151.00,366.00,201.00,325.00,201.00
322.00,148.00,366.00,148.00,366.00,200.00,322.00,200.00
322.00,152.00,365.00,152.00,365.00,203.00,322.00,203.00
324.00,150.00,367.00,150.00,367.00,204.00,324.00,204.00
325.00,154.00,368.00,154.00,368.00,208.00,325.00,208.00
325.00,155.00,368.00,155.00,368.00,205.00,325.00,205.00
323.00,154.00,367.00,154.00,367.00,206.00,323.00,206.00
324.00,154.00,369.00,154.00,369.00,206.00,324.00,206.00
326.00,154.00,371.00,154.00,371.00,204.00,326.00,204.00
329.00,152.00,373.00,152.00,373.00,202.00,329.00,202.00
330.00,153.00,373.00,153.00,373.00,204.00,330.00,204.00
329.00,155.00,369.00,155.00,369.00,202.00,329.00,202.00
329.00,157.00,370.00,157.00,370.00,202.00,329.00,202.00
328.00,159.00,370.00,159.00,370.00,206.00,328.00,206.00
331.00,160.00,371.00,160.00,371.00,206.00,331.00,206.00
329.00,160.00,369.00,160.00,369.00,205.00,329.00,205.00
328.00,160.00,368.00,160.00,368.00,203.00,328.00,203.00
322.00,158.00,365.00,158.00,365.00,204.00,322.00,204.00
323.00,160.00,364.00,160.00,364.00,206.00,323.00,206.00
323.00,156.00,363.00,156.00,363.00,200.00,323.00,200.00
323.00,153.00,361.00,153.00,361.00,198.00,323.00,198.00
321.00,155.00,360.00,155.00,360.00,198.00,321.00,198.00
317.00,157.00,355.00,157.00,355.00,199.00,317.00,199.00
313.00,154.00,354.00,154.00,354.00,199.00,313.00,199.00
317.00,159.00,357.00,159.00,357.00,206.00,317.00,206.00
318.00,161.00,356.00,161.00,356.00,205.00,318.00,205.00
317.00,161.00,354.00,161.00,354.00,203.00,317.00,203.00
316.00,159.00,353.00,159.00,353.00,203.00,316.00,203.00
314.00,160.00,354.00,160.00,354.00,206.00,314.00,206.00
317.00,158.00,356.00,158.00,356.00,203.00,317.00,203.00
318.00,153.00,355.00,153.00,355.00,199.00,318.00,199.00
318.00,155.00,355.00,155.00,355.00,200.00,318.00,200.00
317.00,158.00,355.00,158.00,355.00,203.00,317.00,203.00
314.00,164.00,354.00,164.00,354.00,205.00,314.00,205.00
317.00,162.00,355.00,162.00,355.00,208.00,317.00,208.00
317.00,161.00,355.00,161.00,355.00,206.00,317.00,206.00
317.00,161.00,356.00,161.00,356.00,205.00,317.00,205.00
314.00,162.00,353.00,162.00,353.00,205.00,314.00,205.00
314.00,161.00,354.00,161.00,354.00,206.00,314.00,206.00
313.00,161.00,354.00,161.00,354.00,207.00,313.00,207.00
315.00,161.00,354.00,161.00,354.00,204.00,315.00,204.00
319.00,159.00,356.00,159.00,356.00,204.00,319.00,204.00
318.00,160.00,355.00,160.00,355.00,205.00,318.00,205.00
316.00,161.00,352.00,161.00,352.00,202.00,316.00,202.00
316.00,162.00,358.00,162.00,358.00,205.00,316.00,205.00
320.00,163.00,359.00,163.00,359.00,210.00,320.00,210.00
323.00,164.00,361.00,164.00,361.00,209.00,323.00,209.00
322.00,165.00,362.00,165.00,362.00,207.00,322.00,207.00
323.00,163.00,364.00,163.00,364.00,207.00,323.00,207.00
323.00,163.00,364.00,163.00,364.00,208.00,323.00,208.00
325.00,160.00,365.00,160.00,365.00,206.00,325.00,206.00
330.00,162.00,367.00,162.00,367.00,207.00,330.00,207.00
331.00,161.00,367.00,161.00,367.00,207.00,331.00,207.00
329.00,163.00,366.00,163.00,366.00,206.00,329.00,206.00
329.00,162.00,368.00,162.00,368.00,205.00,329.00,205.00
330.00,161.00,368.00,161.00,368.00,205.00,330.00,205.00
334.00,161.00,373.00,161.00,373.00,208.00,334.00,208.00
334.00,162.00,372.00,162.00,372.00,208.00,334.00,208.00
332.00,161.00,371.00,161.00,371.00,209.00,332.00,209.00
332.00,161.00,371.00,161.00,371.00,207.00,332.00,207.00
331.00,161.00,369.00,161.00,369.00,207.00,331.00,207.00
336.00,160.00,373.00,160.00,373.00,204.00,336.00,204.00
335.00,154.00,375.00,154.00,375.00,203.00,335.00,203.00
338.00,157.00,377.00,157.00,377.00,205.00,338.00,205.00
337.00,159.00,376.00,159.00,376.00,205.00,337.00,205.00
336.00,161.00,378.00,161.00,378.00,205.00,336.00,205.00
341.00,162.00,380.00,162.00,380.00,209.00,341.00,209.00
345.00,166.00,385.00,166.00,385.00,214.00,345.00,214.00
348.00,163.00,388.00,163.00,388.00,210.00,348.00,210.00
345.00,163.00,387.00,163.00,387.00,210.00,345.00,210.00
350.00,165.00,391.00,165.00,391.00,211.00,350.00,211.00
352.00,165.00,392.00,165.00,392.00,210.00,352.00,210.00
357.00,166.00,394.00,166.00,394.00,211.00,357.00,211.00
360.00,160.00,398.00,160.00,398.00,207.00,360.00,207.00
360.00,156.00,398.00,156.00,398.00,205.00,360.00,205.00
356.00,162.00,395.00,162.00,395.00,207.00,356.00,207.00
356.00,154.00,398.00,154.00,398.00,201.00,356.00,201.00
361.00,167.00,404.00,167.00,404.00,215.00,361.00,215.00
360.00,167.00,401.00,167.00,401.00,215.00,360.00,215.00
362.00,168.00,402.00,168.00,402.00,211.00,362.00,211.00
360.00,167.00,399.00,167.00,399.00,211.00,360.00,211.00
357.00,166.00,398.00,166.00,398.00,213.00,357.00,213.00
363.00,167.00,401.00,167.00,401.00,212.00,363.00,212.00
364.00,168.00,402.00,168.00,402.00,212.00,364.00,212.00
365.00,167.00,402.00,167.00,402.00,212.00,365.00,212.00
365.00,170.00,403.00,170.00,403.00,212.00,365.00,212.00
364.00,170.00,406.00,170.00,406.00,212.00,364.00,212.00
364.00,171.00,407.00,171.00,407.00,216.00,364.00,216.00
370.00,172.00,413.00,172.00,413.00,220.00,370.00,220.00
372.00,174.00,414.00,174.00,414.00,218.00,372.00,218.00
372.00,174.00,415.00,174.00,415.00,221.00,372.00,221.00
372.00,173.00,414.00,173.00,414.00,222.00,372.00,222.00
372.00,173.00,415.00,173.00,415.00,222.00,372.00,222.00
377.00,169.00,421.00,169.00,421.00,218.00,377.00,218.00
382.00,171.00,421.00,171.00,421.00,220.00,382.00,220.00
385.00,173.00,423.00,173.00,423.00,221.00,385.00,221.00
383.00,175.00,424.00,175.00,424.00,221.00,383.00,221.00
381.00,176.00,425.00,176.00,425.00,221.00,381.00,221.00
386.00,178.00,431.00,178.00,431.00,226.00,386.00,226.00
387.00,178.00,434.00,178.00,434.00,231.00,387.00,231.00
392.00,180.00,438.00,180.00,438.00,229.00,392.00,229.00
393.00,180.00,438.00,180.00,438.00,230.00,393.00,230.00
393.00,181.00,438.00,181.00,438.00,228.00,393.00,228.00
396.00,182.00,440.00,182.00,440.00,229.00,396.00,229.00
403.00,176.00,445.00,176.00,445.00,226.00,403.00,226.00
402.00,176.00,445.00,176.00,445.00,225.00,402.00,225.00
402.00,174.00,445.00,174.00,445.00,224.00,402.00,224.00
401.00,175.00,446.00,175.00,446.00,222.00,401.00,222.00
401.00,180.00,448.00,180.00,448.00,228.00,401.00,228.00
404.00,176.00,449.00,176.00,449.00,227.00,404.00,227.00
405.00,177.00,450.00,177.00,450.00,227.00,405.00,227.00
405.00,179.00,448.00,179.00,448.00,224.00,405.00,224.00
399.00,178.00,446.00,178.00,446.00,226.00,399.00,226.00
402.00,180.00,448.00,180.00,448.00,228.00,402.00,228.00
405.00,178.00,447.00,178.00,447.00,227.00,405.00,227.00
407.00,175.00,452.00,175.00,452.00,225.00,407.00,225.00
409.00,174.00,450.00,174.00,450.00,223.00,409.00,223.00
406.00,176.00,447.00,176.00,447.00,225.00,406.00,225.00
404.00,178.00,447.00,178.00,447.00,222.00,404.00,222.00
407.00,181.00,453.00,181.00,453.00,225.00,407.00,225.00
415.00,182.00,459.00,182.00,459.00,228.00,415.00,228.00
418.00,183.00,460.00,183.00,460.00,230.00,418.00,230.00
422.00,183.00,465.00,183.00,465.00,227.00,422.00,227.00
431.00,186.00,473.00,186.00,473.00,232.00,431.00,232.00
434.00,181.00,476.00,181.00,476.00,226.00,434.00,226.00
441.00,185.00,481.00,185.00,481.00,231.00,441.00,231.00
446.00,178.00,485.00,178.00,485.00,224.00,446.00,224.00
450.00,176.00,486.00,176.00,486.00,220.00,450.00,220.00
450.00,180.00,488.00,180.00,488.00,223.00,450.00,223.00
450.00,180.00,490.00,180.00,490.00,222.00,450.00,222.00
452.00,182.00,493.00,182.00,493.00,222.00,452.00,222.00
456.00,177.00,497.00,177.00,497.00,222.00,456.00,222.00
459.00,176.00,496.00,176.00,496.00,217.00,459.00,217.00
459.00,176.00,498.00,176.00,498.00,217.00,459.00,217.00
459.00,175.00,498.00,175.00,498.00,219.00,459.00,219.00
458.00,175.00,496.00,175.00,496.00,215.00,458.00,215.00
461.00,172.00,497.00,172.00,497.00,214.00,461.00,214.00
463.00,170.00,499.00,170.00,499.00,211.00,463.00,211.00
464.00,172.00,498.00,172.00,498.00,212.00,464.00,212.00
464.00,177.00,499.00,177.00,499.00,217.00,464.00,217.00
461.00,176.00,500.00,176.00,500.00,217.00,461.00,217.00
463.00,183.00,504.00,183.00,504.00,223.00,463.00,223.00
463.00,181.00,502.00,181.00,502.00,223.00,463.00,223.00
465.00,183.00,502.00,183.00,502.00,222.00,465.00,222.00
465.00,184.00,502.00,184.00,502.00,223.00,465.00,223.00
463.00,183.00,502.00,183.00,502.00,225.00,463.00,225.00
460.00,182.00,495.00,182.00,495.00,224.00,460.00,224.00
459.00,182.00,496.00,182.00,496.00,224.00,459.00,224.00
458.00,184.00,494.00,184.00,494.00,224.00,458.00,224.00
456.00,183.00,490.00,183.00,490.00,222.00,456.00,222.00
449.00,182.00,485.00,182.00,485.00,222.00,449.00,222.00
449.00,186.00,487.00,186.00,487.00,223.00,449.00,223.00
448.00,186.00,485.00,186.00,485.00,224.00,448.00,224.00
448.00,184.00,486.00,184.00,486.00,224.00,448.00,224.00
448.00,182.00,485.00,182.00,485.00,221.00,448.00,221.00
449.00,182.00,486.00,182.00,486.00,221.00,449.00,221.00
448.00,181.00,487.00,181.00,487.00,223.00,448.00,223.00
450.00,182.00,487.00,182.00,487.00,222.00,450.00,222.00
451.00,177.00,486.00,177.00,486.00,219.00,451.00,219.00
453.00,177.00,488.00,177.00,488.00,217.00,453.00,217.00
452.00,175.00,486.00,175.00,486.00,214.00,452.00,214.00
452.00,174.00,485.00,174.00,485.00,213.00,452.00,213.00
449.00,173.00,484.00,173.00,484.00,211.00,449.00,211.00
447.00,175.00,483.00,175.00,483.00,211.00,447.00,211.00
446.00,174.00,483.00,174.00,483.00,213.00,446.00,213.00
443.00,174.00,477.00,174.00,477.00,211.00,443.00,211.00
443.00,173.00,479.00,173.00,479.00,210.00,443.00,210.00
443.00,172.00,479.00,172.00,479.00,212.00,443.00,212.00
443.00,173.00,479.00,173.00,479.00,213.00,443.00,213.00
443.00,174.00,477.00,174.00,477.00,212.00,443.00,212.00
446.00,173.00,481.00,173.00,481.00,210.00,446.00,210.00
445.00,169.00,479.00,169.00,479.00,206.00,445.00,206.00
445.00,169.00,479.00,169.00,479.00,207.00,445.00,207.00
445.00,168.00,478.00,168.00,478.00,205.00,445.00,205.00
444.00,172.00,477.00,172.00,477.00,207.00,444.00,207.00
445.00,171.00,478.00,171.00,478.00,209.00,445.00,209.00
449.00,168.00,482.00,168.00,482.00,206.00,449.00,206.00
449.00,169.00,482.00,169.00,482.00,205.00,449.00,205.00
450.00,168.00,482.00,168.00,482.00,204.00,450.00,204.00
448.00,171.00,482.00,171.00,482.00,208.00,448.00,208.00
449.00,170.00,479.00,170.00,479.00,206.00,449.00,206.00
451.00,167.00,483.00,167.00,483.00,205.00,451.00,205.00
449.00,166.00,481.00,166.00,481.00,203.00,449.00,203.00
450.00,165.00,481.00,165.00,481.00,199.00,450.00,199.00
452.00,165.00,484.00,165.00,484.00,200.00,452.00,200.00
453.00,165.00,484.00,165.00,484.00,201.00,453.00,201.00
454.00,165.00,484.00,165.00,484.00,199.00,454.00,199.00
456.00,165.00,487.00,165.00,487.00,200.00,456.00,200.00
459.00,162.00,491.00,162.00,491.00,197.00,459.00,197.00
464.00,161.00,495.00,161.00,495.00,195.00,464.00,195.00
467.00,162.00,498.00,162.00,498.00,197.00,467.00,197.00
470.00,161.00,502.00,161.00,502.00,196.00,470.00,196.00
476.00,161.00,506.00,161.00,506.00,194.00,476.00,194.00
480.00,161.00,513.00,161.00,513.00,196.00,480.00,196.00
493.00,157.00,525.00,157.00,525.00,191.00,493.00,191.00
500.00,153.00,533.00,153.00,533.00,186.00,500.00,186.00
503.00,152.00,537.00,152.00,537.00,187.00,503.00,187.00
508.00,150.00,542.00,150.00,542.00,187.00,508.00,187.00
519.00,148.00,551.00,148.00,551.00,183.00,519.00,183.00
524.00,148.00,558.00,148.00,558.00,184.00,524.00,184.00
527.00,146.00,561.00,146.00,561.00,182.00,527.00,182.00
530.00,143.00,565.00,143.00,565.00,180.00,530.00,180.00
533.00,141.00,567.00,141.00,567.00,181.00,533.00,181.00
534.00,140.00,566.00,140.00,566.00,177.00,534.00,177.00
534.00,139.00,566.00,139.00,566.00,175.00,534.00,175.00
533.00,137.00,568.00,137.00,568.00,176.00,533.00,176.00
533.00,134.00,567.00,134.00,567.00,173.00,533.00,173.00
530.00,134.00,565.00,134.00,565.00,173.00,530.00,173.00
529.00,135.00,564.00,135.00,564.00,173.00,529.00,173.00
525.00,135.00,561.00,135.00,561.00,174.00,525.00,174.00
524.00,137.00,558.00,137.00,558.00,174.00,524.00,174.00
522.00,136.00,558.00,136.00,558.00,174.00,522.00,174.00
520.00,134.00,558.00,134.00,558.00,173.00,520.00,173.00
519.00,135.00,555.00,135.00,555.00,174.00,519.00,174.00
515.00,135.00,551.00,135.00,551.00,173.00,515.00,173.00
511.00,135.00,546.00,135.00,546.00,172.00,511.00,172.00
512.00,138.00,545.00,138.00,545.00,172.00,512.00,172.00
509.00,133.00,544.00,133.00,544.00,171.00,509.00,171.00
507.00,132.00,542.00,132.00,542.00,168.00,507.00,168.00
507.00,131.00,541.00,131.00,541.00,167.00,507.00,167.00
505.00,132.00,537.00,132.00,537.00,167.00,505.00,167.00
501.00,130.00,534.00,130.00,534.00,165.00,501.00,165.00
498.00,128.00,531.00,128.00,531.00,163.00,498.00,163.00
498.00,129.00,532.00,129.00,532.00,164.00,498.00,164.00
498.00,128.00,531.00,128.00,531.00,163.00,498.00,163.00
494.00,121.00,527.00,121.00,527.00,157.00,494.00,157.00
490.00,121.00,522.00,121.00,522.00,157.00,490.00,157.00
489.00,117.00,522.00,117.00,522.00,154.00,489.00,154.00
490.00,119.00,522.00,119.00,522.00,153.00,490.00,153.00
482.00,115.00,516.00,115.00,516.00,153.00,482.00,153.00
483.00,112.00,517.00,112.00,517.00,149.00,483.00,149.00
483.00,110.00,515.00,110.00,515.00,146.00,483.00,146.00
483.00,106.00,513.00,106.00,513.00,143.00,483.00,143.00
483.00,109.00,513.00,109.00,513.00,145.00,483.00,145.00
483.00,106.00,514.00,106.00,514.00,143.00,483.00,143.00
487.00,109.00,517.00,109.00,517.00,144.00,487.00,144.00
487.00,105.00,517.00,105.00,517.00,141.00,487.00,141.00
488.00,106.00,518.00,106.00,518.00,141.00,488.00,141.00
487.00,106.00,518.00,106.00,518.00,141.00,487.00,141.00
486.00,106.00,518.00,106.00,518.00,140.00,486.00,140.00
489.00,105.00,519.00,105.00,519.00,139.00,489.00,139.00
488.00,101.00,518.00,101.00,518.00,137.00,488.00,137.00
488.00,102.00,519.00,102.00,519.00,139.00,488.00,139.00
493.00,103.00,523.00,103.00,523.00,137.00,493.00,137.00
494.00,101.00,524.00,101.00,524.00,136.00,494.00,136.00
494.00,101.00,524.00,101.00,524.00,136.00,494.00,136.00
494.00,101.00,524.00,101.00,524.00,136.00,494.00,136.00
492.00,99.00,521.00,99.00,521.00,134.00,492.00,134.00
493.00,101.00,523.00,101.00,523.00,135.00,493.00,135.00
493.00,101.00,522.00,101.00,522.00,134.00,493.00,134.00
490.00,103.00,520.00,103.00,520.00,136.00,490.00,136.00
487.00,103.00,517.00,103.00,517.00,137.00,487.00,137.00
487.00,105.00,517.00,105.00,517.00,138.00,487.00,138.00
488.00,104.00,517.00,104.00,517.00,137.00,488.00,137.00
484.00,103.00,513.00,103.00,513.00,137.00,484.00,137.00
480.00,104.00,509.00,104.00,509.00,139.00,480.00,139.00
475.00,102.00,503.00,102.00,503.00,135.00,475.00,135.00
471.00,102.00,501.00,102.00,501.00,134.00,471.00,134.00
465.00,103.00,496.00,103.00,496.00,136.00,465.00,136.00
462.00,107.00,492.00,107.00,492.00,140.00,462.00,140.00
457.00,104.00,486.00,104.00,486.00,138.00,457.00,138.00
453.00,106.00,483.00,106.00,483.00,140.00,453.00,140.00
451.00,107.00,481.00,107.00,481.00,140.00,451.00,140.00
443.00,105.00,474.00,105.00,474.00,139.00,443.00,139.00
442.00,109.00,474.00,109.00,474.00,143.00,442.00,143.00
440.00,109.00,472.00,109.00,472.00,144.00,440.00,144.00
438.00,110.00,470.00,110.00,470.00,145.00,438.00,145.00
434.00,111.00,466.00,111.00,466.00,146.00,434.00,146.00
432.00,111.00,463.00,111.00,463.00,145.00,432.00,145.00
431.00,110.00,463.00,110.00,463.00,144.00,431.00,144.00
430.00,110.00,463.00,110.00,463.00,145.00,430.00,145.00
431.00,109.00,463.00,109.00,463.00,144.00,431.00,144.00
430.00,109.00,460.00,109.00,460.00,144.00,430.00,144.00
427.00,108.00,457.00,108.00,457.00,144.00,427.00,144.00
430.00,111.00,460.00,111.00,460.00,145.00,430.00,145.00
429.00,110.00,459.00,110.00,459.00,143.00,429.00,143.00
428.00,111.00,457.00,111.00,457.00,143.00,428.00,143.00
428.00,111.00,460.00,111.00,460.00,145.00,428.00,145.00
428.00,112.00,460.00,112.00,460.00,146.00,428.00,146.00
427.00,113.00,459.00,113.00,459.00,147.00,427.00,147.00
427.00,111.00,457.00,111.00,457.00,143.00,427.00,143.00
425.00,110.00,456.00,110.00,456.00,143.00,425.00,143.00
424.00,108.00,455.00,108.00,455.00,140.00,424.00,140.00
423.00,109.00,454.00,109.00,454.00,141.00,423.00,141.00
419.00,109.00,450.00,109.00,450.00,142.00,419.00,142.00
419.00,111.00,449.00,111.00,449.00,143.00,419.00,143.00
413.00,107.00,441.00,107.00,441.00,139.00,413.00,139.00
411.00,108.00,438.00,108.00,438.00,140.00,411.00,140.00
411.00,107.00,440.00,107.00,440.00,139.00,411.00,139.00
409.00,111.00,438.00,111.00,438.00,142.00,409.00,142.00
407.00,112.00,437.00,112.00,437.00,143.00,407.00,143.00
405.00,112.00,435.00,112.00,435.00,142.00,405.00,142.00
404.00,111.00,434.00,111.00,434.00,141.00,404.00,141.00
401.00,106.00,430.00,106.00,430.00,138.00,401.00,138.00
401.00,108.00,429.00,108.00,429.00,139.00,401.00,139.00
397.00,111.00,425.00,111.00,425.00,142.00,397.00,142.00
396.00,110.00,425.00,110.00,425.00,141.00,396.00,141.00
397.00,114.00,424.00,114.00,424.00,145.00,397.00,145.00
390.00,108.00,416.00,108.00,416.00,140.00,390.00,140.00
384.00,108.00,410.00,108.00,410.00,139.00,384.00,139.00
378.00,109.00,406.00,109.00,406.00,140.00,378.00,140.00
375.00,109.00,404.00,109.00,404.00,139.00,375.00,139.00
374.00,106.00,403.00,106.00,403.00,135.00,374.00,135.00
371.00,106.00,401.00,106.00,401.00,136.00,371.00,136.00
373.00,105.00,403.00,105.00,403.00,135.00,373.00,135.00
