1
332.00,163.00,368.00,163.00,368.00,213.00,332.00,213.00
330.00,163.00,368.00,163.00,368.00,213.00,330.00,213.00
327.00,164.00,364.00,164.00,364.00,214.00,327.00,214.00
328.00,163.00,366.00,163.00,366.00,214.00,328.00,214.00
327.00,160.00,366.00,160.00,366.00,211.00,327.00,211.00
327.00,165.00,366.00,165.00,366.00,215.00,327.00,215.00
326.00,168.00,365.00,168.00,365.00,218.00,326.00,218.00
326.00,154.00,366.00,154.00,366.00,205.00,326.00,205.00
316.00,164.00,356.00,164.00,356.00,215.00,316.00,215.00
320.00,163.00,360.00,163.00,360.00,214.00,320.00,214.00
326.00,160.00,367.00,160.00,367.00,209.00,326.00,209.00
325.00,160.00,364.00,160.00,364.00,210.00,325.00,210.00
319.00,162.00,358.00,162.00,358.00,213.00,319.00,213.00
315.00,162.00,355.00,162.00,355.00,214.00,315.00,214.00
314.00,160.00,356.00,160.00,356.00,213.00,314.00,213.00
317.00,157.00,358.00,157.00,358.00,209.00,317.00,209.00
319.00,161.00,359.00,161.00,359.00,213.00,319.00,213.00
316.00,165.00,356.00,165.00,356.00,216.00,316.00,216.00
317.00,162.00,362.00,162.00,362.00,213.00,317.00,213.00
320.00,161.00,364.00,161.00,364.00,214.00,320.00,214.00
317.00,162.00,359.00,162.00,359.00,213.00,317.00,213.00
319.00,159.00,360.00,159.00,360.00,208.00,319.00,208.00
322.00,156.00,363.00,156.00,363.00,206.00,322.00,206.00
321.00,157.00,363.00,157.00,363.00,205.00,321.00,205.00
317.00,158.00,359.00,158.00,359.00,207.00,317.00,207.00
318.00,158.00,361.00,158.00,361.00,208.00,318.00,208.00
321.00,158.00,362.00,158.00,362.00,211.00,321.00,211.00
320.00,158.00,361.00,158.00,361.00,208.00,320.00,208.00
319.00,158.00,360.00,158.00,360.00,206.00,319.00,206.00
319.00,159.00,361.00,159.00,361.00,208.00,319.00,208.00
318.00,158.00,358.00,158.00,358.00,208.00,318.00,208.00
322.00,155.00,361.00,155.00,361.00,202.00,322.00,202.00
326.00,152.00,366.00,152.00,366.00,200.00,326.00,200.00
325.00,152.00,364.00,152.00,364.00,200.00,325.00,200.00
324.00,154.00,365.00,154.00,365.00,202.00,324.00,202.00
322.00,156.00,363.00,156.00,363.00,203.00,322.00,203.00
324.00,154.00,364.00,154.00,364.00,204.00,324.00,204.00
325.00,155.00,366.00,155.00,366.00,206.00,325.00,206.00
327.00,155.00,368.00,155.00,368.00,205.00,327.00,205.00
325.00,156.00,366.00,156.00,366.00,203.00,325.00,203.00
324.00,158.00,364.00,158.00,364.00,203.00,324.00,203.00
323.00,159.00,363.00,159.00,363.00,205.00,323.00,205.00
327.00,153.00,365.00,153.00,365.00,200.00,327.00,200.00
327.00,150.00,365.00,150.00,365.00,197.00,327.00,197.00
325.00,153.00,364.00,153.00,364.00,199.00,325.00,199.00
322.00,152.00,359.00,152.00,359.00,197.00,322.00,197.00
323.00,155.00,362.00,155.00,362.00,201.00,323.00,201.00
325.00,155.00,364.00,155.00,364.00,202.00,325.00,202.00
327.00,159.00,366.00,159.00,366.00,206.00,327.00,206.00
327.00,160.00,367.00,160.00,367.00,205.00,327.00,205.00
324.00,160.00,363.00,160.00,363.00,206.00,324.00,206.00
327.00,157.00,366.00,157.00,366.00,204.00,327.00,204.00
329.00,156.00,366.00,156.00,366.00,201.00,329.00,201.00
330.00,153.00,368.00,153.00,368.00,200.00,330.00,200.00
331.00,158.00,369.00,158.00,369.00,204.00,331.00,204.00
331.00,157.00,365.00,157.00,365.00,200.00,331.00,200.00
329.00,161.00,364.00,161.00,364.00,202.00,329.00,202.00
331.00,163.00,367.00,163.00,367.00,207.00,331.00,207.00
331.00,163.00,370.00,163.00,370.00,206.00,331.00,206.00
329.00,162.00,369.00,162.00,369.00,204.00,329.00,204.00
328.00,160.00,367.00,160.00,367.00,202.00,328.00,202.00
326.00,157.00,364.00,157.00,364.00,201.00,326.00,201.00
325.00,163.00,360.00,163.00,360.00,206.00,325.00,206.00
325.00,157.00,360.00,157.00,360.00,200.00,325.00,200.00
324.00,155.00,359.00,155.00,359.00,197.00,324.00,197.00
322.00,157.00,356.00,157.00,356.00,199.00,322.00,199.00
318.00,158.00,352.00,158.00,352.00,198.00,318.00,198.00
316.00,158.00,352.00,158.00,352.00,198.00,316.00,198.00
319.00,162.00,354.00,162.00,354.00,205.00,319.00,205.00
318.00,162.00,355.00,162.00,355.00,204.00,318.00,204.00
317.00,162.00,355.00,162.00,355.00,202.00,317.00,202.00
317.00,161.00,354.00,161.00,354.00,202.00,317.00,202.00
315.00,161.00,352.00,161.00,352.00,204.00,315.00,204.00
318.00,158.00,354.00,158.00,354.00,200.00,318.00,200.00
320.00,156.00,353.00,156.00,353.00,199.00,320.00,199.00
320.00,157.00,353.00,157.00,353.00,199.00,320.00,199.00
318.00,161.00,352.00,161.00,352.00,200.00,318.00,200.00
316.00,163.00,350.00,163.00,350.00,202.00,316.00,202.00
319.00,163.00,354.00,163.00,354.00,206.00,319.00,206.00
318.00,164.00,353.00,164.00,353.00,205.00,318.00,205.00
318.00,163.00,356.00,163.00,356.00,204.00,318.00,204.00
317.00,162.00,352.00,162.00,352.00,203.00,317.00,203.00
315.00,164.00,351.00,164.00,351.00,206.00,315.00,206.00
316.00,163.00,351.00,163.00,351.00,207.00,316.00,207.00
317.00,163.00,350.00,163.00,350.00,204.00,317.00,204.00
319.00,158.00,353.00,158.00,353.00,200.00,319.00,200.00
319.00,160.00,353.00,160.00,353.00,201.00,319.00,201.00
318.00,163.00,352.00,163.00,352.00,201.00,318.00,201.00
319.00,164.00,353.00,164.00,353.00,204.00,319.00,204.00
322.00,166.00,356.00,166.00,356.00,211.00,322.00,211.00
323.00,165.00,357.00,165.00,357.00,208.00,323.00,208.00
324.00,164.00,361.00,164.00,361.00,207.00,324.00,207.00
326.00,161.00,363.00,161.00,363.00,205.00,326.00,205.00
326.00,165.00,362.00,165.00,362.00,208.00,326.00,208.00
327.00,162.00,361.00,162.00,361.00,206.00,327.00,206.00
330.00,162.00,364.00,162.00,364.00,205.00,330.00,205.00
331.00,159.00,366.00,159.00,366.00,203.00,331.00,203.00
330.00,163.00,366.00,163.00,366.00,204.00,330.00,204.00
330.00,162.00,367.00,162.00,367.00,204.00,330.00,204.00
332.00,162.00,366.00,162.00,366.00,206.00,332.00,206.00
335.00,159.00,375.00,159.00,375.00,208.00,335.00,208.00
334.00,158.00,374.00,158.00,374.00,208.00,334.00,208.00
333.00,159.00,372.00,159.00,372.00,208.00,333.00,208.00
334.00,159.00,372.00,159.00,372.00,206.00,334.00,206.00
332.00,159.00,371.00,159.00,371.00,205.00,332.00,205.00
334.00,158.00,372.00,158.00,372.00,204.00,334.00,204.00
336.00,154.00,375.00,154.00,375.00,202.00,336.00,202.00
337.00,157.00,376.00,157.00,376.00,204.00,337.00,204.00
336.00,160.00,374.00,160.00,374.00,203.00,336.00,203.00
337.00,160.00,375.00,160.00,375.00,205.00,337.00,205.00
343.00,160.00,381.00,160.00,381.00,207.00,343.00,207.00
346.00,164.00,388.00,164.00,388.00,212.00,346.00,212.00
347.00,162.00,390.00,162.00,390.00,211.00,347.00,211.00
347.00,162.00,388.00,162.00,388.00,210.00,347.00,210.00
348.00,166.00,389.00,166.00,389.00,211.00,348.00,211.00
351.00,164.00,392.00,164.00,392.00,211.00,351.00,211.00
354.00,161.00,396.00,161.00,396.00,209.00,354.00,209.00
358.00,159.00,400.00,159.00,400.00,207.00,358.00,207.00
358.00,157.00,399.00,157.00,399.00,206.00,358.00,206.00
355.00,159.00,395.00,159.00,395.00,207.00,355.00,207.00
356.00,155.00,396.00,155.00,396.00,207.00,356.00,207.00
363.00,160.00,408.00,160.00,408.00,213.00,363.00,213.00
361.00,164.00,405.00,164.00,405.00,216.00,361.00,216.00
361.00,165.00,403.00,165.00,403.00,214.00,361.00,214.00
360.00,163.00,400.00,163.00,400.00,211.00,360.00,211.00
357.00,163.00,398.00,163.00,398.00,212.00,357.00,212.00
361.00,163.00,401.00,163.00,401.00,211.00,361.00,211.00
363.00,165.00,403.00,165.00,403.00,212.00,363.00,212.00
363.00,164.00,404.00,164.00,404.00,213.00,363.00,213.00
364.00,165.00,402.00,165.00,402.00,211.00,364.00,211.00
364.00,166.00,404.00,166.00,404.00,213.00,364.00,213.00
367.00,168.00,407.00,168.00,407.00,217.00,367.00,217.00
371.00,170.00,412.00,170.00,412.00,218.00,371.00,218.00
373.00,170.00,416.00,170.00,416.00,218.00,373.00,218.00
374.00,172.00,416.00,172.00,416.00,220.00,374.00,220.00
373.00,172.00,413.00,172.00,413.00,221.00,373.00,221.00
374.00,174.00,415.00,174.00,415.00,223.00,374.00,223.00
378.00,169.00,419.00,169.00,419.00,220.00,378.00,220.00
381.00,168.00,422.00,168.00,422.00,220.00,381.00,220.00
383.00,171.00,424.00,171.00,424.00,220.00,383.00,220.00
382.00,173.00,423.00,173.00,423.00,222.00,382.00,222.00
382.00,167.00,424.00,167.00,424.00,219.00,382.00,219.00
387.00,175.00,428.00,175.00,428.00,227.00,387.00,227.00
388.00,177.00,433.00,177.00,433.00,231.00,388.00,231.00
392.00,176.00,438.00,176.00,438.00,228.00,392.00,228.00
394.00,176.00,437.00,176.00,437.00,229.00,394.00,229.00
392.00,179.00,439.00,179.00,439.00,230.00,392.00,230.00
393.00,175.00,437.00,175.00,437.00,227.00,393.00,227.00
402.00,173.00,445.00,173.00,445.00,228.00,402.00,228.00
400.00,173.00,445.00,173.00,445.00,225.00,400.00,225.00
403.00,172.00,446.00,172.00,446.00,225.00,403.00,225.00
401.00,174.00,445.00,174.00,445.00,223.00,401.00,223.00
401.00,176.00,444.00,176.00,444.00,226.00,401.00,226.00
406.00,175.00,448.00,175.00,448.00,226.00,406.00,226.00
405.00,177.00,446.00,177.00,446.00,227.00,405.00,227.00
405.00,177.00,449.00,177.00,449.00,226.00,405.00,226.00
402.00,175.00,445.00,175.00,445.00,226.00,402.00,226.00
403.00,178.00,444.00,178.00,444.00,227.00,403.00,227.00
404.00,173.00,445.00,173.00,445.00,225.00,404.00,225.00
408.00,173.00,450.00,173.00,450.00,226.00,408.00,226.00
408.00,174.00,449.00,174.00,449.00,224.00,408.00,224.00
408.00,174.00,448.00,174.00,448.00,224.00,408.00,224.00
407.00,175.00,447.00,175.00,447.00,223.00,407.00,223.00
409.00,176.00,451.00,176.00,451.00,224.00,409.00,224.00
416.00,179.00,458.00,179.00,458.00,229.00,416.00,229.00
420.00,182.00,461.00,182.00,461.00,230.00,420.00,230.00
425.00,180.00,467.00,180.00,467.00,228.00,425.00,228.00
432.00,184.00,472.00,184.00,472.00,230.00,432.00,230.00
436.00,180.00,476.00,180.00,476.00,226.00,436.00,226.00
440.00,179.00,479.00,179.00,479.00,226.00,440.00,226.00
446.00,171.00,486.00,171.00,486.00,221.00,446.00,221.00
449.00,173.00,487.00,173.00,487.00,222.00,449.00,222.00
450.00,174.00,489.00,174.00,489.00,221.00,450.00,221.00
451.00,172.00,489.00,172.00,489.00,219.00,451.00,219.00
453.00,178.00,492.00,178.00,492.00,223.00,453.00,223.00
457.00,176.00,495.00,176.00,495.00,222.00,457.00,222.00
460.00,173.00,497.00,173.00,497.00,218.00,460.00,218.00
459.00,171.00,498.00,171.00,498.00,217.00,459.00,217.00
460.00,173.00,495.00,173.00,495.00,219.00,460.00,219.00
458.00,171.00,495.00,171.00,495.00,214.00,458.00,214.00
461.00,169.00,497.00,169.00,497.00,214.00,461.00,214.00
464.00,168.00,498.00,168.00,498.00,213.00,464.00,213.00
463.00,169.00,500.00,169.00,500.00,213.00,463.00,213.00
463.00,174.00,498.00,174.00,498.00,216.00,463.00,216.00
463.00,176.00,497.00,176.00,497.00,217.00,463.00,217.00
465.00,180.00,502.00,180.00,502.00,223.00,465.00,223.00
466.00,180.00,499.00,180.00,499.00,225.00,466.00,225.00
467.00,181.00,500.00,181.00,500.00,223.00,467.00,223.00
466.00,182.00,499.00,182.00,499.00,222.00,466.00,222.00
464.00,182.00,499.00,182.00,499.00,224.00,464.00,224.00
460.00,182.00,493.00,182.00,493.00,223.00,460.00,223.00
459.00,182.00,493.00,182.00,493.00,224.00,459.00,224.00
459.00,182.00,491.00,182.00,491.00,223.00,459.00,223.00
457.00,182.00,490.00,182.00,490.00,222.00,457.00,222.00
451.00,181.00,483.00,181.00,483.00,221.00,451.00,221.00
450.00,184.00,484.00,184.00,484.00,222.00,450.00,222.00
450.00,183.00,485.00,183.00,485.00,222.00,450.00,222.00
449.00,184.00,481.00,184.00,481.00,225.00,449.00,225.00
450.00,181.00,484.00,181.00,484.00,221.00,450.00,221.00
450.00,181.00,485.00,181.00,485.00,221.00,450.00,221.00
450.00,181.00,484.00,181.00,484.00,222.00,450.00,222.00
451.00,181.00,485.00,181.00,485.00,222.00,451.00,222.00
451.00,177.00,485.00,177.00,485.00,220.00,451.00,220.00
454.00,176.00,487.00,176.00,487.00,217.00,454.00,217.00
453.00,174.00,485.00,174.00,485.00,214.00,453.00,214.00
452.00,173.00,484.00,173.00,484.00,214.00,452.00,214.00
450.00,173.00,482.00,173.00,482.00,211.00,450.00,211.00
447.00,172.00,483.00,172.00,483.00,210.00,447.00,210.00
447.00,173.00,480.00,173.00,480.00,213.00,447.00,213.00
445.00,173.00,478.00,173.00,478.00,210.00,445.00,210.00
446.00,170.00,481.00,170.00,481.00,209.00,446.00,209.00
442.00,170.00,477.00,170.00,477.00,211.00,442.00,211.00
443.00,172.00,476.00,172.00,476.00,213.00,443.00,213.00
443.00,174.00,477.00,174.00,477.00,214.00,443.00,214.00
444.00,169.00,478.00,169.00,478.00,211.00,444.00,211.00
445.00,166.00,476.00,166.00,476.00,206.00,445.00,206.00
445.00,168.00,479.00,168.00,479.00,207.00,445.00,207.00
445.00,169.00,479.00,169.00,479.00,207.00,445.00,207.00
444.00,170.00,477.00,170.00,477.00,207.00,444.00,207.00
446.00,171.00,480.00,171.00,480.00,208.00,446.00,208.00
448.00,168.00,481.00,168.00,481.00,206.00,448.00,206.00
450.00,167.00,482.00,167.00,482.00,205.00,450.00,205.00
449.00,169.00,481.00,169.00,481.00,206.00,449.00,206.00
447.00,169.00,479.00,169.00,479.00,207.00,447.00,207.00
448.00,169.00,482.00,169.00,482.00,206.00,448.00,206.00
449.00,168.00,484.00,168.00,484.00,205.00,449.00,205.00
449.00,165.00,480.00,165.00,480.00,202.00,449.00,202.00
451.00,164.00,482.00,164.00,482.00,199.00,451.00,199.00
451.00,165.00,485.00,165.00,485.00,202.00,451.00,202.00
452.00,165.00,485.00,165.00,485.00,203.00,452.00,203.00
451.00,164.00,484.00,164.00,484.00,199.00,451.00,199.00
456.00,164.00,487.00,164.00,487.00,200.00,456.00,200.00
460.00,161.00,490.00,161.00,490.00,198.00,460.00,198.00
463.00,159.00,494.00,159.00,494.00,196.00,463.00,196.00
467.00,160.00,501.00,160.00,501.00,197.00,467.00,197.00
471.00,160.00,504.00,160.00,504.00,197.00,471.00,197.00
475.00,159.00,508.00,159.00,508.00,196.00,475.00,196.00
482.00,160.00,517.00,160.00,517.00,197.00,482.00,197.00
494.00,155.00,526.00,155.00,526.00,190.00,494.00,190.00
500.00,150.00,534.00,150.00,534.00,186.00,500.00,186.00
504.00,151.00,538.00,151.00,538.00,187.00,504.00,187.00
506.00,149.00,542.00,149.00,542.00,187.00,506.00,187.00
517.00,147.00,551.00,147.00,551.00,184.00,517.00,184.00
523.00,144.00,558.00,144.00,558.00,183.00,523.00,183.00
527.00,141.00,562.00,141.00,562.00,182.00,527.00,182.00
531.00,138.00,565.00,138.00,565.00,179.00,531.00,179.00
533.00,141.00,567.00,141.00,567.00,181.00,533.00,181.00
532.00,140.00,566.00,140.00,566.00,179.00,532.00,179.00
532.00,137.00,568.00,137.00,568.00,177.00,532.00,177.00
534.00,137.00,569.00,137.00,569.00,177.00,534.00,177.00
532.00,133.00,568.00,133.00,568.00,174.00,532.00,174.00
531.00,133.00,566.00,133.00,566.00,173.00,531.00,173.00
528.00,133.00,563.00,133.00,563.00,174.00,528.00,174.00
524.00,133.00,562.00,133.00,562.00,175.00,524.00,175.00
522.00,136.00,560.00,136.00,560.00,175.00,522.00,175.00
521.00,135.00,558.00,135.00,558.00,175.00,521.00,175.00
521.00,134.00,558.00,134.00,558.00,175.00,521.00,175.00
518.00,133.00,554.00,133.00,554.00,175.00,518.00,175.00
515.00,132.00,552.00,132.00,552.00,174.00,515.00,174.00
512.00,134.00,549.00,134.00,549.00,176.00,512.00,176.00
510.00,131.00,548.00,131.00,548.00,174.00,510.00,174.00
509.00,130.00,546.00,130.00,546.00,173.00,509.00,173.00
506.00,130.00,542.00,130.00,542.00,173.00,506.00,173.00
505.00,128.00,543.00,128.00,543.00,172.00,505.00,172.00
503.00,128.00,541.00,128.00,541.00,170.00,503.00,170.00
497.00,126.00,537.00,126.00,537.00,168.00,497.00,168.00
496.00,125.00,535.00,125.00,535.00,166.00,496.00,166.00
496.00,124.00,534.00,124.00,534.00,166.00,496.00,166.00
497.00,122.00,533.00,122.00,533.00,164.00,497.00,164.00
492.00,117.00,530.00,117.00,530.00,161.00,492.00,161.00
487.00,113.00,525.00,113.00,525.00,157.00,487.00,157.00
486.00,113.00,526.00,113.00,526.00,157.00,486.00,157.00
487.00,113.00,525.00,113.00,525.00,156.00,487.00,156.00
482.00,109.00,520.00,109.00,520.00,153.00,482.00,153.00
481.00,107.00,519.00,107.00,519.00,152.00,481.00,152.00
480.00,105.00,517.00,105.00,517.00,150.00,480.00,150.00
479.00,101.00,516.00,101.00,516.00,146.00,479.00,146.00
481.00,105.00,518.00,105.00,518.00,148.00,481.00,148.00
482.00,105.00,521.00,105.00,521.00,148.00,482.00,148.00
483.00,104.00,521.00,104.00,521.00,148.00,483.00,148.00
484.00,100.00,521.00,100.00,521.00,143.00,484.00,143.00
487.00,99.00,523.00,99.00,523.00,145.00,487.00,145.00
484.00,100.00,522.00,100.00,522.00,145.00,484.00,145.00
484.00,98.00,522.00,98.00,522.00,142.00,484.00,142.00
487.00,99.00,522.00,99.00,522.00,142.00,487.00,142.00
487.00,97.00,522.00,97.00,522.00,141.00,487.00,141.00
489.00,97.00,524.00,97.00,524.00,142.00,489.00,142.00
493.00,98.00,528.00,98.00,528.00,140.00,493.00,140.00
492.00,98.00,527.00,98.00,527.00,139.00,492.00,139.00
492.00,97.00,526.00,97.00,526.00,140.00,492.00,140.00
492.00,96.00,526.00,96.00,526.00,138.00,492.00,138.00
491.00,94.00,524.00,94.00,524.00,136.00,491.00,136.00
491.00,94.00,525.00,94.00,525.00,138.00,491.00,138.00
491.00,94.00,525.00,94.00,525.00,137.00,491.00,137.00
489.00,97.00,522.00,97.00,522.00,138.00,489.00,138.00
486.00,98.00,519.00,98.00,519.00,139.00,486.00,139.00
487.00,99.00,521.00,99.00,521.00,140.00,487.00,140.00
485.00,96.00,519.00,96.00,519.00,138.00,485.00,138.00
481.00,96.00,516.00,96.00,516.00,139.00,481.00,139.00
478.00,98.00,511.00,98.00,511.00,139.00,478.00,139.00
474.00,98.00,506.00,98.00,506.00,139.00,474.00,139.00
468.00,95.00,501.00,95.00,501.00,137.00,468.00,137.00
463.00,97.00,497.00,97.00,497.00,139.00,463.00,139.00
458.00,94.00,495.00,94.00,495.00,138.00,458.00,138.00
455.00,97.00,489.00,97.00,489.00,140.00,455.00,140.00
450.00,98.00,486.00,98.00,486.00,142.00,450.00,142.00
447.00,101.00,481.00,101.00,481.00,141.00,447.00,141.00
440.00,99.00,475.00,99.00,475.00,140.00,440.00,140.00
443.00,103.00,476.00,103.00,476.00,145.00,443.00,145.00
440.00,103.00,474.00,103.00,474.00,146.00,440.00,146.00
438.00,102.00,472.00,102.00,472.00,146.00,438.00,146.00
434.00,106.00,469.00,106.00,469.00,148.00,434.00,148.00
434.00,110.00,466.00,110.00,466.00,150.00,434.00,150.00
431.00,108.00,463.00,108.00,463.00,147.00,431.00,147.00
430.00,105.00,464.00,105.00,464.00,146.00,430.00,146.00
429.00,102.00,464.00,102.00,464.00,143.00,429.00,143.00
429.00,104.00,462.00,104.00,462.00,146.00,429.00,146.00
426.00,101.00,459.00,101.00,459.00,142.00,426.00,142.00
427.00,104.00,460.00,104.00,460.00,144.00,427.00,144.00
428.00,104.00,461.00,104.00,461.00,143.00,428.00,143.00
426.00,104.00,460.00,104.00,460.00,142.00,426.00,142.00
426.00,104.00,459.00,104.00,459.00,144.00,426.00,144.00
427.00,106.00,461.00,106.00,461.00,146.00,427.00,146.00
427.00,106.00,461.00,106.00,461.00,147.00,427.00,147.00
426.00,107.00,458.00,107.00,458.00,146.00,426.00,146.00
425.00,105.00,457.00,105.00,457.00,144.00,425.00,144.00
423.00,106.00,456.00,106.00,456.00,145.00,423.00,145.00
420.00,102.00,454.00,102.00,454.00,142.00,420.00,142.00
419.00,103.00,452.00,103.00,452.00,144.00,419.00,144.00
417.00,105.00,449.00,105.00,449.00,144.00,417.00,144.00
412.00,102.00,443.00,102.00,443.00,140.00,412.00,140.00
409.00,102.00,440.00,102.00,440.00,141.00,409.00,141.00
409.00,101.00,441.00,101.00,441.00,141.00,409.00,141.00
407.00,104.00,441.00,104.00,441.00,145.00,407.00,145.00
403.00,104.00,438.00,104.00,438.00,146.00,403.00,146.00
403.00,102.00,438.00,102.00,438.00,143.00,403.00,143.00
400.00,99.00,435.00,99.00,435.00,141.00,400.00,141.00
397.00,97.00,434.00,97.00,434.00,143.00,397.00,143.00
397.00,96.00,434.00,96.00,434.00,144.00,397.00,144.00
394.00,100.00,428.00,100.00,428.00,144.00,394.00,144.00
393.00,99.00,426.00,99.00,426.00,145.00,393.00,145.00
391.00,100.00,424.00,100.00,424.00,145.00,391.00,145.00
387.00,100.00,421.00,100.00,421.00,143.00,387.00,143.00
380.00,98.00,415.00,98.00,415.00,143.00,380.00,143.00
373.00,101.00,407.00,101.00,407.00,144.00,373.00,144.00
372.00,102.00,407.00,102.00,407.00,144.00,372.00,144.00
369.00,100.00,404.00,100.00,404.00,141.00,369.00,141.00
371.00,102.00,405.00,102.00,405.00,143.00,371.00,143.00
373.00,102.00,405.00,102.00,405.00,141.00,373.00,141.00
