1
330.00,162.00,368.00,162.00,368.00,215.00,330.00,215.00
329.00,163.00,367.00,163.00,367.00,214.00,329.00,214.00
327.00,164.00,364.00,164.00,364.00,214.00,327.00,214.00
326.00,163.00,364.00,163.00,364.00,214.00,326.00,214.00
327.00,160.00,365.00,160.00,365.00,211.00,327.00,211.00
326.00,168.00,364.00,168.00,364.00,219.00,326.00,219.00
326.00,169.00,363.00,169.00,363.00,219.00,326.00,219.00
322.00,161.00,359.00,161.00,359.00,211.00,322.00,211.00
317.00,165.00,354.00,165.00,354.00,216.00,317.00,216.00
323.00,160.00,360.00,160.00,360.00,211.00,323.00,211.00
323.00,158.00,361.00,158.00,361.00,210.00,323.00,210.00
322.00,161.00,359.00,161.00,359.00,212.00,322.00,212.00
318.00,161.00,355.00,161.00,355.00,215.00,318.00,215.00
317.00,160.00,357.00,160.00,357.00,216.00,317.00,216.00
316.00,158.00,354.00,158.00,354.00,213.00,316.00,213.00
321.00,153.00,358.00,153.00,358.00,213.00,321.00,213.00
318.00,159.00,356.00,159.00,356.00,215.00,318.00,215.00
317.00,162.00,355.00,162.00,355.00,218.00,317.00,218.00
322.00,161.00,359.00,161.00,359.00,217.00,322.00,217.00
320.00,161.00,363.00,161.00,363.00,218.00,320.00,218.00
319.00,159.00,360.00,159.00,360.00,216.00,319.00,216.00
318.00,157.00,359.00,157.00,359.00,215.00,318.00,215.00
322.00,155.00,362.00,155.00,362.00,213.00,322.00,213.00
321.00,155.00,361.00,155.00,361.00,212.00,321.00,212.00
319.00,156.00,360.00,156.00,360.00,211.00,319.00,211.00
318.00,156.00,360.00,156.00,360.00,212.00,318.00,212.00
322.00,156.00,359.00,156.00,359.00,211.00,322.00,211.00
322.00,153.00,358.00,153.00,358.00,209.00,322.00,209.00
320.00,156.00,358.00,156.00,358.00,209.00,320.00,209.00
319.00,156.00,358.00,156.00,358.00,210.00,319.00,210.00
320.00,157.00,360.00,157.00,360.00,210.00,320.00,210.00
323.00,154.00,361.00,154.00,361.00,206.00,323.00,206.00
325.00,150.00,363.00,150.00,363.00,204.00,325.00,204.00
327.00,151.00,362.00,151.00,362.00,204.00,327.00,204.00
326.00,151.00,363.00,151.00,363.00,203.00,326.00,203.00
323.00,153.00,362.00,153.00,362.00,205.00,323.00,205.00
324.00,151.00,361.00,151.00,361.00,207.00,324.00,207.00
326.00,151.00,362.00,151.00,362.00,207.00,326.00,207.00
328.00,154.00,362.00,154.00,362.00,206.00,328.00,206.00
325.00,155.00,360.00,155.00,360.00,207.00,325.00,207.00
324.00,155.00,361.00,155.00,361.00,207.00,324.00,207.00
324.00,154.00,364.00,154.00,364.00,207.00,324.00,207.00
327.00,152.00,363.00,152.00,363.00,204.00,327.00,204.00
327.00,149.00,364.00,149.00,364.00,202.00,327.00,202.00
327.00,151.00,362.00,151.00,362.00,202.00,327.00,202.00
323.00,150.00,358.00,150.00,358.00,202.00,323.00,202.00
324.00,154.00,361.00,154.00,361.00,205.00,324.00,205.00
327.00,152.00,363.00,152.00,363.00,207.00,327.00,207.00
327.00,155.00,362.00,155.00,362.00,208.00,327.00,208.00
328.00,157.00,361.00,157.00,361.00,207.00,328.00,207.00
324.00,155.00,362.00,155.00,362.00,207.00,324.00,207.00
327.00,154.00,364.00,154.00,364.00,206.00,327.00,206.00
328.00,153.00,365.00,153.00,365.00,204.00,328.00,204.00
331.00,149.00,368.00,149.00,368.00,204.00,331.00,204.00
332.00,153.00,367.00,153.00,367.00,207.00,332.00,207.00
330.00,152.00,365.00,152.00,365.00,204.00,330.00,204.00
330.00,157.00,366.00,157.00,366.00,206.00,330.00,206.00
330.00,155.00,366.00,155.00,366.00,208.00,330.00,208.00
332.00,156.00,367.00,156.00,367.00,209.00,332.00,209.00
330.00,158.00,365.00,158.00,365.00,208.00,330.00,208.00
328.00,154.00,364.00,154.00,364.00,207.00,328.00,207.00
325.00,153.00,362.00,153.00,362.00,206.00,325.00,206.00
324.00,154.00,361.00,154.00,361.00,206.00,324.00,206.00
325.00,151.00,361.00,151.00,361.00,203.00,325.00,203.00
325.00,151.00,358.00,151.00,358.00,203.00,325.00,203.00
323.00,152.00,356.00,152.00,356.00,203.00,323.00,203.00
318.00,150.00,353.00,150.00,353.00,201.00,318.00,201.00
315.00,153.00,352.00,153.00,352.00,203.00,315.00,203.00
318.00,152.00,353.00,152.00,353.00,206.00,318.00,206.00
319.00,155.00,352.00,155.00,352.00,208.00,319.00,208.00
318.00,155.00,352.00,155.00,352.00,206.00,318.00,206.00
316.00,153.00,351.00,153.00,351.00,205.00,316.00,205.00
314.00,153.00,351.00,153.00,351.00,205.00,314.00,205.00
318.00,151.00,353.00,151.00,353.00,204.00,318.00,204.00
319.00,149.00,352.00,149.00,352.00,203.00,319.00,203.00
319.00,151.00,352.00,151.00,352.00,204.00,319.00,204.00
318.00,153.00,352.00,153.00,352.00,205.00,318.00,205.00
315.00,153.00,352.00,153.00,352.00,204.00,315.00,204.00
317.00,152.00,351.00,152.00,351.00,206.00,317.00,206.00
318.00,155.00,351.00,155.00,351.00,208.00,318.00,208.00
318.00,156.00,352.00,156.00,352.00,207.00,318.00,207.00
316.00,154.00,352.00,154.00,352.00,206.00,316.00,206.00
315.00,155.00,351.00,155.00,351.00,207.00,315.00,207.00
314.00,153.00,350.00,153.00,350.00,205.00,314.00,205.00
316.00,154.00,351.00,154.00,351.00,205.00,316.00,205.00
321.00,151.00,354.00,151.00,354.00,205.00,321.00,205.00
319.00,152.00,352.00,152.00,352.00,205.00,319.00,205.00
317.00,155.00,351.00,155.00,351.00,204.00,317.00,204.00
317.00,155.00,354.00,155.00,354.00,207.00,317.00,207.00
320.00,156.00,355.00,156.00,355.00,211.00,320.00,211.00
323.00,160.00,357.00,160.00,357.00,212.00,323.00,212.00
323.00,160.00,359.00,160.00,359.00,209.00,323.00,209.00
325.00,159.00,361.00,159.00,361.00,209.00,325.00,209.00
325.00,156.00,361.00,156.00,361.00,209.00,325.00,209.00
326.00,155.00,362.00,155.00,362.00,206.00,326.00,206.00
330.00,156.00,365.00,156.00,365.00,209.00,330.00,209.00
332.00,154.00,365.00,154.00,365.00,208.00,332.00,208.00
330.00,156.00,365.00,156.00,365.00,206.00,330.00,206.00
329.00,157.00,366.00,157.00,366.00,208.00,329.00,208.00
329.00,155.00,366.00,155.00,366.00,209.00,329.00,209.00
333.00,157.00,368.00,157.00,368.00,211.00,333.00,211.00
334.00,156.00,368.00,156.00,368.00,210.00,334.00,210.00
335.00,154.00,370.00,154.00,370.00,208.00,335.00,208.00
333.00,154.00,368.00,154.00,368.00,208.00,333.00,208.00
332.00,155.00,369.00,155.00,369.00,207.00,332.00,207.00
335.00,154.00,371.00,154.00,371.00,205.00,335.00,205.00
337.00,152.00,373.00,152.00,373.00,206.00,337.00,206.00
339.00,152.00,375.00,152.00,375.00,205.00,339.00,205.00
337.00,154.00,373.00,154.00,373.00,205.00,337.00,205.00
336.00,153.00,372.00,153.00,372.00,204.00,336.00,204.00
342.00,155.00,379.00,155.00,379.00,211.00,342.00,211.00
345.00,160.00,380.00,160.00,380.00,216.00,345.00,216.00
347.00,159.00,384.00,159.00,384.00,212.00,347.00,212.00
347.00,160.00,383.00,160.00,383.00,213.00,347.00,213.00
348.00,158.00,385.00,158.00,385.00,210.00,348.00,210.00
352.00,157.00,390.00,157.00,390.00,212.00,352.00,212.00
356.00,159.00,395.00,159.00,395.00,214.00,356.00,214.00
361.00,153.00,397.00,153.00,397.00,208.00,361.00,208.00
360.00,154.00,395.00,154.00,395.00,208.00,360.00,208.00
357.00,154.00,393.00,154.00,393.00,206.00,357.00,206.00
356.00,156.00,394.00,156.00,394.00,208.00,356.00,208.00
362.00,157.00,401.00,157.00,401.00,215.00,362.00,215.00
362.00,159.00,400.00,159.00,400.00,216.00,362.00,216.00
361.00,161.00,400.00,161.00,400.00,215.00,361.00,215.00
360.00,160.00,397.00,160.00,397.00,215.00,360.00,215.00
358.00,156.00,397.00,156.00,397.00,212.00,358.00,212.00
360.00,156.00,399.00,156.00,399.00,212.00,360.00,212.00
364.00,158.00,402.00,158.00,402.00,214.00,364.00,214.00
364.00,155.00,399.00,155.00,399.00,211.00,364.00,211.00
365.00,158.00,401.00,158.00,401.00,210.00,365.00,210.00
364.00,159.00,403.00,159.00,403.00,212.00,364.00,212.00
367.00,160.00,404.00,160.00,404.00,218.00,367.00,218.00
370.00,164.00,407.00,164.00,407.00,222.00,370.00,222.00
372.00,167.00,410.00,167.00,410.00,220.00,372.00,220.00
374.00,169.00,410.00,169.00,410.00,222.00,374.00,222.00
375.00,169.00,410.00,169.00,410.00,224.00,375.00,224.00
375.00,169.00,413.00,169.00,413.00,222.00,375.00,222.00
378.00,168.00,417.00,168.00,417.00,221.00,378.00,221.00
383.00,168.00,418.00,168.00,418.00,222.00,383.00,222.00
384.00,170.00,420.00,170.00,420.00,223.00,384.00,223.00
385.00,170.00,422.00,170.00,422.00,223.00,385.00,223.00
383.00,165.00,423.00,165.00,423.00,219.00,383.00,219.00
386.00,167.00,423.00,167.00,423.00,227.00,386.00,227.00
388.00,173.00,426.00,173.00,426.00,231.00,388.00,231.00
393.00,176.00,430.00,176.00,430.00,230.00,393.00,230.00
394.00,173.00,431.00,173.00,431.00,231.00,394.00,231.00
395.00,175.00,433.00,175.00,433.00,230.00,395.00,230.00
398.00,175.00,436.00,175.00,436.00,230.00,398.00,230.00
404.00,168.00,440.00,168.00,440.00,228.00,404.00,228.00
405.00,168.00,441.00,168.00,441.00,227.00,405.00,227.00
405.00,170.00,441.00,170.00,441.00,228.00,405.00,228.00
405.00,170.00,442.00,170.00,442.00,224.00,405.00,224.00
404.00,168.00,442.00,168.00,442.00,227.00,404.00,227.00
404.00,169.00,440.00,169.00,440.00,229.00,404.00,229.00
406.00,169.00,443.00,169.00,443.00,229.00,406.00,229.00
407.00,168.00,443.00,168.00,443.00,226.00,407.00,226.00
404.00,167.00,441.00,167.00,441.00,228.00,404.00,228.00
402.00,167.00,440.00,167.00,440.00,224.00,402.00,224.00
403.00,165.00,441.00,165.00,441.00,225.00,403.00,225.00
408.00,167.00,445.00,167.00,445.00,230.00,408.00,230.00
410.00,163.00,446.00,163.00,446.00,225.00,410.00,225.00
409.00,165.00,445.00,165.00,445.00,226.00,409.00,226.00
406.00,166.00,445.00,166.00,445.00,225.00,406.00,225.00
409.00,166.00,447.00,166.00,447.00,226.00,409.00,226.00
415.00,169.00,453.00,169.00,453.00,232.00,415.00,232.00
417.00,169.00,457.00,169.00,457.00,232.00,417.00,232.00
423.00,171.00,462.00,171.00,462.00,231.00,423.00,231.00
432.00,169.00,470.00,169.00,470.00,230.00,432.00,230.00
434.00,169.00,476.00,169.00,476.00,229.00,434.00,229.00
438.00,171.00,479.00,171.00,479.00,230.00,438.00,230.00
445.00,167.00,484.00,167.00,484.00,228.00,445.00,228.00
450.00,168.00,486.00,168.00,486.00,227.00,450.00,227.00
451.00,166.00,487.00,166.00,487.00,223.00,451.00,223.00
449.00,165.00,487.00,165.00,487.00,222.00,449.00,222.00
454.00,164.00,493.00,164.00,493.00,225.00,454.00,225.00
458.00,164.00,496.00,164.00,496.00,226.00,458.00,226.00
457.00,164.00,493.00,164.00,493.00,223.00,457.00,223.00
457.00,165.00,492.00,165.00,492.00,224.00,457.00,224.00
460.00,163.00,495.00,163.00,495.00,223.00,460.00,223.00
458.00,163.00,496.00,163.00,496.00,219.00,458.00,219.00
460.00,163.00,497.00,163.00,497.00,221.00,460.00,221.00
462.00,159.00,496.00,159.00,496.00,219.00,462.00,219.00
464.00,161.00,497.00,161.00,497.00,218.00,464.00,218.00
463.00,165.00,497.00,165.00,497.00,220.00,463.00,220.00
461.00,163.00,498.00,163.00,498.00,217.00,461.00,217.00
464.00,167.00,499.00,167.00,499.00,226.00,464.00,226.00
463.00,167.00,498.00,167.00,498.00,227.00,463.00,227.00
463.00,172.00,498.00,172.00,498.00,229.00,463.00,229.00
461.00,171.00,497.00,171.00,497.00,229.00,461.00,229.00
462.00,170.00,498.00,170.00,498.00,231.00,462.00,231.00
458.00,171.00,494.00,171.00,494.00,228.00,458.00,228.00
457.00,171.00,494.00,171.00,494.00,230.00,457.00,230.00
457.00,170.00,493.00,170.00,493.00,227.00,457.00,227.00
455.00,171.00,489.00,171.00,489.00,227.00,455.00,227.00
448.00,169.00,485.00,169.00,485.00,225.00,448.00,225.00
448.00,170.00,485.00,170.00,485.00,224.00,448.00,224.00
449.00,171.00,485.00,171.00,485.00,228.00,449.00,228.00
448.00,171.00,484.00,171.00,484.00,229.00,448.00,229.00
448.00,173.00,483.00,173.00,483.00,227.00,448.00,227.00
447.00,169.00,483.00,169.00,483.00,225.00,447.00,225.00
449.00,169.00,483.00,169.00,483.00,225.00,449.00,225.00
450.00,170.00,483.00,170.00,483.00,224.00,450.00,224.00
449.00,168.00,484.00,168.00,484.00,222.00,449.00,222.00
453.00,167.00,486.00,167.00,486.00,221.00,453.00,221.00
452.00,167.00,483.00,167.00,483.00,218.00,452.00,218.00
452.00,165.00,483.00,165.00,483.00,216.00,452.00,216.00
449.00,165.00,482.00,165.00,482.00,216.00,449.00,216.00
446.00,163.00,480.00,163.00,480.00,211.00,446.00,211.00
446.00,163.00,478.00,163.00,478.00,216.00,446.00,216.00
444.00,162.00,477.00,162.00,477.00,214.00,444.00,214.00
444.00,161.00,475.00,161.00,475.00,212.00,444.00,212.00
444.00,163.00,476.00,163.00,476.00,216.00,444.00,216.00
443.00,164.00,475.00,164.00,475.00,217.00,443.00,217.00
442.00,165.00,473.00,165.00,473.00,215.00,442.00,215.00
444.00,162.00,478.00,162.00,478.00,214.00,444.00,214.00
446.00,159.00,476.00,159.00,476.00,208.00,446.00,208.00
445.00,160.00,476.00,160.00,476.00,211.00,445.00,211.00
445.00,158.00,476.00,158.00,476.00,209.00,445.00,209.00
444.00,160.00,477.00,160.00,477.00,209.00,444.00,209.00
447.00,160.00,478.00,160.00,478.00,214.00,447.00,214.00
447.00,160.00,477.00,160.00,477.00,213.00,447.00,213.00
447.00,160.00,477.00,160.00,477.00,212.00,447.00,212.00
451.00,159.00,480.00,159.00,480.00,210.00,451.00,210.00
447.00,160.00,478.00,160.00,478.00,212.00,447.00,212.00
448.00,157.00,480.00,157.00,480.00,208.00,448.00,208.00
449.00,158.00,482.00,158.00,482.00,210.00,449.00,210.00
448.00,155.00,478.00,155.00,478.00,209.00,448.00,209.00
448.00,154.00,479.00,154.00,479.00,205.00,448.00,205.00
450.00,152.00,480.00,152.00,480.00,205.00,450.00,205.00
452.00,153.00,482.00,153.00,482.00,207.00,452.00,207.00
452.00,154.00,482.00,154.00,482.00,205.00,452.00,205.00
456.00,153.00,485.00,153.00,485.00,205.00,456.00,205.00
459.00,151.00,488.00,151.00,488.00,204.00,459.00,204.00
463.00,150.00,491.00,150.00,491.00,202.00,463.00,202.00
468.00,149.00,495.00,149.00,495.00,200.00,468.00,200.00
472.00,147.00,501.00,147.00,501.00,201.00,472.00,201.00
477.00,151.00,507.00,151.00,507.00,200.00,477.00,200.00
481.00,151.00,511.00,151.00,511.00,201.00,481.00,201.00
494.00,146.00,524.00,146.00,524.00,193.00,494.00,193.00
499.00,141.00,528.00,141.00,528.00,191.00,499.00,191.00
504.00,140.00,535.00,140.00,535.00,190.00,504.00,190.00
507.00,139.00,539.00,139.00,539.00,190.00,507.00,190.00
519.00,136.00,551.00,136.00,551.00,187.00,519.00,187.00
524.00,133.00,555.00,133.00,555.00,186.00,524.00,186.00
526.00,131.00,556.00,131.00,556.00,186.00,526.00,186.00
531.00,129.00,561.00,129.00,561.00,183.00,531.00,183.00
533.00,129.00,564.00,129.00,564.00,183.00,533.00,183.00
532.00,129.00,563.00,129.00,563.00,179.00,532.00,179.00
532.00,129.00,565.00,129.00,565.00,178.00,532.00,178.00
532.00,127.00,567.00,127.00,567.00,182.00,532.00,182.00
530.00,127.00,564.00,127.00,564.00,183.00,530.00,183.00
530.00,126.00,564.00,126.00,564.00,179.00,530.00,179.00
528.00,124.00,562.00,124.00,562.00,180.00,528.00,180.00
525.00,125.00,560.00,125.00,560.00,180.00,525.00,180.00
523.00,124.00,558.00,124.00,558.00,179.00,523.00,179.00
523.00,125.00,557.00,125.00,557.00,180.00,523.00,180.00
520.00,122.00,555.00,122.00,555.00,179.00,520.00,179.00
518.00,122.00,551.00,122.00,551.00,179.00,518.00,179.00
517.00,124.00,549.00,124.00,549.00,180.00,517.00,180.00
513.00,125.00,546.00,125.00,546.00,177.00,513.00,177.00
510.00,126.00,542.00,126.00,542.00,177.00,510.00,177.00
508.00,124.00,543.00,124.00,543.00,179.00,508.00,179.00
506.00,123.00,539.00,123.00,539.00,178.00,506.00,178.00
506.00,121.00,540.00,121.00,540.00,175.00,506.00,175.00
503.00,121.00,535.00,121.00,535.00,174.00,503.00,174.00
498.00,118.00,534.00,118.00,534.00,170.00,498.00,170.00
497.00,119.00,532.00,119.00,532.00,170.00,497.00,170.00
496.00,117.00,530.00,117.00,530.00,168.00,496.00,168.00
495.00,116.00,528.00,116.00,528.00,168.00,495.00,168.00
491.00,112.00,525.00,112.00,525.00,166.00,491.00,166.00
489.00,108.00,522.00,108.00,522.00,161.00,489.00,161.00
487.00,107.00,520.00,107.00,520.00,159.00,487.00,159.00
484.00,107.00,518.00,107.00,518.00,156.00,484.00,156.00
484.00,104.00,518.00,104.00,518.00,157.00,484.00,157.00
482.00,101.00,516.00,101.00,516.00,155.00,482.00,155.00
482.00,98.00,515.00,98.00,515.00,152.00,482.00,152.00
481.00,96.00,513.00,96.00,513.00,150.00,481.00,150.00
482.00,96.00,514.00,96.00,514.00,150.00,482.00,150.00
482.00,96.00,515.00,96.00,515.00,150.00,482.00,150.00
482.00,98.00,516.00,98.00,516.00,150.00,482.00,150.00
484.00,96.00,515.00,96.00,515.00,149.00,484.00,149.00
486.00,96.00,517.00,96.00,517.00,149.00,486.00,149.00
486.00,94.00,518.00,94.00,518.00,146.00,486.00,146.00
484.00,94.00,518.00,94.00,518.00,148.00,484.00,148.00
486.00,91.00,519.00,91.00,519.00,141.00,486.00,141.00
487.00,90.00,518.00,90.00,518.00,142.00,487.00,142.00
488.00,91.00,518.00,91.00,518.00,146.00,488.00,146.00
491.00,90.00,521.00,90.00,521.00,144.00,491.00,144.00
492.00,89.00,523.00,89.00,523.00,143.00,492.00,143.00
491.00,88.00,521.00,88.00,521.00,139.00,491.00,139.00
491.00,90.00,523.00,90.00,523.00,141.00,491.00,141.00
491.00,87.00,522.00,87.00,522.00,137.00,491.00,137.00
491.00,90.00,521.00,90.00,521.00,140.00,491.00,140.00
490.00,92.00,520.00,92.00,520.00,143.00,490.00,143.00
488.00,93.00,519.00,93.00,519.00,143.00,488.00,143.00
486.00,91.00,517.00,91.00,517.00,141.00,486.00,141.00
486.00,92.00,517.00,92.00,517.00,142.00,486.00,142.00
480.00,90.00,512.00,90.00,512.00,138.00,480.00,138.00
480.00,91.00,511.00,91.00,511.00,140.00,480.00,140.00
477.00,95.00,508.00,95.00,508.00,146.00,477.00,146.00
475.00,93.00,505.00,93.00,505.00,143.00,475.00,143.00
470.00,94.00,500.00,94.00,500.00,144.00,470.00,144.00
464.00,94.00,494.00,94.00,494.00,141.00,464.00,141.00
459.00,93.00,488.00,93.00,488.00,139.00,459.00,139.00
455.00,95.00,483.00,95.00,483.00,141.00,455.00,141.00
451.00,96.00,481.00,96.00,481.00,141.00,451.00,141.00
448.00,97.00,478.00,97.00,478.00,142.00,448.00,142.00
441.00,97.00,471.00,97.00,471.00,143.00,441.00,143.00
441.00,98.00,471.00,98.00,471.00,146.00,441.00,146.00
441.00,99.00,472.00,99.00,472.00,145.00,441.00,145.00
434.00,101.00,464.00,101.00,464.00,147.00,434.00,147.00
434.00,105.00,464.00,105.00,464.00,150.00,434.00,150.00
433.00,104.00,463.00,104.00,463.00,151.00,433.00,151.00
431.00,103.00,460.00,103.00,460.00,150.00,431.00,150.00
430.00,102.00,459.00,102.00,459.00,150.00,430.00,150.00
428.00,99.00,460.00,99.00,460.00,145.00,428.00,145.00
428.00,100.00,457.00,100.00,457.00,145.00,428.00,145.00
427.00,100.00,456.00,100.00,456.00,144.00,427.00,144.00
426.00,102.00,456.00,102.00,456.00,146.00,426.00,146.00
426.00,103.00,455.00,103.00,455.00,145.00,426.00,145.00
426.00,102.00,456.00,102.00,456.00,143.00,426.00,143.00
425.00,101.00,456.00,101.00,456.00,145.00,425.00,145.00
426.00,101.00,457.00,101.00,457.00,146.00,426.00,146.00
427.00,103.00,458.00,103.00,458.00,149.00,427.00,149.00
425.00,100.00,455.00,100.00,455.00,145.00,425.00,145.00
425.00,100.00,454.00,100.00,454.00,146.00,425.00,146.00
422.00,98.00,452.00,98.00,452.00,143.00,422.00,143.00
421.00,97.00,452.00,97.00,452.00,142.00,421.00,142.00
418.00,99.00,448.00,99.00,448.00,143.00,418.00,143.00
417.00,99.00,446.00,99.00,446.00,143.00,417.00,143.00
412.00,99.00,439.00,99.00,439.00,143.00,412.00,143.00
409.00,98.00,437.00,98.00,437.00,142.00,409.00,142.00
409.00,97.00,437.00,97.00,437.00,142.00,409.00,142.00
408.00,100.00,436.00,100.00,436.00,144.00,408.00,144.00
407.00,100.00,436.00,100.00,436.00,144.00,407.00,144.00
407.00,99.00,435.00,99.00,435.00,144.00,407.00,144.00
406.00,98.00,434.00,98.00,434.00,145.00,406.00,145.00
402.00,96.00,431.00,96.00,431.00,146.00,402.00,146.00
399.00,96.00,428.00,96.00,428.00,145.00,399.00,145.00
395.00,97.00,423.00,97.00,423.00,143.00,395.00,143.00
394.00,98.00,421.00,98.00,421.00,146.00,394.00,146.00
392.00,97.00,420.00,97.00,420.00,146.00,392.00,146.00
389.00,96.00,416.00,96.00,416.00,143.00,389.00,143.00
381.00,95.00,411.00,95.00,411.00,141.00,381.00,141.00
374.00,97.00,404.00,97.00,404.00,143.00,374.00,143.00
372.00,97.00,403.00,97.00,403.00,143.00,372.00,143.00
370.00,96.00,400.00,96.00,400.00,141.00,370.00,141.00
370.00,97.00,400.00,97.00,400.00,142.00,370.00,142.00
370.00,97.00,400.00,97.00,400.00,142.00,370.00,142.00
