1
439.00,335.00,489.00,335.00,489.00,383.00,439.00,383.00
438.00,335.00,489.00,335.00,489.00,382.00,438.00,382.00
437.00,333.00,488.00,333.00,488.00,381.00,437.00,381.00
436.00,332.00,488.00,332.00,488.00,383.00,436.00,383.00
435.00,332.00,486.00,332.00,486.00,382.00,435.00,382.00
435.00,332.00,486.00,332.00,486.00,382.00,435.00,382.00
435.00,331.00,487.00,331.00,487.00,383.00,435.00,383.00
435.00,330.00,486.00,330.00,486.00,383.00,435.00,383.00
433.00,331.00,486.00,331.00,486.00,382.00,433.00,382.00
431.00,331.00,484.00,331.00,484.00,381.00,431.00,381.00
430.00,331.00,481.00,331.00,481.00,378.00,430.00,378.00
431.00,331.00,480.00,331.00,480.00,379.00,431.00,379.00
428.00,329.00,481.00,329.00,481.00,381.00,428.00,381.00
424.00,329.00,475.00,329.00,475.00,376.00,424.00,376.00
424.00,320.00,475.00,320.00,475.00,367.00,424.00,367.00
421.00,326.00,471.00,326.00,471.00,373.00,421.00,373.00
419.00,323.00,472.00,323.00,472.00,372.00,419.00,372.00
411.00,329.00,465.00,329.00,465.00,379.00,411.00,379.00
421.00,318.00,475.00,318.00,475.00,368.00,421.00,368.00
417.00,324.00,468.00,324.00,468.00,376.00,417.00,376.00
415.00,321.00,467.00,321.00,467.00,378.00,415.00,378.00
412.00,320.00,467.00,320.00,467.00,377.00,412.00,377.00
411.00,320.00,465.00,320.00,465.00,376.00,411.00,376.00
411.00,319.00,464.00,319.00,464.00,375.00,411.00,375.00
410.00,319.00,463.00,319.00,463.00,374.00,410.00,374.00
411.00,317.00,463.00,317.00,463.00,372.00,411.00,372.00
412.00,316.00,467.00,316.00,467.00,371.00,412.00,371.00
417.00,316.00,469.00,316.00,469.00,368.00,417.00,368.00
419.00,315.00,473.00,315.00,473.00,367.00,419.00,367.00
418.00,315.00,472.00,315.00,472.00,366.00,418.00,366.00
423.00,313.00,477.00,313.00,477.00,366.00,423.00,366.00
426.00,312.00,481.00,312.00,481.00,365.00,426.00,365.00
430.00,310.00,484.00,310.00,484.00,363.00,430.00,363.00
431.00,309.00,489.00,309.00,489.00,363.00,431.00,363.00
435.00,309.00,491.00,309.00,491.00,363.00,435.00,363.00
435.00,309.00,490.00,309.00,490.00,362.00,435.00,362.00
438.00,309.00,493.00,309.00,493.00,362.00,438.00,362.00
441.00,308.00,497.00,308.00,497.00,360.00,441.00,360.00
446.00,315.00,500.00,315.00,500.00,365.00,446.00,365.00
441.00,299.00,495.00,299.00,495.00,349.00,441.00,349.00
447.00,297.00,502.00,297.00,502.00,348.00,447.00,348.00
445.00,300.00,499.00,300.00,499.00,350.00,445.00,350.00
454.00,288.00,508.00,288.00,508.00,338.00,454.00,338.00
460.00,299.00,508.00,299.00,508.00,350.00,460.00,350.00
459.00,296.00,512.00,296.00,512.00,352.00,459.00,352.00
461.00,293.00,515.00,293.00,515.00,350.00,461.00,350.00
463.00,290.00,517.00,290.00,517.00,347.00,463.00,347.00
463.00,290.00,517.00,290.00,517.00,348.00,463.00,348.00
465.00,288.00,519.00,288.00,519.00,344.00,465.00,344.00
468.00,283.00,521.00,283.00,521.00,341.00,468.00,341.00
468.00,280.00,523.00,280.00,523.00,337.00,468.00,337.00
468.00,275.00,525.00,275.00,525.00,332.00,468.00,332.00
469.00,270.00,526.00,270.00,526.00,328.00,469.00,328.00
468.00,270.00,526.00,270.00,526.00,329.00,468.00,329.00
468.00,264.00,526.00,264.00,526.00,324.00,468.00,324.00
465.00,260.00,525.00,260.00,525.00,319.00,465.00,319.00
461.00,255.00,524.00,255.00,524.00,314.00,461.00,314.00
460.00,249.00,521.00,249.00,521.00,310.00,460.00,310.00
458.00,245.00,519.00,245.00,519.00,307.00,458.00,307.00
458.00,245.00,518.00,245.00,518.00,305.00,458.00,305.00
458.00,240.00,519.00,240.00,519.00,302.00,458.00,302.00
459.00,236.00,518.00,236.00,518.00,296.00,459.00,296.00
460.00,230.00,520.00,230.00,520.00,294.00,460.00,294.00
462.00,229.00,521.00,229.00,521.00,291.00,462.00,291.00
463.00,224.00,520.00,224.00,520.00,286.00,463.00,286.00
463.00,224.00,520.00,224.00,520.00,288.00,463.00,288.00
462.00,219.00,519.00,219.00,519.00,283.00,462.00,283.00
457.00,216.00,517.00,216.00,517.00,281.00,457.00,281.00
454.00,213.00,514.00,213.00,514.00,276.00,454.00,276.00
451.00,210.00,513.00,210.00,513.00,275.00,451.00,275.00
449.00,207.00,511.00,207.00,511.00,272.00,449.00,272.00
449.00,207.00,510.00,207.00,510.00,272.00,449.00,272.00
448.00,205.00,510.00,205.00,510.00,272.00,448.00,272.00
450.00,204.00,509.00,204.00,509.00,270.00,450.00,270.00
452.00,204.00,511.00,204.00,511.00,270.00,452.00,270.00
456.00,204.00,515.00,204.00,515.00,270.00,456.00,270.00
463.00,203.00,524.00,203.00,524.00,271.00,463.00,271.00
463.00,204.00,525.00,204.00,525.00,271.00,463.00,271.00
475.00,205.00,537.00,205.00,537.00,272.00,475.00,272.00
486.00,206.00,551.00,206.00,551.00,275.00,486.00,275.00
500.00,210.00,563.00,210.00,563.00,278.00,500.00,278.00
516.00,213.00,581.00,213.00,581.00,282.00,516.00,282.00
530.00,217.00,596.00,217.00,596.00,288.00,530.00,288.00
530.00,217.00,595.00,217.00,595.00,288.00,530.00,288.00
543.00,222.00,607.00,222.00,607.00,294.00,543.00,294.00
552.00,226.00,615.00,226.00,615.00,298.00,552.00,298.00
557.00,233.00,618.00,233.00,618.00,303.00,557.00,303.00
559.00,238.00,620.00,238.00,620.00,312.00,559.00,312.00
563.00,245.00,622.00,245.00,622.00,318.00,563.00,318.00
563.00,245.00,623.00,245.00,623.00,318.00,563.00,318.00
568.00,252.00,630.00,252.00,630.00,325.00,568.00,325.00
576.00,259.00,639.00,259.00,639.00,333.00,576.00,333.00
586.00,264.00,648.00,264.00,648.00,339.00,586.00,339.00
591.00,271.00,656.00,271.00,656.00,345.00,591.00,345.00
598.00,276.00,662.00,276.00,662.00,349.00,598.00,349.00
598.00,276.00,662.00,276.00,662.00,350.00,598.00,350.00
602.00,280.00,666.00,280.00,666.00,356.00,602.00,356.00
609.00,285.00,672.00,285.00,672.00,361.00,609.00,361.00
613.00,290.00,676.00,290.00,676.00,363.00,613.00,363.00
617.00,293.00,679.00,293.00,679.00,366.00,617.00,366.00
625.00,295.00,678.00,295.00,678.00,363.00,625.00,363.00
626.00,294.00,678.00,294.00,678.00,361.00,626.00,361.00
603.00,280.00,674.00,280.00,674.00,348.00,603.00,348.00
643.00,278.00,715.00,278.00,715.00,347.00,643.00,347.00
625.00,302.00,685.00,302.00,685.00,369.00,625.00,369.00
630.00,303.00,687.00,303.00,687.00,376.00,630.00,376.00
628.00,306.00,689.00,306.00,689.00,375.00,628.00,375.00
629.00,306.00,688.00,306.00,688.00,374.00,629.00,374.00
629.00,307.00,690.00,307.00,690.00,375.00,629.00,375.00
630.00,305.00,688.00,305.00,688.00,379.00,630.00,379.00
630.00,307.00,690.00,307.00,690.00,377.00,630.00,377.00
630.00,307.00,691.00,307.00,691.00,378.00,630.00,378.00
631.00,307.00,694.00,307.00,694.00,379.00,631.00,379.00
631.00,307.00,693.00,307.00,693.00,376.00,631.00,376.00
636.00,305.00,696.00,305.00,696.00,379.00,636.00,379.00
637.00,308.00,697.00,308.00,697.00,374.00,637.00,374.00
637.00,308.00,694.00,308.00,694.00,376.00,637.00,376.00
634.00,306.00,691.00,306.00,691.00,372.00,634.00,372.00
634.00,303.00,688.00,303.00,688.00,372.00,634.00,372.00
634.00,303.00,689.00,303.00,689.00,373.00,634.00,373.00
626.00,304.00,685.00,304.00,685.00,364.00,626.00,364.00
624.00,304.00,683.00,304.00,683.00,364.00,624.00,364.00
623.00,304.00,679.00,304.00,679.00,372.00,623.00,372.00
624.00,305.00,679.00,305.00,679.00,373.00,624.00,373.00
620.00,306.00,676.00,306.00,676.00,369.00,620.00,369.00
620.00,307.00,677.00,307.00,677.00,369.00,620.00,369.00
609.00,295.00,677.00,295.00,677.00,359.00,609.00,359.00
615.00,294.00,683.00,294.00,683.00,358.00,615.00,358.00
614.00,302.00,675.00,302.00,675.00,367.00,614.00,367.00
611.00,305.00,670.00,305.00,670.00,371.00,611.00,371.00
610.00,306.00,671.00,306.00,671.00,373.00,610.00,373.00
610.00,307.00,670.00,307.00,670.00,372.00,610.00,372.00
609.00,306.00,670.00,306.00,670.00,374.00,609.00,374.00
612.00,306.00,671.00,306.00,671.00,377.00,612.00,377.00
608.00,308.00,669.00,308.00,669.00,376.00,608.00,376.00
606.00,308.00,667.00,308.00,667.00,376.00,606.00,376.00
602.00,306.00,663.00,306.00,663.00,379.00,602.00,379.00
602.00,306.00,663.00,306.00,663.00,379.00,602.00,379.00
600.00,306.00,658.00,306.00,658.00,378.00,600.00,378.00
593.00,306.00,654.00,306.00,654.00,377.00,593.00,377.00
589.00,306.00,649.00,306.00,649.00,376.00,589.00,376.00
583.00,306.00,644.00,306.00,644.00,378.00,583.00,378.00
580.00,305.00,641.00,305.00,641.00,376.00,580.00,376.00
580.00,305.00,640.00,305.00,640.00,376.00,580.00,376.00
577.00,305.00,636.00,305.00,636.00,377.00,577.00,377.00
572.00,305.00,632.00,305.00,632.00,377.00,572.00,377.00
569.00,306.00,628.00,306.00,628.00,377.00,569.00,377.00
566.00,305.00,624.00,305.00,624.00,377.00,566.00,377.00
563.00,304.00,621.00,304.00,621.00,378.00,563.00,378.00
563.00,304.00,622.00,304.00,622.00,378.00,563.00,378.00
561.00,304.00,619.00,304.00,619.00,378.00,561.00,378.00
558.00,304.00,617.00,304.00,617.00,377.00,558.00,377.00
557.00,304.00,614.00,304.00,614.00,376.00,557.00,376.00
553.00,305.00,611.00,305.00,611.00,376.00,553.00,376.00
550.00,306.00,608.00,306.00,608.00,376.00,550.00,376.00
551.00,306.00,609.00,306.00,609.00,376.00,551.00,376.00
546.00,306.00,606.00,306.00,606.00,373.00,546.00,373.00
541.00,305.00,602.00,305.00,602.00,372.00,541.00,372.00
539.00,302.00,598.00,302.00,598.00,372.00,539.00,372.00
534.00,303.00,593.00,303.00,593.00,371.00,534.00,371.00
530.00,303.00,588.00,303.00,588.00,368.00,530.00,368.00
530.00,302.00,589.00,302.00,589.00,368.00,530.00,368.00
528.00,301.00,586.00,301.00,586.00,367.00,528.00,367.00
525.00,300.00,582.00,300.00,582.00,366.00,525.00,366.00
520.00,300.00,577.00,300.00,577.00,364.00,520.00,364.00
516.00,298.00,573.00,298.00,573.00,362.00,516.00,362.00
512.00,295.00,568.00,295.00,568.00,360.00,512.00,360.00
511.00,296.00,568.00,296.00,568.00,360.00,511.00,360.00
506.00,293.00,562.00,293.00,562.00,357.00,506.00,357.00
499.00,291.00,556.00,291.00,556.00,354.00,499.00,354.00
492.00,288.00,550.00,288.00,550.00,351.00,492.00,351.00
486.00,284.00,543.00,284.00,543.00,348.00,486.00,348.00
479.00,280.00,536.00,280.00,536.00,344.00,479.00,344.00
479.00,280.00,536.00,280.00,536.00,344.00,479.00,344.00
472.00,277.00,527.00,277.00,527.00,341.00,472.00,341.00
465.00,273.00,521.00,273.00,521.00,338.00,465.00,338.00
458.00,269.00,514.00,269.00,514.00,334.00,458.00,334.00
450.00,265.00,506.00,265.00,506.00,329.00,450.00,329.00
442.00,262.00,498.00,262.00,498.00,327.00,442.00,327.00
441.00,261.00,498.00,261.00,498.00,326.00,441.00,326.00
433.00,258.00,490.00,258.00,490.00,322.00,433.00,322.00
425.00,253.00,482.00,253.00,482.00,319.00,425.00,319.00
416.00,249.00,474.00,249.00,474.00,316.00,416.00,316.00
407.00,245.00,467.00,245.00,467.00,312.00,407.00,312.00
398.00,243.00,458.00,243.00,458.00,308.00,398.00,308.00
399.00,243.00,458.00,243.00,458.00,308.00,399.00,308.00
391.00,240.00,449.00,240.00,449.00,307.00,391.00,307.00
380.00,239.00,440.00,239.00,440.00,304.00,380.00,304.00
373.00,238.00,432.00,238.00,432.00,305.00,373.00,305.00
368.00,238.00,425.00,238.00,425.00,305.00,368.00,305.00
362.00,238.00,419.00,238.00,419.00,307.00,362.00,307.00
354.00,238.00,411.00,238.00,411.00,308.00,354.00,308.00
354.00,238.00,411.00,238.00,411.00,307.00,354.00,307.00
349.00,239.00,404.00,239.00,404.00,308.00,349.00,308.00
344.00,241.00,399.00,241.00,399.00,311.00,344.00,311.00
339.00,243.00,393.00,243.00,393.00,313.00,339.00,313.00
336.00,248.00,390.00,248.00,390.00,318.00,336.00,318.00
336.00,252.00,388.00,252.00,388.00,322.00,336.00,322.00
335.00,252.00,388.00,252.00,388.00,321.00,335.00,321.00
335.00,258.00,386.00,258.00,386.00,330.00,335.00,330.00
335.00,265.00,385.00,265.00,385.00,337.00,335.00,337.00
336.00,272.00,387.00,272.00,387.00,344.00,336.00,344.00
337.00,278.00,387.00,278.00,387.00,351.00,337.00,351.00
337.00,286.00,387.00,286.00,387.00,359.00,337.00,359.00
337.00,285.00,388.00,285.00,388.00,359.00,337.00,359.00
338.00,293.00,388.00,293.00,388.00,364.00,338.00,364.00
339.00,300.00,389.00,300.00,389.00,370.00,339.00,370.00
340.00,307.00,389.00,307.00,389.00,376.00,340.00,376.00
342.00,311.00,392.00,311.00,392.00,382.00,342.00,382.00
345.00,317.00,395.00,317.00,395.00,386.00,345.00,386.00
345.00,316.00,395.00,316.00,395.00,386.00,345.00,386.00
347.00,321.00,397.00,321.00,397.00,392.00,347.00,392.00
351.00,324.00,401.00,324.00,401.00,394.00,351.00,394.00
352.00,328.00,403.00,328.00,403.00,397.00,352.00,397.00
354.00,330.00,405.00,330.00,405.00,399.00,354.00,399.00
355.00,330.00,408.00,330.00,408.00,402.00,355.00,402.00
355.00,330.00,408.00,330.00,408.00,402.00,355.00,402.00
360.00,330.00,409.00,330.00,409.00,402.00,360.00,402.00
360.00,332.00,411.00,332.00,411.00,401.00,360.00,401.00
361.00,331.00,413.00,331.00,413.00,401.00,361.00,401.00
362.00,330.00,414.00,330.00,414.00,401.00,362.00,401.00
366.00,330.00,415.00,330.00,415.00,400.00,366.00,400.00
367.00,330.00,416.00,330.00,416.00,399.00,367.00,399.00
366.00,331.00,416.00,331.00,416.00,397.00,366.00,397.00
365.00,330.00,417.00,330.00,417.00,397.00,365.00,397.00
368.00,327.00,417.00,327.00,417.00,397.00,368.00,397.00
367.00,327.00,418.00,327.00,418.00,395.00,367.00,395.00
368.00,326.00,420.00,326.00,420.00,391.00,368.00,391.00
368.00,327.00,420.00,327.00,420.00,391.00,368.00,391.00
368.00,324.00,422.00,324.00,422.00,391.00,368.00,391.00
372.00,323.00,422.00,323.00,422.00,389.00,372.00,389.00
371.00,323.00,424.00,323.00,424.00,387.00,371.00,387.00
371.00,321.00,424.00,321.00,424.00,384.00,371.00,384.00
371.00,319.00,422.00,319.00,422.00,383.00,371.00,383.00
372.00,319.00,422.00,319.00,422.00,382.00,372.00,382.00
372.00,317.00,421.00,317.00,421.00,380.00,372.00,380.00
370.00,318.00,420.00,318.00,420.00,377.00,370.00,377.00
369.00,317.00,421.00,317.00,421.00,375.00,369.00,375.00
370.00,313.00,418.00,313.00,418.00,374.00,370.00,374.00
367.00,313.00,415.00,313.00,415.00,371.00,367.00,371.00
367.00,313.00,416.00,313.00,416.00,371.00,367.00,371.00
365.00,312.00,414.00,312.00,414.00,369.00,365.00,369.00
362.00,310.00,412.00,310.00,412.00,367.00,362.00,367.00
361.00,308.00,410.00,308.00,410.00,367.00,361.00,367.00
357.00,307.00,406.00,307.00,406.00,362.00,357.00,362.00
354.00,305.00,403.00,305.00,403.00,361.00,354.00,361.00
355.00,306.00,403.00,306.00,403.00,361.00,355.00,361.00
351.00,302.00,399.00,302.00,399.00,359.00,351.00,359.00
348.00,302.00,395.00,302.00,395.00,356.00,348.00,356.00
344.00,301.00,392.00,301.00,392.00,356.00,344.00,356.00
340.00,298.00,390.00,298.00,390.00,353.00,340.00,353.00
338.00,296.00,385.00,296.00,385.00,353.00,338.00,353.00
339.00,296.00,387.00,296.00,387.00,352.00,339.00,352.00
336.00,297.00,384.00,297.00,384.00,352.00,336.00,352.00
335.00,297.00,383.00,297.00,383.00,353.00,335.00,353.00
334.00,297.00,382.00,297.00,382.00,353.00,334.00,353.00
334.00,296.00,381.00,296.00,381.00,354.00,334.00,354.00
332.00,298.00,380.00,298.00,380.00,353.00,332.00,353.00
332.00,298.00,379.00,298.00,379.00,352.00,332.00,352.00
329.00,298.00,378.00,298.00,378.00,353.00,329.00,353.00
329.00,297.00,376.00,297.00,376.00,353.00,329.00,353.00
327.00,298.00,375.00,298.00,375.00,353.00,327.00,353.00
327.00,298.00,374.00,298.00,374.00,352.00,327.00,352.00
323.00,299.00,374.00,299.00,374.00,354.00,323.00,354.00
323.00,298.00,374.00,298.00,374.00,354.00,323.00,354.00
324.00,299.00,372.00,299.00,372.00,355.00,324.00,355.00
322.00,300.00,371.00,300.00,371.00,354.00,322.00,354.00
322.00,300.00,372.00,300.00,372.00,356.00,322.00,356.00
321.00,300.00,369.00,300.00,369.00,355.00,321.00,355.00
321.00,301.00,369.00,301.00,369.00,357.00,321.00,357.00
321.00,301.00,369.00,301.00,369.00,357.00,321.00,357.00
319.00,301.00,367.00,301.00,367.00,356.00,319.00,356.00
319.00,301.00,366.00,301.00,366.00,356.00,319.00,356.00
319.00,301.00,365.00,301.00,365.00,357.00,319.00,357.00
319.00,303.00,366.00,303.00,366.00,355.00,319.00,355.00
321.00,302.00,366.00,302.00,366.00,355.00,321.00,355.00
320.00,302.00,365.00,302.00,365.00,355.00,320.00,355.00
323.00,302.00,368.00,302.00,368.00,354.00,323.00,354.00
321.00,302.00,367.00,302.00,367.00,354.00,321.00,354.00
320.00,302.00,367.00,302.00,367.00,355.00,320.00,355.00
322.00,302.00,368.00,302.00,368.00,355.00,322.00,355.00
323.00,302.00,369.00,302.00,369.00,354.00,323.00,354.00
322.00,302.00,369.00,302.00,369.00,355.00,322.00,355.00
324.00,303.00,367.00,303.00,367.00,353.00,324.00,353.00
324.00,303.00,368.00,303.00,368.00,353.00,324.00,353.00
326.00,301.00,369.00,301.00,369.00,352.00,326.00,352.00
327.00,301.00,370.00,301.00,370.00,353.00,327.00,353.00
327.00,301.00,371.00,301.00,371.00,351.00,327.00,351.00
328.00,302.00,371.00,302.00,371.00,351.00,328.00,351.00
328.00,301.00,371.00,301.00,371.00,350.00,328.00,350.00
327.00,298.00,370.00,298.00,370.00,347.00,327.00,347.00
325.00,295.00,369.00,295.00,369.00,345.00,325.00,345.00
327.00,292.00,370.00,292.00,370.00,343.00,327.00,343.00
326.00,289.00,369.00,289.00,369.00,341.00,326.00,341.00
326.00,289.00,369.00,289.00,369.00,342.00,326.00,342.00
324.00,284.00,368.00,284.00,368.00,337.00,324.00,337.00
321.00,281.00,366.00,281.00,366.00,333.00,321.00,333.00
318.00,275.00,363.00,275.00,363.00,326.00,318.00,326.00
317.00,270.00,361.00,270.00,361.00,321.00,317.00,321.00
312.00,266.00,356.00,266.00,356.00,318.00,312.00,318.00
312.00,266.00,356.00,266.00,356.00,317.00,312.00,317.00
307.00,261.00,353.00,261.00,353.00,312.00,307.00,312.00
302.00,258.00,348.00,258.00,348.00,307.00,302.00,307.00
299.00,253.00,345.00,253.00,345.00,303.00,299.00,303.00
296.00,249.00,340.00,249.00,340.00,299.00,296.00,299.00
292.00,246.00,336.00,246.00,336.00,295.00,292.00,295.00
292.00,246.00,337.00,246.00,337.00,296.00,292.00,296.00
289.00,243.00,334.00,243.00,334.00,292.00,289.00,292.00
286.00,240.00,330.00,240.00,330.00,288.00,286.00,288.00
281.00,237.00,325.00,237.00,325.00,286.00,281.00,286.00
277.00,234.00,321.00,234.00,321.00,285.00,277.00,285.00
273.00,232.00,318.00,232.00,318.00,281.00,273.00,281.00
273.00,232.00,318.00,232.00,318.00,281.00,273.00,281.00
269.00,229.00,313.00,229.00,313.00,279.00,269.00,279.00
263.00,227.00,307.00,227.00,307.00,277.00,263.00,277.00
258.00,225.00,304.00,225.00,304.00,276.00,258.00,276.00
252.00,224.00,297.00,224.00,297.00,274.00,252.00,274.00
247.00,222.00,292.00,222.00,292.00,272.00,247.00,272.00
246.00,223.00,292.00,223.00,292.00,272.00,246.00,272.00
242.00,222.00,286.00,222.00,286.00,273.00,242.00,273.00
239.00,223.00,285.00,223.00,285.00,274.00,239.00,274.00
235.00,226.00,279.00,226.00,279.00,276.00,235.00,276.00
231.00,227.00,276.00,227.00,276.00,278.00,231.00,278.00
228.00,230.00,274.00,230.00,274.00,281.00,228.00,281.00
229.00,229.00,275.00,229.00,275.00,280.00,229.00,280.00
225.00,234.00,272.00,234.00,272.00,284.00,225.00,284.00
225.00,238.00,272.00,238.00,272.00,288.00,225.00,288.00
225.00,243.00,273.00,243.00,273.00,293.00,225.00,293.00
225.00,249.00,273.00,249.00,273.00,298.00,225.00,298.00
226.00,254.00,274.00,254.00,274.00,303.00,226.00,303.00
225.00,254.00,275.00,254.00,275.00,304.00,225.00,304.00
229.00,260.00,280.00,260.00,280.00,311.00,229.00,311.00
231.00,267.00,283.00,267.00,283.00,317.00,231.00,317.00
235.00,274.00,286.00,274.00,286.00,324.00,235.00,324.00
240.00,283.00,292.00,283.00,292.00,332.00,240.00,332.00
247.00,290.00,298.00,290.00,298.00,339.00,247.00,339.00
247.00,291.00,298.00,291.00,298.00,339.00,247.00,339.00
252.00,297.00,303.00,297.00,303.00,345.00,252.00,345.00
257.00,303.00,307.00,303.00,307.00,349.00,257.00,349.00
259.00,307.00,308.00,307.00,308.00,353.00,259.00,353.00
263.00,310.00,311.00,310.00,311.00,355.00,263.00,355.00
263.00,314.00,312.00,314.00,312.00,359.00,263.00,359.00
262.00,314.00,312.00,314.00,312.00,359.00,262.00,359.00
264.00,315.00,313.00,315.00,313.00,360.00,264.00,360.00
260.00,315.00,310.00,315.00,310.00,360.00,260.00,360.00
255.00,314.00,305.00,314.00,305.00,358.00,255.00,358.00
248.00,311.00,298.00,311.00,298.00,356.00,248.00,356.00
244.00,310.00,292.00,310.00,292.00,354.00,244.00,354.00
245.00,310.00,293.00,310.00,293.00,354.00,245.00,354.00
236.00,308.00,288.00,308.00,288.00,352.00,236.00,352.00
230.00,306.00,281.00,306.00,281.00,350.00,230.00,350.00
223.00,302.00,274.00,302.00,274.00,349.00,223.00,349.00
214.00,302.00,265.00,302.00,265.00,347.00,214.00,347.00
209.00,301.00,259.00,301.00,259.00,344.00,209.00,344.00
209.00,301.00,260.00,301.00,260.00,344.00,209.00,344.00
203.00,298.00,254.00,298.00,254.00,341.00,203.00,341.00
198.00,296.00,248.00,296.00,248.00,340.00,198.00,340.00
191.00,296.00,241.00,296.00,241.00,339.00,191.00,339.00
181.00,294.00,231.00,294.00,231.00,336.00,181.00,336.00
175.00,292.00,223.00,292.00,223.00,334.00,175.00,334.00
175.00,292.00,224.00,292.00,224.00,334.00,175.00,334.00
169.00,291.00,218.00,291.00,218.00,333.00,169.00,333.00
161.00,290.00,211.00,290.00,211.00,330.00,161.00,330.00
156.00,289.00,205.00,289.00,205.00,330.00,156.00,330.00
148.00,288.00,200.00,288.00,200.00,329.00,148.00,329.00
140.00,286.00,191.00,286.00,191.00,328.00,140.00,328.00
142.00,286.00,192.00,286.00,192.00,328.00,142.00,328.00
132.00,286.00,182.00,286.00,182.00,327.00,132.00,327.00
126.00,286.00,177.00,286.00,177.00,326.00,126.00,326.00
122.00,286.00,173.00,286.00,173.00,327.00,122.00,327.00
117.00,286.00,168.00,286.00,168.00,327.00,117.00,327.00
122.00,290.00,171.00,290.00,171.00,330.00,122.00,330.00
120.00,289.00,170.00,289.00,170.00,329.00,120.00,329.00
121.00,294.00,174.00,294.00,174.00,334.00,121.00,334.00
135.00,300.00,187.00,300.00,187.00,341.00,135.00,341.00
148.00,306.00,200.00,306.00,200.00,348.00,148.00,348.00
168.00,309.00,218.00,309.00,218.00,358.00,168.00,358.00
181.00,323.00,234.00,323.00,234.00,365.00,181.00,365.00
181.00,323.00,232.00,323.00,232.00,364.00,181.00,364.00
193.00,331.00,242.00,331.00,242.00,371.00,193.00,371.00
208.00,337.00,257.00,337.00,257.00,377.00,208.00,377.00
219.00,342.00,268.00,342.00,268.00,382.00,219.00,382.00
224.00,346.00,275.00,346.00,275.00,388.00,224.00,388.00
228.00,350.00,278.00,350.00,278.00,390.00,228.00,390.00
229.00,350.00,279.00,350.00,279.00,391.00,229.00,391.00
233.00,353.00,282.00,353.00,282.00,393.00,233.00,393.00
238.00,355.00,287.00,355.00,287.00,397.00,238.00,397.00
241.00,356.00,290.00,356.00,290.00,398.00,241.00,398.00
247.00,359.00,296.00,359.00,296.00,401.00,247.00,401.00
252.00,362.00,302.00,362.00,302.00,404.00,252.00,404.00
260.00,365.00,310.00,365.00,310.00,407.00,260.00,407.00
259.00,365.00,310.00,365.00,310.00,407.00,259.00,407.00
270.00,367.00,320.00,367.00,320.00,408.00,270.00,408.00
283.00,369.00,332.00,369.00,332.00,411.00,283.00,411.00
292.00,373.00,341.00,373.00,341.00,416.00,292.00,416.00
301.00,376.00,352.00,376.00,352.00,420.00,301.00,420.00
308.00,380.00,361.00,380.00,361.00,424.00,308.00,424.00
310.00,381.00,361.00,381.00,361.00,424.00,310.00,424.00
317.00,383.00,369.00,383.00,369.00,426.00,317.00,426.00
325.00,386.00,377.00,386.00,377.00,430.00,325.00,430.00
329.00,387.00,383.00,387.00,383.00,432.00,329.00,432.00
334.00,390.00,385.00,390.00,385.00,433.00,334.00,433.00
345.00,392.00,396.00,392.00,396.00,434.00,345.00,434.00
343.00,393.00,396.00,393.00,396.00,435.00,343.00,435.00
350.00,394.00,402.00,394.00,402.00,436.00,350.00,436.00
358.00,397.00,411.00,397.00,411.00,440.00,358.00,440.00
368.00,398.00,418.00,398.00,418.00,441.00,368.00,441.00
377.00,401.00,429.00,401.00,429.00,444.00,377.00,444.00
383.00,403.00,435.00,403.00,435.00,445.00,383.00,445.00
383.00,403.00,435.00,403.00,435.00,445.00,383.00,445.00
393.00,406.00,442.00,406.00,442.00,448.00,393.00,448.00
402.00,408.00,451.00,408.00,451.00,450.00,402.00,450.00
412.00,409.00,463.00,409.00,463.00,453.00,412.00,453.00
419.00,412.00,473.00,412.00,473.00,456.00,419.00,456.00
429.00,413.00,485.00,413.00,485.00,457.00,429.00,457.00
430.00,413.00,485.00,413.00,485.00,457.00,430.00,457.00
441.00,414.00,498.00,414.00,498.00,458.00,441.00,458.00
450.00,416.00,505.00,416.00,505.00,460.00,450.00,460.00
460.00,417.00,514.00,417.00,514.00,462.00,460.00,462.00
467.00,418.00,519.00,418.00,519.00,463.00,467.00,463.00
471.00,418.00,524.00,418.00,524.00,464.00,471.00,464.00
473.00,418.00,525.00,418.00,525.00,464.00,473.00,464.00
478.00,417.00,526.00,417.00,526.00,465.00,478.00,465.00
492.00,417.00,538.00,417.00,538.00,464.00,492.00,464.00
497.00,418.00,551.00,418.00,551.00,465.00,497.00,465.00
509.00,415.00,566.00,415.00,566.00,467.00,509.00,467.00
522.00,415.00,579.00,415.00,579.00,466.00,522.00,466.00
523.00,415.00,580.00,415.00,580.00,467.00,523.00,467.00
534.00,414.00,592.00,414.00,592.00,465.00,534.00,465.00
547.00,413.00,605.00,413.00,605.00,466.00,547.00,466.00
561.00,411.00,617.00,411.00,617.00,462.00,561.00,462.00
574.00,411.00,630.00,411.00,630.00,462.00,574.00,462.00
587.00,409.00,640.00,409.00,640.00,460.00,587.00,460.00
588.00,408.00,640.00,408.00,640.00,460.00,588.00,460.00
597.00,407.00,650.00,407.00,650.00,459.00,597.00,459.00
606.00,406.00,659.00,406.00,659.00,458.00,606.00,458.00
615.00,406.00,666.00,406.00,666.00,455.00,615.00,455.00
618.00,403.00,668.00,403.00,668.00,453.00,618.00,453.00
618.00,400.00,667.00,400.00,667.00,451.00,618.00,451.00
617.00,400.00,667.00,400.00,667.00,451.00,617.00,451.00
618.00,400.00,667.00,400.00,667.00,449.00,618.00,449.00
617.00,398.00,665.00,398.00,665.00,448.00,617.00,448.00
616.00,395.00,666.00,395.00,666.00,448.00,616.00,448.00
613.00,393.00,663.00,393.00,663.00,445.00,613.00,445.00
612.00,391.00,660.00,391.00,660.00,445.00,612.00,445.00
611.00,392.00,659.00,392.00,659.00,445.00,611.00,445.00
607.00,391.00,656.00,391.00,656.00,442.00,607.00,442.00
602.00,389.00,654.00,389.00,654.00,444.00,602.00,444.00
597.00,388.00,647.00,388.00,647.00,441.00,597.00,441.00
592.00,387.00,643.00,387.00,643.00,441.00,592.00,441.00
588.00,385.00,637.00,385.00,637.00,439.00,588.00,439.00
588.00,385.00,637.00,385.00,637.00,440.00,588.00,440.00
583.00,384.00,634.00,384.00,634.00,437.00,583.00,437.00
577.00,383.00,630.00,383.00,630.00,437.00,577.00,437.00
572.00,381.00,624.00,381.00,624.00,434.00,572.00,434.00
567.00,381.00,619.00,381.00,619.00,434.00,567.00,434.00
564.00,380.00,614.00,380.00,614.00,433.00,564.00,433.00
565.00,379.00,615.00,379.00,615.00,432.00,565.00,432.00
560.00,380.00,611.00,380.00,611.00,432.00,560.00,432.00
557.00,379.00,608.00,379.00,608.00,431.00,557.00,431.00
553.00,378.00,606.00,378.00,606.00,431.00,553.00,431.00
550.00,378.00,602.00,378.00,602.00,431.00,550.00,431.00
547.00,378.00,599.00,378.00,599.00,430.00,547.00,430.00
547.00,378.00,599.00,378.00,599.00,430.00,547.00,430.00
543.00,377.00,596.00,377.00,596.00,428.00,543.00,428.00
540.00,376.00,593.00,376.00,593.00,428.00,540.00,428.00
537.00,376.00,591.00,376.00,591.00,429.00,537.00,429.00
536.00,375.00,589.00,375.00,589.00,428.00,536.00,428.00
534.00,375.00,587.00,375.00,587.00,428.00,534.00,428.00
533.00,375.00,587.00,375.00,587.00,427.00,533.00,427.00
531.00,374.00,585.00,374.00,585.00,426.00,531.00,426.00
536.00,374.00,588.00,374.00,588.00,427.00,536.00,427.00
528.00,372.00,579.00,372.00,579.00,425.00,528.00,425.00
529.00,374.00,580.00,374.00,580.00,426.00,529.00,426.00
525.00,374.00,579.00,374.00,579.00,427.00,525.00,427.00
526.00,374.00,578.00,374.00,578.00,426.00,526.00,426.00
524.00,375.00,576.00,375.00,576.00,427.00,524.00,427.00
525.00,374.00,575.00,374.00,575.00,426.00,525.00,426.00
525.00,374.00,577.00,374.00,577.00,427.00,525.00,427.00
525.00,375.00,578.00,375.00,578.00,427.00,525.00,427.00
528.00,376.00,581.00,376.00,581.00,428.00,528.00,428.00
528.00,376.00,580.00,376.00,580.00,428.00,528.00,428.00
530.00,376.00,581.00,376.00,581.00,428.00,530.00,428.00
532.00,376.00,584.00,376.00,584.00,426.00,532.00,426.00
532.00,376.00,587.00,376.00,587.00,427.00,532.00,427.00
535.00,376.00,590.00,376.00,590.00,429.00,535.00,429.00
539.00,376.00,594.00,376.00,594.00,428.00,539.00,428.00
538.00,376.00,593.00,376.00,593.00,428.00,538.00,428.00
542.00,377.00,598.00,377.00,598.00,427.00,542.00,427.00
548.00,376.00,605.00,376.00,605.00,428.00,548.00,428.00
554.00,377.00,611.00,377.00,611.00,428.00,554.00,428.00
560.00,377.00,617.00,377.00,617.00,427.00,560.00,427.00
565.00,376.00,622.00,376.00,622.00,427.00,565.00,427.00
565.00,376.00,623.00,376.00,623.00,427.00,565.00,427.00
572.00,376.00,630.00,376.00,630.00,426.00,572.00,426.00
579.00,375.00,637.00,375.00,637.00,425.00,579.00,425.00
587.00,374.00,645.00,374.00,645.00,424.00,587.00,424.00
594.00,373.00,653.00,373.00,653.00,423.00,594.00,423.00
603.00,373.00,661.00,373.00,661.00,422.00,603.00,422.00
603.00,373.00,663.00,373.00,663.00,422.00,603.00,422.00
612.00,371.00,671.00,371.00,671.00,421.00,612.00,421.00
619.00,370.00,678.00,370.00,678.00,421.00,619.00,421.00
623.00,367.00,680.00,367.00,680.00,420.00,623.00,420.00
629.00,368.00,686.00,368.00,686.00,418.00,629.00,418.00
634.00,365.00,689.00,365.00,689.00,415.00,634.00,415.00
633.00,365.00,689.00,365.00,689.00,416.00,633.00,416.00
635.00,363.00,692.00,363.00,692.00,413.00,635.00,413.00
640.00,361.00,694.00,361.00,694.00,410.00,640.00,410.00
642.00,361.00,697.00,361.00,697.00,409.00,642.00,409.00
646.00,358.00,700.00,358.00,700.00,406.00,646.00,406.00
647.00,356.00,702.00,356.00,702.00,405.00,647.00,405.00
647.00,355.00,703.00,355.00,703.00,405.00,647.00,405.00
649.00,353.00,704.00,353.00,704.00,402.00,649.00,402.00
650.00,351.00,704.00,351.00,704.00,401.00,650.00,401.00
652.00,349.00,704.00,349.00,704.00,398.00,652.00,398.00
651.00,348.00,704.00,348.00,704.00,397.00,651.00,397.00
650.00,346.00,703.00,346.00,703.00,395.00,650.00,395.00
649.00,345.00,703.00,345.00,703.00,395.00,649.00,395.00
647.00,344.00,701.00,344.00,701.00,392.00,647.00,392.00
645.00,343.00,698.00,343.00,698.00,391.00,645.00,391.00
642.00,340.00,697.00,340.00,697.00,389.00,642.00,389.00
637.00,338.00,693.00,338.00,693.00,387.00,637.00,387.00
633.00,337.00,688.00,337.00,688.00,385.00,633.00,385.00
633.00,337.00,688.00,337.00,688.00,385.00,633.00,385.00
629.00,335.00,684.00,335.00,684.00,382.00,629.00,382.00
625.00,335.00,681.00,335.00,681.00,382.00,625.00,382.00
620.00,333.00,679.00,333.00,679.00,379.00,620.00,379.00
618.00,332.00,673.00,332.00,673.00,377.00,618.00,377.00
614.00,330.00,670.00,330.00,670.00,376.00,614.00,376.00
613.00,330.00,670.00,330.00,670.00,377.00,613.00,377.00
611.00,328.00,666.00,328.00,666.00,375.00,611.00,375.00
607.00,326.00,665.00,326.00,665.00,374.00,607.00,374.00
608.00,325.00,664.00,325.00,664.00,373.00,608.00,373.00
607.00,325.00,664.00,325.00,664.00,373.00,607.00,373.00
606.00,324.00,662.00,324.00,662.00,372.00,606.00,372.00
606.00,323.00,663.00,323.00,663.00,372.00,606.00,372.00
607.00,323.00,664.00,323.00,664.00,371.00,607.00,371.00
608.00,323.00,663.00,323.00,663.00,370.00,608.00,370.00
610.00,324.00,665.00,324.00,665.00,371.00,610.00,371.00
610.00,324.00,666.00,324.00,666.00,370.00,610.00,370.00
613.00,325.00,668.00,325.00,668.00,370.00,613.00,370.00
613.00,325.00,668.00,325.00,668.00,371.00,613.00,371.00
615.00,325.00,672.00,325.00,672.00,370.00,615.00,370.00
617.00,324.00,673.00,324.00,673.00,370.00,617.00,370.00
618.00,324.00,675.00,324.00,675.00,370.00,618.00,370.00
621.00,324.00,677.00,324.00,677.00,369.00,621.00,369.00
622.00,323.00,678.00,323.00,678.00,368.00,622.00,368.00
622.00,324.00,679.00,324.00,679.00,370.00,622.00,370.00
622.00,322.00,679.00,322.00,679.00,368.00,622.00,368.00
622.00,322.00,680.00,322.00,680.00,367.00,622.00,367.00
623.00,320.00,679.00,320.00,679.00,365.00,623.00,365.00
622.00,318.00,680.00,318.00,680.00,365.00,622.00,365.00
622.00,316.00,680.00,316.00,680.00,362.00,622.00,362.00
621.00,316.00,680.00,316.00,680.00,363.00,621.00,363.00
621.00,314.00,678.00,314.00,678.00,361.00,621.00,361.00
620.00,312.00,677.00,312.00,677.00,359.00,620.00,359.00
619.00,310.00,676.00,310.00,676.00,357.00,619.00,357.00
