1
439.00,335.00,490.00,335.00,490.00,383.00,439.00,383.00
439.00,335.00,488.00,335.00,488.00,380.00,439.00,380.00
437.00,333.00,488.00,333.00,488.00,382.00,437.00,382.00
436.00,332.00,487.00,332.00,487.00,382.00,436.00,382.00
434.00,332.00,487.00,332.00,487.00,382.00,434.00,382.00
434.00,332.00,487.00,332.00,487.00,383.00,434.00,383.00
434.00,331.00,487.00,331.00,487.00,382.00,434.00,382.00
433.00,330.00,487.00,330.00,487.00,382.00,433.00,382.00
432.00,332.00,487.00,332.00,487.00,382.00,432.00,382.00
431.00,332.00,485.00,332.00,485.00,381.00,431.00,381.00
430.00,331.00,482.00,331.00,482.00,378.00,430.00,378.00
431.00,331.00,482.00,331.00,482.00,379.00,431.00,379.00
427.00,329.00,481.00,329.00,481.00,380.00,427.00,380.00
425.00,329.00,477.00,329.00,477.00,375.00,425.00,375.00
425.00,320.00,477.00,320.00,477.00,368.00,425.00,368.00
422.00,326.00,472.00,326.00,472.00,372.00,422.00,372.00
411.00,330.00,462.00,330.00,462.00,377.00,411.00,377.00
413.00,328.00,465.00,328.00,465.00,375.00,413.00,375.00
418.00,319.00,469.00,319.00,469.00,366.00,418.00,366.00
417.00,325.00,468.00,325.00,468.00,374.00,417.00,374.00
414.00,322.00,468.00,322.00,468.00,376.00,414.00,376.00
411.00,320.00,468.00,320.00,468.00,376.00,411.00,376.00
409.00,321.00,465.00,321.00,465.00,375.00,409.00,375.00
410.00,320.00,465.00,320.00,465.00,374.00,410.00,374.00
409.00,319.00,463.00,319.00,463.00,373.00,409.00,373.00
409.00,317.00,464.00,317.00,464.00,372.00,409.00,372.00
411.00,317.00,466.00,317.00,466.00,371.00,411.00,371.00
416.00,316.00,470.00,316.00,470.00,367.00,416.00,367.00
418.00,316.00,473.00,316.00,473.00,367.00,418.00,367.00
418.00,316.00,473.00,316.00,473.00,365.00,418.00,365.00
422.00,315.00,478.00,315.00,478.00,365.00,422.00,365.00
425.00,313.00,483.00,313.00,483.00,364.00,425.00,364.00
430.00,313.00,486.00,313.00,486.00,363.00,430.00,363.00
432.00,310.00,489.00,310.00,489.00,362.00,432.00,362.00
435.00,309.00,491.00,309.00,491.00,361.00,435.00,361.00
436.00,309.00,491.00,309.00,491.00,361.00,436.00,361.00
438.00,309.00,496.00,309.00,496.00,362.00,438.00,362.00
440.00,308.00,498.00,308.00,498.00,360.00,440.00,360.00
446.00,317.00,498.00,317.00,498.00,366.00,446.00,366.00
429.00,314.00,481.00,314.00,481.00,363.00,429.00,363.00
450.00,297.00,502.00,297.00,502.00,346.00,450.00,346.00
445.00,300.00,498.00,300.00,498.00,350.00,445.00,350.00
457.00,289.00,510.00,289.00,510.00,339.00,457.00,339.00
461.00,300.00,508.00,300.00,508.00,351.00,461.00,351.00
459.00,296.00,512.00,296.00,512.00,351.00,459.00,351.00
461.00,293.00,514.00,293.00,514.00,350.00,461.00,350.00
462.00,290.00,518.00,290.00,518.00,347.00,462.00,347.00
462.00,290.00,517.00,290.00,517.00,348.00,462.00,348.00
465.00,287.00,519.00,287.00,519.00,344.00,465.00,344.00
467.00,283.00,522.00,283.00,522.00,342.00,467.00,342.00
469.00,279.00,523.00,279.00,523.00,338.00,469.00,338.00
469.00,275.00,525.00,275.00,525.00,333.00,469.00,333.00
468.00,270.00,526.00,270.00,526.00,328.00,468.00,328.00
468.00,270.00,526.00,270.00,526.00,328.00,468.00,328.00
467.00,265.00,527.00,265.00,527.00,323.00,467.00,323.00
465.00,260.00,527.00,260.00,527.00,319.00,465.00,319.00
461.00,255.00,523.00,255.00,523.00,312.00,461.00,312.00
460.00,249.00,519.00,249.00,519.00,309.00,460.00,309.00
458.00,245.00,518.00,245.00,518.00,304.00,458.00,304.00
458.00,245.00,519.00,245.00,519.00,304.00,458.00,304.00
458.00,241.00,517.00,241.00,517.00,300.00,458.00,300.00
460.00,237.00,518.00,237.00,518.00,296.00,460.00,296.00
460.00,230.00,520.00,230.00,520.00,293.00,460.00,293.00
462.00,229.00,521.00,229.00,521.00,289.00,462.00,289.00
463.00,225.00,519.00,225.00,519.00,286.00,463.00,286.00
463.00,224.00,519.00,224.00,519.00,285.00,463.00,285.00
461.00,220.00,518.00,220.00,518.00,282.00,461.00,282.00
456.00,216.00,516.00,216.00,516.00,280.00,456.00,280.00
454.00,214.00,513.00,214.00,513.00,276.00,454.00,276.00
451.00,211.00,511.00,211.00,511.00,275.00,451.00,275.00
449.00,207.00,510.00,207.00,510.00,273.00,449.00,273.00
449.00,206.00,509.00,206.00,509.00,272.00,449.00,272.00
448.00,205.00,508.00,205.00,508.00,272.00,448.00,272.00
450.00,204.00,509.00,204.00,509.00,270.00,450.00,270.00
451.00,204.00,510.00,204.00,510.00,270.00,451.00,270.00
455.00,204.00,516.00,204.00,516.00,270.00,455.00,270.00
462.00,204.00,523.00,204.00,523.00,271.00,462.00,271.00
462.00,204.00,523.00,204.00,523.00,270.00,462.00,270.00
475.00,205.00,536.00,205.00,536.00,271.00,475.00,271.00
486.00,207.00,550.00,207.00,550.00,273.00,486.00,273.00
500.00,209.00,564.00,209.00,564.00,277.00,500.00,277.00
516.00,214.00,581.00,214.00,581.00,280.00,516.00,280.00
529.00,218.00,596.00,218.00,596.00,286.00,529.00,286.00
529.00,218.00,596.00,218.00,596.00,286.00,529.00,286.00
541.00,223.00,608.00,223.00,608.00,292.00,541.00,292.00
549.00,228.00,615.00,228.00,615.00,298.00,549.00,298.00
556.00,233.00,619.00,233.00,619.00,304.00,556.00,304.00
557.00,239.00,621.00,239.00,621.00,311.00,557.00,311.00
562.00,246.00,623.00,246.00,623.00,317.00,562.00,317.00
562.00,246.00,623.00,246.00,623.00,317.00,562.00,317.00
567.00,252.00,631.00,252.00,631.00,324.00,567.00,324.00
574.00,260.00,641.00,260.00,641.00,334.00,574.00,334.00
585.00,265.00,650.00,265.00,650.00,338.00,585.00,338.00
590.00,272.00,657.00,272.00,657.00,344.00,590.00,344.00
597.00,277.00,663.00,277.00,663.00,349.00,597.00,349.00
597.00,278.00,663.00,278.00,663.00,349.00,597.00,349.00
601.00,282.00,667.00,282.00,667.00,354.00,601.00,354.00
608.00,287.00,672.00,287.00,672.00,360.00,608.00,360.00
611.00,290.00,679.00,290.00,679.00,364.00,611.00,364.00
616.00,293.00,681.00,293.00,681.00,366.00,616.00,366.00
623.00,297.00,681.00,297.00,681.00,359.00,623.00,359.00
623.00,299.00,683.00,299.00,683.00,360.00,623.00,360.00
606.00,281.00,679.00,281.00,679.00,347.00,606.00,347.00
651.00,282.00,725.00,282.00,725.00,348.00,651.00,348.00
625.00,303.00,685.00,303.00,685.00,369.00,625.00,369.00
630.00,303.00,687.00,303.00,687.00,374.00,630.00,374.00
627.00,306.00,689.00,306.00,689.00,375.00,627.00,375.00
627.00,307.00,689.00,307.00,689.00,374.00,627.00,374.00
627.00,308.00,690.00,308.00,690.00,376.00,627.00,376.00
630.00,306.00,690.00,306.00,690.00,378.00,630.00,378.00
628.00,308.00,692.00,308.00,692.00,376.00,628.00,376.00
629.00,308.00,693.00,308.00,693.00,376.00,629.00,376.00
630.00,308.00,693.00,308.00,693.00,376.00,630.00,376.00
629.00,308.00,694.00,308.00,694.00,376.00,629.00,376.00
636.00,307.00,695.00,307.00,695.00,378.00,636.00,378.00
635.00,308.00,696.00,308.00,696.00,373.00,635.00,373.00
635.00,310.00,695.00,310.00,695.00,374.00,635.00,374.00
632.00,308.00,692.00,308.00,692.00,370.00,632.00,370.00
633.00,306.00,688.00,306.00,688.00,370.00,633.00,370.00
633.00,305.00,689.00,305.00,689.00,370.00,633.00,370.00
625.00,305.00,685.00,305.00,685.00,363.00,625.00,363.00
624.00,304.00,686.00,304.00,686.00,364.00,624.00,364.00
622.00,307.00,680.00,307.00,680.00,369.00,622.00,369.00
623.00,308.00,680.00,308.00,680.00,369.00,623.00,369.00
619.00,309.00,677.00,309.00,677.00,367.00,619.00,367.00
618.00,308.00,676.00,308.00,676.00,367.00,618.00,367.00
606.00,297.00,680.00,297.00,680.00,361.00,606.00,361.00
606.00,295.00,680.00,295.00,680.00,359.00,606.00,359.00
614.00,304.00,673.00,304.00,673.00,365.00,614.00,365.00
609.00,307.00,673.00,307.00,673.00,369.00,609.00,369.00
608.00,308.00,673.00,308.00,673.00,370.00,608.00,370.00
608.00,308.00,673.00,308.00,673.00,370.00,608.00,370.00
607.00,308.00,672.00,308.00,672.00,372.00,607.00,372.00
610.00,309.00,671.00,309.00,671.00,374.00,610.00,374.00
606.00,310.00,670.00,310.00,670.00,373.00,606.00,373.00
603.00,311.00,669.00,311.00,669.00,374.00,603.00,374.00
600.00,311.00,664.00,311.00,664.00,375.00,600.00,375.00
601.00,310.00,664.00,310.00,664.00,375.00,601.00,375.00
598.00,309.00,661.00,309.00,661.00,374.00,598.00,374.00
591.00,309.00,656.00,309.00,656.00,373.00,591.00,373.00
586.00,309.00,651.00,309.00,651.00,374.00,586.00,374.00
581.00,310.00,646.00,310.00,646.00,374.00,581.00,374.00
578.00,308.00,642.00,308.00,642.00,373.00,578.00,373.00
578.00,308.00,642.00,308.00,642.00,372.00,578.00,372.00
575.00,309.00,636.00,309.00,636.00,372.00,575.00,372.00
570.00,308.00,632.00,308.00,632.00,373.00,570.00,373.00
566.00,309.00,628.00,309.00,628.00,373.00,566.00,373.00
564.00,308.00,625.00,308.00,625.00,374.00,564.00,374.00
562.00,308.00,622.00,308.00,622.00,372.00,562.00,372.00
561.00,307.00,622.00,307.00,622.00,372.00,561.00,372.00
559.00,306.00,620.00,306.00,620.00,372.00,559.00,372.00
557.00,307.00,617.00,307.00,617.00,372.00,557.00,372.00
555.00,307.00,615.00,307.00,615.00,371.00,555.00,371.00
552.00,308.00,612.00,308.00,612.00,371.00,552.00,371.00
549.00,310.00,610.00,310.00,610.00,370.00,549.00,370.00
550.00,310.00,610.00,310.00,610.00,369.00,550.00,369.00
546.00,309.00,606.00,309.00,606.00,368.00,546.00,368.00
541.00,309.00,603.00,309.00,603.00,368.00,541.00,368.00
538.00,306.00,597.00,306.00,597.00,366.00,538.00,366.00
534.00,305.00,595.00,305.00,595.00,365.00,534.00,365.00
530.00,304.00,591.00,304.00,591.00,364.00,530.00,364.00
530.00,305.00,591.00,305.00,591.00,364.00,530.00,364.00
528.00,304.00,588.00,304.00,588.00,363.00,528.00,363.00
524.00,303.00,583.00,303.00,583.00,362.00,524.00,362.00
519.00,301.00,579.00,301.00,579.00,360.00,519.00,360.00
515.00,299.00,575.00,299.00,575.00,358.00,515.00,358.00
510.00,297.00,570.00,297.00,570.00,357.00,510.00,357.00
509.00,298.00,569.00,298.00,569.00,356.00,509.00,356.00
505.00,294.00,564.00,294.00,564.00,354.00,505.00,354.00
498.00,292.00,559.00,292.00,559.00,352.00,498.00,352.00
491.00,290.00,553.00,290.00,553.00,349.00,491.00,349.00
484.00,286.00,545.00,286.00,545.00,346.00,484.00,346.00
477.00,281.00,537.00,281.00,537.00,341.00,477.00,341.00
477.00,281.00,538.00,281.00,538.00,342.00,477.00,342.00
470.00,278.00,529.00,278.00,529.00,338.00,470.00,338.00
463.00,274.00,523.00,274.00,523.00,334.00,463.00,334.00
456.00,270.00,516.00,270.00,516.00,331.00,456.00,331.00
448.00,266.00,508.00,266.00,508.00,328.00,448.00,328.00
440.00,262.00,500.00,262.00,500.00,325.00,440.00,325.00
441.00,263.00,500.00,263.00,500.00,325.00,441.00,325.00
433.00,258.00,492.00,258.00,492.00,321.00,433.00,321.00
424.00,254.00,485.00,254.00,485.00,317.00,424.00,317.00
414.00,249.00,476.00,249.00,476.00,314.00,414.00,314.00
406.00,245.00,468.00,245.00,468.00,310.00,406.00,310.00
397.00,243.00,459.00,243.00,459.00,306.00,397.00,306.00
397.00,243.00,460.00,243.00,460.00,307.00,397.00,307.00
389.00,241.00,451.00,241.00,451.00,305.00,389.00,305.00
379.00,240.00,441.00,240.00,441.00,303.00,379.00,303.00
372.00,238.00,432.00,238.00,432.00,303.00,372.00,303.00
367.00,239.00,425.00,239.00,425.00,303.00,367.00,303.00
361.00,238.00,418.00,238.00,418.00,304.00,361.00,304.00
354.00,239.00,410.00,239.00,410.00,304.00,354.00,304.00
354.00,239.00,410.00,239.00,410.00,305.00,354.00,305.00
348.00,240.00,403.00,240.00,403.00,307.00,348.00,307.00
344.00,241.00,399.00,241.00,399.00,309.00,344.00,309.00
340.00,244.00,394.00,244.00,394.00,311.00,340.00,311.00
337.00,249.00,391.00,249.00,391.00,315.00,337.00,315.00
335.00,253.00,388.00,253.00,388.00,321.00,335.00,321.00
335.00,254.00,387.00,254.00,387.00,322.00,335.00,322.00
334.00,259.00,386.00,259.00,386.00,328.00,334.00,328.00
335.00,267.00,386.00,267.00,386.00,335.00,335.00,335.00
335.00,273.00,386.00,273.00,386.00,344.00,335.00,344.00
336.00,280.00,386.00,280.00,386.00,350.00,336.00,350.00
337.00,287.00,387.00,287.00,387.00,357.00,337.00,357.00
336.00,287.00,386.00,287.00,386.00,357.00,336.00,357.00
337.00,294.00,388.00,294.00,388.00,364.00,337.00,364.00
336.00,301.00,389.00,301.00,389.00,370.00,336.00,370.00
338.00,307.00,391.00,307.00,391.00,376.00,338.00,376.00
342.00,311.00,394.00,311.00,394.00,380.00,342.00,380.00
344.00,317.00,396.00,317.00,396.00,384.00,344.00,384.00
343.00,317.00,396.00,317.00,396.00,385.00,343.00,385.00
345.00,321.00,399.00,321.00,399.00,392.00,345.00,392.00
351.00,325.00,402.00,325.00,402.00,393.00,351.00,393.00
352.00,328.00,403.00,328.00,403.00,397.00,352.00,397.00
353.00,330.00,407.00,330.00,407.00,400.00,353.00,400.00
355.00,330.00,408.00,330.00,408.00,401.00,355.00,401.00
355.00,330.00,408.00,330.00,408.00,401.00,355.00,401.00
359.00,331.00,409.00,331.00,409.00,401.00,359.00,401.00
359.00,331.00,412.00,331.00,412.00,401.00,359.00,401.00
360.00,332.00,413.00,332.00,413.00,400.00,360.00,400.00
361.00,330.00,414.00,330.00,414.00,399.00,361.00,399.00
366.00,331.00,415.00,331.00,415.00,399.00,366.00,399.00
366.00,331.00,414.00,331.00,414.00,398.00,366.00,398.00
365.00,331.00,417.00,331.00,417.00,396.00,365.00,396.00
364.00,330.00,416.00,330.00,416.00,396.00,364.00,396.00
367.00,329.00,417.00,329.00,417.00,395.00,367.00,395.00
367.00,328.00,420.00,328.00,420.00,393.00,367.00,393.00
368.00,328.00,420.00,328.00,420.00,391.00,368.00,391.00
368.00,327.00,421.00,327.00,421.00,391.00,368.00,391.00
368.00,326.00,422.00,326.00,422.00,391.00,368.00,391.00
372.00,324.00,422.00,324.00,422.00,388.00,372.00,388.00
371.00,324.00,424.00,324.00,424.00,386.00,371.00,386.00
372.00,323.00,425.00,323.00,425.00,383.00,372.00,383.00
371.00,321.00,422.00,321.00,422.00,382.00,371.00,382.00
372.00,320.00,424.00,320.00,424.00,382.00,372.00,382.00
371.00,317.00,423.00,317.00,423.00,380.00,371.00,380.00
369.00,317.00,421.00,317.00,421.00,378.00,369.00,378.00
369.00,316.00,421.00,316.00,421.00,376.00,369.00,376.00
369.00,314.00,419.00,314.00,419.00,374.00,369.00,374.00
367.00,314.00,416.00,314.00,416.00,370.00,367.00,370.00
366.00,314.00,415.00,314.00,415.00,371.00,366.00,371.00
365.00,313.00,415.00,313.00,415.00,369.00,365.00,369.00
362.00,311.00,412.00,311.00,412.00,366.00,362.00,366.00
362.00,308.00,410.00,308.00,410.00,366.00,362.00,366.00
357.00,308.00,407.00,308.00,407.00,363.00,357.00,363.00
353.00,306.00,404.00,306.00,404.00,361.00,353.00,361.00
353.00,306.00,404.00,306.00,404.00,361.00,353.00,361.00
350.00,303.00,399.00,303.00,399.00,359.00,350.00,359.00
347.00,303.00,396.00,303.00,396.00,356.00,347.00,356.00
344.00,301.00,393.00,301.00,393.00,356.00,344.00,356.00
340.00,299.00,390.00,299.00,390.00,354.00,340.00,354.00
339.00,297.00,386.00,297.00,386.00,354.00,339.00,354.00
339.00,297.00,386.00,297.00,386.00,353.00,339.00,353.00
336.00,298.00,385.00,298.00,385.00,352.00,336.00,352.00
334.00,299.00,384.00,299.00,384.00,353.00,334.00,353.00
334.00,298.00,383.00,298.00,383.00,352.00,334.00,352.00
335.00,298.00,382.00,298.00,382.00,354.00,335.00,354.00
331.00,299.00,380.00,299.00,380.00,351.00,331.00,351.00
331.00,300.00,380.00,300.00,380.00,351.00,331.00,351.00
329.00,299.00,379.00,299.00,379.00,352.00,329.00,352.00
329.00,298.00,377.00,298.00,377.00,353.00,329.00,353.00
327.00,299.00,375.00,299.00,375.00,352.00,327.00,352.00
326.00,300.00,374.00,300.00,374.00,351.00,326.00,351.00
324.00,301.00,373.00,301.00,373.00,353.00,324.00,353.00
324.00,300.00,374.00,300.00,374.00,352.00,324.00,352.00
325.00,299.00,372.00,299.00,372.00,354.00,325.00,354.00
323.00,301.00,371.00,301.00,371.00,353.00,323.00,353.00
323.00,301.00,373.00,301.00,373.00,354.00,323.00,354.00
322.00,301.00,370.00,301.00,370.00,355.00,322.00,355.00
321.00,300.00,369.00,300.00,369.00,356.00,321.00,356.00
321.00,300.00,369.00,300.00,369.00,357.00,321.00,357.00
319.00,302.00,367.00,302.00,367.00,355.00,319.00,355.00
318.00,302.00,368.00,302.00,368.00,356.00,318.00,356.00
319.00,301.00,366.00,301.00,366.00,357.00,319.00,357.00
318.00,302.00,367.00,302.00,367.00,356.00,318.00,356.00
319.00,302.00,368.00,302.00,368.00,355.00,319.00,355.00
319.00,302.00,368.00,302.00,368.00,355.00,319.00,355.00
320.00,301.00,369.00,301.00,369.00,355.00,320.00,355.00
321.00,301.00,367.00,301.00,367.00,354.00,321.00,354.00
320.00,302.00,366.00,302.00,366.00,354.00,320.00,354.00
321.00,302.00,369.00,302.00,369.00,354.00,321.00,354.00
322.00,302.00,370.00,302.00,370.00,355.00,322.00,355.00
322.00,302.00,370.00,302.00,370.00,355.00,322.00,355.00
323.00,302.00,369.00,302.00,369.00,354.00,323.00,354.00
324.00,302.00,369.00,302.00,369.00,354.00,324.00,354.00
325.00,301.00,371.00,301.00,371.00,354.00,325.00,354.00
326.00,301.00,370.00,301.00,370.00,353.00,326.00,353.00
327.00,301.00,372.00,301.00,372.00,352.00,327.00,352.00
327.00,300.00,372.00,300.00,372.00,352.00,327.00,352.00
327.00,300.00,373.00,300.00,373.00,351.00,327.00,351.00
325.00,297.00,372.00,297.00,372.00,347.00,325.00,347.00
324.00,295.00,370.00,295.00,370.00,344.00,324.00,344.00
325.00,292.00,371.00,292.00,371.00,342.00,325.00,342.00
325.00,289.00,370.00,289.00,370.00,340.00,325.00,340.00
325.00,290.00,370.00,290.00,370.00,340.00,325.00,340.00
324.00,285.00,369.00,285.00,369.00,336.00,324.00,336.00
320.00,281.00,366.00,281.00,366.00,331.00,320.00,331.00
318.00,276.00,363.00,276.00,363.00,326.00,318.00,326.00
317.00,273.00,361.00,273.00,361.00,321.00,317.00,321.00
312.00,267.00,355.00,267.00,355.00,317.00,312.00,317.00
312.00,267.00,355.00,267.00,355.00,317.00,312.00,317.00
307.00,262.00,353.00,262.00,353.00,312.00,307.00,312.00
303.00,257.00,348.00,257.00,348.00,307.00,303.00,307.00
299.00,253.00,344.00,253.00,344.00,304.00,299.00,304.00
295.00,248.00,339.00,248.00,339.00,299.00,295.00,299.00
292.00,245.00,336.00,245.00,336.00,296.00,292.00,296.00
293.00,245.00,337.00,245.00,337.00,295.00,293.00,295.00
289.00,242.00,333.00,242.00,333.00,292.00,289.00,292.00
285.00,240.00,329.00,240.00,329.00,291.00,285.00,291.00
281.00,236.00,324.00,236.00,324.00,287.00,281.00,287.00
278.00,234.00,321.00,234.00,321.00,284.00,278.00,284.00
272.00,232.00,317.00,232.00,317.00,282.00,272.00,282.00
271.00,232.00,316.00,232.00,316.00,283.00,271.00,283.00
268.00,230.00,312.00,230.00,312.00,279.00,268.00,279.00
262.00,227.00,307.00,227.00,307.00,277.00,262.00,277.00
257.00,225.00,302.00,225.00,302.00,275.00,257.00,275.00
252.00,223.00,296.00,223.00,296.00,273.00,252.00,273.00
246.00,223.00,292.00,223.00,292.00,273.00,246.00,273.00
245.00,223.00,291.00,223.00,291.00,273.00,245.00,273.00
241.00,223.00,288.00,223.00,288.00,271.00,241.00,271.00
237.00,224.00,287.00,224.00,287.00,271.00,237.00,271.00
234.00,226.00,281.00,226.00,281.00,274.00,234.00,274.00
229.00,228.00,276.00,228.00,276.00,277.00,229.00,277.00
226.00,230.00,274.00,230.00,274.00,280.00,226.00,280.00
226.00,230.00,274.00,230.00,274.00,280.00,226.00,280.00
224.00,233.00,273.00,233.00,273.00,284.00,224.00,284.00
225.00,240.00,274.00,240.00,274.00,288.00,225.00,288.00
224.00,244.00,274.00,244.00,274.00,292.00,224.00,292.00
225.00,249.00,275.00,249.00,275.00,296.00,225.00,296.00
225.00,254.00,275.00,254.00,275.00,304.00,225.00,304.00
225.00,254.00,275.00,254.00,275.00,304.00,225.00,304.00
226.00,261.00,278.00,261.00,278.00,311.00,226.00,311.00
229.00,266.00,283.00,266.00,283.00,318.00,229.00,318.00
234.00,273.00,287.00,273.00,287.00,325.00,234.00,325.00
239.00,280.00,292.00,280.00,292.00,333.00,239.00,333.00
246.00,289.00,299.00,289.00,299.00,339.00,246.00,339.00
245.00,289.00,299.00,289.00,299.00,339.00,245.00,339.00
251.00,295.00,303.00,295.00,303.00,346.00,251.00,346.00
257.00,301.00,308.00,301.00,308.00,350.00,257.00,350.00
259.00,306.00,309.00,306.00,309.00,355.00,259.00,355.00
261.00,309.00,312.00,309.00,312.00,357.00,261.00,357.00
261.00,311.00,311.00,311.00,311.00,359.00,261.00,359.00
261.00,312.00,312.00,312.00,312.00,359.00,261.00,359.00
262.00,313.00,313.00,313.00,313.00,361.00,262.00,361.00
259.00,313.00,309.00,313.00,309.00,361.00,259.00,361.00
254.00,313.00,305.00,313.00,305.00,360.00,254.00,360.00
247.00,311.00,297.00,311.00,297.00,357.00,247.00,357.00
242.00,309.00,292.00,309.00,292.00,355.00,242.00,355.00
242.00,309.00,292.00,309.00,292.00,355.00,242.00,355.00
235.00,307.00,287.00,307.00,287.00,352.00,235.00,352.00
230.00,306.00,280.00,306.00,280.00,349.00,230.00,349.00
222.00,303.00,274.00,303.00,274.00,347.00,222.00,347.00
213.00,301.00,266.00,301.00,266.00,348.00,213.00,348.00
207.00,299.00,260.00,299.00,260.00,345.00,207.00,345.00
208.00,300.00,260.00,300.00,260.00,345.00,208.00,345.00
203.00,298.00,255.00,298.00,255.00,342.00,203.00,342.00
196.00,296.00,248.00,296.00,248.00,341.00,196.00,341.00
189.00,295.00,240.00,295.00,240.00,340.00,189.00,340.00
182.00,293.00,232.00,293.00,232.00,337.00,182.00,337.00
175.00,291.00,225.00,291.00,225.00,334.00,175.00,334.00
175.00,292.00,224.00,292.00,224.00,335.00,175.00,335.00
168.00,290.00,217.00,290.00,217.00,333.00,168.00,333.00
161.00,290.00,212.00,290.00,212.00,331.00,161.00,331.00
155.00,288.00,205.00,288.00,205.00,330.00,155.00,330.00
147.00,287.00,199.00,287.00,199.00,329.00,147.00,329.00
140.00,286.00,192.00,286.00,192.00,328.00,140.00,328.00
139.00,286.00,191.00,286.00,191.00,328.00,139.00,328.00
133.00,285.00,185.00,285.00,185.00,327.00,133.00,327.00
125.00,285.00,176.00,285.00,176.00,327.00,125.00,327.00
120.00,285.00,170.00,285.00,170.00,327.00,120.00,327.00
117.00,286.00,169.00,286.00,169.00,328.00,117.00,328.00
118.00,289.00,170.00,289.00,170.00,330.00,118.00,330.00
118.00,288.00,170.00,288.00,170.00,330.00,118.00,330.00
122.00,292.00,175.00,292.00,175.00,334.00,122.00,334.00
133.00,299.00,186.00,299.00,186.00,342.00,133.00,342.00
144.00,305.00,199.00,305.00,199.00,349.00,144.00,349.00
164.00,310.00,220.00,310.00,220.00,356.00,164.00,356.00
180.00,321.00,235.00,321.00,235.00,366.00,180.00,366.00
180.00,321.00,234.00,321.00,234.00,367.00,180.00,367.00
194.00,328.00,246.00,328.00,246.00,373.00,194.00,373.00
205.00,333.00,255.00,333.00,255.00,379.00,205.00,379.00
218.00,339.00,269.00,339.00,269.00,386.00,218.00,386.00
223.00,343.00,275.00,343.00,275.00,390.00,223.00,390.00
229.00,348.00,279.00,348.00,279.00,392.00,229.00,392.00
228.00,348.00,278.00,348.00,278.00,392.00,228.00,392.00
232.00,350.00,283.00,350.00,283.00,395.00,232.00,395.00
235.00,352.00,286.00,352.00,286.00,397.00,235.00,397.00
240.00,354.00,291.00,354.00,291.00,400.00,240.00,400.00
245.00,357.00,296.00,357.00,296.00,402.00,245.00,402.00
250.00,359.00,301.00,359.00,301.00,405.00,250.00,405.00
260.00,363.00,310.00,363.00,310.00,408.00,260.00,408.00
259.00,363.00,310.00,363.00,310.00,409.00,259.00,409.00
270.00,365.00,320.00,365.00,320.00,411.00,270.00,411.00
281.00,367.00,331.00,367.00,331.00,414.00,281.00,414.00
292.00,370.00,341.00,370.00,341.00,419.00,292.00,419.00
298.00,373.00,350.00,373.00,350.00,423.00,298.00,423.00
308.00,378.00,360.00,378.00,360.00,425.00,308.00,425.00
309.00,379.00,361.00,379.00,361.00,426.00,309.00,426.00
317.00,381.00,369.00,381.00,369.00,428.00,317.00,428.00
325.00,384.00,378.00,384.00,378.00,430.00,325.00,430.00
330.00,385.00,383.00,385.00,383.00,434.00,330.00,434.00
332.00,388.00,387.00,388.00,387.00,434.00,332.00,434.00
342.00,392.00,396.00,392.00,396.00,435.00,342.00,435.00
342.00,392.00,396.00,392.00,396.00,435.00,342.00,435.00
347.00,395.00,402.00,395.00,402.00,438.00,347.00,438.00
358.00,396.00,411.00,396.00,411.00,438.00,358.00,438.00
367.00,397.00,418.00,397.00,418.00,442.00,367.00,442.00
376.00,400.00,429.00,400.00,429.00,445.00,376.00,445.00
382.00,403.00,437.00,403.00,437.00,446.00,382.00,446.00
383.00,403.00,437.00,403.00,437.00,446.00,383.00,446.00
391.00,405.00,444.00,405.00,444.00,448.00,391.00,448.00
401.00,407.00,454.00,407.00,454.00,450.00,401.00,450.00
409.00,410.00,463.00,410.00,463.00,454.00,409.00,454.00
419.00,412.00,474.00,412.00,474.00,455.00,419.00,455.00
430.00,414.00,485.00,414.00,485.00,455.00,430.00,455.00
430.00,414.00,485.00,414.00,485.00,456.00,430.00,456.00
442.00,416.00,498.00,416.00,498.00,457.00,442.00,457.00
451.00,417.00,505.00,417.00,505.00,458.00,451.00,458.00
458.00,418.00,512.00,418.00,512.00,462.00,458.00,462.00
467.00,419.00,519.00,419.00,519.00,461.00,467.00,461.00
472.00,419.00,524.00,419.00,524.00,463.00,472.00,463.00
473.00,419.00,525.00,419.00,525.00,463.00,473.00,463.00
478.00,418.00,526.00,418.00,526.00,465.00,478.00,465.00
490.00,418.00,540.00,418.00,540.00,465.00,490.00,465.00
495.00,419.00,553.00,419.00,553.00,464.00,495.00,464.00
507.00,414.00,564.00,414.00,564.00,465.00,507.00,465.00
523.00,414.00,578.00,414.00,578.00,465.00,523.00,465.00
523.00,414.00,578.00,414.00,578.00,465.00,523.00,465.00
535.00,413.00,591.00,413.00,591.00,466.00,535.00,466.00
547.00,411.00,604.00,411.00,604.00,465.00,547.00,465.00
561.00,411.00,618.00,411.00,618.00,464.00,561.00,464.00
574.00,410.00,632.00,410.00,632.00,462.00,574.00,462.00
587.00,408.00,641.00,408.00,641.00,461.00,587.00,461.00
587.00,408.00,640.00,408.00,640.00,461.00,587.00,461.00
598.00,407.00,652.00,407.00,652.00,461.00,598.00,461.00
605.00,406.00,661.00,406.00,661.00,458.00,605.00,458.00
614.00,405.00,666.00,405.00,666.00,456.00,614.00,456.00
619.00,402.00,668.00,402.00,668.00,454.00,619.00,454.00
618.00,401.00,666.00,401.00,666.00,451.00,618.00,451.00
618.00,401.00,666.00,401.00,666.00,451.00,618.00,451.00
618.00,400.00,666.00,400.00,666.00,450.00,618.00,450.00
618.00,397.00,665.00,397.00,665.00,449.00,618.00,449.00
617.00,395.00,664.00,395.00,664.00,448.00,617.00,448.00
614.00,393.00,662.00,393.00,662.00,446.00,614.00,446.00
612.00,392.00,660.00,392.00,660.00,445.00,612.00,445.00
612.00,392.00,660.00,392.00,660.00,445.00,612.00,445.00
608.00,390.00,656.00,390.00,656.00,443.00,608.00,443.00
603.00,389.00,652.00,389.00,652.00,443.00,603.00,443.00
598.00,387.00,646.00,387.00,646.00,440.00,598.00,440.00
594.00,387.00,643.00,387.00,643.00,441.00,594.00,441.00
588.00,384.00,636.00,384.00,636.00,439.00,588.00,439.00
589.00,384.00,637.00,384.00,637.00,440.00,589.00,440.00
584.00,385.00,634.00,385.00,634.00,437.00,584.00,437.00
578.00,384.00,629.00,384.00,629.00,436.00,578.00,436.00
572.00,382.00,624.00,382.00,624.00,435.00,572.00,435.00
569.00,381.00,619.00,381.00,619.00,435.00,569.00,435.00
565.00,379.00,614.00,379.00,614.00,434.00,565.00,434.00
565.00,379.00,613.00,379.00,613.00,433.00,565.00,433.00
562.00,380.00,611.00,380.00,611.00,433.00,562.00,433.00
559.00,379.00,608.00,379.00,608.00,431.00,559.00,431.00
555.00,378.00,605.00,378.00,605.00,432.00,555.00,432.00
551.00,377.00,601.00,377.00,601.00,432.00,551.00,432.00
548.00,377.00,598.00,377.00,598.00,430.00,548.00,430.00
549.00,378.00,598.00,378.00,598.00,431.00,549.00,431.00
544.00,376.00,595.00,376.00,595.00,428.00,544.00,428.00
541.00,375.00,592.00,375.00,592.00,429.00,541.00,429.00
538.00,375.00,590.00,375.00,590.00,429.00,538.00,429.00
536.00,373.00,588.00,373.00,588.00,429.00,536.00,429.00
535.00,374.00,586.00,374.00,586.00,429.00,535.00,429.00
535.00,375.00,586.00,375.00,586.00,428.00,535.00,428.00
533.00,374.00,584.00,374.00,584.00,426.00,533.00,426.00
527.00,373.00,587.00,373.00,587.00,428.00,527.00,428.00
528.00,374.00,579.00,374.00,579.00,425.00,528.00,425.00
529.00,374.00,580.00,374.00,580.00,426.00,529.00,426.00
525.00,374.00,576.00,374.00,576.00,427.00,525.00,427.00
525.00,374.00,576.00,374.00,576.00,427.00,525.00,427.00
525.00,374.00,575.00,374.00,575.00,426.00,525.00,426.00
524.00,373.00,575.00,373.00,575.00,428.00,524.00,428.00
525.00,374.00,576.00,374.00,576.00,428.00,525.00,428.00
526.00,375.00,579.00,375.00,579.00,428.00,526.00,428.00
527.00,375.00,580.00,375.00,580.00,429.00,527.00,429.00
528.00,375.00,581.00,375.00,581.00,429.00,528.00,429.00
529.00,376.00,581.00,376.00,581.00,429.00,529.00,429.00
532.00,376.00,583.00,376.00,583.00,426.00,532.00,426.00
534.00,377.00,586.00,377.00,586.00,429.00,534.00,429.00
536.00,376.00,589.00,376.00,589.00,428.00,536.00,428.00
540.00,376.00,593.00,376.00,593.00,428.00,540.00,428.00
540.00,376.00,592.00,376.00,592.00,429.00,540.00,429.00
544.00,376.00,597.00,376.00,597.00,427.00,544.00,427.00
550.00,376.00,603.00,376.00,603.00,428.00,550.00,428.00
555.00,376.00,609.00,376.00,609.00,428.00,555.00,428.00
561.00,376.00,615.00,376.00,615.00,428.00,561.00,428.00
566.00,375.00,621.00,375.00,621.00,428.00,566.00,428.00
566.00,375.00,621.00,375.00,621.00,429.00,566.00,429.00
574.00,375.00,628.00,375.00,628.00,426.00,574.00,426.00
581.00,374.00,635.00,374.00,635.00,425.00,581.00,425.00
587.00,372.00,644.00,372.00,644.00,425.00,587.00,425.00
595.00,372.00,652.00,372.00,652.00,425.00,595.00,425.00
603.00,371.00,659.00,371.00,659.00,422.00,603.00,422.00
604.00,372.00,660.00,372.00,660.00,423.00,604.00,423.00
612.00,370.00,667.00,370.00,667.00,421.00,612.00,421.00
620.00,368.00,674.00,368.00,674.00,420.00,620.00,420.00
625.00,367.00,679.00,367.00,679.00,419.00,625.00,419.00
631.00,367.00,683.00,367.00,683.00,417.00,631.00,417.00
634.00,365.00,686.00,365.00,686.00,415.00,634.00,415.00
634.00,365.00,686.00,365.00,686.00,415.00,634.00,415.00
637.00,362.00,690.00,362.00,690.00,412.00,637.00,412.00
641.00,360.00,693.00,360.00,693.00,410.00,641.00,410.00
643.00,360.00,695.00,360.00,695.00,409.00,643.00,409.00
646.00,357.00,698.00,357.00,698.00,406.00,646.00,406.00
648.00,355.00,700.00,355.00,700.00,405.00,648.00,405.00
648.00,355.00,700.00,355.00,700.00,405.00,648.00,405.00
649.00,352.00,701.00,352.00,701.00,404.00,649.00,404.00
651.00,351.00,703.00,351.00,703.00,401.00,651.00,401.00
652.00,349.00,702.00,349.00,702.00,399.00,652.00,399.00
651.00,347.00,702.00,347.00,702.00,398.00,651.00,398.00
650.00,346.00,700.00,346.00,700.00,395.00,650.00,395.00
650.00,346.00,701.00,346.00,701.00,395.00,650.00,395.00
648.00,344.00,700.00,344.00,700.00,393.00,648.00,393.00
646.00,342.00,697.00,342.00,697.00,391.00,646.00,391.00
642.00,340.00,694.00,340.00,694.00,390.00,642.00,390.00
638.00,338.00,692.00,338.00,692.00,386.00,638.00,386.00
635.00,337.00,689.00,337.00,689.00,385.00,635.00,385.00
634.00,338.00,688.00,338.00,688.00,386.00,634.00,386.00
630.00,336.00,685.00,336.00,685.00,382.00,630.00,382.00
626.00,335.00,682.00,335.00,682.00,382.00,626.00,382.00
620.00,335.00,677.00,335.00,677.00,379.00,620.00,379.00
617.00,332.00,673.00,332.00,673.00,377.00,617.00,377.00
613.00,330.00,670.00,330.00,670.00,377.00,613.00,377.00
613.00,330.00,670.00,330.00,670.00,376.00,613.00,376.00
611.00,328.00,666.00,328.00,666.00,374.00,611.00,374.00
608.00,327.00,664.00,327.00,664.00,373.00,608.00,373.00
608.00,326.00,664.00,326.00,664.00,371.00,608.00,371.00
606.00,325.00,662.00,325.00,662.00,371.00,606.00,371.00
607.00,324.00,664.00,324.00,664.00,370.00,607.00,370.00
607.00,324.00,663.00,324.00,663.00,370.00,607.00,370.00
608.00,325.00,662.00,325.00,662.00,370.00,608.00,370.00
609.00,324.00,663.00,324.00,663.00,369.00,609.00,369.00
609.00,324.00,664.00,324.00,664.00,369.00,609.00,369.00
612.00,325.00,667.00,325.00,667.00,370.00,612.00,370.00
614.00,325.00,668.00,325.00,668.00,370.00,614.00,370.00
613.00,325.00,667.00,325.00,667.00,369.00,613.00,369.00
614.00,326.00,671.00,326.00,671.00,369.00,614.00,369.00
617.00,325.00,672.00,325.00,672.00,369.00,617.00,369.00
620.00,325.00,675.00,325.00,675.00,368.00,620.00,368.00
621.00,325.00,677.00,325.00,677.00,369.00,621.00,369.00
623.00,324.00,679.00,324.00,679.00,368.00,623.00,368.00
623.00,324.00,678.00,324.00,678.00,367.00,623.00,367.00
623.00,324.00,680.00,324.00,680.00,367.00,623.00,367.00
623.00,323.00,679.00,323.00,679.00,366.00,623.00,366.00
624.00,321.00,680.00,321.00,680.00,364.00,624.00,364.00
622.00,319.00,679.00,319.00,679.00,363.00,622.00,363.00
623.00,318.00,679.00,318.00,679.00,361.00,623.00,361.00
623.00,318.00,679.00,318.00,679.00,360.00,623.00,360.00
622.00,316.00,676.00,316.00,676.00,359.00,622.00,359.00
620.00,313.00,677.00,313.00,677.00,357.00,620.00,357.00
620.00,311.00,675.00,311.00,675.00,354.00,620.00,354.00
