1
439.00,334.00,490.00,334.00,490.00,383.00,439.00,383.00
438.00,334.00,490.00,334.00,490.00,382.00,438.00,382.00
437.00,333.00,487.00,333.00,487.00,382.00,437.00,382.00
435.00,332.00,487.00,332.00,487.00,383.00,435.00,383.00
434.00,331.00,488.00,331.00,488.00,383.00,434.00,383.00
434.00,332.00,487.00,332.00,487.00,383.00,434.00,383.00
434.00,331.00,488.00,331.00,488.00,382.00,434.00,382.00
433.00,329.00,487.00,329.00,487.00,383.00,433.00,383.00
433.00,331.00,487.00,331.00,487.00,382.00,433.00,382.00
431.00,330.00,485.00,330.00,485.00,381.00,431.00,381.00
428.00,331.00,482.00,331.00,482.00,380.00,428.00,380.00
429.00,331.00,481.00,331.00,481.00,379.00,429.00,379.00
427.00,328.00,481.00,328.00,481.00,382.00,427.00,382.00
424.00,329.00,475.00,329.00,475.00,377.00,424.00,377.00
423.00,320.00,474.00,320.00,474.00,368.00,423.00,368.00
421.00,326.00,471.00,326.00,471.00,373.00,421.00,373.00
415.00,330.00,466.00,330.00,466.00,378.00,415.00,378.00
418.00,324.00,469.00,324.00,469.00,372.00,418.00,372.00
424.00,318.00,475.00,318.00,475.00,367.00,424.00,367.00
417.00,324.00,466.00,324.00,466.00,374.00,417.00,374.00
415.00,321.00,468.00,321.00,468.00,378.00,415.00,378.00
411.00,320.00,467.00,320.00,467.00,378.00,411.00,378.00
410.00,319.00,465.00,319.00,465.00,377.00,410.00,377.00
410.00,319.00,465.00,319.00,465.00,376.00,410.00,376.00
409.00,318.00,464.00,318.00,464.00,375.00,409.00,375.00
409.00,317.00,464.00,317.00,464.00,373.00,409.00,373.00
411.00,317.00,466.00,317.00,466.00,372.00,411.00,372.00
416.00,316.00,469.00,316.00,469.00,369.00,416.00,369.00
419.00,315.00,473.00,315.00,473.00,367.00,419.00,367.00
418.00,315.00,474.00,315.00,474.00,367.00,418.00,367.00
422.00,313.00,478.00,313.00,478.00,366.00,422.00,366.00
424.00,311.00,483.00,311.00,483.00,366.00,424.00,366.00
429.00,310.00,487.00,310.00,487.00,364.00,429.00,364.00
431.00,309.00,489.00,309.00,489.00,365.00,431.00,365.00
433.00,307.00,491.00,307.00,491.00,365.00,433.00,365.00
435.00,307.00,492.00,307.00,492.00,365.00,435.00,365.00
437.00,306.00,496.00,306.00,496.00,364.00,437.00,364.00
439.00,306.00,498.00,306.00,498.00,364.00,439.00,364.00
444.00,314.00,499.00,314.00,499.00,366.00,444.00,366.00
449.00,297.00,505.00,297.00,505.00,350.00,449.00,350.00
444.00,297.00,500.00,297.00,500.00,350.00,444.00,350.00
447.00,297.00,503.00,297.00,503.00,350.00,447.00,350.00
455.00,286.00,511.00,286.00,511.00,339.00,455.00,339.00
460.00,300.00,510.00,300.00,510.00,350.00,460.00,350.00
456.00,295.00,513.00,295.00,513.00,355.00,456.00,355.00
459.00,292.00,516.00,292.00,516.00,353.00,459.00,353.00
461.00,289.00,518.00,289.00,518.00,349.00,461.00,349.00
461.00,290.00,518.00,290.00,518.00,350.00,461.00,350.00
463.00,287.00,520.00,287.00,520.00,347.00,463.00,347.00
465.00,282.00,522.00,282.00,522.00,345.00,465.00,345.00
467.00,277.00,525.00,277.00,525.00,341.00,467.00,341.00
467.00,273.00,527.00,273.00,527.00,337.00,467.00,337.00
467.00,268.00,527.00,268.00,527.00,332.00,467.00,332.00
468.00,267.00,527.00,267.00,527.00,332.00,468.00,332.00
467.00,262.00,527.00,262.00,527.00,328.00,467.00,328.00
464.00,257.00,528.00,257.00,528.00,322.00,464.00,322.00
460.00,252.00,524.00,252.00,524.00,318.00,460.00,318.00
458.00,247.00,520.00,247.00,520.00,312.00,458.00,312.00
456.00,243.00,521.00,243.00,521.00,308.00,456.00,308.00
456.00,243.00,520.00,243.00,520.00,308.00,456.00,308.00
455.00,239.00,520.00,239.00,520.00,303.00,455.00,303.00
457.00,236.00,520.00,236.00,520.00,298.00,457.00,298.00
458.00,230.00,520.00,230.00,520.00,296.00,458.00,296.00
460.00,228.00,522.00,228.00,522.00,291.00,460.00,291.00
461.00,224.00,522.00,224.00,522.00,287.00,461.00,287.00
461.00,224.00,521.00,224.00,521.00,287.00,461.00,287.00
459.00,219.00,519.00,219.00,519.00,284.00,459.00,284.00
454.00,216.00,517.00,216.00,517.00,284.00,454.00,284.00
451.00,212.00,513.00,212.00,513.00,279.00,451.00,279.00
448.00,209.00,514.00,209.00,514.00,278.00,448.00,278.00
446.00,206.00,511.00,206.00,511.00,275.00,446.00,275.00
447.00,206.00,512.00,206.00,512.00,275.00,447.00,275.00
447.00,205.00,511.00,205.00,511.00,275.00,447.00,275.00
448.00,204.00,510.00,204.00,510.00,272.00,448.00,272.00
449.00,204.00,512.00,204.00,512.00,272.00,449.00,272.00
453.00,203.00,516.00,203.00,516.00,273.00,453.00,273.00
460.00,203.00,525.00,203.00,525.00,274.00,460.00,274.00
460.00,203.00,525.00,203.00,525.00,273.00,460.00,273.00
471.00,205.00,538.00,205.00,538.00,274.00,471.00,274.00
483.00,205.00,551.00,205.00,551.00,276.00,483.00,276.00
498.00,209.00,566.00,209.00,566.00,279.00,498.00,279.00
514.00,212.00,582.00,212.00,582.00,284.00,514.00,284.00
527.00,218.00,597.00,218.00,597.00,288.00,527.00,288.00
527.00,217.00,597.00,217.00,597.00,288.00,527.00,288.00
539.00,221.00,610.00,221.00,610.00,294.00,539.00,294.00
549.00,228.00,617.00,228.00,617.00,297.00,549.00,297.00
555.00,232.00,621.00,232.00,621.00,305.00,555.00,305.00
556.00,239.00,622.00,239.00,622.00,311.00,556.00,311.00
561.00,246.00,626.00,246.00,626.00,318.00,561.00,318.00
561.00,245.00,626.00,245.00,626.00,318.00,561.00,318.00
566.00,253.00,633.00,253.00,633.00,325.00,566.00,325.00
574.00,261.00,641.00,261.00,641.00,332.00,574.00,332.00
583.00,266.00,651.00,266.00,651.00,338.00,583.00,338.00
589.00,273.00,658.00,273.00,658.00,344.00,589.00,344.00
594.00,277.00,664.00,277.00,664.00,350.00,594.00,350.00
595.00,277.00,665.00,277.00,665.00,350.00,595.00,350.00
599.00,281.00,670.00,281.00,670.00,356.00,599.00,356.00
606.00,286.00,675.00,286.00,675.00,362.00,606.00,362.00
609.00,290.00,678.00,290.00,678.00,364.00,609.00,364.00
614.00,292.00,682.00,292.00,682.00,367.00,614.00,367.00
620.00,297.00,681.00,297.00,681.00,363.00,620.00,363.00
621.00,296.00,681.00,296.00,681.00,362.00,621.00,362.00
596.00,278.00,663.00,278.00,663.00,342.00,596.00,342.00
633.00,284.00,701.00,284.00,701.00,349.00,633.00,349.00
625.00,303.00,685.00,303.00,685.00,368.00,625.00,368.00
628.00,303.00,689.00,303.00,689.00,375.00,628.00,375.00
626.00,304.00,691.00,304.00,691.00,377.00,626.00,377.00
626.00,306.00,690.00,306.00,690.00,377.00,626.00,377.00
626.00,305.00,691.00,305.00,691.00,378.00,626.00,378.00
628.00,305.00,691.00,305.00,691.00,379.00,628.00,379.00
628.00,306.00,693.00,306.00,693.00,379.00,628.00,379.00
629.00,306.00,693.00,306.00,693.00,379.00,629.00,379.00
630.00,307.00,694.00,307.00,694.00,380.00,630.00,380.00
630.00,307.00,694.00,307.00,694.00,379.00,630.00,379.00
634.00,307.00,698.00,307.00,698.00,378.00,634.00,378.00
635.00,307.00,697.00,307.00,697.00,377.00,635.00,377.00
635.00,307.00,696.00,307.00,696.00,377.00,635.00,377.00
632.00,306.00,693.00,306.00,693.00,375.00,632.00,375.00
633.00,305.00,690.00,305.00,690.00,371.00,633.00,371.00
632.00,305.00,690.00,305.00,690.00,372.00,632.00,372.00
625.00,302.00,685.00,302.00,685.00,367.00,625.00,367.00
624.00,302.00,684.00,302.00,684.00,365.00,624.00,365.00
622.00,305.00,681.00,305.00,681.00,372.00,622.00,372.00
621.00,306.00,680.00,306.00,680.00,371.00,621.00,371.00
619.00,306.00,677.00,306.00,677.00,370.00,619.00,370.00
619.00,307.00,676.00,307.00,676.00,370.00,619.00,370.00
609.00,292.00,678.00,292.00,678.00,358.00,609.00,358.00
608.00,294.00,677.00,294.00,677.00,360.00,608.00,360.00
612.00,304.00,675.00,304.00,675.00,366.00,612.00,366.00
609.00,306.00,672.00,306.00,672.00,371.00,609.00,371.00
609.00,306.00,672.00,306.00,672.00,371.00,609.00,371.00
609.00,306.00,672.00,306.00,672.00,370.00,609.00,370.00
609.00,307.00,672.00,307.00,672.00,374.00,609.00,374.00
610.00,308.00,673.00,308.00,673.00,375.00,610.00,375.00
607.00,309.00,669.00,309.00,669.00,376.00,607.00,376.00
604.00,309.00,668.00,309.00,668.00,375.00,604.00,375.00
600.00,308.00,663.00,308.00,663.00,379.00,600.00,379.00
601.00,308.00,664.00,308.00,664.00,379.00,601.00,379.00
597.00,307.00,661.00,307.00,661.00,377.00,597.00,377.00
591.00,307.00,656.00,307.00,656.00,376.00,591.00,376.00
587.00,307.00,651.00,307.00,651.00,376.00,587.00,376.00
582.00,307.00,646.00,307.00,646.00,377.00,582.00,377.00
578.00,305.00,641.00,305.00,641.00,376.00,578.00,376.00
578.00,305.00,641.00,305.00,641.00,377.00,578.00,377.00
575.00,307.00,637.00,307.00,637.00,376.00,575.00,376.00
570.00,306.00,633.00,306.00,633.00,377.00,570.00,377.00
567.00,307.00,629.00,307.00,629.00,376.00,567.00,376.00
564.00,306.00,625.00,306.00,625.00,376.00,564.00,376.00
561.00,306.00,622.00,306.00,622.00,375.00,561.00,375.00
561.00,306.00,622.00,306.00,622.00,376.00,561.00,376.00
558.00,307.00,619.00,307.00,619.00,375.00,558.00,375.00
557.00,306.00,617.00,306.00,617.00,374.00,557.00,374.00
556.00,306.00,615.00,306.00,615.00,375.00,556.00,375.00
553.00,307.00,612.00,307.00,612.00,373.00,553.00,373.00
550.00,309.00,608.00,309.00,608.00,371.00,550.00,371.00
550.00,309.00,609.00,309.00,609.00,372.00,550.00,372.00
546.00,308.00,606.00,308.00,606.00,371.00,546.00,371.00
541.00,306.00,603.00,306.00,603.00,370.00,541.00,370.00
538.00,304.00,598.00,304.00,598.00,371.00,538.00,371.00
533.00,303.00,595.00,303.00,595.00,369.00,533.00,369.00
529.00,302.00,590.00,302.00,590.00,368.00,529.00,368.00
529.00,303.00,592.00,303.00,592.00,369.00,529.00,369.00
527.00,302.00,588.00,302.00,588.00,368.00,527.00,368.00
524.00,300.00,585.00,300.00,585.00,367.00,524.00,367.00
518.00,299.00,580.00,299.00,580.00,365.00,518.00,365.00
513.00,298.00,576.00,298.00,576.00,363.00,513.00,363.00
508.00,296.00,569.00,296.00,569.00,361.00,508.00,361.00
508.00,295.00,571.00,295.00,571.00,360.00,508.00,360.00
503.00,293.00,564.00,293.00,564.00,358.00,503.00,358.00
496.00,290.00,559.00,290.00,559.00,356.00,496.00,356.00
489.00,286.00,553.00,286.00,553.00,352.00,489.00,352.00
481.00,282.00,545.00,282.00,545.00,350.00,481.00,350.00
475.00,278.00,539.00,278.00,539.00,346.00,475.00,346.00
475.00,278.00,539.00,278.00,539.00,346.00,475.00,346.00
468.00,274.00,530.00,274.00,530.00,342.00,468.00,342.00
462.00,272.00,524.00,272.00,524.00,339.00,462.00,339.00
453.00,267.00,516.00,267.00,516.00,335.00,453.00,335.00
446.00,263.00,509.00,263.00,509.00,332.00,446.00,332.00
440.00,260.00,500.00,260.00,500.00,329.00,440.00,329.00
440.00,260.00,500.00,260.00,500.00,328.00,440.00,328.00
432.00,256.00,493.00,256.00,493.00,323.00,432.00,323.00
422.00,251.00,483.00,251.00,483.00,321.00,422.00,321.00
414.00,247.00,475.00,247.00,475.00,319.00,414.00,319.00
404.00,243.00,468.00,243.00,468.00,314.00,404.00,314.00
397.00,241.00,460.00,241.00,460.00,312.00,397.00,312.00
397.00,241.00,460.00,241.00,460.00,311.00,397.00,311.00
388.00,238.00,449.00,238.00,449.00,310.00,388.00,310.00
378.00,237.00,440.00,237.00,440.00,308.00,378.00,308.00
372.00,235.00,432.00,235.00,432.00,309.00,372.00,309.00
366.00,237.00,426.00,237.00,426.00,308.00,366.00,308.00
359.00,236.00,419.00,236.00,419.00,309.00,359.00,309.00
352.00,238.00,411.00,238.00,411.00,308.00,352.00,308.00
352.00,237.00,411.00,237.00,411.00,308.00,352.00,308.00
347.00,238.00,404.00,238.00,404.00,309.00,347.00,309.00
342.00,239.00,400.00,239.00,400.00,313.00,342.00,313.00
338.00,243.00,393.00,243.00,393.00,315.00,338.00,315.00
334.00,247.00,390.00,247.00,390.00,318.00,334.00,318.00
334.00,252.00,387.00,252.00,387.00,322.00,334.00,322.00
334.00,252.00,387.00,252.00,387.00,323.00,334.00,323.00
333.00,258.00,388.00,258.00,388.00,331.00,333.00,331.00
333.00,265.00,386.00,265.00,386.00,337.00,333.00,337.00
333.00,272.00,387.00,272.00,387.00,346.00,333.00,346.00
334.00,280.00,387.00,280.00,387.00,352.00,334.00,352.00
336.00,287.00,388.00,287.00,388.00,360.00,336.00,360.00
336.00,287.00,387.00,287.00,387.00,359.00,336.00,359.00
336.00,295.00,388.00,295.00,388.00,364.00,336.00,364.00
336.00,301.00,390.00,301.00,390.00,371.00,336.00,371.00
338.00,307.00,390.00,307.00,390.00,377.00,338.00,377.00
342.00,313.00,393.00,313.00,393.00,382.00,342.00,382.00
343.00,318.00,396.00,318.00,396.00,387.00,343.00,387.00
342.00,318.00,396.00,318.00,396.00,388.00,342.00,388.00
345.00,323.00,398.00,323.00,398.00,392.00,345.00,392.00
351.00,326.00,402.00,326.00,402.00,393.00,351.00,393.00
350.00,329.00,404.00,329.00,404.00,398.00,350.00,398.00
353.00,331.00,407.00,331.00,407.00,399.00,353.00,399.00
355.00,331.00,408.00,331.00,408.00,401.00,355.00,401.00
354.00,333.00,408.00,333.00,408.00,401.00,354.00,401.00
359.00,332.00,409.00,332.00,409.00,400.00,359.00,400.00
359.00,333.00,412.00,333.00,412.00,400.00,359.00,400.00
359.00,332.00,413.00,332.00,413.00,402.00,359.00,402.00
361.00,332.00,414.00,332.00,414.00,400.00,361.00,400.00
365.00,332.00,415.00,332.00,415.00,398.00,365.00,398.00
366.00,333.00,415.00,333.00,415.00,398.00,366.00,398.00
364.00,332.00,416.00,332.00,416.00,399.00,364.00,399.00
364.00,331.00,416.00,331.00,416.00,397.00,364.00,397.00
367.00,329.00,419.00,329.00,419.00,396.00,367.00,396.00
366.00,328.00,420.00,328.00,420.00,394.00,366.00,394.00
367.00,327.00,421.00,327.00,421.00,393.00,367.00,393.00
367.00,328.00,420.00,328.00,420.00,393.00,367.00,393.00
368.00,327.00,420.00,327.00,420.00,390.00,368.00,390.00
372.00,326.00,422.00,326.00,422.00,388.00,372.00,388.00
370.00,325.00,424.00,325.00,424.00,385.00,370.00,385.00
371.00,324.00,423.00,324.00,423.00,384.00,371.00,384.00
371.00,321.00,422.00,321.00,422.00,382.00,371.00,382.00
372.00,321.00,422.00,321.00,422.00,384.00,372.00,384.00
371.00,318.00,422.00,318.00,422.00,380.00,371.00,380.00
369.00,317.00,420.00,317.00,420.00,379.00,369.00,379.00
368.00,316.00,419.00,316.00,419.00,378.00,368.00,378.00
369.00,314.00,419.00,314.00,419.00,374.00,369.00,374.00
367.00,313.00,417.00,313.00,417.00,371.00,367.00,371.00
366.00,314.00,416.00,314.00,416.00,371.00,366.00,371.00
365.00,312.00,415.00,312.00,415.00,369.00,365.00,369.00
363.00,311.00,412.00,311.00,412.00,368.00,363.00,368.00
361.00,308.00,409.00,308.00,409.00,367.00,361.00,367.00
357.00,307.00,406.00,307.00,406.00,363.00,357.00,363.00
353.00,305.00,402.00,305.00,402.00,363.00,353.00,363.00
353.00,305.00,402.00,305.00,402.00,362.00,353.00,362.00
350.00,303.00,400.00,303.00,400.00,360.00,350.00,360.00
346.00,302.00,395.00,302.00,395.00,358.00,346.00,358.00
343.00,300.00,392.00,300.00,392.00,355.00,343.00,355.00
339.00,298.00,388.00,298.00,388.00,355.00,339.00,355.00
338.00,296.00,387.00,296.00,387.00,353.00,338.00,353.00
338.00,296.00,387.00,296.00,387.00,354.00,338.00,354.00
335.00,297.00,384.00,297.00,384.00,353.00,335.00,353.00
334.00,297.00,383.00,297.00,383.00,353.00,334.00,353.00
334.00,297.00,383.00,297.00,383.00,354.00,334.00,354.00
333.00,296.00,382.00,296.00,382.00,354.00,333.00,354.00
331.00,297.00,380.00,297.00,380.00,354.00,331.00,354.00
331.00,298.00,380.00,298.00,380.00,354.00,331.00,354.00
329.00,297.00,378.00,297.00,378.00,354.00,329.00,354.00
328.00,297.00,377.00,297.00,377.00,354.00,328.00,354.00
326.00,297.00,375.00,297.00,375.00,353.00,326.00,353.00
326.00,298.00,374.00,298.00,374.00,353.00,326.00,353.00
323.00,298.00,374.00,298.00,374.00,356.00,323.00,356.00
323.00,298.00,374.00,298.00,374.00,355.00,323.00,355.00
323.00,297.00,372.00,297.00,372.00,355.00,323.00,355.00
322.00,299.00,372.00,299.00,372.00,356.00,322.00,356.00
322.00,299.00,372.00,299.00,372.00,358.00,322.00,358.00
321.00,299.00,371.00,299.00,371.00,358.00,321.00,358.00
320.00,299.00,370.00,299.00,370.00,357.00,320.00,357.00
320.00,299.00,370.00,299.00,370.00,357.00,320.00,357.00
319.00,300.00,369.00,300.00,369.00,356.00,319.00,356.00
318.00,300.00,368.00,300.00,368.00,357.00,318.00,357.00
319.00,300.00,367.00,300.00,367.00,358.00,319.00,358.00
318.00,301.00,367.00,301.00,367.00,356.00,318.00,356.00
318.00,301.00,367.00,301.00,367.00,356.00,318.00,356.00
318.00,301.00,367.00,301.00,367.00,357.00,318.00,357.00
322.00,302.00,368.00,302.00,368.00,353.00,322.00,353.00
322.00,301.00,367.00,301.00,367.00,355.00,322.00,355.00
320.00,301.00,367.00,301.00,367.00,355.00,320.00,355.00
322.00,302.00,368.00,302.00,368.00,355.00,322.00,355.00
322.00,301.00,369.00,301.00,369.00,356.00,322.00,356.00
322.00,301.00,369.00,301.00,369.00,356.00,322.00,356.00
324.00,303.00,369.00,303.00,369.00,355.00,324.00,355.00
324.00,301.00,370.00,301.00,370.00,354.00,324.00,354.00
324.00,300.00,371.00,300.00,371.00,355.00,324.00,355.00
326.00,301.00,370.00,301.00,370.00,354.00,326.00,354.00
327.00,301.00,372.00,301.00,372.00,354.00,327.00,354.00
327.00,301.00,372.00,301.00,372.00,352.00,327.00,352.00
327.00,300.00,372.00,300.00,372.00,352.00,327.00,352.00
326.00,296.00,372.00,296.00,372.00,351.00,326.00,351.00
324.00,294.00,369.00,294.00,369.00,347.00,324.00,347.00
326.00,291.00,370.00,291.00,370.00,345.00,326.00,345.00
326.00,288.00,370.00,288.00,370.00,341.00,326.00,341.00
326.00,289.00,370.00,289.00,370.00,343.00,326.00,343.00
324.00,284.00,368.00,284.00,368.00,338.00,324.00,338.00
320.00,279.00,366.00,279.00,366.00,334.00,320.00,334.00
318.00,275.00,363.00,275.00,363.00,327.00,318.00,327.00
317.00,270.00,361.00,270.00,361.00,323.00,317.00,323.00
312.00,266.00,356.00,266.00,356.00,320.00,312.00,320.00
311.00,265.00,355.00,265.00,355.00,320.00,311.00,320.00
307.00,261.00,352.00,261.00,352.00,314.00,307.00,314.00
303.00,255.00,348.00,255.00,348.00,308.00,303.00,308.00
299.00,251.00,344.00,251.00,344.00,304.00,299.00,304.00
295.00,247.00,340.00,247.00,340.00,303.00,295.00,303.00
292.00,244.00,336.00,244.00,336.00,298.00,292.00,298.00
292.00,244.00,336.00,244.00,336.00,298.00,292.00,298.00
289.00,240.00,333.00,240.00,333.00,293.00,289.00,293.00
284.00,238.00,329.00,238.00,329.00,292.00,284.00,292.00
280.00,234.00,325.00,234.00,325.00,289.00,280.00,289.00
276.00,232.00,321.00,232.00,321.00,287.00,276.00,287.00
271.00,231.00,317.00,231.00,317.00,285.00,271.00,285.00
272.00,231.00,317.00,231.00,317.00,284.00,272.00,284.00
268.00,228.00,312.00,228.00,312.00,282.00,268.00,282.00
262.00,226.00,307.00,226.00,307.00,280.00,262.00,280.00
256.00,223.00,302.00,223.00,302.00,278.00,256.00,278.00
250.00,221.00,296.00,221.00,296.00,277.00,250.00,277.00
244.00,220.00,291.00,220.00,291.00,276.00,244.00,276.00
245.00,221.00,290.00,221.00,290.00,276.00,245.00,276.00
241.00,220.00,287.00,220.00,287.00,273.00,241.00,273.00
238.00,222.00,284.00,222.00,284.00,275.00,238.00,275.00
233.00,223.00,279.00,223.00,279.00,277.00,233.00,277.00
231.00,225.00,277.00,225.00,277.00,278.00,231.00,278.00
227.00,227.00,273.00,227.00,273.00,281.00,227.00,281.00
227.00,227.00,274.00,227.00,274.00,282.00,227.00,282.00
224.00,231.00,272.00,231.00,272.00,287.00,224.00,287.00
224.00,235.00,273.00,235.00,273.00,290.00,224.00,290.00
223.00,241.00,271.00,241.00,271.00,296.00,223.00,296.00
224.00,246.00,273.00,246.00,273.00,300.00,224.00,300.00
226.00,252.00,274.00,252.00,274.00,306.00,226.00,306.00
225.00,252.00,274.00,252.00,274.00,306.00,225.00,306.00
227.00,259.00,277.00,259.00,277.00,314.00,227.00,314.00
230.00,264.00,280.00,264.00,280.00,320.00,230.00,320.00
235.00,271.00,285.00,271.00,285.00,328.00,235.00,328.00
241.00,279.00,290.00,279.00,290.00,334.00,241.00,334.00
247.00,287.00,296.00,287.00,296.00,341.00,247.00,341.00
246.00,287.00,296.00,287.00,296.00,342.00,246.00,342.00
253.00,294.00,301.00,294.00,301.00,348.00,253.00,348.00
258.00,299.00,307.00,299.00,307.00,351.00,258.00,351.00
260.00,304.00,307.00,304.00,307.00,357.00,260.00,357.00
262.00,307.00,310.00,307.00,310.00,358.00,262.00,358.00
263.00,311.00,310.00,311.00,310.00,360.00,263.00,360.00
263.00,311.00,310.00,311.00,310.00,361.00,263.00,361.00
264.00,312.00,311.00,312.00,311.00,361.00,264.00,361.00
260.00,313.00,307.00,313.00,307.00,362.00,260.00,362.00
254.00,311.00,302.00,311.00,302.00,360.00,254.00,360.00
248.00,310.00,297.00,310.00,297.00,360.00,248.00,360.00
244.00,308.00,290.00,308.00,290.00,356.00,244.00,356.00
244.00,308.00,290.00,308.00,290.00,356.00,244.00,356.00
238.00,306.00,285.00,306.00,285.00,353.00,238.00,353.00
233.00,304.00,278.00,304.00,278.00,351.00,233.00,351.00
225.00,302.00,271.00,302.00,271.00,350.00,225.00,350.00
217.00,301.00,262.00,301.00,262.00,349.00,217.00,349.00
211.00,300.00,256.00,300.00,256.00,345.00,211.00,345.00
210.00,300.00,256.00,300.00,256.00,345.00,210.00,345.00
204.00,297.00,251.00,297.00,251.00,343.00,204.00,343.00
200.00,295.00,246.00,295.00,246.00,342.00,200.00,342.00
192.00,294.00,236.00,294.00,236.00,340.00,192.00,340.00
181.00,292.00,226.00,292.00,226.00,337.00,181.00,337.00
178.00,291.00,223.00,291.00,223.00,334.00,178.00,334.00
176.00,291.00,220.00,291.00,220.00,335.00,176.00,335.00
171.00,290.00,217.00,290.00,217.00,334.00,171.00,334.00
162.00,289.00,207.00,289.00,207.00,332.00,162.00,332.00
158.00,288.00,202.00,288.00,202.00,330.00,158.00,330.00
150.00,287.00,195.00,287.00,195.00,328.00,150.00,328.00
146.00,286.00,190.00,286.00,190.00,327.00,146.00,327.00
144.00,286.00,188.00,286.00,188.00,327.00,144.00,327.00
137.00,286.00,180.00,286.00,180.00,327.00,137.00,327.00
131.00,286.00,176.00,286.00,176.00,326.00,131.00,326.00
125.00,286.00,170.00,286.00,170.00,326.00,125.00,326.00
123.00,287.00,168.00,287.00,168.00,328.00,123.00,328.00
123.00,289.00,169.00,289.00,169.00,329.00,123.00,329.00
122.00,289.00,168.00,289.00,168.00,330.00,122.00,330.00
128.00,295.00,174.00,295.00,174.00,335.00,128.00,335.00
138.00,300.00,184.00,300.00,184.00,341.00,138.00,341.00
152.00,306.00,197.00,306.00,197.00,347.00,152.00,347.00
175.00,311.00,220.00,311.00,220.00,356.00,175.00,356.00
185.00,322.00,229.00,322.00,229.00,365.00,185.00,365.00
185.00,321.00,230.00,321.00,230.00,364.00,185.00,364.00
199.00,329.00,245.00,329.00,245.00,371.00,199.00,371.00
211.00,336.00,256.00,336.00,256.00,379.00,211.00,379.00
220.00,340.00,266.00,340.00,266.00,385.00,220.00,385.00
226.00,344.00,274.00,344.00,274.00,389.00,226.00,389.00
230.00,348.00,277.00,348.00,277.00,392.00,230.00,392.00
230.00,348.00,277.00,348.00,277.00,392.00,230.00,392.00
236.00,351.00,282.00,351.00,282.00,395.00,236.00,395.00
238.00,353.00,284.00,353.00,284.00,398.00,238.00,398.00
242.00,354.00,288.00,354.00,288.00,399.00,242.00,399.00
248.00,357.00,294.00,357.00,294.00,402.00,248.00,402.00
253.00,360.00,300.00,360.00,300.00,405.00,253.00,405.00
261.00,363.00,308.00,363.00,308.00,408.00,261.00,408.00
261.00,363.00,309.00,363.00,309.00,409.00,261.00,409.00
272.00,365.00,319.00,365.00,319.00,411.00,272.00,411.00
283.00,368.00,330.00,368.00,330.00,414.00,283.00,414.00
294.00,370.00,341.00,370.00,341.00,418.00,294.00,418.00
302.00,374.00,350.00,374.00,350.00,422.00,302.00,422.00
309.00,379.00,360.00,379.00,360.00,427.00,309.00,427.00
309.00,378.00,359.00,378.00,359.00,426.00,309.00,426.00
318.00,381.00,368.00,381.00,368.00,428.00,318.00,428.00
326.00,383.00,376.00,383.00,376.00,431.00,326.00,431.00
330.00,385.00,381.00,385.00,381.00,433.00,330.00,433.00
336.00,389.00,384.00,389.00,384.00,434.00,336.00,434.00
347.00,392.00,393.00,392.00,393.00,435.00,347.00,435.00
345.00,391.00,392.00,391.00,392.00,434.00,345.00,434.00
353.00,394.00,401.00,394.00,401.00,438.00,353.00,438.00
360.00,395.00,409.00,395.00,409.00,439.00,360.00,439.00
369.00,397.00,418.00,397.00,418.00,443.00,369.00,443.00
377.00,399.00,427.00,399.00,427.00,446.00,377.00,446.00
384.00,402.00,435.00,402.00,435.00,447.00,384.00,447.00
385.00,402.00,435.00,402.00,435.00,448.00,385.00,448.00
396.00,404.00,443.00,404.00,443.00,449.00,396.00,449.00
402.00,406.00,451.00,406.00,451.00,452.00,402.00,452.00
414.00,408.00,462.00,408.00,462.00,455.00,414.00,455.00
422.00,410.00,471.00,410.00,471.00,455.00,422.00,455.00
433.00,412.00,483.00,412.00,483.00,457.00,433.00,457.00
432.00,412.00,482.00,412.00,482.00,457.00,432.00,457.00
444.00,413.00,494.00,413.00,494.00,458.00,444.00,458.00
454.00,415.00,503.00,415.00,503.00,460.00,454.00,460.00
463.00,417.00,512.00,417.00,512.00,463.00,463.00,463.00
469.00,417.00,517.00,417.00,517.00,464.00,469.00,464.00
475.00,416.00,524.00,416.00,524.00,464.00,475.00,464.00
475.00,416.00,524.00,416.00,524.00,464.00,475.00,464.00
479.00,415.00,525.00,415.00,525.00,467.00,479.00,467.00
493.00,416.00,538.00,416.00,538.00,465.00,493.00,465.00
498.00,416.00,551.00,416.00,551.00,465.00,498.00,465.00
511.00,413.00,564.00,413.00,564.00,467.00,511.00,467.00
524.00,413.00,577.00,413.00,577.00,467.00,524.00,467.00
524.00,413.00,577.00,413.00,577.00,467.00,524.00,467.00
536.00,410.00,588.00,410.00,588.00,467.00,536.00,467.00
549.00,409.00,602.00,409.00,602.00,465.00,549.00,465.00
562.00,409.00,616.00,409.00,616.00,465.00,562.00,465.00
575.00,409.00,627.00,409.00,627.00,463.00,575.00,463.00
588.00,408.00,639.00,408.00,639.00,461.00,588.00,461.00
587.00,408.00,639.00,408.00,639.00,462.00,587.00,462.00
598.00,406.00,651.00,406.00,651.00,461.00,598.00,461.00
608.00,406.00,659.00,406.00,659.00,458.00,608.00,458.00
615.00,404.00,665.00,404.00,665.00,456.00,615.00,456.00
617.00,401.00,668.00,401.00,668.00,455.00,617.00,455.00
618.00,400.00,666.00,400.00,666.00,453.00,618.00,453.00
618.00,399.00,666.00,399.00,666.00,452.00,618.00,452.00
618.00,398.00,666.00,398.00,666.00,451.00,618.00,451.00
617.00,396.00,666.00,396.00,666.00,451.00,617.00,451.00
615.00,394.00,664.00,394.00,664.00,450.00,615.00,450.00
613.00,392.00,662.00,392.00,662.00,447.00,613.00,447.00
611.00,391.00,659.00,391.00,659.00,445.00,611.00,445.00
611.00,391.00,659.00,391.00,659.00,445.00,611.00,445.00
607.00,389.00,655.00,389.00,655.00,444.00,607.00,444.00
602.00,387.00,652.00,387.00,652.00,443.00,602.00,443.00
598.00,386.00,647.00,386.00,647.00,441.00,598.00,441.00
593.00,385.00,643.00,385.00,643.00,441.00,593.00,441.00
588.00,384.00,636.00,384.00,636.00,439.00,588.00,439.00
588.00,385.00,636.00,385.00,636.00,440.00,588.00,440.00
585.00,385.00,632.00,385.00,632.00,436.00,585.00,436.00
578.00,382.00,628.00,382.00,628.00,437.00,578.00,437.00
573.00,381.00,623.00,381.00,623.00,435.00,573.00,435.00
569.00,380.00,618.00,380.00,618.00,434.00,569.00,434.00
564.00,378.00,613.00,378.00,613.00,433.00,564.00,433.00
564.00,378.00,613.00,378.00,613.00,433.00,564.00,433.00
561.00,378.00,610.00,378.00,610.00,433.00,561.00,433.00
558.00,377.00,607.00,377.00,607.00,433.00,558.00,433.00
554.00,377.00,603.00,377.00,603.00,431.00,554.00,431.00
550.00,376.00,601.00,376.00,601.00,433.00,550.00,433.00
548.00,376.00,598.00,376.00,598.00,431.00,548.00,431.00
548.00,376.00,598.00,376.00,598.00,431.00,548.00,431.00
544.00,375.00,595.00,375.00,595.00,431.00,544.00,431.00
541.00,374.00,591.00,374.00,591.00,430.00,541.00,430.00
539.00,375.00,588.00,375.00,588.00,430.00,539.00,430.00
536.00,374.00,587.00,374.00,587.00,430.00,536.00,430.00
535.00,373.00,586.00,373.00,586.00,429.00,535.00,429.00
535.00,373.00,585.00,373.00,585.00,429.00,535.00,429.00
532.00,372.00,584.00,372.00,584.00,427.00,532.00,427.00
532.00,374.00,583.00,374.00,583.00,426.00,532.00,426.00
529.00,373.00,578.00,373.00,578.00,424.00,529.00,424.00
531.00,374.00,578.00,374.00,578.00,427.00,531.00,427.00
525.00,373.00,575.00,373.00,575.00,428.00,525.00,428.00
526.00,373.00,577.00,373.00,577.00,429.00,526.00,429.00
525.00,373.00,575.00,373.00,575.00,428.00,525.00,428.00
525.00,373.00,574.00,373.00,574.00,428.00,525.00,428.00
525.00,374.00,575.00,374.00,575.00,429.00,525.00,429.00
526.00,375.00,577.00,375.00,577.00,430.00,526.00,430.00
528.00,375.00,579.00,375.00,579.00,430.00,528.00,430.00
528.00,375.00,579.00,375.00,579.00,430.00,528.00,430.00
529.00,375.00,579.00,375.00,579.00,429.00,529.00,429.00
533.00,376.00,582.00,376.00,582.00,427.00,533.00,427.00
533.00,375.00,585.00,375.00,585.00,428.00,533.00,428.00
536.00,374.00,588.00,374.00,588.00,430.00,536.00,430.00
540.00,375.00,592.00,375.00,592.00,430.00,540.00,430.00
540.00,375.00,591.00,375.00,591.00,430.00,540.00,430.00
544.00,376.00,596.00,376.00,596.00,429.00,544.00,429.00
549.00,375.00,602.00,375.00,602.00,430.00,549.00,430.00
554.00,376.00,609.00,376.00,609.00,430.00,554.00,430.00
561.00,375.00,615.00,375.00,615.00,429.00,561.00,429.00
566.00,375.00,619.00,375.00,619.00,430.00,566.00,430.00
566.00,374.00,620.00,374.00,620.00,429.00,566.00,429.00
573.00,374.00,628.00,374.00,628.00,427.00,573.00,427.00
580.00,372.00,635.00,372.00,635.00,428.00,580.00,428.00
587.00,372.00,642.00,372.00,642.00,426.00,587.00,426.00
595.00,371.00,650.00,371.00,650.00,425.00,595.00,425.00
604.00,371.00,659.00,371.00,659.00,424.00,604.00,424.00
604.00,371.00,659.00,371.00,659.00,424.00,604.00,424.00
612.00,369.00,667.00,369.00,667.00,423.00,612.00,423.00
619.00,367.00,674.00,367.00,674.00,422.00,619.00,422.00
624.00,367.00,679.00,367.00,679.00,421.00,624.00,421.00
631.00,366.00,683.00,366.00,683.00,418.00,631.00,418.00
635.00,364.00,686.00,364.00,686.00,416.00,635.00,416.00
634.00,364.00,686.00,364.00,686.00,417.00,634.00,417.00
636.00,362.00,689.00,362.00,689.00,414.00,636.00,414.00
640.00,359.00,692.00,359.00,692.00,410.00,640.00,410.00
643.00,359.00,695.00,359.00,695.00,408.00,643.00,408.00
647.00,357.00,698.00,357.00,698.00,408.00,647.00,408.00
647.00,355.00,699.00,355.00,699.00,406.00,647.00,406.00
648.00,355.00,700.00,355.00,700.00,406.00,648.00,406.00
649.00,352.00,701.00,352.00,701.00,404.00,649.00,404.00
651.00,350.00,702.00,350.00,702.00,401.00,651.00,401.00
652.00,349.00,703.00,349.00,703.00,400.00,652.00,400.00
652.00,347.00,703.00,347.00,703.00,399.00,652.00,399.00
650.00,344.00,702.00,344.00,702.00,397.00,650.00,397.00
649.00,344.00,700.00,344.00,700.00,397.00,649.00,397.00
648.00,343.00,700.00,343.00,700.00,396.00,648.00,396.00
645.00,341.00,696.00,341.00,696.00,393.00,645.00,393.00
642.00,338.00,694.00,338.00,694.00,392.00,642.00,392.00
638.00,337.00,691.00,337.00,691.00,390.00,638.00,390.00
635.00,337.00,687.00,337.00,687.00,387.00,635.00,387.00
634.00,337.00,687.00,337.00,687.00,387.00,634.00,387.00
631.00,335.00,684.00,335.00,684.00,384.00,631.00,384.00
625.00,333.00,680.00,333.00,680.00,383.00,625.00,383.00
621.00,332.00,677.00,332.00,677.00,381.00,621.00,381.00
618.00,330.00,672.00,330.00,672.00,380.00,618.00,380.00
614.00,328.00,668.00,328.00,668.00,379.00,614.00,379.00
613.00,328.00,668.00,328.00,668.00,379.00,613.00,379.00
612.00,325.00,666.00,325.00,666.00,378.00,612.00,378.00
608.00,325.00,664.00,325.00,664.00,377.00,608.00,377.00
610.00,323.00,663.00,323.00,663.00,374.00,610.00,374.00
609.00,323.00,662.00,323.00,662.00,374.00,609.00,374.00
608.00,322.00,663.00,322.00,663.00,374.00,608.00,374.00
607.00,322.00,662.00,322.00,662.00,374.00,607.00,374.00
607.00,322.00,662.00,322.00,662.00,373.00,607.00,373.00
609.00,322.00,663.00,322.00,663.00,373.00,609.00,373.00
610.00,322.00,664.00,322.00,664.00,373.00,610.00,373.00
611.00,323.00,666.00,323.00,666.00,373.00,611.00,373.00
613.00,323.00,668.00,323.00,668.00,373.00,613.00,373.00
613.00,322.00,668.00,322.00,668.00,373.00,613.00,373.00
614.00,324.00,670.00,324.00,670.00,372.00,614.00,372.00
617.00,323.00,672.00,323.00,672.00,372.00,617.00,372.00
619.00,324.00,674.00,324.00,674.00,372.00,619.00,372.00
622.00,323.00,676.00,323.00,676.00,371.00,622.00,371.00
623.00,322.00,676.00,322.00,676.00,370.00,623.00,370.00
624.00,323.00,677.00,323.00,677.00,371.00,624.00,371.00
623.00,322.00,677.00,322.00,677.00,369.00,623.00,369.00
624.00,322.00,678.00,322.00,678.00,368.00,624.00,368.00
624.00,320.00,678.00,320.00,678.00,365.00,624.00,365.00
624.00,317.00,679.00,317.00,679.00,365.00,624.00,365.00
623.00,315.00,678.00,315.00,678.00,363.00,623.00,363.00
623.00,316.00,678.00,316.00,678.00,363.00,623.00,363.00
623.00,314.00,677.00,314.00,677.00,362.00,623.00,362.00
622.00,312.00,676.00,312.00,676.00,359.00,622.00,359.00
620.00,309.00,675.00,309.00,675.00,357.00,620.00,357.00
