1
439.00,335.00,489.00,335.00,489.00,383.00,439.00,383.00
439.00,335.00,488.00,335.00,488.00,381.00,439.00,381.00
437.00,333.00,487.00,333.00,487.00,382.00,437.00,382.00
436.00,333.00,486.00,333.00,486.00,382.00,436.00,382.00
434.00,332.00,487.00,332.00,487.00,383.00,434.00,383.00
434.00,332.00,487.00,332.00,487.00,382.00,434.00,382.00
435.00,331.00,487.00,331.00,487.00,382.00,435.00,382.00
434.00,330.00,486.00,330.00,486.00,382.00,434.00,382.00
434.00,332.00,486.00,332.00,486.00,382.00,434.00,382.00
432.00,330.00,484.00,330.00,484.00,381.00,432.00,381.00
432.00,332.00,481.00,332.00,481.00,377.00,432.00,377.00
432.00,332.00,479.00,332.00,479.00,377.00,432.00,377.00
427.00,330.00,479.00,330.00,479.00,380.00,427.00,380.00
426.00,331.00,475.00,331.00,475.00,375.00,426.00,375.00
426.00,322.00,475.00,322.00,475.00,368.00,426.00,368.00
422.00,326.00,470.00,326.00,470.00,372.00,422.00,372.00
418.00,325.00,467.00,325.00,467.00,371.00,418.00,371.00
417.00,328.00,467.00,328.00,467.00,375.00,417.00,375.00
420.00,318.00,470.00,318.00,470.00,364.00,420.00,364.00
418.00,326.00,467.00,326.00,467.00,373.00,418.00,373.00
416.00,322.00,466.00,322.00,466.00,376.00,416.00,376.00
412.00,320.00,466.00,320.00,466.00,377.00,412.00,377.00
410.00,320.00,463.00,320.00,463.00,376.00,410.00,376.00
411.00,320.00,464.00,320.00,464.00,376.00,411.00,376.00
410.00,318.00,463.00,318.00,463.00,374.00,410.00,374.00
410.00,316.00,463.00,316.00,463.00,373.00,410.00,373.00
412.00,315.00,465.00,315.00,465.00,371.00,412.00,371.00
416.00,316.00,469.00,316.00,469.00,367.00,416.00,367.00
418.00,315.00,472.00,315.00,472.00,365.00,418.00,365.00
418.00,315.00,473.00,315.00,473.00,366.00,418.00,366.00
421.00,313.00,477.00,313.00,477.00,366.00,421.00,366.00
426.00,310.00,481.00,310.00,481.00,366.00,426.00,366.00
429.00,310.00,485.00,310.00,485.00,364.00,429.00,364.00
432.00,308.00,488.00,308.00,488.00,364.00,432.00,364.00
435.00,307.00,490.00,307.00,490.00,364.00,435.00,364.00
435.00,307.00,490.00,307.00,490.00,364.00,435.00,364.00
438.00,306.00,494.00,306.00,494.00,364.00,438.00,364.00
440.00,306.00,497.00,306.00,497.00,363.00,440.00,363.00
444.00,315.00,500.00,315.00,500.00,366.00,444.00,366.00
444.00,293.00,501.00,293.00,501.00,345.00,444.00,345.00
444.00,297.00,501.00,297.00,501.00,349.00,444.00,349.00
445.00,296.00,502.00,296.00,502.00,348.00,445.00,348.00
457.00,285.00,515.00,285.00,515.00,338.00,457.00,338.00
457.00,299.00,508.00,299.00,508.00,351.00,457.00,351.00
457.00,295.00,511.00,295.00,511.00,354.00,457.00,354.00
459.00,292.00,514.00,292.00,514.00,351.00,459.00,351.00
462.00,288.00,517.00,288.00,517.00,349.00,462.00,349.00
462.00,289.00,517.00,289.00,517.00,349.00,462.00,349.00
465.00,286.00,518.00,286.00,518.00,345.00,465.00,345.00
467.00,281.00,521.00,281.00,521.00,343.00,467.00,343.00
467.00,277.00,522.00,277.00,522.00,340.00,467.00,340.00
468.00,273.00,524.00,273.00,524.00,334.00,468.00,334.00
469.00,268.00,525.00,268.00,525.00,330.00,469.00,330.00
468.00,268.00,525.00,268.00,525.00,330.00,468.00,330.00
468.00,263.00,525.00,263.00,525.00,326.00,468.00,326.00
466.00,258.00,524.00,258.00,524.00,320.00,466.00,320.00
461.00,254.00,520.00,254.00,520.00,315.00,461.00,315.00
460.00,247.00,519.00,247.00,519.00,311.00,460.00,311.00
459.00,244.00,517.00,244.00,517.00,305.00,459.00,305.00
458.00,244.00,517.00,244.00,517.00,305.00,458.00,305.00
458.00,240.00,517.00,240.00,517.00,301.00,458.00,301.00
458.00,235.00,517.00,235.00,517.00,297.00,458.00,297.00
459.00,228.00,520.00,228.00,520.00,296.00,459.00,296.00
460.00,227.00,520.00,227.00,520.00,290.00,460.00,290.00
462.00,224.00,521.00,224.00,521.00,287.00,462.00,287.00
462.00,224.00,520.00,224.00,520.00,285.00,462.00,285.00
459.00,219.00,519.00,219.00,519.00,283.00,459.00,283.00
456.00,215.00,515.00,215.00,515.00,281.00,456.00,281.00
452.00,213.00,514.00,213.00,514.00,277.00,452.00,277.00
449.00,209.00,513.00,209.00,513.00,275.00,449.00,275.00
446.00,205.00,510.00,205.00,510.00,274.00,446.00,274.00
447.00,205.00,510.00,205.00,510.00,273.00,447.00,273.00
447.00,204.00,509.00,204.00,509.00,273.00,447.00,273.00
449.00,204.00,510.00,204.00,510.00,272.00,449.00,272.00
450.00,203.00,511.00,203.00,511.00,271.00,450.00,271.00
455.00,202.00,515.00,202.00,515.00,271.00,455.00,271.00
461.00,203.00,523.00,203.00,523.00,272.00,461.00,272.00
461.00,204.00,523.00,204.00,523.00,271.00,461.00,271.00
473.00,204.00,537.00,204.00,537.00,271.00,473.00,271.00
485.00,207.00,550.00,207.00,550.00,273.00,485.00,273.00
499.00,209.00,562.00,209.00,562.00,277.00,499.00,277.00
515.00,214.00,581.00,214.00,581.00,280.00,515.00,280.00
529.00,218.00,594.00,218.00,594.00,285.00,529.00,285.00
529.00,217.00,595.00,217.00,595.00,286.00,529.00,286.00
542.00,222.00,608.00,222.00,608.00,291.00,542.00,291.00
551.00,227.00,615.00,227.00,615.00,298.00,551.00,298.00
557.00,233.00,619.00,233.00,619.00,304.00,557.00,304.00
558.00,237.00,620.00,237.00,620.00,313.00,558.00,313.00
563.00,246.00,623.00,246.00,623.00,317.00,563.00,317.00
563.00,246.00,624.00,246.00,624.00,316.00,563.00,316.00
568.00,254.00,629.00,254.00,629.00,322.00,568.00,322.00
575.00,260.00,639.00,260.00,639.00,332.00,575.00,332.00
586.00,265.00,648.00,265.00,648.00,337.00,586.00,337.00
590.00,270.00,657.00,270.00,657.00,344.00,590.00,344.00
598.00,278.00,661.00,278.00,661.00,349.00,598.00,349.00
598.00,278.00,662.00,278.00,662.00,348.00,598.00,348.00
602.00,282.00,665.00,282.00,665.00,354.00,602.00,354.00
609.00,288.00,671.00,288.00,671.00,359.00,609.00,359.00
612.00,291.00,676.00,291.00,676.00,364.00,612.00,364.00
617.00,294.00,679.00,294.00,679.00,365.00,617.00,365.00
624.00,295.00,680.00,295.00,680.00,362.00,624.00,362.00
624.00,294.00,678.00,294.00,678.00,363.00,624.00,363.00
607.00,283.00,679.00,283.00,679.00,349.00,607.00,349.00
650.00,277.00,722.00,277.00,722.00,343.00,650.00,343.00
625.00,303.00,684.00,303.00,684.00,369.00,625.00,369.00
629.00,303.00,688.00,303.00,688.00,374.00,629.00,374.00
628.00,306.00,688.00,306.00,688.00,374.00,628.00,374.00
628.00,307.00,687.00,307.00,687.00,374.00,628.00,374.00
628.00,308.00,688.00,308.00,688.00,376.00,628.00,376.00
630.00,308.00,689.00,308.00,689.00,377.00,630.00,377.00
629.00,309.00,691.00,309.00,691.00,376.00,629.00,376.00
630.00,309.00,691.00,309.00,691.00,375.00,630.00,375.00
631.00,310.00,692.00,310.00,692.00,374.00,631.00,374.00
631.00,310.00,692.00,310.00,692.00,375.00,631.00,375.00
636.00,309.00,696.00,309.00,696.00,376.00,636.00,376.00
636.00,309.00,695.00,309.00,695.00,373.00,636.00,373.00
636.00,309.00,694.00,309.00,694.00,373.00,636.00,373.00
635.00,309.00,691.00,309.00,691.00,372.00,635.00,372.00
633.00,307.00,688.00,307.00,688.00,370.00,633.00,370.00
633.00,306.00,688.00,306.00,688.00,370.00,633.00,370.00
626.00,307.00,682.00,307.00,682.00,363.00,626.00,363.00
624.00,305.00,683.00,305.00,683.00,363.00,624.00,363.00
623.00,306.00,680.00,306.00,680.00,370.00,623.00,370.00
623.00,308.00,680.00,308.00,680.00,370.00,623.00,370.00
620.00,308.00,676.00,308.00,676.00,367.00,620.00,367.00
620.00,308.00,676.00,308.00,676.00,368.00,620.00,368.00
607.00,296.00,678.00,296.00,678.00,359.00,607.00,359.00
608.00,293.00,679.00,293.00,679.00,356.00,608.00,356.00
614.00,304.00,673.00,304.00,673.00,366.00,614.00,366.00
610.00,306.00,670.00,306.00,670.00,370.00,610.00,370.00
611.00,307.00,672.00,307.00,672.00,371.00,611.00,371.00
610.00,307.00,670.00,307.00,670.00,371.00,610.00,371.00
609.00,308.00,668.00,308.00,668.00,372.00,609.00,372.00
611.00,308.00,671.00,308.00,671.00,372.00,611.00,372.00
607.00,308.00,668.00,308.00,668.00,376.00,607.00,376.00
606.00,309.00,666.00,309.00,666.00,374.00,606.00,374.00
602.00,309.00,662.00,309.00,662.00,379.00,602.00,379.00
603.00,309.00,662.00,309.00,662.00,376.00,603.00,376.00
600.00,307.00,658.00,307.00,658.00,377.00,600.00,377.00
593.00,307.00,654.00,307.00,654.00,376.00,593.00,376.00
590.00,307.00,650.00,307.00,650.00,375.00,590.00,375.00
583.00,308.00,643.00,308.00,643.00,377.00,583.00,377.00
579.00,307.00,639.00,307.00,639.00,377.00,579.00,377.00
579.00,307.00,639.00,307.00,639.00,377.00,579.00,377.00
576.00,308.00,635.00,308.00,635.00,375.00,576.00,375.00
572.00,308.00,630.00,308.00,630.00,374.00,572.00,374.00
568.00,308.00,627.00,308.00,627.00,375.00,568.00,375.00
565.00,307.00,624.00,307.00,624.00,376.00,565.00,376.00
563.00,307.00,620.00,307.00,620.00,375.00,563.00,375.00
563.00,306.00,620.00,306.00,620.00,375.00,563.00,375.00
559.00,306.00,617.00,306.00,617.00,375.00,559.00,375.00
558.00,306.00,617.00,306.00,617.00,375.00,558.00,375.00
555.00,306.00,615.00,306.00,615.00,374.00,555.00,374.00
553.00,307.00,612.00,307.00,612.00,374.00,553.00,374.00
549.00,309.00,609.00,309.00,609.00,371.00,549.00,371.00
550.00,309.00,610.00,309.00,610.00,373.00,550.00,373.00
545.00,308.00,607.00,308.00,607.00,370.00,545.00,370.00
541.00,307.00,602.00,307.00,602.00,370.00,541.00,370.00
536.00,303.00,597.00,303.00,597.00,371.00,536.00,371.00
532.00,303.00,594.00,303.00,594.00,371.00,532.00,371.00
530.00,302.00,590.00,302.00,590.00,369.00,530.00,369.00
530.00,302.00,590.00,302.00,590.00,369.00,530.00,369.00
527.00,301.00,586.00,301.00,586.00,368.00,527.00,368.00
523.00,300.00,581.00,300.00,581.00,368.00,523.00,368.00
520.00,299.00,578.00,299.00,578.00,365.00,520.00,365.00
515.00,297.00,573.00,297.00,573.00,364.00,515.00,364.00
510.00,295.00,569.00,295.00,569.00,362.00,510.00,362.00
510.00,294.00,570.00,294.00,570.00,361.00,510.00,361.00
505.00,292.00,563.00,292.00,563.00,360.00,505.00,360.00
498.00,291.00,557.00,291.00,557.00,356.00,498.00,356.00
491.00,287.00,551.00,287.00,551.00,353.00,491.00,353.00
484.00,284.00,544.00,284.00,544.00,349.00,484.00,349.00
477.00,279.00,537.00,279.00,537.00,345.00,477.00,345.00
477.00,279.00,537.00,279.00,537.00,345.00,477.00,345.00
470.00,275.00,529.00,275.00,529.00,342.00,470.00,342.00
462.00,272.00,522.00,272.00,522.00,338.00,462.00,338.00
455.00,268.00,514.00,268.00,514.00,334.00,455.00,334.00
448.00,264.00,507.00,264.00,507.00,331.00,448.00,331.00
441.00,261.00,499.00,261.00,499.00,327.00,441.00,327.00
441.00,261.00,499.00,261.00,499.00,327.00,441.00,327.00
433.00,257.00,491.00,257.00,491.00,323.00,433.00,323.00
424.00,253.00,483.00,253.00,483.00,318.00,424.00,318.00
415.00,249.00,475.00,249.00,475.00,315.00,415.00,315.00
406.00,244.00,466.00,244.00,466.00,311.00,406.00,311.00
397.00,242.00,458.00,242.00,458.00,308.00,397.00,308.00
397.00,242.00,458.00,242.00,458.00,308.00,397.00,308.00
389.00,240.00,449.00,240.00,449.00,306.00,389.00,306.00
378.00,240.00,440.00,240.00,440.00,304.00,378.00,304.00
371.00,238.00,432.00,238.00,432.00,305.00,371.00,305.00
366.00,239.00,426.00,239.00,426.00,305.00,366.00,305.00
359.00,239.00,419.00,239.00,419.00,306.00,359.00,306.00
353.00,239.00,412.00,239.00,412.00,305.00,353.00,305.00
353.00,239.00,411.00,239.00,411.00,306.00,353.00,306.00
347.00,239.00,404.00,239.00,404.00,307.00,347.00,307.00
342.00,242.00,399.00,242.00,399.00,309.00,342.00,309.00
338.00,245.00,395.00,245.00,395.00,309.00,338.00,309.00
336.00,250.00,391.00,250.00,391.00,316.00,336.00,316.00
334.00,254.00,388.00,254.00,388.00,321.00,334.00,321.00
334.00,254.00,388.00,254.00,388.00,320.00,334.00,320.00
333.00,260.00,386.00,260.00,386.00,329.00,333.00,329.00
334.00,268.00,387.00,268.00,387.00,334.00,334.00,334.00
334.00,276.00,387.00,276.00,387.00,342.00,334.00,342.00
335.00,281.00,388.00,281.00,388.00,348.00,335.00,348.00
336.00,289.00,388.00,289.00,388.00,355.00,336.00,355.00
336.00,289.00,388.00,289.00,388.00,357.00,336.00,357.00
336.00,296.00,389.00,296.00,389.00,363.00,336.00,363.00
337.00,302.00,390.00,302.00,390.00,368.00,337.00,368.00
339.00,309.00,391.00,309.00,391.00,373.00,339.00,373.00
343.00,313.00,394.00,313.00,394.00,381.00,343.00,381.00
343.00,319.00,396.00,319.00,396.00,386.00,343.00,386.00
343.00,319.00,397.00,319.00,397.00,384.00,343.00,384.00
346.00,323.00,398.00,323.00,398.00,390.00,346.00,390.00
351.00,328.00,402.00,328.00,402.00,390.00,351.00,390.00
351.00,330.00,405.00,330.00,405.00,395.00,351.00,395.00
353.00,332.00,407.00,332.00,407.00,398.00,353.00,398.00
354.00,333.00,407.00,333.00,407.00,400.00,354.00,400.00
355.00,333.00,408.00,333.00,408.00,399.00,355.00,399.00
360.00,333.00,410.00,333.00,410.00,399.00,360.00,399.00
359.00,334.00,412.00,334.00,412.00,399.00,359.00,399.00
361.00,334.00,414.00,334.00,414.00,400.00,361.00,400.00
362.00,333.00,414.00,333.00,414.00,398.00,362.00,398.00
366.00,333.00,416.00,333.00,416.00,397.00,366.00,397.00
366.00,332.00,416.00,332.00,416.00,397.00,366.00,397.00
365.00,332.00,417.00,332.00,417.00,397.00,365.00,397.00
364.00,331.00,417.00,331.00,417.00,397.00,364.00,397.00
367.00,329.00,419.00,329.00,419.00,396.00,367.00,396.00
367.00,328.00,421.00,328.00,421.00,392.00,367.00,392.00
367.00,327.00,422.00,327.00,422.00,391.00,367.00,391.00
368.00,328.00,421.00,328.00,421.00,390.00,368.00,390.00
368.00,327.00,420.00,327.00,420.00,389.00,368.00,389.00
372.00,324.00,422.00,324.00,422.00,389.00,372.00,389.00
371.00,325.00,424.00,325.00,424.00,385.00,371.00,385.00
371.00,324.00,424.00,324.00,424.00,383.00,371.00,383.00
372.00,320.00,422.00,320.00,422.00,382.00,372.00,382.00
372.00,320.00,423.00,320.00,423.00,380.00,372.00,380.00
372.00,317.00,423.00,317.00,423.00,381.00,372.00,381.00
370.00,317.00,421.00,317.00,421.00,378.00,370.00,378.00
368.00,316.00,419.00,316.00,419.00,377.00,368.00,377.00
369.00,312.00,418.00,312.00,418.00,374.00,369.00,374.00
366.00,313.00,417.00,313.00,417.00,371.00,366.00,371.00
366.00,313.00,417.00,313.00,417.00,371.00,366.00,371.00
366.00,312.00,416.00,312.00,416.00,369.00,366.00,369.00
362.00,311.00,411.00,311.00,411.00,367.00,362.00,367.00
362.00,307.00,410.00,307.00,410.00,365.00,362.00,365.00
357.00,306.00,406.00,306.00,406.00,363.00,357.00,363.00
354.00,305.00,405.00,305.00,405.00,360.00,354.00,360.00
353.00,305.00,403.00,305.00,403.00,361.00,353.00,361.00
349.00,302.00,399.00,302.00,399.00,360.00,349.00,360.00
348.00,301.00,396.00,301.00,396.00,357.00,348.00,357.00
344.00,300.00,393.00,300.00,393.00,354.00,344.00,354.00
340.00,298.00,388.00,298.00,388.00,353.00,340.00,353.00
338.00,297.00,386.00,297.00,386.00,352.00,338.00,352.00
338.00,297.00,386.00,297.00,386.00,352.00,338.00,352.00
335.00,297.00,385.00,297.00,385.00,351.00,335.00,351.00
335.00,297.00,385.00,297.00,385.00,351.00,335.00,351.00
335.00,298.00,383.00,298.00,383.00,352.00,335.00,352.00
334.00,296.00,383.00,296.00,383.00,353.00,334.00,353.00
331.00,299.00,380.00,299.00,380.00,350.00,331.00,350.00
331.00,299.00,379.00,299.00,379.00,352.00,331.00,352.00
329.00,298.00,378.00,298.00,378.00,351.00,329.00,351.00
328.00,298.00,377.00,298.00,377.00,352.00,328.00,352.00
326.00,297.00,376.00,297.00,376.00,351.00,326.00,351.00
325.00,298.00,375.00,298.00,375.00,351.00,325.00,351.00
323.00,299.00,375.00,299.00,375.00,355.00,323.00,355.00
323.00,299.00,375.00,299.00,375.00,353.00,323.00,353.00
323.00,298.00,374.00,298.00,374.00,354.00,323.00,354.00
321.00,299.00,373.00,299.00,373.00,354.00,321.00,354.00
321.00,300.00,373.00,300.00,373.00,356.00,321.00,356.00
320.00,300.00,370.00,300.00,370.00,356.00,320.00,356.00
319.00,299.00,371.00,299.00,371.00,357.00,319.00,357.00
319.00,299.00,371.00,299.00,371.00,358.00,319.00,358.00
317.00,300.00,369.00,300.00,369.00,355.00,317.00,355.00
317.00,300.00,368.00,300.00,368.00,357.00,317.00,357.00
317.00,300.00,368.00,300.00,368.00,357.00,317.00,357.00
316.00,301.00,368.00,301.00,368.00,357.00,316.00,357.00
318.00,300.00,368.00,300.00,368.00,357.00,318.00,357.00
318.00,301.00,368.00,301.00,368.00,357.00,318.00,357.00
318.00,300.00,369.00,300.00,369.00,353.00,318.00,353.00
319.00,300.00,368.00,300.00,368.00,356.00,319.00,356.00
319.00,301.00,368.00,301.00,368.00,354.00,319.00,354.00
320.00,301.00,368.00,301.00,368.00,354.00,320.00,354.00
321.00,301.00,369.00,301.00,369.00,355.00,321.00,355.00
320.00,301.00,369.00,301.00,369.00,356.00,320.00,356.00
323.00,302.00,369.00,302.00,369.00,355.00,323.00,355.00
323.00,302.00,370.00,302.00,370.00,354.00,323.00,354.00
324.00,300.00,370.00,300.00,370.00,355.00,324.00,355.00
325.00,300.00,371.00,300.00,371.00,354.00,325.00,354.00
326.00,300.00,373.00,300.00,373.00,353.00,326.00,353.00
327.00,300.00,373.00,300.00,373.00,352.00,327.00,352.00
326.00,299.00,373.00,299.00,373.00,350.00,326.00,350.00
324.00,295.00,371.00,295.00,371.00,350.00,324.00,350.00
323.00,294.00,371.00,294.00,371.00,346.00,323.00,346.00
324.00,291.00,372.00,291.00,372.00,343.00,324.00,343.00
324.00,288.00,372.00,288.00,372.00,341.00,324.00,341.00
323.00,288.00,373.00,288.00,373.00,340.00,323.00,340.00
322.00,283.00,370.00,283.00,370.00,338.00,322.00,338.00
319.00,279.00,368.00,279.00,368.00,333.00,319.00,333.00
316.00,274.00,365.00,274.00,365.00,327.00,316.00,327.00
314.00,269.00,363.00,269.00,363.00,324.00,314.00,324.00
310.00,265.00,358.00,265.00,358.00,319.00,310.00,319.00
310.00,265.00,357.00,265.00,357.00,319.00,310.00,319.00
306.00,260.00,354.00,260.00,354.00,313.00,306.00,313.00
302.00,255.00,351.00,255.00,351.00,309.00,302.00,309.00
297.00,251.00,346.00,251.00,346.00,305.00,297.00,305.00
294.00,247.00,340.00,247.00,340.00,301.00,294.00,301.00
291.00,242.00,337.00,242.00,337.00,298.00,291.00,298.00
291.00,243.00,337.00,243.00,337.00,299.00,291.00,299.00
287.00,239.00,335.00,239.00,335.00,294.00,287.00,294.00
283.00,236.00,331.00,236.00,331.00,292.00,283.00,292.00
279.00,234.00,325.00,234.00,325.00,290.00,279.00,290.00
275.00,230.00,322.00,230.00,322.00,286.00,275.00,286.00
270.00,229.00,318.00,229.00,318.00,285.00,270.00,285.00
270.00,229.00,318.00,229.00,318.00,285.00,270.00,285.00
265.00,226.00,313.00,226.00,313.00,281.00,265.00,281.00
260.00,225.00,308.00,225.00,308.00,280.00,260.00,280.00
255.00,223.00,303.00,223.00,303.00,278.00,255.00,278.00
249.00,221.00,297.00,221.00,297.00,275.00,249.00,275.00
244.00,221.00,292.00,221.00,292.00,275.00,244.00,275.00
244.00,221.00,293.00,221.00,293.00,275.00,244.00,275.00
239.00,219.00,287.00,219.00,287.00,275.00,239.00,275.00
237.00,221.00,285.00,221.00,285.00,275.00,237.00,275.00
233.00,223.00,280.00,223.00,280.00,276.00,233.00,276.00
228.00,225.00,276.00,225.00,276.00,279.00,228.00,279.00
225.00,227.00,274.00,227.00,274.00,282.00,225.00,282.00
226.00,227.00,275.00,227.00,275.00,281.00,226.00,281.00
222.00,231.00,272.00,231.00,272.00,286.00,222.00,286.00
224.00,236.00,275.00,236.00,275.00,290.00,224.00,290.00
222.00,241.00,274.00,241.00,274.00,296.00,222.00,296.00
223.00,245.00,275.00,245.00,275.00,299.00,223.00,299.00
225.00,251.00,275.00,251.00,275.00,305.00,225.00,305.00
223.00,251.00,274.00,251.00,274.00,305.00,223.00,305.00
225.00,259.00,278.00,259.00,278.00,313.00,225.00,313.00
230.00,264.00,283.00,264.00,283.00,319.00,230.00,319.00
234.00,271.00,286.00,271.00,286.00,326.00,234.00,326.00
238.00,280.00,290.00,280.00,290.00,334.00,238.00,334.00
245.00,287.00,297.00,287.00,297.00,341.00,245.00,341.00
245.00,287.00,297.00,287.00,297.00,341.00,245.00,341.00
250.00,293.00,303.00,293.00,303.00,346.00,250.00,346.00
255.00,300.00,307.00,300.00,307.00,352.00,255.00,352.00
257.00,304.00,308.00,304.00,308.00,356.00,257.00,356.00
261.00,307.00,312.00,307.00,312.00,357.00,261.00,357.00
261.00,311.00,313.00,311.00,313.00,361.00,261.00,361.00
260.00,311.00,312.00,311.00,312.00,360.00,260.00,360.00
261.00,312.00,312.00,312.00,312.00,361.00,261.00,361.00
258.00,313.00,308.00,313.00,308.00,362.00,258.00,362.00
254.00,311.00,305.00,311.00,305.00,359.00,254.00,359.00
246.00,310.00,298.00,310.00,298.00,357.00,246.00,357.00
243.00,309.00,293.00,309.00,293.00,356.00,243.00,356.00
243.00,309.00,293.00,309.00,293.00,356.00,243.00,356.00
236.00,306.00,289.00,306.00,289.00,352.00,236.00,352.00
231.00,305.00,282.00,305.00,282.00,351.00,231.00,351.00
222.00,302.00,275.00,302.00,275.00,349.00,222.00,349.00
216.00,301.00,266.00,301.00,266.00,347.00,216.00,347.00
208.00,300.00,258.00,300.00,258.00,343.00,208.00,343.00
208.00,300.00,259.00,300.00,259.00,343.00,208.00,343.00
203.00,297.00,256.00,297.00,256.00,343.00,203.00,343.00
197.00,295.00,250.00,295.00,250.00,342.00,197.00,342.00
190.00,294.00,242.00,294.00,242.00,340.00,190.00,340.00
180.00,292.00,232.00,292.00,232.00,337.00,180.00,337.00
174.00,290.00,226.00,290.00,226.00,336.00,174.00,336.00
174.00,291.00,227.00,291.00,227.00,337.00,174.00,337.00
168.00,289.00,220.00,289.00,220.00,335.00,168.00,335.00
158.00,288.00,210.00,288.00,210.00,331.00,158.00,331.00
154.00,287.00,205.00,287.00,205.00,331.00,154.00,331.00
146.00,285.00,199.00,285.00,199.00,329.00,146.00,329.00
141.00,285.00,193.00,285.00,193.00,329.00,141.00,329.00
139.00,285.00,192.00,285.00,192.00,328.00,139.00,328.00
132.00,284.00,184.00,284.00,184.00,327.00,132.00,327.00
124.00,284.00,177.00,284.00,177.00,326.00,124.00,326.00
120.00,285.00,172.00,285.00,172.00,327.00,120.00,327.00
118.00,285.00,170.00,285.00,170.00,327.00,118.00,327.00
118.00,288.00,171.00,288.00,171.00,330.00,118.00,330.00
118.00,288.00,170.00,288.00,170.00,330.00,118.00,330.00
122.00,292.00,175.00,292.00,175.00,334.00,122.00,334.00
134.00,298.00,187.00,298.00,187.00,342.00,134.00,342.00
144.00,304.00,199.00,304.00,199.00,347.00,144.00,347.00
163.00,312.00,218.00,312.00,218.00,354.00,163.00,354.00
180.00,321.00,236.00,321.00,236.00,365.00,180.00,365.00
180.00,321.00,235.00,321.00,235.00,365.00,180.00,365.00
193.00,329.00,248.00,329.00,248.00,372.00,193.00,372.00
204.00,335.00,257.00,335.00,257.00,377.00,204.00,377.00
217.00,339.00,269.00,339.00,269.00,382.00,217.00,382.00
224.00,344.00,276.00,344.00,276.00,388.00,224.00,388.00
227.00,348.00,278.00,348.00,278.00,391.00,227.00,391.00
227.00,348.00,278.00,348.00,278.00,391.00,227.00,391.00
230.00,351.00,282.00,351.00,282.00,394.00,230.00,394.00
235.00,353.00,285.00,353.00,285.00,397.00,235.00,397.00
240.00,354.00,291.00,354.00,291.00,398.00,240.00,398.00
245.00,357.00,295.00,357.00,295.00,402.00,245.00,402.00
250.00,359.00,302.00,359.00,302.00,403.00,250.00,403.00
258.00,362.00,309.00,362.00,309.00,406.00,258.00,406.00
258.00,362.00,308.00,362.00,308.00,407.00,258.00,407.00
268.00,365.00,321.00,365.00,321.00,410.00,268.00,410.00
279.00,368.00,331.00,368.00,331.00,413.00,279.00,413.00
290.00,370.00,342.00,370.00,342.00,417.00,290.00,417.00
299.00,374.00,352.00,374.00,352.00,422.00,299.00,422.00
307.00,378.00,359.00,378.00,359.00,424.00,307.00,424.00
308.00,379.00,360.00,379.00,360.00,425.00,308.00,425.00
316.00,381.00,369.00,381.00,369.00,427.00,316.00,427.00
325.00,383.00,378.00,383.00,378.00,430.00,325.00,430.00
330.00,385.00,384.00,385.00,384.00,432.00,330.00,432.00
334.00,389.00,385.00,389.00,385.00,433.00,334.00,433.00
343.00,392.00,394.00,392.00,394.00,434.00,343.00,434.00
343.00,392.00,395.00,392.00,395.00,434.00,343.00,434.00
350.00,394.00,402.00,394.00,402.00,436.00,350.00,436.00
360.00,397.00,410.00,397.00,410.00,438.00,360.00,438.00
368.00,398.00,417.00,398.00,417.00,441.00,368.00,441.00
378.00,400.00,429.00,400.00,429.00,443.00,378.00,443.00
381.00,403.00,436.00,403.00,436.00,446.00,381.00,446.00
382.00,403.00,434.00,403.00,434.00,445.00,382.00,445.00
393.00,406.00,443.00,406.00,443.00,446.00,393.00,446.00
402.00,408.00,452.00,408.00,452.00,448.00,402.00,448.00
412.00,410.00,463.00,410.00,463.00,452.00,412.00,452.00
419.00,413.00,472.00,413.00,472.00,455.00,419.00,455.00
430.00,415.00,484.00,415.00,484.00,456.00,430.00,456.00
430.00,415.00,483.00,415.00,483.00,455.00,430.00,455.00
441.00,416.00,497.00,416.00,497.00,457.00,441.00,457.00
451.00,417.00,505.00,417.00,505.00,458.00,451.00,458.00
460.00,419.00,513.00,419.00,513.00,460.00,460.00,460.00
466.00,420.00,519.00,420.00,519.00,461.00,466.00,461.00
472.00,419.00,525.00,419.00,525.00,463.00,472.00,463.00
472.00,419.00,525.00,419.00,525.00,462.00,472.00,462.00
478.00,419.00,526.00,419.00,526.00,463.00,478.00,463.00
490.00,419.00,539.00,419.00,539.00,462.00,490.00,462.00
496.00,419.00,549.00,419.00,549.00,463.00,496.00,463.00
508.00,413.00,564.00,413.00,564.00,464.00,508.00,464.00
522.00,412.00,579.00,412.00,579.00,465.00,522.00,465.00
521.00,413.00,579.00,413.00,579.00,467.00,521.00,467.00
534.00,411.00,593.00,411.00,593.00,466.00,534.00,466.00
545.00,410.00,605.00,410.00,605.00,466.00,545.00,466.00
559.00,410.00,618.00,410.00,618.00,465.00,559.00,465.00
572.00,408.00,632.00,408.00,632.00,463.00,572.00,463.00
584.00,407.00,642.00,407.00,642.00,461.00,584.00,461.00
584.00,406.00,642.00,406.00,642.00,461.00,584.00,461.00
595.00,406.00,654.00,406.00,654.00,460.00,595.00,460.00
605.00,405.00,661.00,405.00,661.00,459.00,605.00,459.00
613.00,405.00,665.00,405.00,665.00,457.00,613.00,457.00
616.00,401.00,669.00,401.00,669.00,456.00,616.00,456.00
615.00,399.00,668.00,399.00,668.00,453.00,615.00,453.00
614.00,399.00,668.00,399.00,668.00,453.00,614.00,453.00
616.00,398.00,667.00,398.00,667.00,451.00,616.00,451.00
615.00,396.00,667.00,396.00,667.00,451.00,615.00,451.00
613.00,393.00,665.00,393.00,665.00,449.00,613.00,449.00
610.00,391.00,662.00,391.00,662.00,447.00,610.00,447.00
608.00,389.00,660.00,389.00,660.00,446.00,608.00,446.00
609.00,390.00,661.00,390.00,661.00,447.00,609.00,447.00
605.00,388.00,657.00,388.00,657.00,445.00,605.00,445.00
600.00,387.00,653.00,387.00,653.00,445.00,600.00,445.00
595.00,385.00,648.00,385.00,648.00,442.00,595.00,442.00
591.00,384.00,643.00,384.00,643.00,441.00,591.00,441.00
586.00,383.00,637.00,383.00,637.00,441.00,586.00,441.00
586.00,383.00,637.00,383.00,637.00,440.00,586.00,440.00
582.00,383.00,634.00,383.00,634.00,436.00,582.00,436.00
576.00,382.00,630.00,382.00,630.00,437.00,576.00,437.00
570.00,379.00,624.00,379.00,624.00,435.00,570.00,435.00
566.00,379.00,619.00,379.00,619.00,435.00,566.00,435.00
561.00,377.00,614.00,377.00,614.00,434.00,561.00,434.00
562.00,377.00,614.00,377.00,614.00,434.00,562.00,434.00
559.00,377.00,610.00,377.00,610.00,433.00,559.00,433.00
556.00,377.00,608.00,377.00,608.00,433.00,556.00,433.00
552.00,376.00,605.00,376.00,605.00,433.00,552.00,433.00
550.00,376.00,602.00,376.00,602.00,432.00,550.00,432.00
546.00,376.00,598.00,376.00,598.00,431.00,546.00,431.00
547.00,376.00,598.00,376.00,598.00,431.00,547.00,431.00
543.00,375.00,595.00,375.00,595.00,429.00,543.00,429.00
540.00,374.00,591.00,374.00,591.00,429.00,540.00,429.00
538.00,374.00,589.00,374.00,589.00,429.00,538.00,429.00
535.00,373.00,587.00,373.00,587.00,428.00,535.00,428.00
532.00,373.00,585.00,373.00,585.00,429.00,532.00,429.00
532.00,373.00,586.00,373.00,586.00,429.00,532.00,429.00
531.00,373.00,584.00,373.00,584.00,427.00,531.00,427.00
530.00,374.00,588.00,374.00,588.00,426.00,530.00,426.00
528.00,373.00,580.00,373.00,580.00,425.00,528.00,425.00
528.00,372.00,581.00,372.00,581.00,427.00,528.00,427.00
523.00,372.00,576.00,372.00,576.00,428.00,523.00,428.00
524.00,372.00,577.00,372.00,577.00,428.00,524.00,428.00
522.00,372.00,574.00,372.00,574.00,428.00,522.00,428.00
523.00,372.00,576.00,372.00,576.00,429.00,523.00,429.00
523.00,372.00,576.00,372.00,576.00,429.00,523.00,429.00
523.00,373.00,578.00,373.00,578.00,430.00,523.00,430.00
525.00,373.00,580.00,373.00,580.00,431.00,525.00,431.00
524.00,372.00,579.00,372.00,579.00,430.00,524.00,430.00
528.00,374.00,582.00,374.00,582.00,431.00,528.00,431.00
529.00,373.00,582.00,373.00,582.00,429.00,529.00,429.00
530.00,374.00,584.00,374.00,584.00,429.00,530.00,429.00
534.00,374.00,590.00,374.00,590.00,429.00,534.00,429.00
538.00,374.00,593.00,374.00,593.00,429.00,538.00,429.00
538.00,374.00,593.00,374.00,593.00,429.00,538.00,429.00
541.00,374.00,597.00,374.00,597.00,429.00,541.00,429.00
547.00,374.00,603.00,374.00,603.00,430.00,547.00,430.00
551.00,375.00,608.00,375.00,608.00,430.00,551.00,430.00
559.00,375.00,616.00,375.00,616.00,430.00,559.00,430.00
563.00,373.00,622.00,373.00,622.00,430.00,563.00,430.00
563.00,374.00,621.00,374.00,621.00,430.00,563.00,430.00
570.00,373.00,629.00,373.00,629.00,428.00,570.00,428.00
577.00,372.00,636.00,372.00,636.00,428.00,577.00,428.00
585.00,371.00,644.00,371.00,644.00,427.00,585.00,427.00
593.00,371.00,652.00,371.00,652.00,426.00,593.00,426.00
600.00,370.00,660.00,370.00,660.00,424.00,600.00,424.00
601.00,370.00,661.00,370.00,661.00,424.00,601.00,424.00
608.00,369.00,667.00,369.00,667.00,422.00,608.00,422.00
618.00,368.00,675.00,368.00,675.00,421.00,618.00,421.00
623.00,366.00,679.00,366.00,679.00,421.00,623.00,421.00
629.00,366.00,684.00,366.00,684.00,417.00,629.00,417.00
632.00,364.00,688.00,364.00,688.00,416.00,632.00,416.00
631.00,364.00,687.00,364.00,687.00,416.00,631.00,416.00
635.00,362.00,690.00,362.00,690.00,413.00,635.00,413.00
639.00,360.00,692.00,360.00,692.00,411.00,639.00,411.00
641.00,359.00,696.00,359.00,696.00,408.00,641.00,408.00
645.00,357.00,698.00,357.00,698.00,407.00,645.00,407.00
647.00,355.00,698.00,355.00,698.00,404.00,647.00,404.00
647.00,355.00,699.00,355.00,699.00,404.00,647.00,404.00
649.00,353.00,700.00,353.00,700.00,401.00,649.00,401.00
650.00,352.00,701.00,352.00,701.00,399.00,650.00,399.00
652.00,350.00,703.00,350.00,703.00,398.00,652.00,398.00
651.00,349.00,701.00,349.00,701.00,396.00,651.00,396.00
649.00,346.00,700.00,346.00,700.00,395.00,649.00,395.00
650.00,346.00,700.00,346.00,700.00,395.00,650.00,395.00
648.00,345.00,699.00,345.00,699.00,393.00,648.00,393.00
644.00,343.00,696.00,343.00,696.00,391.00,644.00,391.00
642.00,341.00,693.00,341.00,693.00,389.00,642.00,389.00
638.00,339.00,691.00,339.00,691.00,386.00,638.00,386.00
633.00,338.00,686.00,338.00,686.00,384.00,633.00,384.00
633.00,338.00,686.00,338.00,686.00,384.00,633.00,384.00
630.00,336.00,682.00,336.00,682.00,382.00,630.00,382.00
627.00,335.00,679.00,335.00,679.00,379.00,627.00,379.00
622.00,334.00,674.00,334.00,674.00,379.00,622.00,379.00
618.00,332.00,670.00,332.00,670.00,377.00,618.00,377.00
613.00,330.00,667.00,330.00,667.00,377.00,613.00,377.00
614.00,329.00,667.00,329.00,667.00,376.00,614.00,376.00
611.00,327.00,664.00,327.00,664.00,374.00,611.00,374.00
609.00,327.00,662.00,327.00,662.00,374.00,609.00,374.00
608.00,326.00,662.00,326.00,662.00,372.00,608.00,372.00
608.00,325.00,660.00,325.00,660.00,371.00,608.00,371.00
606.00,324.00,660.00,324.00,660.00,371.00,606.00,371.00
607.00,324.00,661.00,324.00,661.00,372.00,607.00,372.00
607.00,324.00,660.00,324.00,660.00,371.00,607.00,371.00
607.00,323.00,662.00,323.00,662.00,371.00,607.00,371.00
609.00,323.00,664.00,323.00,664.00,372.00,609.00,372.00
610.00,324.00,664.00,324.00,664.00,371.00,610.00,371.00
612.00,323.00,666.00,323.00,666.00,371.00,612.00,371.00
612.00,324.00,667.00,324.00,667.00,372.00,612.00,372.00
613.00,324.00,669.00,324.00,669.00,371.00,613.00,371.00
616.00,324.00,671.00,324.00,671.00,371.00,616.00,371.00
619.00,325.00,674.00,325.00,674.00,370.00,619.00,370.00
621.00,324.00,676.00,324.00,676.00,370.00,621.00,370.00
621.00,323.00,677.00,323.00,677.00,369.00,621.00,369.00
621.00,324.00,677.00,324.00,677.00,370.00,621.00,370.00
621.00,324.00,678.00,324.00,678.00,368.00,621.00,368.00
623.00,322.00,679.00,322.00,679.00,367.00,623.00,367.00
623.00,320.00,679.00,320.00,679.00,366.00,623.00,366.00
622.00,318.00,679.00,318.00,679.00,364.00,622.00,364.00
622.00,317.00,678.00,317.00,678.00,362.00,622.00,362.00
623.00,318.00,679.00,318.00,679.00,362.00,623.00,362.00
621.00,315.00,677.00,315.00,677.00,361.00,621.00,361.00
620.00,312.00,675.00,312.00,675.00,358.00,620.00,358.00
619.00,311.00,674.00,311.00,674.00,356.00,619.00,356.00
