1
187.00,343.00,241.00,343.00,241.00,464.00,187.00,464.00
197.00,342.00,247.00,342.00,247.00,474.00,197.00,474.00
200.00,341.00,255.00,341.00,255.00,468.00,200.00,468.00
217.00,351.00,264.00,351.00,264.00,477.00,217.00,477.00
224.00,353.00,275.00,353.00,275.00,476.00,224.00,476.00
234.00,354.00,287.00,354.00,287.00,477.00,234.00,477.00
243.00,353.00,299.00,353.00,299.00,480.00,243.00,480.00
257.00,353.00,309.00,353.00,309.00,485.00,257.00,485.00
268.00,348.00,323.00,348.00,323.00,493.00,268.00,493.00
280.00,349.00,338.00,349.00,338.00,490.00,280.00,490.00
292.00,352.00,353.00,352.00,353.00,480.00,292.00,480.00
305.00,354.00,370.00,354.00,370.00,479.00,305.00,479.00
319.00,358.00,387.00,358.00,387.00,481.00,319.00,481.00
334.00,361.00,403.00,361.00,403.00,481.00,334.00,481.00
352.00,363.00,421.00,363.00,421.00,482.00,352.00,482.00
370.00,359.00,437.00,359.00,437.00,484.00,370.00,484.00
383.00,362.00,458.00,362.00,458.00,493.00,383.00,493.00
399.00,370.00,472.00,370.00,472.00,510.00,399.00,510.00
407.00,395.00,472.00,395.00,472.00,519.00,407.00,519.00
441.00,411.00,497.00,411.00,497.00,524.00,441.00,524.00
456.00,421.00,508.00,421.00,508.00,542.00,456.00,542.00
458.00,403.00,516.00,403.00,516.00,526.00,458.00,526.00
458.00,365.00,525.00,365.00,525.00,499.00,458.00,499.00
467.00,366.00,540.00,366.00,540.00,486.00,467.00,486.00
496.00,391.00,569.00,391.00,569.00,525.00,496.00,525.00
511.00,405.00,585.00,405.00,585.00,551.00,511.00,551.00
519.00,376.00,591.00,376.00,591.00,532.00,519.00,532.00
533.00,371.00,600.00,371.00,600.00,533.00,533.00,533.00
531.00,397.00,594.00,397.00,594.00,539.00,531.00,539.00
519.00,424.00,585.00,424.00,585.00,553.00,519.00,553.00
521.00,414.00,582.00,414.00,582.00,539.00,521.00,539.00
517.00,384.00,592.00,384.00,592.00,510.00,517.00,510.00
499.00,362.00,576.00,362.00,576.00,481.00,499.00,481.00
552.00,319.00,622.00,319.00,622.00,455.00,552.00,455.00
601.00,359.00,670.00,359.00,670.00,493.00,601.00,493.00
628.00,385.00,704.00,385.00,704.00,529.00,628.00,529.00
630.00,366.00,701.00,366.00,701.00,511.00,630.00,511.00
614.00,398.00,677.00,398.00,677.00,555.00,614.00,555.00
598.00,396.00,664.00,396.00,664.00,547.00,598.00,547.00
2
0
0
0
0
1
621.00,105.00,798.00,105.00,798.00,485.00,621.00,485.00
626.00,87.00,798.00,87.00,798.00,478.00,626.00,478.00
597.00,117.00,796.00,117.00,796.00,469.00,597.00,469.00
536.00,180.00,728.00,180.00,728.00,527.00,536.00,527.00
509.00,187.00,716.00,187.00,716.00,546.00,509.00,546.00
491.00,183.00,690.00,183.00,690.00,534.00,491.00,534.00
505.00,138.00,703.00,138.00,703.00,488.00,505.00,488.00
554.00,129.00,755.00,129.00,755.00,484.00,554.00,484.00
574.00,139.00,799.00,139.00,799.00,481.00,574.00,481.00
624.00,192.00,811.00,192.00,811.00,528.00,624.00,528.00
607.00,159.00,774.00,159.00,774.00,519.00,607.00,519.00
598.00,159.00,765.00,159.00,765.00,525.00,598.00,525.00
569.00,65.00,776.00,65.00,776.00,432.00,569.00,432.00
599.00,59.00,804.00,59.00,804.00,430.00,599.00,430.00
614.00,78.00,824.00,78.00,824.00,445.00,614.00,445.00
621.00,111.00,829.00,111.00,829.00,480.00,621.00,480.00
581.00,132.00,791.00,132.00,791.00,504.00,581.00,504.00
540.00,139.00,761.00,139.00,761.00,465.00,540.00,465.00
568.00,125.00,769.00,125.00,769.00,470.00,568.00,470.00
619.00,151.00,787.00,151.00,787.00,489.00,619.00,489.00
632.00,162.00,791.00,162.00,791.00,493.00,632.00,493.00
664.00,116.00,842.00,116.00,842.00,495.00,664.00,495.00
718.00,122.00,915.00,122.00,915.00,501.00,718.00,501.00
741.00,181.00,937.00,181.00,937.00,538.00,741.00,538.00
730.00,263.00,932.00,263.00,932.00,619.00,730.00,619.00
709.00,286.00,907.00,286.00,907.00,635.00,709.00,635.00
773.00,412.00,970.00,412.00,970.00,759.00,773.00,759.00
730.00,391.00,927.00,391.00,927.00,738.00,730.00,738.00
716.00,401.00,898.00,401.00,898.00,744.00,716.00,744.00
706.00,422.00,891.00,422.00,891.00,759.00,706.00,759.00
710.00,425.00,903.00,425.00,903.00,765.00,710.00,765.00
713.00,427.00,884.00,427.00,884.00,740.00,713.00,740.00
704.00,434.00,881.00,434.00,881.00,748.00,704.00,748.00
710.00,427.00,880.00,427.00,880.00,734.00,710.00,734.00
721.00,437.00,884.00,437.00,884.00,739.00,721.00,739.00
717.00,446.00,884.00,446.00,884.00,750.00,717.00,750.00
731.00,448.00,888.00,448.00,888.00,740.00,731.00,740.00
723.00,452.00,881.00,452.00,881.00,744.00,723.00,744.00
726.00,447.00,881.00,447.00,881.00,735.00,726.00,735.00
729.00,449.00,882.00,449.00,882.00,737.00,729.00,737.00
728.00,438.00,880.00,438.00,880.00,727.00,728.00,727.00
725.00,443.00,881.00,443.00,881.00,729.00,725.00,729.00
721.00,436.00,878.00,436.00,878.00,721.00,721.00,721.00
722.00,432.00,880.00,432.00,880.00,717.00,722.00,717.00
725.00,426.00,880.00,426.00,880.00,710.00,725.00,710.00
724.00,437.00,879.00,437.00,879.00,715.00,724.00,715.00
718.00,439.00,875.00,439.00,875.00,717.00,718.00,717.00
730.00,428.00,882.00,428.00,882.00,703.00,730.00,703.00
722.00,433.00,875.00,433.00,875.00,708.00,722.00,708.00
724.00,440.00,877.00,440.00,877.00,715.00,724.00,715.00
725.00,431.00,876.00,431.00,876.00,705.00,725.00,705.00
713.00,432.00,871.00,432.00,871.00,714.00,713.00,714.00
720.00,428.00,877.00,428.00,877.00,711.00,720.00,711.00
721.00,431.00,877.00,431.00,877.00,712.00,721.00,712.00
728.00,442.00,880.00,442.00,880.00,714.00,728.00,714.00
736.00,439.00,881.00,439.00,881.00,705.00,736.00,705.00
738.00,445.00,882.00,445.00,882.00,712.00,738.00,712.00
747.00,446.00,888.00,446.00,888.00,709.00,747.00,709.00
741.00,443.00,884.00,443.00,884.00,705.00,741.00,705.00
737.00,443.00,881.00,443.00,881.00,707.00,737.00,707.00
741.00,441.00,883.00,441.00,883.00,701.00,741.00,701.00
742.00,440.00,883.00,440.00,883.00,696.00,742.00,696.00
742.00,436.00,883.00,436.00,883.00,691.00,742.00,691.00
745.00,432.00,888.00,432.00,888.00,693.00,745.00,693.00
731.00,435.00,881.00,435.00,881.00,698.00,731.00,698.00
735.00,429.00,885.00,429.00,885.00,700.00,735.00,700.00
731.00,435.00,882.00,435.00,882.00,706.00,731.00,706.00
736.00,426.00,881.00,426.00,881.00,695.00,736.00,695.00
731.00,417.00,880.00,417.00,880.00,690.00,731.00,690.00
728.00,421.00,875.00,421.00,875.00,694.00,728.00,694.00
732.00,416.00,874.00,416.00,874.00,688.00,732.00,688.00
732.00,407.00,873.00,407.00,873.00,679.00,732.00,679.00
