1
186.00,344.00,242.00,344.00,242.00,464.00,186.00,464.00
196.00,341.00,248.00,341.00,248.00,474.00,196.00,474.00
200.00,341.00,253.00,341.00,253.00,464.00,200.00,464.00
214.00,351.00,266.00,351.00,266.00,474.00,214.00,474.00
223.00,355.00,277.00,355.00,277.00,475.00,223.00,475.00
232.00,352.00,287.00,352.00,287.00,474.00,232.00,474.00
243.00,355.00,298.00,355.00,298.00,482.00,243.00,482.00
256.00,355.00,311.00,355.00,311.00,490.00,256.00,490.00
267.00,350.00,326.00,350.00,326.00,498.00,267.00,498.00
278.00,347.00,340.00,347.00,340.00,493.00,278.00,493.00
290.00,350.00,353.00,350.00,353.00,485.00,290.00,485.00
305.00,351.00,371.00,351.00,371.00,483.00,305.00,483.00
319.00,356.00,387.00,356.00,387.00,486.00,319.00,486.00
335.00,358.00,402.00,358.00,402.00,488.00,335.00,488.00
351.00,361.00,420.00,361.00,420.00,490.00,351.00,490.00
369.00,357.00,436.00,357.00,436.00,487.00,369.00,487.00
385.00,361.00,455.00,361.00,455.00,496.00,385.00,496.00
400.00,367.00,470.00,367.00,470.00,515.00,400.00,515.00
407.00,380.00,480.00,380.00,480.00,519.00,407.00,519.00
442.00,411.00,502.00,411.00,502.00,540.00,442.00,540.00
455.00,415.00,514.00,415.00,514.00,546.00,455.00,546.00
457.00,402.00,518.00,402.00,518.00,534.00,457.00,534.00
457.00,371.00,527.00,371.00,527.00,503.00,457.00,503.00
466.00,368.00,540.00,368.00,540.00,493.00,466.00,493.00
507.00,411.00,575.00,411.00,575.00,546.00,507.00,546.00
512.00,405.00,582.00,405.00,582.00,549.00,512.00,549.00
518.00,384.00,589.00,384.00,589.00,540.00,518.00,540.00
531.00,375.00,600.00,375.00,600.00,534.00,531.00,534.00
525.00,404.00,592.00,404.00,592.00,546.00,525.00,546.00
520.00,419.00,588.00,419.00,588.00,556.00,520.00,556.00
522.00,411.00,579.00,411.00,579.00,539.00,522.00,539.00
519.00,388.00,584.00,388.00,584.00,504.00,519.00,504.00
497.00,366.00,567.00,366.00,567.00,481.00,497.00,481.00
551.00,343.00,614.00,343.00,614.00,472.00,551.00,472.00
601.00,364.00,665.00,364.00,665.00,495.00,601.00,495.00
621.00,371.00,689.00,371.00,689.00,506.00,621.00,506.00
632.00,366.00,698.00,366.00,698.00,510.00,632.00,510.00
617.00,399.00,677.00,399.00,677.00,555.00,617.00,555.00
603.00,393.00,663.00,393.00,663.00,541.00,603.00,541.00
2
0
0
0
0
1
621.00,111.00,798.00,111.00,798.00,483.00,621.00,483.00
624.00,88.00,796.00,88.00,796.00,469.00,624.00,469.00
598.00,128.00,794.00,128.00,794.00,474.00,598.00,474.00
528.00,196.00,724.00,196.00,724.00,536.00,528.00,536.00
512.00,184.00,717.00,184.00,717.00,549.00,512.00,549.00
487.00,185.00,683.00,185.00,683.00,531.00,487.00,531.00
506.00,143.00,705.00,143.00,705.00,495.00,506.00,495.00
541.00,125.00,737.00,125.00,737.00,472.00,541.00,472.00
571.00,138.00,789.00,138.00,789.00,478.00,571.00,478.00
622.00,201.00,805.00,201.00,805.00,522.00,622.00,522.00
610.00,182.00,774.00,182.00,774.00,511.00,610.00,511.00
580.00,127.00,756.00,127.00,756.00,488.00,580.00,488.00
571.00,83.00,767.00,83.00,767.00,429.00,571.00,429.00
609.00,77.00,803.00,77.00,803.00,420.00,609.00,420.00
617.00,86.00,820.00,86.00,820.00,435.00,617.00,435.00
647.00,131.00,841.00,131.00,841.00,474.00,647.00,474.00
608.00,136.00,802.00,136.00,802.00,479.00,608.00,479.00
554.00,142.00,765.00,142.00,765.00,473.00,554.00,473.00
577.00,136.00,770.00,136.00,770.00,479.00,577.00,479.00
613.00,145.00,786.00,145.00,786.00,497.00,613.00,497.00
630.00,163.00,787.00,163.00,787.00,499.00,630.00,499.00
610.00,197.00,795.00,197.00,795.00,524.00,610.00,524.00
663.00,194.00,830.00,194.00,830.00,513.00,663.00,513.00
704.00,226.00,873.00,226.00,873.00,537.00,704.00,537.00
670.00,277.00,857.00,277.00,857.00,607.00,670.00,607.00
702.00,315.00,885.00,315.00,885.00,638.00,702.00,638.00
728.00,346.00,912.00,346.00,912.00,671.00,728.00,671.00
731.00,404.00,917.00,404.00,917.00,713.00,731.00,713.00
719.00,432.00,903.00,432.00,903.00,748.00,719.00,748.00
715.00,442.00,894.00,442.00,894.00,743.00,715.00,743.00
713.00,428.00,883.00,428.00,883.00,722.00,713.00,722.00
721.00,444.00,888.00,444.00,888.00,736.00,721.00,736.00
706.00,446.00,882.00,446.00,882.00,741.00,706.00,741.00
717.00,437.00,880.00,437.00,880.00,719.00,717.00,719.00
710.00,450.00,877.00,450.00,877.00,736.00,710.00,736.00
717.00,447.00,883.00,447.00,883.00,726.00,717.00,726.00
720.00,469.00,884.00,469.00,884.00,748.00,720.00,748.00
722.00,463.00,882.00,463.00,882.00,731.00,722.00,731.00
727.00,470.00,880.00,470.00,880.00,739.00,727.00,739.00
729.00,460.00,879.00,460.00,879.00,720.00,729.00,720.00
720.00,458.00,875.00,458.00,875.00,721.00,720.00,721.00
727.00,454.00,877.00,454.00,877.00,707.00,727.00,707.00
725.00,453.00,874.00,453.00,874.00,701.00,725.00,701.00
720.00,448.00,870.00,448.00,870.00,694.00,720.00,694.00
722.00,444.00,873.00,444.00,873.00,696.00,722.00,696.00
721.00,444.00,873.00,444.00,873.00,694.00,721.00,694.00
722.00,431.00,875.00,431.00,875.00,681.00,722.00,681.00
724.00,436.00,875.00,436.00,875.00,684.00,724.00,684.00
728.00,451.00,874.00,451.00,874.00,697.00,728.00,697.00
722.00,446.00,869.00,446.00,869.00,694.00,722.00,694.00
717.00,443.00,868.00,443.00,868.00,689.00,717.00,689.00
712.00,452.00,870.00,452.00,870.00,708.00,712.00,708.00
715.00,438.00,871.00,438.00,871.00,690.00,715.00,690.00
713.00,439.00,873.00,439.00,873.00,694.00,713.00,694.00
714.00,438.00,875.00,438.00,875.00,692.00,714.00,692.00
725.00,448.00,881.00,448.00,881.00,703.00,725.00,703.00
731.00,451.00,884.00,451.00,884.00,705.00,731.00,705.00
730.00,445.00,884.00,445.00,884.00,697.00,730.00,697.00
733.00,453.00,885.00,453.00,885.00,705.00,733.00,705.00
734.00,440.00,884.00,440.00,884.00,690.00,734.00,690.00
729.00,438.00,885.00,438.00,885.00,696.00,729.00,696.00
725.00,442.00,886.00,442.00,886.00,700.00,725.00,700.00
730.00,442.00,886.00,442.00,886.00,697.00,730.00,697.00
729.00,434.00,891.00,434.00,891.00,696.00,729.00,696.00
723.00,432.00,887.00,432.00,887.00,692.00,723.00,692.00
728.00,436.00,887.00,436.00,887.00,691.00,728.00,691.00
728.00,430.00,887.00,430.00,887.00,687.00,728.00,687.00
718.00,432.00,882.00,432.00,882.00,692.00,718.00,692.00
717.00,426.00,884.00,426.00,884.00,691.00,717.00,691.00
715.00,424.00,881.00,424.00,881.00,690.00,715.00,690.00
717.00,416.00,881.00,416.00,881.00,684.00,717.00,684.00
716.00,418.00,882.00,418.00,882.00,687.00,716.00,687.00
