1
264.00,93.00,332.00,93.00,332.00,128.00,264.00,128.00
264.00,95.00,332.00,95.00,332.00,131.00,264.00,131.00
265.00,99.00,332.00,99.00,332.00,133.00,265.00,133.00
266.00,102.00,332.00,102.00,332.00,134.00,266.00,134.00
266.00,103.00,331.00,103.00,331.00,136.00,266.00,136.00
265.00,106.00,330.00,106.00,330.00,140.00,265.00,140.00
266.00,108.00,330.00,108.00,330.00,141.00,266.00,141.00
264.00,109.00,328.00,109.00,328.00,142.00,264.00,142.00
261.00,109.00,327.00,109.00,327.00,142.00,261.00,142.00
261.00,110.00,326.00,110.00,326.00,144.00,261.00,144.00
260.00,110.00,325.00,110.00,325.00,144.00,260.00,144.00
259.00,109.00,325.00,109.00,325.00,143.00,259.00,143.00
259.00,109.00,326.00,109.00,326.00,143.00,259.00,143.00
258.00,109.00,325.00,109.00,325.00,143.00,258.00,143.00
257.00,110.00,324.00,110.00,324.00,142.00,257.00,142.00
256.00,109.00,324.00,109.00,324.00,142.00,256.00,142.00
255.00,108.00,324.00,108.00,324.00,140.00,255.00,140.00
253.00,108.00,323.00,108.00,323.00,140.00,253.00,140.00
251.00,107.00,321.00,107.00,321.00,139.00,251.00,139.00
250.00,107.00,319.00,107.00,319.00,138.00,250.00,138.00
249.00,106.00,320.00,106.00,320.00,138.00,249.00,138.00
246.00,105.00,319.00,105.00,319.00,138.00,246.00,138.00
245.00,104.00,317.00,104.00,317.00,136.00,245.00,136.00
243.00,104.00,315.00,104.00,315.00,136.00,243.00,136.00
241.00,102.00,313.00,102.00,313.00,134.00,241.00,134.00
238.00,103.00,311.00,103.00,311.00,134.00,238.00,134.00
239.00,103.00,309.00,103.00,309.00,133.00,239.00,133.00
237.00,103.00,307.00,103.00,307.00,133.00,237.00,133.00
235.00,104.00,303.00,104.00,303.00,132.00,235.00,132.00
234.00,103.00,303.00,103.00,303.00,132.00,234.00,132.00
232.00,102.00,302.00,102.00,302.00,131.00,232.00,131.00
230.00,101.00,301.00,101.00,301.00,130.00,230.00,130.00
228.00,101.00,297.00,101.00,297.00,130.00,228.00,130.00
229.00,100.00,295.00,100.00,295.00,129.00,229.00,129.00
228.00,101.00,296.00,101.00,296.00,131.00,228.00,131.00
227.00,102.00,294.00,102.00,294.00,133.00,227.00,133.00
224.00,103.00,291.00,103.00,291.00,134.00,224.00,134.00
224.00,102.00,290.00,102.00,290.00,133.00,224.00,133.00
225.00,103.00,290.00,103.00,290.00,133.00,225.00,133.00
224.00,106.00,288.00,106.00,288.00,137.00,224.00,137.00
227.00,107.00,289.00,107.00,289.00,136.00,227.00,136.00
227.00,108.00,289.00,108.00,289.00,136.00,227.00,136.00
226.00,109.00,288.00,109.00,288.00,137.00,226.00,137.00
228.00,110.00,291.00,110.00,291.00,138.00,228.00,138.00
233.00,108.00,296.00,108.00,296.00,138.00,233.00,138.00
231.00,113.00,289.00,113.00,289.00,139.00,231.00,139.00
231.00,110.00,295.00,110.00,295.00,141.00,231.00,141.00
233.00,113.00,290.00,113.00,290.00,141.00,233.00,141.00
230.00,111.00,296.00,111.00,296.00,143.00,230.00,143.00
232.00,110.00,297.00,110.00,297.00,142.00,232.00,142.00
233.00,111.00,297.00,111.00,297.00,143.00,233.00,143.00
234.00,110.00,298.00,110.00,298.00,142.00,234.00,142.00
232.00,106.00,296.00,106.00,296.00,138.00,232.00,138.00
237.00,103.00,301.00,103.00,301.00,135.00,237.00,135.00
242.00,94.00,305.00,94.00,305.00,126.00,242.00,126.00
238.00,102.00,301.00,102.00,301.00,134.00,238.00,134.00
238.00,104.00,301.00,104.00,301.00,136.00,238.00,136.00
244.00,89.00,307.00,89.00,307.00,121.00,244.00,121.00
236.00,98.00,299.00,98.00,299.00,130.00,236.00,130.00
241.00,87.00,305.00,87.00,305.00,119.00,241.00,119.00
245.00,86.00,308.00,86.00,308.00,117.00,245.00,117.00
246.00,88.00,310.00,88.00,310.00,120.00,246.00,120.00
241.00,87.00,305.00,87.00,305.00,119.00,241.00,119.00
243.00,92.00,307.00,92.00,307.00,124.00,243.00,124.00
240.00,102.00,304.00,102.00,304.00,134.00,240.00,134.00
242.00,104.00,296.00,104.00,296.00,133.00,242.00,133.00
245.00,102.00,299.00,102.00,299.00,130.00,245.00,130.00
241.00,110.00,297.00,110.00,297.00,140.00,241.00,140.00
240.00,116.00,296.00,116.00,296.00,144.00,240.00,144.00
240.00,115.00,296.00,115.00,296.00,144.00,240.00,144.00
240.00,115.00,295.00,115.00,295.00,143.00,240.00,143.00
241.00,117.00,294.00,117.00,294.00,145.00,241.00,145.00
240.00,115.00,293.00,115.00,293.00,143.00,240.00,143.00
242.00,117.00,292.00,117.00,292.00,144.00,242.00,144.00
242.00,117.00,293.00,117.00,293.00,144.00,242.00,144.00
245.00,114.00,294.00,114.00,294.00,141.00,245.00,141.00
243.00,115.00,293.00,115.00,293.00,142.00,243.00,142.00
246.00,107.00,294.00,107.00,294.00,133.00,246.00,133.00
249.00,106.00,296.00,106.00,296.00,131.00,249.00,131.00
242.00,115.00,291.00,115.00,291.00,142.00,242.00,142.00
243.00,117.00,292.00,117.00,292.00,143.00,243.00,143.00
243.00,117.00,291.00,117.00,291.00,143.00,243.00,143.00
243.00,116.00,289.00,116.00,289.00,141.00,243.00,141.00
246.00,117.00,290.00,117.00,290.00,142.00,246.00,142.00
249.00,112.00,291.00,112.00,291.00,137.00,249.00,137.00
249.00,113.00,290.00,113.00,290.00,138.00,249.00,138.00
247.00,115.00,288.00,115.00,288.00,141.00,247.00,141.00
248.00,114.00,289.00,114.00,289.00,140.00,248.00,140.00
247.00,114.00,288.00,114.00,288.00,140.00,247.00,140.00
248.00,114.00,289.00,114.00,289.00,140.00,248.00,140.00
248.00,115.00,290.00,115.00,290.00,140.00,248.00,140.00
248.00,115.00,291.00,115.00,291.00,139.00,248.00,139.00
249.00,115.00,292.00,115.00,292.00,139.00,249.00,139.00
248.00,116.00,292.00,116.00,292.00,139.00,248.00,139.00
248.00,116.00,293.00,116.00,293.00,139.00,248.00,139.00
247.00,116.00,292.00,116.00,292.00,139.00,247.00,139.00
247.00,116.00,293.00,116.00,293.00,139.00,247.00,139.00
247.00,116.00,293.00,116.00,293.00,140.00,247.00,140.00
249.00,114.00,294.00,114.00,294.00,139.00,249.00,139.00
251.00,113.00,296.00,113.00,296.00,138.00,251.00,138.00
251.00,114.00,295.00,114.00,295.00,138.00,251.00,138.00
253.00,114.00,297.00,114.00,297.00,139.00,253.00,139.00
253.00,114.00,296.00,114.00,296.00,138.00,253.00,138.00
255.00,115.00,299.00,115.00,299.00,139.00,255.00,139.00
256.00,116.00,299.00,116.00,299.00,140.00,256.00,140.00
257.00,116.00,299.00,116.00,299.00,139.00,257.00,139.00
256.00,115.00,297.00,115.00,297.00,139.00,256.00,139.00
256.00,116.00,297.00,116.00,297.00,140.00,256.00,140.00
254.00,115.00,294.00,115.00,294.00,137.00,254.00,137.00
254.00,114.00,295.00,114.00,295.00,137.00,254.00,137.00
254.00,114.00,296.00,114.00,296.00,138.00,254.00,138.00
253.00,113.00,295.00,113.00,295.00,137.00,253.00,137.00
256.00,117.00,296.00,117.00,296.00,139.00,256.00,139.00
254.00,118.00,295.00,118.00,295.00,140.00,254.00,140.00
251.00,110.00,293.00,110.00,293.00,134.00,251.00,134.00
250.00,111.00,293.00,111.00,293.00,135.00,250.00,135.00
249.00,112.00,292.00,112.00,292.00,136.00,249.00,136.00
250.00,127.00,293.00,127.00,293.00,148.00,250.00,148.00
249.00,127.00,293.00,127.00,293.00,147.00,249.00,147.00
251.00,126.00,294.00,126.00,294.00,147.00,251.00,147.00
249.00,120.00,291.00,120.00,291.00,143.00,249.00,143.00
248.00,118.00,290.00,118.00,290.00,143.00,248.00,143.00
245.00,111.00,290.00,111.00,290.00,138.00,245.00,138.00
246.00,128.00,290.00,128.00,290.00,150.00,246.00,150.00
245.00,127.00,291.00,127.00,291.00,150.00,245.00,150.00
240.00,127.00,289.00,127.00,289.00,150.00,240.00,150.00
241.00,127.00,291.00,127.00,291.00,150.00,241.00,150.00
246.00,122.00,294.00,122.00,294.00,147.00,246.00,147.00
243.00,123.00,294.00,123.00,294.00,148.00,243.00,148.00
244.00,123.00,295.00,123.00,295.00,149.00,244.00,149.00
241.00,119.00,294.00,119.00,294.00,147.00,241.00,147.00
235.00,119.00,290.00,119.00,290.00,147.00,235.00,147.00
232.00,123.00,287.00,123.00,287.00,150.00,232.00,150.00
232.00,122.00,287.00,122.00,287.00,149.00,232.00,149.00
228.00,124.00,283.00,124.00,283.00,149.00,228.00,149.00
229.00,124.00,284.00,124.00,284.00,149.00,229.00,149.00
223.00,124.00,282.00,124.00,282.00,150.00,223.00,150.00
220.00,123.00,282.00,123.00,282.00,150.00,220.00,150.00
216.00,126.00,280.00,126.00,280.00,153.00,216.00,153.00
215.00,127.00,278.00,127.00,278.00,154.00,215.00,154.00
211.00,125.00,276.00,125.00,276.00,153.00,211.00,153.00
210.00,123.00,274.00,123.00,274.00,153.00,210.00,153.00
207.00,123.00,271.00,123.00,271.00,153.00,207.00,153.00
201.00,116.00,262.00,116.00,262.00,149.00,201.00,149.00
200.00,117.00,263.00,117.00,263.00,150.00,200.00,150.00
198.00,118.00,261.00,118.00,261.00,152.00,198.00,152.00
197.00,120.00,262.00,120.00,262.00,152.00,197.00,152.00
195.00,117.00,258.00,117.00,258.00,150.00,195.00,150.00
191.00,115.00,254.00,115.00,254.00,148.00,191.00,148.00
193.00,118.00,255.00,118.00,255.00,152.00,193.00,152.00
191.00,121.00,254.00,121.00,254.00,154.00,191.00,154.00
190.00,124.00,254.00,124.00,254.00,158.00,190.00,158.00
189.00,124.00,252.00,124.00,252.00,156.00,189.00,156.00
190.00,127.00,252.00,127.00,252.00,158.00,190.00,158.00
185.00,123.00,246.00,123.00,246.00,154.00,185.00,154.00
185.00,123.00,245.00,123.00,245.00,154.00,185.00,154.00
189.00,127.00,247.00,127.00,247.00,157.00,189.00,157.00
194.00,135.00,255.00,135.00,255.00,164.00,194.00,164.00
194.00,137.00,255.00,137.00,255.00,165.00,194.00,165.00
192.00,137.00,253.00,137.00,253.00,165.00,192.00,165.00
193.00,133.00,252.00,133.00,252.00,162.00,193.00,162.00
193.00,133.00,253.00,133.00,253.00,161.00,193.00,161.00
183.00,125.00,239.00,125.00,239.00,156.00,183.00,156.00
183.00,124.00,238.00,124.00,238.00,154.00,183.00,154.00
183.00,123.00,237.00,123.00,237.00,154.00,183.00,154.00
179.00,121.00,234.00,121.00,234.00,151.00,179.00,151.00
178.00,119.00,234.00,119.00,234.00,149.00,178.00,149.00
177.00,118.00,232.00,118.00,232.00,148.00,177.00,148.00
178.00,117.00,232.00,117.00,232.00,147.00,178.00,147.00
178.00,116.00,232.00,116.00,232.00,146.00,178.00,146.00
177.00,115.00,231.00,115.00,231.00,145.00,177.00,145.00
175.00,114.00,229.00,114.00,229.00,143.00,175.00,143.00
172.00,112.00,227.00,112.00,227.00,140.00,172.00,140.00
171.00,111.00,227.00,111.00,227.00,140.00,171.00,140.00
170.00,110.00,225.00,110.00,225.00,138.00,170.00,138.00
169.00,108.00,223.00,108.00,223.00,136.00,169.00,136.00
165.00,107.00,219.00,107.00,219.00,135.00,165.00,135.00
164.00,106.00,218.00,106.00,218.00,133.00,164.00,133.00
163.00,105.00,218.00,105.00,218.00,132.00,163.00,132.00
160.00,103.00,215.00,103.00,215.00,130.00,160.00,130.00
157.00,102.00,211.00,102.00,211.00,129.00,157.00,129.00
155.00,102.00,210.00,102.00,210.00,130.00,155.00,130.00
157.00,103.00,210.00,103.00,210.00,131.00,157.00,131.00
156.00,102.00,209.00,102.00,209.00,130.00,156.00,130.00
156.00,103.00,209.00,103.00,209.00,132.00,156.00,132.00
154.00,103.00,206.00,103.00,206.00,132.00,154.00,132.00
152.00,102.00,205.00,102.00,205.00,130.00,152.00,130.00
151.00,101.00,204.00,101.00,204.00,128.00,151.00,128.00
150.00,101.00,203.00,101.00,203.00,128.00,150.00,128.00
150.00,101.00,202.00,101.00,202.00,127.00,150.00,127.00
150.00,101.00,202.00,101.00,202.00,127.00,150.00,127.00
149.00,102.00,200.00,102.00,200.00,130.00,149.00,130.00
146.00,101.00,196.00,101.00,196.00,129.00,146.00,129.00
147.00,100.00,199.00,100.00,199.00,127.00,147.00,127.00
147.00,99.00,198.00,99.00,198.00,125.00,147.00,125.00
147.00,99.00,198.00,99.00,198.00,124.00,147.00,124.00
147.00,98.00,197.00,98.00,197.00,123.00,147.00,123.00
146.00,98.00,195.00,98.00,195.00,123.00,146.00,123.00
146.00,97.00,196.00,97.00,196.00,122.00,146.00,122.00
146.00,98.00,195.00,98.00,195.00,123.00,146.00,123.00
146.00,99.00,195.00,99.00,195.00,125.00,146.00,125.00
145.00,100.00,194.00,100.00,194.00,125.00,145.00,125.00
145.00,99.00,192.00,99.00,192.00,124.00,145.00,124.00
145.00,100.00,192.00,100.00,192.00,125.00,145.00,125.00
145.00,101.00,193.00,101.00,193.00,126.00,145.00,126.00
144.00,102.00,193.00,102.00,193.00,127.00,144.00,127.00
142.00,101.00,191.00,101.00,191.00,126.00,142.00,126.00
143.00,102.00,194.00,102.00,194.00,126.00,143.00,126.00
144.00,102.00,195.00,102.00,195.00,127.00,144.00,127.00
143.00,101.00,193.00,101.00,193.00,126.00,143.00,126.00
144.00,103.00,194.00,103.00,194.00,128.00,144.00,128.00
144.00,103.00,194.00,103.00,194.00,128.00,144.00,128.00
144.00,104.00,193.00,104.00,193.00,128.00,144.00,128.00
144.00,103.00,194.00,103.00,194.00,128.00,144.00,128.00
144.00,104.00,195.00,104.00,195.00,129.00,144.00,129.00
143.00,103.00,193.00,103.00,193.00,128.00,143.00,128.00
143.00,103.00,191.00,103.00,191.00,128.00,143.00,128.00
144.00,103.00,192.00,103.00,192.00,128.00,144.00,128.00
144.00,102.00,191.00,102.00,191.00,128.00,144.00,128.00
144.00,104.00,191.00,104.00,191.00,130.00,144.00,130.00
143.00,104.00,191.00,104.00,191.00,130.00,143.00,130.00
144.00,103.00,193.00,103.00,193.00,129.00,144.00,129.00
143.00,104.00,192.00,104.00,192.00,130.00,143.00,130.00
143.00,103.00,193.00,103.00,193.00,129.00,143.00,129.00
144.00,104.00,195.00,104.00,195.00,129.00,144.00,129.00
142.00,104.00,194.00,104.00,194.00,129.00,142.00,129.00
142.00,104.00,193.00,104.00,193.00,128.00,142.00,128.00
141.00,105.00,192.00,105.00,192.00,130.00,141.00,130.00
142.00,104.00,192.00,104.00,192.00,129.00,142.00,129.00
141.00,105.00,190.00,105.00,190.00,129.00,141.00,129.00
142.00,104.00,192.00,104.00,192.00,128.00,142.00,128.00
141.00,104.00,191.00,104.00,191.00,128.00,141.00,128.00
141.00,104.00,190.00,104.00,190.00,128.00,141.00,128.00
141.00,103.00,192.00,103.00,192.00,128.00,141.00,128.00
142.00,103.00,192.00,103.00,192.00,128.00,142.00,128.00
141.00,103.00,190.00,103.00,190.00,128.00,141.00,128.00
140.00,103.00,188.00,103.00,188.00,127.00,140.00,127.00
139.00,102.00,187.00,102.00,187.00,126.00,139.00,126.00
139.00,103.00,187.00,103.00,187.00,127.00,139.00,127.00
140.00,102.00,188.00,102.00,188.00,126.00,140.00,126.00
137.00,103.00,188.00,103.00,188.00,127.00,137.00,127.00
137.00,102.00,188.00,102.00,188.00,126.00,137.00,126.00
136.00,103.00,189.00,103.00,189.00,126.00,136.00,126.00
135.00,104.00,188.00,104.00,188.00,127.00,135.00,127.00
135.00,104.00,189.00,104.00,189.00,127.00,135.00,127.00
135.00,104.00,188.00,104.00,188.00,127.00,135.00,127.00
134.00,102.00,187.00,102.00,187.00,127.00,134.00,127.00
135.00,102.00,190.00,102.00,190.00,126.00,135.00,126.00
134.00,101.00,189.00,101.00,189.00,126.00,134.00,126.00
133.00,101.00,189.00,101.00,189.00,126.00,133.00,126.00
133.00,101.00,189.00,101.00,189.00,125.00,133.00,125.00
132.00,100.00,188.00,100.00,188.00,125.00,132.00,125.00
133.00,100.00,187.00,100.00,187.00,125.00,133.00,125.00
133.00,99.00,188.00,99.00,188.00,124.00,133.00,124.00
133.00,98.00,188.00,98.00,188.00,124.00,133.00,124.00
132.00,98.00,190.00,98.00,190.00,124.00,132.00,124.00
132.00,97.00,190.00,97.00,190.00,123.00,132.00,123.00
131.00,97.00,189.00,97.00,189.00,122.00,131.00,122.00
132.00,96.00,191.00,96.00,191.00,121.00,132.00,121.00
132.00,96.00,191.00,96.00,191.00,122.00,132.00,122.00
131.00,95.00,190.00,95.00,190.00,122.00,131.00,122.00
132.00,95.00,191.00,95.00,191.00,123.00,132.00,123.00
132.00,95.00,190.00,95.00,190.00,122.00,132.00,122.00
131.00,95.00,189.00,95.00,189.00,123.00,131.00,123.00
131.00,94.00,190.00,94.00,190.00,122.00,131.00,122.00
131.00,94.00,191.00,94.00,191.00,122.00,131.00,122.00
131.00,94.00,192.00,94.00,192.00,121.00,131.00,121.00
130.00,94.00,194.00,94.00,194.00,121.00,130.00,121.00
130.00,94.00,193.00,94.00,193.00,122.00,130.00,122.00
131.00,93.00,196.00,93.00,196.00,121.00,131.00,121.00
130.00,93.00,195.00,93.00,195.00,122.00,130.00,122.00
129.00,93.00,195.00,93.00,195.00,122.00,129.00,122.00
130.00,92.00,195.00,92.00,195.00,123.00,130.00,123.00
130.00,91.00,196.00,91.00,196.00,122.00,130.00,122.00
131.00,90.00,195.00,90.00,195.00,121.00,131.00,121.00
130.00,91.00,196.00,91.00,196.00,122.00,130.00,122.00
131.00,93.00,196.00,93.00,196.00,123.00,131.00,123.00
132.00,92.00,198.00,92.00,198.00,124.00,132.00,124.00
133.00,93.00,197.00,93.00,197.00,124.00,133.00,124.00
132.00,92.00,197.00,92.00,197.00,124.00,132.00,124.00
132.00,92.00,197.00,92.00,197.00,124.00,132.00,124.00
133.00,92.00,197.00,92.00,197.00,124.00,133.00,124.00
133.00,91.00,198.00,91.00,198.00,124.00,133.00,124.00
133.00,90.00,200.00,90.00,200.00,123.00,133.00,123.00
133.00,92.00,199.00,92.00,199.00,124.00,133.00,124.00
133.00,91.00,200.00,91.00,200.00,124.00,133.00,124.00
133.00,91.00,200.00,91.00,200.00,124.00,133.00,124.00
134.00,91.00,201.00,91.00,201.00,124.00,134.00,124.00
133.00,91.00,202.00,91.00,202.00,125.00,133.00,125.00
133.00,91.00,201.00,91.00,201.00,125.00,133.00,125.00
135.00,92.00,202.00,92.00,202.00,126.00,135.00,126.00
134.00,92.00,202.00,92.00,202.00,126.00,134.00,126.00
135.00,93.00,202.00,93.00,202.00,128.00,135.00,128.00
135.00,93.00,203.00,93.00,203.00,127.00,135.00,127.00
135.00,92.00,204.00,92.00,204.00,126.00,135.00,126.00
135.00,93.00,204.00,93.00,204.00,128.00,135.00,128.00
136.00,93.00,205.00,93.00,205.00,127.00,136.00,127.00
136.00,94.00,203.00,94.00,203.00,129.00,136.00,129.00
137.00,95.00,203.00,95.00,203.00,128.00,137.00,128.00
137.00,95.00,202.00,95.00,202.00,128.00,137.00,128.00
138.00,95.00,201.00,95.00,201.00,128.00,138.00,128.00
138.00,95.00,202.00,95.00,202.00,129.00,138.00,129.00
138.00,95.00,202.00,95.00,202.00,129.00,138.00,129.00
138.00,96.00,202.00,96.00,202.00,129.00,138.00,129.00
139.00,97.00,201.00,97.00,201.00,129.00,139.00,129.00
139.00,96.00,202.00,96.00,202.00,129.00,139.00,129.00
138.00,97.00,203.00,97.00,203.00,130.00,138.00,130.00
138.00,97.00,203.00,97.00,203.00,130.00,138.00,130.00
137.00,98.00,203.00,98.00,203.00,130.00,137.00,130.00
136.00,97.00,204.00,97.00,204.00,130.00,136.00,130.00
136.00,98.00,204.00,98.00,204.00,130.00,136.00,130.00
137.00,99.00,203.00,99.00,203.00,130.00,137.00,130.00
135.00,99.00,201.00,99.00,201.00,132.00,135.00,132.00
135.00,100.00,199.00,100.00,199.00,132.00,135.00,132.00
133.00,98.00,199.00,98.00,199.00,132.00,133.00,132.00
134.00,98.00,195.00,98.00,195.00,132.00,134.00,132.00
133.00,97.00,195.00,97.00,195.00,130.00,133.00,130.00
133.00,97.00,194.00,97.00,194.00,130.00,133.00,130.00
134.00,96.00,197.00,96.00,197.00,129.00,134.00,129.00
137.00,96.00,197.00,96.00,197.00,129.00,137.00,129.00
137.00,96.00,195.00,96.00,195.00,128.00,137.00,128.00
140.00,97.00,197.00,97.00,197.00,129.00,140.00,129.00
141.00,96.00,199.00,96.00,199.00,127.00,141.00,127.00
143.00,97.00,203.00,97.00,203.00,128.00,143.00,128.00
142.00,95.00,200.00,95.00,200.00,127.00,142.00,127.00
145.00,95.00,201.00,95.00,201.00,126.00,145.00,126.00
148.00,95.00,202.00,95.00,202.00,126.00,148.00,126.00
148.00,95.00,201.00,95.00,201.00,125.00,148.00,125.00
153.00,95.00,207.00,95.00,207.00,126.00,153.00,126.00
153.00,94.00,204.00,94.00,204.00,125.00,153.00,125.00
155.00,94.00,207.00,94.00,207.00,125.00,155.00,125.00
156.00,94.00,208.00,94.00,208.00,125.00,156.00,125.00
157.00,94.00,207.00,94.00,207.00,122.00,157.00,122.00
159.00,92.00,210.00,92.00,210.00,121.00,159.00,121.00
160.00,93.00,208.00,93.00,208.00,121.00,160.00,121.00
163.00,92.00,210.00,92.00,210.00,120.00,163.00,120.00
165.00,91.00,211.00,91.00,211.00,119.00,165.00,119.00
168.00,90.00,214.00,90.00,214.00,119.00,168.00,119.00
171.00,90.00,216.00,90.00,216.00,118.00,171.00,118.00
173.00,89.00,217.00,89.00,217.00,117.00,173.00,117.00
175.00,88.00,218.00,88.00,218.00,116.00,175.00,116.00
178.00,88.00,220.00,88.00,220.00,115.00,178.00,115.00
179.00,87.00,220.00,87.00,220.00,113.00,179.00,113.00
183.00,88.00,225.00,88.00,225.00,113.00,183.00,113.00
186.00,89.00,227.00,89.00,227.00,113.00,186.00,113.00
189.00,91.00,231.00,91.00,231.00,116.00,189.00,116.00
190.00,91.00,232.00,91.00,232.00,116.00,190.00,116.00
193.00,94.00,234.00,94.00,234.00,119.00,193.00,119.00
195.00,94.00,235.00,94.00,235.00,119.00,195.00,119.00
195.00,95.00,236.00,95.00,236.00,120.00,195.00,120.00
196.00,95.00,236.00,95.00,236.00,120.00,196.00,120.00
196.00,97.00,241.00,97.00,241.00,122.00,196.00,122.00
195.00,95.00,240.00,95.00,240.00,120.00,195.00,120.00
194.00,97.00,240.00,97.00,240.00,122.00,194.00,122.00
194.00,103.00,240.00,103.00,240.00,128.00,194.00,128.00
192.00,103.00,238.00,103.00,238.00,128.00,192.00,128.00
190.00,100.00,236.00,100.00,236.00,125.00,190.00,125.00
196.00,103.00,242.00,103.00,242.00,128.00,196.00,128.00
189.00,99.00,235.00,99.00,235.00,124.00,189.00,124.00
190.00,98.00,236.00,98.00,236.00,123.00,190.00,123.00
191.00,104.00,237.00,104.00,237.00,129.00,191.00,129.00
192.00,104.00,238.00,104.00,238.00,129.00,192.00,129.00
198.00,113.00,244.00,113.00,244.00,138.00,198.00,138.00
200.00,117.00,246.00,117.00,246.00,142.00,200.00,142.00
199.00,113.00,245.00,113.00,245.00,138.00,199.00,138.00
199.00,119.00,245.00,119.00,245.00,144.00,199.00,144.00
198.00,115.00,243.00,115.00,243.00,140.00,198.00,140.00
196.00,113.00,241.00,113.00,241.00,138.00,196.00,138.00
196.00,116.00,241.00,116.00,241.00,142.00,196.00,142.00
196.00,118.00,242.00,118.00,242.00,144.00,196.00,144.00
196.00,118.00,242.00,118.00,242.00,143.00,196.00,143.00
195.00,118.00,241.00,118.00,241.00,143.00,195.00,143.00
195.00,119.00,240.00,119.00,240.00,145.00,195.00,145.00
193.00,119.00,239.00,119.00,239.00,145.00,193.00,145.00
192.00,122.00,238.00,122.00,238.00,147.00,192.00,147.00
192.00,121.00,237.00,121.00,237.00,147.00,192.00,147.00
191.00,122.00,237.00,122.00,237.00,148.00,191.00,148.00
191.00,123.00,235.00,123.00,235.00,148.00,191.00,148.00
190.00,123.00,235.00,123.00,235.00,149.00,190.00,149.00
189.00,123.00,234.00,123.00,234.00,149.00,189.00,149.00
188.00,123.00,233.00,123.00,233.00,149.00,188.00,149.00
187.00,124.00,231.00,124.00,231.00,150.00,187.00,150.00
189.00,123.00,233.00,123.00,233.00,148.00,189.00,148.00
187.00,124.00,231.00,124.00,231.00,150.00,187.00,150.00
185.00,124.00,228.00,124.00,228.00,149.00,185.00,149.00
186.00,124.00,228.00,124.00,228.00,149.00,186.00,149.00
192.00,122.00,238.00,122.00,238.00,147.00,192.00,147.00
190.00,122.00,237.00,122.00,237.00,147.00,190.00,147.00
191.00,121.00,240.00,121.00,240.00,147.00,191.00,147.00
188.00,122.00,239.00,122.00,239.00,149.00,188.00,149.00
186.00,122.00,236.00,122.00,236.00,147.00,186.00,147.00
186.00,121.00,237.00,121.00,237.00,145.00,186.00,145.00
185.00,121.00,238.00,121.00,238.00,147.00,185.00,147.00
186.00,120.00,238.00,120.00,238.00,146.00,186.00,146.00
184.00,120.00,237.00,120.00,237.00,146.00,184.00,146.00
183.00,120.00,238.00,120.00,238.00,146.00,183.00,146.00
184.00,120.00,239.00,120.00,239.00,146.00,184.00,146.00
187.00,121.00,242.00,121.00,242.00,146.00,187.00,146.00
186.00,121.00,243.00,121.00,243.00,146.00,186.00,146.00
183.00,120.00,243.00,120.00,243.00,145.00,183.00,145.00
171.00,116.00,229.00,116.00,229.00,143.00,171.00,143.00
175.00,119.00,233.00,119.00,233.00,144.00,175.00,144.00
179.00,125.00,239.00,125.00,239.00,149.00,179.00,149.00
180.00,124.00,240.00,124.00,240.00,149.00,180.00,149.00
179.00,125.00,240.00,125.00,240.00,150.00,179.00,150.00
177.00,124.00,239.00,124.00,239.00,149.00,177.00,149.00
178.00,123.00,239.00,123.00,239.00,147.00,178.00,147.00
179.00,124.00,239.00,124.00,239.00,149.00,179.00,149.00
177.00,123.00,236.00,123.00,236.00,148.00,177.00,148.00
174.00,121.00,235.00,121.00,235.00,146.00,174.00,146.00
170.00,119.00,234.00,119.00,234.00,144.00,170.00,144.00
164.00,115.00,227.00,115.00,227.00,141.00,164.00,141.00
164.00,117.00,227.00,117.00,227.00,144.00,164.00,144.00
164.00,117.00,231.00,117.00,231.00,144.00,164.00,144.00
163.00,115.00,226.00,115.00,226.00,142.00,163.00,142.00
163.00,116.00,228.00,116.00,228.00,144.00,163.00,144.00
162.00,115.00,228.00,115.00,228.00,142.00,162.00,142.00
165.00,118.00,230.00,118.00,230.00,146.00,165.00,146.00
164.00,116.00,228.00,116.00,228.00,144.00,164.00,144.00
162.00,115.00,226.00,115.00,226.00,143.00,162.00,143.00
160.00,114.00,224.00,114.00,224.00,143.00,160.00,143.00
160.00,115.00,223.00,115.00,223.00,144.00,160.00,144.00
157.00,112.00,222.00,112.00,222.00,142.00,157.00,142.00
158.00,112.00,223.00,112.00,223.00,142.00,158.00,142.00
154.00,111.00,220.00,111.00,220.00,140.00,154.00,140.00
155.00,109.00,220.00,109.00,220.00,139.00,155.00,139.00
155.00,109.00,220.00,109.00,220.00,138.00,155.00,138.00
158.00,110.00,221.00,110.00,221.00,139.00,158.00,139.00
158.00,108.00,221.00,108.00,221.00,138.00,158.00,138.00
159.00,109.00,221.00,109.00,221.00,138.00,159.00,138.00
156.00,106.00,221.00,106.00,221.00,135.00,156.00,135.00
155.00,104.00,221.00,104.00,221.00,133.00,155.00,133.00
155.00,104.00,219.00,104.00,219.00,133.00,155.00,133.00
152.00,102.00,217.00,102.00,217.00,131.00,152.00,131.00
154.00,103.00,217.00,103.00,217.00,132.00,154.00,132.00
153.00,101.00,216.00,101.00,216.00,130.00,153.00,130.00
152.00,101.00,214.00,101.00,214.00,130.00,152.00,130.00
154.00,100.00,214.00,100.00,214.00,129.00,154.00,129.00
152.00,100.00,209.00,100.00,209.00,128.00,152.00,128.00
152.00,101.00,208.00,101.00,208.00,129.00,152.00,129.00
151.00,101.00,206.00,101.00,206.00,130.00,151.00,130.00
149.00,101.00,201.00,101.00,201.00,130.00,149.00,130.00
148.00,102.00,198.00,102.00,198.00,131.00,148.00,131.00
146.00,102.00,196.00,102.00,196.00,130.00,146.00,130.00
145.00,103.00,194.00,103.00,194.00,130.00,145.00,130.00
146.00,103.00,193.00,103.00,193.00,130.00,146.00,130.00
147.00,102.00,192.00,102.00,192.00,128.00,147.00,128.00
146.00,103.00,189.00,103.00,189.00,129.00,146.00,129.00
146.00,103.00,189.00,103.00,189.00,128.00,146.00,128.00
144.00,103.00,186.00,103.00,186.00,127.00,144.00,127.00
141.00,105.00,183.00,105.00,183.00,129.00,141.00,129.00
141.00,105.00,182.00,105.00,182.00,129.00,141.00,129.00
139.00,105.00,179.00,105.00,179.00,128.00,139.00,128.00
137.00,105.00,179.00,105.00,179.00,128.00,137.00,128.00
135.00,106.00,178.00,106.00,178.00,130.00,135.00,130.00
134.00,106.00,176.00,106.00,176.00,130.00,134.00,130.00
133.00,107.00,175.00,107.00,175.00,130.00,133.00,130.00
131.00,107.00,173.00,107.00,173.00,130.00,131.00,130.00
130.00,108.00,173.00,108.00,173.00,131.00,130.00,131.00
130.00,109.00,172.00,109.00,172.00,132.00,130.00,132.00
129.00,110.00,171.00,110.00,171.00,133.00,129.00,133.00
128.00,110.00,169.00,110.00,169.00,133.00,128.00,133.00
126.00,111.00,167.00,111.00,167.00,133.00,126.00,133.00
127.00,109.00,167.00,109.00,167.00,132.00,127.00,132.00
126.00,109.00,165.00,109.00,165.00,132.00,126.00,132.00
126.00,109.00,164.00,109.00,164.00,132.00,126.00,132.00
126.00,107.00,163.00,107.00,163.00,130.00,126.00,130.00
124.00,109.00,161.00,109.00,161.00,132.00,124.00,132.00
125.00,109.00,161.00,109.00,161.00,131.00,125.00,131.00
123.00,107.00,160.00,107.00,160.00,129.00,123.00,129.00
122.00,108.00,159.00,108.00,159.00,131.00,122.00,131.00
122.00,107.00,158.00,107.00,158.00,129.00,122.00,129.00
121.00,105.00,157.00,105.00,157.00,128.00,121.00,128.00
120.00,107.00,155.00,107.00,155.00,130.00,120.00,130.00
121.00,105.00,155.00,105.00,155.00,127.00,121.00,127.00
120.00,105.00,154.00,105.00,154.00,127.00,120.00,127.00
118.00,105.00,153.00,105.00,153.00,128.00,118.00,128.00
117.00,105.00,153.00,105.00,153.00,129.00,117.00,129.00
117.00,106.00,152.00,106.00,152.00,130.00,117.00,130.00
116.00,105.00,151.00,105.00,151.00,128.00,116.00,128.00
115.00,105.00,150.00,105.00,150.00,129.00,115.00,129.00
112.00,105.00,150.00,105.00,150.00,130.00,112.00,130.00
111.00,105.00,151.00,105.00,151.00,129.00,111.00,129.00
109.00,105.00,149.00,105.00,149.00,129.00,109.00,129.00
108.00,105.00,148.00,105.00,148.00,129.00,108.00,129.00
106.00,106.00,147.00,106.00,147.00,129.00,106.00,129.00
104.00,106.00,146.00,106.00,146.00,130.00,104.00,130.00
102.00,106.00,145.00,106.00,145.00,130.00,102.00,130.00
100.00,107.00,143.00,107.00,143.00,132.00,100.00,132.00
98.00,107.00,139.00,107.00,139.00,131.00,98.00,131.00
96.00,108.00,138.00,108.00,138.00,133.00,96.00,133.00
93.00,108.00,136.00,108.00,136.00,133.00,93.00,133.00
92.00,109.00,135.00,109.00,135.00,134.00,92.00,134.00
91.00,108.00,133.00,108.00,133.00,132.00,91.00,132.00
89.00,108.00,130.00,108.00,130.00,132.00,89.00,132.00
89.00,107.00,130.00,107.00,130.00,133.00,89.00,133.00
86.00,108.00,127.00,108.00,127.00,133.00,86.00,133.00
84.00,108.00,124.00,108.00,124.00,133.00,84.00,133.00
83.00,108.00,122.00,108.00,122.00,132.00,83.00,132.00
81.00,107.00,122.00,107.00,122.00,132.00,81.00,132.00
80.00,107.00,120.00,107.00,120.00,133.00,80.00,133.00
79.00,107.00,120.00,107.00,120.00,133.00,79.00,133.00
77.00,106.00,119.00,106.00,119.00,133.00,77.00,133.00
75.00,106.00,118.00,106.00,118.00,132.00,75.00,132.00
74.00,106.00,117.00,106.00,117.00,133.00,74.00,133.00
72.00,106.00,117.00,106.00,117.00,133.00,72.00,133.00
70.00,106.00,116.00,106.00,116.00,134.00,70.00,134.00
68.00,106.00,114.00,106.00,114.00,135.00,68.00,135.00
66.00,107.00,111.00,107.00,111.00,136.00,66.00,136.00
65.00,107.00,111.00,107.00,111.00,135.00,65.00,135.00
63.00,108.00,108.00,108.00,108.00,136.00,63.00,136.00
62.00,108.00,109.00,108.00,109.00,136.00,62.00,136.00
59.00,109.00,105.00,109.00,105.00,137.00,59.00,137.00
57.00,110.00,102.00,110.00,102.00,138.00,57.00,138.00
55.00,110.00,101.00,110.00,101.00,138.00,55.00,138.00
53.00,111.00,97.00,111.00,97.00,140.00,53.00,140.00
52.00,111.00,96.00,111.00,96.00,140.00,52.00,140.00
49.00,112.00,94.00,112.00,94.00,142.00,49.00,142.00
48.00,112.00,92.00,112.00,92.00,141.00,48.00,141.00
46.00,113.00,91.00,113.00,91.00,142.00,46.00,142.00
45.00,113.00,89.00,113.00,89.00,142.00,45.00,142.00
43.00,112.00,87.00,112.00,87.00,143.00,43.00,143.00
42.00,114.00,86.00,114.00,86.00,144.00,42.00,144.00
41.00,113.00,83.00,113.00,83.00,143.00,41.00,143.00
40.00,112.00,85.00,112.00,85.00,142.00,40.00,142.00
38.00,111.00,84.00,111.00,84.00,141.00,38.00,141.00
37.00,109.00,85.00,109.00,85.00,139.00,37.00,139.00
36.00,110.00,84.00,110.00,84.00,140.00,36.00,140.00
34.00,109.00,84.00,109.00,84.00,138.00,34.00,138.00
33.00,108.00,82.00,108.00,82.00,137.00,33.00,137.00
32.00,108.00,81.00,108.00,81.00,139.00,32.00,139.00
33.00,107.00,83.00,107.00,83.00,139.00,33.00,139.00
34.00,106.00,83.00,106.00,83.00,139.00,34.00,139.00
38.00,106.00,85.00,106.00,85.00,139.00,38.00,139.00
37.00,107.00,83.00,107.00,83.00,139.00,37.00,139.00
40.00,107.00,84.00,107.00,84.00,140.00,40.00,140.00
39.00,108.00,83.00,108.00,83.00,141.00,39.00,141.00
39.00,110.00,82.00,110.00,82.00,142.00,39.00,142.00
40.00,113.00,82.00,113.00,82.00,144.00,40.00,144.00
39.00,115.00,79.00,115.00,79.00,145.00,39.00,145.00
39.00,117.00,78.00,117.00,78.00,146.00,39.00,146.00
38.00,120.00,78.00,120.00,78.00,149.00,38.00,149.00
39.00,120.00,80.00,120.00,80.00,149.00,39.00,149.00
39.00,122.00,81.00,122.00,81.00,152.00,39.00,152.00
40.00,122.00,82.00,122.00,82.00,153.00,40.00,153.00
40.00,125.00,84.00,125.00,84.00,156.00,40.00,156.00
40.00,126.00,83.00,126.00,83.00,158.00,40.00,158.00
40.00,128.00,85.00,128.00,85.00,160.00,40.00,160.00
39.00,130.00,83.00,130.00,83.00,162.00,39.00,162.00
39.00,132.00,84.00,132.00,84.00,165.00,39.00,165.00
40.00,134.00,85.00,134.00,85.00,167.00,40.00,167.00
38.00,137.00,82.00,137.00,82.00,169.00,38.00,169.00
36.00,140.00,82.00,140.00,82.00,172.00,36.00,172.00
35.00,143.00,81.00,143.00,81.00,175.00,35.00,175.00
34.00,144.00,79.00,144.00,79.00,175.00,34.00,175.00
32.00,146.00,78.00,146.00,78.00,176.00,32.00,176.00
29.00,149.00,73.00,149.00,73.00,182.00,29.00,182.00
28.00,151.00,71.00,151.00,71.00,183.00,28.00,183.00
25.00,152.00,69.00,152.00,69.00,184.00,25.00,184.00
23.00,154.00,66.00,154.00,66.00,185.00,23.00,185.00
20.00,155.00,62.00,155.00,62.00,189.00,20.00,189.00
20.00,157.00,65.00,157.00,65.00,188.00,20.00,188.00
19.00,159.00,63.00,159.00,63.00,190.00,19.00,190.00
18.00,160.00,63.00,160.00,63.00,191.00,18.00,191.00
17.00,162.00,62.00,162.00,62.00,193.00,17.00,193.00
16.00,162.00,64.00,162.00,64.00,193.00,16.00,193.00
16.00,164.00,64.00,164.00,64.00,195.00,16.00,195.00
16.00,165.00,62.00,165.00,62.00,196.00,16.00,196.00
16.00,166.00,61.00,166.00,61.00,197.00,16.00,197.00
17.00,166.00,64.00,166.00,64.00,196.00,17.00,196.00
18.00,166.00,66.00,166.00,66.00,196.00,18.00,196.00
18.00,166.00,66.00,166.00,66.00,195.00,18.00,195.00
19.00,165.00,67.00,165.00,67.00,194.00,19.00,194.00
21.00,164.00,68.00,164.00,68.00,193.00,21.00,193.00
21.00,165.00,69.00,165.00,69.00,195.00,21.00,195.00
21.00,165.00,69.00,165.00,69.00,196.00,21.00,196.00
22.00,164.00,70.00,164.00,70.00,195.00,22.00,195.00
23.00,163.00,71.00,163.00,71.00,194.00,23.00,194.00
24.00,163.00,73.00,163.00,73.00,195.00,24.00,195.00
26.00,163.00,73.00,163.00,73.00,194.00,26.00,194.00
25.00,163.00,74.00,163.00,74.00,195.00,25.00,195.00
26.00,162.00,75.00,162.00,75.00,193.00,26.00,193.00
26.00,163.00,75.00,163.00,75.00,194.00,26.00,194.00
26.00,163.00,74.00,163.00,74.00,193.00,26.00,193.00
27.00,163.00,76.00,163.00,76.00,194.00,27.00,194.00
28.00,162.00,78.00,162.00,78.00,194.00,28.00,194.00
29.00,163.00,78.00,163.00,78.00,196.00,29.00,196.00
29.00,163.00,79.00,163.00,79.00,196.00,29.00,196.00
31.00,163.00,80.00,163.00,80.00,196.00,31.00,196.00
31.00,163.00,81.00,163.00,81.00,195.00,31.00,195.00
33.00,163.00,83.00,163.00,83.00,194.00,33.00,194.00
34.00,163.00,84.00,163.00,84.00,194.00,34.00,194.00
35.00,163.00,84.00,163.00,84.00,194.00,35.00,194.00
37.00,163.00,88.00,163.00,88.00,196.00,37.00,196.00
37.00,162.00,89.00,162.00,89.00,194.00,37.00,194.00
38.00,162.00,91.00,162.00,91.00,195.00,38.00,195.00
38.00,163.00,90.00,163.00,90.00,195.00,38.00,195.00
41.00,163.00,94.00,163.00,94.00,196.00,41.00,196.00
42.00,162.00,96.00,162.00,96.00,194.00,42.00,194.00
44.00,162.00,101.00,162.00,101.00,197.00,44.00,197.00
45.00,162.00,101.00,162.00,101.00,195.00,45.00,195.00
48.00,162.00,103.00,162.00,103.00,195.00,48.00,195.00
49.00,163.00,103.00,163.00,103.00,195.00,49.00,195.00
51.00,162.00,106.00,162.00,106.00,194.00,51.00,194.00
54.00,163.00,109.00,163.00,109.00,195.00,54.00,195.00
56.00,163.00,111.00,163.00,111.00,195.00,56.00,195.00
60.00,163.00,114.00,163.00,114.00,196.00,60.00,196.00
62.00,163.00,116.00,163.00,116.00,196.00,62.00,196.00
67.00,162.00,120.00,162.00,120.00,195.00,67.00,195.00
70.00,162.00,122.00,162.00,122.00,195.00,70.00,195.00
73.00,162.00,125.00,162.00,125.00,196.00,73.00,196.00
76.00,162.00,125.00,162.00,125.00,195.00,76.00,195.00
79.00,162.00,127.00,162.00,127.00,195.00,79.00,195.00
80.00,162.00,128.00,162.00,128.00,195.00,80.00,195.00
82.00,162.00,129.00,162.00,129.00,194.00,82.00,194.00
83.00,163.00,129.00,163.00,129.00,196.00,83.00,196.00
86.00,163.00,129.00,163.00,129.00,195.00,86.00,195.00
88.00,163.00,130.00,163.00,130.00,194.00,88.00,194.00
88.00,163.00,130.00,163.00,130.00,195.00,88.00,195.00
89.00,164.00,131.00,164.00,131.00,196.00,89.00,196.00
91.00,164.00,132.00,164.00,132.00,195.00,91.00,195.00
92.00,163.00,131.00,163.00,131.00,194.00,92.00,194.00
93.00,164.00,132.00,164.00,132.00,194.00,93.00,194.00
94.00,164.00,132.00,164.00,132.00,194.00,94.00,194.00
95.00,165.00,132.00,165.00,132.00,194.00,95.00,194.00
97.00,165.00,133.00,165.00,133.00,195.00,97.00,195.00
97.00,164.00,132.00,164.00,132.00,194.00,97.00,194.00
97.00,164.00,132.00,164.00,132.00,194.00,97.00,194.00
98.00,165.00,132.00,165.00,132.00,193.00,98.00,193.00
97.00,165.00,134.00,165.00,134.00,193.00,97.00,193.00
99.00,165.00,139.00,165.00,139.00,193.00,99.00,193.00
98.00,166.00,139.00,166.00,139.00,195.00,98.00,195.00
101.00,166.00,147.00,166.00,147.00,198.00,101.00,198.00
108.00,167.00,153.00,167.00,153.00,200.00,108.00,200.00
115.00,169.00,160.00,169.00,160.00,200.00,115.00,200.00
121.00,171.00,165.00,171.00,165.00,202.00,121.00,202.00
128.00,172.00,171.00,172.00,171.00,203.00,128.00,203.00
134.00,173.00,178.00,173.00,178.00,205.00,134.00,205.00
141.00,176.00,183.00,176.00,183.00,206.00,141.00,206.00
147.00,177.00,190.00,177.00,190.00,208.00,147.00,208.00
152.00,180.00,195.00,180.00,195.00,211.00,152.00,211.00
160.00,181.00,202.00,181.00,202.00,211.00,160.00,211.00
165.00,181.00,207.00,181.00,207.00,212.00,165.00,212.00
171.00,182.00,214.00,182.00,214.00,213.00,171.00,213.00
176.00,183.00,219.00,183.00,219.00,214.00,176.00,214.00
183.00,183.00,224.00,183.00,224.00,213.00,183.00,213.00
192.00,183.00,228.00,183.00,228.00,212.00,192.00,212.00
195.00,185.00,236.00,185.00,236.00,215.00,195.00,215.00
200.00,184.00,241.00,184.00,241.00,215.00,200.00,215.00
205.00,186.00,247.00,186.00,247.00,217.00,205.00,217.00
209.00,185.00,251.00,185.00,251.00,217.00,209.00,217.00
215.00,187.00,258.00,187.00,258.00,218.00,215.00,218.00
220.00,186.00,263.00,186.00,263.00,218.00,220.00,218.00
224.00,187.00,266.00,187.00,266.00,219.00,224.00,219.00
229.00,187.00,272.00,187.00,272.00,218.00,229.00,218.00
234.00,188.00,277.00,188.00,277.00,219.00,234.00,219.00
238.00,189.00,282.00,189.00,282.00,220.00,238.00,220.00
242.00,188.00,285.00,188.00,285.00,219.00,242.00,219.00
247.00,189.00,291.00,189.00,291.00,221.00,247.00,221.00
252.00,189.00,295.00,189.00,295.00,220.00,252.00,220.00
256.00,189.00,299.00,189.00,299.00,219.00,256.00,219.00
261.00,188.00,303.00,188.00,303.00,220.00,261.00,220.00
264.00,188.00,307.00,188.00,307.00,221.00,264.00,221.00
269.00,188.00,311.00,188.00,311.00,221.00,269.00,221.00
275.00,188.00,315.00,188.00,315.00,219.00,275.00,219.00
277.00,188.00,317.00,188.00,317.00,219.00,277.00,219.00
282.00,188.00,322.00,188.00,322.00,219.00,282.00,219.00
285.00,188.00,326.00,188.00,326.00,219.00,285.00,219.00
291.00,189.00,330.00,189.00,330.00,217.00,291.00,217.00
295.00,189.00,334.00,189.00,334.00,219.00,295.00,219.00
298.00,189.00,337.00,189.00,337.00,219.00,298.00,219.00
303.00,189.00,341.00,189.00,341.00,218.00,303.00,218.00
306.00,189.00,344.00,189.00,344.00,218.00,306.00,218.00
310.00,190.00,348.00,190.00,348.00,219.00,310.00,219.00
314.00,191.00,352.00,191.00,352.00,219.00,314.00,219.00
318.00,190.00,355.00,190.00,355.00,218.00,318.00,218.00
322.00,190.00,359.00,190.00,359.00,218.00,322.00,218.00
325.00,189.00,363.00,189.00,363.00,217.00,325.00,217.00
327.00,188.00,367.00,188.00,367.00,218.00,327.00,218.00
331.00,188.00,371.00,188.00,371.00,218.00,331.00,218.00
336.00,187.00,375.00,187.00,375.00,216.00,336.00,216.00
