1
263.00,92.00,332.00,92.00,332.00,127.00,263.00,127.00
265.00,95.00,333.00,95.00,333.00,131.00,265.00,131.00
265.00,98.00,331.00,98.00,331.00,133.00,265.00,133.00
266.00,102.00,332.00,102.00,332.00,133.00,266.00,133.00
265.00,104.00,331.00,104.00,331.00,136.00,265.00,136.00
265.00,106.00,331.00,106.00,331.00,139.00,265.00,139.00
265.00,109.00,330.00,109.00,330.00,140.00,265.00,140.00
263.00,109.00,329.00,109.00,329.00,140.00,263.00,140.00
260.00,110.00,328.00,110.00,328.00,141.00,260.00,141.00
259.00,110.00,325.00,110.00,325.00,141.00,259.00,141.00
259.00,111.00,327.00,111.00,327.00,141.00,259.00,141.00
258.00,110.00,326.00,110.00,326.00,141.00,258.00,141.00
258.00,110.00,326.00,110.00,326.00,140.00,258.00,140.00
257.00,110.00,325.00,110.00,325.00,141.00,257.00,141.00
257.00,110.00,324.00,110.00,324.00,140.00,257.00,140.00
256.00,110.00,325.00,110.00,325.00,140.00,256.00,140.00
255.00,109.00,324.00,109.00,324.00,139.00,255.00,139.00
254.00,108.00,323.00,108.00,323.00,138.00,254.00,138.00
252.00,107.00,322.00,107.00,322.00,137.00,252.00,137.00
251.00,107.00,320.00,107.00,320.00,137.00,251.00,137.00
251.00,105.00,320.00,105.00,320.00,135.00,251.00,135.00
248.00,105.00,319.00,105.00,319.00,136.00,248.00,136.00
246.00,104.00,317.00,104.00,317.00,135.00,246.00,135.00
245.00,104.00,315.00,104.00,315.00,134.00,245.00,134.00
243.00,103.00,314.00,103.00,314.00,133.00,243.00,133.00
240.00,104.00,311.00,104.00,311.00,133.00,240.00,133.00
240.00,104.00,307.00,104.00,307.00,132.00,240.00,132.00
238.00,104.00,306.00,104.00,306.00,132.00,238.00,132.00
238.00,103.00,304.00,103.00,304.00,130.00,238.00,130.00
238.00,102.00,303.00,102.00,303.00,129.00,238.00,129.00
236.00,102.00,300.00,102.00,300.00,128.00,236.00,128.00
234.00,103.00,297.00,103.00,297.00,129.00,234.00,129.00
233.00,102.00,293.00,102.00,293.00,128.00,233.00,128.00
232.00,102.00,293.00,102.00,293.00,129.00,232.00,129.00
232.00,101.00,294.00,101.00,294.00,130.00,232.00,130.00
232.00,101.00,292.00,101.00,292.00,130.00,232.00,130.00
228.00,104.00,288.00,104.00,288.00,133.00,228.00,133.00
230.00,102.00,288.00,102.00,288.00,131.00,230.00,131.00
230.00,104.00,286.00,104.00,286.00,132.00,230.00,132.00
230.00,106.00,285.00,106.00,285.00,134.00,230.00,134.00
232.00,107.00,285.00,107.00,285.00,134.00,232.00,134.00
233.00,108.00,287.00,108.00,287.00,135.00,233.00,135.00
233.00,109.00,287.00,109.00,287.00,136.00,233.00,136.00
233.00,110.00,287.00,110.00,287.00,136.00,233.00,136.00
236.00,111.00,288.00,111.00,288.00,137.00,236.00,137.00
238.00,109.00,295.00,109.00,295.00,137.00,238.00,137.00
239.00,112.00,289.00,112.00,289.00,138.00,239.00,138.00
239.00,111.00,288.00,111.00,288.00,138.00,239.00,138.00
235.00,111.00,291.00,111.00,291.00,139.00,235.00,139.00
239.00,111.00,286.00,111.00,286.00,137.00,239.00,137.00
239.00,108.00,295.00,108.00,295.00,136.00,239.00,136.00
241.00,111.00,287.00,111.00,287.00,136.00,241.00,136.00
240.00,110.00,285.00,110.00,285.00,135.00,240.00,135.00
244.00,109.00,290.00,109.00,290.00,134.00,244.00,134.00
242.00,109.00,287.00,109.00,287.00,134.00,242.00,134.00
243.00,108.00,288.00,108.00,288.00,133.00,243.00,133.00
244.00,109.00,289.00,109.00,289.00,134.00,244.00,134.00
244.00,109.00,288.00,109.00,288.00,133.00,244.00,133.00
251.00,93.00,295.00,93.00,295.00,117.00,251.00,117.00
248.00,102.00,292.00,102.00,292.00,126.00,248.00,126.00
244.00,112.00,289.00,112.00,289.00,137.00,244.00,137.00
244.00,112.00,290.00,112.00,290.00,137.00,244.00,137.00
246.00,114.00,291.00,114.00,291.00,138.00,246.00,138.00
247.00,113.00,292.00,113.00,292.00,138.00,247.00,138.00
247.00,112.00,293.00,112.00,293.00,137.00,247.00,137.00
246.00,113.00,292.00,113.00,292.00,138.00,246.00,138.00
247.00,114.00,294.00,114.00,294.00,139.00,247.00,139.00
247.00,116.00,294.00,116.00,294.00,141.00,247.00,141.00
248.00,116.00,295.00,116.00,295.00,140.00,248.00,140.00
246.00,117.00,292.00,117.00,292.00,142.00,246.00,142.00
247.00,117.00,292.00,117.00,292.00,141.00,247.00,141.00
247.00,117.00,292.00,117.00,292.00,141.00,247.00,141.00
247.00,117.00,291.00,117.00,291.00,141.00,247.00,141.00
248.00,117.00,292.00,117.00,292.00,141.00,248.00,141.00
248.00,118.00,292.00,118.00,292.00,142.00,248.00,142.00
248.00,117.00,290.00,117.00,290.00,140.00,248.00,140.00
249.00,116.00,292.00,116.00,292.00,140.00,249.00,140.00
248.00,116.00,291.00,116.00,291.00,140.00,248.00,140.00
247.00,118.00,291.00,118.00,291.00,141.00,247.00,141.00
247.00,118.00,291.00,118.00,291.00,141.00,247.00,141.00
248.00,118.00,291.00,118.00,291.00,141.00,248.00,141.00
248.00,117.00,291.00,117.00,291.00,140.00,248.00,140.00
248.00,117.00,290.00,117.00,290.00,140.00,248.00,140.00
249.00,117.00,290.00,117.00,290.00,140.00,249.00,140.00
250.00,116.00,290.00,116.00,290.00,140.00,250.00,140.00
249.00,115.00,289.00,115.00,289.00,139.00,249.00,139.00
249.00,115.00,289.00,115.00,289.00,139.00,249.00,139.00
250.00,114.00,288.00,114.00,288.00,138.00,250.00,138.00
250.00,113.00,289.00,113.00,289.00,138.00,250.00,138.00
250.00,114.00,290.00,114.00,290.00,139.00,250.00,139.00
250.00,114.00,291.00,114.00,291.00,138.00,250.00,138.00
250.00,115.00,293.00,115.00,293.00,139.00,250.00,139.00
251.00,115.00,294.00,115.00,294.00,138.00,251.00,138.00
250.00,116.00,293.00,116.00,293.00,139.00,250.00,139.00
250.00,115.00,294.00,115.00,294.00,138.00,250.00,138.00
250.00,115.00,294.00,115.00,294.00,138.00,250.00,138.00
250.00,115.00,294.00,115.00,294.00,138.00,250.00,138.00
250.00,115.00,295.00,115.00,295.00,139.00,250.00,139.00
252.00,115.00,295.00,115.00,295.00,138.00,252.00,138.00
253.00,114.00,295.00,114.00,295.00,138.00,253.00,138.00
253.00,114.00,295.00,114.00,295.00,138.00,253.00,138.00
255.00,114.00,296.00,114.00,296.00,138.00,255.00,138.00
257.00,114.00,297.00,114.00,297.00,136.00,257.00,136.00
257.00,115.00,297.00,115.00,297.00,138.00,257.00,138.00
258.00,115.00,297.00,115.00,297.00,139.00,258.00,139.00
260.00,114.00,299.00,114.00,299.00,138.00,260.00,138.00
259.00,114.00,298.00,114.00,298.00,138.00,259.00,138.00
259.00,115.00,296.00,115.00,296.00,138.00,259.00,138.00
258.00,112.00,296.00,112.00,296.00,134.00,258.00,134.00
258.00,112.00,295.00,112.00,295.00,134.00,258.00,134.00
258.00,113.00,296.00,113.00,296.00,136.00,258.00,136.00
258.00,114.00,295.00,114.00,295.00,137.00,258.00,137.00
262.00,124.00,296.00,124.00,296.00,146.00,262.00,146.00
256.00,121.00,297.00,121.00,297.00,147.00,256.00,147.00
254.00,111.00,295.00,111.00,295.00,137.00,254.00,137.00
252.00,109.00,293.00,109.00,293.00,135.00,252.00,135.00
252.00,107.00,292.00,107.00,292.00,133.00,252.00,133.00
252.00,116.00,292.00,116.00,292.00,142.00,252.00,142.00
251.00,123.00,291.00,123.00,291.00,144.00,251.00,144.00
251.00,113.00,291.00,113.00,291.00,137.00,251.00,137.00
249.00,109.00,291.00,109.00,291.00,134.00,249.00,134.00
249.00,108.00,291.00,108.00,291.00,133.00,249.00,133.00
248.00,110.00,290.00,110.00,290.00,135.00,248.00,135.00
251.00,125.00,291.00,125.00,291.00,151.00,251.00,151.00
249.00,113.00,291.00,113.00,291.00,136.00,249.00,136.00
241.00,107.00,287.00,107.00,287.00,132.00,241.00,132.00
240.00,106.00,286.00,106.00,286.00,132.00,240.00,132.00
239.00,106.00,285.00,106.00,285.00,131.00,239.00,131.00
239.00,106.00,284.00,106.00,284.00,131.00,239.00,131.00
236.00,107.00,282.00,107.00,282.00,133.00,236.00,133.00
235.00,108.00,281.00,108.00,281.00,135.00,235.00,135.00
234.00,109.00,280.00,109.00,280.00,136.00,234.00,136.00
233.00,109.00,279.00,109.00,279.00,136.00,233.00,136.00
230.00,111.00,276.00,111.00,276.00,138.00,230.00,138.00
229.00,110.00,275.00,110.00,275.00,137.00,229.00,137.00
226.00,110.00,273.00,110.00,273.00,136.00,226.00,136.00
224.00,112.00,273.00,112.00,273.00,139.00,224.00,139.00
223.00,112.00,270.00,112.00,270.00,138.00,223.00,138.00
220.00,113.00,268.00,113.00,268.00,139.00,220.00,139.00
220.00,112.00,267.00,112.00,267.00,138.00,220.00,138.00
218.00,113.00,265.00,113.00,265.00,139.00,218.00,139.00
216.00,114.00,264.00,114.00,264.00,141.00,216.00,141.00
214.00,114.00,262.00,114.00,262.00,141.00,214.00,141.00
212.00,115.00,259.00,115.00,259.00,142.00,212.00,142.00
212.00,116.00,259.00,116.00,259.00,143.00,212.00,143.00
211.00,116.00,257.00,116.00,257.00,142.00,211.00,142.00
208.00,116.00,255.00,116.00,255.00,143.00,208.00,143.00
207.00,116.00,254.00,116.00,254.00,143.00,207.00,143.00
206.00,117.00,252.00,117.00,252.00,145.00,206.00,145.00
205.00,119.00,251.00,119.00,251.00,147.00,205.00,147.00
204.00,121.00,251.00,121.00,251.00,149.00,204.00,149.00
202.00,124.00,248.00,124.00,248.00,153.00,202.00,153.00
200.00,123.00,246.00,123.00,246.00,150.00,200.00,150.00
201.00,125.00,245.00,125.00,245.00,151.00,201.00,151.00
198.00,125.00,242.00,125.00,242.00,151.00,198.00,151.00
198.00,124.00,241.00,124.00,241.00,148.00,198.00,148.00
197.00,124.00,240.00,124.00,240.00,148.00,197.00,148.00
197.00,125.00,240.00,125.00,240.00,149.00,197.00,149.00
195.00,126.00,239.00,126.00,239.00,151.00,195.00,151.00
196.00,127.00,239.00,127.00,239.00,151.00,196.00,151.00
195.00,127.00,238.00,127.00,238.00,152.00,195.00,152.00
194.00,125.00,237.00,125.00,237.00,149.00,194.00,149.00
190.00,125.00,233.00,125.00,233.00,150.00,190.00,150.00
192.00,124.00,233.00,124.00,233.00,147.00,192.00,147.00
191.00,123.00,232.00,123.00,232.00,147.00,191.00,147.00
189.00,123.00,231.00,123.00,231.00,148.00,189.00,148.00
187.00,121.00,230.00,121.00,230.00,146.00,187.00,146.00
186.00,120.00,229.00,120.00,229.00,144.00,186.00,144.00
184.00,118.00,227.00,118.00,227.00,142.00,184.00,142.00
185.00,117.00,228.00,117.00,228.00,141.00,185.00,141.00
182.00,116.00,224.00,116.00,224.00,140.00,182.00,140.00
179.00,114.00,222.00,114.00,222.00,138.00,179.00,138.00
179.00,113.00,222.00,113.00,222.00,137.00,179.00,137.00
178.00,112.00,220.00,112.00,220.00,136.00,178.00,136.00
177.00,111.00,219.00,111.00,219.00,135.00,177.00,135.00
174.00,109.00,215.00,109.00,215.00,132.00,174.00,132.00
173.00,108.00,215.00,108.00,215.00,130.00,173.00,130.00
172.00,107.00,213.00,107.00,213.00,129.00,172.00,129.00
172.00,106.00,212.00,106.00,212.00,128.00,172.00,128.00
170.00,105.00,210.00,105.00,210.00,126.00,170.00,126.00
169.00,105.00,208.00,105.00,208.00,126.00,169.00,126.00
167.00,104.00,207.00,104.00,207.00,126.00,167.00,126.00
167.00,103.00,207.00,103.00,207.00,125.00,167.00,125.00
166.00,104.00,206.00,104.00,206.00,126.00,166.00,126.00
163.00,104.00,203.00,104.00,203.00,126.00,163.00,126.00
162.00,104.00,202.00,104.00,202.00,126.00,162.00,126.00
160.00,104.00,202.00,104.00,202.00,126.00,160.00,126.00
158.00,103.00,199.00,103.00,199.00,125.00,158.00,125.00
157.00,103.00,198.00,103.00,198.00,125.00,157.00,125.00
156.00,103.00,197.00,103.00,197.00,125.00,156.00,125.00
156.00,102.00,197.00,102.00,197.00,124.00,156.00,124.00
157.00,102.00,197.00,102.00,197.00,124.00,157.00,124.00
156.00,102.00,195.00,102.00,195.00,123.00,156.00,123.00
155.00,101.00,194.00,101.00,194.00,123.00,155.00,123.00
154.00,101.00,192.00,101.00,192.00,122.00,154.00,122.00
155.00,100.00,193.00,100.00,193.00,122.00,155.00,122.00
154.00,100.00,192.00,100.00,192.00,122.00,154.00,122.00
155.00,100.00,192.00,100.00,192.00,122.00,155.00,122.00
153.00,100.00,190.00,100.00,190.00,121.00,153.00,121.00
153.00,101.00,190.00,101.00,190.00,123.00,153.00,123.00
153.00,102.00,190.00,102.00,190.00,123.00,153.00,123.00
153.00,101.00,189.00,101.00,189.00,123.00,153.00,123.00
152.00,101.00,188.00,101.00,188.00,122.00,152.00,122.00
151.00,103.00,187.00,103.00,187.00,124.00,151.00,124.00
151.00,103.00,187.00,103.00,187.00,124.00,151.00,124.00
153.00,103.00,187.00,103.00,187.00,123.00,153.00,123.00
152.00,103.00,187.00,103.00,187.00,124.00,152.00,124.00
153.00,103.00,188.00,103.00,188.00,124.00,153.00,124.00
153.00,104.00,189.00,104.00,189.00,125.00,153.00,125.00
153.00,105.00,188.00,105.00,188.00,126.00,153.00,126.00
152.00,105.00,187.00,105.00,187.00,127.00,152.00,127.00
152.00,106.00,187.00,106.00,187.00,128.00,152.00,128.00
152.00,106.00,187.00,106.00,187.00,128.00,152.00,128.00
151.00,105.00,187.00,105.00,187.00,127.00,151.00,127.00
151.00,105.00,188.00,105.00,188.00,127.00,151.00,127.00
151.00,106.00,187.00,106.00,187.00,128.00,151.00,128.00
151.00,106.00,188.00,106.00,188.00,129.00,151.00,129.00
150.00,105.00,186.00,105.00,186.00,128.00,150.00,128.00
151.00,104.00,186.00,104.00,186.00,128.00,151.00,128.00
150.00,106.00,186.00,106.00,186.00,130.00,150.00,130.00
151.00,104.00,187.00,104.00,187.00,127.00,151.00,127.00
150.00,105.00,188.00,105.00,188.00,128.00,150.00,128.00
149.00,105.00,187.00,105.00,187.00,129.00,149.00,129.00
149.00,105.00,188.00,105.00,188.00,130.00,149.00,130.00
149.00,105.00,188.00,105.00,188.00,129.00,149.00,129.00
149.00,105.00,187.00,105.00,187.00,129.00,149.00,129.00
150.00,105.00,188.00,105.00,188.00,129.00,150.00,129.00
150.00,105.00,187.00,105.00,187.00,129.00,150.00,129.00
150.00,104.00,186.00,104.00,186.00,128.00,150.00,128.00
149.00,104.00,186.00,104.00,186.00,127.00,149.00,127.00
149.00,105.00,186.00,105.00,186.00,128.00,149.00,128.00
148.00,105.00,185.00,105.00,185.00,129.00,148.00,129.00
149.00,105.00,185.00,105.00,185.00,129.00,149.00,129.00
149.00,104.00,186.00,104.00,186.00,129.00,149.00,129.00
148.00,103.00,186.00,103.00,186.00,128.00,148.00,128.00
147.00,104.00,186.00,104.00,186.00,130.00,147.00,130.00
147.00,103.00,185.00,103.00,185.00,128.00,147.00,128.00
147.00,103.00,184.00,103.00,184.00,128.00,147.00,128.00
146.00,102.00,184.00,102.00,184.00,127.00,146.00,127.00
146.00,103.00,183.00,103.00,183.00,128.00,146.00,128.00
144.00,103.00,182.00,103.00,182.00,126.00,144.00,126.00
145.00,103.00,183.00,103.00,183.00,127.00,145.00,127.00
143.00,105.00,182.00,105.00,182.00,128.00,143.00,128.00
142.00,105.00,183.00,105.00,183.00,128.00,142.00,128.00
141.00,105.00,183.00,105.00,183.00,128.00,141.00,128.00
141.00,104.00,182.00,104.00,182.00,127.00,141.00,127.00
141.00,103.00,183.00,103.00,183.00,127.00,141.00,127.00
141.00,102.00,183.00,102.00,183.00,126.00,141.00,126.00
140.00,102.00,181.00,102.00,181.00,126.00,140.00,126.00
140.00,101.00,182.00,101.00,182.00,125.00,140.00,125.00
139.00,101.00,183.00,101.00,183.00,125.00,139.00,125.00
138.00,100.00,181.00,100.00,181.00,126.00,138.00,126.00
139.00,100.00,182.00,100.00,182.00,125.00,139.00,125.00
137.00,99.00,181.00,99.00,181.00,125.00,137.00,125.00
139.00,98.00,182.00,98.00,182.00,124.00,139.00,124.00
139.00,98.00,184.00,98.00,184.00,125.00,139.00,125.00
138.00,98.00,183.00,98.00,183.00,124.00,138.00,124.00
138.00,97.00,184.00,97.00,184.00,123.00,138.00,123.00
137.00,98.00,184.00,98.00,184.00,123.00,137.00,123.00
137.00,97.00,184.00,97.00,184.00,124.00,137.00,124.00
137.00,96.00,184.00,96.00,184.00,123.00,137.00,123.00
137.00,96.00,184.00,96.00,184.00,124.00,137.00,124.00
138.00,96.00,184.00,96.00,184.00,124.00,138.00,124.00
138.00,95.00,184.00,95.00,184.00,122.00,138.00,122.00
138.00,95.00,184.00,95.00,184.00,123.00,138.00,123.00
139.00,95.00,185.00,95.00,185.00,122.00,139.00,122.00
138.00,95.00,184.00,95.00,184.00,122.00,138.00,122.00
137.00,94.00,185.00,94.00,185.00,121.00,137.00,121.00
137.00,94.00,185.00,94.00,185.00,121.00,137.00,121.00
137.00,94.00,186.00,94.00,186.00,121.00,137.00,121.00
138.00,94.00,187.00,94.00,187.00,121.00,138.00,121.00
139.00,94.00,188.00,94.00,188.00,121.00,139.00,121.00
139.00,94.00,188.00,94.00,188.00,121.00,139.00,121.00
138.00,93.00,187.00,93.00,187.00,121.00,138.00,121.00
137.00,94.00,188.00,94.00,188.00,122.00,137.00,122.00
137.00,94.00,189.00,94.00,189.00,122.00,137.00,122.00
136.00,93.00,188.00,93.00,188.00,122.00,136.00,122.00
137.00,92.00,189.00,92.00,189.00,122.00,137.00,122.00
137.00,93.00,189.00,93.00,189.00,122.00,137.00,122.00
136.00,94.00,190.00,94.00,190.00,123.00,136.00,123.00
136.00,93.00,191.00,93.00,191.00,124.00,136.00,124.00
136.00,92.00,191.00,92.00,191.00,123.00,136.00,123.00
136.00,92.00,192.00,92.00,192.00,124.00,136.00,124.00
137.00,92.00,193.00,92.00,193.00,124.00,137.00,124.00
136.00,92.00,194.00,92.00,194.00,123.00,136.00,123.00
137.00,93.00,194.00,93.00,194.00,123.00,137.00,123.00
137.00,93.00,194.00,93.00,194.00,124.00,137.00,124.00
138.00,93.00,195.00,93.00,195.00,124.00,138.00,124.00
136.00,94.00,196.00,94.00,196.00,125.00,136.00,125.00
138.00,93.00,196.00,93.00,196.00,124.00,138.00,124.00
139.00,94.00,196.00,94.00,196.00,125.00,139.00,125.00
138.00,94.00,196.00,94.00,196.00,126.00,138.00,126.00
138.00,94.00,197.00,94.00,197.00,126.00,138.00,126.00
138.00,94.00,198.00,94.00,198.00,126.00,138.00,126.00
140.00,94.00,199.00,94.00,199.00,126.00,140.00,126.00
139.00,95.00,199.00,95.00,199.00,127.00,139.00,127.00
140.00,95.00,200.00,95.00,200.00,127.00,140.00,127.00
140.00,95.00,200.00,95.00,200.00,128.00,140.00,128.00
140.00,95.00,200.00,95.00,200.00,127.00,140.00,127.00
140.00,95.00,199.00,95.00,199.00,127.00,140.00,127.00
140.00,96.00,199.00,96.00,199.00,128.00,140.00,128.00
140.00,96.00,199.00,96.00,199.00,128.00,140.00,128.00
140.00,96.00,199.00,96.00,199.00,129.00,140.00,129.00
141.00,96.00,199.00,96.00,199.00,128.00,141.00,128.00
140.00,96.00,198.00,96.00,198.00,128.00,140.00,128.00
141.00,97.00,199.00,97.00,199.00,129.00,141.00,129.00
140.00,98.00,199.00,98.00,199.00,130.00,140.00,130.00
141.00,97.00,200.00,97.00,200.00,129.00,141.00,129.00
140.00,98.00,200.00,98.00,200.00,130.00,140.00,130.00
139.00,98.00,200.00,98.00,200.00,129.00,139.00,129.00
140.00,99.00,200.00,99.00,200.00,130.00,140.00,130.00
140.00,99.00,199.00,99.00,199.00,130.00,140.00,130.00
139.00,100.00,197.00,100.00,197.00,131.00,139.00,131.00
138.00,100.00,195.00,100.00,195.00,131.00,138.00,131.00
136.00,99.00,194.00,99.00,194.00,131.00,136.00,131.00
136.00,99.00,193.00,99.00,193.00,131.00,136.00,131.00
137.00,100.00,191.00,100.00,191.00,131.00,137.00,131.00
139.00,99.00,191.00,99.00,191.00,131.00,139.00,131.00
138.00,98.00,192.00,98.00,192.00,130.00,138.00,130.00
139.00,98.00,191.00,98.00,191.00,129.00,139.00,129.00
141.00,98.00,194.00,98.00,194.00,129.00,141.00,129.00
142.00,98.00,195.00,98.00,195.00,129.00,142.00,129.00
145.00,100.00,195.00,100.00,195.00,129.00,145.00,129.00
145.00,98.00,196.00,98.00,196.00,127.00,145.00,127.00
145.00,96.00,196.00,96.00,196.00,126.00,145.00,126.00
148.00,97.00,199.00,97.00,199.00,126.00,148.00,126.00
151.00,97.00,202.00,97.00,202.00,126.00,151.00,126.00
153.00,98.00,205.00,98.00,205.00,126.00,153.00,126.00
154.00,97.00,206.00,97.00,206.00,126.00,154.00,126.00
155.00,95.00,205.00,95.00,205.00,124.00,155.00,124.00
156.00,96.00,206.00,96.00,206.00,126.00,156.00,126.00
158.00,95.00,208.00,95.00,208.00,124.00,158.00,124.00
159.00,94.00,208.00,94.00,208.00,122.00,159.00,122.00
161.00,93.00,208.00,93.00,208.00,121.00,161.00,121.00
162.00,93.00,209.00,93.00,209.00,121.00,162.00,121.00
164.00,92.00,209.00,92.00,209.00,120.00,164.00,120.00
167.00,92.00,212.00,92.00,212.00,119.00,167.00,119.00
169.00,91.00,212.00,91.00,212.00,118.00,169.00,118.00
171.00,91.00,214.00,91.00,214.00,119.00,171.00,119.00
174.00,89.00,216.00,89.00,216.00,117.00,174.00,117.00
177.00,89.00,219.00,89.00,219.00,117.00,177.00,117.00
179.00,89.00,220.00,89.00,220.00,117.00,179.00,117.00
181.00,88.00,220.00,88.00,220.00,115.00,181.00,115.00
184.00,89.00,223.00,89.00,223.00,115.00,184.00,115.00
187.00,89.00,226.00,89.00,226.00,114.00,187.00,114.00
190.00,91.00,230.00,91.00,230.00,115.00,190.00,115.00
193.00,91.00,233.00,91.00,233.00,115.00,193.00,115.00
192.00,90.00,231.00,90.00,231.00,115.00,192.00,115.00
197.00,94.00,234.00,94.00,234.00,118.00,197.00,118.00
200.00,97.00,237.00,97.00,237.00,121.00,200.00,121.00
199.00,94.00,235.00,94.00,235.00,118.00,199.00,118.00
203.00,98.00,238.00,98.00,238.00,123.00,203.00,123.00
205.00,96.00,243.00,96.00,243.00,124.00,205.00,124.00
203.00,100.00,239.00,100.00,239.00,125.00,203.00,125.00
201.00,101.00,238.00,101.00,238.00,127.00,201.00,127.00
203.00,101.00,241.00,101.00,241.00,129.00,203.00,129.00
203.00,103.00,240.00,103.00,240.00,130.00,203.00,130.00
206.00,107.00,240.00,107.00,240.00,131.00,206.00,131.00
207.00,108.00,241.00,108.00,241.00,132.00,207.00,132.00
207.00,107.00,243.00,107.00,243.00,133.00,207.00,133.00
208.00,110.00,241.00,110.00,241.00,134.00,208.00,134.00
208.00,111.00,240.00,111.00,240.00,134.00,208.00,134.00
208.00,112.00,239.00,112.00,239.00,135.00,208.00,135.00
208.00,113.00,239.00,113.00,239.00,136.00,208.00,136.00
208.00,114.00,239.00,114.00,239.00,137.00,208.00,137.00
207.00,114.00,238.00,114.00,238.00,137.00,207.00,137.00
207.00,116.00,238.00,116.00,238.00,140.00,207.00,140.00
207.00,116.00,238.00,116.00,238.00,139.00,207.00,139.00
206.00,117.00,238.00,117.00,238.00,140.00,206.00,140.00
204.00,118.00,237.00,118.00,237.00,141.00,204.00,141.00
205.00,120.00,236.00,120.00,236.00,141.00,205.00,141.00
203.00,120.00,235.00,120.00,235.00,141.00,203.00,141.00
202.00,121.00,234.00,121.00,234.00,142.00,202.00,142.00
201.00,121.00,233.00,121.00,233.00,143.00,201.00,143.00
201.00,122.00,233.00,122.00,233.00,144.00,201.00,144.00
200.00,123.00,232.00,123.00,232.00,145.00,200.00,145.00
199.00,124.00,231.00,124.00,231.00,146.00,199.00,146.00
199.00,125.00,230.00,125.00,230.00,146.00,199.00,146.00
198.00,125.00,230.00,125.00,230.00,147.00,198.00,147.00
198.00,126.00,229.00,126.00,229.00,147.00,198.00,147.00
196.00,126.00,227.00,126.00,227.00,148.00,196.00,148.00
196.00,126.00,226.00,126.00,226.00,148.00,196.00,148.00
194.00,126.00,223.00,126.00,223.00,147.00,194.00,147.00
194.00,126.00,224.00,126.00,224.00,148.00,194.00,148.00
192.00,126.00,222.00,126.00,222.00,148.00,192.00,148.00
192.00,126.00,222.00,126.00,222.00,148.00,192.00,148.00
190.00,127.00,221.00,127.00,221.00,149.00,190.00,149.00
189.00,126.00,220.00,126.00,220.00,148.00,189.00,148.00
189.00,125.00,219.00,125.00,219.00,146.00,189.00,146.00
188.00,125.00,217.00,125.00,217.00,147.00,188.00,147.00
188.00,124.00,217.00,124.00,217.00,146.00,188.00,146.00
188.00,123.00,217.00,123.00,217.00,144.00,188.00,144.00
188.00,123.00,216.00,123.00,216.00,144.00,188.00,144.00
188.00,123.00,216.00,123.00,216.00,143.00,188.00,143.00
187.00,122.00,216.00,122.00,216.00,143.00,187.00,143.00
187.00,121.00,215.00,121.00,215.00,142.00,187.00,142.00
187.00,120.00,216.00,120.00,216.00,140.00,187.00,140.00
186.00,119.00,215.00,119.00,215.00,139.00,186.00,139.00
187.00,119.00,216.00,119.00,216.00,140.00,187.00,140.00
186.00,118.00,215.00,118.00,215.00,138.00,186.00,138.00
185.00,117.00,215.00,117.00,215.00,137.00,185.00,137.00
185.00,117.00,215.00,117.00,215.00,136.00,185.00,136.00
184.00,116.00,213.00,116.00,213.00,135.00,184.00,135.00
183.00,116.00,212.00,116.00,212.00,135.00,183.00,135.00
183.00,115.00,212.00,115.00,212.00,134.00,183.00,134.00
183.00,115.00,208.00,115.00,208.00,136.00,183.00,136.00
180.00,114.00,208.00,114.00,208.00,132.00,180.00,132.00
180.00,114.00,208.00,114.00,208.00,133.00,180.00,133.00
178.00,113.00,206.00,113.00,206.00,131.00,178.00,131.00
177.00,113.00,205.00,113.00,205.00,131.00,177.00,131.00
176.00,113.00,202.00,113.00,202.00,131.00,176.00,131.00
175.00,113.00,201.00,113.00,201.00,132.00,175.00,132.00
174.00,113.00,200.00,113.00,200.00,131.00,174.00,131.00
173.00,112.00,198.00,112.00,198.00,130.00,173.00,130.00
172.00,113.00,197.00,113.00,197.00,132.00,172.00,132.00
171.00,111.00,195.00,111.00,195.00,130.00,171.00,130.00
170.00,111.00,195.00,111.00,195.00,130.00,170.00,130.00
168.00,110.00,193.00,110.00,193.00,129.00,168.00,129.00
167.00,110.00,192.00,110.00,192.00,129.00,167.00,129.00
167.00,108.00,192.00,108.00,192.00,127.00,167.00,127.00
166.00,108.00,192.00,108.00,192.00,127.00,166.00,127.00
166.00,107.00,191.00,107.00,191.00,126.00,166.00,126.00
164.00,106.00,191.00,106.00,191.00,125.00,164.00,125.00
163.00,105.00,189.00,105.00,189.00,124.00,163.00,124.00
163.00,105.00,190.00,105.00,190.00,124.00,163.00,124.00
163.00,103.00,190.00,103.00,190.00,123.00,163.00,123.00
163.00,104.00,191.00,104.00,191.00,125.00,163.00,125.00
162.00,103.00,191.00,103.00,191.00,124.00,162.00,124.00
162.00,102.00,191.00,102.00,191.00,123.00,162.00,123.00
161.00,100.00,190.00,100.00,190.00,121.00,161.00,121.00
160.00,100.00,190.00,100.00,190.00,121.00,160.00,121.00
161.00,101.00,190.00,101.00,190.00,122.00,161.00,122.00
162.00,101.00,191.00,101.00,191.00,122.00,162.00,122.00
161.00,101.00,190.00,101.00,190.00,121.00,161.00,121.00
161.00,100.00,190.00,100.00,190.00,121.00,161.00,121.00
161.00,101.00,190.00,101.00,190.00,122.00,161.00,122.00
161.00,101.00,189.00,101.00,189.00,122.00,161.00,122.00
161.00,102.00,189.00,102.00,189.00,123.00,161.00,123.00
161.00,102.00,189.00,102.00,189.00,123.00,161.00,123.00
160.00,104.00,187.00,104.00,187.00,125.00,160.00,125.00
160.00,104.00,188.00,104.00,188.00,125.00,160.00,125.00
159.00,105.00,188.00,105.00,188.00,126.00,159.00,126.00
158.00,105.00,186.00,105.00,186.00,126.00,158.00,126.00
157.00,106.00,186.00,106.00,186.00,127.00,157.00,127.00
155.00,106.00,183.00,106.00,183.00,127.00,155.00,127.00
155.00,106.00,182.00,106.00,182.00,127.00,155.00,127.00
154.00,106.00,181.00,106.00,181.00,127.00,154.00,127.00
153.00,107.00,180.00,107.00,180.00,129.00,153.00,129.00
151.00,107.00,178.00,107.00,178.00,128.00,151.00,128.00
150.00,108.00,176.00,108.00,176.00,129.00,150.00,129.00
148.00,107.00,175.00,107.00,175.00,129.00,148.00,129.00
147.00,107.00,173.00,107.00,173.00,129.00,147.00,129.00
147.00,107.00,173.00,107.00,173.00,129.00,147.00,129.00
144.00,109.00,170.00,109.00,170.00,131.00,144.00,131.00
144.00,108.00,170.00,108.00,170.00,131.00,144.00,131.00
142.00,109.00,168.00,109.00,168.00,131.00,142.00,131.00
141.00,108.00,167.00,108.00,167.00,130.00,141.00,130.00
141.00,108.00,165.00,108.00,165.00,131.00,141.00,131.00
140.00,108.00,165.00,108.00,165.00,131.00,140.00,131.00
138.00,110.00,164.00,110.00,164.00,133.00,138.00,133.00
138.00,110.00,163.00,110.00,163.00,132.00,138.00,132.00
137.00,110.00,162.00,110.00,162.00,132.00,137.00,132.00
136.00,109.00,161.00,109.00,161.00,131.00,136.00,131.00
135.00,109.00,160.00,109.00,160.00,132.00,135.00,132.00
133.00,109.00,159.00,109.00,159.00,132.00,133.00,132.00
132.00,109.00,157.00,109.00,157.00,132.00,132.00,132.00
132.00,109.00,157.00,109.00,157.00,132.00,132.00,132.00
131.00,108.00,156.00,108.00,156.00,132.00,131.00,132.00
130.00,108.00,156.00,108.00,156.00,131.00,130.00,131.00
130.00,107.00,155.00,107.00,155.00,131.00,130.00,131.00
129.00,107.00,154.00,107.00,154.00,131.00,129.00,131.00
128.00,106.00,153.00,106.00,153.00,130.00,128.00,130.00
126.00,107.00,152.00,107.00,152.00,131.00,126.00,131.00
126.00,106.00,152.00,106.00,152.00,130.00,126.00,130.00
125.00,106.00,151.00,106.00,151.00,131.00,125.00,131.00
123.00,106.00,150.00,106.00,150.00,131.00,123.00,131.00
123.00,105.00,149.00,105.00,149.00,130.00,123.00,130.00
122.00,105.00,150.00,105.00,150.00,131.00,122.00,131.00
121.00,105.00,149.00,105.00,149.00,131.00,121.00,131.00
120.00,105.00,148.00,105.00,148.00,131.00,120.00,131.00
118.00,105.00,148.00,105.00,148.00,132.00,118.00,132.00
116.00,106.00,148.00,106.00,148.00,132.00,116.00,132.00
115.00,106.00,147.00,106.00,147.00,132.00,115.00,132.00
113.00,106.00,145.00,106.00,145.00,132.00,113.00,132.00
110.00,106.00,143.00,106.00,143.00,131.00,110.00,131.00
109.00,107.00,141.00,107.00,141.00,132.00,109.00,132.00
107.00,107.00,139.00,107.00,139.00,132.00,107.00,132.00
105.00,107.00,137.00,107.00,137.00,131.00,105.00,131.00
104.00,108.00,136.00,108.00,136.00,133.00,104.00,133.00
102.00,107.00,133.00,107.00,133.00,131.00,102.00,131.00
101.00,108.00,131.00,108.00,131.00,132.00,101.00,132.00
100.00,108.00,130.00,108.00,130.00,132.00,100.00,132.00
97.00,108.00,129.00,108.00,129.00,132.00,97.00,132.00
96.00,108.00,127.00,108.00,127.00,132.00,96.00,132.00
95.00,107.00,125.00,107.00,125.00,130.00,95.00,130.00
94.00,108.00,123.00,108.00,123.00,131.00,94.00,131.00
92.00,107.00,121.00,107.00,121.00,130.00,92.00,130.00
91.00,107.00,120.00,107.00,120.00,130.00,91.00,130.00
90.00,107.00,118.00,107.00,118.00,129.00,90.00,129.00
88.00,107.00,117.00,107.00,117.00,130.00,88.00,130.00
87.00,107.00,115.00,107.00,115.00,129.00,87.00,129.00
85.00,107.00,113.00,107.00,113.00,129.00,85.00,129.00
84.00,106.00,113.00,106.00,113.00,129.00,84.00,129.00
82.00,107.00,111.00,107.00,111.00,131.00,82.00,131.00
80.00,107.00,109.00,107.00,109.00,131.00,80.00,131.00
78.00,107.00,108.00,107.00,108.00,131.00,78.00,131.00
76.00,106.00,106.00,106.00,106.00,131.00,76.00,131.00
75.00,107.00,104.00,107.00,104.00,131.00,75.00,131.00
73.00,108.00,103.00,108.00,103.00,133.00,73.00,133.00
71.00,108.00,101.00,108.00,101.00,133.00,71.00,133.00
69.00,109.00,99.00,109.00,99.00,133.00,69.00,133.00
68.00,109.00,97.00,109.00,97.00,133.00,68.00,133.00
66.00,110.00,95.00,110.00,95.00,135.00,66.00,135.00
64.00,110.00,93.00,110.00,93.00,134.00,64.00,134.00
62.00,110.00,91.00,110.00,91.00,134.00,62.00,134.00
60.00,111.00,89.00,111.00,89.00,135.00,60.00,135.00
58.00,112.00,86.00,112.00,86.00,136.00,58.00,136.00
56.00,113.00,85.00,113.00,85.00,138.00,56.00,138.00
55.00,113.00,84.00,113.00,84.00,138.00,55.00,138.00
54.00,113.00,83.00,113.00,83.00,137.00,54.00,137.00
51.00,115.00,81.00,115.00,81.00,141.00,51.00,141.00
49.00,114.00,80.00,114.00,80.00,141.00,49.00,141.00
48.00,114.00,79.00,114.00,79.00,140.00,48.00,140.00
47.00,113.00,78.00,113.00,78.00,139.00,47.00,139.00
46.00,112.00,78.00,112.00,78.00,138.00,46.00,138.00
45.00,111.00,77.00,111.00,77.00,137.00,45.00,137.00
43.00,110.00,75.00,110.00,75.00,137.00,43.00,137.00
42.00,110.00,74.00,110.00,74.00,136.00,42.00,136.00
41.00,109.00,73.00,109.00,73.00,135.00,41.00,135.00
40.00,109.00,72.00,109.00,72.00,135.00,40.00,135.00
40.00,108.00,73.00,108.00,73.00,134.00,40.00,134.00
40.00,108.00,73.00,108.00,73.00,134.00,40.00,134.00
41.00,109.00,73.00,109.00,73.00,134.00,41.00,134.00
43.00,109.00,76.00,109.00,76.00,136.00,43.00,136.00
43.00,110.00,76.00,110.00,76.00,137.00,43.00,137.00
45.00,110.00,77.00,110.00,77.00,137.00,45.00,137.00
46.00,112.00,76.00,112.00,76.00,139.00,46.00,139.00
45.00,112.00,76.00,112.00,76.00,141.00,45.00,141.00
46.00,114.00,76.00,114.00,76.00,143.00,46.00,143.00
45.00,115.00,75.00,115.00,75.00,143.00,45.00,143.00
46.00,116.00,76.00,116.00,76.00,143.00,46.00,143.00
44.00,118.00,74.00,118.00,74.00,146.00,44.00,146.00
45.00,120.00,75.00,120.00,75.00,150.00,45.00,150.00
46.00,122.00,76.00,122.00,76.00,149.00,46.00,149.00
47.00,123.00,78.00,123.00,78.00,151.00,47.00,151.00
48.00,124.00,78.00,124.00,78.00,152.00,48.00,152.00
46.00,128.00,78.00,128.00,78.00,156.00,46.00,156.00
45.00,130.00,78.00,130.00,78.00,157.00,45.00,157.00
46.00,132.00,79.00,132.00,79.00,159.00,46.00,159.00
45.00,134.00,79.00,134.00,79.00,162.00,45.00,162.00
45.00,136.00,78.00,136.00,78.00,164.00,45.00,164.00
44.00,139.00,78.00,139.00,78.00,167.00,44.00,167.00
42.00,141.00,77.00,141.00,77.00,169.00,42.00,169.00
40.00,144.00,75.00,144.00,75.00,172.00,40.00,172.00
38.00,147.00,73.00,147.00,73.00,176.00,38.00,176.00
35.00,148.00,71.00,148.00,71.00,177.00,35.00,177.00
34.00,151.00,68.00,151.00,68.00,180.00,34.00,180.00
31.00,152.00,65.00,152.00,65.00,182.00,31.00,182.00
30.00,154.00,63.00,154.00,63.00,183.00,30.00,183.00
28.00,156.00,61.00,156.00,61.00,184.00,28.00,184.00
26.00,158.00,59.00,158.00,59.00,186.00,26.00,186.00
25.00,160.00,57.00,160.00,57.00,188.00,25.00,188.00
25.00,160.00,57.00,160.00,57.00,187.00,25.00,187.00
24.00,161.00,56.00,161.00,56.00,189.00,24.00,189.00
22.00,162.00,54.00,162.00,54.00,190.00,22.00,190.00
22.00,164.00,54.00,164.00,54.00,192.00,22.00,192.00
23.00,166.00,55.00,166.00,55.00,194.00,23.00,194.00
22.00,167.00,53.00,167.00,53.00,195.00,22.00,195.00
23.00,167.00,55.00,167.00,55.00,195.00,23.00,195.00
24.00,167.00,55.00,167.00,55.00,194.00,24.00,194.00
24.00,167.00,57.00,167.00,57.00,196.00,24.00,196.00
25.00,166.00,58.00,166.00,58.00,194.00,25.00,194.00
25.00,166.00,57.00,166.00,57.00,194.00,25.00,194.00
27.00,165.00,59.00,165.00,59.00,193.00,27.00,193.00
28.00,166.00,60.00,166.00,60.00,194.00,28.00,194.00
30.00,165.00,61.00,165.00,61.00,192.00,30.00,192.00
31.00,164.00,62.00,164.00,62.00,190.00,31.00,190.00
31.00,164.00,62.00,164.00,62.00,192.00,31.00,192.00
32.00,164.00,63.00,164.00,63.00,191.00,32.00,191.00
33.00,164.00,64.00,164.00,64.00,190.00,33.00,190.00
34.00,164.00,65.00,164.00,65.00,190.00,34.00,190.00
34.00,163.00,65.00,163.00,65.00,188.00,34.00,188.00
35.00,163.00,66.00,163.00,66.00,188.00,35.00,188.00
36.00,163.00,67.00,163.00,67.00,189.00,36.00,189.00
38.00,163.00,69.00,163.00,69.00,188.00,38.00,188.00
38.00,163.00,69.00,163.00,69.00,189.00,38.00,189.00
39.00,163.00,69.00,163.00,69.00,188.00,39.00,188.00
40.00,163.00,70.00,163.00,70.00,189.00,40.00,189.00
41.00,163.00,71.00,163.00,71.00,187.00,41.00,187.00
42.00,164.00,73.00,164.00,73.00,188.00,42.00,188.00
43.00,163.00,74.00,163.00,74.00,188.00,43.00,188.00
44.00,163.00,76.00,163.00,76.00,187.00,44.00,187.00
45.00,163.00,77.00,163.00,77.00,188.00,45.00,188.00
47.00,163.00,79.00,163.00,79.00,188.00,47.00,188.00
48.00,163.00,80.00,163.00,80.00,187.00,48.00,187.00
49.00,163.00,82.00,163.00,82.00,188.00,49.00,188.00
50.00,163.00,82.00,163.00,82.00,187.00,50.00,187.00
52.00,162.00,84.00,162.00,84.00,187.00,52.00,187.00
55.00,162.00,86.00,162.00,86.00,186.00,55.00,186.00
56.00,163.00,88.00,163.00,88.00,187.00,56.00,187.00
58.00,162.00,91.00,162.00,91.00,186.00,58.00,186.00
60.00,163.00,93.00,163.00,93.00,188.00,60.00,188.00
62.00,163.00,96.00,163.00,96.00,188.00,62.00,188.00
64.00,163.00,97.00,163.00,97.00,188.00,64.00,188.00
67.00,163.00,101.00,163.00,101.00,188.00,67.00,188.00
69.00,163.00,103.00,163.00,103.00,188.00,69.00,188.00
69.00,164.00,104.00,164.00,104.00,189.00,69.00,189.00
72.00,164.00,107.00,164.00,107.00,189.00,72.00,189.00
75.00,164.00,109.00,164.00,109.00,188.00,75.00,188.00
77.00,165.00,112.00,165.00,112.00,190.00,77.00,190.00
80.00,165.00,114.00,165.00,114.00,190.00,80.00,190.00
82.00,164.00,116.00,164.00,116.00,190.00,82.00,190.00
84.00,164.00,118.00,164.00,118.00,191.00,84.00,191.00
85.00,164.00,120.00,164.00,120.00,191.00,85.00,191.00
87.00,164.00,122.00,164.00,122.00,192.00,87.00,192.00
89.00,164.00,124.00,164.00,124.00,192.00,89.00,192.00
90.00,165.00,125.00,165.00,125.00,193.00,90.00,193.00
92.00,164.00,125.00,164.00,125.00,191.00,92.00,191.00
93.00,164.00,126.00,164.00,126.00,191.00,93.00,191.00
94.00,164.00,127.00,164.00,127.00,192.00,94.00,192.00
95.00,164.00,128.00,164.00,128.00,192.00,95.00,192.00
96.00,164.00,128.00,164.00,128.00,191.00,96.00,191.00
98.00,164.00,130.00,164.00,130.00,192.00,98.00,192.00
99.00,164.00,130.00,164.00,130.00,191.00,99.00,191.00
100.00,164.00,131.00,164.00,131.00,191.00,100.00,191.00
101.00,164.00,131.00,164.00,131.00,191.00,101.00,191.00
101.00,164.00,131.00,164.00,131.00,192.00,101.00,192.00
102.00,164.00,131.00,164.00,131.00,191.00,102.00,191.00
103.00,165.00,131.00,165.00,131.00,191.00,103.00,191.00
103.00,164.00,132.00,164.00,132.00,190.00,103.00,190.00
105.00,164.00,136.00,164.00,136.00,189.00,105.00,189.00
102.00,165.00,135.00,165.00,135.00,191.00,102.00,191.00
107.00,166.00,143.00,166.00,143.00,195.00,107.00,195.00
115.00,168.00,150.00,168.00,150.00,197.00,115.00,197.00
121.00,170.00,157.00,170.00,157.00,198.00,121.00,198.00
127.00,172.00,163.00,172.00,163.00,199.00,127.00,199.00
133.00,174.00,170.00,174.00,170.00,201.00,133.00,201.00
141.00,175.00,177.00,175.00,177.00,204.00,141.00,204.00
147.00,176.00,182.00,176.00,182.00,204.00,147.00,204.00
153.00,179.00,188.00,179.00,188.00,207.00,153.00,207.00
159.00,180.00,194.00,180.00,194.00,208.00,159.00,208.00
166.00,181.00,200.00,181.00,200.00,209.00,166.00,209.00
172.00,182.00,206.00,182.00,206.00,210.00,172.00,210.00
177.00,183.00,212.00,183.00,212.00,211.00,177.00,211.00
182.00,183.00,217.00,183.00,217.00,211.00,182.00,211.00
189.00,184.00,223.00,184.00,223.00,211.00,189.00,211.00
194.00,185.00,229.00,185.00,229.00,213.00,194.00,213.00
199.00,186.00,235.00,186.00,235.00,215.00,199.00,215.00
205.00,185.00,240.00,185.00,240.00,214.00,205.00,214.00
210.00,186.00,245.00,186.00,245.00,215.00,210.00,215.00
217.00,184.00,249.00,184.00,249.00,214.00,217.00,214.00
220.00,188.00,256.00,188.00,256.00,216.00,220.00,216.00
225.00,187.00,260.00,187.00,260.00,216.00,225.00,216.00
230.00,188.00,265.00,188.00,265.00,217.00,230.00,217.00
234.00,188.00,269.00,188.00,269.00,216.00,234.00,216.00
240.00,188.00,276.00,188.00,276.00,216.00,240.00,216.00
244.00,189.00,279.00,189.00,279.00,216.00,244.00,216.00
248.00,189.00,282.00,189.00,282.00,216.00,248.00,216.00
253.00,189.00,287.00,189.00,287.00,216.00,253.00,216.00
257.00,188.00,291.00,188.00,291.00,216.00,257.00,216.00
262.00,189.00,297.00,189.00,297.00,216.00,262.00,216.00
267.00,188.00,301.00,188.00,301.00,215.00,267.00,215.00
270.00,189.00,305.00,189.00,305.00,218.00,270.00,218.00
275.00,189.00,309.00,189.00,309.00,218.00,275.00,218.00
279.00,188.00,312.00,188.00,312.00,216.00,279.00,216.00
284.00,188.00,316.00,188.00,316.00,215.00,284.00,215.00
288.00,188.00,320.00,188.00,320.00,216.00,288.00,216.00
291.00,188.00,324.00,188.00,324.00,216.00,291.00,216.00
295.00,189.00,327.00,189.00,327.00,216.00,295.00,216.00
300.00,190.00,332.00,190.00,332.00,217.00,300.00,217.00
303.00,189.00,336.00,189.00,336.00,216.00,303.00,216.00
306.00,189.00,339.00,189.00,339.00,216.00,306.00,216.00
310.00,190.00,344.00,190.00,344.00,217.00,310.00,217.00
313.00,190.00,347.00,190.00,347.00,217.00,313.00,217.00
317.00,190.00,350.00,190.00,350.00,216.00,317.00,216.00
321.00,191.00,353.00,191.00,353.00,217.00,321.00,217.00
326.00,190.00,358.00,190.00,358.00,215.00,326.00,215.00
330.00,189.00,361.00,189.00,361.00,214.00,330.00,214.00
333.00,190.00,365.00,190.00,365.00,215.00,333.00,215.00
337.00,189.00,369.00,189.00,369.00,213.00,337.00,213.00
341.00,187.00,371.00,187.00,371.00,211.00,341.00,211.00
