1
263.00,92.00,332.00,92.00,332.00,127.00,263.00,127.00
265.00,95.00,333.00,95.00,333.00,131.00,265.00,131.00
265.00,98.00,331.00,98.00,331.00,133.00,265.00,133.00
266.00,102.00,333.00,102.00,333.00,134.00,266.00,134.00
265.00,103.00,333.00,103.00,333.00,136.00,265.00,136.00
265.00,105.00,331.00,105.00,331.00,140.00,265.00,140.00
265.00,108.00,331.00,108.00,331.00,141.00,265.00,141.00
263.00,109.00,329.00,109.00,329.00,142.00,263.00,142.00
260.00,110.00,327.00,110.00,327.00,142.00,260.00,142.00
259.00,110.00,326.00,110.00,326.00,143.00,259.00,143.00
259.00,110.00,328.00,110.00,328.00,142.00,259.00,142.00
258.00,109.00,327.00,109.00,327.00,142.00,258.00,142.00
258.00,109.00,327.00,109.00,327.00,143.00,258.00,143.00
257.00,109.00,326.00,109.00,326.00,142.00,257.00,142.00
257.00,109.00,326.00,109.00,326.00,141.00,257.00,141.00
256.00,109.00,325.00,109.00,325.00,141.00,256.00,141.00
254.00,108.00,324.00,108.00,324.00,140.00,254.00,140.00
253.00,107.00,324.00,107.00,324.00,139.00,253.00,139.00
252.00,107.00,323.00,107.00,323.00,139.00,252.00,139.00
250.00,106.00,322.00,106.00,322.00,138.00,250.00,138.00
248.00,105.00,321.00,105.00,321.00,138.00,248.00,138.00
244.00,104.00,320.00,104.00,320.00,138.00,244.00,138.00
244.00,104.00,317.00,104.00,317.00,137.00,244.00,137.00
243.00,103.00,317.00,103.00,317.00,136.00,243.00,136.00
241.00,102.00,314.00,102.00,314.00,134.00,241.00,134.00
238.00,102.00,312.00,102.00,312.00,135.00,238.00,135.00
240.00,102.00,310.00,102.00,310.00,133.00,240.00,133.00
237.00,101.00,307.00,101.00,307.00,133.00,237.00,133.00
237.00,102.00,305.00,102.00,305.00,133.00,237.00,133.00
235.00,101.00,303.00,101.00,303.00,131.00,235.00,131.00
234.00,101.00,302.00,101.00,302.00,131.00,234.00,131.00
234.00,98.00,302.00,98.00,302.00,128.00,234.00,128.00
232.00,100.00,298.00,100.00,298.00,129.00,232.00,129.00
231.00,102.00,297.00,102.00,297.00,131.00,231.00,131.00
230.00,102.00,295.00,102.00,295.00,131.00,230.00,131.00
228.00,102.00,291.00,102.00,291.00,132.00,228.00,132.00
226.00,103.00,290.00,103.00,290.00,133.00,226.00,133.00
228.00,103.00,289.00,103.00,289.00,133.00,228.00,133.00
227.00,104.00,287.00,104.00,287.00,133.00,227.00,133.00
225.00,106.00,286.00,106.00,286.00,136.00,225.00,136.00
228.00,108.00,287.00,108.00,287.00,136.00,228.00,136.00
228.00,107.00,288.00,107.00,288.00,135.00,228.00,135.00
228.00,108.00,289.00,108.00,289.00,136.00,228.00,136.00
230.00,109.00,294.00,109.00,294.00,138.00,230.00,138.00
229.00,111.00,290.00,111.00,290.00,139.00,229.00,139.00
230.00,111.00,295.00,111.00,295.00,140.00,230.00,140.00
233.00,111.00,290.00,111.00,290.00,138.00,233.00,138.00
232.00,110.00,296.00,110.00,296.00,139.00,232.00,139.00
232.00,111.00,289.00,111.00,289.00,139.00,232.00,139.00
232.00,109.00,296.00,109.00,296.00,138.00,232.00,138.00
234.00,108.00,297.00,108.00,297.00,136.00,234.00,136.00
235.00,110.00,298.00,110.00,298.00,138.00,235.00,138.00
237.00,111.00,291.00,111.00,291.00,138.00,237.00,138.00
236.00,110.00,290.00,110.00,290.00,137.00,236.00,137.00
238.00,109.00,291.00,109.00,291.00,135.00,238.00,135.00
238.00,108.00,292.00,108.00,292.00,135.00,238.00,135.00
237.00,107.00,291.00,107.00,291.00,134.00,237.00,134.00
239.00,109.00,292.00,109.00,292.00,136.00,239.00,136.00
239.00,105.00,292.00,105.00,292.00,132.00,239.00,132.00
240.00,110.00,292.00,110.00,292.00,137.00,240.00,137.00
239.00,109.00,291.00,109.00,291.00,136.00,239.00,136.00
240.00,111.00,292.00,111.00,292.00,138.00,240.00,138.00
239.00,112.00,291.00,112.00,291.00,138.00,239.00,138.00
240.00,113.00,292.00,113.00,292.00,139.00,240.00,139.00
240.00,113.00,293.00,113.00,293.00,139.00,240.00,139.00
241.00,113.00,293.00,113.00,293.00,139.00,241.00,139.00
243.00,115.00,295.00,115.00,295.00,141.00,243.00,141.00
243.00,114.00,294.00,114.00,294.00,140.00,243.00,140.00
243.00,116.00,296.00,116.00,296.00,142.00,243.00,142.00
243.00,116.00,294.00,116.00,294.00,141.00,243.00,141.00
242.00,117.00,293.00,117.00,293.00,142.00,242.00,142.00
244.00,117.00,294.00,117.00,294.00,142.00,244.00,142.00
244.00,116.00,293.00,116.00,293.00,141.00,244.00,141.00
246.00,117.00,293.00,117.00,293.00,141.00,246.00,141.00
246.00,118.00,293.00,118.00,293.00,142.00,246.00,142.00
246.00,116.00,292.00,116.00,292.00,140.00,246.00,140.00
247.00,118.00,293.00,118.00,293.00,142.00,247.00,142.00
245.00,116.00,291.00,116.00,291.00,140.00,245.00,140.00
245.00,116.00,291.00,116.00,291.00,140.00,245.00,140.00
245.00,117.00,291.00,117.00,291.00,141.00,245.00,141.00
246.00,118.00,292.00,118.00,292.00,142.00,246.00,142.00
245.00,118.00,291.00,118.00,291.00,140.00,245.00,140.00
245.00,117.00,290.00,117.00,290.00,139.00,245.00,139.00
245.00,116.00,290.00,116.00,290.00,139.00,245.00,139.00
245.00,116.00,289.00,116.00,289.00,139.00,245.00,139.00
247.00,115.00,290.00,115.00,290.00,138.00,247.00,138.00
248.00,115.00,290.00,115.00,290.00,139.00,248.00,139.00
246.00,113.00,289.00,113.00,289.00,138.00,246.00,138.00
246.00,116.00,289.00,116.00,289.00,139.00,246.00,139.00
246.00,116.00,290.00,116.00,290.00,139.00,246.00,139.00
247.00,117.00,291.00,117.00,291.00,140.00,247.00,140.00
248.00,116.00,292.00,116.00,292.00,138.00,248.00,138.00
248.00,116.00,293.00,116.00,293.00,138.00,248.00,138.00
248.00,115.00,294.00,115.00,294.00,137.00,248.00,137.00
247.00,116.00,294.00,116.00,294.00,138.00,247.00,138.00
246.00,116.00,294.00,116.00,294.00,137.00,246.00,137.00
249.00,116.00,296.00,116.00,296.00,138.00,249.00,138.00
248.00,115.00,296.00,115.00,296.00,138.00,248.00,138.00
249.00,115.00,296.00,115.00,296.00,138.00,249.00,138.00
250.00,115.00,295.00,115.00,295.00,138.00,250.00,138.00
251.00,113.00,296.00,113.00,296.00,135.00,251.00,135.00
253.00,115.00,297.00,115.00,297.00,137.00,253.00,137.00
251.00,115.00,296.00,115.00,296.00,136.00,251.00,136.00
254.00,115.00,298.00,115.00,298.00,138.00,254.00,138.00
256.00,114.00,299.00,114.00,299.00,138.00,256.00,138.00
257.00,114.00,298.00,114.00,298.00,137.00,257.00,137.00
256.00,114.00,298.00,114.00,298.00,137.00,256.00,137.00
255.00,115.00,297.00,115.00,297.00,138.00,255.00,138.00
253.00,113.00,295.00,113.00,295.00,135.00,253.00,135.00
253.00,114.00,296.00,114.00,296.00,136.00,253.00,136.00
253.00,112.00,296.00,112.00,296.00,134.00,253.00,134.00
251.00,110.00,294.00,110.00,294.00,132.00,251.00,132.00
253.00,109.00,297.00,109.00,297.00,132.00,253.00,132.00
250.00,108.00,294.00,108.00,294.00,130.00,250.00,130.00
250.00,109.00,295.00,109.00,295.00,131.00,250.00,131.00
248.00,109.00,294.00,109.00,294.00,131.00,248.00,131.00
246.00,107.00,293.00,107.00,293.00,131.00,246.00,131.00
248.00,112.00,295.00,112.00,295.00,134.00,248.00,134.00
246.00,112.00,293.00,112.00,293.00,134.00,246.00,134.00
245.00,110.00,292.00,110.00,292.00,133.00,245.00,133.00
245.00,110.00,292.00,110.00,292.00,133.00,245.00,133.00
244.00,109.00,291.00,109.00,291.00,133.00,244.00,133.00
245.00,108.00,292.00,108.00,292.00,132.00,245.00,132.00
245.00,112.00,290.00,112.00,290.00,136.00,245.00,136.00
240.00,106.00,290.00,106.00,290.00,130.00,240.00,130.00
239.00,106.00,289.00,106.00,289.00,130.00,239.00,130.00
238.00,106.00,289.00,106.00,289.00,130.00,238.00,130.00
235.00,105.00,286.00,105.00,286.00,129.00,235.00,129.00
235.00,106.00,284.00,106.00,284.00,130.00,235.00,130.00
232.00,107.00,282.00,107.00,282.00,130.00,232.00,130.00
232.00,108.00,280.00,108.00,280.00,131.00,232.00,131.00
232.00,108.00,279.00,108.00,279.00,132.00,232.00,132.00
224.00,107.00,274.00,107.00,274.00,130.00,224.00,130.00
226.00,109.00,275.00,109.00,275.00,133.00,226.00,133.00
225.00,110.00,272.00,110.00,272.00,134.00,225.00,134.00
219.00,111.00,269.00,111.00,269.00,134.00,219.00,134.00
223.00,110.00,270.00,110.00,270.00,133.00,223.00,133.00
220.00,112.00,267.00,112.00,267.00,134.00,220.00,134.00
219.00,113.00,266.00,113.00,266.00,135.00,219.00,135.00
218.00,113.00,265.00,113.00,265.00,135.00,218.00,135.00
214.00,113.00,263.00,113.00,263.00,136.00,214.00,136.00
211.00,113.00,261.00,113.00,261.00,137.00,211.00,137.00
212.00,114.00,261.00,114.00,261.00,138.00,212.00,138.00
209.00,114.00,258.00,114.00,258.00,137.00,209.00,137.00
209.00,115.00,256.00,115.00,256.00,138.00,209.00,138.00
208.00,116.00,255.00,116.00,255.00,139.00,208.00,139.00
207.00,115.00,254.00,115.00,254.00,138.00,207.00,138.00
202.00,116.00,251.00,116.00,251.00,139.00,202.00,139.00
201.00,117.00,250.00,117.00,250.00,140.00,201.00,140.00
200.00,119.00,248.00,119.00,248.00,143.00,200.00,143.00
201.00,122.00,248.00,122.00,248.00,145.00,201.00,145.00
197.00,123.00,246.00,123.00,246.00,146.00,197.00,146.00
197.00,123.00,246.00,123.00,246.00,146.00,197.00,146.00
195.00,124.00,243.00,124.00,243.00,146.00,195.00,146.00
196.00,123.00,242.00,123.00,242.00,145.00,196.00,145.00
195.00,124.00,241.00,124.00,241.00,146.00,195.00,146.00
194.00,124.00,239.00,124.00,239.00,146.00,194.00,146.00
195.00,126.00,238.00,126.00,238.00,148.00,195.00,148.00
191.00,126.00,236.00,126.00,236.00,149.00,191.00,149.00
193.00,127.00,236.00,127.00,236.00,149.00,193.00,149.00
190.00,126.00,235.00,126.00,235.00,148.00,190.00,148.00
191.00,126.00,234.00,126.00,234.00,148.00,191.00,148.00
189.00,126.00,232.00,126.00,232.00,147.00,189.00,147.00
189.00,125.00,232.00,125.00,232.00,146.00,189.00,146.00
189.00,124.00,231.00,124.00,231.00,145.00,189.00,145.00
186.00,122.00,230.00,122.00,230.00,143.00,186.00,143.00
185.00,122.00,229.00,122.00,229.00,143.00,185.00,143.00
185.00,120.00,228.00,120.00,228.00,141.00,185.00,141.00
184.00,118.00,227.00,118.00,227.00,139.00,184.00,139.00
182.00,117.00,225.00,117.00,225.00,138.00,182.00,138.00
181.00,116.00,223.00,116.00,223.00,137.00,181.00,137.00
180.00,115.00,222.00,115.00,222.00,136.00,180.00,136.00
178.00,112.00,219.00,112.00,219.00,133.00,178.00,133.00
176.00,111.00,218.00,111.00,218.00,132.00,176.00,132.00
175.00,111.00,217.00,111.00,217.00,132.00,175.00,132.00
175.00,109.00,216.00,109.00,216.00,130.00,175.00,130.00
174.00,107.00,215.00,107.00,215.00,128.00,174.00,128.00
170.00,107.00,213.00,107.00,213.00,128.00,170.00,128.00
170.00,107.00,213.00,107.00,213.00,128.00,170.00,128.00
168.00,105.00,210.00,105.00,210.00,125.00,168.00,125.00
167.00,104.00,210.00,104.00,210.00,126.00,167.00,126.00
166.00,104.00,209.00,104.00,209.00,126.00,166.00,126.00
165.00,104.00,207.00,104.00,207.00,126.00,165.00,126.00
164.00,104.00,206.00,104.00,206.00,126.00,164.00,126.00
161.00,103.00,203.00,103.00,203.00,125.00,161.00,125.00
159.00,103.00,201.00,103.00,201.00,125.00,159.00,125.00
159.00,104.00,201.00,104.00,201.00,125.00,159.00,125.00
156.00,102.00,198.00,102.00,198.00,124.00,156.00,124.00
156.00,102.00,199.00,102.00,199.00,124.00,156.00,124.00
154.00,103.00,197.00,103.00,197.00,124.00,154.00,124.00
154.00,102.00,196.00,102.00,196.00,123.00,154.00,123.00
155.00,102.00,196.00,102.00,196.00,123.00,155.00,123.00
156.00,102.00,196.00,102.00,196.00,124.00,156.00,124.00
154.00,101.00,194.00,101.00,194.00,122.00,154.00,122.00
154.00,101.00,194.00,101.00,194.00,122.00,154.00,122.00
152.00,100.00,191.00,100.00,191.00,121.00,152.00,121.00
153.00,100.00,191.00,100.00,191.00,121.00,153.00,121.00
153.00,101.00,191.00,101.00,191.00,122.00,153.00,122.00
151.00,102.00,190.00,102.00,190.00,123.00,151.00,123.00
152.00,101.00,190.00,101.00,190.00,121.00,152.00,121.00
152.00,102.00,189.00,102.00,189.00,122.00,152.00,122.00
151.00,103.00,188.00,103.00,188.00,123.00,151.00,123.00
152.00,103.00,189.00,103.00,189.00,123.00,152.00,123.00
149.00,103.00,187.00,103.00,187.00,123.00,149.00,123.00
149.00,104.00,186.00,104.00,186.00,123.00,149.00,123.00
148.00,104.00,185.00,104.00,185.00,123.00,148.00,123.00
149.00,105.00,185.00,105.00,185.00,124.00,149.00,124.00
150.00,105.00,186.00,105.00,186.00,124.00,150.00,124.00
151.00,105.00,186.00,105.00,186.00,125.00,151.00,125.00
152.00,106.00,186.00,106.00,186.00,126.00,152.00,126.00
152.00,106.00,186.00,106.00,186.00,126.00,152.00,126.00
152.00,106.00,185.00,106.00,185.00,126.00,152.00,126.00
151.00,107.00,185.00,107.00,185.00,127.00,151.00,127.00
152.00,107.00,185.00,107.00,185.00,127.00,152.00,127.00
152.00,106.00,185.00,106.00,185.00,126.00,152.00,126.00
152.00,106.00,186.00,106.00,186.00,126.00,152.00,126.00
152.00,106.00,186.00,106.00,186.00,126.00,152.00,126.00
150.00,106.00,184.00,106.00,184.00,126.00,150.00,126.00
150.00,106.00,184.00,106.00,184.00,127.00,150.00,127.00
151.00,106.00,185.00,106.00,185.00,127.00,151.00,127.00
150.00,106.00,185.00,106.00,185.00,127.00,150.00,127.00
150.00,107.00,185.00,107.00,185.00,127.00,150.00,127.00
150.00,106.00,184.00,106.00,184.00,126.00,150.00,126.00
149.00,107.00,184.00,107.00,184.00,127.00,149.00,127.00
149.00,107.00,184.00,107.00,184.00,126.00,149.00,126.00
149.00,106.00,184.00,106.00,184.00,126.00,149.00,126.00
150.00,107.00,184.00,107.00,184.00,127.00,150.00,127.00
151.00,107.00,184.00,107.00,184.00,126.00,151.00,126.00
150.00,106.00,183.00,106.00,183.00,126.00,150.00,126.00
150.00,106.00,183.00,106.00,183.00,126.00,150.00,126.00
149.00,107.00,183.00,107.00,183.00,127.00,149.00,127.00
151.00,107.00,183.00,107.00,183.00,125.00,151.00,125.00
150.00,106.00,183.00,106.00,183.00,126.00,150.00,126.00
150.00,107.00,182.00,107.00,182.00,126.00,150.00,126.00
150.00,107.00,183.00,107.00,183.00,125.00,150.00,125.00
150.00,105.00,183.00,105.00,183.00,125.00,150.00,125.00
149.00,106.00,182.00,106.00,182.00,125.00,149.00,125.00
148.00,105.00,181.00,105.00,181.00,125.00,148.00,125.00
148.00,106.00,181.00,106.00,181.00,125.00,148.00,125.00
147.00,105.00,180.00,105.00,180.00,124.00,147.00,124.00
146.00,105.00,180.00,105.00,180.00,124.00,146.00,124.00
145.00,106.00,180.00,106.00,180.00,125.00,145.00,125.00
145.00,107.00,179.00,107.00,179.00,125.00,145.00,125.00
143.00,106.00,179.00,106.00,179.00,124.00,143.00,124.00
144.00,107.00,179.00,107.00,179.00,125.00,144.00,125.00
142.00,107.00,177.00,107.00,177.00,125.00,142.00,125.00
141.00,105.00,177.00,105.00,177.00,125.00,141.00,125.00
142.00,105.00,177.00,105.00,177.00,125.00,142.00,125.00
142.00,104.00,177.00,104.00,177.00,123.00,142.00,123.00
142.00,104.00,178.00,104.00,178.00,123.00,142.00,123.00
140.00,103.00,176.00,103.00,176.00,122.00,140.00,122.00
140.00,101.00,177.00,101.00,177.00,122.00,140.00,122.00
140.00,101.00,177.00,101.00,177.00,122.00,140.00,122.00
140.00,100.00,178.00,100.00,178.00,121.00,140.00,121.00
140.00,99.00,178.00,99.00,178.00,120.00,140.00,120.00
140.00,99.00,178.00,99.00,178.00,120.00,140.00,120.00
140.00,98.00,178.00,98.00,178.00,119.00,140.00,119.00
140.00,98.00,178.00,98.00,178.00,120.00,140.00,120.00
140.00,97.00,178.00,97.00,178.00,118.00,140.00,118.00
140.00,97.00,178.00,97.00,178.00,119.00,140.00,119.00
140.00,98.00,179.00,98.00,179.00,119.00,140.00,119.00
139.00,98.00,179.00,98.00,179.00,119.00,139.00,119.00
139.00,97.00,180.00,97.00,180.00,118.00,139.00,118.00
139.00,96.00,180.00,96.00,180.00,117.00,139.00,117.00
139.00,96.00,180.00,96.00,180.00,118.00,139.00,118.00
139.00,96.00,180.00,96.00,180.00,118.00,139.00,118.00
139.00,95.00,181.00,95.00,181.00,117.00,139.00,117.00
139.00,94.00,181.00,94.00,181.00,116.00,139.00,116.00
139.00,94.00,181.00,94.00,181.00,117.00,139.00,117.00
139.00,94.00,181.00,94.00,181.00,117.00,139.00,117.00
139.00,94.00,182.00,94.00,182.00,116.00,139.00,116.00
139.00,94.00,183.00,94.00,183.00,116.00,139.00,116.00
139.00,94.00,182.00,94.00,182.00,116.00,139.00,116.00
138.00,92.00,181.00,92.00,181.00,115.00,138.00,115.00
139.00,92.00,183.00,92.00,183.00,115.00,139.00,115.00
138.00,92.00,183.00,92.00,183.00,115.00,138.00,115.00
138.00,92.00,183.00,92.00,183.00,114.00,138.00,114.00
138.00,92.00,183.00,92.00,183.00,114.00,138.00,114.00
140.00,92.00,185.00,92.00,185.00,114.00,140.00,114.00
138.00,92.00,183.00,92.00,183.00,114.00,138.00,114.00
138.00,92.00,185.00,92.00,185.00,114.00,138.00,114.00
139.00,93.00,185.00,93.00,185.00,116.00,139.00,116.00
139.00,91.00,185.00,91.00,185.00,113.00,139.00,113.00
140.00,92.00,186.00,92.00,186.00,115.00,140.00,115.00
139.00,92.00,187.00,92.00,187.00,115.00,139.00,115.00
139.00,93.00,186.00,93.00,186.00,116.00,139.00,116.00
139.00,92.00,187.00,92.00,187.00,115.00,139.00,115.00
140.00,93.00,187.00,93.00,187.00,116.00,140.00,116.00
140.00,93.00,187.00,93.00,187.00,116.00,140.00,116.00
140.00,93.00,188.00,93.00,188.00,116.00,140.00,116.00
141.00,94.00,190.00,94.00,190.00,117.00,141.00,117.00
141.00,94.00,191.00,94.00,191.00,117.00,141.00,117.00
141.00,95.00,190.00,95.00,190.00,118.00,141.00,118.00
141.00,94.00,191.00,94.00,191.00,117.00,141.00,117.00
142.00,95.00,192.00,95.00,192.00,119.00,142.00,119.00
142.00,96.00,191.00,96.00,191.00,120.00,142.00,120.00
142.00,96.00,192.00,96.00,192.00,120.00,142.00,120.00
142.00,96.00,192.00,96.00,192.00,120.00,142.00,120.00
143.00,96.00,192.00,96.00,192.00,120.00,143.00,120.00
143.00,96.00,191.00,96.00,191.00,119.00,143.00,119.00
144.00,96.00,192.00,96.00,192.00,119.00,144.00,119.00
144.00,96.00,191.00,96.00,191.00,119.00,144.00,119.00
145.00,97.00,192.00,97.00,192.00,120.00,145.00,120.00
145.00,97.00,192.00,97.00,192.00,120.00,145.00,120.00
145.00,98.00,192.00,98.00,192.00,121.00,145.00,121.00
144.00,98.00,191.00,98.00,191.00,121.00,144.00,121.00
144.00,98.00,190.00,98.00,190.00,121.00,144.00,121.00
145.00,99.00,190.00,99.00,190.00,122.00,145.00,122.00
145.00,99.00,189.00,99.00,189.00,122.00,145.00,122.00
145.00,100.00,188.00,100.00,188.00,122.00,145.00,122.00
145.00,100.00,188.00,100.00,188.00,122.00,145.00,122.00
145.00,100.00,187.00,100.00,187.00,123.00,145.00,123.00
143.00,100.00,185.00,100.00,185.00,123.00,143.00,123.00
142.00,100.00,184.00,100.00,184.00,123.00,142.00,123.00
141.00,100.00,183.00,100.00,183.00,123.00,141.00,123.00
141.00,100.00,183.00,100.00,183.00,123.00,141.00,123.00
141.00,99.00,182.00,99.00,182.00,122.00,141.00,122.00
141.00,98.00,183.00,98.00,183.00,120.00,141.00,120.00
142.00,97.00,185.00,97.00,185.00,118.00,142.00,118.00
143.00,98.00,184.00,98.00,184.00,119.00,143.00,119.00
145.00,98.00,186.00,98.00,186.00,119.00,145.00,119.00
146.00,98.00,186.00,98.00,186.00,119.00,146.00,119.00
148.00,98.00,188.00,98.00,188.00,119.00,148.00,119.00
150.00,99.00,189.00,99.00,189.00,119.00,150.00,119.00
151.00,98.00,189.00,98.00,189.00,119.00,151.00,119.00
153.00,98.00,191.00,98.00,191.00,119.00,153.00,119.00
154.00,97.00,192.00,97.00,192.00,118.00,154.00,118.00
155.00,97.00,191.00,97.00,191.00,118.00,155.00,118.00
157.00,98.00,193.00,98.00,193.00,119.00,157.00,119.00
158.00,96.00,194.00,96.00,194.00,117.00,158.00,117.00
159.00,96.00,194.00,96.00,194.00,117.00,159.00,117.00
161.00,96.00,197.00,96.00,197.00,117.00,161.00,117.00
162.00,95.00,197.00,95.00,197.00,116.00,162.00,116.00
164.00,94.00,200.00,94.00,200.00,114.00,164.00,114.00
165.00,95.00,200.00,95.00,200.00,115.00,165.00,115.00
167.00,93.00,202.00,93.00,202.00,113.00,167.00,113.00
169.00,92.00,204.00,92.00,204.00,112.00,169.00,112.00
171.00,90.00,206.00,90.00,206.00,109.00,171.00,109.00
173.00,90.00,208.00,90.00,208.00,111.00,173.00,111.00
174.00,89.00,210.00,89.00,210.00,109.00,174.00,109.00
177.00,89.00,213.00,89.00,213.00,110.00,177.00,110.00
179.00,89.00,215.00,89.00,215.00,110.00,179.00,110.00
183.00,87.00,216.00,87.00,216.00,107.00,183.00,107.00
183.00,88.00,217.00,88.00,217.00,109.00,183.00,109.00
186.00,87.00,220.00,87.00,220.00,108.00,186.00,108.00
191.00,89.00,225.00,89.00,225.00,110.00,191.00,110.00
194.00,88.00,227.00,88.00,227.00,108.00,194.00,108.00
193.00,87.00,225.00,87.00,225.00,108.00,193.00,108.00
197.00,92.00,228.00,92.00,228.00,112.00,197.00,112.00
201.00,97.00,233.00,97.00,233.00,116.00,201.00,116.00
206.00,99.00,237.00,99.00,237.00,119.00,206.00,119.00
206.00,100.00,236.00,100.00,236.00,120.00,206.00,120.00
207.00,100.00,238.00,100.00,238.00,120.00,207.00,120.00
206.00,101.00,237.00,101.00,237.00,123.00,206.00,123.00
207.00,103.00,238.00,103.00,238.00,125.00,207.00,125.00
208.00,104.00,238.00,104.00,238.00,125.00,208.00,125.00
208.00,105.00,237.00,105.00,237.00,126.00,208.00,126.00
208.00,107.00,237.00,107.00,237.00,128.00,208.00,128.00
208.00,108.00,238.00,108.00,238.00,130.00,208.00,130.00
210.00,109.00,239.00,109.00,239.00,131.00,210.00,131.00
208.00,110.00,238.00,110.00,238.00,131.00,208.00,131.00
208.00,111.00,238.00,111.00,238.00,132.00,208.00,132.00
208.00,112.00,238.00,112.00,238.00,133.00,208.00,133.00
207.00,113.00,237.00,113.00,237.00,133.00,207.00,133.00
207.00,114.00,237.00,114.00,237.00,135.00,207.00,135.00
206.00,115.00,237.00,115.00,237.00,136.00,206.00,136.00
206.00,116.00,237.00,116.00,237.00,136.00,206.00,136.00
205.00,116.00,236.00,116.00,236.00,137.00,205.00,137.00
203.00,117.00,235.00,117.00,235.00,137.00,203.00,137.00
203.00,118.00,235.00,118.00,235.00,139.00,203.00,139.00
201.00,119.00,234.00,119.00,234.00,140.00,201.00,140.00
202.00,119.00,235.00,119.00,235.00,140.00,202.00,140.00
200.00,120.00,233.00,120.00,233.00,140.00,200.00,140.00
198.00,121.00,232.00,121.00,232.00,143.00,198.00,143.00
198.00,122.00,232.00,122.00,232.00,144.00,198.00,144.00
197.00,122.00,231.00,122.00,231.00,143.00,197.00,143.00
196.00,122.00,230.00,122.00,230.00,143.00,196.00,143.00
196.00,123.00,230.00,123.00,230.00,144.00,196.00,144.00
195.00,124.00,229.00,124.00,229.00,145.00,195.00,145.00
194.00,124.00,227.00,124.00,227.00,145.00,194.00,145.00
194.00,124.00,226.00,124.00,226.00,146.00,194.00,146.00
193.00,125.00,225.00,125.00,225.00,146.00,193.00,146.00
191.00,125.00,224.00,125.00,224.00,146.00,191.00,146.00
192.00,125.00,223.00,125.00,223.00,145.00,192.00,145.00
189.00,125.00,220.00,125.00,220.00,146.00,189.00,146.00
190.00,126.00,221.00,126.00,221.00,147.00,190.00,147.00
189.00,126.00,220.00,126.00,220.00,146.00,189.00,146.00
188.00,126.00,219.00,126.00,219.00,146.00,188.00,146.00
188.00,125.00,219.00,125.00,219.00,145.00,188.00,145.00
187.00,125.00,217.00,125.00,217.00,145.00,187.00,145.00
187.00,124.00,216.00,124.00,216.00,144.00,187.00,144.00
186.00,124.00,216.00,124.00,216.00,144.00,186.00,144.00
187.00,123.00,216.00,123.00,216.00,143.00,187.00,143.00
186.00,122.00,216.00,122.00,216.00,142.00,186.00,142.00
185.00,121.00,215.00,121.00,215.00,141.00,185.00,141.00
184.00,120.00,215.00,120.00,215.00,140.00,184.00,140.00
184.00,120.00,216.00,120.00,216.00,140.00,184.00,140.00
184.00,119.00,216.00,119.00,216.00,139.00,184.00,139.00
183.00,118.00,215.00,118.00,215.00,137.00,183.00,137.00
183.00,118.00,214.00,118.00,214.00,137.00,183.00,137.00
182.00,117.00,214.00,117.00,214.00,136.00,182.00,136.00
182.00,116.00,213.00,116.00,213.00,133.00,182.00,133.00
181.00,117.00,212.00,117.00,212.00,135.00,181.00,135.00
180.00,116.00,212.00,116.00,212.00,134.00,180.00,134.00
179.00,115.00,211.00,115.00,211.00,133.00,179.00,133.00
178.00,115.00,210.00,115.00,210.00,133.00,178.00,133.00
176.00,114.00,209.00,114.00,209.00,132.00,176.00,132.00
175.00,114.00,208.00,114.00,208.00,132.00,175.00,132.00
171.00,113.00,205.00,113.00,205.00,131.00,171.00,131.00
172.00,113.00,204.00,113.00,204.00,131.00,172.00,131.00
170.00,112.00,203.00,112.00,203.00,130.00,170.00,130.00
169.00,113.00,202.00,113.00,202.00,131.00,169.00,131.00
168.00,113.00,200.00,113.00,200.00,130.00,168.00,130.00
167.00,112.00,198.00,112.00,198.00,129.00,167.00,129.00
167.00,112.00,197.00,112.00,197.00,129.00,167.00,129.00
166.00,112.00,197.00,112.00,197.00,129.00,166.00,129.00
165.00,111.00,196.00,111.00,196.00,128.00,165.00,128.00
163.00,110.00,194.00,110.00,194.00,128.00,163.00,128.00
163.00,110.00,195.00,110.00,195.00,128.00,163.00,128.00
161.00,108.00,192.00,108.00,192.00,126.00,161.00,126.00
159.00,108.00,192.00,108.00,192.00,127.00,159.00,127.00
160.00,107.00,191.00,107.00,191.00,125.00,160.00,125.00
158.00,106.00,191.00,106.00,191.00,124.00,158.00,124.00
157.00,104.00,190.00,104.00,190.00,122.00,157.00,122.00
158.00,105.00,190.00,105.00,190.00,123.00,158.00,123.00
157.00,103.00,189.00,103.00,189.00,122.00,157.00,122.00
158.00,104.00,190.00,104.00,190.00,122.00,158.00,122.00
158.00,103.00,191.00,103.00,191.00,121.00,158.00,121.00
157.00,102.00,190.00,102.00,190.00,121.00,157.00,121.00
157.00,102.00,190.00,102.00,190.00,120.00,157.00,120.00
156.00,101.00,189.00,101.00,189.00,120.00,156.00,120.00
158.00,101.00,190.00,101.00,190.00,120.00,158.00,120.00
158.00,101.00,190.00,101.00,190.00,119.00,158.00,119.00
157.00,101.00,189.00,101.00,189.00,120.00,157.00,120.00
157.00,101.00,189.00,101.00,189.00,119.00,157.00,119.00
157.00,101.00,189.00,101.00,189.00,120.00,157.00,120.00
157.00,101.00,189.00,101.00,189.00,121.00,157.00,121.00
157.00,102.00,189.00,102.00,189.00,121.00,157.00,121.00
158.00,103.00,189.00,103.00,189.00,122.00,158.00,122.00
159.00,103.00,189.00,103.00,189.00,123.00,159.00,123.00
157.00,103.00,188.00,103.00,188.00,123.00,157.00,123.00
156.00,103.00,188.00,103.00,188.00,125.00,156.00,125.00
156.00,104.00,187.00,104.00,187.00,125.00,156.00,125.00
154.00,104.00,186.00,104.00,186.00,126.00,154.00,126.00
153.00,105.00,184.00,105.00,184.00,127.00,153.00,127.00
153.00,105.00,183.00,105.00,183.00,127.00,153.00,127.00
152.00,105.00,182.00,105.00,182.00,125.00,152.00,125.00
151.00,106.00,180.00,106.00,180.00,128.00,151.00,128.00
150.00,106.00,179.00,106.00,179.00,127.00,150.00,127.00
148.00,107.00,177.00,107.00,177.00,128.00,148.00,128.00
146.00,107.00,175.00,107.00,175.00,126.00,146.00,126.00
145.00,107.00,174.00,107.00,174.00,127.00,145.00,127.00
144.00,107.00,172.00,107.00,172.00,128.00,144.00,128.00
143.00,108.00,172.00,108.00,172.00,128.00,143.00,128.00
140.00,108.00,168.00,108.00,168.00,127.00,140.00,127.00
140.00,108.00,168.00,108.00,168.00,127.00,140.00,127.00
140.00,109.00,168.00,109.00,168.00,129.00,140.00,129.00
138.00,109.00,165.00,109.00,165.00,128.00,138.00,128.00
138.00,109.00,166.00,109.00,166.00,129.00,138.00,129.00
136.00,110.00,164.00,110.00,164.00,129.00,136.00,129.00
136.00,110.00,163.00,110.00,163.00,129.00,136.00,129.00
134.00,111.00,162.00,111.00,162.00,130.00,134.00,130.00
133.00,111.00,161.00,111.00,161.00,130.00,133.00,130.00
132.00,110.00,161.00,110.00,161.00,129.00,132.00,129.00
131.00,110.00,160.00,110.00,160.00,129.00,131.00,129.00
129.00,109.00,158.00,109.00,158.00,128.00,129.00,128.00
129.00,109.00,158.00,109.00,158.00,128.00,129.00,128.00
129.00,108.00,158.00,108.00,158.00,128.00,129.00,128.00
127.00,108.00,157.00,108.00,157.00,128.00,127.00,128.00
126.00,107.00,156.00,107.00,156.00,128.00,126.00,128.00
125.00,107.00,155.00,107.00,155.00,128.00,125.00,128.00
125.00,106.00,154.00,106.00,154.00,126.00,125.00,126.00
123.00,106.00,153.00,106.00,153.00,126.00,123.00,126.00
123.00,106.00,152.00,106.00,152.00,126.00,123.00,126.00
121.00,106.00,152.00,106.00,152.00,127.00,121.00,127.00
121.00,106.00,151.00,106.00,151.00,127.00,121.00,127.00
121.00,105.00,150.00,105.00,150.00,126.00,121.00,126.00
119.00,105.00,150.00,105.00,150.00,126.00,119.00,126.00
119.00,105.00,148.00,105.00,148.00,125.00,119.00,125.00
117.00,105.00,147.00,105.00,147.00,125.00,117.00,125.00
116.00,106.00,147.00,106.00,147.00,127.00,116.00,127.00
114.00,105.00,146.00,105.00,146.00,126.00,114.00,126.00
113.00,106.00,144.00,106.00,144.00,127.00,113.00,127.00
111.00,106.00,143.00,106.00,143.00,127.00,111.00,127.00
110.00,107.00,142.00,107.00,142.00,127.00,110.00,127.00
108.00,107.00,139.00,107.00,139.00,127.00,108.00,127.00
107.00,107.00,138.00,107.00,138.00,127.00,107.00,127.00
105.00,108.00,136.00,108.00,136.00,128.00,105.00,128.00
103.00,108.00,134.00,108.00,134.00,127.00,103.00,127.00
102.00,108.00,132.00,108.00,132.00,127.00,102.00,127.00
100.00,108.00,129.00,108.00,129.00,127.00,100.00,127.00
99.00,109.00,128.00,109.00,128.00,127.00,99.00,127.00
97.00,109.00,126.00,109.00,126.00,127.00,97.00,127.00
95.00,109.00,125.00,109.00,125.00,127.00,95.00,127.00
94.00,108.00,124.00,108.00,124.00,126.00,94.00,126.00
93.00,109.00,122.00,109.00,122.00,127.00,93.00,127.00
90.00,109.00,120.00,109.00,120.00,127.00,90.00,127.00
89.00,108.00,118.00,108.00,118.00,126.00,89.00,126.00
88.00,108.00,118.00,108.00,118.00,126.00,88.00,126.00
87.00,108.00,117.00,108.00,117.00,126.00,87.00,126.00
85.00,108.00,114.00,108.00,114.00,126.00,85.00,126.00
84.00,108.00,114.00,108.00,114.00,126.00,84.00,126.00
81.00,108.00,111.00,108.00,111.00,127.00,81.00,127.00
80.00,108.00,110.00,108.00,110.00,127.00,80.00,127.00
79.00,107.00,108.00,107.00,108.00,126.00,79.00,126.00
77.00,108.00,107.00,108.00,107.00,127.00,77.00,127.00
75.00,108.00,105.00,108.00,105.00,127.00,75.00,127.00
74.00,108.00,103.00,108.00,103.00,127.00,74.00,127.00
73.00,109.00,102.00,109.00,102.00,127.00,73.00,127.00
71.00,110.00,100.00,110.00,100.00,128.00,71.00,128.00
70.00,110.00,98.00,110.00,98.00,127.00,70.00,127.00
68.00,111.00,96.00,111.00,96.00,129.00,68.00,129.00
65.00,111.00,94.00,111.00,94.00,129.00,65.00,129.00
64.00,111.00,92.00,111.00,92.00,129.00,64.00,129.00
61.00,112.00,89.00,112.00,89.00,130.00,61.00,130.00
60.00,113.00,88.00,113.00,88.00,131.00,60.00,131.00
58.00,113.00,86.00,113.00,86.00,131.00,58.00,131.00
56.00,114.00,85.00,114.00,85.00,132.00,56.00,132.00
55.00,114.00,83.00,114.00,83.00,132.00,55.00,132.00
54.00,116.00,82.00,116.00,82.00,134.00,54.00,134.00
52.00,116.00,80.00,116.00,80.00,134.00,52.00,134.00
50.00,115.00,79.00,115.00,79.00,134.00,50.00,134.00
49.00,116.00,79.00,116.00,79.00,135.00,49.00,135.00
48.00,115.00,77.00,115.00,77.00,133.00,48.00,133.00
46.00,115.00,76.00,115.00,76.00,134.00,46.00,134.00
45.00,113.00,75.00,113.00,75.00,132.00,45.00,132.00
44.00,112.00,74.00,112.00,74.00,131.00,44.00,131.00
42.00,112.00,73.00,112.00,73.00,131.00,42.00,131.00
41.00,111.00,72.00,111.00,72.00,130.00,41.00,130.00
41.00,110.00,71.00,110.00,71.00,129.00,41.00,129.00
40.00,109.00,71.00,109.00,71.00,128.00,40.00,128.00
40.00,109.00,71.00,109.00,71.00,128.00,40.00,128.00
40.00,109.00,72.00,109.00,72.00,128.00,40.00,128.00
41.00,110.00,73.00,110.00,73.00,129.00,41.00,129.00
43.00,110.00,74.00,110.00,74.00,129.00,43.00,129.00
43.00,110.00,73.00,110.00,73.00,129.00,43.00,129.00
43.00,113.00,73.00,113.00,73.00,132.00,43.00,132.00
44.00,113.00,73.00,113.00,73.00,132.00,44.00,132.00
45.00,116.00,74.00,116.00,74.00,136.00,45.00,136.00
45.00,116.00,73.00,116.00,73.00,135.00,45.00,135.00
44.00,118.00,73.00,118.00,73.00,137.00,44.00,137.00
44.00,120.00,72.00,120.00,72.00,139.00,44.00,139.00
44.00,121.00,72.00,121.00,72.00,140.00,44.00,140.00
44.00,123.00,73.00,123.00,73.00,142.00,44.00,142.00
45.00,124.00,75.00,124.00,75.00,143.00,45.00,143.00
44.00,126.00,75.00,126.00,75.00,145.00,44.00,145.00
44.00,129.00,76.00,129.00,76.00,148.00,44.00,148.00
44.00,130.00,76.00,130.00,76.00,150.00,44.00,150.00
43.00,134.00,75.00,134.00,75.00,153.00,43.00,153.00
44.00,135.00,76.00,135.00,76.00,155.00,44.00,155.00
43.00,137.00,75.00,137.00,75.00,156.00,43.00,156.00
41.00,140.00,72.00,140.00,72.00,159.00,41.00,159.00
39.00,142.00,72.00,142.00,72.00,161.00,39.00,161.00
38.00,144.00,70.00,144.00,70.00,163.00,38.00,163.00
37.00,146.00,69.00,146.00,69.00,165.00,37.00,165.00
36.00,149.00,67.00,149.00,67.00,168.00,36.00,168.00
35.00,150.00,65.00,150.00,65.00,169.00,35.00,169.00
34.00,153.00,64.00,153.00,64.00,172.00,34.00,172.00
31.00,154.00,61.00,154.00,61.00,172.00,31.00,172.00
29.00,155.00,59.00,155.00,59.00,173.00,29.00,173.00
26.00,158.00,57.00,158.00,57.00,176.00,26.00,176.00
25.00,160.00,56.00,160.00,56.00,179.00,25.00,179.00
24.00,161.00,55.00,161.00,55.00,179.00,24.00,179.00
24.00,162.00,54.00,162.00,54.00,181.00,24.00,181.00
23.00,163.00,54.00,163.00,54.00,182.00,23.00,182.00
22.00,165.00,54.00,165.00,54.00,184.00,22.00,184.00
22.00,167.00,54.00,167.00,54.00,186.00,22.00,186.00
22.00,167.00,53.00,167.00,53.00,186.00,22.00,186.00
22.00,168.00,54.00,168.00,54.00,186.00,22.00,186.00
23.00,169.00,55.00,169.00,55.00,187.00,23.00,187.00
24.00,168.00,55.00,168.00,55.00,186.00,24.00,186.00
25.00,168.00,56.00,168.00,56.00,186.00,25.00,186.00
25.00,168.00,57.00,168.00,57.00,186.00,25.00,186.00
26.00,168.00,57.00,168.00,57.00,186.00,26.00,186.00
27.00,167.00,59.00,167.00,59.00,185.00,27.00,185.00
28.00,167.00,59.00,167.00,59.00,185.00,28.00,185.00
30.00,166.00,62.00,166.00,62.00,184.00,30.00,184.00
30.00,166.00,62.00,166.00,62.00,185.00,30.00,185.00
32.00,166.00,63.00,166.00,63.00,184.00,32.00,184.00
33.00,166.00,64.00,166.00,64.00,184.00,33.00,184.00
33.00,166.00,64.00,166.00,64.00,184.00,33.00,184.00
33.00,165.00,64.00,165.00,64.00,183.00,33.00,183.00
34.00,165.00,65.00,165.00,65.00,183.00,34.00,183.00
35.00,165.00,66.00,165.00,66.00,183.00,35.00,183.00
35.00,165.00,67.00,165.00,67.00,183.00,35.00,183.00
36.00,165.00,68.00,165.00,68.00,183.00,36.00,183.00
38.00,166.00,69.00,166.00,69.00,184.00,38.00,184.00
38.00,165.00,70.00,165.00,70.00,183.00,38.00,183.00
40.00,165.00,71.00,165.00,71.00,183.00,40.00,183.00
40.00,165.00,71.00,165.00,71.00,183.00,40.00,183.00
41.00,166.00,73.00,166.00,73.00,184.00,41.00,184.00
42.00,165.00,74.00,165.00,74.00,183.00,42.00,183.00
44.00,165.00,76.00,165.00,76.00,183.00,44.00,183.00
45.00,164.00,77.00,164.00,77.00,182.00,45.00,182.00
46.00,165.00,78.00,165.00,78.00,183.00,46.00,183.00
47.00,165.00,81.00,165.00,81.00,183.00,47.00,183.00
48.00,164.00,82.00,164.00,82.00,183.00,48.00,183.00
50.00,164.00,85.00,164.00,85.00,183.00,50.00,183.00
52.00,164.00,85.00,164.00,85.00,183.00,52.00,183.00
53.00,164.00,88.00,164.00,88.00,184.00,53.00,184.00
56.00,164.00,91.00,164.00,91.00,183.00,56.00,183.00
57.00,164.00,92.00,164.00,92.00,183.00,57.00,183.00
59.00,164.00,95.00,164.00,95.00,183.00,59.00,183.00
62.00,164.00,97.00,164.00,97.00,183.00,62.00,183.00
64.00,165.00,98.00,165.00,98.00,183.00,64.00,183.00
66.00,165.00,100.00,165.00,100.00,183.00,66.00,183.00
69.00,165.00,103.00,165.00,103.00,184.00,69.00,184.00
70.00,165.00,105.00,165.00,105.00,184.00,70.00,184.00
74.00,165.00,109.00,165.00,109.00,183.00,74.00,183.00
76.00,165.00,111.00,165.00,111.00,184.00,76.00,184.00
78.00,165.00,113.00,165.00,113.00,184.00,78.00,184.00
80.00,165.00,114.00,165.00,114.00,184.00,80.00,184.00
82.00,165.00,117.00,165.00,117.00,185.00,82.00,185.00
84.00,165.00,119.00,165.00,119.00,185.00,84.00,185.00
85.00,165.00,121.00,165.00,121.00,185.00,85.00,185.00
86.00,165.00,122.00,165.00,122.00,185.00,86.00,185.00
89.00,165.00,124.00,165.00,124.00,186.00,89.00,186.00
90.00,165.00,124.00,165.00,124.00,185.00,90.00,185.00
91.00,165.00,126.00,165.00,126.00,185.00,91.00,185.00
92.00,165.00,126.00,165.00,126.00,185.00,92.00,185.00
94.00,165.00,127.00,165.00,127.00,185.00,94.00,185.00
95.00,164.00,129.00,164.00,129.00,184.00,95.00,184.00
95.00,165.00,129.00,165.00,129.00,186.00,95.00,186.00
96.00,165.00,129.00,165.00,129.00,186.00,96.00,186.00
98.00,165.00,130.00,165.00,130.00,185.00,98.00,185.00
98.00,165.00,131.00,165.00,131.00,185.00,98.00,185.00
98.00,165.00,131.00,165.00,131.00,185.00,98.00,185.00
99.00,165.00,132.00,165.00,132.00,186.00,99.00,186.00
100.00,165.00,131.00,165.00,131.00,185.00,100.00,185.00
101.00,165.00,132.00,165.00,132.00,184.00,101.00,184.00
102.00,165.00,134.00,165.00,134.00,185.00,102.00,185.00
101.00,167.00,136.00,167.00,136.00,185.00,101.00,185.00
106.00,168.00,142.00,168.00,142.00,186.00,106.00,186.00
112.00,170.00,149.00,170.00,149.00,188.00,112.00,188.00
118.00,171.00,155.00,171.00,155.00,189.00,118.00,189.00
124.00,172.00,161.00,172.00,161.00,190.00,124.00,190.00
131.00,175.00,167.00,175.00,167.00,193.00,131.00,193.00
139.00,178.00,174.00,178.00,174.00,196.00,139.00,196.00
143.00,179.00,179.00,179.00,179.00,197.00,143.00,197.00
150.00,179.00,186.00,179.00,186.00,196.00,150.00,196.00
155.00,182.00,192.00,182.00,192.00,200.00,155.00,200.00
162.00,183.00,198.00,183.00,198.00,201.00,162.00,201.00
166.00,183.00,204.00,183.00,204.00,201.00,166.00,201.00
172.00,184.00,211.00,184.00,211.00,202.00,172.00,202.00
178.00,185.00,216.00,185.00,216.00,204.00,178.00,204.00
184.00,185.00,222.00,185.00,222.00,204.00,184.00,204.00
190.00,186.00,227.00,186.00,227.00,205.00,190.00,205.00
194.00,187.00,233.00,187.00,233.00,206.00,194.00,206.00
201.00,187.00,238.00,187.00,238.00,207.00,201.00,207.00
205.00,187.00,243.00,187.00,243.00,206.00,205.00,206.00
213.00,188.00,247.00,188.00,247.00,205.00,213.00,205.00
216.00,188.00,253.00,188.00,253.00,207.00,216.00,207.00
222.00,189.00,259.00,189.00,259.00,209.00,222.00,209.00
226.00,189.00,263.00,189.00,263.00,209.00,226.00,209.00
230.00,190.00,267.00,190.00,267.00,209.00,230.00,209.00
236.00,190.00,273.00,190.00,273.00,209.00,236.00,209.00
239.00,190.00,276.00,190.00,276.00,209.00,239.00,209.00
244.00,190.00,281.00,190.00,281.00,209.00,244.00,209.00
249.00,189.00,285.00,189.00,285.00,208.00,249.00,208.00
254.00,190.00,289.00,190.00,289.00,209.00,254.00,209.00
259.00,190.00,294.00,190.00,294.00,209.00,259.00,209.00
264.00,190.00,299.00,190.00,299.00,209.00,264.00,209.00
268.00,189.00,303.00,189.00,303.00,208.00,268.00,208.00
272.00,190.00,306.00,190.00,306.00,210.00,272.00,210.00
276.00,190.00,310.00,190.00,310.00,209.00,276.00,209.00
280.00,190.00,313.00,190.00,313.00,209.00,280.00,209.00
284.00,189.00,317.00,189.00,317.00,208.00,284.00,208.00
288.00,189.00,322.00,189.00,322.00,208.00,288.00,208.00
292.00,190.00,325.00,190.00,325.00,209.00,292.00,209.00
296.00,191.00,328.00,191.00,328.00,209.00,296.00,209.00
302.00,191.00,333.00,191.00,333.00,209.00,302.00,209.00
305.00,191.00,337.00,191.00,337.00,210.00,305.00,210.00
309.00,191.00,340.00,191.00,340.00,210.00,309.00,210.00
312.00,191.00,344.00,191.00,344.00,210.00,312.00,210.00
316.00,191.00,347.00,191.00,347.00,210.00,316.00,210.00
320.00,191.00,351.00,191.00,351.00,210.00,320.00,210.00
324.00,190.00,356.00,190.00,356.00,209.00,324.00,209.00
327.00,190.00,358.00,190.00,358.00,208.00,327.00,208.00
331.00,190.00,363.00,190.00,363.00,208.00,331.00,208.00
335.00,189.00,367.00,189.00,367.00,208.00,335.00,208.00
338.00,188.00,369.00,188.00,369.00,207.00,338.00,207.00
