1
263.00,92.00,332.00,92.00,332.00,128.00,263.00,128.00
265.00,94.00,332.00,94.00,332.00,131.00,265.00,131.00
265.00,98.00,332.00,98.00,332.00,132.00,265.00,132.00
266.00,102.00,332.00,102.00,332.00,135.00,266.00,135.00
265.00,103.00,332.00,103.00,332.00,137.00,265.00,137.00
265.00,105.00,332.00,105.00,332.00,139.00,265.00,139.00
265.00,107.00,331.00,107.00,331.00,140.00,265.00,140.00
262.00,108.00,329.00,108.00,329.00,140.00,262.00,140.00
260.00,109.00,327.00,109.00,327.00,142.00,260.00,142.00
258.00,109.00,326.00,109.00,326.00,141.00,258.00,141.00
256.00,110.00,327.00,110.00,327.00,143.00,256.00,143.00
256.00,109.00,327.00,109.00,327.00,142.00,256.00,142.00
257.00,109.00,328.00,109.00,328.00,142.00,257.00,142.00
256.00,108.00,326.00,108.00,326.00,142.00,256.00,142.00
256.00,108.00,325.00,108.00,325.00,141.00,256.00,141.00
255.00,108.00,324.00,108.00,324.00,140.00,255.00,140.00
254.00,106.00,326.00,106.00,326.00,140.00,254.00,140.00
253.00,106.00,324.00,106.00,324.00,139.00,253.00,139.00
252.00,106.00,323.00,106.00,323.00,140.00,252.00,140.00
251.00,104.00,322.00,104.00,322.00,138.00,251.00,138.00
249.00,103.00,321.00,103.00,321.00,139.00,249.00,139.00
247.00,102.00,320.00,102.00,320.00,138.00,247.00,138.00
246.00,102.00,318.00,102.00,318.00,137.00,246.00,137.00
244.00,101.00,317.00,101.00,317.00,136.00,244.00,136.00
241.00,100.00,315.00,100.00,315.00,135.00,241.00,135.00
240.00,100.00,313.00,100.00,313.00,135.00,240.00,135.00
240.00,100.00,310.00,100.00,310.00,134.00,240.00,134.00
238.00,99.00,309.00,99.00,309.00,134.00,238.00,134.00
238.00,99.00,307.00,99.00,307.00,133.00,238.00,133.00
237.00,98.00,305.00,98.00,305.00,132.00,237.00,132.00
235.00,96.00,302.00,96.00,302.00,131.00,235.00,131.00
232.00,97.00,299.00,97.00,299.00,131.00,232.00,131.00
233.00,96.00,297.00,96.00,297.00,130.00,233.00,130.00
234.00,94.00,298.00,94.00,298.00,128.00,234.00,128.00
231.00,99.00,293.00,99.00,293.00,132.00,231.00,132.00
230.00,101.00,291.00,101.00,291.00,134.00,230.00,134.00
228.00,103.00,288.00,103.00,288.00,136.00,228.00,136.00
231.00,98.00,290.00,98.00,290.00,132.00,231.00,132.00
228.00,102.00,286.00,102.00,286.00,134.00,228.00,134.00
227.00,105.00,284.00,105.00,284.00,136.00,227.00,136.00
229.00,107.00,285.00,107.00,285.00,138.00,229.00,138.00
230.00,106.00,286.00,106.00,286.00,137.00,230.00,137.00
229.00,107.00,285.00,107.00,285.00,138.00,229.00,138.00
230.00,111.00,288.00,111.00,288.00,141.00,230.00,141.00
232.00,110.00,288.00,110.00,288.00,140.00,232.00,140.00
233.00,109.00,293.00,109.00,293.00,142.00,233.00,142.00
234.00,110.00,287.00,110.00,287.00,141.00,234.00,141.00
233.00,113.00,287.00,113.00,287.00,142.00,233.00,142.00
235.00,109.00,294.00,109.00,294.00,142.00,235.00,142.00
235.00,111.00,285.00,111.00,285.00,140.00,235.00,140.00
236.00,109.00,295.00,109.00,295.00,141.00,236.00,141.00
237.00,112.00,287.00,112.00,287.00,141.00,237.00,141.00
238.00,109.00,285.00,109.00,285.00,138.00,238.00,138.00
241.00,109.00,288.00,109.00,288.00,138.00,241.00,138.00
242.00,105.00,288.00,105.00,288.00,133.00,242.00,133.00
243.00,100.00,288.00,100.00,288.00,128.00,243.00,128.00
248.00,91.00,294.00,91.00,294.00,119.00,248.00,119.00
250.00,88.00,295.00,88.00,295.00,116.00,250.00,116.00
250.00,88.00,295.00,88.00,295.00,116.00,250.00,116.00
250.00,89.00,295.00,89.00,295.00,118.00,250.00,118.00
253.00,90.00,298.00,90.00,298.00,118.00,253.00,118.00
252.00,91.00,296.00,91.00,296.00,119.00,252.00,119.00
245.00,108.00,291.00,108.00,291.00,135.00,245.00,135.00
244.00,113.00,291.00,113.00,291.00,141.00,244.00,141.00
245.00,112.00,291.00,112.00,291.00,141.00,245.00,141.00
247.00,110.00,292.00,110.00,292.00,137.00,247.00,137.00
245.00,113.00,291.00,113.00,291.00,141.00,245.00,141.00
247.00,111.00,293.00,111.00,293.00,139.00,247.00,139.00
246.00,116.00,293.00,116.00,293.00,144.00,246.00,144.00
246.00,116.00,291.00,116.00,291.00,143.00,246.00,143.00
246.00,116.00,290.00,116.00,290.00,142.00,246.00,142.00
246.00,116.00,290.00,116.00,290.00,142.00,246.00,142.00
245.00,116.00,288.00,116.00,288.00,142.00,245.00,142.00
247.00,118.00,290.00,118.00,290.00,144.00,247.00,144.00
246.00,117.00,289.00,117.00,289.00,144.00,246.00,144.00
248.00,116.00,289.00,116.00,289.00,142.00,248.00,142.00
248.00,117.00,289.00,117.00,289.00,142.00,248.00,142.00
247.00,116.00,288.00,116.00,288.00,141.00,247.00,141.00
247.00,116.00,288.00,116.00,288.00,141.00,247.00,141.00
247.00,115.00,288.00,115.00,288.00,140.00,247.00,140.00
247.00,117.00,290.00,117.00,290.00,142.00,247.00,142.00
246.00,117.00,289.00,117.00,289.00,141.00,246.00,141.00
246.00,115.00,289.00,115.00,289.00,141.00,246.00,141.00
247.00,116.00,289.00,116.00,289.00,142.00,247.00,142.00
246.00,115.00,287.00,115.00,287.00,140.00,246.00,140.00
247.00,115.00,287.00,115.00,287.00,141.00,247.00,141.00
249.00,114.00,288.00,114.00,288.00,141.00,249.00,141.00
250.00,113.00,288.00,113.00,288.00,140.00,250.00,140.00
248.00,114.00,287.00,114.00,287.00,141.00,248.00,141.00
250.00,114.00,289.00,114.00,289.00,140.00,250.00,140.00
250.00,114.00,290.00,114.00,290.00,140.00,250.00,140.00
251.00,114.00,291.00,114.00,291.00,139.00,251.00,139.00
251.00,115.00,292.00,115.00,292.00,139.00,251.00,139.00
252.00,114.00,293.00,114.00,293.00,138.00,252.00,138.00
250.00,115.00,292.00,115.00,292.00,140.00,250.00,140.00
249.00,115.00,291.00,115.00,291.00,139.00,249.00,139.00
249.00,115.00,291.00,115.00,291.00,139.00,249.00,139.00
250.00,115.00,292.00,115.00,292.00,140.00,250.00,140.00
251.00,115.00,291.00,115.00,291.00,139.00,251.00,139.00
253.00,114.00,292.00,114.00,292.00,138.00,253.00,138.00
253.00,114.00,292.00,114.00,292.00,139.00,253.00,139.00
253.00,114.00,292.00,114.00,292.00,139.00,253.00,139.00
255.00,113.00,294.00,113.00,294.00,138.00,255.00,138.00
256.00,114.00,296.00,114.00,296.00,139.00,256.00,139.00
257.00,113.00,297.00,113.00,297.00,140.00,257.00,140.00
259.00,113.00,298.00,113.00,298.00,140.00,259.00,140.00
257.00,112.00,297.00,112.00,297.00,140.00,257.00,140.00
258.00,112.00,296.00,112.00,296.00,140.00,258.00,140.00
257.00,112.00,295.00,112.00,295.00,139.00,257.00,139.00
258.00,113.00,296.00,113.00,296.00,140.00,258.00,140.00
257.00,112.00,296.00,112.00,296.00,140.00,257.00,140.00
259.00,116.00,295.00,116.00,295.00,142.00,259.00,142.00
260.00,124.00,293.00,124.00,293.00,146.00,260.00,146.00
259.00,125.00,292.00,125.00,292.00,147.00,259.00,147.00
255.00,120.00,292.00,120.00,292.00,142.00,255.00,142.00
252.00,109.00,292.00,109.00,292.00,133.00,252.00,133.00
251.00,108.00,291.00,108.00,291.00,132.00,251.00,132.00
253.00,120.00,293.00,120.00,293.00,142.00,253.00,142.00
254.00,128.00,293.00,128.00,293.00,148.00,254.00,148.00
251.00,124.00,291.00,124.00,291.00,147.00,251.00,147.00
249.00,109.00,292.00,109.00,292.00,135.00,249.00,135.00
249.00,109.00,292.00,109.00,292.00,135.00,249.00,135.00
247.00,107.00,291.00,107.00,291.00,133.00,247.00,133.00
247.00,104.00,288.00,104.00,288.00,129.00,247.00,129.00
245.00,107.00,291.00,107.00,291.00,132.00,245.00,132.00
242.00,106.00,290.00,106.00,290.00,132.00,242.00,132.00
240.00,105.00,289.00,105.00,289.00,132.00,240.00,132.00
238.00,104.00,288.00,104.00,288.00,131.00,238.00,131.00
237.00,105.00,288.00,105.00,288.00,133.00,237.00,133.00
235.00,105.00,285.00,105.00,285.00,133.00,235.00,133.00
234.00,105.00,283.00,105.00,283.00,132.00,234.00,132.00
232.00,107.00,280.00,107.00,280.00,134.00,232.00,134.00
231.00,107.00,277.00,107.00,277.00,134.00,231.00,134.00
230.00,108.00,275.00,108.00,275.00,135.00,230.00,135.00
228.00,109.00,272.00,109.00,272.00,135.00,228.00,135.00
224.00,109.00,269.00,109.00,269.00,134.00,224.00,134.00
226.00,110.00,271.00,110.00,271.00,135.00,226.00,135.00
223.00,110.00,268.00,110.00,268.00,135.00,223.00,135.00
221.00,111.00,266.00,111.00,266.00,136.00,221.00,136.00
221.00,112.00,265.00,112.00,265.00,136.00,221.00,136.00
219.00,112.00,263.00,112.00,263.00,136.00,219.00,136.00
216.00,113.00,261.00,113.00,261.00,138.00,216.00,138.00
215.00,114.00,261.00,114.00,261.00,139.00,215.00,139.00
211.00,114.00,256.00,114.00,256.00,139.00,211.00,139.00
212.00,114.00,256.00,114.00,256.00,139.00,212.00,139.00
210.00,114.00,255.00,114.00,255.00,139.00,210.00,139.00
206.00,114.00,251.00,114.00,251.00,139.00,206.00,139.00
206.00,115.00,251.00,115.00,251.00,140.00,206.00,140.00
206.00,116.00,251.00,116.00,251.00,141.00,206.00,141.00
204.00,118.00,249.00,118.00,249.00,144.00,204.00,144.00
204.00,121.00,251.00,121.00,251.00,147.00,204.00,147.00
201.00,122.00,248.00,122.00,248.00,147.00,201.00,147.00
199.00,123.00,246.00,123.00,246.00,147.00,199.00,147.00
200.00,124.00,245.00,124.00,245.00,146.00,200.00,146.00
200.00,124.00,245.00,124.00,245.00,147.00,200.00,147.00
197.00,123.00,243.00,123.00,243.00,146.00,197.00,146.00
197.00,124.00,242.00,124.00,242.00,147.00,197.00,147.00
195.00,125.00,240.00,125.00,240.00,148.00,195.00,148.00
192.00,126.00,238.00,126.00,238.00,150.00,192.00,150.00
194.00,126.00,238.00,126.00,238.00,149.00,194.00,149.00
193.00,125.00,238.00,125.00,238.00,149.00,193.00,149.00
192.00,124.00,235.00,124.00,235.00,148.00,192.00,148.00
191.00,124.00,234.00,124.00,234.00,148.00,191.00,148.00
191.00,122.00,233.00,122.00,233.00,145.00,191.00,145.00
190.00,123.00,232.00,123.00,232.00,147.00,190.00,147.00
188.00,121.00,232.00,121.00,232.00,145.00,188.00,145.00
186.00,120.00,230.00,120.00,230.00,145.00,186.00,145.00
186.00,118.00,230.00,118.00,230.00,143.00,186.00,143.00
184.00,117.00,228.00,117.00,228.00,142.00,184.00,142.00
183.00,115.00,227.00,115.00,227.00,140.00,183.00,140.00
181.00,114.00,225.00,114.00,225.00,139.00,181.00,139.00
180.00,112.00,224.00,112.00,224.00,137.00,180.00,137.00
179.00,111.00,222.00,111.00,222.00,136.00,179.00,136.00
178.00,110.00,221.00,110.00,221.00,136.00,178.00,136.00
177.00,108.00,220.00,108.00,220.00,133.00,177.00,133.00
175.00,107.00,218.00,107.00,218.00,131.00,175.00,131.00
174.00,105.00,218.00,105.00,218.00,130.00,174.00,130.00
172.00,106.00,216.00,106.00,216.00,130.00,172.00,130.00
170.00,104.00,213.00,104.00,213.00,129.00,170.00,129.00
169.00,104.00,212.00,104.00,212.00,128.00,169.00,128.00
168.00,102.00,211.00,102.00,211.00,127.00,168.00,127.00
166.00,102.00,209.00,102.00,209.00,127.00,166.00,127.00
166.00,102.00,208.00,102.00,208.00,127.00,166.00,127.00
164.00,102.00,206.00,102.00,206.00,127.00,164.00,127.00
163.00,102.00,205.00,102.00,205.00,127.00,163.00,127.00
161.00,102.00,203.00,102.00,203.00,126.00,161.00,126.00
159.00,101.00,202.00,101.00,202.00,124.00,159.00,124.00
156.00,102.00,199.00,102.00,199.00,125.00,156.00,125.00
156.00,103.00,199.00,103.00,199.00,125.00,156.00,125.00
155.00,102.00,197.00,102.00,197.00,124.00,155.00,124.00
155.00,102.00,197.00,102.00,197.00,124.00,155.00,124.00
156.00,100.00,198.00,100.00,198.00,123.00,156.00,123.00
154.00,101.00,195.00,101.00,195.00,123.00,154.00,123.00
155.00,100.00,196.00,100.00,196.00,123.00,155.00,123.00
153.00,100.00,194.00,100.00,194.00,122.00,153.00,122.00
151.00,99.00,192.00,99.00,192.00,121.00,151.00,121.00
152.00,99.00,193.00,99.00,193.00,122.00,152.00,122.00
153.00,99.00,193.00,99.00,193.00,122.00,153.00,122.00
152.00,99.00,191.00,99.00,191.00,121.00,152.00,121.00
152.00,101.00,191.00,101.00,191.00,123.00,152.00,123.00
150.00,101.00,188.00,101.00,188.00,122.00,150.00,122.00
151.00,101.00,188.00,101.00,188.00,123.00,151.00,123.00
150.00,101.00,188.00,101.00,188.00,123.00,150.00,123.00
150.00,103.00,187.00,103.00,187.00,124.00,150.00,124.00
150.00,103.00,187.00,103.00,187.00,123.00,150.00,123.00
149.00,103.00,186.00,103.00,186.00,124.00,149.00,124.00
148.00,103.00,185.00,103.00,185.00,123.00,148.00,123.00
150.00,103.00,187.00,103.00,187.00,124.00,150.00,124.00
152.00,102.00,187.00,102.00,187.00,124.00,152.00,124.00
152.00,104.00,187.00,104.00,187.00,125.00,152.00,125.00
151.00,105.00,186.00,105.00,186.00,126.00,151.00,126.00
151.00,105.00,186.00,105.00,186.00,126.00,151.00,126.00
150.00,105.00,186.00,105.00,186.00,126.00,150.00,126.00
151.00,105.00,186.00,105.00,186.00,127.00,151.00,127.00
151.00,104.00,187.00,104.00,187.00,126.00,151.00,126.00
152.00,105.00,186.00,105.00,186.00,126.00,152.00,126.00
151.00,106.00,186.00,106.00,186.00,128.00,151.00,128.00
151.00,104.00,185.00,104.00,185.00,126.00,151.00,126.00
151.00,104.00,184.00,104.00,184.00,126.00,151.00,126.00
150.00,104.00,184.00,104.00,184.00,126.00,150.00,126.00
151.00,105.00,185.00,105.00,185.00,128.00,151.00,128.00
150.00,105.00,185.00,105.00,185.00,127.00,150.00,127.00
150.00,104.00,184.00,104.00,184.00,126.00,150.00,126.00
149.00,105.00,183.00,105.00,183.00,127.00,149.00,127.00
150.00,105.00,185.00,105.00,185.00,127.00,150.00,127.00
149.00,105.00,184.00,105.00,184.00,127.00,149.00,127.00
149.00,105.00,185.00,105.00,185.00,127.00,149.00,127.00
150.00,105.00,185.00,105.00,185.00,127.00,150.00,127.00
149.00,105.00,184.00,105.00,184.00,127.00,149.00,127.00
149.00,105.00,184.00,105.00,184.00,127.00,149.00,127.00
148.00,106.00,184.00,106.00,184.00,128.00,148.00,128.00
148.00,106.00,183.00,106.00,183.00,127.00,148.00,127.00
148.00,106.00,184.00,106.00,184.00,128.00,148.00,128.00
148.00,106.00,184.00,106.00,184.00,128.00,148.00,128.00
148.00,105.00,185.00,105.00,185.00,128.00,148.00,128.00
148.00,105.00,184.00,105.00,184.00,127.00,148.00,127.00
148.00,104.00,183.00,104.00,183.00,126.00,148.00,126.00
146.00,104.00,182.00,104.00,182.00,125.00,146.00,125.00
146.00,104.00,182.00,104.00,182.00,125.00,146.00,125.00
145.00,105.00,181.00,105.00,181.00,126.00,145.00,126.00
144.00,105.00,182.00,105.00,182.00,126.00,144.00,126.00
144.00,104.00,182.00,104.00,182.00,125.00,144.00,125.00
142.00,105.00,182.00,105.00,182.00,126.00,142.00,126.00
142.00,105.00,183.00,105.00,183.00,125.00,142.00,125.00
141.00,104.00,183.00,104.00,183.00,124.00,141.00,124.00
141.00,104.00,183.00,104.00,183.00,126.00,141.00,126.00
139.00,103.00,182.00,103.00,182.00,125.00,139.00,125.00
139.00,102.00,183.00,102.00,183.00,125.00,139.00,125.00
138.00,102.00,182.00,102.00,182.00,124.00,138.00,124.00
138.00,102.00,182.00,102.00,182.00,124.00,138.00,124.00
138.00,100.00,182.00,100.00,182.00,123.00,138.00,123.00
136.00,100.00,181.00,100.00,181.00,123.00,136.00,123.00
137.00,99.00,182.00,99.00,182.00,123.00,137.00,123.00
137.00,99.00,183.00,99.00,183.00,123.00,137.00,123.00
136.00,98.00,183.00,98.00,183.00,123.00,136.00,123.00
136.00,98.00,184.00,98.00,184.00,122.00,136.00,122.00
136.00,98.00,183.00,98.00,183.00,122.00,136.00,122.00
136.00,99.00,184.00,99.00,184.00,122.00,136.00,122.00
136.00,97.00,185.00,97.00,185.00,121.00,136.00,121.00
135.00,96.00,185.00,96.00,185.00,120.00,135.00,120.00
134.00,97.00,184.00,97.00,184.00,121.00,134.00,121.00
135.00,96.00,187.00,96.00,187.00,120.00,135.00,120.00
135.00,97.00,186.00,97.00,186.00,120.00,135.00,120.00
135.00,96.00,187.00,96.00,187.00,120.00,135.00,120.00
134.00,96.00,187.00,96.00,187.00,120.00,134.00,120.00
134.00,95.00,190.00,95.00,190.00,120.00,134.00,120.00
133.00,95.00,191.00,95.00,191.00,121.00,133.00,121.00
133.00,95.00,191.00,95.00,191.00,120.00,133.00,120.00
133.00,95.00,191.00,95.00,191.00,120.00,133.00,120.00
132.00,94.00,190.00,94.00,190.00,120.00,132.00,120.00
133.00,95.00,192.00,95.00,192.00,121.00,133.00,121.00
133.00,93.00,193.00,93.00,193.00,120.00,133.00,120.00
133.00,93.00,192.00,93.00,192.00,120.00,133.00,120.00
133.00,91.00,192.00,91.00,192.00,119.00,133.00,119.00
133.00,92.00,192.00,92.00,192.00,120.00,133.00,120.00
132.00,92.00,195.00,92.00,195.00,120.00,132.00,120.00
132.00,94.00,193.00,94.00,193.00,122.00,132.00,122.00
133.00,93.00,195.00,93.00,195.00,122.00,133.00,122.00
132.00,93.00,195.00,93.00,195.00,122.00,132.00,122.00
132.00,93.00,196.00,93.00,196.00,123.00,132.00,123.00
133.00,93.00,197.00,93.00,197.00,123.00,133.00,123.00
133.00,92.00,197.00,92.00,197.00,123.00,133.00,123.00
132.00,92.00,197.00,92.00,197.00,123.00,132.00,123.00
133.00,90.00,199.00,90.00,199.00,122.00,133.00,122.00
132.00,92.00,198.00,92.00,198.00,124.00,132.00,124.00
133.00,91.00,199.00,91.00,199.00,123.00,133.00,123.00
133.00,91.00,199.00,91.00,199.00,123.00,133.00,123.00
134.00,91.00,199.00,91.00,199.00,123.00,134.00,123.00
134.00,91.00,199.00,91.00,199.00,123.00,134.00,123.00
134.00,92.00,199.00,92.00,199.00,124.00,134.00,124.00
134.00,92.00,200.00,92.00,200.00,124.00,134.00,124.00
136.00,92.00,200.00,92.00,200.00,124.00,136.00,124.00
136.00,93.00,201.00,93.00,201.00,125.00,136.00,125.00
136.00,93.00,201.00,93.00,201.00,126.00,136.00,126.00
136.00,92.00,201.00,92.00,201.00,125.00,136.00,125.00
137.00,93.00,202.00,93.00,202.00,126.00,137.00,126.00
137.00,94.00,203.00,94.00,203.00,126.00,137.00,126.00
137.00,93.00,202.00,93.00,202.00,126.00,137.00,126.00
137.00,94.00,201.00,94.00,201.00,127.00,137.00,127.00
138.00,95.00,201.00,95.00,201.00,127.00,138.00,127.00
137.00,94.00,201.00,94.00,201.00,127.00,137.00,127.00
138.00,95.00,200.00,95.00,200.00,126.00,138.00,126.00
138.00,94.00,201.00,94.00,201.00,126.00,138.00,126.00
137.00,96.00,201.00,96.00,201.00,127.00,137.00,127.00
138.00,96.00,201.00,96.00,201.00,127.00,138.00,127.00
138.00,96.00,202.00,96.00,202.00,128.00,138.00,128.00
138.00,95.00,202.00,95.00,202.00,128.00,138.00,128.00
139.00,98.00,201.00,98.00,201.00,129.00,139.00,129.00
138.00,97.00,202.00,97.00,202.00,128.00,138.00,128.00
138.00,98.00,201.00,98.00,201.00,129.00,138.00,129.00
137.00,98.00,202.00,98.00,202.00,129.00,137.00,129.00
136.00,97.00,202.00,97.00,202.00,130.00,136.00,130.00
136.00,97.00,200.00,97.00,200.00,130.00,136.00,130.00
134.00,98.00,198.00,98.00,198.00,131.00,134.00,131.00
134.00,97.00,196.00,97.00,196.00,132.00,134.00,132.00
135.00,98.00,194.00,98.00,194.00,131.00,135.00,131.00
134.00,97.00,195.00,97.00,195.00,130.00,134.00,130.00
134.00,97.00,194.00,97.00,194.00,129.00,134.00,129.00
134.00,96.00,194.00,96.00,194.00,129.00,134.00,129.00
136.00,96.00,196.00,96.00,196.00,129.00,136.00,129.00
137.00,97.00,196.00,97.00,196.00,130.00,137.00,130.00
138.00,96.00,198.00,96.00,198.00,129.00,138.00,129.00
139.00,95.00,199.00,95.00,199.00,128.00,139.00,128.00
139.00,96.00,199.00,96.00,199.00,128.00,139.00,128.00
142.00,94.00,201.00,94.00,201.00,126.00,142.00,126.00
145.00,96.00,201.00,96.00,201.00,127.00,145.00,127.00
145.00,95.00,200.00,95.00,200.00,126.00,145.00,126.00
149.00,96.00,202.00,96.00,202.00,126.00,149.00,126.00
150.00,94.00,203.00,94.00,203.00,124.00,150.00,124.00
153.00,94.00,205.00,94.00,205.00,124.00,153.00,124.00
154.00,93.00,206.00,93.00,206.00,123.00,154.00,123.00
156.00,94.00,207.00,94.00,207.00,124.00,156.00,124.00
157.00,94.00,207.00,94.00,207.00,123.00,157.00,123.00
156.00,91.00,209.00,91.00,209.00,120.00,156.00,120.00
159.00,92.00,211.00,92.00,211.00,121.00,159.00,121.00
161.00,90.00,211.00,90.00,211.00,120.00,161.00,120.00
163.00,89.00,213.00,89.00,213.00,118.00,163.00,118.00
166.00,89.00,214.00,89.00,214.00,117.00,166.00,117.00
169.00,87.00,217.00,87.00,217.00,115.00,169.00,115.00
171.00,88.00,217.00,88.00,217.00,115.00,171.00,115.00
174.00,87.00,219.00,87.00,219.00,114.00,174.00,114.00
176.00,86.00,220.00,86.00,220.00,114.00,176.00,114.00
178.00,85.00,224.00,85.00,224.00,107.00,178.00,107.00
182.00,86.00,224.00,86.00,224.00,112.00,182.00,112.00
185.00,87.00,228.00,87.00,228.00,112.00,185.00,112.00
190.00,90.00,233.00,90.00,233.00,113.00,190.00,113.00
192.00,90.00,233.00,90.00,233.00,113.00,192.00,113.00
196.00,93.00,236.00,93.00,236.00,115.00,196.00,115.00
199.00,95.00,237.00,95.00,237.00,116.00,199.00,116.00
198.00,96.00,237.00,96.00,237.00,117.00,198.00,117.00
202.00,98.00,239.00,98.00,239.00,119.00,202.00,119.00
205.00,99.00,242.00,99.00,242.00,120.00,205.00,120.00
206.00,100.00,243.00,100.00,243.00,121.00,206.00,121.00
205.00,102.00,242.00,102.00,242.00,123.00,205.00,123.00
205.00,103.00,242.00,103.00,242.00,125.00,205.00,125.00
205.00,104.00,242.00,104.00,242.00,125.00,205.00,125.00
206.00,105.00,241.00,105.00,241.00,125.00,206.00,125.00
206.00,108.00,241.00,108.00,241.00,128.00,206.00,128.00
206.00,108.00,241.00,108.00,241.00,127.00,206.00,127.00
206.00,109.00,240.00,109.00,240.00,129.00,206.00,129.00
205.00,110.00,240.00,110.00,240.00,129.00,205.00,129.00
206.00,112.00,241.00,112.00,241.00,131.00,206.00,131.00
206.00,113.00,240.00,113.00,240.00,132.00,206.00,132.00
206.00,113.00,239.00,113.00,239.00,132.00,206.00,132.00
204.00,114.00,239.00,114.00,239.00,133.00,204.00,133.00
204.00,114.00,239.00,114.00,239.00,133.00,204.00,133.00
205.00,115.00,238.00,115.00,238.00,134.00,205.00,134.00
203.00,116.00,237.00,116.00,237.00,135.00,203.00,135.00
201.00,118.00,238.00,118.00,238.00,137.00,201.00,137.00
201.00,118.00,237.00,118.00,237.00,138.00,201.00,138.00
200.00,119.00,236.00,119.00,236.00,138.00,200.00,138.00
199.00,120.00,236.00,120.00,236.00,139.00,199.00,139.00
198.00,120.00,235.00,120.00,235.00,139.00,198.00,139.00
196.00,121.00,235.00,121.00,235.00,141.00,196.00,141.00
196.00,122.00,234.00,122.00,234.00,141.00,196.00,141.00
196.00,122.00,234.00,122.00,234.00,142.00,196.00,142.00
194.00,122.00,233.00,122.00,233.00,142.00,194.00,142.00
193.00,123.00,231.00,123.00,231.00,143.00,193.00,143.00
193.00,123.00,232.00,123.00,232.00,143.00,193.00,143.00
192.00,124.00,231.00,124.00,231.00,145.00,192.00,145.00
191.00,124.00,231.00,124.00,231.00,145.00,191.00,145.00
190.00,125.00,230.00,125.00,230.00,146.00,190.00,146.00
189.00,125.00,228.00,125.00,228.00,145.00,189.00,145.00
188.00,125.00,227.00,125.00,227.00,145.00,188.00,145.00
186.00,125.00,226.00,125.00,226.00,145.00,186.00,145.00
188.00,125.00,226.00,125.00,226.00,146.00,188.00,146.00
185.00,125.00,224.00,125.00,224.00,145.00,185.00,145.00
184.00,125.00,223.00,125.00,223.00,145.00,184.00,145.00
185.00,125.00,224.00,125.00,224.00,145.00,185.00,145.00
184.00,124.00,224.00,124.00,224.00,144.00,184.00,144.00
183.00,124.00,222.00,124.00,222.00,144.00,183.00,144.00
183.00,123.00,223.00,123.00,223.00,143.00,183.00,143.00
183.00,122.00,222.00,122.00,222.00,142.00,183.00,142.00
183.00,122.00,223.00,122.00,223.00,142.00,183.00,142.00
182.00,121.00,220.00,121.00,220.00,141.00,182.00,141.00
181.00,121.00,221.00,121.00,221.00,141.00,181.00,141.00
180.00,119.00,221.00,119.00,221.00,139.00,180.00,139.00
180.00,119.00,222.00,119.00,222.00,138.00,180.00,138.00
185.00,121.00,227.00,121.00,227.00,139.00,185.00,139.00
179.00,118.00,220.00,118.00,220.00,136.00,179.00,136.00
178.00,117.00,219.00,117.00,219.00,135.00,178.00,135.00
178.00,117.00,220.00,117.00,220.00,134.00,178.00,134.00
176.00,117.00,218.00,117.00,218.00,134.00,176.00,134.00
175.00,116.00,217.00,116.00,217.00,133.00,175.00,133.00
174.00,116.00,216.00,116.00,216.00,133.00,174.00,133.00
172.00,115.00,214.00,115.00,214.00,132.00,172.00,132.00
172.00,114.00,213.00,114.00,213.00,131.00,172.00,131.00
171.00,114.00,212.00,114.00,212.00,131.00,171.00,131.00
170.00,113.00,209.00,113.00,209.00,130.00,170.00,130.00
169.00,114.00,209.00,114.00,209.00,131.00,169.00,131.00
168.00,113.00,208.00,113.00,208.00,131.00,168.00,131.00
165.00,113.00,205.00,113.00,205.00,131.00,165.00,131.00
165.00,112.00,205.00,112.00,205.00,130.00,165.00,130.00
163.00,111.00,203.00,111.00,203.00,129.00,163.00,129.00
163.00,112.00,204.00,112.00,204.00,130.00,163.00,130.00
162.00,111.00,202.00,111.00,202.00,129.00,162.00,129.00
161.00,111.00,201.00,111.00,201.00,129.00,161.00,129.00
160.00,110.00,198.00,110.00,198.00,128.00,160.00,128.00
160.00,110.00,200.00,110.00,200.00,128.00,160.00,128.00
158.00,109.00,198.00,109.00,198.00,127.00,158.00,127.00
157.00,108.00,197.00,108.00,197.00,125.00,157.00,125.00
156.00,108.00,197.00,108.00,197.00,126.00,156.00,126.00
156.00,106.00,198.00,106.00,198.00,125.00,156.00,125.00
154.00,105.00,196.00,105.00,196.00,124.00,154.00,124.00
155.00,105.00,196.00,105.00,196.00,124.00,155.00,124.00
155.00,104.00,196.00,104.00,196.00,123.00,155.00,123.00
154.00,103.00,195.00,103.00,195.00,122.00,154.00,122.00
154.00,103.00,197.00,103.00,197.00,122.00,154.00,122.00
154.00,102.00,198.00,102.00,198.00,122.00,154.00,122.00
153.00,102.00,196.00,102.00,196.00,121.00,153.00,121.00
153.00,101.00,196.00,101.00,196.00,121.00,153.00,121.00
153.00,101.00,196.00,101.00,196.00,120.00,153.00,120.00
153.00,101.00,195.00,101.00,195.00,120.00,153.00,120.00
153.00,101.00,194.00,101.00,194.00,120.00,153.00,120.00
153.00,101.00,194.00,101.00,194.00,121.00,153.00,121.00
155.00,101.00,196.00,101.00,196.00,121.00,155.00,121.00
153.00,101.00,195.00,101.00,195.00,121.00,153.00,121.00
154.00,101.00,196.00,101.00,196.00,122.00,154.00,122.00
154.00,102.00,196.00,102.00,196.00,123.00,154.00,123.00
153.00,102.00,195.00,102.00,195.00,123.00,153.00,123.00
154.00,102.00,195.00,102.00,195.00,123.00,154.00,123.00
153.00,103.00,193.00,103.00,193.00,124.00,153.00,124.00
153.00,103.00,192.00,103.00,192.00,124.00,153.00,124.00
152.00,103.00,191.00,103.00,191.00,123.00,152.00,123.00
150.00,104.00,188.00,104.00,188.00,124.00,150.00,124.00
150.00,104.00,187.00,104.00,187.00,125.00,150.00,125.00
150.00,104.00,185.00,104.00,185.00,124.00,150.00,124.00
151.00,104.00,184.00,104.00,184.00,125.00,151.00,125.00
149.00,105.00,182.00,105.00,182.00,124.00,149.00,124.00
147.00,106.00,180.00,106.00,180.00,125.00,147.00,125.00
146.00,106.00,179.00,106.00,179.00,125.00,146.00,125.00
145.00,106.00,177.00,106.00,177.00,126.00,145.00,126.00
145.00,106.00,175.00,106.00,175.00,125.00,145.00,125.00
142.00,107.00,173.00,107.00,173.00,126.00,142.00,126.00
140.00,107.00,172.00,107.00,172.00,125.00,140.00,125.00
138.00,108.00,170.00,108.00,170.00,127.00,138.00,127.00
138.00,108.00,169.00,108.00,169.00,127.00,138.00,127.00
137.00,108.00,167.00,108.00,167.00,127.00,137.00,127.00
136.00,109.00,167.00,109.00,167.00,128.00,136.00,128.00
136.00,109.00,167.00,109.00,167.00,129.00,136.00,129.00
134.00,110.00,166.00,110.00,166.00,130.00,134.00,130.00
133.00,111.00,164.00,111.00,164.00,131.00,133.00,131.00
133.00,110.00,163.00,110.00,163.00,129.00,133.00,129.00
131.00,110.00,161.00,110.00,161.00,129.00,131.00,129.00
130.00,109.00,160.00,109.00,160.00,128.00,130.00,128.00
130.00,109.00,160.00,109.00,160.00,127.00,130.00,127.00
129.00,108.00,158.00,108.00,158.00,126.00,129.00,126.00
129.00,108.00,158.00,108.00,158.00,127.00,129.00,127.00
128.00,108.00,157.00,108.00,157.00,127.00,128.00,127.00
127.00,107.00,157.00,107.00,157.00,127.00,127.00,127.00
126.00,107.00,156.00,107.00,156.00,126.00,126.00,126.00
125.00,106.00,154.00,106.00,154.00,125.00,125.00,125.00
124.00,106.00,153.00,106.00,153.00,126.00,124.00,126.00
123.00,106.00,153.00,106.00,153.00,125.00,123.00,125.00
122.00,105.00,153.00,105.00,153.00,125.00,122.00,125.00
122.00,105.00,151.00,105.00,151.00,125.00,122.00,125.00
121.00,105.00,150.00,105.00,150.00,125.00,121.00,125.00
119.00,105.00,150.00,105.00,150.00,126.00,119.00,126.00
119.00,105.00,150.00,105.00,150.00,126.00,119.00,126.00
118.00,105.00,149.00,105.00,149.00,125.00,118.00,125.00
117.00,105.00,148.00,105.00,148.00,126.00,117.00,126.00
114.00,105.00,148.00,105.00,148.00,127.00,114.00,127.00
113.00,105.00,148.00,105.00,148.00,127.00,113.00,127.00
111.00,105.00,147.00,105.00,147.00,127.00,111.00,127.00
109.00,106.00,145.00,106.00,145.00,127.00,109.00,127.00
108.00,106.00,144.00,106.00,144.00,127.00,108.00,127.00
107.00,106.00,143.00,106.00,143.00,127.00,107.00,127.00
104.00,107.00,140.00,107.00,140.00,128.00,104.00,128.00
102.00,107.00,139.00,107.00,139.00,128.00,102.00,128.00
100.00,107.00,137.00,107.00,137.00,128.00,100.00,128.00
99.00,107.00,136.00,107.00,136.00,128.00,99.00,128.00
97.00,108.00,134.00,108.00,134.00,129.00,97.00,129.00
95.00,108.00,132.00,108.00,132.00,128.00,95.00,128.00
93.00,108.00,130.00,108.00,130.00,128.00,93.00,128.00
92.00,108.00,129.00,108.00,129.00,128.00,92.00,128.00
91.00,108.00,127.00,108.00,127.00,128.00,91.00,128.00
88.00,107.00,124.00,107.00,124.00,127.00,88.00,127.00
87.00,108.00,123.00,108.00,123.00,128.00,87.00,128.00
86.00,107.00,122.00,107.00,122.00,126.00,86.00,126.00
85.00,107.00,121.00,107.00,121.00,127.00,85.00,127.00
84.00,107.00,120.00,107.00,120.00,128.00,84.00,128.00
82.00,107.00,118.00,107.00,118.00,128.00,82.00,128.00
80.00,106.00,117.00,106.00,117.00,127.00,80.00,127.00
78.00,107.00,116.00,107.00,116.00,129.00,78.00,129.00
77.00,106.00,113.00,106.00,113.00,128.00,77.00,128.00
75.00,106.00,113.00,106.00,113.00,129.00,75.00,129.00
73.00,106.00,112.00,106.00,112.00,129.00,73.00,129.00
73.00,106.00,111.00,106.00,111.00,129.00,73.00,129.00
69.00,107.00,108.00,107.00,108.00,130.00,69.00,130.00
68.00,107.00,108.00,107.00,108.00,130.00,68.00,130.00
65.00,108.00,107.00,108.00,107.00,133.00,65.00,133.00
64.00,108.00,104.00,108.00,104.00,132.00,64.00,132.00
62.00,109.00,103.00,109.00,103.00,133.00,62.00,133.00
59.00,109.00,100.00,109.00,100.00,133.00,59.00,133.00
58.00,110.00,97.00,110.00,97.00,133.00,58.00,133.00
55.00,110.00,95.00,110.00,95.00,134.00,55.00,134.00
53.00,110.00,94.00,110.00,94.00,136.00,53.00,136.00
52.00,111.00,93.00,111.00,93.00,137.00,52.00,137.00
50.00,112.00,93.00,112.00,93.00,138.00,50.00,138.00
48.00,112.00,91.00,112.00,91.00,138.00,48.00,138.00
46.00,112.00,88.00,112.00,88.00,140.00,46.00,140.00
44.00,112.00,87.00,112.00,87.00,139.00,44.00,139.00
43.00,112.00,86.00,112.00,86.00,139.00,43.00,139.00
43.00,112.00,86.00,112.00,86.00,139.00,43.00,139.00
41.00,111.00,84.00,111.00,84.00,138.00,41.00,138.00
39.00,110.00,82.00,110.00,82.00,138.00,39.00,138.00
38.00,109.00,83.00,109.00,83.00,136.00,38.00,136.00
37.00,109.00,81.00,109.00,81.00,137.00,37.00,137.00
35.00,108.00,80.00,108.00,80.00,136.00,35.00,136.00
34.00,107.00,80.00,107.00,80.00,135.00,34.00,135.00
34.00,106.00,79.00,106.00,79.00,134.00,34.00,134.00
34.00,106.00,79.00,106.00,79.00,135.00,34.00,135.00
36.00,107.00,80.00,107.00,80.00,135.00,36.00,135.00
38.00,107.00,81.00,107.00,81.00,136.00,38.00,136.00
39.00,107.00,80.00,107.00,80.00,134.00,39.00,134.00
41.00,107.00,79.00,107.00,79.00,133.00,41.00,133.00
41.00,109.00,79.00,109.00,79.00,136.00,41.00,136.00
42.00,110.00,80.00,110.00,80.00,138.00,42.00,138.00
43.00,112.00,79.00,112.00,79.00,140.00,43.00,140.00
43.00,113.00,78.00,113.00,78.00,139.00,43.00,139.00
43.00,116.00,77.00,116.00,77.00,141.00,43.00,141.00
41.00,117.00,76.00,117.00,76.00,141.00,41.00,141.00
41.00,119.00,77.00,119.00,77.00,144.00,41.00,144.00
40.00,121.00,79.00,121.00,79.00,148.00,40.00,148.00
41.00,122.00,81.00,122.00,81.00,149.00,41.00,149.00
43.00,124.00,82.00,124.00,82.00,150.00,43.00,150.00
42.00,127.00,80.00,127.00,80.00,153.00,42.00,153.00
42.00,129.00,81.00,129.00,81.00,156.00,42.00,156.00
42.00,131.00,80.00,131.00,80.00,156.00,42.00,156.00
42.00,132.00,80.00,132.00,80.00,159.00,42.00,159.00
41.00,135.00,79.00,135.00,79.00,162.00,41.00,162.00
40.00,138.00,79.00,138.00,79.00,163.00,40.00,163.00
37.00,140.00,78.00,140.00,78.00,167.00,37.00,167.00
37.00,143.00,77.00,143.00,77.00,171.00,37.00,171.00
34.00,145.00,75.00,145.00,75.00,172.00,34.00,172.00
32.00,147.00,73.00,147.00,73.00,174.00,32.00,174.00
30.00,148.00,70.00,148.00,70.00,177.00,30.00,177.00
30.00,150.00,69.00,150.00,69.00,178.00,30.00,178.00
26.00,153.00,66.00,153.00,66.00,180.00,26.00,180.00
24.00,154.00,63.00,154.00,63.00,181.00,24.00,181.00
22.00,156.00,63.00,156.00,63.00,183.00,22.00,183.00
21.00,157.00,63.00,157.00,63.00,185.00,21.00,185.00
19.00,158.00,62.00,158.00,62.00,186.00,19.00,186.00
18.00,160.00,61.00,160.00,61.00,187.00,18.00,187.00
18.00,161.00,62.00,161.00,62.00,188.00,18.00,188.00
17.00,162.00,60.00,162.00,60.00,189.00,17.00,189.00
17.00,164.00,60.00,164.00,60.00,192.00,17.00,192.00
16.00,165.00,60.00,165.00,60.00,194.00,16.00,194.00
17.00,165.00,62.00,165.00,62.00,194.00,17.00,194.00
18.00,165.00,62.00,165.00,62.00,194.00,18.00,194.00
19.00,165.00,64.00,165.00,64.00,194.00,19.00,194.00
20.00,163.00,66.00,163.00,66.00,192.00,20.00,192.00
21.00,164.00,66.00,164.00,66.00,192.00,21.00,192.00
22.00,163.00,66.00,163.00,66.00,191.00,22.00,191.00
22.00,163.00,68.00,163.00,68.00,191.00,22.00,191.00
23.00,163.00,68.00,163.00,68.00,191.00,23.00,191.00
25.00,162.00,71.00,162.00,71.00,190.00,25.00,190.00
25.00,161.00,71.00,161.00,71.00,189.00,25.00,189.00
26.00,162.00,72.00,162.00,72.00,190.00,26.00,190.00
27.00,163.00,72.00,163.00,72.00,191.00,27.00,191.00
28.00,162.00,74.00,162.00,74.00,190.00,28.00,190.00
28.00,162.00,75.00,162.00,75.00,189.00,28.00,189.00
27.00,163.00,73.00,163.00,73.00,190.00,27.00,190.00
29.00,163.00,75.00,163.00,75.00,189.00,29.00,189.00
32.00,163.00,78.00,163.00,78.00,189.00,32.00,189.00
31.00,162.00,78.00,162.00,78.00,189.00,31.00,189.00
32.00,162.00,79.00,162.00,79.00,191.00,32.00,191.00
33.00,162.00,78.00,162.00,78.00,189.00,33.00,189.00
35.00,162.00,79.00,162.00,79.00,189.00,35.00,189.00
35.00,162.00,81.00,162.00,81.00,190.00,35.00,190.00
36.00,162.00,81.00,162.00,81.00,190.00,36.00,190.00
38.00,161.00,85.00,161.00,85.00,189.00,38.00,189.00
37.00,162.00,84.00,162.00,84.00,190.00,37.00,190.00
38.00,162.00,86.00,162.00,86.00,191.00,38.00,191.00
41.00,162.00,88.00,162.00,88.00,191.00,41.00,191.00
42.00,161.00,90.00,161.00,90.00,191.00,42.00,191.00
44.00,161.00,93.00,161.00,93.00,190.00,44.00,190.00
45.00,161.00,93.00,161.00,93.00,190.00,45.00,190.00
48.00,161.00,94.00,161.00,94.00,189.00,48.00,189.00
49.00,161.00,96.00,161.00,96.00,190.00,49.00,190.00
51.00,161.00,99.00,161.00,99.00,189.00,51.00,189.00
53.00,161.00,100.00,161.00,100.00,190.00,53.00,190.00
55.00,162.00,105.00,162.00,105.00,191.00,55.00,191.00
56.00,161.00,105.00,161.00,105.00,190.00,56.00,190.00
58.00,162.00,106.00,162.00,106.00,189.00,58.00,189.00
61.00,162.00,112.00,162.00,112.00,191.00,61.00,191.00
63.00,162.00,114.00,162.00,114.00,192.00,63.00,192.00
64.00,162.00,116.00,162.00,116.00,192.00,64.00,192.00
68.00,161.00,119.00,161.00,119.00,192.00,68.00,192.00
71.00,161.00,121.00,161.00,121.00,192.00,71.00,192.00
73.00,161.00,123.00,161.00,123.00,193.00,73.00,193.00
77.00,161.00,125.00,161.00,125.00,193.00,77.00,193.00
80.00,161.00,126.00,161.00,126.00,193.00,80.00,193.00
81.00,161.00,127.00,161.00,127.00,192.00,81.00,192.00
84.00,161.00,128.00,161.00,128.00,193.00,84.00,193.00
85.00,161.00,128.00,161.00,128.00,193.00,85.00,193.00
87.00,161.00,129.00,161.00,129.00,192.00,87.00,192.00
88.00,162.00,128.00,162.00,128.00,192.00,88.00,192.00
90.00,161.00,130.00,161.00,130.00,192.00,90.00,192.00
92.00,161.00,130.00,161.00,130.00,191.00,92.00,191.00
92.00,161.00,130.00,161.00,130.00,191.00,92.00,191.00
94.00,161.00,130.00,161.00,130.00,191.00,94.00,191.00
95.00,161.00,131.00,161.00,131.00,190.00,95.00,190.00
95.00,162.00,131.00,162.00,131.00,191.00,95.00,191.00
97.00,162.00,131.00,162.00,131.00,190.00,97.00,190.00
98.00,163.00,132.00,163.00,132.00,191.00,98.00,191.00
98.00,162.00,131.00,162.00,131.00,190.00,98.00,190.00
98.00,162.00,131.00,162.00,131.00,190.00,98.00,190.00
99.00,163.00,132.00,163.00,132.00,191.00,99.00,191.00
99.00,163.00,134.00,163.00,134.00,191.00,99.00,191.00
100.00,163.00,137.00,163.00,137.00,190.00,100.00,190.00
99.00,165.00,139.00,165.00,139.00,191.00,99.00,191.00
106.00,165.00,144.00,165.00,144.00,188.00,106.00,188.00
111.00,167.00,154.00,167.00,154.00,196.00,111.00,196.00
116.00,169.00,160.00,169.00,160.00,198.00,116.00,198.00
124.00,171.00,167.00,171.00,167.00,198.00,124.00,198.00
128.00,173.00,172.00,173.00,172.00,201.00,128.00,201.00
135.00,175.00,179.00,175.00,179.00,202.00,135.00,202.00
141.00,175.00,184.00,175.00,184.00,203.00,141.00,203.00
148.00,177.00,190.00,177.00,190.00,204.00,148.00,204.00
155.00,180.00,197.00,180.00,197.00,207.00,155.00,207.00
162.00,180.00,203.00,180.00,203.00,208.00,162.00,208.00
168.00,180.00,208.00,180.00,208.00,207.00,168.00,207.00
173.00,181.00,215.00,181.00,215.00,209.00,173.00,209.00
178.00,183.00,220.00,183.00,220.00,209.00,178.00,209.00
184.00,183.00,225.00,183.00,225.00,209.00,184.00,209.00
193.00,184.00,231.00,184.00,231.00,207.00,193.00,207.00
195.00,184.00,236.00,184.00,236.00,212.00,195.00,212.00
200.00,184.00,241.00,184.00,241.00,211.00,200.00,211.00
206.00,184.00,247.00,184.00,247.00,213.00,206.00,213.00
213.00,186.00,251.00,186.00,251.00,209.00,213.00,209.00
215.00,186.00,257.00,186.00,257.00,214.00,215.00,214.00
220.00,186.00,263.00,186.00,263.00,214.00,220.00,214.00
225.00,186.00,267.00,186.00,267.00,214.00,225.00,214.00
230.00,187.00,274.00,187.00,274.00,215.00,230.00,215.00
236.00,187.00,278.00,187.00,278.00,214.00,236.00,214.00
239.00,188.00,282.00,188.00,282.00,215.00,239.00,215.00
244.00,188.00,286.00,188.00,286.00,214.00,244.00,214.00
249.00,188.00,290.00,188.00,290.00,213.00,249.00,213.00
252.00,187.00,294.00,187.00,294.00,213.00,252.00,213.00
255.00,188.00,299.00,188.00,299.00,214.00,255.00,214.00
261.00,187.00,305.00,187.00,305.00,214.00,261.00,214.00
264.00,188.00,308.00,188.00,308.00,215.00,264.00,215.00
269.00,187.00,312.00,187.00,312.00,214.00,269.00,214.00
273.00,188.00,316.00,188.00,316.00,214.00,273.00,214.00
277.00,187.00,319.00,187.00,319.00,213.00,277.00,213.00
281.00,187.00,323.00,187.00,323.00,213.00,281.00,213.00
284.00,187.00,326.00,187.00,326.00,214.00,284.00,214.00
290.00,189.00,332.00,189.00,332.00,215.00,290.00,215.00
293.00,188.00,335.00,188.00,335.00,215.00,293.00,215.00
299.00,188.00,341.00,188.00,341.00,214.00,299.00,214.00
300.00,188.00,343.00,188.00,343.00,215.00,300.00,215.00
303.00,189.00,348.00,189.00,348.00,216.00,303.00,216.00
306.00,188.00,352.00,188.00,352.00,216.00,306.00,216.00
308.00,189.00,354.00,189.00,354.00,216.00,308.00,216.00
314.00,189.00,359.00,189.00,359.00,216.00,314.00,216.00
319.00,189.00,364.00,189.00,364.00,215.00,319.00,215.00
322.00,188.00,367.00,188.00,367.00,214.00,322.00,214.00
324.00,187.00,369.00,187.00,369.00,212.00,324.00,212.00
330.00,187.00,375.00,187.00,375.00,213.00,330.00,213.00
333.00,187.00,376.00,187.00,376.00,213.00,333.00,213.00
