1
144.00,127.00,227.00,127.00,227.00,320.00,144.00,320.00
142.00,127.00,224.00,127.00,224.00,320.00,142.00,320.00
142.00,127.00,223.00,127.00,223.00,317.00,142.00,317.00
137.00,123.00,219.00,123.00,219.00,322.00,137.00,322.00
134.00,119.00,217.00,119.00,217.00,319.00,134.00,319.00
126.00,120.00,213.00,120.00,213.00,321.00,126.00,321.00
133.00,116.00,212.00,116.00,212.00,319.00,133.00,319.00
131.00,118.00,210.00,118.00,210.00,321.00,131.00,321.00
131.00,119.00,208.00,119.00,208.00,321.00,131.00,321.00
130.00,121.00,206.00,121.00,206.00,323.00,130.00,323.00
125.00,117.00,202.00,117.00,202.00,323.00,125.00,323.00
126.00,114.00,199.00,114.00,199.00,323.00,126.00,323.00
125.00,117.00,197.00,117.00,197.00,322.00,125.00,322.00
121.00,118.00,193.00,118.00,193.00,323.00,121.00,323.00
117.00,118.00,191.00,118.00,191.00,323.00,117.00,323.00
116.00,119.00,189.00,119.00,189.00,324.00,116.00,324.00
114.00,119.00,187.00,119.00,187.00,325.00,114.00,325.00
112.00,116.00,186.00,116.00,186.00,327.00,112.00,327.00
112.00,120.00,187.00,120.00,187.00,327.00,112.00,327.00
111.00,120.00,186.00,120.00,186.00,329.00,111.00,329.00
110.00,123.00,186.00,123.00,186.00,330.00,110.00,330.00
110.00,126.00,187.00,126.00,187.00,334.00,110.00,334.00
112.00,127.00,186.00,127.00,186.00,331.00,112.00,331.00
111.00,132.00,187.00,132.00,187.00,334.00,111.00,334.00
111.00,133.00,185.00,133.00,185.00,335.00,111.00,335.00
109.00,132.00,185.00,132.00,185.00,334.00,109.00,334.00
109.00,130.00,185.00,130.00,185.00,335.00,109.00,335.00
109.00,127.00,183.00,127.00,183.00,333.00,109.00,333.00
108.00,130.00,184.00,130.00,184.00,336.00,108.00,336.00
108.00,134.00,187.00,134.00,187.00,338.00,108.00,338.00
109.00,131.00,185.00,131.00,185.00,337.00,109.00,337.00
109.00,134.00,186.00,134.00,186.00,337.00,109.00,337.00
109.00,135.00,186.00,135.00,186.00,341.00,109.00,341.00
110.00,136.00,186.00,136.00,186.00,339.00,110.00,339.00
112.00,139.00,187.00,139.00,187.00,339.00,112.00,339.00
112.00,138.00,186.00,138.00,186.00,339.00,112.00,339.00
112.00,140.00,187.00,140.00,187.00,342.00,112.00,342.00
113.00,142.00,188.00,142.00,188.00,341.00,113.00,341.00
113.00,144.00,188.00,144.00,188.00,345.00,113.00,345.00
114.00,145.00,188.00,145.00,188.00,342.00,114.00,342.00
113.00,142.00,187.00,142.00,187.00,342.00,113.00,342.00
113.00,145.00,189.00,145.00,189.00,346.00,113.00,346.00
112.00,141.00,187.00,141.00,187.00,344.00,112.00,344.00
112.00,143.00,186.00,143.00,186.00,345.00,112.00,345.00
113.00,145.00,188.00,145.00,188.00,347.00,113.00,347.00
115.00,143.00,189.00,143.00,189.00,341.00,115.00,341.00
115.00,141.00,190.00,141.00,190.00,333.00,115.00,333.00
116.00,142.00,191.00,142.00,191.00,324.00,116.00,324.00
118.00,146.00,195.00,146.00,195.00,330.00,118.00,330.00
127.00,150.00,210.00,150.00,210.00,332.00,127.00,332.00
142.00,147.00,223.00,147.00,223.00,324.00,142.00,324.00
166.00,152.00,250.00,152.00,250.00,344.00,166.00,344.00
170.00,164.00,263.00,164.00,263.00,351.00,170.00,351.00
179.00,157.00,268.00,157.00,268.00,337.00,179.00,337.00
190.00,161.00,272.00,161.00,272.00,341.00,190.00,341.00
188.00,168.00,272.00,168.00,272.00,357.00,188.00,357.00
181.00,171.00,271.00,171.00,271.00,369.00,181.00,369.00
178.00,156.00,265.00,156.00,265.00,354.00,178.00,354.00
183.00,154.00,266.00,154.00,266.00,352.00,183.00,352.00
173.00,167.00,254.00,167.00,254.00,357.00,173.00,357.00
162.00,176.00,249.00,176.00,249.00,367.00,162.00,367.00
150.00,185.00,247.00,185.00,247.00,374.00,150.00,374.00
157.00,166.00,247.00,166.00,247.00,364.00,157.00,364.00
162.00,159.00,251.00,159.00,251.00,355.00,162.00,355.00
168.00,136.00,251.00,136.00,251.00,322.00,168.00,322.00
154.00,143.00,239.00,143.00,239.00,320.00,154.00,320.00
173.00,128.00,249.00,128.00,249.00,296.00,173.00,296.00
170.00,129.00,248.00,129.00,248.00,298.00,170.00,298.00
169.00,130.00,247.00,130.00,247.00,303.00,169.00,303.00
168.00,133.00,248.00,133.00,248.00,307.00,168.00,307.00
166.00,136.00,247.00,136.00,247.00,310.00,166.00,310.00
166.00,137.00,248.00,137.00,248.00,312.00,166.00,312.00
162.00,140.00,245.00,140.00,245.00,312.00,162.00,312.00
163.00,139.00,246.00,139.00,246.00,314.00,163.00,314.00
165.00,139.00,246.00,139.00,246.00,314.00,165.00,314.00
167.00,138.00,247.00,138.00,247.00,313.00,167.00,313.00
165.00,140.00,245.00,140.00,245.00,311.00,165.00,311.00
165.00,141.00,245.00,141.00,245.00,310.00,165.00,310.00
167.00,137.00,242.00,137.00,242.00,304.00,167.00,304.00
167.00,142.00,243.00,142.00,243.00,306.00,167.00,306.00
166.00,143.00,242.00,143.00,242.00,306.00,166.00,306.00
167.00,146.00,242.00,146.00,242.00,306.00,167.00,306.00
167.00,147.00,241.00,147.00,241.00,307.00,167.00,307.00
167.00,150.00,242.00,150.00,242.00,308.00,167.00,308.00
168.00,150.00,242.00,150.00,242.00,308.00,168.00,308.00
170.00,150.00,243.00,150.00,243.00,312.00,170.00,312.00
169.00,150.00,243.00,150.00,243.00,310.00,169.00,310.00
171.00,151.00,243.00,151.00,243.00,309.00,171.00,309.00
168.00,154.00,241.00,154.00,241.00,309.00,168.00,309.00
171.00,153.00,242.00,153.00,242.00,308.00,171.00,308.00
172.00,154.00,243.00,154.00,243.00,310.00,172.00,310.00
172.00,157.00,242.00,157.00,242.00,310.00,172.00,310.00
173.00,158.00,244.00,158.00,244.00,311.00,173.00,311.00
171.00,161.00,244.00,161.00,244.00,313.00,171.00,313.00
167.00,169.00,243.00,169.00,243.00,318.00,167.00,318.00
170.00,164.00,245.00,164.00,245.00,316.00,170.00,316.00
171.00,162.00,245.00,162.00,245.00,315.00,171.00,315.00
172.00,166.00,247.00,166.00,247.00,318.00,172.00,318.00
173.00,166.00,246.00,166.00,246.00,316.00,173.00,316.00
173.00,168.00,247.00,168.00,247.00,318.00,173.00,318.00
173.00,168.00,248.00,168.00,248.00,319.00,173.00,319.00
171.00,171.00,246.00,171.00,246.00,320.00,171.00,320.00
172.00,171.00,246.00,171.00,246.00,321.00,172.00,321.00
173.00,170.00,249.00,170.00,249.00,322.00,173.00,322.00
172.00,172.00,249.00,172.00,249.00,322.00,172.00,322.00
177.00,167.00,251.00,167.00,251.00,318.00,177.00,318.00
180.00,171.00,253.00,171.00,253.00,324.00,180.00,324.00
178.00,171.00,252.00,171.00,252.00,322.00,178.00,322.00
178.00,171.00,252.00,171.00,252.00,322.00,178.00,322.00
176.00,175.00,252.00,175.00,252.00,327.00,176.00,327.00
175.00,178.00,250.00,178.00,250.00,326.00,175.00,326.00
175.00,174.00,250.00,174.00,250.00,321.00,175.00,321.00
175.00,172.00,251.00,172.00,251.00,322.00,175.00,322.00
175.00,175.00,251.00,175.00,251.00,325.00,175.00,325.00
177.00,174.00,252.00,174.00,252.00,324.00,177.00,324.00
177.00,172.00,252.00,172.00,252.00,323.00,177.00,323.00
179.00,173.00,252.00,173.00,252.00,323.00,179.00,323.00
176.00,175.00,252.00,175.00,252.00,322.00,176.00,322.00
181.00,177.00,253.00,177.00,253.00,322.00,181.00,322.00
178.00,178.00,252.00,178.00,252.00,327.00,178.00,327.00
179.00,179.00,252.00,179.00,252.00,326.00,179.00,326.00
181.00,175.00,253.00,175.00,253.00,320.00,181.00,320.00
181.00,176.00,253.00,176.00,253.00,321.00,181.00,321.00
183.00,172.00,253.00,172.00,253.00,317.00,183.00,317.00
183.00,177.00,253.00,177.00,253.00,324.00,183.00,324.00
183.00,175.00,253.00,175.00,253.00,321.00,183.00,321.00
182.00,176.00,253.00,176.00,253.00,320.00,182.00,320.00
184.00,174.00,253.00,174.00,253.00,317.00,184.00,317.00
183.00,176.00,252.00,176.00,252.00,318.00,183.00,318.00
182.00,175.00,251.00,175.00,251.00,317.00,182.00,317.00
184.00,177.00,251.00,177.00,251.00,318.00,184.00,318.00
183.00,176.00,250.00,176.00,250.00,314.00,183.00,314.00
185.00,176.00,251.00,176.00,251.00,316.00,185.00,316.00
184.00,169.00,252.00,169.00,252.00,311.00,184.00,311.00
181.00,168.00,250.00,168.00,250.00,309.00,181.00,309.00
181.00,163.00,250.00,163.00,250.00,303.00,181.00,303.00
179.00,161.00,250.00,161.00,250.00,305.00,179.00,305.00
179.00,159.00,251.00,159.00,251.00,305.00,179.00,305.00
177.00,158.00,251.00,158.00,251.00,304.00,177.00,304.00
178.00,156.00,252.00,156.00,252.00,307.00,178.00,307.00
177.00,156.00,248.00,156.00,248.00,303.00,177.00,303.00
179.00,155.00,249.00,155.00,249.00,306.00,179.00,306.00
177.00,159.00,248.00,159.00,248.00,307.00,177.00,307.00
175.00,157.00,246.00,157.00,246.00,306.00,175.00,306.00
178.00,150.00,246.00,150.00,246.00,299.00,178.00,299.00
175.00,153.00,243.00,153.00,243.00,298.00,175.00,298.00
173.00,156.00,240.00,156.00,240.00,300.00,173.00,300.00
170.00,156.00,238.00,156.00,238.00,302.00,170.00,302.00
165.00,151.00,234.00,151.00,234.00,303.00,165.00,303.00
160.00,153.00,232.00,153.00,232.00,305.00,160.00,305.00
157.00,150.00,228.00,150.00,228.00,301.00,157.00,301.00
153.00,151.00,228.00,151.00,228.00,301.00,153.00,301.00
155.00,154.00,228.00,154.00,228.00,300.00,155.00,300.00
151.00,152.00,225.00,152.00,225.00,296.00,151.00,296.00
145.00,149.00,220.00,149.00,220.00,293.00,145.00,293.00
144.00,148.00,220.00,148.00,220.00,291.00,144.00,291.00
142.00,148.00,217.00,148.00,217.00,289.00,142.00,289.00
143.00,148.00,217.00,148.00,217.00,287.00,143.00,287.00
142.00,150.00,216.00,150.00,216.00,288.00,142.00,288.00
146.00,150.00,218.00,150.00,218.00,290.00,146.00,290.00
145.00,147.00,213.00,147.00,213.00,285.00,145.00,285.00
145.00,148.00,213.00,148.00,213.00,285.00,145.00,285.00
144.00,149.00,211.00,149.00,211.00,284.00,144.00,284.00
143.00,150.00,209.00,150.00,209.00,282.00,143.00,282.00
141.00,148.00,204.00,148.00,204.00,283.00,141.00,283.00
141.00,151.00,206.00,151.00,206.00,289.00,141.00,289.00
132.00,171.00,195.00,171.00,195.00,304.00,132.00,304.00
134.00,165.00,205.00,165.00,205.00,301.00,134.00,301.00
122.00,152.00,190.00,152.00,190.00,291.00,122.00,291.00
124.00,134.00,192.00,134.00,192.00,271.00,124.00,271.00
117.00,142.00,191.00,142.00,191.00,283.00,117.00,283.00
112.00,143.00,182.00,143.00,182.00,284.00,112.00,284.00
105.00,143.00,175.00,143.00,175.00,285.00,105.00,285.00
102.00,146.00,172.00,146.00,172.00,291.00,102.00,291.00
101.00,150.00,170.00,150.00,170.00,295.00,101.00,295.00
97.00,152.00,168.00,152.00,168.00,297.00,97.00,297.00
95.00,152.00,164.00,152.00,164.00,299.00,95.00,299.00
93.00,154.00,161.00,154.00,161.00,301.00,93.00,301.00
85.00,157.00,149.00,157.00,149.00,295.00,85.00,295.00
79.00,153.00,144.00,153.00,144.00,291.00,79.00,291.00
80.00,150.00,142.00,150.00,142.00,292.00,80.00,292.00
71.00,130.00,134.00,130.00,134.00,283.00,71.00,283.00
48.00,134.00,115.00,134.00,115.00,277.00,48.00,277.00
51.00,135.00,117.00,135.00,117.00,279.00,51.00,279.00
47.00,135.00,114.00,135.00,114.00,280.00,47.00,280.00
48.00,134.00,117.00,134.00,117.00,283.00,48.00,283.00
41.00,116.00,110.00,116.00,110.00,265.00,41.00,265.00
13.00,133.00,83.00,133.00,83.00,284.00,13.00,284.00
24.00,141.00,93.00,141.00,93.00,289.00,24.00,289.00
2.00,148.00,67.00,148.00,67.00,306.00,2.00,306.00
5.00,149.00,74.00,149.00,74.00,297.00,5.00,297.00
8.00,151.00,77.00,151.00,77.00,300.00,8.00,300.00
9.00,147.00,77.00,147.00,77.00,294.00,9.00,294.00
29.00,146.00,97.00,146.00,97.00,293.00,29.00,293.00
17.00,145.00,85.00,145.00,85.00,292.00,17.00,292.00
5.00,186.00,74.00,186.00,74.00,336.00,5.00,336.00
9.00,186.00,78.00,186.00,78.00,336.00,9.00,336.00
69.00,152.00,138.00,152.00,138.00,301.00,69.00,301.00
109.00,124.00,179.00,124.00,179.00,274.00,109.00,274.00
107.00,125.00,177.00,125.00,177.00,275.00,107.00,275.00
105.00,122.00,176.00,122.00,176.00,273.00,105.00,273.00
96.00,122.00,168.00,122.00,168.00,275.00,96.00,275.00
98.00,115.00,170.00,115.00,170.00,267.00,98.00,267.00
86.00,108.00,159.00,108.00,159.00,262.00,86.00,262.00
100.00,129.00,173.00,129.00,173.00,283.00,100.00,283.00
77.00,129.00,150.00,129.00,150.00,280.00,77.00,280.00
67.00,135.00,143.00,135.00,143.00,285.00,67.00,285.00
57.00,139.00,133.00,139.00,133.00,286.00,57.00,286.00
43.00,142.00,118.00,142.00,118.00,294.00,43.00,294.00
2
0
0
0
0
1
132.00,191.00,212.00,191.00,212.00,250.00,132.00,250.00
135.00,189.00,211.00,189.00,211.00,247.00,135.00,247.00
134.00,190.00,213.00,190.00,213.00,252.00,134.00,252.00
131.00,188.00,211.00,188.00,211.00,256.00,131.00,256.00
128.00,184.00,208.00,184.00,208.00,255.00,128.00,255.00
127.00,182.00,207.00,182.00,207.00,252.00,127.00,252.00
128.00,182.00,208.00,182.00,208.00,252.00,128.00,252.00
122.00,186.00,204.00,186.00,204.00,245.00,122.00,245.00
133.00,182.00,212.00,182.00,212.00,251.00,133.00,251.00
134.00,182.00,213.00,182.00,213.00,252.00,134.00,252.00
134.00,176.00,217.00,176.00,217.00,248.00,134.00,248.00
135.00,176.00,219.00,176.00,219.00,246.00,135.00,246.00
139.00,175.00,223.00,175.00,223.00,246.00,139.00,246.00
145.00,172.00,227.00,172.00,227.00,244.00,145.00,244.00
148.00,168.00,229.00,168.00,229.00,241.00,148.00,241.00
156.00,165.00,233.00,165.00,233.00,243.00,156.00,243.00
160.00,159.00,236.00,159.00,236.00,237.00,160.00,237.00
165.00,157.00,239.00,157.00,239.00,237.00,165.00,237.00
169.00,155.00,241.00,155.00,241.00,240.00,169.00,240.00
175.00,155.00,244.00,155.00,244.00,240.00,175.00,240.00
173.00,162.00,256.00,162.00,256.00,223.00,173.00,223.00
146.00,161.00,228.00,161.00,228.00,222.00,146.00,222.00
118.00,175.00,201.00,175.00,201.00,237.00,118.00,237.00
2
0
0
0
0
1
206.00,176.00,283.00,176.00,283.00,305.00,206.00,305.00
206.00,188.00,284.00,188.00,284.00,307.00,206.00,307.00
209.00,194.00,285.00,194.00,285.00,312.00,209.00,312.00
210.00,197.00,283.00,197.00,283.00,310.00,210.00,310.00
209.00,193.00,281.00,193.00,281.00,309.00,209.00,309.00
202.00,197.00,281.00,197.00,281.00,316.00,202.00,316.00
201.00,167.00,279.00,167.00,279.00,301.00,201.00,301.00
205.00,170.00,282.00,170.00,282.00,293.00,205.00,293.00
211.00,173.00,284.00,173.00,284.00,294.00,211.00,294.00
216.00,179.00,289.00,179.00,289.00,292.00,216.00,292.00
217.00,192.00,293.00,192.00,293.00,301.00,217.00,301.00
216.00,205.00,291.00,205.00,291.00,310.00,216.00,310.00
208.00,202.00,280.00,202.00,280.00,304.00,208.00,304.00
206.00,191.00,276.00,191.00,276.00,295.00,206.00,295.00
208.00,179.00,275.00,179.00,275.00,291.00,208.00,291.00
204.00,185.00,276.00,185.00,276.00,286.00,204.00,286.00
210.00,190.00,281.00,190.00,281.00,289.00,210.00,289.00
202.00,178.00,276.00,178.00,276.00,286.00,202.00,286.00
205.00,172.00,276.00,172.00,276.00,278.00,205.00,278.00
203.00,166.00,277.00,166.00,277.00,272.00,203.00,272.00
181.00,149.00,262.00,149.00,262.00,263.00,181.00,263.00
183.00,150.00,263.00,150.00,263.00,262.00,183.00,262.00
198.00,156.00,280.00,156.00,280.00,264.00,198.00,264.00
190.00,151.00,272.00,151.00,272.00,262.00,190.00,262.00
194.00,150.00,278.00,150.00,278.00,262.00,194.00,262.00
191.00,144.00,275.00,144.00,275.00,259.00,191.00,259.00
192.00,145.00,274.00,145.00,274.00,261.00,192.00,261.00
196.00,150.00,275.00,150.00,275.00,269.00,196.00,269.00
197.00,154.00,278.00,154.00,278.00,276.00,197.00,276.00
198.00,152.00,279.00,152.00,279.00,275.00,198.00,275.00
200.00,156.00,277.00,156.00,277.00,277.00,200.00,277.00
204.00,158.00,278.00,158.00,278.00,285.00,204.00,285.00
210.00,166.00,289.00,166.00,289.00,291.00,210.00,291.00
223.00,173.00,302.00,173.00,302.00,299.00,223.00,299.00
238.00,184.00,315.00,184.00,315.00,310.00,238.00,310.00
251.00,191.00,330.00,191.00,330.00,320.00,251.00,320.00
268.00,209.00,348.00,209.00,348.00,326.00,268.00,326.00
271.00,211.00,357.00,211.00,357.00,333.00,271.00,333.00
284.00,237.00,362.00,237.00,362.00,347.00,284.00,347.00
332.00,247.00,410.00,247.00,410.00,364.00,332.00,364.00
283.00,219.00,358.00,219.00,358.00,339.00,283.00,339.00
282.00,183.00,362.00,183.00,362.00,320.00,282.00,320.00
292.00,166.00,372.00,166.00,372.00,306.00,292.00,306.00
308.00,164.00,387.00,164.00,387.00,301.00,308.00,301.00
334.00,199.00,411.00,199.00,411.00,337.00,334.00,337.00
346.00,227.00,427.00,227.00,427.00,351.00,346.00,351.00
373.00,220.00,449.00,220.00,449.00,351.00,373.00,351.00
