1
145.00,127.00,228.00,127.00,228.00,321.00,145.00,321.00
142.00,127.00,224.00,127.00,224.00,320.00,142.00,320.00
141.00,128.00,222.00,128.00,222.00,317.00,141.00,317.00
139.00,126.00,220.00,126.00,220.00,321.00,139.00,321.00
137.00,123.00,218.00,123.00,218.00,316.00,137.00,316.00
133.00,114.00,214.00,114.00,214.00,316.00,133.00,316.00
131.00,115.00,213.00,115.00,213.00,318.00,131.00,318.00
130.00,116.00,210.00,116.00,210.00,319.00,130.00,319.00
130.00,118.00,209.00,118.00,209.00,319.00,130.00,319.00
127.00,115.00,206.00,115.00,206.00,324.00,127.00,324.00
124.00,114.00,200.00,114.00,200.00,324.00,124.00,324.00
123.00,108.00,197.00,108.00,197.00,325.00,123.00,325.00
121.00,114.00,197.00,114.00,197.00,324.00,121.00,324.00
119.00,113.00,192.00,113.00,192.00,324.00,119.00,324.00
116.00,110.00,187.00,110.00,187.00,322.00,116.00,322.00
114.00,112.00,187.00,112.00,187.00,325.00,114.00,325.00
113.00,112.00,185.00,112.00,185.00,326.00,113.00,326.00
111.00,113.00,184.00,113.00,184.00,327.00,111.00,327.00
112.00,114.00,185.00,114.00,185.00,325.00,112.00,325.00
110.00,116.00,184.00,116.00,184.00,329.00,110.00,329.00
109.00,120.00,186.00,120.00,186.00,333.00,109.00,333.00
109.00,121.00,184.00,121.00,184.00,332.00,109.00,332.00
111.00,122.00,183.00,122.00,183.00,334.00,111.00,334.00
110.00,122.00,183.00,122.00,183.00,334.00,110.00,334.00
110.00,123.00,182.00,123.00,182.00,336.00,110.00,336.00
110.00,125.00,182.00,125.00,182.00,336.00,110.00,336.00
108.00,123.00,181.00,123.00,181.00,336.00,108.00,336.00
110.00,124.00,182.00,124.00,182.00,336.00,110.00,336.00
109.00,125.00,181.00,125.00,181.00,335.00,109.00,335.00
108.00,125.00,182.00,125.00,182.00,337.00,108.00,337.00
109.00,126.00,181.00,126.00,181.00,338.00,109.00,338.00
109.00,127.00,181.00,127.00,181.00,338.00,109.00,338.00
113.00,133.00,182.00,133.00,182.00,340.00,113.00,340.00
112.00,131.00,182.00,131.00,182.00,338.00,112.00,338.00
114.00,135.00,183.00,135.00,183.00,342.00,114.00,342.00
115.00,134.00,183.00,134.00,183.00,341.00,115.00,341.00
113.00,135.00,184.00,135.00,184.00,343.00,113.00,343.00
116.00,134.00,182.00,134.00,182.00,340.00,116.00,340.00
115.00,139.00,185.00,139.00,185.00,344.00,115.00,344.00
113.00,138.00,185.00,138.00,185.00,346.00,113.00,346.00
115.00,138.00,184.00,138.00,184.00,344.00,115.00,344.00
115.00,139.00,185.00,139.00,185.00,347.00,115.00,347.00
112.00,135.00,183.00,135.00,183.00,345.00,112.00,345.00
112.00,139.00,185.00,139.00,185.00,349.00,112.00,349.00
114.00,137.00,183.00,137.00,183.00,344.00,114.00,344.00
115.00,139.00,186.00,139.00,186.00,340.00,115.00,340.00
115.00,138.00,186.00,138.00,186.00,333.00,115.00,333.00
118.00,139.00,189.00,139.00,189.00,323.00,118.00,323.00
121.00,143.00,195.00,143.00,195.00,326.00,121.00,326.00
127.00,146.00,206.00,146.00,206.00,325.00,127.00,325.00
148.00,143.00,226.00,143.00,226.00,324.00,148.00,324.00
166.00,161.00,245.00,161.00,245.00,345.00,166.00,345.00
171.00,161.00,257.00,161.00,257.00,338.00,171.00,338.00
182.00,163.00,267.00,163.00,267.00,336.00,182.00,336.00
187.00,158.00,269.00,158.00,269.00,328.00,187.00,328.00
192.00,176.00,271.00,176.00,271.00,349.00,192.00,349.00
184.00,175.00,266.00,175.00,266.00,352.00,184.00,352.00
181.00,165.00,261.00,165.00,261.00,346.00,181.00,346.00
178.00,169.00,259.00,169.00,259.00,353.00,178.00,353.00
175.00,171.00,253.00,171.00,253.00,354.00,175.00,354.00
170.00,173.00,247.00,173.00,247.00,356.00,170.00,356.00
162.00,187.00,235.00,187.00,235.00,361.00,162.00,361.00
171.00,167.00,247.00,167.00,247.00,351.00,171.00,351.00
173.00,140.00,254.00,140.00,254.00,325.00,173.00,325.00
175.00,131.00,255.00,131.00,255.00,312.00,175.00,312.00
175.00,132.00,252.00,132.00,252.00,308.00,175.00,308.00
175.00,131.00,249.00,131.00,249.00,295.00,175.00,295.00
171.00,135.00,246.00,135.00,246.00,295.00,171.00,295.00
168.00,134.00,244.00,134.00,244.00,298.00,168.00,298.00
169.00,139.00,246.00,139.00,246.00,303.00,169.00,303.00
165.00,137.00,239.00,137.00,239.00,297.00,165.00,297.00
170.00,142.00,245.00,142.00,245.00,304.00,170.00,304.00
166.00,143.00,243.00,143.00,243.00,301.00,166.00,301.00
166.00,144.00,243.00,144.00,243.00,307.00,166.00,307.00
170.00,144.00,245.00,144.00,245.00,303.00,170.00,303.00
174.00,142.00,246.00,142.00,246.00,302.00,174.00,302.00
171.00,144.00,245.00,144.00,245.00,304.00,171.00,304.00
174.00,142.00,245.00,142.00,245.00,305.00,174.00,305.00
171.00,143.00,243.00,143.00,243.00,306.00,171.00,306.00
172.00,142.00,244.00,142.00,244.00,308.00,172.00,308.00
173.00,141.00,244.00,141.00,244.00,308.00,173.00,308.00
171.00,144.00,241.00,144.00,241.00,307.00,171.00,307.00
174.00,147.00,242.00,147.00,242.00,311.00,174.00,311.00
173.00,149.00,241.00,149.00,241.00,309.00,173.00,309.00
173.00,149.00,241.00,149.00,241.00,309.00,173.00,309.00
176.00,147.00,242.00,147.00,242.00,306.00,176.00,306.00
175.00,151.00,242.00,151.00,242.00,307.00,175.00,307.00
176.00,150.00,243.00,150.00,243.00,308.00,176.00,308.00
175.00,152.00,242.00,152.00,242.00,308.00,175.00,308.00
175.00,152.00,243.00,152.00,243.00,312.00,175.00,312.00
172.00,155.00,241.00,155.00,241.00,313.00,172.00,313.00
172.00,157.00,241.00,157.00,241.00,310.00,172.00,310.00
172.00,159.00,241.00,159.00,241.00,313.00,172.00,313.00
171.00,160.00,242.00,160.00,242.00,313.00,171.00,313.00
175.00,161.00,243.00,161.00,243.00,314.00,175.00,314.00
173.00,163.00,243.00,163.00,243.00,314.00,173.00,314.00
177.00,163.00,245.00,163.00,245.00,315.00,177.00,315.00
177.00,164.00,245.00,164.00,245.00,313.00,177.00,313.00
177.00,166.00,245.00,166.00,245.00,314.00,177.00,314.00
180.00,166.00,247.00,166.00,247.00,317.00,180.00,317.00
178.00,168.00,245.00,168.00,245.00,313.00,178.00,313.00
177.00,170.00,246.00,170.00,246.00,316.00,177.00,316.00
178.00,172.00,246.00,172.00,246.00,319.00,178.00,319.00
181.00,169.00,248.00,169.00,248.00,318.00,181.00,318.00
180.00,169.00,248.00,169.00,248.00,317.00,180.00,317.00
180.00,168.00,249.00,168.00,249.00,316.00,180.00,316.00
183.00,166.00,249.00,166.00,249.00,312.00,183.00,312.00
186.00,167.00,252.00,167.00,252.00,316.00,186.00,316.00
184.00,170.00,251.00,170.00,251.00,315.00,184.00,315.00
183.00,171.00,250.00,171.00,250.00,316.00,183.00,316.00
182.00,171.00,250.00,171.00,250.00,318.00,182.00,318.00
184.00,168.00,251.00,168.00,251.00,313.00,184.00,313.00
183.00,170.00,251.00,170.00,251.00,315.00,183.00,315.00
182.00,172.00,250.00,172.00,250.00,318.00,182.00,318.00
184.00,171.00,252.00,171.00,252.00,319.00,184.00,319.00
182.00,177.00,250.00,177.00,250.00,319.00,182.00,319.00
182.00,177.00,250.00,177.00,250.00,319.00,182.00,319.00
188.00,172.00,253.00,172.00,253.00,314.00,188.00,314.00
186.00,173.00,251.00,173.00,251.00,316.00,186.00,316.00
188.00,175.00,253.00,175.00,253.00,317.00,188.00,317.00
187.00,175.00,252.00,175.00,252.00,317.00,187.00,317.00
187.00,176.00,253.00,176.00,253.00,317.00,187.00,317.00
187.00,176.00,252.00,176.00,252.00,314.00,187.00,314.00
187.00,174.00,251.00,174.00,251.00,311.00,187.00,311.00
190.00,176.00,252.00,176.00,252.00,313.00,190.00,313.00
187.00,175.00,250.00,175.00,250.00,310.00,187.00,310.00
189.00,174.00,251.00,174.00,251.00,313.00,189.00,313.00
190.00,174.00,253.00,174.00,253.00,315.00,190.00,315.00
189.00,173.00,252.00,173.00,252.00,312.00,189.00,312.00
187.00,176.00,251.00,176.00,251.00,314.00,187.00,314.00
188.00,175.00,250.00,175.00,250.00,310.00,188.00,310.00
189.00,175.00,250.00,175.00,250.00,310.00,189.00,310.00
188.00,173.00,250.00,173.00,250.00,307.00,188.00,307.00
189.00,171.00,251.00,171.00,251.00,307.00,189.00,307.00
185.00,170.00,248.00,170.00,248.00,307.00,185.00,307.00
186.00,164.00,250.00,164.00,250.00,305.00,186.00,305.00
184.00,162.00,250.00,162.00,250.00,307.00,184.00,307.00
183.00,160.00,249.00,160.00,249.00,302.00,183.00,302.00
181.00,162.00,249.00,162.00,249.00,302.00,181.00,302.00
182.00,161.00,249.00,161.00,249.00,302.00,182.00,302.00
182.00,163.00,247.00,163.00,247.00,303.00,182.00,303.00
184.00,159.00,248.00,159.00,248.00,303.00,184.00,303.00
182.00,165.00,246.00,165.00,246.00,308.00,182.00,308.00
183.00,161.00,244.00,161.00,244.00,305.00,183.00,305.00
180.00,158.00,242.00,158.00,242.00,302.00,180.00,302.00
179.00,158.00,241.00,158.00,241.00,302.00,179.00,302.00
177.00,158.00,237.00,158.00,237.00,300.00,177.00,300.00
175.00,159.00,233.00,159.00,233.00,300.00,175.00,300.00
171.00,157.00,227.00,157.00,227.00,297.00,171.00,297.00
167.00,160.00,226.00,160.00,226.00,299.00,167.00,299.00
165.00,159.00,224.00,159.00,224.00,296.00,165.00,296.00
161.00,158.00,223.00,158.00,223.00,297.00,161.00,297.00
158.00,156.00,221.00,156.00,221.00,293.00,158.00,293.00
155.00,154.00,220.00,154.00,220.00,293.00,155.00,293.00
152.00,153.00,218.00,153.00,218.00,291.00,152.00,291.00
150.00,152.00,216.00,152.00,216.00,289.00,150.00,289.00
148.00,151.00,213.00,151.00,213.00,287.00,148.00,287.00
147.00,150.00,213.00,150.00,213.00,286.00,147.00,286.00
148.00,143.00,211.00,143.00,211.00,283.00,148.00,283.00
149.00,144.00,213.00,144.00,213.00,287.00,149.00,287.00
150.00,146.00,211.00,146.00,211.00,286.00,150.00,286.00
147.00,144.00,207.00,144.00,207.00,282.00,147.00,282.00
148.00,148.00,209.00,148.00,209.00,284.00,148.00,284.00
147.00,147.00,208.00,147.00,208.00,283.00,147.00,283.00
147.00,148.00,204.00,148.00,204.00,286.00,147.00,286.00
144.00,146.00,203.00,146.00,203.00,287.00,144.00,287.00
152.00,139.00,206.00,139.00,206.00,279.00,152.00,279.00
142.00,160.00,202.00,160.00,202.00,297.00,142.00,297.00
128.00,145.00,184.00,145.00,184.00,283.00,128.00,283.00
130.00,126.00,184.00,126.00,184.00,269.00,130.00,269.00
124.00,130.00,180.00,130.00,180.00,278.00,124.00,278.00
117.00,140.00,177.00,140.00,177.00,283.00,117.00,283.00
113.00,144.00,172.00,144.00,172.00,285.00,113.00,285.00
109.00,142.00,167.00,142.00,167.00,288.00,109.00,288.00
101.00,143.00,157.00,143.00,157.00,294.00,101.00,294.00
99.00,149.00,153.00,149.00,153.00,291.00,99.00,291.00
99.00,152.00,153.00,152.00,153.00,294.00,99.00,294.00
100.00,156.00,156.00,156.00,156.00,300.00,100.00,300.00
94.00,154.00,145.00,154.00,145.00,293.00,94.00,293.00
83.00,152.00,135.00,152.00,135.00,288.00,83.00,288.00
82.00,148.00,131.00,148.00,131.00,283.00,82.00,283.00
78.00,140.00,129.00,140.00,129.00,282.00,78.00,282.00
66.00,131.00,116.00,131.00,116.00,262.00,66.00,262.00
61.00,137.00,113.00,137.00,113.00,271.00,61.00,271.00
55.00,142.00,107.00,142.00,107.00,275.00,55.00,275.00
48.00,136.00,101.00,136.00,101.00,270.00,48.00,270.00
45.00,117.00,98.00,117.00,98.00,250.00,45.00,250.00
33.00,130.00,86.00,130.00,86.00,262.00,33.00,262.00
7.00,156.00,61.00,156.00,61.00,291.00,7.00,291.00
22.00,148.00,76.00,148.00,76.00,282.00,22.00,282.00
10.00,152.00,64.00,152.00,64.00,286.00,10.00,286.00
20.00,153.00,74.00,153.00,74.00,288.00,20.00,288.00
24.00,151.00,79.00,151.00,79.00,287.00,24.00,287.00
40.00,143.00,95.00,143.00,95.00,280.00,40.00,280.00
39.00,150.00,94.00,150.00,94.00,287.00,39.00,287.00
29.00,155.00,84.00,155.00,84.00,292.00,29.00,292.00
42.00,170.00,97.00,170.00,97.00,308.00,42.00,308.00
97.00,123.00,152.00,123.00,152.00,261.00,97.00,261.00
110.00,126.00,166.00,126.00,166.00,265.00,110.00,265.00
119.00,130.00,174.00,130.00,174.00,267.00,119.00,267.00
107.00,128.00,161.00,128.00,161.00,263.00,107.00,263.00
99.00,140.00,153.00,140.00,153.00,274.00,99.00,274.00
103.00,131.00,158.00,131.00,158.00,267.00,103.00,267.00
108.00,126.00,161.00,126.00,161.00,262.00,108.00,262.00
97.00,123.00,152.00,123.00,152.00,257.00,97.00,257.00
84.00,132.00,139.00,132.00,139.00,260.00,84.00,260.00
78.00,138.00,134.00,138.00,134.00,270.00,78.00,270.00
67.00,141.00,124.00,141.00,124.00,270.00,67.00,270.00
66.00,135.00,120.00,135.00,120.00,268.00,66.00,268.00
2
0
0
0
0
1
133.00,191.00,212.00,191.00,212.00,249.00,133.00,249.00
137.00,190.00,212.00,190.00,212.00,247.00,137.00,247.00
136.00,189.00,214.00,189.00,214.00,252.00,136.00,252.00
131.00,187.00,211.00,187.00,211.00,256.00,131.00,256.00
130.00,185.00,208.00,185.00,208.00,255.00,130.00,255.00
129.00,184.00,206.00,184.00,206.00,253.00,129.00,253.00
132.00,181.00,208.00,181.00,208.00,252.00,132.00,252.00
133.00,181.00,210.00,181.00,210.00,253.00,133.00,253.00
127.00,190.00,211.00,190.00,211.00,249.00,127.00,249.00
135.00,182.00,213.00,182.00,213.00,251.00,135.00,251.00
136.00,178.00,215.00,178.00,215.00,248.00,136.00,248.00
139.00,179.00,220.00,179.00,220.00,247.00,139.00,247.00
140.00,176.00,222.00,176.00,222.00,246.00,140.00,246.00
144.00,174.00,226.00,174.00,226.00,244.00,144.00,244.00
146.00,170.00,229.00,170.00,229.00,244.00,146.00,244.00
153.00,166.00,233.00,166.00,233.00,243.00,153.00,243.00
160.00,161.00,238.00,161.00,238.00,237.00,160.00,237.00
165.00,160.00,240.00,160.00,240.00,238.00,165.00,238.00
169.00,159.00,241.00,159.00,241.00,239.00,169.00,239.00
176.00,156.00,244.00,156.00,244.00,237.00,176.00,237.00
169.00,168.00,253.00,168.00,253.00,227.00,169.00,227.00
133.00,169.00,217.00,169.00,217.00,228.00,133.00,228.00
118.00,175.00,202.00,175.00,202.00,234.00,118.00,234.00
2
0
0
0
0
1
206.00,180.00,283.00,180.00,283.00,305.00,206.00,305.00
207.00,194.00,283.00,194.00,283.00,307.00,207.00,307.00
209.00,198.00,282.00,198.00,282.00,314.00,209.00,314.00
210.00,200.00,283.00,200.00,283.00,314.00,210.00,314.00
208.00,194.00,280.00,194.00,280.00,314.00,208.00,314.00
198.00,203.00,281.00,203.00,281.00,323.00,198.00,323.00
200.00,166.00,279.00,166.00,279.00,302.00,200.00,302.00
200.00,169.00,282.00,169.00,282.00,299.00,200.00,299.00
205.00,175.00,288.00,175.00,288.00,293.00,205.00,293.00
209.00,185.00,291.00,185.00,291.00,299.00,209.00,299.00
212.00,192.00,292.00,192.00,292.00,303.00,212.00,303.00
214.00,207.00,292.00,207.00,292.00,311.00,214.00,311.00
207.00,203.00,282.00,203.00,282.00,305.00,207.00,305.00
206.00,194.00,278.00,194.00,278.00,298.00,206.00,298.00
202.00,177.00,275.00,177.00,275.00,283.00,202.00,283.00
195.00,163.00,270.00,163.00,270.00,269.00,195.00,269.00
203.00,189.00,280.00,189.00,280.00,290.00,203.00,290.00
200.00,184.00,281.00,184.00,281.00,290.00,200.00,290.00
199.00,173.00,279.00,173.00,279.00,282.00,199.00,282.00
198.00,166.00,279.00,166.00,279.00,275.00,198.00,275.00
188.00,157.00,270.00,157.00,270.00,269.00,188.00,269.00
194.00,159.00,279.00,159.00,279.00,270.00,194.00,270.00
198.00,157.00,279.00,157.00,279.00,266.00,198.00,266.00
198.00,155.00,279.00,155.00,279.00,265.00,198.00,265.00
193.00,147.00,277.00,147.00,277.00,263.00,193.00,263.00
191.00,145.00,277.00,145.00,277.00,264.00,191.00,264.00
190.00,141.00,277.00,141.00,277.00,263.00,190.00,263.00
193.00,146.00,278.00,146.00,278.00,268.00,193.00,268.00
194.00,153.00,281.00,153.00,281.00,278.00,194.00,278.00
194.00,154.00,279.00,154.00,279.00,279.00,194.00,279.00
199.00,159.00,276.00,159.00,276.00,278.00,199.00,278.00
203.00,163.00,280.00,163.00,280.00,285.00,203.00,285.00
209.00,166.00,292.00,166.00,292.00,290.00,209.00,290.00
221.00,178.00,304.00,178.00,304.00,298.00,221.00,298.00
236.00,187.00,317.00,187.00,317.00,310.00,236.00,310.00
251.00,195.00,331.00,195.00,331.00,320.00,251.00,320.00
263.00,204.00,350.00,204.00,350.00,325.00,263.00,325.00
267.00,205.00,365.00,205.00,365.00,327.00,267.00,327.00
281.00,237.00,365.00,237.00,365.00,342.00,281.00,342.00
310.00,247.00,393.00,247.00,393.00,354.00,310.00,354.00
283.00,221.00,360.00,221.00,360.00,338.00,283.00,338.00
294.00,243.00,375.00,243.00,375.00,352.00,294.00,352.00
307.00,239.00,388.00,239.00,388.00,356.00,307.00,356.00
316.00,190.00,394.00,190.00,394.00,313.00,316.00,313.00
325.00,190.00,407.00,190.00,407.00,306.00,325.00,306.00
343.00,225.00,428.00,225.00,428.00,339.00,343.00,339.00
369.00,219.00,445.00,219.00,445.00,323.00,369.00,323.00
