1
145.00,127.00,227.00,127.00,227.00,321.00,145.00,321.00
144.00,128.00,224.00,128.00,224.00,321.00,144.00,321.00
143.00,129.00,222.00,129.00,222.00,317.00,143.00,317.00
138.00,124.00,221.00,124.00,221.00,322.00,138.00,322.00
137.00,124.00,219.00,124.00,219.00,319.00,137.00,319.00
133.00,115.00,214.00,115.00,214.00,318.00,133.00,318.00
131.00,116.00,212.00,116.00,212.00,320.00,131.00,320.00
129.00,115.00,208.00,115.00,208.00,321.00,129.00,321.00
130.00,119.00,209.00,119.00,209.00,323.00,130.00,323.00
129.00,119.00,205.00,119.00,205.00,325.00,129.00,325.00
126.00,119.00,201.00,119.00,201.00,325.00,126.00,325.00
125.00,114.00,199.00,114.00,199.00,326.00,125.00,326.00
121.00,115.00,197.00,115.00,197.00,329.00,121.00,329.00
118.00,117.00,192.00,117.00,192.00,328.00,118.00,328.00
117.00,119.00,190.00,119.00,190.00,328.00,117.00,328.00
114.00,120.00,188.00,120.00,188.00,328.00,114.00,328.00
113.00,121.00,187.00,121.00,187.00,330.00,113.00,330.00
111.00,120.00,187.00,120.00,187.00,331.00,111.00,331.00
112.00,123.00,187.00,123.00,187.00,331.00,112.00,331.00
110.00,121.00,186.00,121.00,186.00,331.00,110.00,331.00
108.00,121.00,186.00,121.00,186.00,337.00,108.00,337.00
109.00,121.00,186.00,121.00,186.00,335.00,109.00,335.00
108.00,124.00,185.00,124.00,185.00,338.00,108.00,338.00
109.00,127.00,185.00,127.00,185.00,338.00,109.00,338.00
108.00,126.00,183.00,126.00,183.00,338.00,108.00,338.00
109.00,128.00,185.00,128.00,185.00,338.00,109.00,338.00
106.00,125.00,183.00,125.00,183.00,338.00,106.00,338.00
108.00,131.00,184.00,131.00,184.00,340.00,108.00,340.00
108.00,126.00,182.00,126.00,182.00,337.00,108.00,337.00
109.00,132.00,185.00,132.00,185.00,340.00,109.00,340.00
109.00,131.00,183.00,131.00,183.00,341.00,109.00,341.00
109.00,131.00,184.00,131.00,184.00,341.00,109.00,341.00
108.00,128.00,183.00,128.00,183.00,340.00,108.00,340.00
111.00,131.00,184.00,131.00,184.00,342.00,111.00,342.00
111.00,135.00,185.00,135.00,185.00,346.00,111.00,346.00
111.00,136.00,186.00,136.00,186.00,347.00,111.00,347.00
112.00,137.00,186.00,137.00,186.00,346.00,112.00,346.00
111.00,139.00,187.00,139.00,187.00,348.00,111.00,348.00
112.00,138.00,186.00,138.00,186.00,348.00,112.00,348.00
113.00,140.00,186.00,140.00,186.00,349.00,113.00,349.00
112.00,141.00,186.00,141.00,186.00,348.00,112.00,348.00
112.00,140.00,186.00,140.00,186.00,349.00,112.00,349.00
112.00,143.00,186.00,143.00,186.00,351.00,112.00,351.00
111.00,142.00,186.00,142.00,186.00,350.00,111.00,350.00
113.00,139.00,186.00,139.00,186.00,350.00,113.00,350.00
114.00,136.00,186.00,136.00,186.00,344.00,114.00,344.00
116.00,136.00,186.00,136.00,186.00,334.00,116.00,334.00
115.00,140.00,188.00,140.00,188.00,329.00,115.00,329.00
118.00,148.00,195.00,148.00,195.00,331.00,118.00,331.00
126.00,148.00,209.00,148.00,209.00,328.00,126.00,328.00
149.00,138.00,231.00,138.00,231.00,332.00,149.00,332.00
159.00,152.00,244.00,152.00,244.00,331.00,159.00,331.00
170.00,160.00,259.00,160.00,259.00,343.00,170.00,343.00
179.00,157.00,264.00,157.00,264.00,330.00,179.00,330.00
196.00,161.00,272.00,161.00,272.00,344.00,196.00,344.00
188.00,166.00,270.00,166.00,270.00,355.00,188.00,355.00
184.00,165.00,266.00,165.00,266.00,357.00,184.00,357.00
183.00,160.00,263.00,160.00,263.00,355.00,183.00,355.00
184.00,154.00,264.00,154.00,264.00,350.00,184.00,350.00
182.00,164.00,259.00,164.00,259.00,354.00,182.00,354.00
161.00,173.00,244.00,173.00,244.00,359.00,161.00,359.00
152.00,189.00,231.00,189.00,231.00,380.00,152.00,380.00
167.00,161.00,250.00,161.00,250.00,360.00,167.00,360.00
171.00,146.00,253.00,146.00,253.00,349.00,171.00,349.00
171.00,122.00,252.00,122.00,252.00,315.00,171.00,315.00
168.00,133.00,247.00,133.00,247.00,322.00,168.00,322.00
175.00,123.00,250.00,123.00,250.00,306.00,175.00,306.00
173.00,123.00,250.00,123.00,250.00,309.00,173.00,309.00
169.00,123.00,246.00,123.00,246.00,312.00,169.00,312.00
167.00,124.00,247.00,124.00,247.00,315.00,167.00,315.00
163.00,124.00,242.00,124.00,242.00,313.00,163.00,313.00
166.00,127.00,245.00,127.00,245.00,317.00,166.00,317.00
164.00,129.00,242.00,129.00,242.00,315.00,164.00,315.00
169.00,131.00,246.00,131.00,246.00,318.00,169.00,318.00
170.00,132.00,246.00,132.00,246.00,318.00,170.00,318.00
171.00,133.00,246.00,133.00,246.00,319.00,171.00,319.00
169.00,132.00,244.00,132.00,244.00,315.00,169.00,315.00
169.00,133.00,244.00,133.00,244.00,314.00,169.00,314.00
171.00,131.00,243.00,131.00,243.00,314.00,171.00,314.00
167.00,135.00,241.00,135.00,241.00,313.00,167.00,313.00
172.00,136.00,244.00,136.00,244.00,319.00,172.00,319.00
171.00,136.00,242.00,136.00,242.00,319.00,171.00,319.00
171.00,138.00,242.00,138.00,242.00,317.00,171.00,317.00
170.00,140.00,241.00,140.00,241.00,316.00,170.00,316.00
173.00,138.00,242.00,138.00,242.00,314.00,173.00,314.00
173.00,139.00,243.00,139.00,243.00,317.00,173.00,317.00
169.00,143.00,240.00,143.00,240.00,316.00,169.00,316.00
169.00,143.00,240.00,143.00,240.00,316.00,169.00,316.00
173.00,144.00,243.00,144.00,243.00,321.00,173.00,321.00
173.00,145.00,243.00,145.00,243.00,319.00,173.00,319.00
173.00,145.00,243.00,145.00,243.00,320.00,173.00,320.00
171.00,149.00,241.00,149.00,241.00,322.00,171.00,322.00
173.00,149.00,244.00,149.00,244.00,322.00,173.00,322.00
172.00,153.00,243.00,153.00,243.00,323.00,172.00,323.00
172.00,153.00,243.00,153.00,243.00,324.00,172.00,324.00
171.00,157.00,242.00,157.00,242.00,323.00,171.00,323.00
174.00,157.00,244.00,157.00,244.00,326.00,174.00,326.00
171.00,159.00,243.00,159.00,243.00,325.00,171.00,325.00
175.00,158.00,245.00,158.00,245.00,326.00,175.00,326.00
176.00,159.00,246.00,159.00,246.00,327.00,176.00,327.00
176.00,159.00,245.00,159.00,245.00,325.00,176.00,325.00
176.00,162.00,246.00,162.00,246.00,327.00,176.00,327.00
178.00,160.00,247.00,160.00,247.00,327.00,178.00,327.00
176.00,161.00,247.00,161.00,247.00,327.00,176.00,327.00
179.00,158.00,250.00,158.00,250.00,328.00,179.00,328.00
179.00,161.00,250.00,161.00,250.00,328.00,179.00,328.00
180.00,159.00,249.00,159.00,249.00,326.00,180.00,326.00
182.00,158.00,251.00,158.00,251.00,327.00,182.00,327.00
181.00,159.00,251.00,159.00,251.00,325.00,181.00,325.00
183.00,161.00,253.00,161.00,253.00,328.00,183.00,328.00
183.00,162.00,253.00,162.00,253.00,327.00,183.00,327.00
181.00,166.00,251.00,166.00,251.00,326.00,181.00,326.00
182.00,166.00,252.00,166.00,252.00,328.00,182.00,328.00
181.00,161.00,251.00,161.00,251.00,325.00,181.00,325.00
182.00,163.00,252.00,163.00,252.00,325.00,182.00,325.00
180.00,166.00,251.00,166.00,251.00,325.00,180.00,325.00
181.00,167.00,251.00,167.00,251.00,324.00,181.00,324.00
180.00,169.00,252.00,169.00,252.00,325.00,180.00,325.00
183.00,166.00,251.00,166.00,251.00,323.00,183.00,323.00
184.00,166.00,252.00,166.00,252.00,323.00,184.00,323.00
187.00,163.00,254.00,163.00,254.00,325.00,187.00,325.00
182.00,167.00,251.00,167.00,251.00,322.00,182.00,322.00
182.00,167.00,252.00,167.00,252.00,322.00,182.00,322.00
187.00,163.00,255.00,163.00,255.00,324.00,187.00,324.00
182.00,169.00,251.00,169.00,251.00,322.00,182.00,322.00
183.00,171.00,251.00,171.00,251.00,322.00,183.00,322.00
185.00,168.00,252.00,168.00,252.00,323.00,185.00,323.00
186.00,167.00,252.00,167.00,252.00,320.00,186.00,320.00
186.00,169.00,252.00,169.00,252.00,320.00,186.00,320.00
183.00,170.00,250.00,170.00,250.00,317.00,183.00,317.00
186.00,167.00,251.00,167.00,251.00,316.00,186.00,316.00
186.00,170.00,250.00,170.00,250.00,315.00,186.00,315.00
189.00,167.00,251.00,167.00,251.00,313.00,189.00,313.00
188.00,166.00,251.00,166.00,251.00,314.00,188.00,314.00
186.00,163.00,251.00,163.00,251.00,311.00,186.00,311.00
184.00,160.00,250.00,160.00,250.00,312.00,184.00,312.00
183.00,154.00,250.00,154.00,250.00,306.00,183.00,306.00
182.00,156.00,248.00,156.00,248.00,306.00,182.00,306.00
182.00,156.00,250.00,156.00,250.00,306.00,182.00,306.00
184.00,155.00,249.00,155.00,249.00,305.00,184.00,305.00
184.00,157.00,248.00,157.00,248.00,306.00,184.00,306.00
184.00,155.00,248.00,155.00,248.00,308.00,184.00,308.00
183.00,156.00,246.00,156.00,246.00,309.00,183.00,309.00
180.00,160.00,245.00,160.00,245.00,313.00,180.00,313.00
182.00,151.00,245.00,151.00,245.00,311.00,182.00,311.00
178.00,152.00,240.00,152.00,240.00,306.00,178.00,306.00
178.00,154.00,240.00,154.00,240.00,308.00,178.00,308.00
173.00,155.00,234.00,155.00,234.00,307.00,173.00,307.00
168.00,151.00,229.00,151.00,229.00,305.00,168.00,305.00
168.00,156.00,229.00,156.00,229.00,306.00,168.00,306.00
165.00,157.00,228.00,157.00,228.00,306.00,165.00,306.00
163.00,155.00,227.00,155.00,227.00,304.00,163.00,304.00
157.00,153.00,223.00,153.00,223.00,304.00,157.00,304.00
156.00,151.00,222.00,151.00,222.00,299.00,156.00,299.00
152.00,147.00,219.00,147.00,219.00,296.00,152.00,296.00
146.00,145.00,215.00,145.00,215.00,292.00,146.00,292.00
146.00,148.00,215.00,148.00,215.00,292.00,146.00,292.00
147.00,141.00,213.00,141.00,213.00,289.00,147.00,289.00
151.00,145.00,217.00,145.00,217.00,292.00,151.00,292.00
152.00,146.00,216.00,146.00,216.00,296.00,152.00,296.00
148.00,144.00,212.00,144.00,212.00,290.00,148.00,290.00
148.00,138.00,209.00,138.00,209.00,283.00,148.00,283.00
148.00,140.00,209.00,140.00,209.00,285.00,148.00,285.00
148.00,143.00,208.00,143.00,208.00,287.00,148.00,287.00
147.00,140.00,205.00,140.00,205.00,291.00,147.00,291.00
145.00,140.00,203.00,140.00,203.00,294.00,145.00,294.00
150.00,147.00,205.00,147.00,205.00,294.00,150.00,294.00
139.00,153.00,200.00,153.00,200.00,299.00,139.00,299.00
130.00,152.00,192.00,152.00,192.00,298.00,130.00,298.00
125.00,118.00,182.00,118.00,182.00,274.00,125.00,274.00
125.00,131.00,185.00,131.00,185.00,288.00,125.00,288.00
116.00,134.00,178.00,134.00,178.00,293.00,116.00,293.00
108.00,137.00,172.00,137.00,172.00,297.00,108.00,297.00
107.00,140.00,170.00,140.00,170.00,300.00,107.00,300.00
103.00,140.00,165.00,140.00,165.00,301.00,103.00,301.00
97.00,143.00,158.00,143.00,158.00,304.00,97.00,304.00
96.00,147.00,156.00,147.00,156.00,306.00,96.00,306.00
96.00,150.00,154.00,150.00,154.00,305.00,96.00,305.00
89.00,149.00,145.00,149.00,145.00,302.00,89.00,302.00
84.00,147.00,141.00,147.00,141.00,297.00,84.00,297.00
81.00,143.00,134.00,143.00,134.00,291.00,81.00,291.00
78.00,130.00,130.00,130.00,130.00,289.00,78.00,289.00
65.00,128.00,118.00,128.00,118.00,274.00,65.00,274.00
53.00,132.00,110.00,132.00,110.00,284.00,53.00,284.00
47.00,132.00,104.00,132.00,104.00,284.00,47.00,284.00
57.00,139.00,115.00,139.00,115.00,294.00,57.00,294.00
46.00,104.00,104.00,104.00,104.00,258.00,46.00,258.00
20.00,123.00,77.00,123.00,77.00,275.00,20.00,275.00
15.00,143.00,71.00,143.00,71.00,293.00,15.00,293.00
16.00,136.00,72.00,136.00,72.00,286.00,16.00,286.00
14.00,148.00,69.00,148.00,69.00,296.00,14.00,296.00
19.00,136.00,74.00,136.00,74.00,284.00,19.00,284.00
22.00,140.00,79.00,140.00,79.00,291.00,22.00,291.00
30.00,131.00,87.00,131.00,87.00,281.00,30.00,281.00
36.00,135.00,93.00,135.00,93.00,284.00,36.00,284.00
37.00,141.00,94.00,141.00,94.00,289.00,37.00,289.00
57.00,161.00,113.00,161.00,113.00,306.00,57.00,306.00
115.00,117.00,170.00,117.00,170.00,260.00,115.00,260.00
112.00,131.00,168.00,131.00,168.00,276.00,112.00,276.00
114.00,127.00,170.00,127.00,170.00,272.00,114.00,272.00
115.00,120.00,171.00,120.00,171.00,265.00,115.00,265.00
102.00,130.00,158.00,130.00,158.00,275.00,102.00,275.00
106.00,121.00,162.00,121.00,162.00,265.00,106.00,265.00
105.00,122.00,161.00,122.00,161.00,266.00,105.00,266.00
92.00,118.00,148.00,118.00,148.00,261.00,92.00,261.00
87.00,114.00,143.00,114.00,143.00,257.00,87.00,257.00
90.00,138.00,147.00,138.00,147.00,284.00,90.00,284.00
72.00,139.00,130.00,139.00,130.00,287.00,72.00,287.00
2
0
0
0
0
1
139.00,190.00,208.00,190.00,208.00,245.00,139.00,245.00
141.00,191.00,209.00,191.00,209.00,247.00,141.00,247.00
144.00,192.00,208.00,192.00,208.00,248.00,144.00,248.00
143.00,190.00,209.00,190.00,209.00,251.00,143.00,251.00
141.00,188.00,209.00,188.00,209.00,255.00,141.00,255.00
133.00,188.00,205.00,188.00,205.00,254.00,133.00,254.00
132.00,187.00,205.00,187.00,205.00,252.00,132.00,252.00
136.00,185.00,206.00,185.00,206.00,252.00,136.00,252.00
135.00,188.00,209.00,188.00,209.00,247.00,135.00,247.00
143.00,186.00,211.00,186.00,211.00,250.00,143.00,250.00
144.00,182.00,212.00,182.00,212.00,251.00,144.00,251.00
143.00,180.00,214.00,180.00,214.00,249.00,143.00,249.00
148.00,180.00,217.00,180.00,217.00,250.00,148.00,250.00
151.00,178.00,221.00,178.00,221.00,250.00,151.00,250.00
154.00,177.00,223.00,177.00,223.00,245.00,154.00,245.00
158.00,173.00,226.00,173.00,226.00,243.00,158.00,243.00
164.00,169.00,230.00,169.00,230.00,242.00,164.00,242.00
169.00,165.00,234.00,165.00,234.00,238.00,169.00,238.00
173.00,161.00,236.00,161.00,236.00,236.00,173.00,236.00
177.00,160.00,239.00,160.00,239.00,235.00,177.00,235.00
183.00,159.00,241.00,159.00,241.00,233.00,183.00,233.00
177.00,166.00,251.00,166.00,251.00,224.00,177.00,224.00
182.00,171.00,256.00,171.00,256.00,229.00,182.00,229.00
187.00,202.00,259.00,202.00,259.00,259.00,187.00,259.00
192.00,216.00,263.00,216.00,263.00,272.00,192.00,272.00
170.00,208.00,241.00,208.00,241.00,264.00,170.00,264.00
143.00,203.00,215.00,203.00,215.00,260.00,143.00,260.00
2
0
0
0
0
1
217.00,183.00,276.00,183.00,276.00,322.00,217.00,322.00
217.00,176.00,276.00,176.00,276.00,326.00,217.00,326.00
208.00,173.00,273.00,173.00,273.00,328.00,208.00,328.00
207.00,162.00,276.00,162.00,276.00,330.00,207.00,330.00
208.00,171.00,281.00,171.00,281.00,327.00,208.00,327.00
219.00,167.00,278.00,167.00,278.00,300.00,219.00,300.00
232.00,152.00,289.00,152.00,289.00,281.00,232.00,281.00
230.00,190.00,288.00,190.00,288.00,321.00,230.00,321.00
228.00,187.00,285.00,187.00,285.00,316.00,228.00,316.00
178.00,178.00,235.00,178.00,235.00,307.00,178.00,307.00
216.00,175.00,274.00,175.00,274.00,306.00,216.00,306.00
204.00,156.00,262.00,156.00,262.00,288.00,204.00,288.00
207.00,145.00,266.00,145.00,266.00,278.00,207.00,278.00
200.00,138.00,259.00,138.00,259.00,271.00,200.00,271.00
188.00,154.00,247.00,154.00,247.00,287.00,188.00,287.00
176.00,128.00,235.00,128.00,235.00,261.00,176.00,261.00
160.00,138.00,219.00,138.00,219.00,272.00,160.00,272.00
172.00,139.00,231.00,139.00,231.00,273.00,172.00,273.00
193.00,132.00,251.00,132.00,251.00,264.00,193.00,264.00
187.00,139.00,245.00,139.00,245.00,270.00,187.00,270.00
182.00,137.00,240.00,137.00,240.00,268.00,182.00,268.00
197.00,139.00,254.00,139.00,254.00,268.00,197.00,268.00
200.00,148.00,256.00,148.00,256.00,274.00,200.00,274.00
199.00,150.00,268.00,150.00,268.00,285.00,199.00,285.00
200.00,152.00,270.00,152.00,270.00,288.00,200.00,288.00
201.00,153.00,274.00,153.00,274.00,289.00,201.00,289.00
207.00,151.00,272.00,151.00,272.00,292.00,207.00,292.00
213.00,162.00,271.00,162.00,271.00,295.00,213.00,295.00
216.00,166.00,272.00,166.00,272.00,299.00,216.00,299.00
221.00,163.00,281.00,163.00,281.00,301.00,221.00,301.00
236.00,183.00,296.00,183.00,296.00,312.00,236.00,312.00
251.00,197.00,309.00,197.00,309.00,323.00,251.00,323.00
268.00,195.00,326.00,195.00,326.00,321.00,268.00,321.00
259.00,202.00,317.00,202.00,317.00,332.00,259.00,332.00
278.00,200.00,345.00,200.00,345.00,335.00,278.00,335.00
288.00,223.00,358.00,223.00,358.00,350.00,288.00,350.00
273.00,214.00,333.00,214.00,333.00,347.00,273.00,347.00
296.00,216.00,352.00,216.00,352.00,340.00,296.00,340.00
306.00,218.00,364.00,218.00,364.00,351.00,306.00,351.00
323.00,231.00,379.00,231.00,379.00,366.00,323.00,366.00
328.00,208.00,391.00,208.00,391.00,348.00,328.00,348.00
339.00,207.00,404.00,207.00,404.00,354.00,339.00,354.00
355.00,221.00,418.00,221.00,418.00,359.00,355.00,359.00
2
