1
144.00,128.00,227.00,128.00,227.00,321.00,144.00,321.00
143.00,129.00,223.00,129.00,223.00,320.00,143.00,320.00
141.00,130.00,222.00,130.00,222.00,317.00,141.00,317.00
139.00,125.00,219.00,125.00,219.00,321.00,139.00,321.00
136.00,120.00,217.00,120.00,217.00,318.00,136.00,318.00
133.00,111.00,214.00,111.00,214.00,319.00,133.00,319.00
132.00,112.00,212.00,112.00,212.00,319.00,132.00,319.00
129.00,112.00,210.00,112.00,210.00,322.00,129.00,322.00
129.00,115.00,208.00,115.00,208.00,323.00,129.00,323.00
128.00,119.00,205.00,119.00,205.00,324.00,128.00,324.00
125.00,116.00,201.00,116.00,201.00,325.00,125.00,325.00
125.00,114.00,199.00,114.00,199.00,326.00,125.00,326.00
122.00,113.00,197.00,113.00,197.00,324.00,122.00,324.00
116.00,112.00,194.00,112.00,194.00,324.00,116.00,324.00
113.00,111.00,190.00,111.00,190.00,324.00,113.00,324.00
113.00,112.00,188.00,112.00,188.00,324.00,113.00,324.00
110.00,113.00,187.00,113.00,187.00,328.00,110.00,328.00
110.00,113.00,186.00,113.00,186.00,328.00,110.00,328.00
110.00,116.00,187.00,116.00,187.00,328.00,110.00,328.00
108.00,116.00,187.00,116.00,187.00,330.00,108.00,330.00
107.00,120.00,186.00,120.00,186.00,332.00,107.00,332.00
108.00,121.00,187.00,121.00,187.00,332.00,108.00,332.00
108.00,123.00,185.00,123.00,185.00,334.00,108.00,334.00
108.00,125.00,186.00,125.00,186.00,337.00,108.00,337.00
107.00,127.00,185.00,127.00,185.00,337.00,107.00,337.00
106.00,124.00,183.00,124.00,183.00,333.00,106.00,333.00
107.00,128.00,185.00,128.00,185.00,339.00,107.00,339.00
106.00,124.00,184.00,124.00,184.00,337.00,106.00,337.00
107.00,129.00,184.00,129.00,184.00,338.00,107.00,338.00
105.00,126.00,184.00,126.00,184.00,341.00,105.00,341.00
107.00,127.00,184.00,127.00,184.00,340.00,107.00,340.00
107.00,131.00,185.00,131.00,185.00,343.00,107.00,343.00
106.00,129.00,186.00,129.00,186.00,345.00,106.00,345.00
109.00,133.00,185.00,133.00,185.00,341.00,109.00,341.00
108.00,133.00,185.00,133.00,185.00,344.00,108.00,344.00
108.00,135.00,186.00,135.00,186.00,345.00,108.00,345.00
109.00,132.00,184.00,132.00,184.00,338.00,109.00,338.00
110.00,136.00,186.00,136.00,186.00,345.00,110.00,345.00
109.00,136.00,185.00,136.00,185.00,342.00,109.00,342.00
109.00,137.00,187.00,137.00,187.00,347.00,109.00,347.00
111.00,139.00,187.00,139.00,187.00,348.00,111.00,348.00
111.00,139.00,186.00,139.00,186.00,347.00,111.00,347.00
109.00,138.00,186.00,138.00,186.00,348.00,109.00,348.00
111.00,138.00,186.00,138.00,186.00,345.00,111.00,345.00
111.00,137.00,185.00,137.00,185.00,343.00,111.00,343.00
113.00,136.00,187.00,136.00,187.00,341.00,113.00,341.00
116.00,138.00,186.00,138.00,186.00,328.00,116.00,328.00
116.00,139.00,190.00,139.00,190.00,319.00,116.00,319.00
120.00,144.00,193.00,144.00,193.00,324.00,120.00,324.00
127.00,148.00,206.00,148.00,206.00,325.00,127.00,325.00
152.00,143.00,229.00,143.00,229.00,317.00,152.00,317.00
160.00,157.00,241.00,157.00,241.00,326.00,160.00,326.00
170.00,165.00,259.00,165.00,259.00,337.00,170.00,337.00
183.00,174.00,266.00,174.00,266.00,334.00,183.00,334.00
189.00,176.00,267.00,176.00,267.00,334.00,189.00,334.00
188.00,180.00,268.00,180.00,268.00,345.00,188.00,345.00
182.00,180.00,265.00,180.00,265.00,353.00,182.00,353.00
181.00,166.00,263.00,166.00,263.00,336.00,181.00,336.00
178.00,176.00,257.00,176.00,257.00,343.00,178.00,343.00
185.00,164.00,257.00,164.00,257.00,332.00,185.00,332.00
150.00,188.00,231.00,188.00,231.00,358.00,150.00,358.00
159.00,208.00,233.00,208.00,233.00,377.00,159.00,377.00
162.00,178.00,244.00,178.00,244.00,361.00,162.00,361.00
180.00,138.00,255.00,138.00,255.00,315.00,180.00,315.00
177.00,139.00,251.00,139.00,251.00,306.00,177.00,306.00
174.00,149.00,243.00,149.00,243.00,313.00,174.00,313.00
180.00,142.00,251.00,142.00,251.00,297.00,180.00,297.00
177.00,142.00,248.00,142.00,248.00,296.00,177.00,296.00
174.00,144.00,245.00,144.00,245.00,299.00,174.00,299.00
175.00,145.00,246.00,145.00,246.00,301.00,175.00,301.00
169.00,147.00,241.00,147.00,241.00,304.00,169.00,304.00
168.00,147.00,240.00,147.00,240.00,303.00,168.00,303.00
171.00,151.00,243.00,151.00,243.00,307.00,171.00,307.00
173.00,149.00,243.00,149.00,243.00,303.00,173.00,303.00
174.00,151.00,243.00,151.00,243.00,304.00,174.00,304.00
175.00,152.00,244.00,152.00,244.00,303.00,175.00,303.00
175.00,152.00,243.00,152.00,243.00,302.00,175.00,302.00
176.00,153.00,242.00,153.00,242.00,304.00,176.00,304.00
176.00,152.00,241.00,152.00,241.00,301.00,176.00,301.00
176.00,154.00,242.00,154.00,242.00,302.00,176.00,302.00
172.00,153.00,238.00,153.00,238.00,301.00,172.00,301.00
177.00,155.00,239.00,155.00,239.00,300.00,177.00,300.00
176.00,157.00,238.00,157.00,238.00,301.00,176.00,301.00
176.00,162.00,240.00,162.00,240.00,304.00,176.00,304.00
177.00,161.00,239.00,161.00,239.00,302.00,177.00,302.00
175.00,161.00,237.00,161.00,237.00,301.00,175.00,301.00
177.00,163.00,239.00,163.00,239.00,303.00,177.00,303.00
173.00,164.00,238.00,164.00,238.00,303.00,173.00,303.00
178.00,166.00,240.00,166.00,240.00,305.00,178.00,305.00
178.00,164.00,240.00,164.00,240.00,304.00,178.00,304.00
176.00,165.00,240.00,165.00,240.00,307.00,176.00,307.00
173.00,165.00,239.00,165.00,239.00,307.00,173.00,307.00
172.00,169.00,240.00,169.00,240.00,311.00,172.00,311.00
176.00,166.00,241.00,166.00,241.00,308.00,176.00,308.00
175.00,171.00,242.00,171.00,242.00,312.00,175.00,312.00
177.00,170.00,243.00,170.00,243.00,310.00,177.00,310.00
176.00,170.00,241.00,170.00,241.00,306.00,176.00,306.00
175.00,174.00,242.00,174.00,242.00,311.00,175.00,311.00
178.00,178.00,243.00,178.00,243.00,313.00,178.00,313.00
178.00,177.00,243.00,177.00,243.00,313.00,178.00,313.00
179.00,176.00,242.00,176.00,242.00,310.00,179.00,310.00
181.00,176.00,244.00,176.00,244.00,312.00,181.00,312.00
182.00,176.00,244.00,176.00,244.00,312.00,182.00,312.00
181.00,178.00,245.00,178.00,245.00,312.00,181.00,312.00
184.00,175.00,246.00,175.00,246.00,311.00,184.00,311.00
184.00,175.00,247.00,175.00,247.00,310.00,184.00,310.00
189.00,176.00,248.00,176.00,248.00,310.00,189.00,310.00
184.00,178.00,246.00,178.00,246.00,310.00,184.00,310.00
187.00,178.00,249.00,178.00,249.00,313.00,187.00,313.00
187.00,179.00,249.00,179.00,249.00,312.00,187.00,312.00
190.00,175.00,250.00,175.00,250.00,311.00,190.00,311.00
186.00,180.00,247.00,180.00,247.00,310.00,186.00,310.00
186.00,182.00,248.00,182.00,248.00,311.00,186.00,311.00
188.00,177.00,249.00,177.00,249.00,309.00,188.00,309.00
188.00,179.00,249.00,179.00,249.00,310.00,188.00,310.00
189.00,178.00,250.00,178.00,250.00,309.00,189.00,309.00
190.00,181.00,250.00,181.00,250.00,311.00,190.00,311.00
191.00,180.00,251.00,180.00,251.00,310.00,191.00,310.00
191.00,180.00,249.00,180.00,249.00,309.00,191.00,309.00
193.00,178.00,250.00,178.00,250.00,309.00,193.00,309.00
192.00,180.00,250.00,180.00,250.00,309.00,192.00,309.00
193.00,181.00,251.00,181.00,251.00,310.00,193.00,310.00
193.00,180.00,251.00,180.00,251.00,307.00,193.00,307.00
192.00,181.00,250.00,181.00,250.00,308.00,192.00,308.00
193.00,183.00,250.00,183.00,250.00,307.00,193.00,307.00
193.00,181.00,249.00,181.00,249.00,305.00,193.00,305.00
194.00,178.00,250.00,178.00,250.00,304.00,194.00,304.00
195.00,179.00,251.00,179.00,251.00,303.00,195.00,303.00
195.00,176.00,250.00,176.00,250.00,300.00,195.00,300.00
194.00,180.00,250.00,180.00,250.00,302.00,194.00,302.00
194.00,179.00,250.00,179.00,250.00,301.00,194.00,301.00
195.00,176.00,250.00,176.00,250.00,299.00,195.00,299.00
195.00,176.00,251.00,176.00,251.00,299.00,195.00,299.00
194.00,174.00,251.00,174.00,251.00,300.00,194.00,300.00
193.00,173.00,250.00,173.00,250.00,299.00,193.00,299.00
189.00,172.00,250.00,172.00,250.00,299.00,189.00,299.00
189.00,168.00,249.00,168.00,249.00,297.00,189.00,297.00
187.00,167.00,247.00,167.00,247.00,293.00,187.00,293.00
187.00,166.00,245.00,166.00,245.00,291.00,187.00,291.00
186.00,169.00,246.00,169.00,246.00,295.00,186.00,295.00
187.00,170.00,245.00,170.00,245.00,297.00,187.00,297.00
187.00,169.00,245.00,169.00,245.00,297.00,187.00,297.00
186.00,170.00,243.00,170.00,243.00,299.00,186.00,299.00
184.00,169.00,241.00,169.00,241.00,296.00,184.00,296.00
181.00,164.00,239.00,164.00,239.00,295.00,181.00,295.00
180.00,163.00,238.00,163.00,238.00,294.00,180.00,294.00
176.00,165.00,235.00,165.00,235.00,298.00,176.00,298.00
172.00,162.00,227.00,162.00,227.00,294.00,172.00,294.00
166.00,163.00,224.00,163.00,224.00,296.00,166.00,296.00
162.00,163.00,219.00,163.00,219.00,293.00,162.00,293.00
163.00,162.00,219.00,162.00,219.00,291.00,163.00,291.00
160.00,163.00,219.00,163.00,219.00,291.00,160.00,291.00
160.00,160.00,217.00,160.00,217.00,287.00,160.00,287.00
157.00,160.00,216.00,160.00,216.00,288.00,157.00,288.00
155.00,158.00,213.00,158.00,213.00,285.00,155.00,285.00
155.00,154.00,210.00,154.00,210.00,282.00,155.00,282.00
151.00,155.00,208.00,155.00,208.00,280.00,151.00,280.00
150.00,155.00,207.00,155.00,207.00,279.00,150.00,279.00
152.00,155.00,208.00,155.00,208.00,282.00,152.00,282.00
153.00,153.00,207.00,153.00,207.00,283.00,153.00,283.00
152.00,154.00,206.00,154.00,206.00,283.00,152.00,283.00
151.00,153.00,204.00,153.00,204.00,279.00,151.00,279.00
151.00,152.00,204.00,152.00,204.00,278.00,151.00,278.00
150.00,153.00,202.00,153.00,202.00,278.00,150.00,278.00
150.00,151.00,201.00,151.00,201.00,278.00,150.00,278.00
149.00,155.00,200.00,155.00,200.00,281.00,149.00,281.00
143.00,169.00,196.00,169.00,196.00,292.00,143.00,292.00
141.00,147.00,195.00,147.00,195.00,276.00,141.00,276.00
129.00,143.00,186.00,143.00,186.00,272.00,129.00,272.00
126.00,129.00,180.00,129.00,180.00,268.00,126.00,268.00
124.00,134.00,179.00,134.00,179.00,272.00,124.00,272.00
116.00,140.00,173.00,140.00,173.00,277.00,116.00,277.00
111.00,144.00,168.00,144.00,168.00,281.00,111.00,281.00
106.00,143.00,161.00,143.00,161.00,285.00,106.00,285.00
99.00,144.00,153.00,144.00,153.00,283.00,99.00,283.00
94.00,148.00,148.00,148.00,148.00,286.00,94.00,286.00
101.00,159.00,155.00,159.00,155.00,288.00,101.00,288.00
101.00,161.00,156.00,161.00,156.00,291.00,101.00,291.00
90.00,157.00,143.00,157.00,143.00,290.00,90.00,290.00
80.00,152.00,134.00,152.00,134.00,286.00,80.00,286.00
78.00,152.00,130.00,152.00,130.00,283.00,78.00,283.00
77.00,136.00,130.00,136.00,130.00,282.00,77.00,282.00
62.00,130.00,116.00,130.00,116.00,263.00,62.00,263.00
57.00,137.00,110.00,137.00,110.00,267.00,57.00,267.00
51.00,140.00,104.00,140.00,104.00,271.00,51.00,271.00
48.00,142.00,102.00,142.00,102.00,274.00,48.00,274.00
47.00,120.00,101.00,120.00,101.00,252.00,47.00,252.00
28.00,138.00,83.00,138.00,83.00,271.00,28.00,271.00
7.00,151.00,63.00,151.00,63.00,286.00,7.00,286.00
11.00,156.00,67.00,156.00,67.00,290.00,11.00,290.00
8.00,159.00,64.00,159.00,64.00,293.00,8.00,293.00
18.00,156.00,74.00,156.00,74.00,289.00,18.00,289.00
24.00,146.00,79.00,146.00,79.00,277.00,24.00,277.00
30.00,158.00,84.00,158.00,84.00,287.00,30.00,287.00
42.00,147.00,97.00,147.00,97.00,278.00,42.00,278.00
34.00,145.00,89.00,145.00,89.00,275.00,34.00,275.00
26.00,198.00,82.00,198.00,82.00,330.00,26.00,330.00
94.00,152.00,150.00,152.00,150.00,283.00,94.00,283.00
117.00,130.00,173.00,130.00,173.00,261.00,117.00,261.00
124.00,142.00,179.00,142.00,179.00,271.00,124.00,271.00
115.00,136.00,170.00,136.00,170.00,265.00,115.00,265.00
104.00,137.00,159.00,137.00,159.00,266.00,104.00,266.00
104.00,133.00,159.00,133.00,159.00,262.00,104.00,262.00
101.00,130.00,156.00,130.00,156.00,259.00,101.00,259.00
99.00,128.00,153.00,128.00,153.00,254.00,99.00,254.00
83.00,128.00,138.00,128.00,138.00,255.00,83.00,255.00
82.00,149.00,136.00,149.00,136.00,275.00,82.00,275.00
63.00,144.00,116.00,144.00,116.00,268.00,63.00,268.00
2
0
0
0
0
1
138.00,191.00,208.00,191.00,208.00,245.00,138.00,245.00
140.00,190.00,209.00,190.00,209.00,247.00,140.00,247.00
144.00,192.00,208.00,192.00,208.00,248.00,144.00,248.00
141.00,190.00,207.00,190.00,207.00,250.00,141.00,250.00
140.00,188.00,207.00,188.00,207.00,255.00,140.00,255.00
134.00,187.00,206.00,187.00,206.00,256.00,134.00,256.00
133.00,187.00,205.00,187.00,205.00,253.00,133.00,253.00
136.00,185.00,207.00,185.00,207.00,254.00,136.00,254.00
131.00,188.00,208.00,188.00,208.00,249.00,131.00,249.00
139.00,186.00,210.00,186.00,210.00,250.00,139.00,250.00
143.00,182.00,212.00,182.00,212.00,252.00,143.00,252.00
144.00,181.00,214.00,181.00,214.00,251.00,144.00,251.00
148.00,182.00,216.00,182.00,216.00,250.00,148.00,250.00
150.00,180.00,219.00,180.00,219.00,248.00,150.00,248.00
155.00,178.00,223.00,178.00,223.00,245.00,155.00,245.00
159.00,172.00,226.00,172.00,226.00,243.00,159.00,243.00
163.00,170.00,229.00,170.00,229.00,243.00,163.00,243.00
168.00,166.00,233.00,166.00,233.00,238.00,168.00,238.00
171.00,163.00,235.00,163.00,235.00,237.00,171.00,237.00
175.00,159.00,238.00,159.00,238.00,236.00,175.00,236.00
181.00,158.00,241.00,158.00,241.00,236.00,181.00,236.00
176.00,164.00,251.00,164.00,251.00,224.00,176.00,224.00
159.00,156.00,234.00,156.00,234.00,216.00,159.00,216.00
2
0
0
0
0
1
213.00,177.00,277.00,177.00,277.00,297.00,213.00,297.00
212.00,182.00,277.00,182.00,277.00,310.00,212.00,310.00
214.00,196.00,278.00,196.00,278.00,309.00,214.00,309.00
215.00,201.00,279.00,201.00,279.00,311.00,215.00,311.00
216.00,200.00,283.00,200.00,283.00,310.00,216.00,310.00
214.00,194.00,280.00,194.00,280.00,309.00,214.00,309.00
205.00,185.00,276.00,185.00,276.00,307.00,205.00,307.00
203.00,170.00,277.00,170.00,277.00,303.00,203.00,303.00
204.00,172.00,282.00,172.00,282.00,299.00,204.00,299.00
212.00,176.00,284.00,176.00,284.00,287.00,212.00,287.00
219.00,176.00,286.00,176.00,286.00,285.00,219.00,285.00
223.00,201.00,286.00,201.00,286.00,303.00,223.00,303.00
223.00,204.00,285.00,204.00,285.00,324.00,223.00,324.00
214.00,204.00,277.00,204.00,277.00,303.00,214.00,303.00
214.00,194.00,274.00,194.00,274.00,299.00,214.00,299.00
207.00,170.00,268.00,170.00,268.00,284.00,207.00,284.00
199.00,150.00,264.00,150.00,264.00,269.00,199.00,269.00
199.00,153.00,267.00,153.00,267.00,269.00,199.00,269.00
197.00,152.00,264.00,152.00,264.00,268.00,197.00,268.00
190.00,135.00,259.00,135.00,259.00,257.00,190.00,257.00
186.00,132.00,257.00,132.00,257.00,253.00,186.00,253.00
182.00,124.00,251.00,124.00,251.00,243.00,182.00,243.00
180.00,117.00,245.00,117.00,245.00,234.00,180.00,234.00
174.00,123.00,241.00,123.00,241.00,238.00,174.00,238.00
176.00,132.00,244.00,132.00,244.00,252.00,176.00,252.00
193.00,147.00,273.00,147.00,273.00,267.00,193.00,267.00
196.00,145.00,276.00,145.00,276.00,265.00,196.00,265.00
195.00,147.00,276.00,147.00,276.00,266.00,195.00,266.00
196.00,149.00,278.00,149.00,278.00,265.00,196.00,265.00
198.00,154.00,280.00,154.00,280.00,272.00,198.00,272.00
201.00,160.00,278.00,160.00,278.00,280.00,201.00,280.00
205.00,161.00,274.00,161.00,274.00,281.00,205.00,281.00
210.00,160.00,274.00,160.00,274.00,293.00,210.00,293.00
219.00,168.00,285.00,168.00,285.00,296.00,219.00,296.00
233.00,182.00,298.00,182.00,298.00,304.00,233.00,304.00
243.00,195.00,307.00,195.00,307.00,317.00,243.00,317.00
260.00,200.00,327.00,200.00,327.00,326.00,260.00,326.00
272.00,209.00,346.00,209.00,346.00,333.00,272.00,333.00
275.00,201.00,355.00,201.00,355.00,334.00,275.00,334.00
287.00,229.00,358.00,229.00,358.00,349.00,287.00,349.00
313.00,238.00,384.00,238.00,384.00,354.00,313.00,354.00
290.00,207.00,361.00,207.00,361.00,344.00,290.00,344.00
281.00,161.00,353.00,161.00,353.00,300.00,281.00,300.00
294.00,152.00,367.00,152.00,367.00,285.00,294.00,285.00
312.00,167.00,387.00,167.00,387.00,297.00,312.00,297.00
332.00,203.00,405.00,203.00,405.00,337.00,332.00,337.00
346.00,228.00,426.00,228.00,426.00,350.00,346.00,350.00
381.00,204.00,450.00,204.00,450.00,337.00,381.00,337.00
