1
524.00,58.00,549.00,58.00,549.00,80.00,524.00,80.00
524.00,64.00,548.00,64.00,548.00,90.00,524.00,90.00
521.00,76.00,547.00,76.00,547.00,102.00,521.00,102.00
521.00,91.00,545.00,91.00,545.00,113.00,521.00,113.00
516.00,106.00,541.00,106.00,541.00,130.00,516.00,130.00
518.00,112.00,544.00,112.00,544.00,138.00,518.00,138.00
515.00,125.00,536.00,125.00,536.00,150.00,515.00,150.00
510.00,139.00,536.00,139.00,536.00,165.00,510.00,165.00
506.00,153.00,534.00,153.00,534.00,180.00,506.00,180.00
516.00,162.00,541.00,162.00,541.00,192.00,516.00,192.00
525.00,170.00,553.00,170.00,553.00,194.00,525.00,194.00
537.00,173.00,563.00,173.00,563.00,199.00,537.00,199.00
542.00,183.00,568.00,183.00,568.00,209.00,542.00,209.00
556.00,190.00,582.00,190.00,582.00,216.00,556.00,216.00
557.00,193.00,583.00,193.00,583.00,219.00,557.00,219.00
2
0
0
0
0
1
610.00,268.00,627.00,268.00,627.00,282.00,610.00,282.00
614.00,264.00,631.00,264.00,631.00,280.00,614.00,280.00
616.00,265.00,636.00,265.00,636.00,281.00,616.00,281.00
621.00,266.00,640.00,266.00,640.00,282.00,621.00,282.00
626.00,267.00,642.00,267.00,642.00,281.00,626.00,281.00
627.00,266.00,644.00,266.00,644.00,283.00,627.00,283.00
632.00,271.00,649.00,271.00,649.00,286.00,632.00,286.00
632.00,272.00,650.00,272.00,650.00,290.00,632.00,290.00
637.00,271.00,655.00,271.00,655.00,287.00,637.00,287.00
639.00,270.00,656.00,270.00,656.00,286.00,639.00,286.00
639.00,267.00,656.00,267.00,656.00,283.00,639.00,283.00
641.00,267.00,660.00,267.00,660.00,284.00,641.00,284.00
640.00,268.00,659.00,268.00,659.00,285.00,640.00,285.00
642.00,271.00,662.00,271.00,662.00,290.00,642.00,290.00
641.00,273.00,660.00,273.00,660.00,292.00,641.00,292.00
643.00,276.00,661.00,276.00,661.00,295.00,643.00,295.00
649.00,277.00,666.00,277.00,666.00,292.00,649.00,292.00
647.00,277.00,667.00,277.00,667.00,295.00,647.00,295.00
649.00,276.00,668.00,276.00,668.00,293.00,649.00,293.00
