1
300.64,110.48,402.40,186.80,354.76,250.32,253.00,174.00
298.11,104.53,394.94,183.04,344.25,245.56,247.42,167.05
254.00,90.00,403.00,90.00,403.00,225.00,254.00,225.00
359.94,62.40,390.33,194.08,322.40,209.75,292.02,78.07
370.88,57.58,381.75,182.63,315.94,188.35,305.07,63.30
306.00,65.00,367.00,65.00,367.00,193.00,306.00,193.00
307.00,65.00,363.00,65.00,363.00,193.00,307.00,193.00
316.63,66.20,371.50,69.74,363.48,194.13,308.61,190.59
279.00,63.00,423.00,63.00,423.00,193.00,279.00,193.00
342.33,74.63,394.91,83.13,375.52,203.00,322.94,194.49
347.37,82.43,398.64,92.85,376.32,202.72,325.05,192.31
340.27,96.67,390.77,109.88,363.58,213.86,313.08,200.65
330.91,114.23,380.13,129.57,349.35,228.40,300.13,213.07
336.54,117.30,386.44,136.11,349.35,234.54,299.45,215.73
336.69,118.41,385.95,136.77,350.63,231.57,301.37,213.22
337.79,112.71,386.64,135.76,347.85,218.00,299.00,194.96
328.56,115.33,376.75,143.44,328.94,225.38,280.76,197.27
324.11,116.87,370.66,148.94,314.90,229.89,268.35,197.82
316.32,109.76,360.40,145.58,297.94,222.45,253.86,186.64
306.88,100.75,350.11,138.71,285.85,211.89,242.62,173.93
302.82,93.97,344.49,134.77,278.89,201.77,237.22,160.97
300.93,97.00,340.04,140.12,271.68,202.13,232.56,159.00
290.63,108.26,327.45,153.03,252.43,214.71,215.62,169.94
281.72,116.10,316.59,162.02,240.73,219.62,205.86,173.70
282.78,118.70,316.56,165.14,239.02,221.53,205.25,175.09
284.40,126.55,317.48,173.93,238.77,228.88,205.69,181.50
281.31,138.71,314.20,185.24,236.50,240.17,203.61,193.64
279.50,150.85,311.87,197.09,231.13,253.61,198.76,207.37
271.11,167.02,301.70,215.10,225.48,263.61,194.88,215.53
263.37,175.41,294.23,222.90,220.03,271.13,189.17,223.64
267.86,179.42,301.47,226.10,229.87,277.65,196.26,230.97
271.70,182.58,306.64,230.63,235.70,282.22,200.76,234.17
258.55,184.97,300.65,229.79,236.61,289.94,194.51,245.13
255.00,189.00,299.50,233.50,237.50,295.50,193.00,251.00
259.53,187.28,305.79,230.23,246.13,294.48,199.87,251.52
259.46,174.05,308.15,214.62,253.39,280.33,204.70,239.75
254.92,162.04,304.07,200.84,252.80,265.79,203.65,226.98
266.50,159.50,310.50,203.50,252.50,261.50,208.50,217.50
270.00,158.00,312.50,200.50,255.50,257.50,213.00,215.00
268.57,151.46,311.84,191.64,257.45,250.21,214.19,210.03
267.63,141.71,312.63,177.71,263.27,239.41,218.27,203.41
272.95,141.16,318.29,174.42,272.29,237.15,226.95,203.89
275.60,143.40,321.66,173.57,279.27,238.28,233.21,208.10
251.36,156.70,310.78,161.65,304.94,231.74,245.52,226.79
257.75,151.90,314.67,153.68,312.46,224.20,255.55,222.42
267.57,143.64,320.38,147.92,314.55,219.88,261.74,215.60
266.54,139.57,317.29,142.81,312.68,215.09,261.92,211.85
254.14,140.51,304.58,141.59,303.07,212.72,252.62,211.65
254.00,119.00,305.00,119.00,305.00,190.00,254.00,190.00
293.66,100.16,303.27,169.38,252.83,176.38,243.22,107.16
287.08,99.79,293.70,166.03,243.90,171.01,237.28,104.77
286.11,94.51,289.80,159.07,240.02,161.91,236.33,97.35
244.00,76.00,293.00,76.00,293.00,140.00,244.00,140.00
298.42,68.56,300.20,130.99,251.50,132.39,249.71,69.95
293.63,75.21,295.37,136.02,246.50,137.41,244.76,76.61
239.00,77.00,288.00,77.00,288.00,138.00,239.00,138.00
247.00,75.00,296.00,75.00,296.00,136.00,247.00,136.00
297.20,83.33,298.92,144.95,250.48,146.29,248.77,84.67
244.00,105.00,292.00,105.00,292.00,166.00,244.00,166.00
289.63,116.17,291.24,175.99,243.44,177.29,241.82,117.46
285.09,123.99,288.65,182.78,242.01,185.61,238.44,126.82
283.57,135.36,288.26,193.22,241.46,197.02,236.77,139.15
237.00,135.00,285.00,135.00,285.00,192.00,237.00,192.00
222.66,133.38,273.06,140.58,265.28,195.04,214.88,187.84
217.20,121.60,265.60,145.80,241.80,193.40,193.40,169.20
211.00,98.00,261.34,116.31,242.72,167.53,192.37,149.23
242.89,88.83,244.93,146.07,191.32,147.99,189.28,90.74
179.46,95.45,233.58,100.52,228.38,155.94,174.26,150.87
164.72,104.44,220.61,114.47,210.63,170.09,154.73,160.05
153.48,95.32,210.23,108.52,196.32,168.31,139.58,155.11
154.36,83.12,211.31,98.22,194.77,160.55,137.82,145.44
158.70,76.90,216.30,96.10,195.20,159.40,137.60,140.20
159.77,72.64,216.77,93.37,193.42,157.61,136.41,136.88
160.40,73.80,218.30,93.10,196.50,158.50,138.60,139.20
165.56,82.74,217.62,113.97,182.41,172.65,130.35,141.41
169.97,84.70,221.79,116.16,186.32,174.59,134.50,143.12
178.62,85.97,230.53,117.12,194.88,176.53,142.97,145.38
182.25,88.15,234.23,118.47,199.45,178.09,147.47,147.77
179.90,79.85,233.43,109.05,199.91,170.50,146.38,141.30
175.98,89.14,229.72,118.69,195.96,180.08,142.21,150.52
188.30,103.10,228.42,154.68,177.95,193.93,137.83,142.35
188.31,98.16,221.61,158.10,168.80,187.44,135.50,127.50
192.00,86.00,223.20,148.40,172.00,174.00,140.80,111.60
193.29,83.26,228.06,144.11,180.68,171.18,145.91,110.34
193.29,87.26,228.98,149.72,184.83,174.95,149.14,112.49
192.95,86.09,232.87,149.29,191.18,175.62,151.26,112.41
191.92,87.56,237.76,148.68,199.20,177.60,153.36,116.48
195.01,89.81,246.49,148.16,210.64,179.79,159.16,121.45
199.00,94.00,254.50,149.50,220.50,183.50,165.00,128.00
197.67,100.39,258.75,151.30,226.87,189.56,165.79,138.66
207.99,107.71,266.87,161.24,232.03,199.57,173.14,146.04
203.05,115.29,271.94,156.11,244.84,201.83,175.96,161.01
210.40,120.20,280.80,155.40,256.40,204.20,186.00,169.00
217.05,124.13,288.31,155.80,265.88,206.28,194.62,174.61
209.70,137.07,282.77,163.64,262.94,218.16,189.88,191.59
203.07,151.02,275.38,167.70,261.94,225.91,189.64,209.22
207.60,144.37,279.37,163.10,264.45,220.29,192.68,201.57
210.70,134.62,281.33,150.92,268.23,207.67,197.61,191.37
202.43,129.48,273.63,145.92,260.42,203.17,189.21,186.74
191.40,126.89,263.85,140.47,252.85,199.16,180.39,185.57
214.87,117.68,269.60,151.56,233.05,210.60,178.32,176.72
192.27,121.65,263.42,135.88,251.31,196.46,180.15,182.23
213.35,120.41,268.35,153.41,231.91,214.15,176.91,181.15
214.05,122.12,267.40,159.24,225.64,219.27,172.28,182.15
175.00,135.00,248.00,135.00,248.00,200.00,175.00,200.00
170.00,143.00,245.00,143.00,245.00,209.00,170.00,209.00
208.00,133.00,262.56,173.92,217.32,234.24,162.76,193.32
183.79,127.09,259.56,132.31,254.79,201.50,179.02,196.28
207.50,114.50,280.77,129.15,266.69,199.54,193.42,184.88
222.58,107.66,280.12,148.42,235.37,211.60,177.83,170.83
210.32,99.32,269.18,139.26,224.94,204.46,166.08,164.52
206.24,83.81,267.21,123.68,224.30,189.31,163.33,149.44
199.71,64.72,263.54,103.47,221.00,173.53,157.17,134.78
179.32,54.79,244.03,93.62,203.18,161.71,138.47,122.88
159.44,48.26,225.91,88.15,184.09,157.85,117.62,117.97
154.61,37.91,223.60,76.71,182.53,149.73,113.54,110.93
163.00,34.16,232.11,75.19,190.87,144.64,121.76,103.61
166.17,42.88,236.13,84.42,194.96,153.76,125.00,112.22
200.72,54.15,210.28,135.38,122.84,145.67,113.29,64.44
131.68,55.74,210.01,93.56,173.57,169.03,95.24,131.22
128.88,67.88,214.30,100.20,183.20,182.40,97.78,150.08
158.63,74.69,232.82,122.39,184.83,197.04,110.64,149.34
172.36,76.86,242.31,133.69,186.61,202.25,116.66,145.41
181.00,79.00,246.50,144.50,186.00,205.00,120.50,139.50
178.50,76.50,245.50,143.50,186.50,202.50,119.50,135.50
180.50,73.50,250.00,143.00,194.50,198.50,125.00,129.00
193.50,70.50,264.50,141.50,209.00,197.00,138.00,126.00
200.59,62.83,275.23,132.14,218.28,193.47,143.64,124.16
201.26,60.37,276.20,132.43,218.42,192.52,143.48,120.46
189.92,62.44,274.24,125.68,224.08,192.56,139.76,129.32
196.79,61.87,274.78,134.66,217.88,195.62,139.89,122.83
199.17,57.91,279.37,131.42,223.62,192.23,143.42,118.72
198.75,54.15,281.10,129.18,226.12,189.53,143.77,114.50
192.81,51.56,275.23,127.88,219.69,187.86,137.27,111.55
185.34,46.60,273.41,120.76,217.71,186.91,129.64,112.75
194.00,45.00,277.50,128.50,216.50,189.50,133.00,106.00
196.00,48.00,277.50,129.50,217.00,190.00,135.50,108.50
190.54,51.29,276.51,128.66,218.58,193.02,132.61,115.65
204.15,57.58,277.85,151.12,207.44,206.59,133.74,113.05
198.94,62.30,285.81,141.50,226.53,206.51,139.66,127.31
208.50,61.50,293.00,146.00,232.50,206.50,148.00,122.00
217.98,50.94,291.07,151.75,217.13,205.35,144.04,104.54
207.16,45.14,297.31,126.71,239.17,190.97,149.02,109.40
207.21,35.60,310.01,100.64,266.33,169.68,163.53,104.64
219.77,32.43,316.04,109.01,260.42,178.93,164.15,102.35
213.35,34.23,306.41,119.02,244.17,187.33,151.11,102.54
198.36,36.28,296.64,114.09,242.03,183.07,143.75,105.26
208.99,36.17,308.28,118.19,250.28,188.40,150.99,106.38
210.75,40.88,312.59,115.56,258.00,190.00,156.16,115.32
216.04,48.54,314.08,134.58,250.87,206.62,152.82,120.58
210.81,56.63,307.65,143.37,241.46,217.25,144.63,130.50
189.93,63.54,303.96,130.06,259.39,206.48,145.36,139.96
193.47,67.26,309.66,130.97,267.15,208.50,150.96,144.78
200.78,73.53,318.49,135.85,275.49,217.08,157.77,154.76
218.69,73.46,328.77,146.85,278.46,222.31,168.38,148.92
216.75,72.36,318.25,152.86,259.12,227.41,157.62,146.91
192.69,81.46,302.77,154.85,249.38,234.92,139.31,161.54
207.49,80.92,310.61,159.04,251.96,236.45,148.84,158.33
217.98,72.05,324.20,146.63,266.90,228.23,160.69,153.65
229.37,61.29,328.02,140.22,265.00,219.00,166.34,140.07
217.56,52.61,321.26,133.77,258.30,214.23,154.59,133.07
207.89,54.36,310.81,138.57,246.29,217.42,143.37,133.21
209.23,57.85,312.38,138.08,244.86,224.89,141.71,144.66
219.25,59.41,327.89,140.02,266.15,223.24,157.50,142.63
241.00,56.00,330.50,145.50,250.00,226.00,160.50,136.50
226.65,54.63,335.19,133.95,270.64,222.28,162.11,142.96
232.51,53.58,334.79,141.25,258.62,230.11,156.34,142.44
223.88,57.15,329.29,137.12,259.57,229.02,154.16,149.06
222.25,57.95,327.51,149.18,252.25,236.02,146.98,144.79
209.72,64.63,317.87,149.62,247.22,239.53,139.07,154.55
206.08,66.20,313.72,148.72,244.48,239.03,136.84,156.51
200.37,65.82,308.64,148.82,238.99,239.66,130.73,156.66
196.24,70.68,303.92,151.44,235.28,242.96,127.60,162.20
195.50,75.50,307.50,155.50,241.55,247.82,129.55,167.82
199.71,74.31,307.24,156.53,237.61,247.59,130.08,165.36
191.11,73.02,304.92,153.36,240.49,244.64,126.67,164.30
195.59,70.86,306.72,160.82,238.93,244.56,127.80,154.60
199.12,68.84,309.36,151.52,241.44,242.08,131.20,159.40
206.11,65.95,323.85,152.29,260.49,238.69,142.75,152.35
214.36,65.30,323.70,157.01,251.48,243.12,142.14,151.41
204.46,67.64,320.54,152.47,253.99,243.53,137.91,158.70
205.36,64.12,311.23,142.54,239.66,239.16,133.79,160.73
200.14,63.41,317.36,138.43,254.74,236.28,137.52,161.25
203.73,61.91,310.58,141.06,235.35,242.63,128.50,163.48
199.68,61.76,309.12,143.84,235.08,242.56,125.64,160.48
194.26,59.38,305.78,135.21,235.81,238.11,124.29,162.28
197.74,58.36,309.42,137.46,236.92,239.82,125.24,160.71
185.19,63.05,311.96,131.57,253.52,239.69,126.75,171.16
187.69,64.92,308.56,135.10,246.05,242.74,125.19,172.56
179.71,70.75,307.94,136.94,251.80,245.70,123.57,179.52
193.34,72.53,309.22,155.30,234.28,260.20,118.41,177.43
193.30,74.03,315.11,156.68,248.78,254.42,126.98,171.77
184.89,77.21,311.35,146.19,253.61,252.06,127.14,183.08
196.77,74.67,305.66,153.68,229.78,258.27,120.88,179.27
186.08,77.26,307.07,144.48,245.42,255.45,124.42,188.24
