1
524.00,58.00,549.00,58.00,549.00,81.00,524.00,81.00
523.00,65.00,548.00,65.00,548.00,90.00,523.00,90.00
519.00,80.00,546.00,80.00,546.00,105.00,519.00,105.00
521.00,92.00,544.00,92.00,544.00,113.00,521.00,113.00
518.00,103.00,544.00,103.00,544.00,129.00,518.00,129.00
517.00,117.00,539.00,117.00,539.00,138.00,517.00,138.00
515.00,126.00,536.00,126.00,536.00,150.00,515.00,150.00
506.00,138.00,532.00,138.00,532.00,164.00,506.00,164.00
507.00,153.00,535.00,153.00,535.00,179.00,507.00,179.00
516.00,163.00,542.00,163.00,542.00,191.00,516.00,191.00
527.00,170.00,552.00,170.00,552.00,193.00,527.00,193.00
537.00,174.00,563.00,174.00,563.00,200.00,537.00,200.00
550.00,183.00,576.00,183.00,576.00,209.00,550.00,209.00
556.00,189.00,582.00,189.00,582.00,215.00,556.00,215.00
2
0
0
0
0
1
607.00,262.00,624.00,262.00,624.00,279.00,607.00,279.00
609.00,266.00,627.00,266.00,627.00,283.00,609.00,283.00
613.00,262.00,631.00,262.00,631.00,279.00,613.00,279.00
616.00,263.00,635.00,263.00,635.00,282.00,616.00,282.00
620.00,263.00,639.00,263.00,639.00,280.00,620.00,280.00
622.00,264.00,642.00,264.00,642.00,282.00,622.00,282.00
627.00,264.00,645.00,264.00,645.00,282.00,627.00,282.00
632.00,268.00,651.00,268.00,651.00,287.00,632.00,287.00
632.00,270.00,651.00,270.00,651.00,289.00,632.00,289.00
635.00,269.00,655.00,269.00,655.00,286.00,635.00,286.00
639.00,269.00,658.00,269.00,658.00,287.00,639.00,287.00
639.00,266.00,656.00,266.00,656.00,284.00,639.00,284.00
641.00,266.00,659.00,266.00,659.00,286.00,641.00,286.00
641.00,266.00,658.00,266.00,658.00,285.00,641.00,285.00
642.00,271.00,660.00,271.00,660.00,290.00,642.00,290.00
644.00,272.00,660.00,272.00,660.00,291.00,644.00,291.00
644.00,276.00,660.00,276.00,660.00,293.00,644.00,293.00
648.00,275.00,666.00,275.00,666.00,292.00,648.00,292.00
649.00,275.00,666.00,275.00,666.00,293.00,649.00,293.00
650.00,275.00,668.00,275.00,668.00,294.00,650.00,294.00
