1
166.00,66.00,259.00,66.00,259.00,130.00,166.00,130.00
133.00,92.00,219.00,92.00,219.00,153.00,133.00,153.00
102.00,101.00,190.00,101.00,190.00,165.00,102.00,165.00
70.00,101.00,159.00,101.00,159.00,166.00,70.00,166.00
55.00,112.00,143.00,112.00,143.00,176.00,55.00,176.00
55.00,122.00,144.00,122.00,144.00,187.00,55.00,187.00
58.00,131.00,148.00,131.00,148.00,197.00,58.00,197.00
64.00,145.00,155.00,145.00,155.00,211.00,64.00,211.00
107.00,153.00,191.00,153.00,191.00,217.00,107.00,217.00
133.00,143.00,222.00,143.00,222.00,208.00,133.00,208.00
165.00,128.00,257.00,128.00,257.00,195.00,165.00,195.00
210.00,125.00,291.00,125.00,291.00,194.00,210.00,194.00
243.00,129.00,319.00,129.00,319.00,200.00,243.00,200.00
262.00,132.00,348.00,132.00,348.00,201.00,262.00,201.00
286.00,138.00,380.00,138.00,380.00,204.00,286.00,204.00
300.00,137.00,401.00,137.00,401.00,204.00,300.00,204.00
298.00,140.00,391.00,140.00,391.00,210.00,298.00,210.00
307.00,136.00,390.00,136.00,390.00,214.00,307.00,214.00
328.00,144.00,415.00,144.00,415.00,223.00,328.00,223.00
356.00,157.00,450.00,157.00,450.00,231.00,356.00,231.00
368.00,162.00,462.00,162.00,462.00,238.00,368.00,238.00
375.00,178.00,460.00,178.00,460.00,248.00,375.00,248.00
378.00,182.00,458.00,182.00,458.00,252.00,378.00,252.00
382.00,182.00,460.00,182.00,460.00,249.00,382.00,249.00
375.00,165.00,449.00,165.00,449.00,232.00,375.00,232.00
353.00,143.00,425.00,143.00,425.00,212.00,353.00,212.00
325.00,130.00,399.00,130.00,399.00,194.00,325.00,194.00
292.00,128.00,364.00,128.00,364.00,187.00,292.00,187.00
274.00,140.00,350.00,140.00,350.00,197.00,274.00,197.00
265.00,142.00,346.00,142.00,346.00,200.00,265.00,200.00
261.00,151.00,339.00,151.00,339.00,205.00,261.00,205.00
241.00,150.00,320.00,150.00,320.00,204.00,241.00,204.00
223.00,154.00,300.00,154.00,300.00,209.00,223.00,209.00
209.00,149.00,284.00,149.00,284.00,203.00,209.00,203.00
192.00,141.00,266.00,141.00,266.00,200.00,192.00,200.00
177.00,136.00,247.00,136.00,247.00,199.00,177.00,199.00
162.00,135.00,235.00,135.00,235.00,195.00,162.00,195.00
159.00,136.00,231.00,136.00,231.00,196.00,159.00,196.00
161.00,135.00,236.00,135.00,236.00,194.00,161.00,194.00
172.00,127.00,248.00,127.00,248.00,181.00,172.00,181.00
187.00,130.00,254.00,130.00,254.00,179.00,187.00,179.00
186.00,140.00,256.00,140.00,256.00,187.00,186.00,187.00
193.00,143.00,266.00,143.00,266.00,193.00,193.00,193.00
211.00,138.00,282.00,138.00,282.00,189.00,211.00,189.00
231.00,143.00,300.00,143.00,300.00,189.00,231.00,189.00
254.00,143.00,318.00,143.00,318.00,193.00,254.00,193.00
275.00,144.00,336.00,144.00,336.00,197.00,275.00,197.00
294.00,145.00,353.00,145.00,353.00,199.00,294.00,199.00
302.00,149.00,362.00,149.00,362.00,197.00,302.00,197.00
303.00,148.00,365.00,148.00,365.00,194.00,303.00,194.00
305.00,148.00,368.00,148.00,368.00,197.00,305.00,197.00
316.00,141.00,374.00,141.00,374.00,192.00,316.00,192.00
317.00,142.00,395.00,142.00,395.00,200.00,317.00,200.00
314.00,158.00,392.00,158.00,392.00,216.00,314.00,216.00
325.00,164.00,403.00,164.00,403.00,222.00,325.00,222.00
332.00,166.00,411.00,166.00,411.00,225.00,332.00,225.00
340.00,170.00,422.00,170.00,422.00,231.00,340.00,231.00
331.00,159.00,415.00,159.00,415.00,222.00,331.00,222.00
322.00,142.00,405.00,142.00,405.00,204.00,322.00,204.00
311.00,142.00,394.00,142.00,394.00,204.00,311.00,204.00
321.00,135.00,405.00,135.00,405.00,198.00,321.00,198.00
323.00,128.00,407.00,128.00,407.00,191.00,323.00,191.00
302.00,141.00,385.00,141.00,385.00,203.00,302.00,203.00
294.00,150.00,377.00,150.00,377.00,212.00,294.00,212.00
286.00,145.00,369.00,145.00,369.00,207.00,286.00,207.00
291.00,125.00,374.00,125.00,374.00,187.00,291.00,187.00
307.00,125.00,390.00,125.00,390.00,187.00,307.00,187.00
312.00,141.00,396.00,141.00,396.00,203.00,312.00,203.00
283.00,131.00,366.00,131.00,366.00,192.00,283.00,192.00
295.00,151.00,377.00,151.00,377.00,211.00,295.00,211.00
285.00,129.00,367.00,129.00,367.00,189.00,285.00,189.00
287.00,127.00,369.00,127.00,369.00,187.00,287.00,187.00
276.00,123.00,358.00,123.00,358.00,183.00,276.00,183.00
339.00,124.00,421.00,124.00,421.00,184.00,339.00,184.00
292.00,122.00,373.00,122.00,373.00,181.00,292.00,181.00
291.00,129.00,372.00,129.00,372.00,188.00,291.00,188.00
300.00,136.00,381.00,136.00,381.00,195.00,300.00,195.00
282.00,145.00,362.00,145.00,362.00,204.00,282.00,204.00
290.00,174.00,369.00,174.00,369.00,232.00,290.00,232.00
280.00,169.00,343.00,169.00,343.00,226.00,280.00,226.00
256.00,170.00,321.00,170.00,321.00,225.00,256.00,225.00
236.00,173.00,301.00,173.00,301.00,227.00,236.00,227.00
222.00,170.00,287.00,170.00,287.00,222.00,222.00,222.00
217.00,166.00,282.00,166.00,282.00,217.00,217.00,217.00
223.00,165.00,287.00,165.00,287.00,214.00,223.00,214.00
235.00,160.00,297.00,160.00,297.00,212.00,235.00,212.00
250.00,151.00,315.00,151.00,315.00,201.00,250.00,201.00
268.00,157.00,332.00,157.00,332.00,202.00,268.00,202.00
285.00,164.00,346.00,164.00,346.00,213.00,285.00,213.00
305.00,169.00,365.00,169.00,365.00,218.00,305.00,218.00
317.00,166.00,373.00,166.00,373.00,218.00,317.00,218.00
330.00,163.00,388.00,163.00,388.00,213.00,330.00,213.00
337.00,157.00,398.00,157.00,398.00,200.00,337.00,200.00
337.00,159.00,396.00,159.00,396.00,203.00,337.00,203.00
341.00,156.00,397.00,156.00,397.00,206.00,341.00,206.00
360.00,168.00,413.00,168.00,413.00,219.00,360.00,219.00
358.00,168.00,430.00,168.00,430.00,221.00,358.00,221.00
357.00,174.00,430.00,174.00,430.00,228.00,357.00,228.00
371.00,164.00,444.00,164.00,444.00,218.00,371.00,218.00
386.00,184.00,439.00,184.00,439.00,236.00,386.00,236.00
365.00,176.00,423.00,176.00,423.00,231.00,365.00,231.00
352.00,177.00,408.00,177.00,408.00,234.00,352.00,234.00
333.00,180.00,404.00,180.00,404.00,233.00,333.00,233.00
2
0
0
0
0
1
167.00,201.00,209.00,201.00,209.00,263.00,167.00,263.00
169.00,206.00,214.00,206.00,214.00,267.00,169.00,267.00
183.00,208.00,230.00,208.00,230.00,272.00,183.00,272.00
211.00,213.00,250.00,213.00,250.00,271.00,211.00,271.00
230.00,216.00,277.00,216.00,277.00,283.00,230.00,283.00
246.00,219.00,291.00,219.00,291.00,289.00,246.00,289.00
274.00,217.00,319.00,217.00,319.00,287.00,274.00,287.00
307.00,227.00,347.00,227.00,347.00,286.00,307.00,286.00
335.00,222.00,375.00,222.00,375.00,281.00,335.00,281.00
339.00,213.00,379.00,213.00,379.00,272.00,339.00,272.00
323.00,211.00,365.00,211.00,365.00,281.00,323.00,281.00
316.00,224.00,356.00,224.00,356.00,284.00,316.00,284.00
318.00,227.00,357.00,227.00,357.00,286.00,318.00,286.00
345.00,205.00,383.00,205.00,383.00,263.00,345.00,263.00
324.00,184.00,362.00,184.00,362.00,242.00,324.00,242.00
344.00,182.00,382.00,182.00,382.00,240.00,344.00,240.00
350.00,182.00,388.00,182.00,388.00,239.00,350.00,239.00
343.00,193.00,381.00,193.00,381.00,250.00,343.00,250.00
327.00,201.00,365.00,201.00,365.00,258.00,327.00,258.00
321.00,199.00,359.00,199.00,359.00,256.00,321.00,256.00
311.00,198.00,349.00,198.00,349.00,255.00,311.00,255.00
2
0
0
0
0
1
303.00,185.00,375.00,185.00,375.00,269.00,303.00,269.00
301.00,185.00,373.00,185.00,373.00,266.00,301.00,266.00
296.00,184.00,366.00,184.00,366.00,264.00,296.00,264.00
295.00,180.00,358.00,180.00,358.00,256.00,295.00,256.00
280.00,172.00,347.00,172.00,347.00,244.00,280.00,244.00
275.00,166.00,338.00,166.00,338.00,236.00,275.00,236.00
268.00,162.00,330.00,162.00,330.00,231.00,268.00,231.00
265.00,155.00,328.00,155.00,328.00,225.00,265.00,225.00
239.00,139.00,309.00,139.00,309.00,220.00,239.00,220.00
232.00,136.00,303.00,136.00,303.00,218.00,232.00,218.00
233.00,134.00,304.00,134.00,304.00,215.00,233.00,215.00
229.00,132.00,300.00,132.00,300.00,213.00,229.00,213.00
250.00,142.00,320.00,142.00,320.00,221.00,250.00,221.00
276.00,153.00,346.00,153.00,346.00,232.00,276.00,232.00
249.00,148.00,318.00,148.00,318.00,226.00,249.00,226.00
249.00,150.00,318.00,150.00,318.00,227.00,249.00,227.00
245.00,147.00,314.00,147.00,314.00,224.00,245.00,224.00
243.00,139.00,313.00,139.00,313.00,217.00,243.00,217.00
238.00,137.00,308.00,137.00,308.00,215.00,238.00,215.00
2
0
0
0
0
1
379.00,169.00,440.00,169.00,440.00,217.00,379.00,217.00
369.00,186.00,439.00,186.00,439.00,238.00,369.00,238.00
365.00,179.00,433.00,179.00,433.00,233.00,365.00,233.00
369.00,174.00,437.00,174.00,437.00,230.00,369.00,230.00
363.00,170.00,434.00,170.00,434.00,226.00,363.00,226.00
357.00,170.00,427.00,170.00,427.00,225.00,357.00,225.00
360.00,169.00,437.00,169.00,437.00,228.00,360.00,228.00
367.00,167.00,448.00,167.00,448.00,228.00,367.00,228.00
374.00,169.00,449.00,169.00,449.00,229.00,374.00,229.00
367.00,170.00,438.00,170.00,438.00,224.00,367.00,224.00
362.00,158.00,428.00,158.00,428.00,215.00,362.00,215.00
389.00,169.00,459.00,169.00,459.00,227.00,389.00,227.00
389.00,199.00,458.00,199.00,458.00,250.00,389.00,250.00
