1
72.00,126.00,106.00,126.00,106.00,150.00,72.00,150.00
74.00,127.00,106.00,127.00,106.00,151.00,74.00,151.00
75.00,128.00,107.00,128.00,107.00,150.00,75.00,150.00
75.00,126.00,109.00,126.00,109.00,150.00,75.00,150.00
75.00,126.00,109.00,126.00,109.00,150.00,75.00,150.00
77.00,126.00,110.00,126.00,110.00,149.00,77.00,149.00
77.00,126.00,110.00,126.00,110.00,149.00,77.00,149.00
77.00,127.00,112.00,127.00,112.00,149.00,77.00,149.00
78.00,127.00,112.00,127.00,112.00,149.00,78.00,149.00
78.00,126.00,112.00,126.00,112.00,148.00,78.00,148.00
79.00,126.00,112.00,126.00,112.00,148.00,79.00,148.00
80.00,126.00,114.00,126.00,114.00,148.00,80.00,148.00
81.00,126.00,114.00,126.00,114.00,149.00,81.00,149.00
82.00,125.00,114.00,125.00,114.00,147.00,82.00,147.00
81.00,124.00,117.00,124.00,117.00,146.00,81.00,146.00
83.00,124.00,115.00,124.00,115.00,146.00,83.00,146.00
82.00,124.00,116.00,124.00,116.00,146.00,82.00,146.00
83.00,124.00,116.00,124.00,116.00,147.00,83.00,147.00
84.00,124.00,116.00,124.00,116.00,146.00,84.00,146.00
83.00,124.00,118.00,124.00,118.00,146.00,83.00,146.00
84.00,124.00,117.00,124.00,117.00,147.00,84.00,147.00
85.00,123.00,119.00,123.00,119.00,146.00,85.00,146.00
86.00,123.00,120.00,123.00,120.00,146.00,86.00,146.00
86.00,124.00,120.00,124.00,120.00,147.00,86.00,147.00
87.00,124.00,121.00,124.00,121.00,147.00,87.00,147.00
87.00,124.00,120.00,124.00,120.00,147.00,87.00,147.00
88.00,124.00,120.00,124.00,120.00,147.00,88.00,147.00
89.00,125.00,121.00,125.00,121.00,147.00,89.00,147.00
89.00,125.00,122.00,125.00,122.00,147.00,89.00,147.00
90.00,125.00,122.00,125.00,122.00,147.00,90.00,147.00
89.00,125.00,122.00,125.00,122.00,147.00,89.00,147.00
90.00,125.00,122.00,125.00,122.00,146.00,90.00,146.00
90.00,125.00,123.00,125.00,123.00,146.00,90.00,146.00
89.00,125.00,123.00,125.00,123.00,146.00,89.00,146.00
90.00,125.00,124.00,125.00,124.00,146.00,90.00,146.00
90.00,125.00,123.00,125.00,123.00,146.00,90.00,146.00
90.00,126.00,124.00,126.00,124.00,146.00,90.00,146.00
91.00,126.00,124.00,126.00,124.00,147.00,91.00,147.00
91.00,127.00,125.00,127.00,125.00,147.00,91.00,147.00
92.00,127.00,125.00,127.00,125.00,148.00,92.00,148.00
91.00,127.00,124.00,127.00,124.00,148.00,91.00,148.00
92.00,128.00,125.00,128.00,125.00,148.00,92.00,148.00
92.00,128.00,125.00,128.00,125.00,148.00,92.00,148.00
93.00,129.00,126.00,129.00,126.00,149.00,93.00,149.00
93.00,129.00,127.00,129.00,127.00,150.00,93.00,150.00
93.00,130.00,126.00,130.00,126.00,150.00,93.00,150.00
92.00,130.00,126.00,130.00,126.00,151.00,92.00,151.00
93.00,130.00,125.00,130.00,125.00,151.00,93.00,151.00
94.00,130.00,127.00,130.00,127.00,151.00,94.00,151.00
94.00,131.00,127.00,131.00,127.00,151.00,94.00,151.00
94.00,131.00,126.00,131.00,126.00,151.00,94.00,151.00
94.00,131.00,128.00,131.00,128.00,152.00,94.00,152.00
94.00,130.00,128.00,130.00,128.00,151.00,94.00,151.00
95.00,129.00,129.00,129.00,129.00,151.00,95.00,151.00
94.00,131.00,128.00,131.00,128.00,151.00,94.00,151.00
96.00,130.00,129.00,130.00,129.00,150.00,96.00,150.00
96.00,130.00,130.00,130.00,130.00,150.00,96.00,150.00
97.00,130.00,132.00,130.00,132.00,149.00,97.00,149.00
97.00,130.00,130.00,130.00,130.00,149.00,97.00,149.00
97.00,130.00,131.00,130.00,131.00,149.00,97.00,149.00
99.00,130.00,131.00,130.00,131.00,149.00,99.00,149.00
98.00,130.00,130.00,130.00,130.00,149.00,98.00,149.00
98.00,129.00,131.00,129.00,131.00,148.00,98.00,148.00
98.00,129.00,131.00,129.00,131.00,149.00,98.00,149.00
99.00,129.00,133.00,129.00,133.00,149.00,99.00,149.00
99.00,128.00,133.00,128.00,133.00,149.00,99.00,149.00
98.00,129.00,133.00,129.00,133.00,149.00,98.00,149.00
98.00,128.00,133.00,128.00,133.00,148.00,98.00,148.00
99.00,129.00,134.00,129.00,134.00,148.00,99.00,148.00
100.00,129.00,134.00,129.00,134.00,150.00,100.00,150.00
100.00,129.00,136.00,129.00,136.00,149.00,100.00,149.00
100.00,128.00,135.00,128.00,135.00,149.00,100.00,149.00
100.00,129.00,134.00,129.00,134.00,149.00,100.00,149.00
101.00,128.00,135.00,128.00,135.00,149.00,101.00,149.00
101.00,129.00,135.00,129.00,135.00,149.00,101.00,149.00
101.00,129.00,136.00,129.00,136.00,149.00,101.00,149.00
101.00,129.00,135.00,129.00,135.00,149.00,101.00,149.00
101.00,129.00,136.00,129.00,136.00,149.00,101.00,149.00
101.00,129.00,136.00,129.00,136.00,149.00,101.00,149.00
100.00,129.00,136.00,129.00,136.00,148.00,100.00,148.00
101.00,128.00,136.00,128.00,136.00,148.00,101.00,148.00
102.00,128.00,136.00,128.00,136.00,149.00,102.00,149.00
101.00,128.00,136.00,128.00,136.00,149.00,101.00,149.00
101.00,128.00,136.00,128.00,136.00,149.00,101.00,149.00
101.00,128.00,137.00,128.00,137.00,149.00,101.00,149.00
102.00,128.00,137.00,128.00,137.00,149.00,102.00,149.00
101.00,128.00,137.00,128.00,137.00,149.00,101.00,149.00
102.00,128.00,138.00,128.00,138.00,149.00,102.00,149.00
102.00,129.00,138.00,129.00,138.00,149.00,102.00,149.00
101.00,127.00,137.00,127.00,137.00,149.00,101.00,149.00
101.00,128.00,138.00,128.00,138.00,149.00,101.00,149.00
102.00,127.00,137.00,127.00,137.00,149.00,102.00,149.00
101.00,127.00,137.00,127.00,137.00,149.00,101.00,149.00
102.00,127.00,139.00,127.00,139.00,148.00,102.00,148.00
102.00,127.00,138.00,127.00,138.00,148.00,102.00,148.00
101.00,127.00,137.00,127.00,137.00,148.00,101.00,148.00
102.00,127.00,139.00,127.00,139.00,148.00,102.00,148.00
101.00,128.00,139.00,128.00,139.00,149.00,101.00,149.00
102.00,127.00,139.00,127.00,139.00,149.00,102.00,149.00
101.00,128.00,139.00,128.00,139.00,149.00,101.00,149.00
101.00,128.00,140.00,128.00,140.00,148.00,101.00,148.00
102.00,128.00,140.00,128.00,140.00,149.00,102.00,149.00
102.00,127.00,141.00,127.00,141.00,148.00,102.00,148.00
101.00,127.00,140.00,127.00,140.00,148.00,101.00,148.00
102.00,128.00,139.00,128.00,139.00,149.00,102.00,149.00
103.00,128.00,140.00,128.00,140.00,149.00,103.00,149.00
103.00,128.00,140.00,128.00,140.00,148.00,103.00,148.00
103.00,127.00,140.00,127.00,140.00,148.00,103.00,148.00
103.00,128.00,140.00,128.00,140.00,149.00,103.00,149.00
102.00,127.00,139.00,127.00,139.00,148.00,102.00,148.00
103.00,127.00,138.00,127.00,138.00,148.00,103.00,148.00
103.00,128.00,139.00,128.00,139.00,148.00,103.00,148.00
102.00,127.00,138.00,127.00,138.00,148.00,102.00,148.00
103.00,127.00,140.00,127.00,140.00,148.00,103.00,148.00
103.00,127.00,139.00,127.00,139.00,148.00,103.00,148.00
103.00,125.00,139.00,125.00,139.00,148.00,103.00,148.00
103.00,126.00,139.00,126.00,139.00,148.00,103.00,148.00
103.00,127.00,139.00,127.00,139.00,147.00,103.00,147.00
102.00,126.00,139.00,126.00,139.00,147.00,102.00,147.00
103.00,126.00,140.00,126.00,140.00,147.00,103.00,147.00
102.00,126.00,139.00,126.00,139.00,147.00,102.00,147.00
103.00,125.00,140.00,125.00,140.00,147.00,103.00,147.00
103.00,126.00,140.00,126.00,140.00,146.00,103.00,146.00
103.00,125.00,140.00,125.00,140.00,146.00,103.00,146.00
104.00,126.00,140.00,126.00,140.00,147.00,104.00,147.00
103.00,125.00,141.00,125.00,141.00,147.00,103.00,147.00
103.00,125.00,141.00,125.00,141.00,146.00,103.00,146.00
104.00,125.00,140.00,125.00,140.00,147.00,104.00,147.00
103.00,126.00,139.00,126.00,139.00,147.00,103.00,147.00
102.00,126.00,140.00,126.00,140.00,146.00,102.00,146.00
103.00,126.00,139.00,126.00,139.00,147.00,103.00,147.00
103.00,126.00,140.00,126.00,140.00,147.00,103.00,147.00
102.00,126.00,141.00,126.00,141.00,148.00,102.00,148.00
103.00,126.00,142.00,126.00,142.00,147.00,103.00,147.00
103.00,126.00,140.00,126.00,140.00,147.00,103.00,147.00
102.00,126.00,140.00,126.00,140.00,148.00,102.00,148.00
104.00,126.00,141.00,126.00,141.00,147.00,104.00,147.00
103.00,125.00,142.00,125.00,142.00,147.00,103.00,147.00
103.00,125.00,140.00,125.00,140.00,147.00,103.00,147.00
103.00,125.00,141.00,125.00,141.00,147.00,103.00,147.00
103.00,126.00,140.00,126.00,140.00,147.00,103.00,147.00
103.00,125.00,140.00,125.00,140.00,146.00,103.00,146.00
102.00,125.00,139.00,125.00,139.00,146.00,102.00,146.00
103.00,125.00,139.00,125.00,139.00,147.00,103.00,147.00
102.00,125.00,139.00,125.00,139.00,147.00,102.00,147.00
102.00,125.00,140.00,125.00,140.00,147.00,102.00,147.00
103.00,125.00,140.00,125.00,140.00,147.00,103.00,147.00
103.00,125.00,140.00,125.00,140.00,147.00,103.00,147.00
102.00,124.00,140.00,124.00,140.00,147.00,102.00,147.00
102.00,124.00,140.00,124.00,140.00,147.00,102.00,147.00
103.00,125.00,139.00,125.00,139.00,146.00,103.00,146.00
102.00,125.00,139.00,125.00,139.00,147.00,102.00,147.00
102.00,125.00,139.00,125.00,139.00,147.00,102.00,147.00
102.00,125.00,139.00,125.00,139.00,146.00,102.00,146.00
103.00,125.00,139.00,125.00,139.00,147.00,103.00,147.00
103.00,126.00,139.00,126.00,139.00,147.00,103.00,147.00
103.00,125.00,139.00,125.00,139.00,147.00,103.00,147.00
103.00,125.00,140.00,125.00,140.00,147.00,103.00,147.00
103.00,126.00,140.00,126.00,140.00,147.00,103.00,147.00
103.00,126.00,139.00,126.00,139.00,147.00,103.00,147.00
103.00,126.00,138.00,126.00,138.00,147.00,103.00,147.00
103.00,125.00,140.00,125.00,140.00,147.00,103.00,147.00
104.00,126.00,141.00,126.00,141.00,147.00,104.00,147.00
103.00,126.00,139.00,126.00,139.00,146.00,103.00,146.00
103.00,126.00,140.00,126.00,140.00,147.00,103.00,147.00
103.00,126.00,139.00,126.00,139.00,148.00,103.00,148.00
104.00,127.00,139.00,127.00,139.00,148.00,104.00,148.00
104.00,126.00,139.00,126.00,139.00,148.00,104.00,148.00
104.00,126.00,140.00,126.00,140.00,147.00,104.00,147.00
104.00,126.00,140.00,126.00,140.00,148.00,104.00,148.00
103.00,126.00,140.00,126.00,140.00,147.00,103.00,147.00
103.00,125.00,140.00,125.00,140.00,148.00,103.00,148.00
102.00,126.00,139.00,126.00,139.00,147.00,102.00,147.00
104.00,125.00,139.00,125.00,139.00,147.00,104.00,147.00
103.00,126.00,140.00,126.00,140.00,147.00,103.00,147.00
102.00,125.00,140.00,125.00,140.00,147.00,102.00,147.00
103.00,126.00,140.00,126.00,140.00,147.00,103.00,147.00
103.00,125.00,139.00,125.00,139.00,147.00,103.00,147.00
104.00,126.00,142.00,126.00,142.00,147.00,104.00,147.00
103.00,126.00,141.00,126.00,141.00,148.00,103.00,148.00
104.00,126.00,140.00,126.00,140.00,147.00,104.00,147.00
103.00,126.00,141.00,126.00,141.00,147.00,103.00,147.00
103.00,126.00,141.00,126.00,141.00,148.00,103.00,148.00
104.00,126.00,141.00,126.00,141.00,147.00,104.00,147.00
104.00,127.00,142.00,127.00,142.00,147.00,104.00,147.00
102.00,127.00,142.00,127.00,142.00,147.00,102.00,147.00
103.00,127.00,142.00,127.00,142.00,148.00,103.00,148.00
104.00,127.00,142.00,127.00,142.00,148.00,104.00,148.00
103.00,127.00,142.00,127.00,142.00,148.00,103.00,148.00
103.00,127.00,143.00,127.00,143.00,148.00,103.00,148.00
103.00,127.00,143.00,127.00,143.00,148.00,103.00,148.00
103.00,127.00,142.00,127.00,142.00,148.00,103.00,148.00
103.00,127.00,142.00,127.00,142.00,148.00,103.00,148.00
104.00,127.00,142.00,127.00,142.00,148.00,104.00,148.00
104.00,127.00,142.00,127.00,142.00,147.00,104.00,147.00
105.00,127.00,143.00,127.00,143.00,148.00,105.00,148.00
103.00,126.00,144.00,126.00,144.00,147.00,103.00,147.00
104.00,126.00,144.00,126.00,144.00,146.00,104.00,146.00
105.00,126.00,144.00,126.00,144.00,146.00,105.00,146.00
105.00,126.00,144.00,126.00,144.00,147.00,105.00,147.00
106.00,127.00,144.00,127.00,144.00,147.00,106.00,147.00
106.00,126.00,145.00,126.00,145.00,147.00,106.00,147.00
106.00,126.00,145.00,126.00,145.00,146.00,106.00,146.00
106.00,127.00,145.00,127.00,145.00,147.00,106.00,147.00
107.00,126.00,146.00,126.00,146.00,146.00,107.00,146.00
105.00,125.00,145.00,125.00,145.00,146.00,105.00,146.00
105.00,126.00,146.00,126.00,146.00,146.00,105.00,146.00
107.00,126.00,145.00,126.00,145.00,147.00,107.00,147.00
105.00,126.00,145.00,126.00,145.00,147.00,105.00,147.00
107.00,127.00,145.00,127.00,145.00,147.00,107.00,147.00
106.00,127.00,146.00,127.00,146.00,147.00,106.00,147.00
107.00,127.00,146.00,127.00,146.00,147.00,107.00,147.00
106.00,127.00,145.00,127.00,145.00,147.00,106.00,147.00
106.00,127.00,146.00,127.00,146.00,147.00,106.00,147.00
107.00,127.00,148.00,127.00,148.00,147.00,107.00,147.00
108.00,128.00,146.00,128.00,146.00,148.00,108.00,148.00
108.00,128.00,148.00,128.00,148.00,148.00,108.00,148.00
106.00,127.00,147.00,127.00,147.00,148.00,106.00,148.00
108.00,128.00,148.00,128.00,148.00,147.00,108.00,147.00
108.00,128.00,148.00,128.00,148.00,148.00,108.00,148.00
108.00,128.00,148.00,128.00,148.00,148.00,108.00,148.00
107.00,127.00,148.00,127.00,148.00,147.00,107.00,147.00
105.00,127.00,148.00,127.00,148.00,147.00,105.00,147.00
107.00,128.00,148.00,128.00,148.00,148.00,107.00,148.00
108.00,127.00,149.00,127.00,149.00,147.00,108.00,147.00
109.00,128.00,150.00,128.00,150.00,147.00,109.00,147.00
109.00,127.00,150.00,127.00,150.00,146.00,109.00,146.00
109.00,126.00,151.00,126.00,151.00,146.00,109.00,146.00
108.00,127.00,149.00,127.00,149.00,146.00,108.00,146.00
108.00,126.00,150.00,126.00,150.00,145.00,108.00,145.00
111.00,127.00,151.00,127.00,151.00,146.00,111.00,146.00
111.00,126.00,152.00,126.00,152.00,145.00,111.00,145.00
110.00,127.00,152.00,127.00,152.00,146.00,110.00,146.00
111.00,126.00,155.00,126.00,155.00,146.00,111.00,146.00
112.00,127.00,153.00,127.00,153.00,146.00,112.00,146.00
110.00,127.00,152.00,127.00,152.00,146.00,110.00,146.00
113.00,127.00,152.00,127.00,152.00,145.00,113.00,145.00
112.00,127.00,152.00,127.00,152.00,145.00,112.00,145.00
113.00,127.00,153.00,127.00,153.00,145.00,113.00,145.00
114.00,128.00,154.00,128.00,154.00,146.00,114.00,146.00
113.00,128.00,153.00,128.00,153.00,146.00,113.00,146.00
115.00,128.00,154.00,128.00,154.00,146.00,115.00,146.00
114.00,128.00,154.00,128.00,154.00,146.00,114.00,146.00
113.00,128.00,154.00,128.00,154.00,146.00,113.00,146.00
114.00,129.00,154.00,129.00,154.00,147.00,114.00,147.00
115.00,129.00,155.00,129.00,155.00,147.00,115.00,147.00
115.00,128.00,156.00,128.00,156.00,146.00,115.00,146.00
116.00,129.00,156.00,129.00,156.00,146.00,116.00,146.00
116.00,128.00,155.00,128.00,155.00,146.00,116.00,146.00
116.00,128.00,157.00,128.00,157.00,146.00,116.00,146.00
117.00,127.00,156.00,127.00,156.00,145.00,117.00,145.00
118.00,127.00,157.00,127.00,157.00,145.00,118.00,145.00
118.00,127.00,159.00,127.00,159.00,145.00,118.00,145.00
119.00,126.00,160.00,126.00,160.00,144.00,119.00,144.00
117.00,126.00,158.00,126.00,158.00,145.00,117.00,145.00
119.00,126.00,160.00,126.00,160.00,145.00,119.00,145.00
121.00,125.00,162.00,125.00,162.00,145.00,121.00,145.00
122.00,126.00,161.00,126.00,161.00,145.00,122.00,145.00
122.00,126.00,162.00,126.00,162.00,144.00,122.00,144.00
122.00,126.00,162.00,126.00,162.00,144.00,122.00,144.00
123.00,125.00,164.00,125.00,164.00,144.00,123.00,144.00
123.00,126.00,164.00,126.00,164.00,144.00,123.00,144.00
123.00,126.00,165.00,126.00,165.00,145.00,123.00,145.00
123.00,126.00,164.00,126.00,164.00,145.00,123.00,145.00
124.00,126.00,167.00,126.00,167.00,144.00,124.00,144.00
122.00,126.00,164.00,126.00,164.00,145.00,122.00,145.00
125.00,125.00,168.00,125.00,168.00,144.00,125.00,144.00
125.00,125.00,167.00,125.00,167.00,144.00,125.00,144.00
127.00,125.00,168.00,125.00,168.00,144.00,127.00,144.00
127.00,126.00,166.00,126.00,166.00,144.00,127.00,144.00
129.00,126.00,168.00,126.00,168.00,145.00,129.00,145.00
130.00,125.00,168.00,125.00,168.00,144.00,130.00,144.00
129.00,125.00,167.00,125.00,167.00,143.00,129.00,143.00
131.00,125.00,172.00,125.00,172.00,143.00,131.00,143.00
131.00,124.00,171.00,124.00,171.00,142.00,131.00,142.00
132.00,123.00,171.00,123.00,171.00,141.00,132.00,141.00
134.00,123.00,174.00,123.00,174.00,141.00,134.00,141.00
134.00,122.00,172.00,122.00,172.00,141.00,134.00,141.00
133.00,122.00,173.00,122.00,173.00,140.00,133.00,140.00
135.00,122.00,173.00,122.00,173.00,140.00,135.00,140.00
137.00,121.00,175.00,121.00,175.00,140.00,137.00,140.00
136.00,121.00,174.00,121.00,174.00,140.00,136.00,140.00
137.00,121.00,175.00,121.00,175.00,141.00,137.00,141.00
136.00,122.00,175.00,122.00,175.00,141.00,136.00,141.00
136.00,121.00,176.00,121.00,176.00,139.00,136.00,139.00
138.00,122.00,177.00,122.00,177.00,141.00,138.00,141.00
136.00,123.00,175.00,123.00,175.00,141.00,136.00,141.00
138.00,122.00,176.00,122.00,176.00,141.00,138.00,141.00
142.00,123.00,178.00,123.00,178.00,142.00,142.00,142.00
143.00,123.00,181.00,123.00,181.00,142.00,143.00,142.00
143.00,123.00,182.00,123.00,182.00,142.00,143.00,142.00
137.00,122.00,176.00,122.00,176.00,141.00,137.00,141.00
140.00,123.00,181.00,123.00,181.00,142.00,140.00,142.00
141.00,123.00,181.00,123.00,181.00,141.00,141.00,141.00
140.00,122.00,181.00,122.00,181.00,140.00,140.00,140.00
144.00,122.00,182.00,122.00,182.00,141.00,144.00,141.00
143.00,121.00,181.00,121.00,181.00,140.00,143.00,140.00
145.00,122.00,180.00,122.00,180.00,140.00,145.00,140.00
146.00,122.00,182.00,122.00,182.00,140.00,146.00,140.00
146.00,121.00,182.00,121.00,182.00,140.00,146.00,140.00
145.00,121.00,181.00,121.00,181.00,140.00,145.00,140.00
145.00,121.00,181.00,121.00,181.00,140.00,145.00,140.00
145.00,121.00,182.00,121.00,182.00,141.00,145.00,141.00
145.00,121.00,182.00,121.00,182.00,140.00,145.00,140.00
146.00,122.00,183.00,122.00,183.00,141.00,146.00,141.00
144.00,122.00,181.00,122.00,181.00,142.00,144.00,142.00
146.00,123.00,185.00,123.00,185.00,142.00,146.00,142.00
146.00,123.00,182.00,123.00,182.00,142.00,146.00,142.00
149.00,125.00,184.00,125.00,184.00,143.00,149.00,143.00
146.00,125.00,184.00,125.00,184.00,143.00,146.00,143.00
147.00,126.00,184.00,126.00,184.00,144.00,147.00,144.00
146.00,127.00,184.00,127.00,184.00,145.00,146.00,145.00
145.00,127.00,183.00,127.00,183.00,145.00,145.00,145.00
146.00,128.00,185.00,128.00,185.00,146.00,146.00,146.00
145.00,128.00,183.00,128.00,183.00,147.00,145.00,147.00
144.00,128.00,182.00,128.00,182.00,148.00,144.00,148.00
146.00,129.00,184.00,129.00,184.00,147.00,146.00,147.00
146.00,128.00,185.00,128.00,185.00,147.00,146.00,147.00
147.00,128.00,185.00,128.00,185.00,147.00,147.00,147.00
146.00,127.00,184.00,127.00,184.00,146.00,146.00,146.00
145.00,126.00,185.00,126.00,185.00,145.00,145.00,145.00
144.00,124.00,183.00,124.00,183.00,144.00,144.00,144.00
144.00,125.00,181.00,125.00,181.00,144.00,144.00,144.00
145.00,124.00,183.00,124.00,183.00,143.00,145.00,143.00
144.00,123.00,183.00,123.00,183.00,143.00,144.00,143.00
143.00,121.00,181.00,121.00,181.00,142.00,143.00,142.00
142.00,122.00,181.00,122.00,181.00,143.00,142.00,143.00
142.00,121.00,181.00,121.00,181.00,142.00,142.00,142.00
141.00,121.00,182.00,121.00,182.00,142.00,141.00,142.00
140.00,121.00,181.00,121.00,181.00,141.00,140.00,141.00
139.00,122.00,179.00,122.00,179.00,143.00,139.00,143.00
138.00,121.00,178.00,121.00,178.00,142.00,138.00,142.00
136.00,122.00,177.00,122.00,177.00,144.00,136.00,144.00
135.00,121.00,176.00,121.00,176.00,144.00,135.00,144.00
136.00,124.00,177.00,124.00,177.00,144.00,136.00,144.00
134.00,123.00,174.00,123.00,174.00,146.00,134.00,146.00
133.00,125.00,175.00,125.00,175.00,147.00,133.00,147.00
133.00,126.00,173.00,126.00,173.00,147.00,133.00,147.00
132.00,125.00,174.00,125.00,174.00,148.00,132.00,148.00
133.00,126.00,172.00,126.00,172.00,148.00,133.00,148.00
132.00,126.00,173.00,126.00,173.00,148.00,132.00,148.00
131.00,126.00,170.00,126.00,170.00,149.00,131.00,149.00
131.00,128.00,172.00,128.00,172.00,149.00,131.00,149.00
128.00,127.00,169.00,127.00,169.00,151.00,128.00,151.00
127.00,128.00,168.00,128.00,168.00,152.00,127.00,152.00
128.00,129.00,167.00,129.00,167.00,151.00,128.00,151.00
125.00,129.00,167.00,129.00,167.00,151.00,125.00,151.00
126.00,128.00,166.00,128.00,166.00,152.00,126.00,152.00
124.00,130.00,164.00,130.00,164.00,153.00,124.00,153.00
122.00,128.00,165.00,128.00,165.00,152.00,122.00,152.00
122.00,130.00,163.00,130.00,163.00,154.00,122.00,154.00
121.00,130.00,161.00,130.00,161.00,154.00,121.00,154.00
120.00,131.00,159.00,131.00,159.00,153.00,120.00,153.00
118.00,131.00,159.00,131.00,159.00,154.00,118.00,154.00
116.00,131.00,157.00,131.00,157.00,153.00,116.00,153.00
115.00,130.00,156.00,130.00,156.00,152.00,115.00,152.00
115.00,132.00,154.00,132.00,154.00,154.00,115.00,154.00
114.00,131.00,155.00,131.00,155.00,154.00,114.00,154.00
112.00,131.00,153.00,131.00,153.00,153.00,112.00,153.00
111.00,130.00,153.00,130.00,153.00,154.00,111.00,154.00
110.00,131.00,150.00,131.00,150.00,154.00,110.00,154.00
109.00,129.00,150.00,129.00,150.00,151.00,109.00,151.00
107.00,130.00,149.00,130.00,149.00,153.00,107.00,153.00
108.00,129.00,149.00,129.00,149.00,154.00,108.00,154.00
108.00,130.00,149.00,130.00,149.00,153.00,108.00,153.00
105.00,130.00,145.00,130.00,145.00,154.00,105.00,154.00
105.00,129.00,146.00,129.00,146.00,153.00,105.00,153.00
103.00,129.00,143.00,129.00,143.00,153.00,103.00,153.00
103.00,130.00,142.00,130.00,142.00,154.00,103.00,154.00
103.00,130.00,142.00,130.00,142.00,155.00,103.00,155.00
101.00,129.00,141.00,129.00,141.00,154.00,101.00,154.00
102.00,130.00,139.00,130.00,139.00,155.00,102.00,155.00
100.00,130.00,137.00,130.00,137.00,154.00,100.00,154.00
97.00,130.00,136.00,130.00,136.00,154.00,97.00,154.00
97.00,130.00,135.00,130.00,135.00,155.00,97.00,155.00
95.00,130.00,133.00,130.00,133.00,154.00,95.00,154.00
92.00,130.00,131.00,130.00,131.00,153.00,92.00,153.00
91.00,129.00,131.00,129.00,131.00,154.00,91.00,154.00
88.00,130.00,128.00,130.00,128.00,155.00,88.00,155.00
88.00,129.00,128.00,129.00,128.00,155.00,88.00,155.00
86.00,128.00,128.00,128.00,128.00,153.00,86.00,153.00
83.00,128.00,125.00,128.00,125.00,153.00,83.00,153.00
81.00,128.00,126.00,128.00,126.00,157.00,81.00,157.00
79.00,127.00,124.00,127.00,124.00,156.00,79.00,156.00
76.00,128.00,122.00,128.00,122.00,157.00,76.00,157.00
75.00,128.00,120.00,128.00,120.00,156.00,75.00,156.00
73.00,129.00,119.00,129.00,119.00,156.00,73.00,156.00
73.00,130.00,116.00,130.00,116.00,156.00,73.00,156.00
70.00,128.00,115.00,128.00,115.00,155.00,70.00,155.00
68.00,129.00,115.00,129.00,115.00,155.00,68.00,155.00
68.00,131.00,113.00,131.00,113.00,157.00,68.00,157.00
68.00,129.00,113.00,129.00,113.00,156.00,68.00,156.00
