1
141.00,27.00,171.00,27.00,171.00,151.00,141.00,151.00
140.00,26.00,170.00,26.00,170.00,149.00,140.00,149.00
140.00,26.00,170.00,26.00,170.00,149.00,140.00,149.00
140.00,26.00,170.00,26.00,170.00,150.00,140.00,150.00
140.00,27.00,170.00,27.00,170.00,150.00,140.00,150.00
139.00,27.00,170.00,27.00,170.00,150.00,139.00,150.00
138.00,27.00,168.00,27.00,168.00,151.00,138.00,151.00
138.00,27.00,168.00,27.00,168.00,151.00,138.00,151.00
137.00,28.00,167.00,28.00,167.00,152.00,137.00,152.00
137.00,29.00,167.00,29.00,167.00,152.00,137.00,152.00
137.00,29.00,167.00,29.00,167.00,153.00,137.00,153.00
136.00,29.00,166.00,29.00,166.00,154.00,136.00,154.00
135.00,30.00,165.00,30.00,165.00,154.00,135.00,154.00
135.00,31.00,165.00,31.00,165.00,154.00,135.00,154.00
134.00,31.00,165.00,31.00,165.00,155.00,134.00,155.00
134.00,31.00,164.00,31.00,164.00,155.00,134.00,155.00
134.00,31.00,164.00,31.00,164.00,155.00,134.00,155.00
133.00,32.00,163.00,32.00,163.00,155.00,133.00,155.00
133.00,32.00,163.00,32.00,163.00,154.00,133.00,154.00
134.00,31.00,164.00,31.00,164.00,153.00,134.00,153.00
134.00,30.00,164.00,30.00,164.00,152.00,134.00,152.00
135.00,30.00,165.00,30.00,165.00,152.00,135.00,152.00
135.00,30.00,165.00,30.00,165.00,152.00,135.00,152.00
135.00,30.00,165.00,30.00,165.00,152.00,135.00,152.00
136.00,30.00,166.00,30.00,166.00,152.00,136.00,152.00
136.00,30.00,166.00,30.00,166.00,153.00,136.00,153.00
136.00,30.00,167.00,30.00,167.00,152.00,136.00,152.00
137.00,31.00,167.00,31.00,167.00,153.00,137.00,153.00
138.00,31.00,168.00,31.00,168.00,153.00,138.00,153.00
138.00,30.00,167.00,30.00,167.00,152.00,138.00,152.00
138.00,31.00,168.00,31.00,168.00,154.00,138.00,154.00
138.00,31.00,168.00,31.00,168.00,155.00,138.00,155.00
139.00,31.00,169.00,31.00,169.00,154.00,139.00,154.00
138.00,33.00,168.00,33.00,168.00,156.00,138.00,156.00
138.00,32.00,168.00,32.00,168.00,156.00,138.00,156.00
137.00,33.00,167.00,33.00,167.00,157.00,137.00,157.00
137.00,34.00,167.00,34.00,167.00,157.00,137.00,157.00
136.00,34.00,167.00,34.00,167.00,157.00,136.00,157.00
136.00,33.00,166.00,33.00,166.00,157.00,136.00,157.00
135.00,34.00,166.00,34.00,166.00,158.00,135.00,158.00
135.00,34.00,165.00,34.00,165.00,156.00,135.00,156.00
134.00,34.00,165.00,34.00,165.00,157.00,134.00,157.00
134.00,34.00,164.00,34.00,164.00,157.00,134.00,157.00
134.00,33.00,165.00,33.00,165.00,157.00,134.00,157.00
134.00,34.00,164.00,34.00,164.00,157.00,134.00,157.00
135.00,34.00,164.00,34.00,164.00,158.00,135.00,158.00
134.00,35.00,164.00,35.00,164.00,158.00,134.00,158.00
134.00,35.00,165.00,35.00,165.00,158.00,134.00,158.00
134.00,35.00,164.00,35.00,164.00,159.00,134.00,159.00
135.00,36.00,165.00,36.00,165.00,159.00,135.00,159.00
135.00,37.00,165.00,37.00,165.00,160.00,135.00,160.00
135.00,37.00,165.00,37.00,165.00,159.00,135.00,159.00
134.00,37.00,164.00,37.00,164.00,160.00,134.00,160.00
134.00,37.00,164.00,37.00,164.00,160.00,134.00,160.00
134.00,37.00,164.00,37.00,164.00,160.00,134.00,160.00
133.00,37.00,163.00,37.00,163.00,159.00,133.00,159.00
133.00,36.00,163.00,36.00,163.00,158.00,133.00,158.00
134.00,37.00,164.00,37.00,164.00,157.00,134.00,157.00
134.00,36.00,164.00,36.00,164.00,157.00,134.00,157.00
135.00,36.00,165.00,36.00,165.00,157.00,135.00,157.00
136.00,36.00,165.00,36.00,165.00,156.00,136.00,156.00
137.00,36.00,166.00,36.00,166.00,156.00,137.00,156.00
137.00,36.00,166.00,36.00,166.00,156.00,137.00,156.00
138.00,37.00,166.00,37.00,166.00,156.00,138.00,156.00
139.00,38.00,166.00,38.00,166.00,154.00,139.00,154.00
140.00,40.00,166.00,40.00,166.00,154.00,140.00,154.00
140.00,41.00,166.00,41.00,166.00,155.00,140.00,155.00
141.00,41.00,167.00,41.00,167.00,154.00,141.00,154.00
141.00,41.00,167.00,41.00,167.00,152.00,141.00,152.00
140.00,42.00,167.00,42.00,167.00,153.00,140.00,153.00
141.00,43.00,167.00,43.00,167.00,152.00,141.00,152.00
141.00,43.00,167.00,43.00,167.00,153.00,141.00,153.00
140.00,47.00,166.00,47.00,166.00,155.00,140.00,155.00
138.00,50.00,164.00,50.00,164.00,156.00,138.00,156.00
136.00,49.00,163.00,49.00,163.00,155.00,136.00,155.00
132.00,49.00,160.00,49.00,160.00,153.00,132.00,153.00
127.00,50.00,156.00,50.00,156.00,153.00,127.00,153.00
124.00,49.00,153.00,49.00,153.00,151.00,124.00,151.00
117.00,48.00,147.00,48.00,147.00,149.00,117.00,149.00
111.00,46.00,141.00,46.00,141.00,147.00,111.00,147.00
111.00,43.00,141.00,43.00,141.00,145.00,111.00,145.00
105.00,44.00,135.00,44.00,135.00,147.00,105.00,147.00
102.00,43.00,131.00,43.00,131.00,148.00,102.00,148.00
102.00,45.00,130.00,45.00,130.00,147.00,102.00,147.00
103.00,48.00,130.00,48.00,130.00,147.00,103.00,147.00
100.00,47.00,126.00,47.00,126.00,143.00,100.00,143.00
102.00,49.00,128.00,49.00,128.00,143.00,102.00,143.00
106.00,55.00,132.00,55.00,132.00,144.00,106.00,144.00
115.00,44.00,139.00,44.00,139.00,147.00,115.00,147.00
102.00,59.00,126.00,59.00,126.00,142.00,102.00,142.00
110.00,59.00,135.00,59.00,135.00,139.00,110.00,139.00
119.00,54.00,143.00,54.00,143.00,135.00,119.00,135.00
120.00,53.00,144.00,53.00,144.00,137.00,120.00,137.00
134.00,49.00,160.00,49.00,160.00,142.00,134.00,142.00
138.00,46.00,164.00,46.00,164.00,140.00,138.00,140.00
140.00,43.00,165.00,43.00,165.00,138.00,140.00,138.00
135.00,45.00,163.00,45.00,163.00,139.00,135.00,139.00
131.00,44.00,158.00,44.00,158.00,134.00,131.00,134.00
127.00,45.00,153.00,45.00,153.00,130.00,127.00,130.00
122.00,40.00,147.00,40.00,147.00,144.00,122.00,144.00
122.00,45.00,148.00,45.00,148.00,132.00,122.00,132.00
135.00,42.00,160.00,42.00,160.00,132.00,135.00,132.00
135.00,42.00,160.00,42.00,160.00,133.00,135.00,133.00
140.00,42.00,164.00,42.00,164.00,134.00,140.00,134.00
133.00,44.00,158.00,44.00,158.00,137.00,133.00,137.00
128.00,51.00,155.00,51.00,155.00,137.00,128.00,137.00
131.00,51.00,159.00,51.00,159.00,135.00,131.00,135.00
130.00,54.00,156.00,54.00,156.00,135.00,130.00,135.00
136.00,53.00,161.00,53.00,161.00,133.00,136.00,133.00
147.00,30.00,171.00,30.00,171.00,131.00,147.00,131.00
140.00,51.00,164.00,51.00,164.00,130.00,140.00,130.00
141.00,51.00,166.00,51.00,166.00,132.00,141.00,132.00
143.00,48.00,168.00,48.00,168.00,133.00,143.00,133.00
143.00,50.00,171.00,50.00,171.00,141.00,143.00,141.00
144.00,51.00,169.00,51.00,169.00,141.00,144.00,141.00
142.00,52.00,167.00,52.00,167.00,143.00,142.00,143.00
141.00,48.00,166.00,48.00,166.00,139.00,141.00,139.00
142.00,48.00,167.00,48.00,167.00,137.00,142.00,137.00
141.00,44.00,167.00,44.00,167.00,137.00,141.00,137.00
140.00,46.00,165.00,46.00,165.00,139.00,140.00,139.00
137.00,51.00,166.00,51.00,166.00,147.00,137.00,147.00
138.00,54.00,165.00,54.00,165.00,146.00,138.00,146.00
133.00,58.00,159.00,58.00,159.00,154.00,133.00,154.00
140.00,55.00,166.00,55.00,166.00,145.00,140.00,145.00
145.00,52.00,170.00,52.00,170.00,139.00,145.00,139.00
144.00,53.00,169.00,53.00,169.00,140.00,144.00,140.00
144.00,53.00,170.00,53.00,170.00,141.00,144.00,141.00
143.00,52.00,169.00,52.00,169.00,142.00,143.00,142.00
143.00,53.00,169.00,53.00,169.00,142.00,143.00,142.00
139.00,58.00,166.00,58.00,166.00,144.00,139.00,144.00
139.00,65.00,165.00,65.00,165.00,153.00,139.00,153.00
140.00,66.00,167.00,66.00,167.00,154.00,140.00,154.00
138.00,69.00,164.00,69.00,164.00,165.00,138.00,165.00
138.00,73.00,165.00,73.00,165.00,175.00,138.00,175.00
141.00,75.00,168.00,75.00,168.00,180.00,141.00,180.00
142.00,78.00,170.00,78.00,170.00,179.00,142.00,179.00
137.00,76.00,163.00,76.00,163.00,178.00,137.00,178.00
130.00,68.00,156.00,68.00,156.00,171.00,130.00,171.00
127.00,65.00,153.00,65.00,153.00,168.00,127.00,168.00
2
0
0
0
0
1
134.00,-1.00,205.00,-1.00,205.00,130.00,134.00,130.00
137.00,3.00,202.00,3.00,202.00,131.00,137.00,131.00
139.00,14.00,201.00,14.00,201.00,138.00,139.00,138.00
138.00,25.00,220.00,25.00,220.00,154.00,138.00,154.00
137.00,29.00,217.00,29.00,217.00,155.00,137.00,155.00
134.00,48.00,213.00,48.00,213.00,172.00,134.00,172.00
162.00,53.00,240.00,53.00,240.00,175.00,162.00,175.00
159.00,64.00,237.00,64.00,237.00,186.00,159.00,186.00
147.00,59.00,224.00,59.00,224.00,180.00,147.00,180.00
139.00,56.00,217.00,56.00,217.00,178.00,139.00,178.00
136.00,54.00,206.00,54.00,206.00,157.00,136.00,157.00
141.00,61.00,213.00,61.00,213.00,173.00,141.00,173.00
140.00,51.00,211.00,51.00,211.00,158.00,140.00,158.00
138.00,49.00,207.00,49.00,207.00,154.00,138.00,154.00
135.00,42.00,212.00,42.00,212.00,161.00,135.00,161.00
112.00,44.00,188.00,44.00,188.00,148.00,112.00,148.00
107.00,41.00,182.00,41.00,182.00,144.00,107.00,144.00
98.00,24.00,174.00,24.00,174.00,141.00,98.00,141.00
107.00,15.00,190.00,15.00,190.00,118.00,107.00,118.00
119.00,9.00,195.00,9.00,195.00,115.00,119.00,115.00
120.00,10.00,196.00,10.00,196.00,112.00,120.00,112.00
122.00,11.00,198.00,11.00,198.00,113.00,122.00,113.00
123.00,12.00,199.00,12.00,199.00,113.00,123.00,113.00
128.00,16.00,197.00,16.00,197.00,113.00,128.00,113.00
134.00,16.00,198.00,16.00,198.00,118.00,134.00,118.00
139.00,19.00,200.00,19.00,200.00,120.00,139.00,120.00
144.00,19.00,207.00,19.00,207.00,118.00,144.00,118.00
150.00,23.00,207.00,23.00,207.00,120.00,150.00,120.00
150.00,23.00,211.00,23.00,211.00,121.00,150.00,121.00
146.00,28.00,218.00,28.00,218.00,122.00,146.00,122.00
145.00,29.00,217.00,29.00,217.00,120.00,145.00,120.00
145.00,30.00,217.00,30.00,217.00,118.00,145.00,118.00
148.00,35.00,221.00,35.00,221.00,144.00,148.00,144.00
140.00,32.00,213.00,32.00,213.00,118.00,140.00,118.00
138.00,31.00,208.00,31.00,208.00,117.00,138.00,117.00
141.00,30.00,209.00,30.00,209.00,118.00,141.00,118.00
144.00,32.00,212.00,32.00,212.00,123.00,144.00,123.00
146.00,32.00,216.00,32.00,216.00,124.00,146.00,124.00
150.00,40.00,225.00,40.00,225.00,137.00,150.00,137.00
149.00,44.00,222.00,44.00,222.00,139.00,149.00,139.00
146.00,44.00,217.00,44.00,217.00,138.00,146.00,138.00
147.00,45.00,219.00,45.00,219.00,138.00,147.00,138.00
152.00,43.00,228.00,43.00,228.00,139.00,152.00,139.00
151.00,43.00,224.00,43.00,224.00,137.00,151.00,137.00
150.00,37.00,224.00,37.00,224.00,131.00,150.00,131.00
151.00,40.00,223.00,40.00,223.00,132.00,151.00,132.00
151.00,42.00,224.00,42.00,224.00,134.00,151.00,134.00
150.00,42.00,224.00,42.00,224.00,135.00,150.00,135.00
151.00,40.00,223.00,40.00,223.00,131.00,151.00,131.00
151.00,43.00,224.00,43.00,224.00,134.00,151.00,134.00
153.00,40.00,225.00,40.00,225.00,132.00,153.00,132.00
157.00,39.00,229.00,39.00,229.00,132.00,157.00,132.00
159.00,40.00,228.00,40.00,228.00,130.00,159.00,130.00
161.00,40.00,227.00,40.00,227.00,129.00,161.00,129.00
161.00,40.00,228.00,40.00,228.00,129.00,161.00,129.00
161.00,41.00,229.00,41.00,229.00,130.00,161.00,130.00
162.00,39.00,229.00,39.00,229.00,127.00,162.00,127.00
157.00,40.00,224.00,40.00,224.00,128.00,157.00,128.00
153.00,43.00,219.00,43.00,219.00,132.00,153.00,132.00
154.00,42.00,221.00,42.00,221.00,131.00,154.00,131.00
153.00,42.00,224.00,42.00,224.00,132.00,153.00,132.00
152.00,41.00,220.00,41.00,220.00,128.00,152.00,128.00
151.00,42.00,218.00,42.00,218.00,128.00,151.00,128.00
153.00,42.00,217.00,42.00,217.00,126.00,153.00,126.00
153.00,42.00,217.00,42.00,217.00,125.00,153.00,125.00
152.00,44.00,216.00,44.00,216.00,129.00,152.00,129.00
154.00,44.00,217.00,44.00,217.00,129.00,154.00,129.00
156.00,41.00,218.00,41.00,218.00,127.00,156.00,127.00
157.00,41.00,219.00,41.00,219.00,127.00,157.00,127.00
158.00,41.00,219.00,41.00,219.00,128.00,158.00,128.00
159.00,40.00,221.00,40.00,221.00,128.00,159.00,128.00
162.00,36.00,220.00,36.00,220.00,123.00,162.00,123.00
166.00,31.00,221.00,31.00,221.00,117.00,166.00,117.00
167.00,31.00,219.00,31.00,219.00,116.00,167.00,116.00
169.00,32.00,221.00,32.00,221.00,114.00,169.00,114.00
167.00,34.00,223.00,34.00,223.00,119.00,167.00,119.00
168.00,31.00,221.00,31.00,221.00,114.00,168.00,114.00
168.00,32.00,222.00,32.00,222.00,115.00,168.00,115.00
170.00,31.00,222.00,31.00,222.00,112.00,170.00,112.00
170.00,32.00,223.00,32.00,223.00,115.00,170.00,115.00
172.00,31.00,222.00,31.00,222.00,111.00,172.00,111.00
173.00,33.00,222.00,33.00,222.00,112.00,173.00,112.00
174.00,35.00,224.00,35.00,224.00,116.00,174.00,116.00
177.00,37.00,227.00,37.00,227.00,118.00,177.00,118.00
177.00,39.00,227.00,39.00,227.00,120.00,177.00,120.00
178.00,38.00,227.00,38.00,227.00,116.00,178.00,116.00
179.00,38.00,229.00,38.00,229.00,119.00,179.00,119.00
180.00,39.00,230.00,39.00,230.00,122.00,180.00,122.00
181.00,39.00,230.00,39.00,230.00,121.00,181.00,121.00
182.00,39.00,230.00,39.00,230.00,120.00,182.00,120.00
183.00,39.00,231.00,39.00,231.00,121.00,183.00,121.00
183.00,40.00,230.00,40.00,230.00,120.00,183.00,120.00
182.00,40.00,229.00,40.00,229.00,120.00,182.00,120.00
185.00,41.00,231.00,41.00,231.00,119.00,185.00,119.00
184.00,42.00,230.00,42.00,230.00,120.00,184.00,120.00
185.00,41.00,231.00,41.00,231.00,120.00,185.00,120.00
185.00,42.00,231.00,42.00,231.00,121.00,185.00,121.00
185.00,42.00,231.00,42.00,231.00,120.00,185.00,120.00
185.00,42.00,231.00,42.00,231.00,120.00,185.00,120.00
186.00,42.00,232.00,42.00,232.00,119.00,186.00,119.00
187.00,41.00,233.00,41.00,233.00,118.00,187.00,118.00
187.00,41.00,231.00,41.00,231.00,118.00,187.00,118.00
187.00,41.00,232.00,41.00,232.00,118.00,187.00,118.00
187.00,43.00,233.00,43.00,233.00,121.00,187.00,121.00
187.00,43.00,231.00,43.00,231.00,120.00,187.00,120.00
187.00,44.00,231.00,44.00,231.00,121.00,187.00,121.00
188.00,44.00,232.00,44.00,232.00,119.00,188.00,119.00
188.00,44.00,232.00,44.00,232.00,119.00,188.00,119.00
187.00,43.00,230.00,43.00,230.00,116.00,187.00,116.00
187.00,43.00,232.00,43.00,232.00,119.00,187.00,119.00
187.00,44.00,232.00,44.00,232.00,120.00,187.00,120.00
186.00,45.00,231.00,45.00,231.00,122.00,186.00,122.00
186.00,46.00,230.00,46.00,230.00,123.00,186.00,123.00
186.00,46.00,231.00,46.00,231.00,125.00,186.00,125.00
184.00,48.00,230.00,48.00,230.00,128.00,184.00,128.00
183.00,48.00,228.00,48.00,228.00,127.00,183.00,127.00
183.00,45.00,225.00,45.00,225.00,121.00,183.00,121.00
182.00,45.00,226.00,45.00,226.00,123.00,182.00,123.00
181.00,45.00,226.00,45.00,226.00,125.00,181.00,125.00
180.00,46.00,226.00,46.00,226.00,127.00,180.00,127.00
180.00,46.00,226.00,46.00,226.00,128.00,180.00,128.00
179.00,43.00,225.00,43.00,225.00,126.00,179.00,126.00
177.00,47.00,225.00,47.00,225.00,130.00,177.00,130.00
178.00,45.00,225.00,45.00,225.00,129.00,178.00,129.00
177.00,46.00,224.00,46.00,224.00,129.00,177.00,129.00
178.00,46.00,224.00,46.00,224.00,128.00,178.00,128.00
178.00,47.00,225.00,47.00,225.00,130.00,178.00,130.00
177.00,48.00,224.00,48.00,224.00,131.00,177.00,131.00
179.00,47.00,224.00,47.00,224.00,129.00,179.00,129.00
178.00,48.00,225.00,48.00,225.00,132.00,178.00,132.00
177.00,48.00,223.00,48.00,223.00,131.00,177.00,131.00
177.00,49.00,223.00,49.00,223.00,132.00,177.00,132.00
177.00,50.00,223.00,50.00,223.00,132.00,177.00,132.00
179.00,50.00,224.00,50.00,224.00,132.00,179.00,132.00
177.00,52.00,222.00,52.00,222.00,132.00,177.00,132.00
180.00,52.00,225.00,52.00,225.00,131.00,180.00,131.00
180.00,51.00,223.00,51.00,223.00,129.00,180.00,129.00
180.00,54.00,225.00,54.00,225.00,132.00,180.00,132.00
179.00,54.00,225.00,54.00,225.00,134.00,179.00,134.00
179.00,50.00,223.00,50.00,223.00,130.00,179.00,130.00
181.00,53.00,224.00,53.00,224.00,131.00,181.00,131.00
180.00,54.00,223.00,54.00,223.00,131.00,180.00,131.00
182.00,52.00,226.00,52.00,226.00,130.00,182.00,130.00
182.00,53.00,225.00,53.00,225.00,130.00,182.00,130.00
183.00,52.00,226.00,52.00,226.00,129.00,183.00,129.00
183.00,53.00,226.00,53.00,226.00,129.00,183.00,129.00
183.00,54.00,225.00,54.00,225.00,129.00,183.00,129.00
184.00,53.00,226.00,53.00,226.00,128.00,184.00,128.00
184.00,52.00,226.00,52.00,226.00,127.00,184.00,127.00
184.00,55.00,227.00,55.00,227.00,130.00,184.00,130.00
185.00,52.00,226.00,52.00,226.00,127.00,185.00,127.00
184.00,53.00,227.00,53.00,227.00,129.00,184.00,129.00
185.00,53.00,228.00,53.00,228.00,129.00,185.00,129.00
186.00,52.00,229.00,52.00,229.00,130.00,186.00,130.00
185.00,50.00,227.00,50.00,227.00,127.00,185.00,127.00
186.00,49.00,229.00,49.00,229.00,126.00,186.00,126.00
183.00,51.00,226.00,51.00,226.00,127.00,183.00,127.00
183.00,49.00,226.00,49.00,226.00,127.00,183.00,127.00
183.00,48.00,228.00,48.00,228.00,126.00,183.00,126.00
182.00,48.00,227.00,48.00,227.00,126.00,182.00,126.00
182.00,48.00,227.00,48.00,227.00,125.00,182.00,125.00
182.00,48.00,227.00,48.00,227.00,124.00,182.00,124.00
180.00,48.00,227.00,48.00,227.00,127.00,180.00,127.00
180.00,49.00,228.00,49.00,228.00,128.00,180.00,128.00
179.00,47.00,226.00,47.00,226.00,126.00,179.00,126.00
179.00,44.00,225.00,44.00,225.00,121.00,179.00,121.00
179.00,44.00,226.00,44.00,226.00,120.00,179.00,120.00
177.00,46.00,224.00,46.00,224.00,124.00,177.00,124.00
177.00,46.00,224.00,46.00,224.00,122.00,177.00,122.00
177.00,45.00,225.00,45.00,225.00,122.00,177.00,122.00
173.00,47.00,224.00,47.00,224.00,124.00,173.00,124.00
172.00,46.00,222.00,46.00,222.00,119.00,172.00,119.00
173.00,46.00,222.00,46.00,222.00,118.00,173.00,118.00
171.00,52.00,224.00,52.00,224.00,128.00,171.00,128.00
170.00,53.00,226.00,53.00,226.00,127.00,170.00,127.00
169.00,55.00,225.00,55.00,225.00,129.00,169.00,129.00
163.00,55.00,221.00,55.00,221.00,127.00,163.00,127.00
161.00,58.00,220.00,58.00,220.00,131.00,161.00,131.00
161.00,59.00,222.00,59.00,222.00,133.00,161.00,133.00
160.00,58.00,220.00,58.00,220.00,132.00,160.00,132.00
156.00,54.00,216.00,54.00,216.00,127.00,156.00,127.00
155.00,54.00,214.00,54.00,214.00,127.00,155.00,127.00
153.00,55.00,210.00,55.00,210.00,127.00,153.00,127.00
151.00,54.00,209.00,54.00,209.00,124.00,151.00,124.00
149.00,52.00,208.00,52.00,208.00,124.00,149.00,124.00
145.00,52.00,204.00,52.00,204.00,125.00,145.00,125.00
148.00,51.00,208.00,51.00,208.00,125.00,148.00,125.00
146.00,51.00,205.00,51.00,205.00,125.00,146.00,125.00
144.00,51.00,204.00,51.00,204.00,124.00,144.00,124.00
142.00,49.00,204.00,49.00,204.00,123.00,142.00,123.00
141.00,49.00,205.00,49.00,205.00,124.00,141.00,124.00
138.00,48.00,198.00,48.00,198.00,125.00,138.00,125.00
133.00,48.00,195.00,48.00,195.00,126.00,133.00,126.00
132.00,44.00,192.00,44.00,192.00,122.00,132.00,122.00
132.00,41.00,191.00,41.00,191.00,119.00,132.00,119.00
131.00,41.00,185.00,41.00,185.00,117.00,131.00,117.00
132.00,43.00,187.00,43.00,187.00,119.00,132.00,119.00
136.00,48.00,189.00,48.00,189.00,122.00,136.00,122.00
136.00,50.00,186.00,50.00,186.00,125.00,136.00,125.00
135.00,52.00,184.00,52.00,184.00,127.00,135.00,127.00
136.00,47.00,186.00,47.00,186.00,121.00,136.00,121.00
136.00,43.00,187.00,43.00,187.00,119.00,136.00,119.00
136.00,40.00,188.00,40.00,188.00,114.00,136.00,114.00
137.00,37.00,188.00,37.00,188.00,108.00,137.00,108.00
141.00,36.00,189.00,36.00,189.00,106.00,141.00,106.00
142.00,37.00,191.00,37.00,191.00,109.00,142.00,109.00
145.00,38.00,195.00,38.00,195.00,109.00,145.00,109.00
150.00,38.00,197.00,38.00,197.00,110.00,150.00,110.00
151.00,37.00,198.00,37.00,198.00,108.00,151.00,108.00
154.00,37.00,201.00,37.00,201.00,105.00,154.00,105.00
157.00,37.00,205.00,37.00,205.00,107.00,157.00,107.00
159.00,38.00,208.00,38.00,208.00,110.00,159.00,110.00
163.00,39.00,207.00,39.00,207.00,111.00,163.00,111.00
166.00,40.00,210.00,40.00,210.00,109.00,166.00,109.00
167.00,39.00,210.00,39.00,210.00,109.00,167.00,109.00
168.00,40.00,211.00,40.00,211.00,111.00,168.00,111.00
167.00,42.00,214.00,42.00,214.00,112.00,167.00,112.00
166.00,45.00,217.00,45.00,217.00,118.00,166.00,118.00
164.00,46.00,218.00,46.00,218.00,120.00,164.00,120.00
164.00,50.00,220.00,50.00,220.00,125.00,164.00,125.00
164.00,52.00,217.00,52.00,217.00,125.00,164.00,125.00
167.00,56.00,220.00,56.00,220.00,130.00,167.00,130.00
170.00,60.00,225.00,60.00,225.00,131.00,170.00,131.00
169.00,61.00,224.00,61.00,224.00,131.00,169.00,131.00
174.00,65.00,230.00,65.00,230.00,135.00,174.00,135.00
180.00,57.00,240.00,57.00,240.00,132.00,180.00,132.00
182.00,54.00,239.00,54.00,239.00,130.00,182.00,130.00
184.00,51.00,240.00,51.00,240.00,127.00,184.00,127.00
187.00,47.00,238.00,47.00,238.00,124.00,187.00,124.00
187.00,45.00,236.00,45.00,236.00,122.00,187.00,122.00
187.00,45.00,231.00,45.00,231.00,120.00,187.00,120.00
183.00,46.00,234.00,46.00,234.00,120.00,183.00,120.00
182.00,44.00,233.00,44.00,233.00,121.00,182.00,121.00
180.00,41.00,231.00,41.00,231.00,118.00,180.00,118.00
176.00,42.00,233.00,42.00,233.00,117.00,176.00,117.00
177.00,42.00,234.00,42.00,234.00,115.00,177.00,115.00
177.00,46.00,233.00,46.00,233.00,117.00,177.00,117.00
175.00,47.00,229.00,47.00,229.00,114.00,175.00,114.00
175.00,50.00,227.00,50.00,227.00,117.00,175.00,117.00
179.00,51.00,231.00,51.00,231.00,118.00,179.00,118.00
182.00,47.00,229.00,47.00,229.00,117.00,182.00,117.00
184.00,45.00,229.00,45.00,229.00,116.00,184.00,116.00
185.00,43.00,229.00,43.00,229.00,114.00,185.00,114.00
185.00,36.00,229.00,36.00,229.00,109.00,185.00,109.00
184.00,34.00,229.00,34.00,229.00,108.00,184.00,108.00
176.00,24.00,227.00,24.00,227.00,99.00,176.00,99.00
171.00,12.00,225.00,12.00,225.00,86.00,171.00,86.00
170.00,8.00,225.00,8.00,225.00,82.00,170.00,82.00
170.00,7.00,225.00,7.00,225.00,80.00,170.00,80.00
173.00,6.00,223.00,6.00,223.00,78.00,173.00,78.00
170.00,7.00,222.00,7.00,222.00,78.00,170.00,78.00
170.00,6.00,222.00,6.00,222.00,78.00,170.00,78.00
170.00,8.00,222.00,8.00,222.00,80.00,170.00,80.00
172.00,8.00,223.00,8.00,223.00,80.00,172.00,80.00
168.00,7.00,221.00,7.00,221.00,81.00,168.00,81.00
164.00,7.00,218.00,7.00,218.00,82.00,164.00,82.00
164.00,7.00,218.00,7.00,218.00,82.00,164.00,82.00
163.00,6.00,214.00,6.00,214.00,79.00,163.00,79.00
165.00,11.00,216.00,11.00,216.00,81.00,165.00,81.00
162.00,11.00,211.00,11.00,211.00,79.00,162.00,79.00
167.00,16.00,216.00,16.00,216.00,82.00,167.00,82.00
175.00,13.00,222.00,13.00,222.00,78.00,175.00,78.00
182.00,12.00,224.00,12.00,224.00,75.00,182.00,75.00
187.00,11.00,228.00,11.00,228.00,74.00,187.00,74.00
168.00,25.00,210.00,25.00,210.00,89.00,168.00,89.00
153.00,41.00,198.00,41.00,198.00,106.00,153.00,106.00
156.00,44.00,197.00,44.00,197.00,110.00,156.00,110.00
159.00,47.00,199.00,47.00,199.00,112.00,159.00,112.00
160.00,51.00,199.00,51.00,199.00,117.00,160.00,117.00
161.00,59.00,198.00,59.00,198.00,124.00,161.00,124.00
163.00,63.00,198.00,63.00,198.00,128.00,163.00,128.00
163.00,65.00,198.00,65.00,198.00,128.00,163.00,128.00
162.00,56.00,201.00,56.00,201.00,120.00,162.00,120.00
161.00,50.00,202.00,50.00,202.00,114.00,161.00,114.00
160.00,50.00,201.00,50.00,201.00,113.00,160.00,113.00
162.00,49.00,204.00,49.00,204.00,111.00,162.00,111.00
162.00,43.00,207.00,43.00,207.00,105.00,162.00,105.00
157.00,40.00,201.00,40.00,201.00,101.00,157.00,101.00
160.00,38.00,204.00,38.00,204.00,99.00,160.00,99.00
157.00,41.00,200.00,41.00,200.00,101.00,157.00,101.00
147.00,47.00,190.00,47.00,190.00,106.00,147.00,106.00
149.00,43.00,189.00,43.00,189.00,103.00,149.00,103.00
149.00,46.00,188.00,46.00,188.00,107.00,149.00,107.00
147.00,47.00,186.00,47.00,186.00,107.00,147.00,107.00
147.00,51.00,185.00,51.00,185.00,108.00,147.00,108.00
143.00,52.00,184.00,52.00,184.00,107.00,143.00,107.00
140.00,52.00,182.00,52.00,182.00,106.00,140.00,106.00
136.00,53.00,178.00,53.00,178.00,108.00,136.00,108.00
134.00,55.00,176.00,55.00,176.00,112.00,134.00,112.00
133.00,56.00,174.00,56.00,174.00,113.00,133.00,113.00
134.00,57.00,173.00,57.00,173.00,114.00,134.00,114.00
133.00,64.00,171.00,64.00,171.00,122.00,133.00,122.00
133.00,64.00,169.00,64.00,169.00,124.00,133.00,124.00
133.00,62.00,170.00,62.00,170.00,120.00,133.00,120.00
135.00,58.00,174.00,58.00,174.00,116.00,135.00,116.00
136.00,57.00,173.00,57.00,173.00,116.00,136.00,116.00
137.00,56.00,175.00,56.00,175.00,116.00,137.00,116.00
140.00,52.00,177.00,52.00,177.00,112.00,140.00,112.00
141.00,51.00,178.00,51.00,178.00,112.00,141.00,112.00
143.00,52.00,180.00,52.00,180.00,111.00,143.00,111.00
144.00,53.00,181.00,53.00,181.00,112.00,144.00,112.00
145.00,53.00,182.00,53.00,182.00,113.00,145.00,113.00
146.00,52.00,184.00,52.00,184.00,112.00,146.00,112.00
146.00,53.00,184.00,53.00,184.00,113.00,146.00,113.00
147.00,54.00,185.00,54.00,185.00,115.00,147.00,115.00
147.00,55.00,186.00,55.00,186.00,115.00,147.00,115.00
146.00,59.00,184.00,59.00,184.00,117.00,146.00,117.00
146.00,60.00,184.00,60.00,184.00,118.00,146.00,118.00
148.00,58.00,184.00,58.00,184.00,115.00,148.00,115.00
148.00,57.00,184.00,57.00,184.00,113.00,148.00,113.00
148.00,58.00,183.00,58.00,183.00,114.00,148.00,114.00
149.00,60.00,185.00,60.00,185.00,116.00,149.00,116.00
148.00,59.00,184.00,59.00,184.00,114.00,148.00,114.00
149.00,58.00,185.00,58.00,185.00,113.00,149.00,113.00
149.00,58.00,185.00,58.00,185.00,113.00,149.00,113.00
149.00,55.00,187.00,55.00,187.00,112.00,149.00,112.00
149.00,58.00,186.00,58.00,186.00,114.00,149.00,114.00
149.00,57.00,185.00,57.00,185.00,112.00,149.00,112.00
150.00,55.00,186.00,55.00,186.00,111.00,150.00,111.00
149.00,57.00,185.00,57.00,185.00,112.00,149.00,112.00
150.00,56.00,186.00,56.00,186.00,110.00,150.00,110.00
151.00,56.00,186.00,56.00,186.00,110.00,151.00,110.00
152.00,55.00,187.00,55.00,187.00,111.00,152.00,111.00
151.00,54.00,186.00,54.00,186.00,110.00,151.00,110.00
152.00,55.00,188.00,55.00,188.00,110.00,152.00,110.00
152.00,53.00,189.00,53.00,189.00,106.00,152.00,106.00
153.00,53.00,190.00,53.00,190.00,105.00,153.00,105.00
152.00,54.00,188.00,54.00,188.00,107.00,152.00,107.00
151.00,53.00,186.00,53.00,186.00,107.00,151.00,107.00
152.00,54.00,187.00,54.00,187.00,107.00,152.00,107.00
151.00,53.00,186.00,53.00,186.00,108.00,151.00,108.00
152.00,55.00,187.00,55.00,187.00,111.00,152.00,111.00
152.00,55.00,187.00,55.00,187.00,110.00,152.00,110.00
153.00,57.00,187.00,57.00,187.00,111.00,153.00,111.00
153.00,58.00,186.00,58.00,186.00,113.00,153.00,113.00
154.00,57.00,187.00,57.00,187.00,110.00,154.00,110.00
154.00,57.00,187.00,57.00,187.00,111.00,154.00,111.00
154.00,59.00,187.00,59.00,187.00,114.00,154.00,114.00
155.00,59.00,188.00,59.00,188.00,114.00,155.00,114.00
154.00,60.00,187.00,60.00,187.00,114.00,154.00,114.00
154.00,61.00,187.00,61.00,187.00,116.00,154.00,116.00
153.00,62.00,187.00,62.00,187.00,116.00,153.00,116.00
152.00,60.00,188.00,60.00,188.00,114.00,152.00,114.00
152.00,60.00,190.00,60.00,190.00,114.00,152.00,114.00
152.00,61.00,190.00,61.00,190.00,117.00,152.00,117.00
151.00,61.00,191.00,61.00,191.00,120.00,151.00,120.00
148.00,61.00,188.00,61.00,188.00,119.00,148.00,119.00
150.00,61.00,190.00,61.00,190.00,118.00,150.00,118.00
151.00,61.00,190.00,61.00,190.00,119.00,151.00,119.00
151.00,62.00,189.00,62.00,189.00,122.00,151.00,122.00
152.00,63.00,189.00,63.00,189.00,121.00,152.00,121.00
151.00,62.00,188.00,62.00,188.00,120.00,151.00,120.00
152.00,63.00,189.00,63.00,189.00,120.00,152.00,120.00
150.00,63.00,188.00,63.00,188.00,121.00,150.00,121.00
149.00,63.00,187.00,63.00,187.00,123.00,149.00,123.00
149.00,62.00,189.00,62.00,189.00,123.00,149.00,123.00
148.00,63.00,187.00,63.00,187.00,126.00,148.00,126.00
147.00,63.00,185.00,63.00,185.00,125.00,147.00,125.00
146.00,64.00,184.00,64.00,184.00,127.00,146.00,127.00
146.00,64.00,185.00,64.00,185.00,128.00,146.00,128.00
145.00,65.00,183.00,65.00,183.00,125.00,145.00,125.00
144.00,63.00,183.00,63.00,183.00,123.00,144.00,123.00
142.00,65.00,178.00,65.00,178.00,125.00,142.00,125.00
139.00,67.00,174.00,67.00,174.00,129.00,139.00,129.00
140.00,65.00,175.00,65.00,175.00,126.00,140.00,126.00
137.00,68.00,173.00,68.00,173.00,129.00,137.00,129.00
135.00,65.00,172.00,65.00,172.00,127.00,135.00,127.00
135.00,64.00,173.00,64.00,173.00,127.00,135.00,127.00
134.00,63.00,174.00,63.00,174.00,128.00,134.00,128.00
135.00,62.00,175.00,62.00,175.00,126.00,135.00,126.00
135.00,61.00,175.00,61.00,175.00,124.00,135.00,124.00
136.00,60.00,176.00,60.00,176.00,123.00,136.00,123.00
136.00,59.00,175.00,59.00,175.00,124.00,136.00,124.00
137.00,59.00,175.00,59.00,175.00,123.00,137.00,123.00
139.00,57.00,175.00,57.00,175.00,121.00,139.00,121.00
140.00,55.00,176.00,55.00,176.00,121.00,140.00,121.00
140.00,55.00,176.00,55.00,176.00,123.00,140.00,123.00
141.00,56.00,176.00,56.00,176.00,124.00,141.00,124.00
141.00,56.00,177.00,56.00,177.00,121.00,141.00,121.00
141.00,55.00,176.00,55.00,176.00,121.00,141.00,121.00
142.00,57.00,176.00,57.00,176.00,121.00,142.00,121.00
141.00,56.00,175.00,56.00,175.00,120.00,141.00,120.00
141.00,57.00,175.00,57.00,175.00,120.00,141.00,120.00
141.00,59.00,175.00,59.00,175.00,122.00,141.00,122.00
141.00,58.00,175.00,58.00,175.00,121.00,141.00,121.00
140.00,58.00,174.00,58.00,174.00,121.00,140.00,121.00
140.00,58.00,175.00,58.00,175.00,122.00,140.00,122.00
138.00,58.00,174.00,58.00,174.00,125.00,138.00,125.00
138.00,57.00,175.00,57.00,175.00,125.00,138.00,125.00
138.00,57.00,174.00,57.00,174.00,125.00,138.00,125.00
137.00,57.00,173.00,57.00,173.00,124.00,137.00,124.00
138.00,58.00,173.00,58.00,173.00,126.00,138.00,126.00
137.00,58.00,174.00,58.00,174.00,126.00,137.00,126.00
137.00,58.00,174.00,58.00,174.00,128.00,137.00,128.00
137.00,58.00,173.00,58.00,173.00,128.00,137.00,128.00
137.00,57.00,174.00,57.00,174.00,125.00,137.00,125.00
138.00,58.00,173.00,58.00,173.00,125.00,138.00,125.00
139.00,57.00,174.00,57.00,174.00,125.00,139.00,125.00
140.00,58.00,176.00,58.00,176.00,126.00,140.00,126.00
140.00,58.00,174.00,58.00,174.00,124.00,140.00,124.00
140.00,57.00,175.00,57.00,175.00,125.00,140.00,125.00
140.00,58.00,176.00,58.00,176.00,125.00,140.00,125.00
140.00,56.00,175.00,56.00,175.00,124.00,140.00,124.00
140.00,55.00,176.00,55.00,176.00,123.00,140.00,123.00
141.00,56.00,177.00,56.00,177.00,123.00,141.00,123.00
140.00,56.00,176.00,56.00,176.00,124.00,140.00,124.00
141.00,57.00,177.00,57.00,177.00,125.00,141.00,125.00
140.00,55.00,177.00,55.00,177.00,123.00,140.00,123.00
140.00,56.00,176.00,56.00,176.00,125.00,140.00,125.00
140.00,55.00,176.00,55.00,176.00,124.00,140.00,124.00
140.00,58.00,175.00,58.00,175.00,124.00,140.00,124.00
140.00,59.00,176.00,59.00,176.00,123.00,140.00,123.00
140.00,58.00,175.00,58.00,175.00,121.00,140.00,121.00
139.00,59.00,176.00,59.00,176.00,125.00,139.00,125.00
139.00,59.00,176.00,59.00,176.00,124.00,139.00,124.00
138.00,59.00,176.00,59.00,176.00,127.00,138.00,127.00
137.00,58.00,175.00,58.00,175.00,126.00,137.00,126.00
137.00,58.00,175.00,58.00,175.00,126.00,137.00,126.00
138.00,61.00,176.00,61.00,176.00,132.00,138.00,132.00
137.00,58.00,176.00,58.00,176.00,130.00,137.00,130.00
137.00,58.00,177.00,58.00,177.00,130.00,137.00,130.00
