1
554.00,276.00,829.00,276.00,829.00,557.00,554.00,557.00
559.00,269.00,835.00,269.00,835.00,560.00,559.00,560.00
576.00,232.00,853.00,232.00,853.00,536.00,576.00,536.00
567.00,233.00,857.00,233.00,857.00,564.00,567.00,564.00
584.00,272.00,863.00,272.00,863.00,582.00,584.00,582.00
579.00,260.00,878.00,260.00,878.00,578.00,579.00,578.00
563.00,249.00,871.00,249.00,871.00,577.00,563.00,577.00
555.00,254.00,841.00,254.00,841.00,559.00,555.00,559.00
553.00,253.00,841.00,253.00,841.00,556.00,553.00,556.00
559.00,263.00,844.00,263.00,844.00,568.00,559.00,568.00
560.00,256.00,848.00,256.00,848.00,560.00,560.00,560.00
563.00,259.00,847.00,259.00,847.00,557.00,563.00,557.00
566.00,226.00,876.00,226.00,876.00,521.00,566.00,521.00
539.00,233.00,860.00,233.00,860.00,522.00,539.00,522.00
572.00,249.00,889.00,249.00,889.00,534.00,572.00,534.00
572.00,243.00,885.00,243.00,885.00,517.00,572.00,517.00
570.00,236.00,880.00,236.00,880.00,514.00,570.00,514.00
607.00,271.00,919.00,271.00,919.00,543.00,607.00,543.00
595.00,254.00,918.00,254.00,918.00,534.00,595.00,534.00
578.00,231.00,909.00,231.00,909.00,532.00,578.00,532.00
589.00,234.00,907.00,234.00,907.00,523.00,589.00,523.00
578.00,234.00,890.00,234.00,890.00,527.00,578.00,527.00
567.00,189.00,876.00,189.00,876.00,506.00,567.00,506.00
571.00,133.00,885.00,133.00,885.00,447.00,571.00,447.00
584.00,139.00,895.00,139.00,895.00,432.00,584.00,432.00
575.00,134.00,867.00,134.00,867.00,419.00,575.00,419.00
580.00,137.00,874.00,137.00,874.00,420.00,580.00,420.00
589.00,114.00,867.00,114.00,867.00,396.00,589.00,396.00
580.00,124.00,864.00,124.00,864.00,406.00,580.00,406.00
593.00,126.00,871.00,126.00,871.00,397.00,593.00,397.00
604.00,131.00,883.00,131.00,883.00,397.00,604.00,397.00
625.00,141.00,910.00,141.00,910.00,402.00,625.00,402.00
616.00,163.00,892.00,163.00,892.00,415.00,616.00,415.00
603.00,175.00,874.00,175.00,874.00,426.00,603.00,426.00
614.00,206.00,877.00,206.00,877.00,454.00,614.00,454.00
596.00,187.00,860.00,187.00,860.00,441.00,596.00,441.00
580.00,176.00,848.00,176.00,848.00,433.00,580.00,433.00
529.00,159.00,794.00,159.00,794.00,423.00,529.00,423.00
530.00,209.00,796.00,209.00,796.00,454.00,530.00,454.00
522.00,213.00,787.00,213.00,787.00,440.00,522.00,440.00
501.00,247.00,765.00,247.00,765.00,462.00,501.00,462.00
517.00,219.00,775.00,219.00,775.00,444.00,517.00,444.00
472.00,227.00,735.00,227.00,735.00,456.00,472.00,456.00
462.00,221.00,720.00,221.00,720.00,448.00,462.00,448.00
453.00,211.00,723.00,211.00,723.00,439.00,453.00,439.00
454.00,205.00,722.00,205.00,722.00,429.00,454.00,429.00
499.00,212.00,749.00,212.00,749.00,450.00,499.00,450.00
513.00,230.00,763.00,230.00,763.00,482.00,513.00,482.00
539.00,259.00,778.00,259.00,778.00,514.00,539.00,514.00
555.00,301.00,785.00,301.00,785.00,555.00,555.00,555.00
579.00,317.00,801.00,317.00,801.00,566.00,579.00,566.00
601.00,339.00,828.00,339.00,828.00,598.00,601.00,598.00
579.00,395.00,803.00,395.00,803.00,646.00,579.00,646.00
582.00,399.00,806.00,399.00,806.00,648.00,582.00,648.00
532.00,422.00,764.00,422.00,764.00,668.00,532.00,668.00
551.00,436.00,776.00,436.00,776.00,678.00,551.00,678.00
558.00,474.00,787.00,474.00,787.00,715.00,558.00,715.00
540.00,514.00,785.00,514.00,785.00,738.00,540.00,738.00
567.00,540.00,821.00,540.00,821.00,753.00,567.00,753.00
586.00,540.00,855.00,540.00,855.00,753.00,586.00,753.00
