1
47.00,42.00,61.00,42.00,61.00,108.00,47.00,108.00
35.00,40.00,49.00,40.00,49.00,103.00,35.00,103.00
31.00,41.00,46.00,41.00,46.00,105.00,31.00,105.00
37.00,37.00,52.00,37.00,52.00,101.00,37.00,101.00
29.00,40.00,45.00,40.00,45.00,107.00,29.00,107.00
30.00,41.00,46.00,41.00,46.00,108.00,30.00,108.00
33.00,43.00,50.00,43.00,50.00,108.00,33.00,108.00
38.00,41.00,55.00,41.00,55.00,106.00,38.00,106.00
37.00,34.00,53.00,34.00,53.00,102.00,37.00,102.00
44.00,33.00,60.00,33.00,60.00,99.00,44.00,99.00
46.00,34.00,61.00,34.00,61.00,101.00,46.00,101.00
61.00,38.00,77.00,38.00,77.00,105.00,61.00,105.00
65.00,32.00,82.00,32.00,82.00,99.00,65.00,99.00
62.00,30.00,80.00,30.00,80.00,98.00,62.00,98.00
83.00,31.00,103.00,31.00,103.00,99.00,83.00,99.00
99.00,34.00,114.00,34.00,114.00,103.00,99.00,103.00
90.00,25.00,105.00,25.00,105.00,95.00,90.00,95.00
83.00,26.00,97.00,26.00,97.00,93.00,83.00,93.00
88.00,23.00,103.00,23.00,103.00,91.00,88.00,91.00
83.00,22.00,99.00,22.00,99.00,88.00,83.00,88.00
80.00,26.00,96.00,26.00,96.00,95.00,80.00,95.00
83.00,33.00,99.00,33.00,99.00,104.00,83.00,104.00
90.00,40.00,106.00,40.00,106.00,110.00,90.00,110.00
75.00,44.00,91.00,44.00,91.00,112.00,75.00,112.00
74.00,41.00,90.00,41.00,90.00,110.00,74.00,110.00
81.00,28.00,95.00,28.00,95.00,97.00,81.00,97.00
78.00,21.00,93.00,21.00,93.00,92.00,78.00,92.00
70.00,11.00,86.00,11.00,86.00,83.00,70.00,83.00
60.00,11.00,76.00,11.00,76.00,84.00,60.00,84.00
63.00,15.00,80.00,15.00,80.00,87.00,63.00,87.00
74.00,21.00,89.00,21.00,89.00,92.00,74.00,92.00
81.00,22.00,97.00,22.00,97.00,95.00,81.00,95.00
90.00,25.00,104.00,25.00,104.00,95.00,90.00,95.00
107.00,21.00,120.00,21.00,120.00,92.00,107.00,92.00
117.00,24.00,131.00,24.00,131.00,90.00,117.00,90.00
113.00,20.00,127.00,20.00,127.00,94.00,113.00,94.00
111.00,18.00,128.00,18.00,128.00,93.00,111.00,93.00
130.00,24.00,147.00,24.00,147.00,97.00,130.00,97.00
139.00,29.00,154.00,29.00,154.00,99.00,139.00,99.00
148.00,30.00,163.00,30.00,163.00,100.00,148.00,100.00
152.00,32.00,167.00,32.00,167.00,97.00,152.00,97.00
152.00,32.00,166.00,32.00,166.00,99.00,152.00,99.00
149.00,25.00,165.00,25.00,165.00,103.00,149.00,103.00
153.00,24.00,171.00,24.00,171.00,100.00,153.00,100.00
151.00,28.00,169.00,28.00,169.00,103.00,151.00,103.00
124.00,32.00,141.00,32.00,141.00,106.00,124.00,106.00
106.00,33.00,121.00,33.00,121.00,102.00,106.00,102.00
104.00,31.00,118.00,31.00,118.00,102.00,104.00,102.00
106.00,34.00,119.00,34.00,119.00,103.00,106.00,103.00
106.00,23.00,120.00,23.00,120.00,89.00,106.00,89.00
108.00,10.00,123.00,10.00,123.00,84.00,108.00,84.00
107.00,11.00,123.00,11.00,123.00,87.00,107.00,87.00
115.00,18.00,132.00,18.00,132.00,92.00,115.00,92.00
119.00,20.00,136.00,20.00,136.00,95.00,119.00,95.00
121.00,27.00,138.00,27.00,138.00,99.00,121.00,99.00
111.00,26.00,127.00,26.00,127.00,102.00,111.00,102.00
112.00,29.00,127.00,29.00,127.00,103.00,112.00,103.00
103.00,24.00,119.00,24.00,119.00,103.00,103.00,103.00
103.00,18.00,119.00,18.00,119.00,100.00,103.00,100.00
127.00,16.00,144.00,16.00,144.00,96.00,127.00,96.00
137.00,14.00,154.00,14.00,154.00,94.00,137.00,94.00
130.00,19.00,147.00,19.00,147.00,96.00,130.00,96.00
132.00,29.00,148.00,29.00,148.00,105.00,132.00,105.00
130.00,35.00,144.00,35.00,144.00,107.00,130.00,107.00
129.00,37.00,146.00,37.00,146.00,109.00,129.00,109.00
133.00,42.00,149.00,42.00,149.00,117.00,133.00,117.00
143.00,53.00,160.00,53.00,160.00,130.00,143.00,130.00
139.00,60.00,157.00,60.00,157.00,136.00,139.00,136.00
123.00,59.00,137.00,59.00,137.00,137.00,123.00,137.00
128.00,47.00,143.00,47.00,143.00,121.00,128.00,121.00
122.00,45.00,139.00,45.00,139.00,122.00,122.00,122.00
111.00,51.00,128.00,51.00,128.00,126.00,111.00,126.00
102.00,41.00,118.00,41.00,118.00,114.00,102.00,114.00
98.00,46.00,114.00,46.00,114.00,123.00,98.00,123.00
109.00,50.00,127.00,50.00,127.00,135.00,109.00,135.00
118.00,65.00,138.00,65.00,138.00,145.00,118.00,145.00
127.00,68.00,144.00,68.00,144.00,152.00,127.00,152.00
139.00,62.00,154.00,62.00,154.00,145.00,139.00,145.00
150.00,70.00,165.00,70.00,165.00,143.00,150.00,143.00
137.00,59.00,153.00,59.00,153.00,135.00,137.00,135.00
146.00,56.00,162.00,56.00,162.00,129.00,146.00,129.00
158.00,53.00,175.00,53.00,175.00,128.00,158.00,128.00
165.00,51.00,183.00,51.00,183.00,127.00,165.00,127.00
173.00,52.00,190.00,52.00,190.00,133.00,173.00,133.00
184.00,51.00,199.00,51.00,199.00,130.00,184.00,130.00
182.00,54.00,198.00,54.00,198.00,134.00,182.00,134.00
177.00,49.00,194.00,49.00,194.00,132.00,177.00,132.00
178.00,55.00,195.00,55.00,195.00,135.00,178.00,135.00
178.00,50.00,195.00,50.00,195.00,127.00,178.00,127.00
2
0
0
0
0
1
134.00,39.00,165.00,39.00,165.00,127.00,134.00,127.00
146.00,42.00,177.00,42.00,177.00,128.00,146.00,128.00
148.00,43.00,178.00,43.00,178.00,134.00,148.00,134.00
137.00,46.00,170.00,46.00,170.00,136.00,137.00,136.00
136.00,41.00,170.00,41.00,170.00,130.00,136.00,130.00
142.00,41.00,174.00,41.00,174.00,133.00,142.00,133.00
141.00,33.00,171.00,33.00,171.00,126.00,141.00,126.00
132.00,21.00,164.00,21.00,164.00,110.00,132.00,110.00
168.00,24.00,201.00,24.00,201.00,110.00,168.00,110.00
178.00,29.00,212.00,29.00,212.00,118.00,178.00,118.00
177.00,30.00,211.00,30.00,211.00,120.00,177.00,120.00
182.00,30.00,216.00,30.00,216.00,120.00,182.00,120.00
188.00,35.00,218.00,35.00,218.00,126.00,188.00,126.00
172.00,35.00,203.00,35.00,203.00,125.00,172.00,125.00
173.00,39.00,207.00,39.00,207.00,126.00,173.00,126.00
172.00,42.00,206.00,42.00,206.00,129.00,172.00,129.00
167.00,44.00,201.00,44.00,201.00,131.00,167.00,131.00
139.00,46.00,173.00,46.00,173.00,132.00,139.00,132.00
131.00,42.00,166.00,42.00,166.00,130.00,131.00,130.00
122.00,48.00,156.00,48.00,156.00,140.00,122.00,140.00
124.00,47.00,154.00,47.00,154.00,139.00,124.00,139.00
122.00,45.00,153.00,45.00,153.00,139.00,122.00,139.00
117.00,52.00,150.00,52.00,150.00,145.00,117.00,145.00
124.00,51.00,157.00,51.00,157.00,139.00,124.00,139.00
141.00,52.00,175.00,52.00,175.00,137.00,141.00,137.00
150.00,51.00,183.00,51.00,183.00,141.00,150.00,141.00
148.00,46.00,179.00,46.00,179.00,139.00,148.00,139.00
142.00,44.00,176.00,44.00,176.00,137.00,142.00,137.00
147.00,29.00,179.00,29.00,179.00,124.00,147.00,124.00
146.00,23.00,180.00,23.00,180.00,115.00,146.00,115.00
171.00,22.00,206.00,22.00,206.00,111.00,171.00,111.00
178.00,24.00,211.00,24.00,211.00,114.00,178.00,114.00
180.00,32.00,213.00,32.00,213.00,123.00,180.00,123.00
175.00,34.00,209.00,34.00,209.00,126.00,175.00,126.00
170.00,33.00,205.00,33.00,205.00,124.00,170.00,124.00
166.00,32.00,200.00,32.00,200.00,130.00,166.00,130.00
170.00,36.00,203.00,36.00,203.00,130.00,170.00,130.00
155.00,32.00,187.00,32.00,187.00,122.00,155.00,122.00
141.00,31.00,173.00,31.00,173.00,122.00,141.00,122.00
136.00,29.00,167.00,29.00,167.00,119.00,136.00,119.00
147.00,15.00,178.00,15.00,178.00,102.00,147.00,102.00
136.00,19.00,171.00,19.00,171.00,105.00,136.00,105.00
144.00,15.00,178.00,15.00,178.00,102.00,144.00,102.00
144.00,26.00,176.00,26.00,176.00,113.00,144.00,113.00
