1
509.00,197.00,564.00,197.00,564.00,230.00,509.00,230.00
504.00,196.00,558.00,196.00,558.00,230.00,504.00,230.00
491.00,198.00,547.00,198.00,547.00,229.00,491.00,229.00
482.00,197.00,536.00,197.00,536.00,231.00,482.00,231.00
476.00,198.00,532.00,198.00,532.00,228.00,476.00,228.00
457.00,196.00,513.00,196.00,513.00,226.00,457.00,226.00
438.00,192.00,495.00,192.00,495.00,223.00,438.00,223.00
435.00,191.00,491.00,191.00,491.00,222.00,435.00,222.00
422.00,183.00,479.00,183.00,479.00,214.00,422.00,214.00
409.00,177.00,466.00,177.00,466.00,208.00,409.00,208.00
392.00,175.00,449.00,175.00,449.00,206.00,392.00,206.00
381.00,180.00,438.00,180.00,438.00,211.00,381.00,211.00
360.00,171.00,416.00,171.00,416.00,202.00,360.00,202.00
348.00,137.00,404.00,137.00,404.00,168.00,348.00,168.00
350.00,185.00,405.00,185.00,405.00,215.00,350.00,215.00
332.00,183.00,388.00,183.00,388.00,213.00,332.00,213.00
335.00,180.00,391.00,180.00,391.00,210.00,335.00,210.00
311.00,176.00,368.00,176.00,368.00,207.00,311.00,207.00
323.00,174.00,379.00,174.00,379.00,204.00,323.00,204.00
302.00,168.00,359.00,168.00,359.00,198.00,302.00,198.00
279.00,168.00,336.00,168.00,336.00,198.00,279.00,198.00
272.00,159.00,330.00,159.00,330.00,190.00,272.00,190.00
252.00,165.00,310.00,165.00,310.00,196.00,252.00,196.00
255.00,164.00,313.00,164.00,313.00,195.00,255.00,195.00
262.00,160.00,319.00,160.00,319.00,191.00,262.00,191.00
262.00,158.00,319.00,158.00,319.00,189.00,262.00,189.00
253.00,156.00,309.00,156.00,309.00,186.00,253.00,186.00
255.00,150.00,312.00,150.00,312.00,180.00,255.00,180.00
227.00,157.00,284.00,157.00,284.00,187.00,227.00,187.00
228.00,152.00,285.00,152.00,285.00,182.00,228.00,182.00
227.00,170.00,284.00,170.00,284.00,200.00,227.00,200.00
242.00,168.00,300.00,168.00,300.00,199.00,242.00,199.00
228.00,167.00,286.00,167.00,286.00,198.00,228.00,198.00
2
0
0
0
0
1
158.00,156.00,207.00,156.00,207.00,205.00,158.00,205.00
156.00,161.00,205.00,161.00,205.00,210.00,156.00,210.00
155.00,170.00,205.00,170.00,205.00,220.00,155.00,220.00
158.00,174.00,208.00,174.00,208.00,224.00,158.00,224.00
160.00,178.00,209.00,178.00,209.00,227.00,160.00,227.00
169.00,170.00,218.00,170.00,218.00,219.00,169.00,219.00
166.00,160.00,214.00,160.00,214.00,208.00,166.00,208.00
166.00,175.00,214.00,175.00,214.00,223.00,166.00,223.00
178.00,182.00,227.00,182.00,227.00,231.00,178.00,231.00
184.00,182.00,233.00,182.00,233.00,231.00,184.00,231.00
185.00,185.00,233.00,185.00,233.00,233.00,185.00,233.00
189.00,188.00,237.00,188.00,237.00,236.00,189.00,236.00
191.00,190.00,239.00,190.00,239.00,238.00,191.00,238.00
187.00,194.00,234.00,194.00,234.00,241.00,187.00,241.00
200.00,194.00,246.00,194.00,246.00,240.00,200.00,240.00
194.00,188.00,240.00,188.00,240.00,234.00,194.00,234.00
2
0
0
0
0
1
171.00,178.00,211.00,178.00,211.00,217.00,171.00,217.00
175.00,180.00,214.00,180.00,214.00,219.00,175.00,219.00
177.00,182.00,219.00,182.00,219.00,221.00,177.00,221.00
176.00,181.00,221.00,181.00,221.00,223.00,176.00,223.00
182.00,180.00,224.00,180.00,224.00,221.00,182.00,221.00
185.00,182.00,227.00,182.00,227.00,223.00,185.00,223.00
188.00,181.00,230.00,181.00,230.00,222.00,188.00,222.00
188.00,189.00,229.00,189.00,229.00,229.00,188.00,229.00
207.00,194.00,248.00,194.00,248.00,234.00,207.00,234.00
190.00,192.00,231.00,192.00,231.00,232.00,190.00,232.00
189.00,180.00,230.00,180.00,230.00,220.00,189.00,220.00
190.00,184.00,231.00,184.00,231.00,224.00,190.00,224.00
196.00,183.00,237.00,183.00,237.00,223.00,196.00,223.00
197.00,196.00,238.00,196.00,238.00,236.00,197.00,236.00
2
0
0
0
0
1
228.00,218.00,270.00,218.00,270.00,253.00,228.00,253.00
231.00,220.00,275.00,220.00,275.00,255.00,231.00,255.00
240.00,222.00,280.00,222.00,280.00,258.00,240.00,258.00
247.00,226.00,287.00,226.00,287.00,262.00,247.00,262.00
247.00,224.00,287.00,224.00,287.00,260.00,247.00,260.00
238.00,216.00,278.00,216.00,278.00,252.00,238.00,252.00
235.00,217.00,275.00,217.00,275.00,253.00,235.00,253.00
237.00,218.00,277.00,218.00,277.00,254.00,237.00,254.00
241.00,220.00,282.00,220.00,282.00,257.00,241.00,257.00
232.00,228.00,274.00,228.00,274.00,266.00,232.00,266.00
239.00,246.00,281.00,246.00,281.00,284.00,239.00,284.00
230.00,268.00,272.00,268.00,272.00,306.00,230.00,306.00
2
0
0
0
0
1
253.00,242.00,318.00,242.00,318.00,288.00,253.00,288.00
254.00,246.00,318.00,246.00,318.00,293.00,254.00,293.00
255.00,246.00,318.00,246.00,318.00,294.00,255.00,294.00
255.00,248.00,317.00,248.00,317.00,294.00,255.00,294.00
253.00,232.00,315.00,232.00,315.00,278.00,253.00,278.00
254.00,236.00,316.00,236.00,316.00,282.00,254.00,282.00
259.00,238.00,321.00,238.00,321.00,284.00,259.00,284.00
260.00,240.00,323.00,240.00,323.00,287.00,260.00,287.00
263.00,258.00,325.00,258.00,325.00,304.00,263.00,304.00
264.00,263.00,326.00,263.00,326.00,309.00,264.00,309.00
263.00,261.00,326.00,261.00,326.00,307.00,263.00,307.00
263.00,245.00,325.00,245.00,325.00,290.00,263.00,290.00
241.00,239.00,305.00,239.00,305.00,285.00,241.00,285.00
237.00,239.00,301.00,239.00,301.00,285.00,237.00,285.00
235.00,244.00,299.00,244.00,299.00,290.00,235.00,290.00
237.00,272.00,301.00,272.00,301.00,318.00,237.00,318.00
238.00,255.00,303.00,255.00,303.00,301.00,238.00,301.00
235.00,278.00,300.00,278.00,300.00,324.00,235.00,324.00
249.00,267.00,314.00,267.00,314.00,313.00,249.00,313.00
255.00,279.00,321.00,279.00,321.00,326.00,255.00,326.00
252.00,272.00,318.00,272.00,318.00,319.00,252.00,319.00
255.00,279.00,322.00,279.00,322.00,327.00,255.00,327.00
257.00,278.00,325.00,278.00,325.00,327.00,257.00,327.00
249.00,279.00,318.00,279.00,318.00,329.00,249.00,329.00
245.00,292.00,315.00,292.00,315.00,342.00,245.00,342.00
248.00,268.00,317.00,268.00,317.00,318.00,248.00,318.00
250.00,297.00,319.00,297.00,319.00,347.00,250.00,347.00
267.00,268.00,336.00,268.00,336.00,318.00,267.00,318.00
2
0
0
0
0
1
243.00,317.00,306.00,317.00,306.00,356.00,243.00,356.00
243.00,320.00,308.00,320.00,308.00,359.00,243.00,359.00
246.00,321.00,307.00,321.00,307.00,364.00,246.00,364.00
245.00,330.00,306.00,330.00,306.00,373.00,245.00,373.00
246.00,330.00,307.00,330.00,307.00,373.00,246.00,373.00
230.00,340.00,290.00,340.00,290.00,382.00,230.00,382.00
236.00,344.00,297.00,344.00,297.00,386.00,236.00,386.00
268.00,344.00,329.00,344.00,329.00,386.00,268.00,386.00
269.00,344.00,330.00,344.00,330.00,386.00,269.00,386.00
275.00,345.00,336.00,345.00,336.00,387.00,275.00,387.00
2
0
0
0
0
1
233.00,343.00,293.00,343.00,293.00,380.00,233.00,380.00
235.00,344.00,290.00,344.00,290.00,378.00,235.00,378.00
228.00,345.00,283.00,345.00,283.00,379.00,228.00,379.00
230.00,346.00,285.00,346.00,285.00,380.00,230.00,380.00
233.00,346.00,288.00,346.00,288.00,380.00,233.00,380.00
231.00,345.00,287.00,345.00,287.00,380.00,231.00,380.00
232.00,340.00,289.00,340.00,289.00,376.00,232.00,376.00
214.00,337.00,272.00,337.00,272.00,373.00,214.00,373.00
