1
231.00,139.00,286.00,139.00,286.00,208.00,231.00,208.00
228.00,141.00,286.00,141.00,286.00,210.00,228.00,210.00
230.00,142.00,285.00,142.00,285.00,211.00,230.00,211.00
229.00,143.00,283.00,143.00,283.00,213.00,229.00,213.00
228.00,142.00,283.00,142.00,283.00,211.00,228.00,211.00
226.00,142.00,280.00,142.00,280.00,209.00,226.00,209.00
225.00,139.00,279.00,139.00,279.00,204.00,225.00,204.00
224.00,143.00,278.00,143.00,278.00,210.00,224.00,210.00
224.00,134.00,276.00,134.00,276.00,196.00,224.00,196.00
223.00,127.00,274.00,127.00,274.00,190.00,223.00,190.00
221.00,125.00,272.00,125.00,272.00,187.00,221.00,187.00
201.00,96.00,255.00,96.00,255.00,162.00,201.00,162.00
200.00,93.00,255.00,93.00,255.00,162.00,200.00,162.00
195.00,91.00,248.00,91.00,248.00,153.00,195.00,153.00
195.00,88.00,249.00,88.00,249.00,151.00,195.00,151.00
195.00,86.00,251.00,86.00,251.00,151.00,195.00,151.00
196.00,88.00,252.00,88.00,252.00,153.00,196.00,153.00
195.00,88.00,252.00,88.00,252.00,153.00,195.00,153.00
195.00,89.00,253.00,89.00,253.00,153.00,195.00,153.00
195.00,89.00,253.00,89.00,253.00,155.00,195.00,155.00
194.00,90.00,253.00,90.00,253.00,157.00,194.00,157.00
195.00,90.00,254.00,90.00,254.00,160.00,195.00,160.00
193.00,91.00,253.00,91.00,253.00,162.00,193.00,162.00
195.00,93.00,255.00,93.00,255.00,165.00,195.00,165.00
196.00,97.00,256.00,97.00,256.00,169.00,196.00,169.00
198.00,100.00,258.00,100.00,258.00,171.00,198.00,171.00
200.00,103.00,260.00,103.00,260.00,177.00,200.00,177.00
201.00,106.00,259.00,106.00,259.00,177.00,201.00,177.00
204.00,105.00,263.00,105.00,263.00,178.00,204.00,178.00
205.00,102.00,264.00,102.00,264.00,178.00,205.00,178.00
206.00,98.00,265.00,98.00,265.00,173.00,206.00,173.00
208.00,94.00,266.00,94.00,266.00,168.00,208.00,168.00
208.00,88.00,266.00,88.00,266.00,163.00,208.00,163.00
209.00,82.00,268.00,82.00,268.00,157.00,209.00,157.00
209.00,78.00,268.00,78.00,268.00,154.00,209.00,154.00
211.00,74.00,270.00,74.00,270.00,148.00,211.00,148.00
212.00,73.00,271.00,73.00,271.00,146.00,212.00,146.00
215.00,71.00,275.00,71.00,275.00,144.00,215.00,144.00
216.00,72.00,276.00,72.00,276.00,145.00,216.00,145.00
218.00,72.00,278.00,72.00,278.00,147.00,218.00,147.00
219.00,75.00,279.00,75.00,279.00,151.00,219.00,151.00
220.00,77.00,281.00,77.00,281.00,154.00,220.00,154.00
220.00,81.00,282.00,81.00,282.00,159.00,220.00,159.00
219.00,85.00,281.00,85.00,281.00,164.00,219.00,164.00
219.00,90.00,282.00,90.00,282.00,166.00,219.00,166.00
220.00,95.00,283.00,95.00,283.00,173.00,220.00,173.00
220.00,102.00,283.00,102.00,283.00,182.00,220.00,182.00
222.00,106.00,286.00,106.00,286.00,188.00,222.00,188.00
221.00,110.00,287.00,110.00,287.00,187.00,221.00,187.00
225.00,118.00,289.00,118.00,289.00,197.00,225.00,197.00
224.00,120.00,291.00,120.00,291.00,196.00,224.00,196.00
227.00,122.00,295.00,122.00,295.00,199.00,227.00,199.00
230.00,117.00,297.00,117.00,297.00,196.00,230.00,196.00
233.00,109.00,300.00,109.00,300.00,188.00,233.00,188.00
236.00,100.00,303.00,100.00,303.00,180.00,236.00,180.00
239.00,92.00,304.00,92.00,304.00,173.00,239.00,173.00
242.00,86.00,303.00,86.00,303.00,166.00,242.00,166.00
243.00,82.00,303.00,82.00,303.00,156.00,243.00,156.00
243.00,79.00,303.00,79.00,303.00,160.00,243.00,160.00
242.00,81.00,303.00,81.00,303.00,163.00,242.00,163.00
235.00,97.00,295.00,97.00,295.00,177.00,235.00,177.00
238.00,100.00,298.00,100.00,298.00,181.00,238.00,181.00
237.00,105.00,297.00,105.00,297.00,186.00,237.00,186.00
240.00,107.00,300.00,107.00,300.00,188.00,240.00,188.00
245.00,105.00,308.00,105.00,308.00,181.00,245.00,181.00
245.00,104.00,308.00,104.00,308.00,179.00,245.00,179.00
246.00,100.00,308.00,100.00,308.00,173.00,246.00,173.00
246.00,100.00,308.00,100.00,308.00,176.00,246.00,176.00
247.00,98.00,309.00,98.00,309.00,173.00,247.00,173.00
248.00,97.00,312.00,97.00,312.00,175.00,248.00,175.00
248.00,101.00,312.00,101.00,312.00,180.00,248.00,180.00
248.00,103.00,312.00,103.00,312.00,184.00,248.00,184.00
249.00,107.00,314.00,107.00,314.00,189.00,249.00,189.00
249.00,110.00,315.00,110.00,315.00,192.00,249.00,192.00
247.00,112.00,316.00,112.00,316.00,193.00,247.00,193.00
248.00,109.00,317.00,109.00,317.00,193.00,248.00,193.00
248.00,105.00,318.00,105.00,318.00,191.00,248.00,191.00
249.00,99.00,317.00,99.00,317.00,183.00,249.00,183.00
250.00,90.00,317.00,90.00,317.00,175.00,250.00,175.00
254.00,79.00,320.00,79.00,320.00,168.00,254.00,168.00
255.00,68.00,318.00,68.00,318.00,152.00,255.00,152.00
256.00,63.00,317.00,63.00,317.00,146.00,256.00,146.00
257.00,59.00,319.00,59.00,319.00,141.00,257.00,141.00
257.00,59.00,320.00,59.00,320.00,141.00,257.00,141.00
258.00,58.00,321.00,58.00,321.00,139.00,258.00,139.00
257.00,62.00,319.00,62.00,319.00,141.00,257.00,141.00
259.00,60.00,324.00,60.00,324.00,139.00,259.00,139.00
258.00,66.00,325.00,66.00,325.00,148.00,258.00,148.00
258.00,69.00,325.00,69.00,325.00,150.00,258.00,150.00
259.00,68.00,324.00,68.00,324.00,148.00,259.00,148.00
259.00,71.00,325.00,71.00,325.00,153.00,259.00,153.00
261.00,69.00,326.00,69.00,326.00,150.00,261.00,150.00
261.00,70.00,327.00,70.00,327.00,155.00,261.00,155.00
261.00,74.00,327.00,74.00,327.00,159.00,261.00,159.00
258.00,75.00,326.00,75.00,326.00,162.00,258.00,162.00
255.00,80.00,323.00,80.00,323.00,168.00,255.00,168.00
253.00,85.00,323.00,85.00,323.00,174.00,253.00,174.00
249.00,93.00,324.00,93.00,324.00,182.00,249.00,182.00
243.00,97.00,322.00,97.00,322.00,184.00,243.00,184.00
237.00,94.00,316.00,94.00,316.00,181.00,237.00,181.00
234.00,86.00,313.00,86.00,313.00,175.00,234.00,175.00
234.00,75.00,309.00,75.00,309.00,162.00,234.00,162.00
234.00,64.00,309.00,64.00,309.00,154.00,234.00,154.00
239.00,57.00,309.00,57.00,309.00,145.00,239.00,145.00
241.00,48.00,311.00,48.00,311.00,136.00,241.00,136.00
243.00,47.00,314.00,47.00,314.00,135.00,243.00,135.00
245.00,56.00,317.00,56.00,317.00,144.00,245.00,144.00
249.00,63.00,322.00,63.00,322.00,156.00,249.00,156.00
250.00,71.00,323.00,71.00,323.00,161.00,250.00,161.00
253.00,79.00,324.00,79.00,324.00,173.00,253.00,173.00
253.00,78.00,327.00,78.00,327.00,168.00,253.00,168.00
253.00,85.00,324.00,85.00,324.00,175.00,253.00,175.00
252.00,84.00,325.00,84.00,325.00,174.00,252.00,174.00
250.00,85.00,325.00,85.00,325.00,175.00,250.00,175.00
248.00,87.00,323.00,87.00,323.00,180.00,248.00,180.00
247.00,85.00,323.00,85.00,323.00,182.00,247.00,182.00
246.00,84.00,323.00,84.00,323.00,182.00,246.00,182.00
243.00,79.00,321.00,79.00,321.00,178.00,243.00,178.00
240.00,72.00,317.00,72.00,317.00,174.00,240.00,174.00
237.00,79.00,315.00,79.00,315.00,179.00,237.00,179.00
234.00,84.00,315.00,84.00,315.00,181.00,234.00,181.00
230.00,90.00,313.00,90.00,313.00,185.00,230.00,185.00
231.00,93.00,313.00,93.00,313.00,185.00,231.00,185.00
233.00,90.00,314.00,90.00,314.00,183.00,233.00,183.00
236.00,83.00,314.00,83.00,314.00,174.00,236.00,174.00
240.00,72.00,319.00,72.00,319.00,164.00,240.00,164.00
245.00,63.00,323.00,63.00,323.00,156.00,245.00,156.00
249.00,58.00,324.00,58.00,324.00,152.00,249.00,152.00
254.00,56.00,325.00,56.00,325.00,148.00,254.00,148.00
255.00,59.00,329.00,59.00,329.00,152.00,255.00,152.00
259.00,67.00,335.00,67.00,335.00,157.00,259.00,157.00
263.00,76.00,340.00,76.00,340.00,164.00,263.00,164.00
268.00,89.00,343.00,89.00,343.00,177.00,268.00,177.00
266.00,94.00,342.00,94.00,342.00,179.00,266.00,179.00
267.00,96.00,341.00,96.00,341.00,183.00,267.00,183.00
266.00,98.00,342.00,98.00,342.00,186.00,266.00,186.00
264.00,96.00,341.00,96.00,341.00,185.00,264.00,185.00
265.00,96.00,345.00,96.00,345.00,189.00,265.00,189.00
263.00,94.00,342.00,94.00,342.00,191.00,263.00,191.00
257.00,94.00,335.00,94.00,335.00,188.00,257.00,188.00
255.00,95.00,334.00,95.00,334.00,192.00,255.00,192.00
250.00,93.00,332.00,93.00,332.00,190.00,250.00,190.00
248.00,98.00,330.00,98.00,330.00,195.00,248.00,195.00
240.00,104.00,323.00,104.00,323.00,195.00,240.00,195.00
232.00,104.00,316.00,104.00,316.00,195.00,232.00,195.00
227.00,106.00,315.00,106.00,315.00,197.00,227.00,197.00
226.00,101.00,312.00,101.00,312.00,193.00,226.00,193.00
227.00,97.00,310.00,97.00,310.00,188.00,227.00,188.00
232.00,86.00,314.00,86.00,314.00,182.00,232.00,182.00
236.00,76.00,317.00,76.00,317.00,175.00,236.00,175.00
238.00,67.00,319.00,67.00,319.00,168.00,238.00,168.00
242.00,58.00,320.00,58.00,320.00,156.00,242.00,156.00
244.00,58.00,325.00,58.00,325.00,153.00,244.00,153.00
250.00,65.00,331.00,65.00,331.00,159.00,250.00,159.00
250.00,70.00,332.00,70.00,332.00,161.00,250.00,161.00
253.00,77.00,334.00,77.00,334.00,173.00,253.00,173.00
251.00,86.00,331.00,86.00,331.00,180.00,251.00,180.00
249.00,94.00,326.00,94.00,326.00,185.00,249.00,185.00
249.00,97.00,331.00,97.00,331.00,193.00,249.00,193.00
246.00,99.00,329.00,99.00,329.00,192.00,246.00,192.00
243.00,98.00,328.00,98.00,328.00,193.00,243.00,193.00
241.00,98.00,325.00,98.00,325.00,193.00,241.00,193.00
238.00,93.00,324.00,93.00,324.00,188.00,238.00,188.00
232.00,90.00,320.00,90.00,320.00,184.00,232.00,184.00
231.00,87.00,315.00,87.00,315.00,185.00,231.00,185.00
227.00,82.00,310.00,82.00,310.00,182.00,227.00,182.00
223.00,82.00,309.00,82.00,309.00,186.00,223.00,186.00
218.00,87.00,309.00,87.00,309.00,189.00,218.00,189.00
213.00,95.00,306.00,95.00,306.00,194.00,213.00,194.00
210.00,98.00,304.00,98.00,304.00,197.00,210.00,197.00
211.00,94.00,304.00,94.00,304.00,187.00,211.00,187.00
213.00,89.00,307.00,89.00,307.00,191.00,213.00,191.00
218.00,81.00,306.00,81.00,306.00,184.00,218.00,184.00
220.00,74.00,305.00,74.00,305.00,175.00,220.00,175.00
224.00,65.00,306.00,65.00,306.00,165.00,224.00,165.00
227.00,60.00,309.00,60.00,309.00,161.00,227.00,161.00
233.00,58.00,313.00,58.00,313.00,151.00,233.00,151.00
239.00,67.00,315.00,67.00,315.00,155.00,239.00,155.00
242.00,73.00,318.00,73.00,318.00,165.00,242.00,165.00
241.00,79.00,316.00,79.00,316.00,166.00,241.00,166.00
242.00,82.00,316.00,82.00,316.00,164.00,242.00,164.00
242.00,89.00,315.00,89.00,315.00,172.00,242.00,172.00
242.00,92.00,315.00,92.00,315.00,175.00,242.00,175.00
241.00,93.00,315.00,93.00,315.00,177.00,241.00,177.00
242.00,94.00,317.00,94.00,317.00,179.00,242.00,179.00
239.00,94.00,313.00,94.00,313.00,177.00,239.00,177.00
237.00,92.00,311.00,92.00,311.00,178.00,237.00,178.00
235.00,92.00,308.00,92.00,308.00,177.00,235.00,177.00
231.00,94.00,307.00,94.00,307.00,183.00,231.00,183.00
228.00,97.00,305.00,97.00,305.00,187.00,228.00,187.00
223.00,97.00,306.00,97.00,306.00,188.00,223.00,188.00
218.00,103.00,304.00,103.00,304.00,193.00,218.00,193.00
216.00,101.00,304.00,101.00,304.00,188.00,216.00,188.00
215.00,103.00,301.00,103.00,301.00,191.00,215.00,191.00
214.00,97.00,298.00,97.00,298.00,187.00,214.00,187.00
216.00,89.00,298.00,89.00,298.00,182.00,216.00,182.00
215.00,81.00,293.00,81.00,293.00,173.00,215.00,173.00
213.00,71.00,289.00,71.00,289.00,163.00,213.00,163.00
214.00,59.00,289.00,59.00,289.00,150.00,214.00,150.00
214.00,52.00,288.00,52.00,288.00,143.00,214.00,143.00
213.00,49.00,286.00,49.00,286.00,139.00,213.00,139.00
213.00,44.00,284.00,44.00,284.00,133.00,213.00,133.00
212.00,43.00,282.00,43.00,282.00,132.00,212.00,132.00
213.00,42.00,283.00,42.00,283.00,133.00,213.00,133.00
213.00,47.00,282.00,47.00,282.00,137.00,213.00,137.00
214.00,52.00,282.00,52.00,282.00,141.00,214.00,141.00
212.00,57.00,280.00,57.00,280.00,144.00,212.00,144.00
212.00,58.00,282.00,58.00,282.00,149.00,212.00,149.00
211.00,65.00,281.00,65.00,281.00,157.00,211.00,157.00
212.00,69.00,283.00,69.00,283.00,160.00,212.00,160.00
211.00,79.00,280.00,79.00,280.00,168.00,211.00,168.00
210.00,82.00,281.00,82.00,281.00,169.00,210.00,169.00
212.00,89.00,282.00,89.00,282.00,177.00,212.00,177.00
214.00,91.00,284.00,91.00,284.00,180.00,214.00,180.00
215.00,98.00,285.00,98.00,285.00,187.00,215.00,187.00
219.00,99.00,288.00,99.00,288.00,187.00,219.00,187.00
220.00,103.00,288.00,103.00,288.00,191.00,220.00,191.00
222.00,103.00,290.00,103.00,290.00,188.00,222.00,188.00
223.00,100.00,291.00,100.00,291.00,185.00,223.00,185.00
227.00,93.00,294.00,93.00,294.00,177.00,227.00,177.00
230.00,86.00,297.00,86.00,297.00,169.00,230.00,169.00
231.00,79.00,299.00,79.00,299.00,163.00,231.00,163.00
230.00,74.00,298.00,74.00,298.00,156.00,230.00,156.00
232.00,67.00,301.00,67.00,301.00,148.00,232.00,148.00
232.00,60.00,301.00,60.00,301.00,143.00,232.00,143.00
233.00,51.00,303.00,51.00,303.00,138.00,233.00,138.00
233.00,45.00,302.00,45.00,302.00,132.00,233.00,132.00
236.00,38.00,308.00,38.00,308.00,127.00,236.00,127.00
236.00,34.00,307.00,34.00,307.00,119.00,236.00,119.00
238.00,27.00,313.00,27.00,313.00,112.00,238.00,112.00
240.00,26.00,315.00,26.00,315.00,112.00,240.00,112.00
241.00,28.00,316.00,28.00,316.00,111.00,241.00,111.00
242.00,28.00,318.00,28.00,318.00,111.00,242.00,111.00
244.00,29.00,320.00,29.00,320.00,114.00,244.00,114.00
245.00,30.00,323.00,30.00,323.00,116.00,245.00,116.00
245.00,32.00,326.00,32.00,326.00,118.00,245.00,118.00
247.00,37.00,327.00,37.00,327.00,125.00,247.00,125.00
246.00,39.00,330.00,39.00,330.00,129.00,246.00,129.00
246.00,43.00,336.00,43.00,336.00,137.00,246.00,137.00
242.00,51.00,335.00,51.00,335.00,147.00,242.00,147.00
238.00,58.00,334.00,58.00,334.00,159.00,238.00,159.00
237.00,60.00,332.00,60.00,332.00,162.00,237.00,162.00
231.00,60.00,327.00,60.00,327.00,165.00,231.00,165.00
227.00,54.00,325.00,54.00,325.00,159.00,227.00,159.00
221.00,47.00,321.00,47.00,321.00,152.00,221.00,152.00
217.00,41.00,316.00,41.00,316.00,147.00,217.00,147.00
212.00,35.00,310.00,35.00,310.00,139.00,212.00,139.00
208.00,27.00,304.00,27.00,304.00,132.00,208.00,132.00
204.00,28.00,294.00,28.00,294.00,131.00,204.00,131.00
201.00,26.00,290.00,26.00,290.00,130.00,201.00,130.00
199.00,28.00,286.00,28.00,286.00,129.00,199.00,129.00
195.00,30.00,282.00,30.00,282.00,129.00,195.00,129.00
195.00,29.00,282.00,29.00,282.00,129.00,195.00,129.00
190.00,34.00,277.00,34.00,277.00,135.00,190.00,135.00
189.00,36.00,273.00,36.00,273.00,136.00,189.00,136.00
184.00,40.00,269.00,40.00,269.00,139.00,184.00,139.00
179.00,43.00,266.00,43.00,266.00,143.00,179.00,143.00
175.00,44.00,262.00,44.00,262.00,144.00,175.00,144.00
175.00,46.00,258.00,46.00,258.00,147.00,175.00,147.00
170.00,50.00,253.00,50.00,253.00,151.00,170.00,151.00
165.00,53.00,249.00,53.00,249.00,155.00,165.00,155.00
161.00,58.00,244.00,58.00,244.00,164.00,161.00,164.00
155.00,66.00,241.00,66.00,241.00,169.00,155.00,169.00
152.00,74.00,242.00,74.00,242.00,174.00,152.00,174.00
149.00,78.00,244.00,78.00,244.00,177.00,149.00,177.00
151.00,78.00,247.00,78.00,247.00,178.00,151.00,178.00
157.00,74.00,248.00,74.00,248.00,176.00,157.00,176.00
162.00,65.00,252.00,65.00,252.00,169.00,162.00,169.00
167.00,53.00,255.00,53.00,255.00,157.00,167.00,157.00
173.00,43.00,259.00,43.00,259.00,148.00,173.00,148.00
179.00,33.00,263.00,33.00,263.00,134.00,179.00,134.00
182.00,26.00,269.00,26.00,269.00,126.00,182.00,126.00
186.00,24.00,270.00,24.00,270.00,123.00,186.00,123.00
188.00,22.00,275.00,22.00,275.00,121.00,188.00,121.00
192.00,21.00,278.00,21.00,278.00,120.00,192.00,120.00
196.00,19.00,284.00,19.00,284.00,117.00,196.00,117.00
201.00,18.00,288.00,18.00,288.00,117.00,201.00,117.00
206.00,19.00,295.00,19.00,295.00,120.00,206.00,120.00
208.00,20.00,300.00,20.00,300.00,121.00,208.00,121.00
211.00,20.00,306.00,20.00,306.00,118.00,211.00,118.00
214.00,25.00,307.00,25.00,307.00,127.00,214.00,127.00
214.00,29.00,310.00,29.00,310.00,130.00,214.00,130.00
216.00,33.00,312.00,33.00,312.00,133.00,216.00,133.00
219.00,41.00,315.00,41.00,315.00,144.00,219.00,144.00
221.00,47.00,319.00,47.00,319.00,147.00,221.00,147.00
223.00,55.00,322.00,55.00,322.00,153.00,223.00,153.00
221.00,62.00,322.00,62.00,322.00,160.00,221.00,160.00
216.00,71.00,316.00,71.00,316.00,179.00,216.00,179.00
212.00,71.00,312.00,71.00,312.00,182.00,212.00,182.00
204.00,68.00,304.00,68.00,304.00,180.00,204.00,180.00
197.00,60.00,297.00,60.00,297.00,170.00,197.00,170.00
193.00,46.00,292.00,46.00,292.00,156.00,193.00,156.00
190.00,34.00,287.00,34.00,287.00,140.00,190.00,140.00
185.00,28.00,278.00,28.00,278.00,132.00,185.00,132.00
182.00,20.00,273.00,20.00,273.00,119.00,182.00,119.00
177.00,15.00,266.00,15.00,266.00,115.00,177.00,115.00
173.00,12.00,261.00,12.00,261.00,111.00,173.00,111.00
172.00,14.00,255.00,14.00,255.00,114.00,172.00,114.00
167.00,20.00,251.00,20.00,251.00,123.00,167.00,123.00
164.00,25.00,250.00,25.00,250.00,126.00,164.00,126.00
164.00,35.00,249.00,35.00,249.00,133.00,164.00,133.00
161.00,41.00,243.00,41.00,243.00,143.00,161.00,143.00
158.00,46.00,244.00,46.00,244.00,146.00,158.00,146.00
156.00,42.00,243.00,42.00,243.00,140.00,156.00,140.00
154.00,44.00,241.00,44.00,241.00,143.00,154.00,143.00
152.00,47.00,237.00,47.00,237.00,147.00,152.00,147.00
150.00,46.00,232.00,46.00,232.00,148.00,150.00,148.00
148.00,52.00,228.00,52.00,228.00,156.00,148.00,156.00
147.00,55.00,225.00,55.00,225.00,157.00,147.00,157.00
145.00,63.00,224.00,63.00,224.00,163.00,145.00,163.00
144.00,69.00,225.00,69.00,225.00,168.00,144.00,168.00
141.00,73.00,224.00,73.00,224.00,169.00,141.00,169.00
140.00,76.00,226.00,76.00,226.00,171.00,140.00,171.00
142.00,71.00,229.00,71.00,229.00,167.00,142.00,167.00
147.00,62.00,231.00,62.00,231.00,155.00,147.00,155.00
151.00,49.00,234.00,49.00,234.00,143.00,151.00,143.00
155.00,35.00,236.00,35.00,236.00,129.00,155.00,129.00
160.00,25.00,239.00,25.00,239.00,120.00,160.00,120.00
163.00,20.00,242.00,20.00,242.00,116.00,163.00,116.00
166.00,14.00,244.00,14.00,244.00,111.00,166.00,111.00
170.00,15.00,247.00,15.00,247.00,113.00,170.00,113.00
172.00,14.00,250.00,14.00,250.00,111.00,172.00,111.00
175.00,13.00,253.00,13.00,253.00,109.00,175.00,109.00
177.00,11.00,256.00,11.00,256.00,106.00,177.00,106.00
179.00,12.00,259.00,12.00,259.00,107.00,179.00,107.00
180.00,13.00,262.00,13.00,262.00,109.00,180.00,109.00
182.00,13.00,264.00,13.00,264.00,110.00,182.00,110.00
183.00,17.00,266.00,17.00,266.00,113.00,183.00,113.00
183.00,20.00,266.00,20.00,266.00,116.00,183.00,116.00
184.00,23.00,267.00,23.00,267.00,120.00,184.00,120.00
184.00,28.00,269.00,28.00,269.00,126.00,184.00,126.00
185.00,35.00,269.00,35.00,269.00,132.00,185.00,132.00
183.00,42.00,268.00,42.00,268.00,138.00,183.00,138.00
184.00,48.00,270.00,48.00,270.00,146.00,184.00,146.00
181.00,54.00,271.00,54.00,271.00,150.00,181.00,150.00
182.00,54.00,272.00,54.00,272.00,154.00,182.00,154.00
180.00,53.00,270.00,53.00,270.00,152.00,180.00,152.00
176.00,50.00,268.00,50.00,268.00,149.00,176.00,149.00
176.00,44.00,268.00,44.00,268.00,146.00,176.00,146.00
176.00,37.00,267.00,37.00,267.00,140.00,176.00,140.00
177.00,32.00,266.00,32.00,266.00,136.00,177.00,136.00
177.00,24.00,265.00,24.00,265.00,129.00,177.00,129.00
176.00,22.00,264.00,22.00,264.00,124.00,176.00,124.00
176.00,22.00,264.00,22.00,264.00,125.00,176.00,125.00
175.00,24.00,261.00,24.00,261.00,123.00,175.00,123.00
174.00,24.00,258.00,24.00,258.00,122.00,174.00,122.00
174.00,23.00,259.00,23.00,259.00,121.00,174.00,121.00
175.00,25.00,260.00,25.00,260.00,124.00,175.00,124.00
174.00,25.00,259.00,25.00,259.00,123.00,174.00,123.00
174.00,26.00,259.00,26.00,259.00,122.00,174.00,122.00
173.00,26.00,257.00,26.00,257.00,121.00,173.00,121.00
172.00,29.00,257.00,29.00,257.00,124.00,172.00,124.00
171.00,32.00,256.00,32.00,256.00,128.00,171.00,128.00
168.00,33.00,252.00,33.00,252.00,126.00,168.00,126.00
166.00,40.00,250.00,40.00,250.00,132.00,166.00,132.00
162.00,50.00,245.00,50.00,245.00,141.00,162.00,141.00
159.00,57.00,242.00,57.00,242.00,147.00,159.00,147.00
156.00,69.00,237.00,69.00,237.00,156.00,156.00,156.00
152.00,73.00,232.00,73.00,232.00,162.00,152.00,162.00
151.00,83.00,228.00,83.00,228.00,171.00,151.00,171.00
148.00,90.00,226.00,90.00,226.00,178.00,148.00,178.00
141.00,95.00,221.00,95.00,221.00,184.00,141.00,184.00
139.00,100.00,220.00,100.00,220.00,191.00,139.00,191.00
136.00,103.00,218.00,103.00,218.00,195.00,136.00,195.00
