1
65.00,56.00,140.00,56.00,140.00,334.00,65.00,334.00
68.00,57.00,143.00,57.00,143.00,332.00,68.00,332.00
71.00,56.00,145.00,56.00,145.00,330.00,71.00,330.00
74.00,57.00,148.00,57.00,148.00,330.00,74.00,330.00
77.00,59.00,151.00,59.00,151.00,330.00,77.00,330.00
80.00,59.00,154.00,59.00,154.00,328.00,80.00,328.00
82.00,59.00,156.00,59.00,156.00,327.00,82.00,327.00
86.00,57.00,159.00,57.00,159.00,326.00,86.00,326.00
89.00,57.00,162.00,57.00,162.00,328.00,89.00,328.00
92.00,59.00,165.00,59.00,165.00,327.00,92.00,327.00
96.00,58.00,167.00,58.00,167.00,327.00,96.00,327.00
99.00,60.00,169.00,60.00,169.00,327.00,99.00,327.00
102.00,60.00,173.00,60.00,173.00,327.00,102.00,327.00
105.00,63.00,176.00,63.00,176.00,328.00,105.00,328.00
108.00,64.00,178.00,64.00,178.00,329.00,108.00,329.00
112.00,65.00,181.00,65.00,181.00,327.00,112.00,327.00
114.00,64.00,184.00,64.00,184.00,327.00,114.00,327.00
117.00,64.00,187.00,64.00,187.00,324.00,117.00,324.00
120.00,65.00,189.00,65.00,189.00,325.00,120.00,325.00
123.00,66.00,192.00,66.00,192.00,326.00,123.00,326.00
125.00,65.00,193.00,65.00,193.00,325.00,125.00,325.00
128.00,63.00,197.00,63.00,197.00,328.00,128.00,328.00
131.00,65.00,199.00,65.00,199.00,329.00,131.00,329.00
134.00,62.00,202.00,62.00,202.00,327.00,134.00,327.00
136.00,61.00,204.00,61.00,204.00,329.00,136.00,329.00
139.00,62.00,207.00,62.00,207.00,326.00,139.00,326.00
142.00,65.00,209.00,65.00,209.00,328.00,142.00,328.00
144.00,64.00,211.00,64.00,211.00,328.00,144.00,328.00
146.00,65.00,213.00,65.00,213.00,327.00,146.00,327.00
149.00,66.00,216.00,66.00,216.00,327.00,149.00,327.00
151.00,69.00,218.00,69.00,218.00,325.00,151.00,325.00
154.00,71.00,219.00,71.00,219.00,322.00,154.00,322.00
156.00,69.00,222.00,69.00,222.00,327.00,156.00,327.00
160.00,67.00,225.00,67.00,225.00,324.00,160.00,324.00
162.00,66.00,227.00,66.00,227.00,323.00,162.00,323.00
164.00,71.00,228.00,71.00,228.00,322.00,164.00,322.00
168.00,69.00,232.00,69.00,232.00,318.00,168.00,318.00
170.00,71.00,232.00,71.00,232.00,316.00,170.00,316.00
172.00,72.00,233.00,72.00,233.00,316.00,172.00,316.00
175.00,71.00,236.00,71.00,236.00,313.00,175.00,313.00
178.00,73.00,238.00,73.00,238.00,316.00,178.00,316.00
178.00,71.00,240.00,71.00,240.00,314.00,178.00,314.00
181.00,70.00,243.00,70.00,243.00,309.00,181.00,309.00
183.00,72.00,245.00,72.00,245.00,310.00,183.00,310.00
185.00,73.00,247.00,73.00,247.00,310.00,185.00,310.00
187.00,72.00,248.00,72.00,248.00,308.00,187.00,308.00
189.00,71.00,250.00,71.00,250.00,307.00,189.00,307.00
191.00,71.00,251.00,71.00,251.00,309.00,191.00,309.00
192.00,71.00,252.00,71.00,252.00,309.00,192.00,309.00
195.00,68.00,255.00,68.00,255.00,304.00,195.00,304.00
196.00,73.00,256.00,73.00,256.00,301.00,196.00,301.00
199.00,73.00,258.00,73.00,258.00,297.00,199.00,297.00
201.00,75.00,260.00,75.00,260.00,300.00,201.00,300.00
204.00,79.00,263.00,79.00,263.00,301.00,204.00,301.00
205.00,77.00,263.00,77.00,263.00,298.00,205.00,298.00
208.00,75.00,266.00,75.00,266.00,294.00,208.00,294.00
210.00,75.00,267.00,75.00,267.00,294.00,210.00,294.00
211.00,75.00,268.00,75.00,268.00,297.00,211.00,297.00
213.00,76.00,270.00,76.00,270.00,292.00,213.00,292.00
215.00,75.00,271.00,75.00,271.00,292.00,215.00,292.00
216.00,80.00,274.00,80.00,274.00,296.00,216.00,296.00
218.00,80.00,274.00,80.00,274.00,297.00,218.00,297.00
220.00,78.00,276.00,78.00,276.00,292.00,220.00,292.00
220.00,78.00,276.00,78.00,276.00,292.00,220.00,292.00
223.00,80.00,279.00,80.00,279.00,293.00,223.00,293.00
223.00,86.00,279.00,86.00,279.00,299.00,223.00,299.00
226.00,81.00,282.00,81.00,282.00,292.00,226.00,292.00
227.00,83.00,282.00,83.00,282.00,293.00,227.00,293.00
228.00,85.00,283.00,85.00,283.00,292.00,228.00,292.00
230.00,86.00,285.00,86.00,285.00,293.00,230.00,293.00
231.00,85.00,286.00,85.00,286.00,291.00,231.00,291.00
231.00,88.00,288.00,88.00,288.00,299.00,231.00,299.00
232.00,84.00,289.00,84.00,289.00,293.00,232.00,293.00
233.00,86.00,290.00,86.00,290.00,296.00,233.00,296.00
234.00,86.00,291.00,86.00,291.00,296.00,234.00,296.00
235.00,86.00,291.00,86.00,291.00,293.00,235.00,293.00
235.00,92.00,292.00,92.00,292.00,297.00,235.00,297.00
237.00,95.00,297.00,95.00,297.00,300.00,237.00,300.00
238.00,95.00,294.00,95.00,294.00,297.00,238.00,297.00
242.00,89.00,296.00,89.00,296.00,288.00,242.00,288.00
243.00,93.00,298.00,93.00,298.00,293.00,243.00,293.00
245.00,94.00,300.00,94.00,300.00,294.00,245.00,294.00
246.00,96.00,300.00,96.00,300.00,293.00,246.00,293.00
242.00,98.00,301.00,98.00,301.00,297.00,242.00,297.00
246.00,100.00,299.00,100.00,299.00,296.00,246.00,296.00
249.00,100.00,302.00,100.00,302.00,296.00,249.00,296.00
249.00,95.00,302.00,95.00,302.00,289.00,249.00,289.00
251.00,91.00,303.00,91.00,303.00,283.00,251.00,283.00
253.00,99.00,304.00,99.00,304.00,287.00,253.00,287.00
252.00,103.00,304.00,103.00,304.00,292.00,252.00,292.00
253.00,102.00,306.00,102.00,306.00,293.00,253.00,293.00
253.00,93.00,305.00,93.00,305.00,282.00,253.00,282.00
255.00,100.00,307.00,100.00,307.00,287.00,255.00,287.00
259.00,100.00,311.00,100.00,311.00,286.00,259.00,286.00
257.00,102.00,309.00,102.00,309.00,287.00,257.00,287.00
257.00,100.00,308.00,100.00,308.00,286.00,257.00,286.00
260.00,101.00,312.00,101.00,312.00,287.00,260.00,287.00
261.00,100.00,312.00,100.00,312.00,287.00,261.00,287.00
260.00,98.00,312.00,98.00,312.00,285.00,260.00,285.00
264.00,97.00,317.00,97.00,317.00,285.00,264.00,285.00
264.00,100.00,317.00,100.00,317.00,290.00,264.00,290.00
267.00,98.00,321.00,98.00,321.00,287.00,267.00,287.00
266.00,99.00,319.00,99.00,319.00,290.00,266.00,290.00
266.00,96.00,320.00,96.00,320.00,289.00,266.00,289.00
267.00,96.00,322.00,96.00,322.00,291.00,267.00,291.00
268.00,95.00,322.00,95.00,322.00,285.00,268.00,285.00
268.00,102.00,322.00,102.00,322.00,291.00,268.00,291.00
271.00,97.00,324.00,97.00,324.00,285.00,271.00,285.00
272.00,100.00,325.00,100.00,325.00,285.00,272.00,285.00
274.00,93.00,327.00,93.00,327.00,278.00,274.00,278.00
275.00,97.00,328.00,97.00,328.00,283.00,275.00,283.00
272.00,94.00,326.00,94.00,326.00,280.00,272.00,280.00
275.00,98.00,327.00,98.00,327.00,284.00,275.00,284.00
278.00,96.00,329.00,96.00,329.00,279.00,278.00,279.00
277.00,95.00,329.00,95.00,329.00,280.00,277.00,280.00
277.00,98.00,328.00,98.00,328.00,283.00,277.00,283.00
276.00,94.00,326.00,94.00,326.00,277.00,276.00,277.00
277.00,96.00,326.00,96.00,326.00,278.00,277.00,278.00
280.00,90.00,328.00,90.00,328.00,272.00,280.00,272.00
279.00,89.00,328.00,89.00,328.00,271.00,279.00,271.00
278.00,89.00,328.00,89.00,328.00,274.00,278.00,274.00
279.00,88.00,329.00,88.00,329.00,275.00,279.00,275.00
278.00,86.00,329.00,86.00,329.00,271.00,278.00,271.00
277.00,87.00,328.00,87.00,328.00,271.00,277.00,271.00
276.00,87.00,328.00,87.00,328.00,272.00,276.00,272.00
278.00,83.00,330.00,83.00,330.00,266.00,278.00,266.00
277.00,85.00,330.00,85.00,330.00,272.00,277.00,272.00
279.00,83.00,330.00,83.00,330.00,268.00,279.00,268.00
280.00,83.00,331.00,83.00,331.00,268.00,280.00,268.00
280.00,82.00,331.00,82.00,331.00,266.00,280.00,266.00
284.00,81.00,332.00,81.00,332.00,260.00,284.00,260.00
283.00,80.00,333.00,80.00,333.00,261.00,283.00,261.00
285.00,79.00,334.00,79.00,334.00,259.00,285.00,259.00
284.00,83.00,334.00,83.00,334.00,263.00,284.00,263.00
282.00,87.00,333.00,87.00,333.00,263.00,282.00,263.00
285.00,84.00,335.00,84.00,335.00,259.00,285.00,259.00
285.00,83.00,336.00,83.00,336.00,257.00,285.00,257.00
286.00,81.00,337.00,81.00,337.00,254.00,286.00,254.00
285.00,84.00,336.00,84.00,336.00,258.00,285.00,258.00
291.00,80.00,339.00,80.00,339.00,251.00,291.00,251.00
289.00,84.00,338.00,84.00,338.00,256.00,289.00,256.00
290.00,87.00,339.00,87.00,339.00,258.00,290.00,258.00
291.00,87.00,340.00,87.00,340.00,259.00,291.00,259.00
294.00,85.00,342.00,85.00,342.00,255.00,294.00,255.00
295.00,83.00,343.00,83.00,343.00,253.00,295.00,253.00
293.00,87.00,342.00,87.00,342.00,258.00,293.00,258.00
296.00,86.00,344.00,86.00,344.00,256.00,296.00,256.00
297.00,87.00,346.00,87.00,346.00,255.00,297.00,255.00
300.00,85.00,347.00,85.00,347.00,254.00,300.00,254.00
301.00,88.00,348.00,88.00,348.00,255.00,301.00,255.00
303.00,90.00,349.00,90.00,349.00,256.00,303.00,256.00
303.00,90.00,350.00,90.00,350.00,256.00,303.00,256.00
306.00,89.00,352.00,89.00,352.00,253.00,306.00,253.00
306.00,92.00,353.00,92.00,353.00,255.00,306.00,255.00
306.00,94.00,352.00,94.00,352.00,257.00,306.00,257.00
306.00,94.00,352.00,94.00,352.00,254.00,306.00,254.00
309.00,93.00,355.00,93.00,355.00,250.00,309.00,250.00
308.00,95.00,354.00,95.00,354.00,253.00,308.00,253.00
310.00,95.00,355.00,95.00,355.00,254.00,310.00,254.00
310.00,93.00,356.00,93.00,356.00,251.00,310.00,251.00
309.00,95.00,354.00,95.00,354.00,252.00,309.00,252.00
310.00,94.00,354.00,94.00,354.00,252.00,310.00,252.00
311.00,96.00,355.00,96.00,355.00,250.00,311.00,250.00
311.00,96.00,355.00,96.00,355.00,248.00,311.00,248.00
312.00,97.00,355.00,97.00,355.00,248.00,312.00,248.00
312.00,96.00,355.00,96.00,355.00,245.00,312.00,245.00
314.00,95.00,356.00,95.00,356.00,240.00,314.00,240.00
314.00,96.00,356.00,96.00,356.00,243.00,314.00,243.00
314.00,97.00,356.00,97.00,356.00,242.00,314.00,242.00
315.00,96.00,357.00,96.00,357.00,246.00,315.00,246.00
316.00,97.00,357.00,97.00,357.00,245.00,316.00,245.00
316.00,97.00,357.00,97.00,357.00,243.00,316.00,243.00
317.00,98.00,358.00,98.00,358.00,242.00,317.00,242.00
317.00,98.00,358.00,98.00,358.00,243.00,317.00,243.00
318.00,98.00,359.00,98.00,359.00,242.00,318.00,242.00
317.00,98.00,359.00,98.00,359.00,243.00,317.00,243.00
319.00,97.00,360.00,97.00,360.00,239.00,319.00,239.00
320.00,96.00,361.00,96.00,361.00,237.00,320.00,237.00
320.00,97.00,362.00,97.00,362.00,241.00,320.00,241.00
320.00,97.00,362.00,97.00,362.00,241.00,320.00,241.00
320.00,98.00,362.00,98.00,362.00,241.00,320.00,241.00
321.00,96.00,363.00,96.00,363.00,239.00,321.00,239.00
322.00,97.00,363.00,97.00,363.00,238.00,322.00,238.00
323.00,98.00,365.00,98.00,365.00,241.00,323.00,241.00
323.00,97.00,365.00,97.00,365.00,237.00,323.00,237.00
325.00,98.00,366.00,98.00,366.00,237.00,325.00,237.00
324.00,97.00,366.00,97.00,366.00,239.00,324.00,239.00
326.00,95.00,367.00,95.00,367.00,236.00,326.00,236.00
326.00,96.00,367.00,96.00,367.00,237.00,326.00,237.00
328.00,96.00,368.00,96.00,368.00,237.00,328.00,237.00
328.00,97.00,368.00,97.00,368.00,237.00,328.00,237.00
329.00,98.00,369.00,98.00,369.00,237.00,329.00,237.00
329.00,100.00,370.00,100.00,370.00,236.00,329.00,236.00
330.00,102.00,370.00,102.00,370.00,234.00,330.00,234.00
330.00,102.00,370.00,102.00,370.00,235.00,330.00,235.00
331.00,102.00,370.00,102.00,370.00,234.00,331.00,234.00
332.00,102.00,371.00,102.00,371.00,231.00,332.00,231.00
332.00,102.00,371.00,102.00,371.00,234.00,332.00,234.00
332.00,104.00,371.00,104.00,371.00,235.00,332.00,235.00
335.00,102.00,373.00,102.00,373.00,230.00,335.00,230.00
335.00,104.00,373.00,104.00,373.00,232.00,335.00,232.00
335.00,105.00,372.00,105.00,372.00,232.00,335.00,232.00
336.00,105.00,373.00,105.00,373.00,230.00,336.00,230.00
336.00,105.00,373.00,105.00,373.00,229.00,336.00,229.00
337.00,106.00,374.00,106.00,374.00,229.00,337.00,229.00
337.00,106.00,373.00,106.00,373.00,229.00,337.00,229.00
337.00,107.00,373.00,107.00,373.00,231.00,337.00,231.00
338.00,106.00,374.00,106.00,374.00,229.00,338.00,229.00
339.00,107.00,375.00,107.00,375.00,231.00,339.00,231.00
338.00,106.00,375.00,106.00,375.00,230.00,338.00,230.00
340.00,106.00,376.00,106.00,376.00,228.00,340.00,228.00
339.00,105.00,375.00,105.00,375.00,231.00,339.00,231.00
340.00,105.00,375.00,105.00,375.00,228.00,340.00,228.00
341.00,104.00,376.00,104.00,376.00,227.00,341.00,227.00
340.00,105.00,375.00,105.00,375.00,227.00,340.00,227.00
341.00,105.00,375.00,105.00,375.00,227.00,341.00,227.00
340.00,105.00,375.00,105.00,375.00,228.00,340.00,228.00
341.00,106.00,376.00,106.00,376.00,227.00,341.00,227.00
341.00,105.00,377.00,105.00,377.00,228.00,341.00,228.00
341.00,102.00,376.00,102.00,376.00,225.00,341.00,225.00
341.00,105.00,377.00,105.00,377.00,226.00,341.00,226.00
341.00,105.00,377.00,105.00,377.00,226.00,341.00,226.00
342.00,106.00,377.00,106.00,377.00,228.00,342.00,228.00
341.00,106.00,376.00,106.00,376.00,227.00,341.00,227.00
342.00,107.00,377.00,107.00,377.00,226.00,342.00,226.00
342.00,105.00,377.00,105.00,377.00,225.00,342.00,225.00
342.00,106.00,377.00,106.00,377.00,226.00,342.00,226.00
343.00,105.00,377.00,105.00,377.00,222.00,343.00,222.00
343.00,107.00,378.00,107.00,378.00,224.00,343.00,224.00
342.00,106.00,376.00,106.00,376.00,223.00,342.00,223.00
344.00,107.00,378.00,107.00,378.00,224.00,344.00,224.00
344.00,106.00,378.00,106.00,378.00,221.00,344.00,221.00
344.00,107.00,378.00,107.00,378.00,223.00,344.00,223.00
343.00,108.00,377.00,108.00,377.00,223.00,343.00,223.00
345.00,107.00,379.00,107.00,379.00,221.00,345.00,221.00
344.00,108.00,377.00,108.00,377.00,222.00,344.00,222.00
344.00,108.00,377.00,108.00,377.00,223.00,344.00,223.00
345.00,108.00,379.00,108.00,379.00,221.00,345.00,221.00
345.00,107.00,379.00,107.00,379.00,221.00,345.00,221.00
344.00,107.00,378.00,107.00,378.00,223.00,344.00,223.00
345.00,108.00,379.00,108.00,379.00,221.00,345.00,221.00
345.00,107.00,378.00,107.00,378.00,218.00,345.00,218.00
345.00,108.00,377.00,108.00,377.00,219.00,345.00,219.00
345.00,108.00,377.00,108.00,377.00,218.00,345.00,218.00
345.00,109.00,378.00,109.00,378.00,219.00,345.00,219.00
345.00,109.00,378.00,109.00,378.00,220.00,345.00,220.00
345.00,109.00,377.00,109.00,377.00,218.00,345.00,218.00
345.00,110.00,377.00,110.00,377.00,219.00,345.00,219.00
344.00,110.00,376.00,110.00,376.00,219.00,344.00,219.00
345.00,110.00,377.00,110.00,377.00,217.00,345.00,217.00
345.00,111.00,378.00,111.00,378.00,218.00,345.00,218.00
345.00,111.00,377.00,111.00,377.00,217.00,345.00,217.00
345.00,111.00,377.00,111.00,377.00,218.00,345.00,218.00
345.00,111.00,377.00,111.00,377.00,216.00,345.00,216.00
345.00,111.00,377.00,111.00,377.00,217.00,345.00,217.00
345.00,112.00,377.00,112.00,377.00,218.00,345.00,218.00
345.00,112.00,376.00,112.00,376.00,216.00,345.00,216.00
345.00,112.00,376.00,112.00,376.00,216.00,345.00,216.00
345.00,112.00,377.00,112.00,377.00,217.00,345.00,217.00
346.00,112.00,376.00,112.00,376.00,215.00,346.00,215.00
345.00,112.00,376.00,112.00,376.00,215.00,345.00,215.00
345.00,112.00,376.00,112.00,376.00,216.00,345.00,216.00
345.00,113.00,377.00,113.00,377.00,215.00,345.00,215.00
345.00,113.00,376.00,113.00,376.00,214.00,345.00,214.00
346.00,113.00,377.00,113.00,377.00,214.00,346.00,214.00
346.00,113.00,376.00,113.00,376.00,213.00,346.00,213.00
345.00,114.00,376.00,114.00,376.00,215.00,345.00,215.00
345.00,114.00,377.00,114.00,377.00,215.00,345.00,215.00
346.00,113.00,377.00,113.00,377.00,214.00,346.00,214.00
346.00,115.00,378.00,115.00,378.00,214.00,346.00,214.00
347.00,113.00,378.00,113.00,378.00,211.00,347.00,211.00
347.00,113.00,378.00,113.00,378.00,211.00,347.00,211.00
347.00,114.00,377.00,114.00,377.00,213.00,347.00,213.00
348.00,112.00,378.00,112.00,378.00,209.00,348.00,209.00
347.00,114.00,377.00,114.00,377.00,212.00,347.00,212.00
347.00,115.00,377.00,115.00,377.00,212.00,347.00,212.00
347.00,116.00,377.00,116.00,377.00,212.00,347.00,212.00
346.00,113.00,377.00,113.00,377.00,210.00,346.00,210.00
347.00,115.00,377.00,115.00,377.00,210.00,347.00,210.00
348.00,114.00,377.00,114.00,377.00,209.00,348.00,209.00
348.00,114.00,377.00,114.00,377.00,209.00,348.00,209.00
348.00,114.00,377.00,114.00,377.00,208.00,348.00,208.00
348.00,116.00,377.00,116.00,377.00,210.00,348.00,210.00
348.00,116.00,377.00,116.00,377.00,210.00,348.00,210.00
348.00,115.00,377.00,115.00,377.00,208.00,348.00,208.00
349.00,115.00,378.00,115.00,378.00,208.00,349.00,208.00
349.00,116.00,377.00,116.00,377.00,208.00,349.00,208.00
349.00,115.00,377.00,115.00,377.00,206.00,349.00,206.00
349.00,116.00,378.00,116.00,378.00,207.00,349.00,207.00
348.00,115.00,377.00,115.00,377.00,207.00,348.00,207.00
349.00,115.00,378.00,115.00,378.00,206.00,349.00,206.00
350.00,115.00,378.00,115.00,378.00,206.00,350.00,206.00
350.00,115.00,378.00,115.00,378.00,205.00,350.00,205.00
349.00,116.00,378.00,116.00,378.00,207.00,349.00,207.00
349.00,116.00,378.00,116.00,378.00,207.00,349.00,207.00
350.00,116.00,379.00,116.00,379.00,207.00,350.00,207.00
350.00,116.00,378.00,116.00,378.00,207.00,350.00,207.00
350.00,115.00,378.00,115.00,378.00,206.00,350.00,206.00
350.00,116.00,378.00,116.00,378.00,207.00,350.00,207.00
351.00,116.00,378.00,116.00,378.00,206.00,351.00,206.00
351.00,116.00,378.00,116.00,378.00,205.00,351.00,205.00
351.00,117.00,379.00,117.00,379.00,206.00,351.00,206.00
351.00,117.00,378.00,117.00,378.00,206.00,351.00,206.00
351.00,118.00,378.00,118.00,378.00,206.00,351.00,206.00
351.00,119.00,378.00,119.00,378.00,206.00,351.00,206.00
352.00,119.00,378.00,119.00,378.00,205.00,352.00,205.00
351.00,118.00,377.00,118.00,377.00,204.00,351.00,204.00
352.00,119.00,378.00,119.00,378.00,204.00,352.00,204.00
351.00,119.00,377.00,119.00,377.00,204.00,351.00,204.00
351.00,118.00,377.00,118.00,377.00,204.00,351.00,204.00
351.00,118.00,377.00,118.00,377.00,204.00,351.00,204.00
351.00,118.00,377.00,118.00,377.00,204.00,351.00,204.00
351.00,118.00,377.00,118.00,377.00,204.00,351.00,204.00
351.00,118.00,376.00,118.00,376.00,203.00,351.00,203.00
351.00,119.00,377.00,119.00,377.00,204.00,351.00,204.00
351.00,118.00,376.00,118.00,376.00,203.00,351.00,203.00
350.00,119.00,375.00,119.00,375.00,202.00,350.00,202.00
350.00,119.00,375.00,119.00,375.00,201.00,350.00,201.00
351.00,120.00,376.00,120.00,376.00,202.00,351.00,202.00
350.00,120.00,376.00,120.00,376.00,202.00,350.00,202.00
350.00,120.00,375.00,120.00,375.00,202.00,350.00,202.00
350.00,120.00,375.00,120.00,375.00,202.00,350.00,202.00
350.00,119.00,375.00,119.00,375.00,201.00,350.00,201.00
349.00,120.00,374.00,120.00,374.00,203.00,349.00,203.00
350.00,120.00,375.00,120.00,375.00,202.00,350.00,202.00
350.00,119.00,375.00,119.00,375.00,201.00,350.00,201.00
350.00,120.00,374.00,120.00,374.00,201.00,350.00,201.00
350.00,119.00,375.00,119.00,375.00,201.00,350.00,201.00
350.00,119.00,375.00,119.00,375.00,200.00,350.00,200.00
350.00,119.00,374.00,119.00,374.00,199.00,350.00,199.00
349.00,119.00,373.00,119.00,373.00,201.00,349.00,201.00
349.00,119.00,374.00,119.00,374.00,200.00,349.00,200.00
349.00,120.00,374.00,120.00,374.00,200.00,349.00,200.00
350.00,119.00,375.00,119.00,375.00,199.00,350.00,199.00
350.00,120.00,374.00,120.00,374.00,199.00,350.00,199.00
349.00,120.00,373.00,120.00,373.00,200.00,349.00,200.00
350.00,120.00,374.00,120.00,374.00,200.00,350.00,200.00
350.00,121.00,374.00,121.00,374.00,201.00,350.00,201.00
350.00,120.00,374.00,120.00,374.00,201.00,350.00,201.00
350.00,120.00,373.00,120.00,373.00,200.00,350.00,200.00
350.00,121.00,374.00,121.00,374.00,200.00,350.00,200.00
350.00,121.00,374.00,121.00,374.00,200.00,350.00,200.00
350.00,121.00,374.00,121.00,374.00,199.00,350.00,199.00
350.00,120.00,374.00,120.00,374.00,199.00,350.00,199.00
350.00,121.00,373.00,121.00,373.00,198.00,350.00,198.00
350.00,121.00,373.00,121.00,373.00,198.00,350.00,198.00
350.00,121.00,373.00,121.00,373.00,198.00,350.00,198.00
351.00,122.00,374.00,122.00,374.00,198.00,351.00,198.00
351.00,122.00,374.00,122.00,374.00,198.00,351.00,198.00
351.00,122.00,374.00,122.00,374.00,198.00,351.00,198.00
