1
295.00,137.00,375.00,137.00,375.00,224.00,295.00,224.00
292.00,140.00,372.00,140.00,372.00,232.00,292.00,232.00
292.00,144.00,373.00,144.00,373.00,236.00,292.00,236.00
294.00,146.00,375.00,146.00,375.00,238.00,294.00,238.00
296.00,148.00,377.00,148.00,377.00,236.00,296.00,236.00
300.00,147.00,380.00,147.00,380.00,235.00,300.00,235.00
303.00,147.00,381.00,147.00,381.00,233.00,303.00,233.00
303.00,147.00,384.00,147.00,384.00,235.00,303.00,235.00
301.00,149.00,386.00,149.00,386.00,238.00,301.00,238.00
301.00,148.00,388.00,148.00,388.00,241.00,301.00,241.00
304.00,148.00,392.00,148.00,392.00,241.00,304.00,241.00
311.00,144.00,400.00,144.00,400.00,238.00,311.00,238.00
318.00,139.00,406.00,139.00,406.00,233.00,318.00,233.00
326.00,134.00,409.00,134.00,409.00,228.00,326.00,228.00
328.00,130.00,410.00,130.00,410.00,225.00,328.00,225.00
327.00,127.00,413.00,127.00,413.00,225.00,327.00,225.00
326.00,127.00,415.00,127.00,415.00,226.00,326.00,226.00
326.00,125.00,417.00,125.00,417.00,228.00,326.00,228.00
327.00,120.00,423.00,120.00,423.00,223.00,327.00,223.00
334.00,115.00,430.00,115.00,430.00,219.00,334.00,219.00
340.00,109.00,434.00,109.00,434.00,214.00,340.00,214.00
344.00,106.00,437.00,106.00,437.00,214.00,344.00,214.00
346.00,107.00,444.00,107.00,444.00,213.00,346.00,213.00
352.00,112.00,454.00,112.00,454.00,221.00,352.00,221.00
362.00,122.00,464.00,122.00,464.00,230.00,362.00,230.00
368.00,124.00,468.00,124.00,468.00,232.00,368.00,232.00
370.00,120.00,458.00,120.00,458.00,220.00,370.00,220.00
359.00,104.00,447.00,104.00,447.00,204.00,359.00,204.00
344.00,91.00,442.00,91.00,442.00,201.00,344.00,201.00
338.00,85.00,431.00,85.00,431.00,191.00,338.00,191.00
331.00,82.00,424.00,82.00,424.00,184.00,331.00,184.00
329.00,77.00,423.00,77.00,423.00,183.00,329.00,183.00
327.00,77.00,424.00,77.00,424.00,188.00,327.00,188.00
331.00,90.00,430.00,90.00,430.00,199.00,331.00,199.00
343.00,105.00,435.00,105.00,435.00,209.00,343.00,209.00
346.00,62.00,437.00,62.00,437.00,165.00,346.00,165.00
358.00,114.00,457.00,114.00,457.00,219.00,358.00,219.00
363.00,120.00,462.00,120.00,462.00,234.00,363.00,234.00
359.00,109.00,453.00,109.00,453.00,216.00,359.00,216.00
352.00,96.00,450.00,96.00,450.00,207.00,352.00,207.00
350.00,85.00,448.00,85.00,448.00,197.00,350.00,197.00
349.00,83.00,449.00,83.00,449.00,190.00,349.00,190.00
351.00,82.00,447.00,82.00,447.00,184.00,351.00,184.00
353.00,80.00,448.00,80.00,448.00,187.00,353.00,187.00
355.00,87.00,451.00,87.00,451.00,195.00,355.00,195.00
358.00,99.00,454.00,99.00,454.00,210.00,358.00,210.00
370.00,121.00,461.00,121.00,461.00,225.00,370.00,225.00
376.00,132.00,466.00,132.00,466.00,240.00,376.00,240.00
374.00,137.00,468.00,137.00,468.00,248.00,374.00,248.00
367.00,140.00,459.00,140.00,459.00,245.00,367.00,245.00
361.00,112.00,455.00,112.00,455.00,229.00,361.00,229.00
358.00,101.00,453.00,101.00,453.00,217.00,358.00,217.00
356.00,104.00,452.00,104.00,452.00,212.00,356.00,212.00
353.00,109.00,446.00,109.00,446.00,215.00,353.00,215.00
351.00,115.00,445.00,115.00,445.00,221.00,351.00,221.00
343.00,120.00,434.00,120.00,434.00,228.00,343.00,228.00
327.00,109.00,415.00,109.00,415.00,208.00,327.00,208.00
313.00,86.00,398.00,86.00,398.00,184.00,313.00,184.00
310.00,86.00,400.00,86.00,400.00,185.00,310.00,185.00
2
0
0
0
0
1
302.00,115.00,387.00,115.00,387.00,222.00,302.00,222.00
303.00,123.00,386.00,123.00,386.00,231.00,303.00,231.00
305.00,133.00,385.00,133.00,385.00,239.00,305.00,239.00
303.00,149.00,392.00,149.00,392.00,257.00,303.00,257.00
295.00,154.00,385.00,154.00,385.00,263.00,295.00,263.00
301.00,185.00,389.00,185.00,389.00,294.00,301.00,294.00
298.00,187.00,385.00,187.00,385.00,301.00,298.00,301.00
339.00,173.00,429.00,173.00,429.00,281.00,339.00,281.00
276.00,144.00,367.00,144.00,367.00,253.00,276.00,253.00
268.00,122.00,362.00,122.00,362.00,238.00,268.00,238.00
265.00,121.00,355.00,121.00,355.00,231.00,265.00,231.00
264.00,123.00,348.00,123.00,348.00,228.00,264.00,228.00
261.00,123.00,345.00,123.00,345.00,226.00,261.00,226.00
259.00,126.00,347.00,126.00,347.00,232.00,259.00,232.00
255.00,136.00,340.00,136.00,340.00,243.00,255.00,243.00
252.00,154.00,342.00,154.00,342.00,262.00,252.00,262.00
250.00,178.00,341.00,178.00,341.00,287.00,250.00,287.00
251.00,176.00,345.00,176.00,345.00,291.00,251.00,291.00
246.00,175.00,339.00,175.00,339.00,290.00,246.00,290.00
245.00,165.00,333.00,165.00,333.00,277.00,245.00,277.00
240.00,163.00,327.00,163.00,327.00,267.00,240.00,267.00
237.00,169.00,323.00,169.00,323.00,265.00,237.00,265.00
237.00,175.00,323.00,175.00,323.00,268.00,237.00,268.00
234.00,183.00,319.00,183.00,319.00,277.00,234.00,277.00
233.00,189.00,315.00,189.00,315.00,284.00,233.00,284.00
232.00,195.00,312.00,195.00,312.00,289.00,232.00,289.00
249.00,177.00,339.00,177.00,339.00,285.00,249.00,285.00
289.00,157.00,380.00,157.00,380.00,266.00,289.00,266.00
291.00,162.00,383.00,162.00,383.00,267.00,291.00,267.00
289.00,165.00,384.00,165.00,384.00,267.00,289.00,267.00
290.00,171.00,383.00,171.00,383.00,272.00,290.00,272.00
286.00,174.00,379.00,174.00,379.00,285.00,286.00,285.00
288.00,180.00,380.00,180.00,380.00,290.00,288.00,290.00
291.00,179.00,383.00,179.00,383.00,289.00,291.00,289.00
290.00,176.00,383.00,176.00,383.00,286.00,290.00,286.00
2
0
0
0
0
1
225.00,190.00,280.00,190.00,280.00,252.00,225.00,252.00
262.00,176.00,317.00,176.00,317.00,238.00,262.00,238.00
251.00,154.00,307.00,154.00,307.00,217.00,251.00,217.00
250.00,147.00,306.00,147.00,306.00,210.00,250.00,210.00
253.00,134.00,309.00,134.00,309.00,197.00,253.00,197.00
257.00,143.00,313.00,143.00,313.00,206.00,257.00,206.00
238.00,155.00,295.00,155.00,295.00,219.00,238.00,219.00
196.00,142.00,253.00,142.00,253.00,205.00,196.00,205.00
238.00,143.00,296.00,143.00,296.00,207.00,238.00,207.00
235.00,143.00,293.00,143.00,293.00,207.00,235.00,207.00
252.00,156.00,309.00,156.00,309.00,219.00,252.00,219.00
218.00,145.00,275.00,145.00,275.00,208.00,218.00,208.00
251.00,127.00,308.00,127.00,308.00,190.00,251.00,190.00
274.00,148.00,332.00,148.00,332.00,212.00,274.00,212.00
242.00,137.00,300.00,137.00,300.00,201.00,242.00,201.00
209.00,180.00,267.00,180.00,267.00,245.00,209.00,245.00
240.00,142.00,298.00,142.00,298.00,207.00,240.00,207.00
254.00,123.00,311.00,123.00,311.00,188.00,254.00,188.00
247.00,128.00,303.00,128.00,303.00,192.00,247.00,192.00
259.00,134.00,313.00,134.00,313.00,193.00,259.00,193.00
265.00,134.00,318.00,134.00,318.00,191.00,265.00,191.00
270.00,134.00,322.00,134.00,322.00,194.00,270.00,194.00
274.00,136.00,329.00,136.00,329.00,195.00,274.00,195.00
282.00,136.00,338.00,136.00,338.00,200.00,282.00,200.00
281.00,145.00,330.00,145.00,330.00,210.00,281.00,210.00
282.00,146.00,334.00,146.00,334.00,209.00,282.00,209.00
284.00,149.00,336.00,149.00,336.00,208.00,284.00,208.00
284.00,160.00,337.00,160.00,337.00,220.00,284.00,220.00
288.00,157.00,340.00,157.00,340.00,217.00,288.00,217.00
286.00,153.00,345.00,153.00,345.00,219.00,286.00,219.00
288.00,154.00,344.00,154.00,344.00,217.00,288.00,217.00
290.00,158.00,341.00,158.00,341.00,218.00,290.00,218.00
299.00,184.00,344.00,184.00,344.00,249.00,299.00,249.00
286.00,151.00,340.00,151.00,340.00,216.00,286.00,216.00
280.00,151.00,334.00,151.00,334.00,213.00,280.00,213.00
278.00,149.00,333.00,149.00,333.00,210.00,278.00,210.00
277.00,152.00,331.00,152.00,331.00,212.00,277.00,212.00
281.00,152.00,331.00,152.00,331.00,212.00,281.00,212.00
272.00,153.00,328.00,153.00,328.00,215.00,272.00,215.00
270.00,142.00,327.00,142.00,327.00,208.00,270.00,208.00
262.00,141.00,320.00,141.00,320.00,207.00,262.00,207.00
258.00,146.00,314.00,146.00,314.00,210.00,258.00,210.00
244.00,143.00,306.00,143.00,306.00,213.00,244.00,213.00
242.00,150.00,301.00,150.00,301.00,215.00,242.00,215.00
235.00,169.00,294.00,169.00,294.00,230.00,235.00,230.00
228.00,146.00,288.00,146.00,288.00,215.00,228.00,215.00
229.00,175.00,279.00,175.00,279.00,241.00,229.00,241.00
218.00,151.00,279.00,151.00,279.00,219.00,218.00,219.00
215.00,145.00,277.00,145.00,277.00,220.00,215.00,220.00
209.00,150.00,268.00,150.00,268.00,218.00,209.00,218.00
210.00,152.00,267.00,152.00,267.00,220.00,210.00,220.00
207.00,151.00,266.00,151.00,266.00,222.00,207.00,222.00
205.00,149.00,269.00,149.00,269.00,219.00,205.00,219.00
209.00,151.00,274.00,151.00,274.00,224.00,209.00,224.00
210.00,149.00,271.00,149.00,271.00,226.00,210.00,226.00
215.00,144.00,285.00,144.00,285.00,225.00,215.00,225.00
224.00,153.00,287.00,153.00,287.00,221.00,224.00,221.00
225.00,157.00,293.00,157.00,293.00,234.00,225.00,234.00
244.00,152.00,304.00,152.00,304.00,211.00,244.00,211.00
246.00,157.00,307.00,157.00,307.00,220.00,246.00,220.00
261.00,155.00,327.00,155.00,327.00,221.00,261.00,221.00
262.00,164.00,333.00,164.00,333.00,228.00,262.00,228.00
271.00,164.00,340.00,164.00,340.00,222.00,271.00,222.00
280.00,167.00,349.00,167.00,349.00,237.00,280.00,237.00
281.00,173.00,354.00,173.00,354.00,242.00,281.00,242.00
285.00,177.00,352.00,177.00,352.00,245.00,285.00,245.00
289.00,177.00,356.00,177.00,356.00,248.00,289.00,248.00
288.00,183.00,353.00,183.00,353.00,250.00,288.00,250.00
294.00,182.00,360.00,182.00,360.00,243.00,294.00,243.00
299.00,189.00,361.00,189.00,361.00,256.00,299.00,256.00
303.00,191.00,366.00,191.00,366.00,255.00,303.00,255.00
312.00,185.00,378.00,185.00,378.00,253.00,312.00,253.00
314.00,186.00,378.00,186.00,378.00,254.00,314.00,254.00
313.00,183.00,384.00,183.00,384.00,258.00,313.00,258.00
315.00,183.00,387.00,183.00,387.00,250.00,315.00,250.00
316.00,183.00,385.00,183.00,385.00,245.00,316.00,245.00
321.00,180.00,400.00,180.00,400.00,248.00,321.00,248.00
335.00,168.00,404.00,168.00,404.00,243.00,335.00,243.00
336.00,178.00,409.00,178.00,409.00,245.00,336.00,245.00
340.00,171.00,416.00,171.00,416.00,244.00,340.00,244.00
344.00,173.00,419.00,173.00,419.00,254.00,344.00,254.00
353.00,181.00,428.00,181.00,428.00,256.00,353.00,256.00
356.00,220.00,428.00,220.00,428.00,283.00,356.00,283.00
343.00,176.00,427.00,176.00,427.00,252.00,343.00,252.00
349.00,158.00,424.00,158.00,424.00,236.00,349.00,236.00
343.00,154.00,414.00,154.00,414.00,236.00,343.00,236.00
339.00,157.00,409.00,157.00,409.00,236.00,339.00,236.00
340.00,156.00,401.00,156.00,401.00,233.00,340.00,233.00
335.00,157.00,404.00,157.00,404.00,242.00,335.00,242.00
335.00,169.00,405.00,169.00,405.00,254.00,335.00,254.00
340.00,177.00,409.00,177.00,409.00,257.00,340.00,257.00
343.00,192.00,407.00,192.00,407.00,262.00,343.00,262.00
348.00,177.00,414.00,177.00,414.00,256.00,348.00,256.00
341.00,166.00,409.00,166.00,409.00,251.00,341.00,251.00
343.00,162.00,413.00,162.00,413.00,238.00,343.00,238.00
346.00,150.00,408.00,150.00,408.00,226.00,346.00,226.00
343.00,152.00,403.00,152.00,403.00,220.00,343.00,220.00
345.00,146.00,400.00,146.00,400.00,211.00,345.00,211.00
343.00,168.00,404.00,168.00,404.00,238.00,343.00,238.00
332.00,162.00,401.00,162.00,401.00,235.00,332.00,235.00
341.00,170.00,400.00,170.00,400.00,240.00,341.00,240.00
327.00,177.00,390.00,177.00,390.00,248.00,327.00,248.00
318.00,165.00,386.00,165.00,386.00,244.00,318.00,244.00
313.00,160.00,374.00,160.00,374.00,235.00,313.00,235.00
312.00,158.00,367.00,158.00,367.00,228.00,312.00,228.00
310.00,159.00,364.00,159.00,364.00,222.00,310.00,222.00
306.00,163.00,358.00,163.00,358.00,223.00,306.00,223.00
301.00,166.00,355.00,166.00,355.00,229.00,301.00,229.00
298.00,170.00,353.00,170.00,353.00,234.00,298.00,234.00
297.00,181.00,350.00,181.00,350.00,248.00,297.00,248.00
299.00,194.00,352.00,194.00,352.00,257.00,299.00,257.00
302.00,201.00,353.00,201.00,353.00,259.00,302.00,259.00
303.00,194.00,356.00,194.00,356.00,251.00,303.00,251.00
305.00,186.00,358.00,186.00,358.00,249.00,305.00,249.00
303.00,181.00,360.00,181.00,360.00,241.00,303.00,241.00
307.00,182.00,357.00,182.00,357.00,237.00,307.00,237.00
306.00,182.00,355.00,182.00,355.00,236.00,306.00,236.00
303.00,184.00,356.00,184.00,356.00,242.00,303.00,242.00
303.00,188.00,355.00,188.00,355.00,248.00,303.00,248.00
301.00,196.00,352.00,196.00,352.00,253.00,301.00,253.00
303.00,195.00,353.00,195.00,353.00,254.00,303.00,254.00
299.00,186.00,349.00,186.00,349.00,249.00,299.00,249.00
292.00,170.00,345.00,170.00,345.00,232.00,292.00,232.00
292.00,169.00,342.00,169.00,342.00,223.00,292.00,223.00
295.00,168.00,338.00,168.00,338.00,219.00,295.00,219.00
294.00,169.00,336.00,169.00,336.00,220.00,294.00,220.00
295.00,170.00,338.00,170.00,338.00,225.00,295.00,225.00
296.00,175.00,339.00,175.00,339.00,231.00,296.00,231.00
297.00,184.00,342.00,184.00,342.00,240.00,297.00,240.00
298.00,191.00,341.00,191.00,341.00,244.00,298.00,244.00
298.00,192.00,340.00,192.00,340.00,243.00,298.00,243.00
302.00,177.00,343.00,177.00,343.00,229.00,302.00,229.00
303.00,179.00,345.00,179.00,345.00,231.00,303.00,231.00
307.00,188.00,350.00,188.00,350.00,236.00,307.00,236.00
309.00,194.00,349.00,194.00,349.00,243.00,309.00,243.00
309.00,190.00,352.00,190.00,352.00,240.00,309.00,240.00
308.00,181.00,350.00,181.00,350.00,230.00,308.00,230.00
300.00,160.00,357.00,160.00,357.00,222.00,300.00,222.00
305.00,161.00,349.00,161.00,349.00,208.00,305.00,208.00
306.00,157.00,346.00,157.00,346.00,201.00,306.00,201.00
300.00,150.00,338.00,150.00,338.00,196.00,300.00,196.00
284.00,146.00,323.00,146.00,323.00,192.00,284.00,192.00
270.00,143.00,310.00,143.00,310.00,188.00,270.00,188.00
308.00,160.00,347.00,160.00,347.00,203.00,308.00,203.00
307.00,165.00,347.00,165.00,347.00,211.00,307.00,211.00
310.00,162.00,349.00,162.00,349.00,205.00,310.00,205.00
311.00,152.00,351.00,152.00,351.00,200.00,311.00,200.00
309.00,141.00,351.00,141.00,351.00,191.00,309.00,191.00
307.00,136.00,348.00,136.00,348.00,180.00,307.00,180.00
285.00,125.00,325.00,125.00,325.00,179.00,285.00,179.00
307.00,134.00,346.00,134.00,346.00,176.00,307.00,176.00
308.00,136.00,346.00,136.00,346.00,177.00,308.00,177.00
306.00,139.00,346.00,139.00,346.00,182.00,306.00,182.00
303.00,140.00,347.00,140.00,347.00,187.00,303.00,187.00
302.00,147.00,342.00,147.00,342.00,193.00,302.00,193.00
300.00,138.00,339.00,138.00,339.00,189.00,300.00,189.00
298.00,134.00,336.00,134.00,336.00,183.00,298.00,183.00
295.00,128.00,334.00,128.00,334.00,179.00,295.00,179.00
295.00,127.00,332.00,127.00,332.00,172.00,295.00,172.00
293.00,128.00,330.00,128.00,330.00,170.00,293.00,170.00
293.00,130.00,330.00,130.00,330.00,172.00,293.00,172.00
292.00,135.00,330.00,135.00,330.00,181.00,292.00,181.00
289.00,141.00,330.00,141.00,330.00,190.00,289.00,190.00
289.00,147.00,328.00,147.00,328.00,194.00,289.00,194.00
289.00,155.00,326.00,155.00,326.00,198.00,289.00,198.00
287.00,153.00,323.00,153.00,323.00,195.00,287.00,195.00
286.00,152.00,322.00,152.00,322.00,194.00,286.00,194.00
285.00,153.00,321.00,153.00,321.00,192.00,285.00,192.00
286.00,150.00,322.00,150.00,322.00,190.00,286.00,190.00
288.00,149.00,324.00,149.00,324.00,189.00,288.00,189.00
291.00,152.00,328.00,152.00,328.00,190.00,291.00,190.00
294.00,156.00,331.00,156.00,331.00,196.00,294.00,196.00
295.00,162.00,331.00,162.00,331.00,203.00,295.00,203.00
296.00,161.00,334.00,161.00,334.00,205.00,296.00,205.00
298.00,161.00,336.00,161.00,336.00,202.00,298.00,202.00
292.00,159.00,331.00,159.00,331.00,204.00,292.00,204.00
290.00,147.00,336.00,147.00,336.00,197.00,290.00,197.00
297.00,145.00,332.00,145.00,332.00,183.00,297.00,183.00
297.00,144.00,332.00,144.00,332.00,180.00,297.00,180.00
297.00,141.00,332.00,141.00,332.00,183.00,297.00,183.00
299.00,146.00,334.00,146.00,334.00,187.00,299.00,187.00
297.00,153.00,331.00,153.00,331.00,192.00,297.00,192.00
297.00,149.00,333.00,149.00,333.00,188.00,297.00,188.00
299.00,145.00,332.00,145.00,332.00,190.00,299.00,190.00
300.00,139.00,333.00,139.00,333.00,185.00,300.00,185.00
304.00,135.00,338.00,135.00,338.00,176.00,304.00,176.00
307.00,131.00,342.00,131.00,342.00,172.00,307.00,172.00
308.00,132.00,345.00,132.00,345.00,172.00,308.00,172.00
311.00,131.00,347.00,131.00,347.00,172.00,311.00,172.00
310.00,134.00,345.00,134.00,345.00,176.00,310.00,176.00
311.00,140.00,345.00,140.00,345.00,183.00,311.00,183.00
311.00,143.00,346.00,143.00,346.00,183.00,311.00,183.00
310.00,142.00,345.00,142.00,345.00,185.00,310.00,185.00
308.00,131.00,342.00,131.00,342.00,178.00,308.00,178.00
309.00,130.00,343.00,130.00,343.00,173.00,309.00,173.00
311.00,125.00,345.00,125.00,345.00,167.00,311.00,167.00
312.00,124.00,346.00,124.00,346.00,167.00,312.00,167.00
313.00,125.00,347.00,125.00,347.00,168.00,313.00,168.00
309.00,122.00,356.00,122.00,356.00,175.00,309.00,175.00
310.00,132.00,356.00,132.00,356.00,184.00,310.00,184.00
314.00,145.00,350.00,145.00,350.00,193.00,314.00,193.00
315.00,148.00,350.00,148.00,350.00,192.00,315.00,192.00
315.00,147.00,349.00,147.00,349.00,194.00,315.00,194.00
315.00,144.00,351.00,144.00,351.00,191.00,315.00,191.00
318.00,137.00,353.00,137.00,353.00,183.00,318.00,183.00
316.00,122.00,360.00,122.00,360.00,172.00,316.00,172.00
321.00,130.00,355.00,130.00,355.00,170.00,321.00,170.00
316.00,129.00,351.00,129.00,351.00,167.00,316.00,167.00
318.00,132.00,352.00,132.00,352.00,173.00,318.00,173.00
318.00,137.00,351.00,137.00,351.00,180.00,318.00,180.00
318.00,141.00,350.00,141.00,350.00,185.00,318.00,185.00
318.00,139.00,353.00,139.00,353.00,182.00,318.00,182.00
318.00,127.00,361.00,127.00,361.00,176.00,318.00,176.00
321.00,118.00,358.00,118.00,358.00,162.00,321.00,162.00
315.00,120.00,349.00,120.00,349.00,163.00,315.00,163.00
316.00,119.00,349.00,119.00,349.00,162.00,316.00,162.00
315.00,117.00,350.00,117.00,350.00,158.00,315.00,158.00
314.00,121.00,349.00,121.00,349.00,161.00,314.00,161.00
309.00,125.00,344.00,125.00,344.00,167.00,309.00,167.00
303.00,126.00,347.00,126.00,347.00,176.00,303.00,176.00
300.00,138.00,336.00,138.00,336.00,182.00,300.00,182.00
302.00,137.00,337.00,137.00,337.00,180.00,302.00,180.00
304.00,129.00,341.00,129.00,341.00,173.00,304.00,173.00
304.00,122.00,338.00,122.00,338.00,167.00,304.00,167.00
301.00,121.00,337.00,121.00,337.00,165.00,301.00,165.00
300.00,118.00,335.00,118.00,335.00,162.00,300.00,162.00
301.00,121.00,338.00,121.00,338.00,164.00,301.00,164.00
305.00,121.00,341.00,121.00,341.00,166.00,305.00,166.00
302.00,125.00,339.00,125.00,339.00,173.00,302.00,173.00
302.00,134.00,341.00,134.00,341.00,183.00,302.00,183.00
298.00,144.00,338.00,144.00,338.00,191.00,298.00,191.00
303.00,140.00,343.00,140.00,343.00,188.00,303.00,188.00
305.00,130.00,346.00,130.00,346.00,181.00,305.00,181.00
308.00,127.00,346.00,127.00,346.00,176.00,308.00,176.00
309.00,124.00,347.00,124.00,347.00,172.00,309.00,172.00
309.00,122.00,348.00,122.00,348.00,169.00,309.00,169.00
312.00,121.00,350.00,121.00,350.00,169.00,312.00,169.00
314.00,123.00,351.00,123.00,351.00,172.00,314.00,172.00
316.00,132.00,354.00,132.00,354.00,179.00,316.00,179.00
319.00,132.00,352.00,132.00,352.00,176.00,319.00,176.00
319.00,132.00,354.00,132.00,354.00,177.00,319.00,177.00
320.00,135.00,355.00,135.00,355.00,177.00,320.00,177.00
318.00,133.00,355.00,133.00,355.00,175.00,318.00,175.00
320.00,132.00,358.00,132.00,358.00,175.00,320.00,175.00
325.00,132.00,357.00,132.00,357.00,180.00,325.00,180.00
318.00,126.00,360.00,126.00,360.00,176.00,318.00,176.00
311.00,134.00,353.00,134.00,353.00,184.00,311.00,184.00
310.00,135.00,351.00,135.00,351.00,184.00,310.00,184.00
310.00,136.00,350.00,136.00,350.00,184.00,310.00,184.00
310.00,134.00,350.00,134.00,350.00,182.00,310.00,182.00
310.00,130.00,350.00,130.00,350.00,178.00,310.00,178.00
307.00,129.00,347.00,129.00,347.00,177.00,307.00,177.00
298.00,132.00,338.00,132.00,338.00,180.00,298.00,180.00
2
0
0
0
0
1
311.00,129.00,339.00,129.00,339.00,169.00,311.00,169.00
312.00,126.00,338.00,126.00,338.00,167.00,312.00,167.00
310.00,130.00,338.00,130.00,338.00,171.00,310.00,171.00
307.00,129.00,335.00,129.00,335.00,170.00,307.00,170.00
307.00,129.00,333.00,129.00,333.00,172.00,307.00,172.00
307.00,127.00,335.00,127.00,335.00,172.00,307.00,172.00
308.00,127.00,335.00,127.00,335.00,172.00,308.00,172.00
307.00,128.00,334.00,128.00,334.00,174.00,307.00,174.00
304.00,134.00,333.00,134.00,333.00,176.00,304.00,176.00
307.00,123.00,337.00,123.00,337.00,174.00,307.00,174.00
308.00,132.00,339.00,132.00,339.00,181.00,308.00,181.00
310.00,143.00,341.00,143.00,341.00,187.00,310.00,187.00
313.00,148.00,344.00,148.00,344.00,192.00,313.00,192.00
319.00,147.00,350.00,147.00,350.00,191.00,319.00,191.00
317.00,154.00,348.00,154.00,348.00,199.00,317.00,199.00
2
0
0
0
0
1
344.00,154.00,386.00,154.00,386.00,209.00,344.00,209.00
345.00,160.00,385.00,160.00,385.00,212.00,345.00,212.00
348.00,165.00,388.00,165.00,388.00,219.00,348.00,219.00
340.00,175.00,381.00,175.00,381.00,230.00,340.00,230.00
346.00,196.00,387.00,196.00,387.00,251.00,346.00,251.00
