1
281.00,250.00,332.00,250.00,332.00,298.00,281.00,298.00
282.00,250.00,333.00,250.00,333.00,298.00,282.00,298.00
285.00,253.00,333.00,253.00,333.00,299.00,285.00,299.00
285.00,254.00,334.00,254.00,334.00,299.00,285.00,299.00
285.00,255.00,331.00,255.00,331.00,303.00,285.00,303.00
284.00,256.00,332.00,256.00,332.00,303.00,284.00,303.00
285.00,258.00,331.00,258.00,331.00,306.00,285.00,306.00
285.00,260.00,330.00,260.00,330.00,308.00,285.00,308.00
285.00,263.00,330.00,263.00,330.00,312.00,285.00,312.00
281.00,266.00,328.00,266.00,328.00,313.00,281.00,313.00
281.00,263.00,325.00,263.00,325.00,312.00,281.00,312.00
279.00,265.00,325.00,265.00,325.00,318.00,279.00,318.00
276.00,265.00,326.00,265.00,326.00,314.00,276.00,314.00
276.00,268.00,326.00,268.00,326.00,313.00,276.00,313.00
275.00,268.00,324.00,268.00,324.00,315.00,275.00,315.00
275.00,269.00,326.00,269.00,326.00,316.00,275.00,316.00
276.00,270.00,326.00,270.00,326.00,316.00,276.00,316.00
274.00,270.00,326.00,270.00,326.00,317.00,274.00,317.00
275.00,274.00,327.00,274.00,327.00,319.00,275.00,319.00
277.00,272.00,327.00,272.00,327.00,318.00,277.00,318.00
276.00,271.00,326.00,271.00,326.00,317.00,276.00,317.00
277.00,270.00,325.00,270.00,325.00,317.00,277.00,317.00
277.00,270.00,325.00,270.00,325.00,318.00,277.00,318.00
276.00,268.00,326.00,268.00,326.00,318.00,276.00,318.00
272.00,266.00,325.00,266.00,325.00,317.00,272.00,317.00
273.00,269.00,326.00,269.00,326.00,319.00,273.00,319.00
272.00,270.00,326.00,270.00,326.00,319.00,272.00,319.00
271.00,271.00,325.00,271.00,325.00,320.00,271.00,320.00
272.00,270.00,325.00,270.00,325.00,318.00,272.00,318.00
270.00,269.00,324.00,269.00,324.00,318.00,270.00,318.00
272.00,275.00,324.00,275.00,324.00,326.00,272.00,326.00
271.00,276.00,323.00,276.00,323.00,325.00,271.00,325.00
270.00,274.00,322.00,274.00,322.00,323.00,270.00,323.00
272.00,277.00,324.00,277.00,324.00,326.00,272.00,326.00
270.00,276.00,322.00,276.00,322.00,325.00,270.00,325.00
271.00,277.00,324.00,277.00,324.00,325.00,271.00,325.00
272.00,278.00,324.00,278.00,324.00,328.00,272.00,328.00
272.00,274.00,325.00,274.00,325.00,325.00,272.00,325.00
270.00,274.00,325.00,274.00,325.00,324.00,270.00,324.00
273.00,272.00,324.00,272.00,324.00,324.00,273.00,324.00
274.00,275.00,324.00,275.00,324.00,322.00,274.00,322.00
273.00,272.00,325.00,272.00,325.00,319.00,273.00,319.00
272.00,270.00,325.00,270.00,325.00,318.00,272.00,318.00
271.00,268.00,323.00,268.00,323.00,316.00,271.00,316.00
271.00,269.00,324.00,269.00,324.00,317.00,271.00,317.00
268.00,266.00,321.00,266.00,321.00,314.00,268.00,314.00
268.00,267.00,320.00,267.00,320.00,313.00,268.00,313.00
267.00,266.00,318.00,266.00,318.00,314.00,267.00,314.00
267.00,268.00,319.00,268.00,319.00,316.00,267.00,316.00
267.00,268.00,319.00,268.00,319.00,317.00,267.00,317.00
267.00,268.00,320.00,268.00,320.00,317.00,267.00,317.00
264.00,265.00,318.00,265.00,318.00,319.00,264.00,319.00
266.00,268.00,319.00,268.00,319.00,317.00,266.00,317.00
265.00,268.00,317.00,268.00,317.00,317.00,265.00,317.00
265.00,269.00,317.00,269.00,317.00,317.00,265.00,317.00
265.00,269.00,317.00,269.00,317.00,317.00,265.00,317.00
263.00,269.00,316.00,269.00,316.00,318.00,263.00,318.00
262.00,269.00,313.00,269.00,313.00,316.00,262.00,316.00
262.00,269.00,313.00,269.00,313.00,316.00,262.00,316.00
262.00,269.00,313.00,269.00,313.00,316.00,262.00,316.00
262.00,269.00,312.00,269.00,312.00,317.00,262.00,317.00
257.00,270.00,308.00,270.00,308.00,316.00,257.00,316.00
256.00,270.00,306.00,270.00,306.00,317.00,256.00,317.00
256.00,270.00,306.00,270.00,306.00,319.00,256.00,319.00
255.00,270.00,305.00,270.00,305.00,319.00,255.00,319.00
254.00,270.00,304.00,270.00,304.00,320.00,254.00,320.00
250.00,269.00,303.00,269.00,303.00,320.00,250.00,320.00
247.00,269.00,297.00,269.00,297.00,320.00,247.00,320.00
246.00,270.00,297.00,270.00,297.00,318.00,246.00,318.00
244.00,271.00,295.00,271.00,295.00,319.00,244.00,319.00
243.00,269.00,294.00,269.00,294.00,318.00,243.00,318.00
242.00,269.00,292.00,269.00,292.00,317.00,242.00,317.00
241.00,269.00,290.00,269.00,290.00,317.00,241.00,317.00
241.00,269.00,291.00,269.00,291.00,317.00,241.00,317.00
239.00,268.00,290.00,268.00,290.00,315.00,239.00,315.00
239.00,270.00,289.00,270.00,289.00,317.00,239.00,317.00
239.00,269.00,290.00,269.00,290.00,316.00,239.00,316.00
241.00,270.00,292.00,270.00,292.00,318.00,241.00,318.00
242.00,270.00,296.00,270.00,296.00,324.00,242.00,324.00
243.00,270.00,295.00,270.00,295.00,321.00,243.00,321.00
243.00,270.00,295.00,270.00,295.00,321.00,243.00,321.00
246.00,269.00,298.00,269.00,298.00,321.00,246.00,321.00
246.00,270.00,297.00,270.00,297.00,319.00,246.00,319.00
248.00,273.00,298.00,273.00,298.00,320.00,248.00,320.00
248.00,273.00,297.00,273.00,297.00,321.00,248.00,321.00
249.00,273.00,299.00,273.00,299.00,322.00,249.00,322.00
248.00,272.00,296.00,272.00,296.00,319.00,248.00,319.00
246.00,273.00,295.00,273.00,295.00,321.00,246.00,321.00
247.00,273.00,296.00,273.00,296.00,320.00,247.00,320.00
246.00,273.00,295.00,273.00,295.00,320.00,246.00,320.00
246.00,272.00,295.00,272.00,295.00,320.00,246.00,320.00
245.00,273.00,294.00,273.00,294.00,320.00,245.00,320.00
244.00,274.00,293.00,274.00,293.00,320.00,244.00,320.00
242.00,273.00,292.00,273.00,292.00,319.00,242.00,319.00
241.00,270.00,291.00,270.00,291.00,320.00,241.00,320.00
239.00,270.00,289.00,270.00,289.00,318.00,239.00,318.00
238.00,268.00,288.00,268.00,288.00,315.00,238.00,315.00
237.00,264.00,287.00,264.00,287.00,314.00,237.00,314.00
235.00,266.00,284.00,266.00,284.00,320.00,235.00,320.00
233.00,269.00,285.00,269.00,285.00,319.00,233.00,319.00
243.00,288.00,292.00,288.00,292.00,337.00,243.00,337.00
259.00,310.00,309.00,310.00,309.00,360.00,259.00,360.00
276.00,319.00,327.00,319.00,327.00,362.00,276.00,362.00
304.00,328.00,355.00,328.00,355.00,379.00,304.00,379.00
318.00,333.00,370.00,333.00,370.00,385.00,318.00,385.00
349.00,340.00,401.00,340.00,401.00,392.00,349.00,392.00
350.00,337.00,403.00,337.00,403.00,383.00,350.00,383.00
350.00,335.00,405.00,335.00,405.00,381.00,350.00,381.00
354.00,335.00,408.00,335.00,408.00,379.00,354.00,379.00
358.00,325.00,409.00,325.00,409.00,378.00,358.00,378.00
361.00,320.00,414.00,320.00,414.00,366.00,361.00,366.00
364.00,322.00,418.00,322.00,418.00,366.00,364.00,366.00
365.00,322.00,419.00,322.00,419.00,366.00,365.00,366.00
361.00,320.00,416.00,320.00,416.00,364.00,361.00,364.00
360.00,321.00,414.00,321.00,414.00,366.00,360.00,366.00
360.00,324.00,415.00,324.00,415.00,369.00,360.00,369.00
358.00,326.00,412.00,326.00,412.00,370.00,358.00,370.00
356.00,327.00,409.00,327.00,409.00,371.00,356.00,371.00
353.00,327.00,406.00,327.00,406.00,371.00,353.00,371.00
354.00,328.00,408.00,328.00,408.00,372.00,354.00,372.00
350.00,330.00,407.00,330.00,407.00,376.00,350.00,376.00
347.00,331.00,400.00,331.00,400.00,373.00,347.00,373.00
344.00,332.00,399.00,332.00,399.00,372.00,344.00,372.00
338.00,328.00,391.00,328.00,391.00,370.00,338.00,370.00
330.00,323.00,383.00,323.00,383.00,366.00,330.00,366.00
325.00,319.00,379.00,319.00,379.00,362.00,325.00,362.00
326.00,322.00,380.00,322.00,380.00,364.00,326.00,364.00
329.00,324.00,383.00,324.00,383.00,368.00,329.00,368.00
328.00,321.00,380.00,321.00,380.00,365.00,328.00,365.00
323.00,319.00,378.00,319.00,378.00,363.00,323.00,363.00
324.00,320.00,377.00,320.00,377.00,363.00,324.00,363.00
325.00,318.00,378.00,318.00,378.00,363.00,325.00,363.00
326.00,318.00,378.00,318.00,378.00,362.00,326.00,362.00
326.00,314.00,378.00,314.00,378.00,360.00,326.00,360.00
318.00,308.00,371.00,308.00,371.00,352.00,318.00,352.00
316.00,308.00,368.00,308.00,368.00,351.00,316.00,351.00
317.00,309.00,367.00,309.00,367.00,355.00,317.00,355.00
311.00,317.00,364.00,317.00,364.00,360.00,311.00,360.00
301.00,320.00,352.00,320.00,352.00,363.00,301.00,363.00
296.00,322.00,350.00,322.00,350.00,367.00,296.00,367.00
298.00,321.00,352.00,321.00,352.00,365.00,298.00,365.00
301.00,322.00,353.00,322.00,353.00,365.00,301.00,365.00
300.00,321.00,351.00,321.00,351.00,365.00,300.00,365.00
300.00,320.00,352.00,320.00,352.00,366.00,300.00,366.00
301.00,317.00,355.00,317.00,355.00,362.00,301.00,362.00
303.00,310.00,356.00,310.00,356.00,357.00,303.00,357.00
305.00,306.00,358.00,306.00,358.00,352.00,305.00,352.00
302.00,301.00,357.00,301.00,357.00,352.00,302.00,352.00
305.00,299.00,360.00,299.00,360.00,342.00,305.00,342.00
308.00,298.00,363.00,298.00,363.00,342.00,308.00,342.00
311.00,296.00,365.00,296.00,365.00,340.00,311.00,340.00
310.00,298.00,364.00,298.00,364.00,340.00,310.00,340.00
312.00,298.00,366.00,298.00,366.00,340.00,312.00,340.00
310.00,298.00,365.00,298.00,365.00,342.00,310.00,342.00
312.00,290.00,366.00,290.00,366.00,341.00,312.00,341.00
314.00,290.00,369.00,290.00,369.00,338.00,314.00,338.00
315.00,289.00,369.00,289.00,369.00,334.00,315.00,334.00
317.00,286.00,369.00,286.00,369.00,332.00,317.00,332.00
317.00,284.00,372.00,284.00,372.00,331.00,317.00,331.00
319.00,280.00,370.00,280.00,370.00,328.00,319.00,328.00
320.00,275.00,372.00,275.00,372.00,323.00,320.00,323.00
318.00,274.00,373.00,274.00,373.00,324.00,318.00,324.00
317.00,275.00,374.00,275.00,374.00,323.00,317.00,323.00
316.00,277.00,373.00,277.00,373.00,322.00,316.00,322.00
317.00,277.00,373.00,277.00,373.00,323.00,317.00,323.00
319.00,274.00,375.00,274.00,375.00,321.00,319.00,321.00
322.00,274.00,377.00,274.00,377.00,320.00,322.00,320.00
321.00,273.00,376.00,273.00,376.00,319.00,321.00,319.00
324.00,272.00,379.00,272.00,379.00,317.00,324.00,317.00
328.00,271.00,382.00,271.00,382.00,316.00,328.00,316.00
328.00,272.00,382.00,272.00,382.00,318.00,328.00,318.00
329.00,272.00,380.00,272.00,380.00,318.00,329.00,318.00
328.00,273.00,380.00,273.00,380.00,318.00,328.00,318.00
328.00,273.00,380.00,273.00,380.00,317.00,328.00,317.00
326.00,274.00,380.00,274.00,380.00,317.00,326.00,317.00
327.00,269.00,383.00,269.00,383.00,315.00,327.00,315.00
326.00,268.00,381.00,268.00,381.00,313.00,326.00,313.00
326.00,260.00,380.00,260.00,380.00,310.00,326.00,310.00
326.00,258.00,383.00,258.00,383.00,302.00,326.00,302.00
328.00,256.00,385.00,256.00,385.00,301.00,328.00,301.00
329.00,251.00,386.00,251.00,386.00,297.00,329.00,297.00
330.00,250.00,387.00,250.00,387.00,297.00,330.00,297.00
337.00,243.00,386.00,243.00,386.00,292.00,337.00,292.00
335.00,250.00,394.00,250.00,394.00,297.00,335.00,297.00
336.00,252.00,395.00,252.00,395.00,298.00,336.00,298.00
337.00,256.00,398.00,256.00,398.00,301.00,337.00,301.00
342.00,251.00,399.00,251.00,399.00,296.00,342.00,296.00
348.00,247.00,398.00,247.00,398.00,297.00,348.00,297.00
350.00,241.00,400.00,241.00,400.00,291.00,350.00,291.00
344.00,253.00,401.00,253.00,401.00,299.00,344.00,299.00
344.00,252.00,403.00,252.00,403.00,298.00,344.00,298.00
347.00,247.00,405.00,247.00,405.00,295.00,347.00,295.00
345.00,247.00,404.00,247.00,404.00,294.00,345.00,294.00
347.00,247.00,405.00,247.00,405.00,295.00,347.00,295.00
345.00,252.00,407.00,252.00,407.00,301.00,345.00,301.00
348.00,249.00,409.00,249.00,409.00,299.00,348.00,299.00
358.00,251.00,409.00,251.00,409.00,302.00,358.00,302.00
361.00,251.00,412.00,251.00,412.00,302.00,361.00,302.00
359.00,250.00,409.00,250.00,409.00,300.00,359.00,300.00
358.00,248.00,410.00,248.00,410.00,299.00,358.00,299.00
358.00,245.00,409.00,245.00,409.00,294.00,358.00,294.00
361.00,250.00,409.00,250.00,409.00,298.00,361.00,298.00
356.00,243.00,412.00,243.00,412.00,289.00,356.00,289.00
356.00,243.00,413.00,243.00,413.00,289.00,356.00,289.00
357.00,244.00,413.00,244.00,413.00,288.00,357.00,288.00
358.00,243.00,414.00,243.00,414.00,290.00,358.00,290.00
358.00,247.00,414.00,247.00,414.00,292.00,358.00,292.00
359.00,248.00,414.00,248.00,414.00,294.00,359.00,294.00
356.00,249.00,410.00,249.00,410.00,293.00,356.00,293.00
352.00,257.00,407.00,257.00,407.00,301.00,352.00,301.00
354.00,254.00,409.00,254.00,409.00,298.00,354.00,298.00
351.00,258.00,406.00,258.00,406.00,302.00,351.00,302.00
347.00,257.00,401.00,257.00,401.00,302.00,347.00,302.00
348.00,254.00,401.00,254.00,401.00,300.00,348.00,300.00
346.00,252.00,400.00,252.00,400.00,298.00,346.00,298.00
350.00,247.00,400.00,247.00,400.00,297.00,350.00,297.00
344.00,247.00,399.00,247.00,399.00,291.00,344.00,291.00
343.00,249.00,397.00,249.00,397.00,294.00,343.00,294.00
341.00,248.00,395.00,248.00,395.00,292.00,341.00,292.00
338.00,247.00,391.00,247.00,391.00,292.00,338.00,292.00
335.00,248.00,389.00,248.00,389.00,291.00,335.00,291.00
332.00,247.00,386.00,247.00,386.00,290.00,332.00,290.00
331.00,246.00,385.00,246.00,385.00,289.00,331.00,289.00
329.00,245.00,383.00,245.00,383.00,287.00,329.00,287.00
329.00,244.00,382.00,244.00,382.00,287.00,329.00,287.00
330.00,243.00,381.00,243.00,381.00,285.00,330.00,285.00
330.00,245.00,382.00,245.00,382.00,287.00,330.00,287.00
329.00,245.00,382.00,245.00,382.00,287.00,329.00,287.00
327.00,244.00,382.00,244.00,382.00,286.00,327.00,286.00
329.00,239.00,383.00,239.00,383.00,283.00,329.00,283.00
331.00,237.00,383.00,237.00,383.00,281.00,331.00,281.00
331.00,237.00,384.00,237.00,384.00,279.00,331.00,279.00
333.00,236.00,384.00,236.00,384.00,278.00,333.00,278.00
333.00,237.00,385.00,237.00,385.00,279.00,333.00,279.00
336.00,234.00,385.00,234.00,385.00,275.00,336.00,275.00
335.00,237.00,386.00,237.00,386.00,278.00,335.00,278.00
335.00,236.00,385.00,236.00,385.00,277.00,335.00,277.00
333.00,237.00,385.00,237.00,385.00,282.00,333.00,282.00
337.00,236.00,383.00,236.00,383.00,282.00,337.00,282.00
334.00,236.00,386.00,236.00,386.00,283.00,334.00,283.00
335.00,233.00,386.00,233.00,386.00,279.00,335.00,279.00
338.00,230.00,391.00,230.00,391.00,278.00,338.00,278.00
342.00,229.00,388.00,229.00,388.00,275.00,342.00,275.00
334.00,228.00,388.00,228.00,388.00,272.00,334.00,272.00
335.00,227.00,388.00,227.00,388.00,271.00,335.00,271.00
335.00,226.00,388.00,226.00,388.00,270.00,335.00,270.00
335.00,227.00,390.00,227.00,390.00,272.00,335.00,272.00
334.00,226.00,388.00,226.00,388.00,270.00,334.00,270.00
335.00,225.00,389.00,225.00,389.00,269.00,335.00,269.00
337.00,223.00,389.00,223.00,389.00,267.00,337.00,267.00
344.00,216.00,390.00,216.00,390.00,262.00,344.00,262.00
343.00,217.00,389.00,217.00,389.00,263.00,343.00,263.00
343.00,223.00,388.00,223.00,388.00,268.00,343.00,268.00
326.00,205.00,371.00,205.00,371.00,250.00,326.00,250.00
317.00,201.00,363.00,201.00,363.00,247.00,317.00,247.00
335.00,214.00,381.00,214.00,381.00,260.00,335.00,260.00
353.00,219.00,399.00,219.00,399.00,265.00,353.00,265.00
355.00,219.00,401.00,219.00,401.00,265.00,355.00,265.00
351.00,227.00,402.00,227.00,402.00,273.00,351.00,273.00
348.00,238.00,399.00,238.00,399.00,282.00,348.00,282.00
348.00,238.00,398.00,238.00,398.00,282.00,348.00,282.00
344.00,241.00,396.00,241.00,396.00,286.00,344.00,286.00
338.00,244.00,391.00,244.00,391.00,288.00,338.00,288.00
339.00,237.00,387.00,237.00,387.00,285.00,339.00,285.00
340.00,242.00,388.00,242.00,388.00,289.00,340.00,289.00
342.00,243.00,389.00,243.00,389.00,290.00,342.00,290.00
341.00,240.00,388.00,240.00,388.00,288.00,341.00,288.00
341.00,243.00,387.00,243.00,387.00,289.00,341.00,289.00
341.00,241.00,388.00,241.00,388.00,289.00,341.00,289.00
339.00,229.00,383.00,229.00,383.00,277.00,339.00,277.00
340.00,237.00,388.00,237.00,388.00,285.00,340.00,285.00
346.00,240.00,390.00,240.00,390.00,288.00,346.00,288.00
346.00,239.00,389.00,239.00,389.00,287.00,346.00,287.00
350.00,239.00,393.00,239.00,393.00,288.00,350.00,288.00
350.00,239.00,394.00,239.00,394.00,288.00,350.00,288.00
347.00,241.00,390.00,241.00,390.00,286.00,347.00,286.00
351.00,235.00,394.00,235.00,394.00,282.00,351.00,282.00
348.00,228.00,389.00,228.00,389.00,272.00,348.00,272.00
349.00,235.00,394.00,235.00,394.00,279.00,349.00,279.00
352.00,237.00,397.00,237.00,397.00,283.00,352.00,283.00
347.00,244.00,395.00,244.00,395.00,287.00,347.00,287.00
348.00,246.00,396.00,246.00,396.00,288.00,348.00,288.00
348.00,246.00,396.00,246.00,396.00,289.00,348.00,289.00
349.00,242.00,401.00,242.00,401.00,285.00,349.00,285.00
352.00,244.00,402.00,244.00,402.00,288.00,352.00,288.00
353.00,245.00,404.00,245.00,404.00,288.00,353.00,288.00
355.00,245.00,406.00,245.00,406.00,288.00,355.00,288.00
356.00,246.00,405.00,246.00,405.00,289.00,356.00,289.00
358.00,246.00,406.00,246.00,406.00,289.00,358.00,289.00
359.00,246.00,407.00,246.00,407.00,290.00,359.00,290.00
361.00,247.00,410.00,247.00,410.00,292.00,361.00,292.00
362.00,239.00,407.00,239.00,407.00,284.00,362.00,284.00
358.00,256.00,411.00,256.00,411.00,304.00,358.00,304.00
364.00,251.00,414.00,251.00,414.00,298.00,364.00,298.00
359.00,258.00,411.00,258.00,411.00,307.00,359.00,307.00
364.00,255.00,412.00,255.00,412.00,303.00,364.00,303.00
373.00,245.00,420.00,245.00,420.00,292.00,373.00,292.00
372.00,246.00,426.00,246.00,426.00,291.00,372.00,291.00
373.00,246.00,424.00,246.00,424.00,290.00,373.00,290.00
373.00,245.00,425.00,245.00,425.00,288.00,373.00,288.00
376.00,246.00,427.00,246.00,427.00,288.00,376.00,288.00
378.00,246.00,428.00,246.00,428.00,287.00,378.00,287.00
376.00,245.00,425.00,245.00,425.00,284.00,376.00,284.00
378.00,244.00,426.00,244.00,426.00,285.00,378.00,285.00
380.00,244.00,429.00,244.00,429.00,283.00,380.00,283.00
380.00,242.00,429.00,242.00,429.00,282.00,380.00,282.00
378.00,243.00,429.00,243.00,429.00,283.00,378.00,283.00
378.00,242.00,429.00,242.00,429.00,282.00,378.00,282.00
376.00,243.00,427.00,243.00,427.00,283.00,376.00,283.00
377.00,239.00,421.00,239.00,421.00,283.00,377.00,283.00
380.00,238.00,424.00,238.00,424.00,282.00,380.00,282.00
376.00,242.00,425.00,242.00,425.00,283.00,376.00,283.00
374.00,244.00,424.00,244.00,424.00,283.00,374.00,283.00
374.00,245.00,425.00,245.00,425.00,286.00,374.00,286.00
377.00,241.00,427.00,241.00,427.00,281.00,377.00,281.00
376.00,241.00,426.00,241.00,426.00,281.00,376.00,281.00
376.00,244.00,424.00,244.00,424.00,283.00,376.00,283.00
378.00,239.00,426.00,239.00,426.00,282.00,378.00,282.00
382.00,244.00,425.00,244.00,425.00,287.00,382.00,287.00
359.00,234.00,402.00,234.00,402.00,277.00,359.00,277.00
353.00,230.00,401.00,230.00,401.00,272.00,353.00,272.00
365.00,235.00,409.00,235.00,409.00,279.00,365.00,279.00
375.00,233.00,419.00,233.00,419.00,277.00,375.00,277.00
357.00,212.00,400.00,212.00,400.00,255.00,357.00,255.00
364.00,230.00,407.00,230.00,407.00,273.00,364.00,273.00
379.00,235.00,427.00,235.00,427.00,276.00,379.00,276.00
377.00,234.00,427.00,234.00,427.00,275.00,377.00,275.00
368.00,235.00,410.00,235.00,410.00,277.00,368.00,277.00
358.00,245.00,406.00,245.00,406.00,283.00,358.00,283.00
356.00,244.00,403.00,244.00,403.00,282.00,356.00,282.00
360.00,243.00,402.00,243.00,402.00,285.00,360.00,285.00
360.00,242.00,402.00,242.00,402.00,284.00,360.00,284.00
354.00,243.00,403.00,243.00,403.00,282.00,354.00,282.00
354.00,245.00,400.00,245.00,400.00,283.00,354.00,283.00
350.00,243.00,395.00,243.00,395.00,281.00,350.00,281.00
346.00,236.00,388.00,236.00,388.00,278.00,346.00,278.00
354.00,242.00,399.00,242.00,399.00,281.00,354.00,281.00
357.00,242.00,399.00,242.00,399.00,284.00,357.00,284.00
352.00,237.00,399.00,237.00,399.00,277.00,352.00,277.00
354.00,234.00,397.00,234.00,397.00,277.00,354.00,277.00
