1
111.00,323.00,212.00,323.00,212.00,453.00,111.00,453.00
93.00,323.00,211.00,323.00,211.00,446.00,93.00,446.00
94.00,310.00,201.00,310.00,201.00,446.00,94.00,446.00
88.00,317.00,194.00,317.00,194.00,441.00,88.00,441.00
87.00,327.00,205.00,327.00,205.00,450.00,87.00,450.00
124.00,321.00,243.00,321.00,243.00,445.00,124.00,445.00
122.00,316.00,242.00,316.00,242.00,441.00,122.00,441.00
94.00,298.00,215.00,298.00,215.00,424.00,94.00,424.00
85.00,256.00,200.00,256.00,200.00,385.00,85.00,385.00
98.00,246.00,207.00,246.00,207.00,374.00,98.00,374.00
111.00,240.00,215.00,240.00,215.00,366.00,111.00,366.00
114.00,226.00,217.00,226.00,217.00,361.00,114.00,361.00
110.00,207.00,220.00,207.00,220.00,340.00,110.00,340.00
106.00,206.00,203.00,206.00,203.00,327.00,106.00,327.00
98.00,221.00,204.00,221.00,204.00,323.00,98.00,323.00
97.00,234.00,213.00,234.00,213.00,355.00,97.00,355.00
129.00,245.00,244.00,245.00,244.00,365.00,129.00,365.00
132.00,236.00,248.00,236.00,248.00,357.00,132.00,357.00
132.00,224.00,251.00,224.00,251.00,336.00,132.00,336.00
143.00,213.00,259.00,213.00,259.00,320.00,143.00,320.00
121.00,173.00,237.00,173.00,237.00,294.00,121.00,294.00
110.00,154.00,218.00,154.00,218.00,255.00,110.00,255.00
116.00,130.00,219.00,130.00,219.00,245.00,116.00,245.00
131.00,116.00,228.00,116.00,228.00,243.00,131.00,243.00
138.00,114.00,247.00,114.00,247.00,250.00,138.00,250.00
143.00,115.00,261.00,115.00,261.00,254.00,143.00,254.00
138.00,125.00,263.00,125.00,263.00,254.00,138.00,254.00
143.00,124.00,263.00,124.00,263.00,249.00,143.00,249.00
149.00,121.00,263.00,121.00,263.00,245.00,149.00,245.00
160.00,115.00,267.00,115.00,267.00,244.00,160.00,244.00
165.00,111.00,257.00,111.00,257.00,238.00,165.00,238.00
163.00,113.00,251.00,113.00,251.00,242.00,163.00,242.00
159.00,119.00,245.00,119.00,245.00,240.00,159.00,240.00
153.00,124.00,241.00,124.00,241.00,239.00,153.00,239.00
148.00,131.00,245.00,131.00,245.00,245.00,148.00,245.00
144.00,137.00,247.00,137.00,247.00,244.00,144.00,244.00
143.00,141.00,246.00,141.00,246.00,242.00,143.00,242.00
144.00,147.00,248.00,147.00,248.00,243.00,144.00,243.00
148.00,156.00,249.00,156.00,249.00,248.00,148.00,248.00
178.00,170.00,287.00,170.00,287.00,270.00,178.00,270.00
189.00,171.00,298.00,171.00,298.00,279.00,189.00,279.00
193.00,160.00,305.00,160.00,305.00,269.00,193.00,269.00
194.00,150.00,310.00,150.00,310.00,259.00,194.00,259.00
192.00,134.00,307.00,134.00,307.00,244.00,192.00,244.00
170.00,94.00,280.00,94.00,280.00,203.00,170.00,203.00
175.00,68.00,285.00,68.00,285.00,184.00,175.00,184.00
194.00,49.00,297.00,49.00,297.00,172.00,194.00,172.00
213.00,49.00,319.00,49.00,319.00,181.00,213.00,181.00
230.00,38.00,324.00,38.00,324.00,168.00,230.00,168.00
220.00,48.00,332.00,48.00,332.00,162.00,220.00,162.00
209.00,62.00,295.00,62.00,295.00,167.00,209.00,167.00
207.00,78.00,316.00,78.00,316.00,189.00,207.00,189.00
222.00,77.00,330.00,77.00,330.00,187.00,222.00,187.00
253.00,74.00,352.00,74.00,352.00,177.00,253.00,177.00
260.00,65.00,355.00,65.00,355.00,176.00,260.00,176.00
257.00,50.00,357.00,50.00,357.00,161.00,257.00,161.00
258.00,28.00,358.00,28.00,358.00,130.00,258.00,130.00
218.00,-8.00,319.00,-8.00,319.00,90.00,218.00,90.00
224.00,-27.00,319.00,-27.00,319.00,73.00,224.00,73.00
236.00,-28.00,342.00,-28.00,342.00,79.00,236.00,79.00
232.00,-19.00,336.00,-19.00,336.00,86.00,232.00,86.00
234.00,-25.00,336.00,-25.00,336.00,78.00,234.00,78.00
240.00,-23.00,338.00,-23.00,338.00,76.00,240.00,76.00
236.00,-22.00,333.00,-22.00,333.00,76.00,236.00,76.00
235.00,-11.00,333.00,-11.00,333.00,88.00,235.00,88.00
241.00,-11.00,327.00,-11.00,327.00,88.00,241.00,88.00
241.00,-11.00,326.00,-11.00,326.00,92.00,241.00,92.00
240.00,-12.00,324.00,-12.00,324.00,92.00,240.00,92.00
239.00,-13.00,321.00,-13.00,321.00,96.00,239.00,96.00
236.00,-13.00,321.00,-13.00,321.00,99.00,236.00,99.00
230.00,-15.00,321.00,-15.00,321.00,94.00,230.00,94.00
229.00,-16.00,318.00,-16.00,318.00,94.00,229.00,94.00
230.00,-16.00,322.00,-16.00,322.00,93.00,230.00,93.00
231.00,-18.00,320.00,-18.00,320.00,93.00,231.00,93.00
231.00,-18.00,319.00,-18.00,319.00,85.00,231.00,85.00
228.00,-18.00,320.00,-18.00,320.00,85.00,228.00,85.00
226.00,-16.00,313.00,-16.00,313.00,92.00,226.00,92.00
223.00,-14.00,312.00,-14.00,312.00,95.00,223.00,95.00
222.00,-8.00,309.00,-8.00,309.00,97.00,222.00,97.00
219.00,-5.00,309.00,-5.00,309.00,97.00,219.00,97.00
220.00,0.00,309.00,0.00,309.00,105.00,220.00,105.00
219.00,6.00,309.00,6.00,309.00,105.00,219.00,105.00
217.00,6.00,307.00,6.00,307.00,108.00,217.00,108.00
214.00,7.00,306.00,7.00,306.00,105.00,214.00,105.00
214.00,11.00,306.00,11.00,306.00,107.00,214.00,107.00
214.00,16.00,309.00,16.00,309.00,110.00,214.00,110.00
214.00,18.00,306.00,18.00,306.00,116.00,214.00,116.00
211.00,20.00,298.00,20.00,298.00,113.00,211.00,113.00
219.00,20.00,311.00,20.00,311.00,112.00,219.00,112.00
250.00,35.00,345.00,35.00,345.00,126.00,250.00,126.00
259.00,41.00,352.00,41.00,352.00,131.00,259.00,131.00
259.00,41.00,352.00,41.00,352.00,133.00,259.00,133.00
261.00,41.00,356.00,41.00,356.00,130.00,261.00,130.00
263.00,38.00,359.00,38.00,359.00,130.00,263.00,130.00
267.00,39.00,364.00,39.00,364.00,133.00,267.00,133.00
262.00,27.00,358.00,27.00,358.00,119.00,262.00,119.00
274.00,30.00,372.00,30.00,372.00,124.00,274.00,124.00
283.00,32.00,380.00,32.00,380.00,129.00,283.00,129.00
290.00,26.00,381.00,26.00,381.00,121.00,290.00,121.00
237.00,-3.00,326.00,-3.00,326.00,88.00,237.00,88.00
233.00,-7.00,317.00,-7.00,317.00,89.00,233.00,89.00
241.00,-8.00,325.00,-8.00,325.00,90.00,241.00,90.00
246.00,-13.00,325.00,-13.00,325.00,87.00,246.00,87.00
250.00,-13.00,329.00,-13.00,329.00,88.00,250.00,88.00
254.00,-21.00,332.00,-21.00,332.00,70.00,254.00,70.00
256.00,-21.00,333.00,-21.00,333.00,75.00,256.00,75.00
256.00,-18.00,335.00,-18.00,335.00,83.00,256.00,83.00
258.00,-22.00,333.00,-22.00,333.00,77.00,258.00,77.00
256.00,-20.00,335.00,-20.00,335.00,82.00,256.00,82.00
255.00,-18.00,336.00,-18.00,336.00,84.00,255.00,84.00
257.00,-15.00,339.00,-15.00,339.00,86.00,257.00,86.00
255.00,-12.00,341.00,-12.00,341.00,89.00,255.00,89.00
254.00,-7.00,341.00,-7.00,341.00,95.00,254.00,95.00
254.00,-3.00,338.00,-3.00,338.00,100.00,254.00,100.00
256.00,-2.00,341.00,-2.00,341.00,103.00,256.00,103.00
256.00,1.00,344.00,1.00,344.00,106.00,256.00,106.00
255.00,1.00,343.00,1.00,343.00,108.00,255.00,108.00
256.00,-3.00,345.00,-3.00,345.00,108.00,256.00,108.00
254.00,1.00,340.00,1.00,340.00,113.00,254.00,113.00
256.00,-1.00,339.00,-1.00,339.00,114.00,256.00,114.00
253.00,10.00,333.00,10.00,333.00,123.00,253.00,123.00
249.00,20.00,330.00,20.00,330.00,130.00,249.00,130.00
247.00,26.00,327.00,26.00,327.00,133.00,247.00,133.00
244.00,29.00,325.00,29.00,325.00,135.00,244.00,135.00
241.00,32.00,326.00,32.00,326.00,138.00,241.00,138.00
239.00,35.00,326.00,35.00,326.00,143.00,239.00,143.00
236.00,43.00,326.00,43.00,326.00,146.00,236.00,146.00
237.00,50.00,322.00,50.00,322.00,154.00,237.00,154.00
235.00,54.00,328.00,54.00,328.00,159.00,235.00,159.00
235.00,59.00,328.00,59.00,328.00,161.00,235.00,161.00
238.00,66.00,327.00,66.00,327.00,166.00,238.00,166.00
241.00,77.00,329.00,77.00,329.00,173.00,241.00,173.00
242.00,85.00,326.00,85.00,326.00,179.00,242.00,179.00
239.00,90.00,324.00,90.00,324.00,182.00,239.00,182.00
245.00,90.00,340.00,90.00,340.00,181.00,245.00,181.00
258.00,75.00,351.00,75.00,351.00,178.00,258.00,178.00
277.00,70.00,366.00,70.00,366.00,182.00,277.00,182.00
283.00,92.00,386.00,92.00,386.00,202.00,283.00,202.00
293.00,103.00,391.00,103.00,391.00,211.00,293.00,211.00
301.00,97.00,392.00,97.00,392.00,215.00,301.00,215.00
301.00,88.00,389.00,88.00,389.00,217.00,301.00,217.00
298.00,102.00,388.00,102.00,388.00,230.00,298.00,230.00
298.00,117.00,386.00,117.00,386.00,240.00,298.00,240.00
295.00,123.00,377.00,123.00,377.00,237.00,295.00,237.00
291.00,134.00,384.00,134.00,384.00,250.00,291.00,250.00
291.00,139.00,383.00,139.00,383.00,250.00,291.00,250.00
294.00,141.00,386.00,141.00,386.00,259.00,294.00,259.00
295.00,143.00,392.00,143.00,392.00,261.00,295.00,261.00
298.00,140.00,393.00,140.00,393.00,257.00,298.00,257.00
300.00,142.00,396.00,142.00,396.00,264.00,300.00,264.00
