1
109.00,322.00,211.00,322.00,211.00,457.00,109.00,457.00
97.00,327.00,214.00,327.00,214.00,448.00,97.00,448.00
95.00,312.00,199.00,312.00,199.00,453.00,95.00,453.00
91.00,318.00,190.00,318.00,190.00,447.00,91.00,447.00
88.00,327.00,210.00,327.00,210.00,453.00,88.00,453.00
117.00,332.00,229.00,332.00,229.00,438.00,117.00,438.00
116.00,322.00,234.00,322.00,234.00,431.00,116.00,431.00
93.00,286.00,218.00,286.00,218.00,415.00,93.00,415.00
81.00,260.00,204.00,260.00,204.00,384.00,81.00,384.00
94.00,245.00,208.00,245.00,208.00,376.00,94.00,376.00
106.00,242.00,217.00,242.00,217.00,373.00,106.00,373.00
111.00,229.00,215.00,229.00,215.00,363.00,111.00,363.00
108.00,209.00,219.00,209.00,219.00,340.00,108.00,340.00
105.00,204.00,207.00,204.00,207.00,329.00,105.00,329.00
97.00,222.00,204.00,222.00,204.00,322.00,97.00,322.00
98.00,227.00,216.00,227.00,216.00,349.00,98.00,349.00
134.00,243.00,254.00,243.00,254.00,367.00,134.00,367.00
133.00,247.00,259.00,247.00,259.00,352.00,133.00,352.00
128.00,223.00,259.00,223.00,259.00,332.00,128.00,332.00
138.00,211.00,266.00,211.00,266.00,320.00,138.00,320.00
120.00,180.00,238.00,180.00,238.00,272.00,120.00,272.00
108.00,157.00,224.00,157.00,224.00,258.00,108.00,258.00
115.00,132.00,220.00,132.00,220.00,245.00,115.00,245.00
129.00,117.00,230.00,117.00,230.00,246.00,129.00,246.00
134.00,117.00,249.00,117.00,249.00,255.00,134.00,255.00
144.00,116.00,263.00,116.00,263.00,252.00,144.00,252.00
138.00,125.00,268.00,125.00,268.00,253.00,138.00,253.00
143.00,126.00,271.00,126.00,271.00,252.00,143.00,252.00
147.00,122.00,274.00,122.00,274.00,251.00,147.00,251.00
156.00,114.00,275.00,114.00,275.00,251.00,156.00,251.00
156.00,110.00,262.00,110.00,262.00,249.00,156.00,249.00
157.00,111.00,255.00,111.00,255.00,250.00,157.00,250.00
156.00,114.00,250.00,114.00,250.00,242.00,156.00,242.00
150.00,123.00,246.00,123.00,246.00,247.00,150.00,247.00
147.00,130.00,243.00,130.00,243.00,246.00,147.00,246.00
143.00,136.00,246.00,136.00,246.00,242.00,143.00,242.00
141.00,142.00,247.00,142.00,247.00,243.00,141.00,243.00
141.00,148.00,249.00,148.00,249.00,239.00,141.00,239.00
145.00,158.00,254.00,158.00,254.00,246.00,145.00,246.00
179.00,173.00,294.00,173.00,294.00,269.00,179.00,269.00
190.00,173.00,309.00,173.00,309.00,278.00,190.00,278.00
191.00,162.00,311.00,162.00,311.00,275.00,191.00,275.00
190.00,148.00,315.00,148.00,315.00,254.00,190.00,254.00
182.00,130.00,309.00,130.00,309.00,238.00,182.00,238.00
169.00,99.00,290.00,99.00,290.00,204.00,169.00,204.00
175.00,77.00,291.00,77.00,291.00,185.00,175.00,185.00
193.00,55.00,297.00,55.00,297.00,175.00,193.00,175.00
213.00,47.00,320.00,47.00,320.00,172.00,213.00,172.00
227.00,35.00,327.00,35.00,327.00,161.00,227.00,161.00
216.00,43.00,334.00,43.00,334.00,164.00,216.00,164.00
203.00,60.00,293.00,60.00,293.00,171.00,203.00,171.00
198.00,71.00,316.00,71.00,316.00,192.00,198.00,192.00
221.00,70.00,340.00,70.00,340.00,192.00,221.00,192.00
252.00,77.00,359.00,77.00,359.00,175.00,252.00,175.00
256.00,65.00,357.00,65.00,357.00,178.00,256.00,178.00
253.00,46.00,358.00,46.00,358.00,161.00,253.00,161.00
249.00,26.00,366.00,26.00,366.00,131.00,249.00,131.00
212.00,-11.00,325.00,-11.00,325.00,90.00,212.00,90.00
223.00,-29.00,328.00,-29.00,328.00,72.00,223.00,72.00
222.00,-33.00,338.00,-33.00,338.00,87.00,222.00,87.00
227.00,-33.00,343.00,-33.00,343.00,86.00,227.00,86.00
228.00,-27.00,344.00,-27.00,344.00,92.00,228.00,92.00
225.00,-31.00,340.00,-31.00,340.00,87.00,225.00,87.00
230.00,-28.00,345.00,-28.00,345.00,90.00,230.00,90.00
223.00,-31.00,337.00,-31.00,337.00,86.00,223.00,86.00
227.00,-23.00,341.00,-23.00,341.00,94.00,227.00,94.00
222.00,-18.00,335.00,-18.00,335.00,98.00,222.00,98.00
222.00,-21.00,334.00,-21.00,334.00,94.00,222.00,94.00
223.00,-24.00,334.00,-24.00,334.00,90.00,223.00,90.00
227.00,-19.00,323.00,-19.00,323.00,92.00,227.00,92.00
225.00,-15.00,325.00,-15.00,325.00,99.00,225.00,99.00
224.00,-15.00,324.00,-15.00,324.00,98.00,224.00,98.00
225.00,-17.00,325.00,-17.00,325.00,96.00,225.00,96.00
225.00,-21.00,327.00,-21.00,327.00,86.00,225.00,86.00
225.00,-20.00,325.00,-20.00,325.00,92.00,225.00,92.00
224.00,-17.00,327.00,-17.00,327.00,93.00,224.00,93.00
222.00,-18.00,319.00,-18.00,319.00,92.00,222.00,92.00
222.00,-12.00,320.00,-12.00,320.00,93.00,222.00,93.00
219.00,-11.00,311.00,-11.00,311.00,91.00,219.00,91.00
218.00,-6.00,311.00,-6.00,311.00,98.00,218.00,98.00
218.00,-2.00,309.00,-2.00,309.00,98.00,218.00,98.00
215.00,2.00,308.00,2.00,308.00,103.00,215.00,103.00
215.00,7.00,308.00,7.00,308.00,106.00,215.00,106.00
212.00,7.00,309.00,7.00,309.00,104.00,212.00,104.00
211.00,10.00,307.00,10.00,307.00,107.00,211.00,107.00
210.00,13.00,303.00,13.00,303.00,112.00,210.00,112.00
210.00,16.00,302.00,16.00,302.00,111.00,210.00,111.00
210.00,21.00,302.00,21.00,302.00,115.00,210.00,115.00
225.00,21.00,321.00,21.00,321.00,109.00,225.00,109.00
246.00,31.00,344.00,31.00,344.00,120.00,246.00,120.00
254.00,38.00,353.00,38.00,353.00,126.00,254.00,126.00
256.00,39.00,356.00,39.00,356.00,130.00,256.00,130.00
255.00,35.00,356.00,35.00,356.00,121.00,255.00,121.00
258.00,35.00,362.00,35.00,362.00,121.00,258.00,121.00
263.00,36.00,365.00,36.00,365.00,126.00,263.00,126.00
262.00,30.00,364.00,30.00,364.00,121.00,262.00,121.00
265.00,28.00,368.00,28.00,368.00,119.00,265.00,119.00
281.00,32.00,381.00,32.00,381.00,128.00,281.00,128.00
288.00,29.00,387.00,29.00,387.00,126.00,288.00,126.00
228.00,-5.00,324.00,-5.00,324.00,87.00,228.00,87.00
231.00,-9.00,322.00,-9.00,322.00,81.00,231.00,81.00
237.00,-12.00,324.00,-12.00,324.00,75.00,237.00,75.00
243.00,-12.00,327.00,-12.00,327.00,78.00,243.00,78.00
245.00,-18.00,329.00,-18.00,329.00,72.00,245.00,72.00
250.00,-23.00,336.00,-23.00,336.00,67.00,250.00,67.00
252.00,-24.00,338.00,-24.00,338.00,74.00,252.00,74.00
253.00,-25.00,339.00,-25.00,339.00,70.00,253.00,70.00
252.00,-27.00,336.00,-27.00,336.00,72.00,252.00,72.00
253.00,-24.00,340.00,-24.00,340.00,75.00,253.00,75.00
251.00,-21.00,343.00,-21.00,343.00,80.00,251.00,80.00
251.00,-15.00,345.00,-15.00,345.00,90.00,251.00,90.00
249.00,-11.00,346.00,-11.00,346.00,96.00,249.00,96.00
249.00,-9.00,347.00,-9.00,347.00,97.00,249.00,97.00
249.00,-7.00,348.00,-7.00,348.00,101.00,249.00,101.00
254.00,-6.00,350.00,-6.00,350.00,104.00,254.00,104.00
252.00,-3.00,349.00,-3.00,349.00,107.00,252.00,107.00
253.00,-4.00,351.00,-4.00,351.00,108.00,253.00,108.00
254.00,-9.00,353.00,-9.00,353.00,102.00,254.00,102.00
251.00,3.00,346.00,3.00,346.00,119.00,251.00,119.00
253.00,-5.00,344.00,-5.00,344.00,112.00,253.00,112.00
252.00,2.00,338.00,2.00,338.00,118.00,252.00,118.00
250.00,2.00,333.00,2.00,333.00,114.00,250.00,114.00
246.00,18.00,330.00,18.00,330.00,127.00,246.00,127.00
243.00,20.00,330.00,20.00,330.00,127.00,243.00,127.00
241.00,24.00,331.00,24.00,331.00,131.00,241.00,131.00
239.00,30.00,329.00,30.00,329.00,139.00,239.00,139.00
236.00,34.00,331.00,34.00,331.00,138.00,236.00,138.00
234.00,42.00,330.00,42.00,330.00,147.00,234.00,147.00
232.00,50.00,335.00,50.00,335.00,149.00,232.00,149.00
232.00,54.00,335.00,54.00,335.00,156.00,232.00,156.00
235.00,60.00,332.00,60.00,332.00,158.00,235.00,158.00
237.00,73.00,330.00,73.00,330.00,169.00,237.00,169.00
238.00,82.00,325.00,82.00,325.00,176.00,238.00,176.00
235.00,89.00,326.00,89.00,326.00,182.00,235.00,182.00
239.00,88.00,336.00,88.00,336.00,181.00,239.00,181.00
255.00,77.00,351.00,77.00,351.00,179.00,255.00,179.00
274.00,70.00,370.00,70.00,370.00,184.00,274.00,184.00
278.00,83.00,392.00,83.00,392.00,202.00,278.00,202.00
294.00,100.00,398.00,100.00,398.00,215.00,294.00,215.00
302.00,90.00,395.00,90.00,395.00,213.00,302.00,213.00
299.00,80.00,390.00,80.00,390.00,207.00,299.00,207.00
297.00,96.00,390.00,96.00,390.00,225.00,297.00,225.00
296.00,107.00,386.00,107.00,386.00,230.00,296.00,230.00
292.00,116.00,379.00,116.00,379.00,233.00,292.00,233.00
289.00,128.00,380.00,128.00,380.00,243.00,289.00,243.00
288.00,133.00,381.00,133.00,381.00,246.00,288.00,246.00
290.00,133.00,386.00,133.00,386.00,252.00,290.00,252.00
293.00,134.00,390.00,134.00,390.00,254.00,293.00,254.00
296.00,133.00,390.00,133.00,390.00,258.00,296.00,258.00
298.00,133.00,395.00,133.00,395.00,262.00,298.00,262.00
