1
109.00,325.00,211.00,325.00,211.00,448.00,109.00,448.00
95.00,324.00,214.00,324.00,214.00,447.00,95.00,447.00
95.00,315.00,197.00,315.00,197.00,445.00,95.00,445.00
89.00,321.00,192.00,321.00,192.00,442.00,89.00,442.00
90.00,329.00,210.00,329.00,210.00,453.00,90.00,453.00
110.00,326.00,224.00,326.00,224.00,431.00,110.00,431.00
120.00,324.00,237.00,324.00,237.00,429.00,120.00,429.00
93.00,285.00,214.00,285.00,214.00,410.00,93.00,410.00
82.00,260.00,205.00,260.00,205.00,384.00,82.00,384.00
97.00,248.00,207.00,248.00,207.00,371.00,97.00,371.00
109.00,240.00,214.00,240.00,214.00,365.00,109.00,365.00
112.00,234.00,215.00,234.00,215.00,363.00,112.00,363.00
109.00,212.00,219.00,212.00,219.00,331.00,109.00,331.00
105.00,209.00,204.00,209.00,204.00,326.00,105.00,326.00
97.00,224.00,205.00,224.00,205.00,321.00,97.00,321.00
97.00,241.00,210.00,241.00,210.00,341.00,97.00,341.00
133.00,243.00,247.00,243.00,247.00,361.00,133.00,361.00
127.00,243.00,253.00,243.00,253.00,340.00,127.00,340.00
124.00,224.00,249.00,224.00,249.00,331.00,124.00,331.00
137.00,213.00,265.00,213.00,265.00,315.00,137.00,315.00
120.00,183.00,237.00,183.00,237.00,278.00,120.00,278.00
108.00,157.00,224.00,157.00,224.00,254.00,108.00,254.00
116.00,138.00,223.00,138.00,223.00,248.00,116.00,248.00
128.00,122.00,231.00,122.00,231.00,243.00,128.00,243.00
136.00,121.00,250.00,121.00,250.00,252.00,136.00,252.00
142.00,123.00,260.00,123.00,260.00,251.00,142.00,251.00
137.00,133.00,265.00,133.00,265.00,256.00,137.00,256.00
142.00,129.00,266.00,129.00,266.00,248.00,142.00,248.00
145.00,131.00,268.00,131.00,268.00,251.00,145.00,251.00
149.00,129.00,269.00,129.00,269.00,255.00,149.00,255.00
164.00,114.00,261.00,114.00,261.00,235.00,164.00,235.00
161.00,118.00,249.00,118.00,249.00,239.00,161.00,239.00
158.00,123.00,245.00,123.00,245.00,238.00,158.00,238.00
153.00,130.00,241.00,130.00,241.00,240.00,153.00,240.00
148.00,134.00,243.00,134.00,243.00,240.00,148.00,240.00
144.00,140.00,246.00,140.00,246.00,240.00,144.00,240.00
142.00,145.00,248.00,145.00,248.00,242.00,142.00,242.00
143.00,151.00,250.00,151.00,250.00,243.00,143.00,243.00
148.00,159.00,249.00,159.00,249.00,246.00,148.00,246.00
184.00,177.00,295.00,177.00,295.00,268.00,184.00,268.00
190.00,175.00,304.00,175.00,304.00,274.00,190.00,274.00
189.00,161.00,309.00,161.00,309.00,260.00,189.00,260.00
188.00,148.00,307.00,148.00,307.00,253.00,188.00,253.00
182.00,130.00,306.00,130.00,306.00,235.00,182.00,235.00
170.00,95.00,280.00,95.00,280.00,200.00,170.00,200.00
176.00,72.00,290.00,72.00,290.00,182.00,176.00,182.00
194.00,54.00,299.00,54.00,299.00,171.00,194.00,171.00
212.00,55.00,322.00,55.00,322.00,186.00,212.00,186.00
215.00,40.00,330.00,40.00,330.00,159.00,215.00,159.00
222.00,52.00,335.00,52.00,335.00,169.00,222.00,169.00
212.00,62.00,302.00,62.00,302.00,163.00,212.00,163.00
203.00,78.00,314.00,78.00,314.00,193.00,203.00,193.00
229.00,72.00,338.00,72.00,338.00,185.00,229.00,185.00
251.00,75.00,356.00,75.00,356.00,179.00,251.00,179.00
257.00,67.00,360.00,67.00,360.00,180.00,257.00,180.00
253.00,48.00,361.00,48.00,361.00,160.00,253.00,160.00
258.00,29.00,365.00,29.00,365.00,129.00,258.00,129.00
210.00,-13.00,313.00,-13.00,313.00,87.00,210.00,87.00
225.00,-28.00,326.00,-28.00,326.00,69.00,225.00,69.00
233.00,-31.00,339.00,-31.00,339.00,79.00,233.00,79.00
233.00,-23.00,340.00,-23.00,340.00,88.00,233.00,88.00
230.00,-27.00,338.00,-27.00,338.00,85.00,230.00,85.00
234.00,-23.00,340.00,-23.00,340.00,87.00,234.00,87.00
231.00,-25.00,335.00,-25.00,335.00,83.00,231.00,83.00
237.00,-26.00,342.00,-26.00,342.00,83.00,237.00,83.00
229.00,-30.00,334.00,-30.00,334.00,79.00,229.00,79.00
233.00,-20.00,336.00,-20.00,336.00,87.00,233.00,87.00
237.00,-17.00,339.00,-17.00,339.00,89.00,237.00,89.00
226.00,-20.00,330.00,-20.00,330.00,89.00,226.00,89.00
229.00,-16.00,323.00,-16.00,323.00,91.00,229.00,91.00
229.00,-13.00,325.00,-13.00,325.00,94.00,229.00,94.00
225.00,-14.00,325.00,-14.00,325.00,93.00,225.00,93.00
226.00,-17.00,325.00,-17.00,325.00,88.00,226.00,88.00
228.00,-14.00,326.00,-14.00,326.00,90.00,228.00,90.00
229.00,-15.00,322.00,-15.00,322.00,88.00,229.00,88.00
227.00,-15.00,323.00,-15.00,323.00,86.00,227.00,86.00
224.00,-15.00,316.00,-15.00,316.00,87.00,224.00,87.00
223.00,-11.00,314.00,-11.00,314.00,91.00,223.00,91.00
221.00,-9.00,313.00,-9.00,313.00,92.00,221.00,92.00
219.00,-5.00,313.00,-5.00,313.00,94.00,219.00,94.00
218.00,-1.00,310.00,-1.00,310.00,99.00,218.00,99.00
217.00,4.00,311.00,4.00,311.00,103.00,217.00,103.00
216.00,6.00,309.00,6.00,309.00,106.00,216.00,106.00
213.00,7.00,311.00,7.00,311.00,108.00,213.00,108.00
211.00,9.00,309.00,9.00,309.00,110.00,211.00,110.00
210.00,12.00,306.00,12.00,306.00,113.00,210.00,113.00
212.00,15.00,310.00,15.00,310.00,116.00,212.00,116.00
214.00,19.00,313.00,19.00,313.00,119.00,214.00,119.00
223.00,20.00,322.00,20.00,322.00,120.00,223.00,120.00
238.00,26.00,339.00,26.00,339.00,122.00,238.00,122.00
252.00,37.00,353.00,37.00,353.00,130.00,252.00,130.00
251.00,34.00,354.00,34.00,354.00,125.00,251.00,125.00
255.00,37.00,357.00,37.00,357.00,127.00,255.00,127.00
257.00,36.00,364.00,36.00,364.00,130.00,257.00,130.00
259.00,33.00,361.00,33.00,361.00,129.00,259.00,129.00
262.00,28.00,364.00,28.00,364.00,122.00,262.00,122.00
267.00,26.00,368.00,26.00,368.00,119.00,267.00,119.00
276.00,27.00,376.00,27.00,376.00,123.00,276.00,123.00
290.00,16.00,394.00,16.00,394.00,123.00,290.00,123.00
234.00,-6.00,326.00,-6.00,326.00,90.00,234.00,90.00
233.00,-10.00,323.00,-10.00,323.00,84.00,233.00,84.00
239.00,-11.00,327.00,-11.00,327.00,80.00,239.00,80.00
243.00,-12.00,329.00,-12.00,329.00,80.00,243.00,80.00
247.00,-17.00,333.00,-17.00,333.00,74.00,247.00,74.00
252.00,-22.00,343.00,-22.00,343.00,71.00,252.00,71.00
253.00,-26.00,337.00,-26.00,337.00,66.00,253.00,66.00
253.00,-25.00,338.00,-25.00,338.00,68.00,253.00,68.00
255.00,-25.00,337.00,-25.00,337.00,69.00,255.00,69.00
254.00,-21.00,340.00,-21.00,340.00,77.00,254.00,77.00
252.00,-19.00,343.00,-19.00,343.00,83.00,252.00,83.00
250.00,-13.00,343.00,-13.00,343.00,94.00,250.00,94.00
251.00,-12.00,347.00,-12.00,347.00,94.00,251.00,94.00
250.00,-8.00,346.00,-8.00,346.00,97.00,250.00,97.00
249.00,-5.00,346.00,-5.00,346.00,104.00,249.00,104.00
250.00,0.00,347.00,0.00,347.00,111.00,250.00,111.00
250.00,-1.00,350.00,-1.00,350.00,110.00,250.00,110.00
250.00,1.00,348.00,1.00,348.00,113.00,250.00,113.00
252.00,1.00,346.00,1.00,346.00,111.00,252.00,111.00
252.00,5.00,344.00,5.00,344.00,115.00,252.00,115.00
253.00,-0.00,341.00,-0.00,341.00,112.00,253.00,112.00
251.00,4.00,335.00,4.00,335.00,118.00,251.00,118.00
247.00,12.00,331.00,12.00,331.00,124.00,247.00,124.00
246.00,18.00,329.00,18.00,329.00,127.00,246.00,127.00
243.00,23.00,328.00,23.00,328.00,130.00,243.00,130.00
239.00,26.00,329.00,26.00,329.00,132.00,239.00,132.00
237.00,31.00,328.00,31.00,328.00,136.00,237.00,136.00
234.00,39.00,330.00,39.00,330.00,142.00,234.00,142.00
233.00,44.00,328.00,44.00,328.00,147.00,233.00,147.00
233.00,51.00,331.00,51.00,331.00,155.00,233.00,155.00
232.00,55.00,332.00,55.00,332.00,157.00,232.00,157.00
236.00,62.00,331.00,62.00,331.00,162.00,236.00,162.00
240.00,77.00,330.00,77.00,330.00,173.00,240.00,173.00
240.00,84.00,326.00,84.00,326.00,177.00,240.00,177.00
238.00,90.00,327.00,90.00,327.00,179.00,238.00,179.00
245.00,92.00,344.00,92.00,344.00,183.00,245.00,183.00
259.00,84.00,355.00,84.00,355.00,183.00,259.00,183.00
275.00,72.00,366.00,72.00,366.00,179.00,275.00,179.00
283.00,93.00,387.00,93.00,387.00,202.00,283.00,202.00
294.00,104.00,392.00,104.00,392.00,210.00,294.00,210.00
301.00,100.00,391.00,100.00,391.00,214.00,301.00,214.00
300.00,89.00,390.00,89.00,390.00,212.00,300.00,212.00
297.00,102.00,392.00,102.00,392.00,224.00,297.00,224.00
297.00,113.00,382.00,113.00,382.00,229.00,297.00,229.00
294.00,123.00,379.00,123.00,379.00,234.00,294.00,234.00
290.00,133.00,382.00,133.00,382.00,245.00,290.00,245.00
290.00,139.00,386.00,139.00,386.00,252.00,290.00,252.00
291.00,136.00,387.00,136.00,387.00,252.00,291.00,252.00
295.00,141.00,394.00,141.00,394.00,262.00,295.00,262.00
298.00,135.00,391.00,135.00,391.00,253.00,298.00,253.00
299.00,133.00,397.00,133.00,397.00,258.00,299.00,258.00
