1
110.00,329.00,213.00,329.00,213.00,450.00,110.00,450.00
94.00,325.00,211.00,325.00,211.00,446.00,94.00,446.00
94.00,319.00,205.00,319.00,205.00,453.00,94.00,453.00
89.00,318.00,193.00,318.00,193.00,446.00,89.00,446.00
98.00,330.00,216.00,330.00,216.00,452.00,98.00,452.00
126.00,324.00,243.00,324.00,243.00,445.00,126.00,445.00
130.00,324.00,247.00,324.00,247.00,445.00,130.00,445.00
94.00,284.00,211.00,284.00,211.00,405.00,94.00,405.00
83.00,258.00,203.00,258.00,203.00,388.00,83.00,388.00
98.00,249.00,206.00,249.00,206.00,375.00,98.00,375.00
111.00,244.00,214.00,244.00,214.00,365.00,111.00,365.00
115.00,234.00,214.00,234.00,214.00,364.00,115.00,364.00
110.00,216.00,218.00,216.00,218.00,345.00,110.00,345.00
107.00,204.00,202.00,204.00,202.00,329.00,107.00,329.00
97.00,223.00,205.00,223.00,205.00,331.00,97.00,331.00
104.00,236.00,214.00,236.00,214.00,348.00,104.00,348.00
122.00,242.00,230.00,242.00,230.00,352.00,122.00,352.00
130.00,236.00,240.00,236.00,240.00,348.00,130.00,348.00
141.00,229.00,252.00,229.00,252.00,342.00,141.00,342.00
142.00,214.00,257.00,214.00,257.00,311.00,142.00,311.00
130.00,179.00,242.00,179.00,242.00,293.00,130.00,293.00
108.00,156.00,219.00,156.00,219.00,254.00,108.00,254.00
120.00,138.00,223.00,138.00,223.00,252.00,120.00,252.00
132.00,121.00,231.00,121.00,231.00,249.00,132.00,249.00
137.00,122.00,247.00,122.00,247.00,252.00,137.00,252.00
142.00,125.00,260.00,125.00,260.00,250.00,142.00,250.00
137.00,129.00,265.00,129.00,265.00,251.00,137.00,251.00
142.00,133.00,260.00,133.00,260.00,250.00,142.00,250.00
147.00,132.00,260.00,132.00,260.00,249.00,147.00,249.00
158.00,127.00,265.00,127.00,265.00,248.00,158.00,248.00
162.00,118.00,259.00,118.00,259.00,247.00,162.00,247.00
163.00,117.00,252.00,117.00,252.00,248.00,163.00,248.00
160.00,119.00,244.00,119.00,244.00,242.00,160.00,242.00
153.00,127.00,245.00,127.00,245.00,252.00,153.00,252.00
150.00,132.00,246.00,132.00,246.00,252.00,150.00,252.00
146.00,138.00,248.00,138.00,248.00,250.00,146.00,250.00
143.00,144.00,246.00,144.00,246.00,246.00,143.00,246.00
144.00,148.00,246.00,148.00,246.00,246.00,144.00,246.00
149.00,161.00,251.00,161.00,251.00,252.00,149.00,252.00
181.00,174.00,291.00,174.00,291.00,270.00,181.00,270.00
190.00,171.00,299.00,171.00,299.00,272.00,190.00,272.00
190.00,158.00,302.00,158.00,302.00,262.00,190.00,262.00
198.00,153.00,311.00,153.00,311.00,259.00,198.00,259.00
189.00,130.00,304.00,130.00,304.00,234.00,189.00,234.00
170.00,94.00,280.00,94.00,280.00,203.00,170.00,203.00
173.00,67.00,286.00,67.00,286.00,186.00,173.00,186.00
195.00,52.00,298.00,52.00,298.00,178.00,195.00,178.00
210.00,51.00,316.00,51.00,316.00,183.00,210.00,183.00
230.00,42.00,325.00,42.00,325.00,169.00,230.00,169.00
223.00,44.00,334.00,44.00,334.00,160.00,223.00,160.00
212.00,64.00,301.00,64.00,301.00,173.00,212.00,173.00
204.00,75.00,314.00,75.00,314.00,190.00,204.00,190.00
225.00,74.00,334.00,74.00,334.00,188.00,225.00,188.00
250.00,72.00,356.00,72.00,356.00,183.00,250.00,183.00
258.00,63.00,356.00,63.00,356.00,177.00,258.00,177.00
257.00,46.00,356.00,46.00,356.00,159.00,257.00,159.00
260.00,29.00,363.00,29.00,363.00,127.00,260.00,127.00
207.00,-14.00,317.00,-14.00,317.00,86.00,207.00,86.00
225.00,-27.00,324.00,-27.00,324.00,75.00,225.00,75.00
230.00,-32.00,339.00,-32.00,339.00,82.00,230.00,82.00
235.00,-32.00,345.00,-32.00,345.00,83.00,235.00,83.00
230.00,-26.00,341.00,-26.00,341.00,89.00,230.00,89.00
229.00,-31.00,338.00,-31.00,338.00,81.00,229.00,81.00
231.00,-28.00,339.00,-28.00,339.00,83.00,231.00,83.00
236.00,-30.00,342.00,-30.00,342.00,79.00,236.00,79.00
233.00,-22.00,338.00,-22.00,338.00,86.00,233.00,86.00
236.00,-12.00,331.00,-12.00,331.00,93.00,236.00,93.00
236.00,-12.00,331.00,-12.00,331.00,98.00,236.00,98.00
233.00,-18.00,328.00,-18.00,328.00,93.00,233.00,93.00
230.00,-14.00,328.00,-14.00,328.00,102.00,230.00,102.00
227.00,-13.00,327.00,-13.00,327.00,100.00,227.00,100.00
228.00,-10.00,327.00,-10.00,327.00,109.00,228.00,109.00
226.00,-15.00,324.00,-15.00,324.00,98.00,226.00,98.00
227.00,-14.00,326.00,-14.00,326.00,97.00,227.00,97.00
227.00,-17.00,323.00,-17.00,323.00,94.00,227.00,94.00
224.00,-17.00,323.00,-17.00,323.00,91.00,224.00,91.00
223.00,-17.00,316.00,-17.00,316.00,97.00,223.00,97.00
222.00,-14.00,314.00,-14.00,314.00,98.00,222.00,98.00
220.00,-10.00,313.00,-10.00,313.00,99.00,220.00,99.00
220.00,-5.00,315.00,-5.00,315.00,103.00,220.00,103.00
219.00,-0.00,310.00,-0.00,310.00,105.00,219.00,105.00
216.00,3.00,310.00,3.00,310.00,103.00,216.00,103.00
216.00,9.00,310.00,9.00,310.00,109.00,216.00,109.00
212.00,8.00,310.00,8.00,310.00,109.00,212.00,109.00
213.00,14.00,310.00,14.00,310.00,111.00,213.00,111.00
211.00,15.00,303.00,15.00,303.00,116.00,211.00,116.00
212.00,18.00,306.00,18.00,306.00,113.00,212.00,113.00
210.00,20.00,301.00,20.00,301.00,114.00,210.00,114.00
215.00,19.00,320.00,19.00,320.00,126.00,215.00,126.00
240.00,25.00,344.00,25.00,344.00,131.00,240.00,131.00
258.00,42.00,351.00,42.00,351.00,132.00,258.00,132.00
256.00,37.00,350.00,37.00,350.00,127.00,256.00,127.00
258.00,39.00,353.00,39.00,353.00,129.00,258.00,129.00
259.00,35.00,356.00,35.00,356.00,128.00,259.00,128.00
266.00,38.00,361.00,38.00,361.00,128.00,266.00,128.00
265.00,31.00,360.00,31.00,360.00,121.00,265.00,121.00
270.00,30.00,365.00,30.00,365.00,125.00,270.00,125.00
284.00,33.00,379.00,33.00,379.00,130.00,284.00,130.00
289.00,22.00,390.00,22.00,390.00,125.00,289.00,125.00
243.00,4.00,336.00,4.00,336.00,98.00,243.00,98.00
234.00,-6.00,324.00,-6.00,324.00,85.00,234.00,85.00
240.00,-7.00,325.00,-7.00,325.00,84.00,240.00,84.00
245.00,-12.00,326.00,-12.00,326.00,84.00,245.00,84.00
248.00,-16.00,330.00,-16.00,330.00,79.00,248.00,79.00
252.00,-19.00,333.00,-19.00,333.00,79.00,252.00,79.00
253.00,-23.00,338.00,-23.00,338.00,72.00,253.00,72.00
254.00,-24.00,337.00,-24.00,337.00,72.00,254.00,72.00
255.00,-23.00,337.00,-23.00,337.00,78.00,255.00,78.00
255.00,-21.00,338.00,-21.00,338.00,80.00,255.00,80.00
252.00,-17.00,343.00,-17.00,343.00,87.00,252.00,87.00
252.00,-13.00,344.00,-13.00,344.00,90.00,252.00,90.00
251.00,-9.00,347.00,-9.00,347.00,96.00,251.00,96.00
251.00,-6.00,345.00,-6.00,345.00,100.00,251.00,100.00
251.00,-5.00,345.00,-5.00,345.00,104.00,251.00,104.00
253.00,-4.00,345.00,-4.00,345.00,103.00,253.00,103.00
253.00,-2.00,346.00,-2.00,346.00,105.00,253.00,105.00
255.00,-4.00,349.00,-4.00,349.00,102.00,255.00,102.00
255.00,-5.00,350.00,-5.00,350.00,106.00,255.00,106.00
255.00,2.00,345.00,2.00,345.00,114.00,255.00,114.00
256.00,2.00,343.00,2.00,343.00,118.00,256.00,118.00
253.00,6.00,337.00,6.00,337.00,126.00,253.00,126.00
249.00,12.00,333.00,12.00,333.00,132.00,249.00,132.00
247.00,22.00,331.00,22.00,331.00,137.00,247.00,137.00
244.00,19.00,329.00,19.00,329.00,134.00,244.00,134.00
241.00,29.00,330.00,29.00,330.00,140.00,241.00,140.00
241.00,35.00,329.00,35.00,329.00,144.00,241.00,144.00
237.00,38.00,330.00,38.00,330.00,146.00,237.00,146.00
236.00,45.00,329.00,45.00,329.00,151.00,236.00,151.00
234.00,51.00,331.00,51.00,331.00,158.00,234.00,158.00
235.00,59.00,332.00,59.00,332.00,166.00,235.00,166.00
238.00,64.00,330.00,64.00,330.00,171.00,238.00,171.00
239.00,76.00,331.00,76.00,331.00,178.00,239.00,178.00
239.00,81.00,326.00,81.00,326.00,179.00,239.00,179.00
239.00,93.00,331.00,93.00,331.00,184.00,239.00,184.00
241.00,89.00,337.00,89.00,337.00,181.00,241.00,181.00
257.00,77.00,353.00,77.00,353.00,183.00,257.00,183.00
275.00,71.00,370.00,71.00,370.00,186.00,275.00,186.00
283.00,86.00,387.00,86.00,387.00,201.00,283.00,201.00
295.00,103.00,392.00,103.00,392.00,211.00,295.00,211.00
302.00,98.00,393.00,98.00,393.00,212.00,302.00,212.00
302.00,91.00,389.00,91.00,389.00,223.00,302.00,223.00
300.00,108.00,387.00,108.00,387.00,236.00,300.00,236.00
298.00,110.00,387.00,110.00,387.00,237.00,298.00,237.00
295.00,122.00,381.00,122.00,381.00,243.00,295.00,243.00
290.00,132.00,382.00,132.00,382.00,251.00,290.00,251.00
290.00,137.00,383.00,137.00,383.00,252.00,290.00,252.00
293.00,138.00,387.00,138.00,387.00,259.00,293.00,259.00
294.00,140.00,391.00,140.00,391.00,263.00,294.00,263.00
297.00,138.00,394.00,138.00,394.00,265.00,297.00,265.00
299.00,138.00,397.00,138.00,397.00,264.00,299.00,264.00
