1
111.00,324.00,213.00,324.00,213.00,453.00,111.00,453.00
97.00,323.00,212.00,323.00,212.00,442.00,97.00,442.00
94.00,311.00,201.00,311.00,201.00,449.00,94.00,449.00
88.00,319.00,189.00,319.00,189.00,439.00,88.00,439.00
88.00,331.00,202.00,331.00,202.00,449.00,88.00,449.00
126.00,326.00,242.00,326.00,242.00,446.00,126.00,446.00
121.00,315.00,238.00,315.00,238.00,436.00,121.00,436.00
91.00,279.00,208.00,279.00,208.00,400.00,91.00,400.00
81.00,259.00,205.00,259.00,205.00,386.00,81.00,386.00
96.00,247.00,206.00,247.00,206.00,376.00,96.00,376.00
107.00,242.00,215.00,242.00,215.00,372.00,107.00,372.00
111.00,233.00,218.00,233.00,218.00,370.00,111.00,370.00
107.00,211.00,219.00,211.00,219.00,343.00,107.00,343.00
104.00,209.00,205.00,209.00,205.00,335.00,104.00,335.00
97.00,223.00,204.00,223.00,204.00,329.00,97.00,329.00
98.00,235.00,211.00,235.00,211.00,352.00,98.00,352.00
137.00,248.00,249.00,248.00,249.00,364.00,137.00,364.00
120.00,240.00,250.00,240.00,250.00,329.00,120.00,329.00
126.00,225.00,251.00,225.00,251.00,336.00,126.00,336.00
140.00,214.00,264.00,214.00,264.00,317.00,140.00,317.00
121.00,186.00,232.00,186.00,232.00,279.00,121.00,279.00
109.00,160.00,224.00,160.00,224.00,261.00,109.00,261.00
115.00,135.00,219.00,135.00,219.00,246.00,115.00,246.00
129.00,122.00,231.00,122.00,231.00,249.00,129.00,249.00
134.00,125.00,250.00,125.00,250.00,259.00,134.00,259.00
146.00,117.00,258.00,117.00,258.00,247.00,146.00,247.00
139.00,128.00,263.00,128.00,263.00,254.00,139.00,254.00
141.00,128.00,266.00,128.00,266.00,250.00,141.00,250.00
145.00,125.00,271.00,125.00,271.00,250.00,145.00,250.00
155.00,118.00,270.00,118.00,270.00,248.00,155.00,248.00
160.00,111.00,264.00,111.00,264.00,243.00,160.00,243.00
159.00,110.00,254.00,110.00,254.00,240.00,159.00,240.00
155.00,116.00,249.00,116.00,249.00,243.00,155.00,243.00
150.00,125.00,244.00,125.00,244.00,249.00,150.00,249.00
147.00,131.00,244.00,131.00,244.00,249.00,147.00,249.00
142.00,138.00,248.00,138.00,248.00,249.00,142.00,249.00
141.00,141.00,247.00,141.00,247.00,251.00,141.00,251.00
140.00,148.00,250.00,148.00,250.00,247.00,140.00,247.00
146.00,157.00,253.00,157.00,253.00,250.00,146.00,250.00
173.00,171.00,297.00,171.00,297.00,270.00,173.00,270.00
181.00,170.00,309.00,170.00,309.00,276.00,181.00,276.00
184.00,159.00,314.00,159.00,314.00,261.00,184.00,261.00
186.00,147.00,314.00,147.00,314.00,258.00,186.00,258.00
179.00,130.00,310.00,130.00,310.00,237.00,179.00,237.00
167.00,97.00,285.00,97.00,285.00,202.00,167.00,202.00
175.00,73.00,286.00,73.00,286.00,190.00,175.00,190.00
194.00,55.00,301.00,55.00,301.00,185.00,194.00,185.00
210.00,46.00,318.00,46.00,318.00,182.00,210.00,182.00
223.00,38.00,327.00,38.00,327.00,176.00,223.00,176.00
219.00,37.00,320.00,37.00,320.00,166.00,219.00,166.00
203.00,56.00,297.00,56.00,297.00,173.00,203.00,173.00
201.00,74.00,321.00,74.00,321.00,198.00,201.00,198.00
219.00,72.00,341.00,72.00,341.00,198.00,219.00,198.00
245.00,70.00,355.00,70.00,355.00,189.00,245.00,189.00
252.00,61.00,359.00,61.00,359.00,192.00,252.00,192.00
252.00,43.00,360.00,43.00,360.00,166.00,252.00,166.00
251.00,26.00,372.00,26.00,372.00,143.00,251.00,143.00
228.00,-6.00,351.00,-6.00,351.00,93.00,228.00,93.00
222.00,-31.00,330.00,-31.00,330.00,78.00,222.00,78.00
223.00,-34.00,341.00,-34.00,341.00,88.00,223.00,88.00
199.00,-3.00,319.00,-3.00,319.00,121.00,199.00,121.00
225.00,-37.00,345.00,-37.00,345.00,87.00,225.00,87.00
222.00,-32.00,343.00,-32.00,343.00,93.00,222.00,93.00
229.00,-30.00,349.00,-30.00,349.00,94.00,229.00,94.00
221.00,-23.00,340.00,-23.00,340.00,99.00,221.00,99.00
220.00,-20.00,338.00,-20.00,338.00,101.00,220.00,101.00
223.00,-20.00,340.00,-20.00,340.00,100.00,223.00,100.00
221.00,-35.00,339.00,-35.00,339.00,86.00,221.00,86.00
230.00,-22.00,331.00,-22.00,331.00,94.00,230.00,94.00
227.00,-21.00,326.00,-21.00,326.00,102.00,227.00,102.00
225.00,-16.00,328.00,-16.00,328.00,112.00,225.00,112.00
222.00,-17.00,327.00,-17.00,327.00,112.00,222.00,112.00
223.00,-20.00,328.00,-20.00,328.00,103.00,223.00,103.00
224.00,-19.00,332.00,-19.00,332.00,105.00,224.00,105.00
224.00,-19.00,330.00,-19.00,330.00,103.00,224.00,103.00
221.00,-18.00,331.00,-18.00,331.00,99.00,221.00,99.00
219.00,-20.00,323.00,-20.00,323.00,100.00,219.00,100.00
217.00,-18.00,320.00,-18.00,320.00,101.00,217.00,101.00
219.00,-12.00,318.00,-12.00,318.00,107.00,219.00,107.00
217.00,-9.00,314.00,-9.00,314.00,107.00,217.00,107.00
216.00,-5.00,312.00,-5.00,312.00,107.00,216.00,107.00
213.00,-1.00,311.00,-1.00,311.00,105.00,213.00,105.00
213.00,3.00,310.00,3.00,310.00,110.00,213.00,110.00
209.00,2.00,310.00,2.00,310.00,113.00,209.00,113.00
207.00,4.00,307.00,4.00,307.00,115.00,207.00,115.00
207.00,9.00,307.00,9.00,307.00,116.00,207.00,116.00
207.00,10.00,307.00,10.00,307.00,117.00,207.00,117.00
210.00,15.00,308.00,15.00,308.00,127.00,210.00,127.00
219.00,18.00,325.00,18.00,325.00,125.00,219.00,125.00
234.00,25.00,342.00,25.00,342.00,127.00,234.00,127.00
250.00,38.00,360.00,38.00,360.00,137.00,250.00,137.00
250.00,37.00,360.00,37.00,360.00,133.00,250.00,133.00
256.00,40.00,366.00,40.00,366.00,136.00,256.00,136.00
258.00,38.00,367.00,38.00,367.00,141.00,258.00,141.00
265.00,39.00,372.00,39.00,372.00,143.00,265.00,143.00
264.00,33.00,374.00,33.00,374.00,136.00,264.00,136.00
269.00,30.00,379.00,30.00,379.00,137.00,269.00,137.00
278.00,28.00,383.00,28.00,383.00,137.00,278.00,137.00
282.00,24.00,386.00,24.00,386.00,133.00,282.00,133.00
265.00,6.00,370.00,6.00,370.00,108.00,265.00,108.00
229.00,-12.00,326.00,-12.00,326.00,96.00,229.00,96.00
233.00,-17.00,328.00,-17.00,328.00,82.00,233.00,82.00
241.00,-18.00,330.00,-18.00,330.00,85.00,241.00,85.00
245.00,-20.00,335.00,-20.00,335.00,81.00,245.00,81.00
248.00,-25.00,338.00,-25.00,338.00,80.00,248.00,80.00
251.00,-29.00,342.00,-29.00,342.00,71.00,251.00,71.00
251.00,-28.00,340.00,-28.00,340.00,77.00,251.00,77.00
252.00,-29.00,340.00,-29.00,340.00,76.00,252.00,76.00
251.00,-27.00,342.00,-27.00,342.00,80.00,251.00,80.00
250.00,-25.00,346.00,-25.00,346.00,83.00,250.00,83.00
249.00,-19.00,346.00,-19.00,346.00,94.00,249.00,94.00
248.00,-12.00,346.00,-12.00,346.00,105.00,248.00,105.00
247.00,-9.00,347.00,-9.00,347.00,106.00,247.00,106.00
247.00,-10.00,350.00,-10.00,350.00,107.00,247.00,107.00
250.00,-6.00,352.00,-6.00,352.00,113.00,250.00,113.00
249.00,-6.00,351.00,-6.00,351.00,113.00,249.00,113.00
249.00,-6.00,353.00,-6.00,353.00,114.00,249.00,114.00
250.00,-8.00,357.00,-8.00,357.00,112.00,250.00,112.00
250.00,-7.00,356.00,-7.00,356.00,116.00,250.00,116.00
249.00,-5.00,348.00,-5.00,348.00,123.00,249.00,123.00
248.00,2.00,343.00,2.00,343.00,127.00,248.00,127.00
245.00,7.00,340.00,7.00,340.00,131.00,245.00,131.00
244.00,18.00,334.00,18.00,334.00,141.00,244.00,141.00
241.00,20.00,332.00,20.00,332.00,139.00,241.00,139.00
239.00,22.00,332.00,22.00,332.00,139.00,239.00,139.00
237.00,27.00,330.00,27.00,330.00,144.00,237.00,144.00
233.00,36.00,331.00,36.00,331.00,149.00,233.00,149.00
232.00,44.00,331.00,44.00,331.00,154.00,232.00,154.00
231.00,51.00,331.00,51.00,331.00,164.00,231.00,164.00
231.00,57.00,333.00,57.00,333.00,171.00,231.00,171.00
235.00,61.00,330.00,61.00,330.00,174.00,235.00,174.00
237.00,76.00,331.00,76.00,331.00,185.00,237.00,185.00
236.00,82.00,328.00,82.00,328.00,189.00,236.00,189.00
233.00,85.00,327.00,85.00,327.00,193.00,233.00,193.00
240.00,89.00,345.00,89.00,345.00,192.00,240.00,192.00
252.00,75.00,355.00,75.00,355.00,186.00,252.00,186.00
272.00,71.00,370.00,71.00,370.00,195.00,272.00,195.00
278.00,81.00,395.00,81.00,395.00,208.00,278.00,208.00
291.00,99.00,396.00,99.00,396.00,218.00,291.00,218.00
299.00,93.00,394.00,93.00,394.00,221.00,299.00,221.00
298.00,81.00,391.00,81.00,391.00,220.00,298.00,220.00
296.00,98.00,393.00,98.00,393.00,233.00,296.00,233.00
293.00,105.00,387.00,105.00,387.00,234.00,293.00,234.00
289.00,115.00,381.00,115.00,381.00,236.00,289.00,236.00
288.00,129.00,385.00,129.00,385.00,253.00,288.00,253.00
287.00,133.00,384.00,133.00,384.00,255.00,287.00,255.00
291.00,135.00,384.00,135.00,384.00,259.00,291.00,259.00
293.00,139.00,391.00,139.00,391.00,266.00,293.00,266.00
296.00,135.00,391.00,135.00,391.00,262.00,296.00,262.00
296.00,128.00,397.00,128.00,397.00,264.00,296.00,264.00
