1
111.00,327.00,212.00,327.00,212.00,450.00,111.00,450.00
96.00,332.00,211.00,332.00,211.00,452.00,96.00,452.00
95.00,313.00,201.00,313.00,201.00,446.00,95.00,446.00
90.00,319.00,190.00,319.00,190.00,444.00,90.00,444.00
84.00,328.00,199.00,328.00,199.00,448.00,84.00,448.00
131.00,326.00,245.00,326.00,245.00,445.00,131.00,445.00
132.00,320.00,246.00,320.00,246.00,439.00,132.00,439.00
104.00,300.00,217.00,300.00,217.00,418.00,104.00,418.00
84.00,256.00,197.00,256.00,197.00,383.00,84.00,383.00
99.00,249.00,204.00,249.00,204.00,370.00,99.00,370.00
113.00,244.00,211.00,244.00,211.00,363.00,113.00,363.00
116.00,231.00,212.00,231.00,212.00,355.00,116.00,355.00
108.00,211.00,220.00,211.00,220.00,330.00,108.00,330.00
105.00,208.00,202.00,208.00,202.00,330.00,105.00,330.00
99.00,222.00,203.00,222.00,203.00,323.00,99.00,323.00
102.00,235.00,211.00,235.00,211.00,348.00,102.00,348.00
123.00,245.00,233.00,245.00,233.00,359.00,123.00,359.00
138.00,244.00,248.00,244.00,248.00,358.00,138.00,358.00
132.00,230.00,239.00,230.00,239.00,341.00,132.00,341.00
138.00,204.00,247.00,204.00,247.00,299.00,138.00,299.00
124.00,179.00,228.00,179.00,228.00,288.00,124.00,288.00
112.00,154.00,211.00,154.00,211.00,250.00,112.00,250.00
118.00,132.00,215.00,132.00,215.00,241.00,118.00,241.00
133.00,118.00,223.00,118.00,223.00,236.00,133.00,236.00
140.00,118.00,243.00,118.00,243.00,243.00,140.00,243.00
146.00,118.00,257.00,118.00,257.00,246.00,146.00,246.00
138.00,132.00,257.00,132.00,257.00,248.00,138.00,248.00
144.00,130.00,257.00,130.00,257.00,245.00,144.00,245.00
148.00,129.00,258.00,129.00,258.00,246.00,148.00,246.00
157.00,123.00,262.00,123.00,262.00,246.00,157.00,246.00
161.00,116.00,257.00,116.00,257.00,241.00,161.00,241.00
163.00,114.00,249.00,114.00,249.00,238.00,163.00,238.00
159.00,118.00,241.00,118.00,241.00,235.00,159.00,235.00
154.00,126.00,240.00,126.00,240.00,238.00,154.00,238.00
151.00,132.00,242.00,132.00,242.00,241.00,151.00,241.00
147.00,135.00,242.00,135.00,242.00,240.00,147.00,240.00
145.00,138.00,240.00,138.00,240.00,237.00,145.00,237.00
145.00,145.00,243.00,145.00,243.00,241.00,145.00,241.00
149.00,155.00,245.00,155.00,245.00,247.00,149.00,247.00
167.00,161.00,271.00,161.00,271.00,269.00,167.00,269.00
185.00,164.00,297.00,164.00,297.00,266.00,185.00,266.00
190.00,154.00,303.00,154.00,303.00,257.00,190.00,257.00
191.00,143.00,301.00,143.00,301.00,248.00,191.00,248.00
194.00,132.00,304.00,132.00,304.00,234.00,194.00,234.00
173.00,94.00,274.00,94.00,274.00,202.00,173.00,202.00
178.00,69.00,283.00,69.00,283.00,185.00,178.00,185.00
196.00,51.00,295.00,51.00,295.00,168.00,196.00,168.00
213.00,49.00,314.00,49.00,314.00,172.00,213.00,172.00
231.00,36.00,324.00,36.00,324.00,157.00,231.00,157.00
228.00,46.00,315.00,46.00,315.00,161.00,228.00,161.00
208.00,65.00,297.00,65.00,297.00,165.00,208.00,165.00
206.00,77.00,314.00,77.00,314.00,188.00,206.00,188.00
230.00,74.00,337.00,74.00,337.00,183.00,230.00,183.00
252.00,71.00,350.00,71.00,350.00,176.00,252.00,176.00
259.00,64.00,355.00,64.00,355.00,177.00,259.00,177.00
257.00,48.00,359.00,48.00,359.00,159.00,257.00,159.00
257.00,26.00,363.00,26.00,363.00,126.00,257.00,126.00
212.00,-14.00,317.00,-14.00,317.00,91.00,212.00,91.00
223.00,-30.00,321.00,-30.00,321.00,68.00,223.00,68.00
233.00,-32.00,343.00,-32.00,343.00,80.00,233.00,80.00
221.00,-22.00,333.00,-22.00,333.00,92.00,221.00,92.00
235.00,-27.00,346.00,-27.00,346.00,86.00,235.00,86.00
223.00,-32.00,335.00,-32.00,335.00,82.00,223.00,82.00
226.00,-29.00,338.00,-29.00,338.00,85.00,226.00,85.00
223.00,-29.00,335.00,-29.00,335.00,85.00,223.00,85.00
223.00,-19.00,333.00,-19.00,333.00,93.00,223.00,93.00
221.00,-13.00,329.00,-13.00,329.00,97.00,221.00,97.00
233.00,-12.00,327.00,-12.00,327.00,94.00,233.00,94.00
232.00,-18.00,326.00,-18.00,326.00,86.00,232.00,86.00
229.00,-14.00,327.00,-14.00,327.00,97.00,229.00,97.00
226.00,-12.00,326.00,-12.00,326.00,99.00,226.00,99.00
225.00,-14.00,325.00,-14.00,325.00,97.00,225.00,97.00
224.00,-18.00,323.00,-18.00,323.00,94.00,224.00,94.00
224.00,-21.00,324.00,-21.00,324.00,88.00,224.00,88.00
226.00,-18.00,324.00,-18.00,324.00,90.00,226.00,90.00
222.00,-21.00,322.00,-21.00,322.00,86.00,222.00,86.00
221.00,-19.00,316.00,-19.00,316.00,91.00,221.00,91.00
220.00,-16.00,316.00,-16.00,316.00,90.00,220.00,90.00
219.00,-12.00,313.00,-12.00,313.00,93.00,219.00,93.00
215.00,-9.00,310.00,-9.00,310.00,97.00,215.00,97.00
216.00,-6.00,309.00,-6.00,309.00,98.00,216.00,98.00
214.00,-1.00,309.00,-1.00,309.00,100.00,214.00,100.00
215.00,4.00,310.00,4.00,310.00,105.00,215.00,105.00
212.00,4.00,306.00,4.00,306.00,104.00,212.00,104.00
212.00,8.00,305.00,8.00,305.00,109.00,212.00,109.00
211.00,11.00,304.00,11.00,304.00,107.00,211.00,107.00
211.00,14.00,301.00,14.00,301.00,111.00,211.00,111.00
210.00,18.00,299.00,18.00,299.00,111.00,210.00,111.00
211.00,18.00,302.00,18.00,302.00,115.00,211.00,115.00
251.00,28.00,357.00,28.00,357.00,136.00,251.00,136.00
255.00,36.00,353.00,36.00,353.00,128.00,255.00,128.00
256.00,36.00,356.00,36.00,356.00,131.00,256.00,131.00
260.00,39.00,359.00,39.00,359.00,137.00,260.00,137.00
261.00,37.00,364.00,37.00,364.00,138.00,261.00,138.00
271.00,43.00,373.00,43.00,373.00,143.00,271.00,143.00
272.00,37.00,375.00,37.00,375.00,137.00,272.00,137.00
277.00,34.00,381.00,34.00,381.00,134.00,277.00,134.00
282.00,32.00,384.00,32.00,384.00,132.00,282.00,132.00
288.00,27.00,386.00,27.00,386.00,125.00,288.00,125.00
270.00,7.00,374.00,7.00,374.00,112.00,270.00,112.00
233.00,-6.00,323.00,-6.00,323.00,88.00,233.00,88.00
237.00,-11.00,323.00,-11.00,323.00,80.00,237.00,80.00
242.00,-15.00,326.00,-15.00,326.00,82.00,242.00,82.00
245.00,-20.00,330.00,-20.00,330.00,73.00,245.00,73.00
249.00,-25.00,333.00,-25.00,333.00,69.00,249.00,69.00
253.00,-29.00,335.00,-29.00,335.00,63.00,253.00,63.00
253.00,-28.00,335.00,-28.00,335.00,66.00,253.00,66.00
254.00,-23.00,336.00,-23.00,336.00,77.00,254.00,77.00
255.00,-25.00,338.00,-25.00,338.00,73.00,255.00,73.00
252.00,-19.00,342.00,-19.00,342.00,89.00,252.00,89.00
251.00,-15.00,342.00,-15.00,342.00,91.00,251.00,91.00
250.00,-12.00,344.00,-12.00,344.00,93.00,250.00,93.00
250.00,-9.00,346.00,-9.00,346.00,100.00,250.00,100.00
250.00,-5.00,347.00,-5.00,347.00,106.00,250.00,106.00
251.00,-3.00,345.00,-3.00,345.00,108.00,251.00,108.00
252.00,-3.00,349.00,-3.00,349.00,107.00,252.00,107.00
254.00,-4.00,350.00,-4.00,350.00,105.00,254.00,105.00
254.00,-5.00,352.00,-5.00,352.00,105.00,254.00,105.00
253.00,0.00,347.00,0.00,347.00,113.00,253.00,113.00
253.00,-1.00,341.00,-1.00,341.00,111.00,253.00,111.00
251.00,8.00,336.00,8.00,336.00,121.00,251.00,121.00
247.00,8.00,332.00,8.00,332.00,122.00,247.00,122.00
245.00,22.00,331.00,22.00,331.00,133.00,245.00,133.00
242.00,23.00,330.00,23.00,330.00,133.00,242.00,133.00
239.00,23.00,331.00,23.00,331.00,131.00,239.00,131.00
237.00,30.00,330.00,30.00,330.00,138.00,237.00,138.00
235.00,35.00,332.00,35.00,332.00,141.00,235.00,141.00
234.00,44.00,328.00,44.00,328.00,152.00,234.00,152.00
233.00,50.00,332.00,50.00,332.00,156.00,233.00,156.00
233.00,53.00,332.00,53.00,332.00,157.00,233.00,157.00
237.00,62.00,329.00,62.00,329.00,167.00,237.00,167.00
239.00,72.00,329.00,72.00,329.00,168.00,239.00,168.00
238.00,80.00,324.00,80.00,324.00,174.00,238.00,174.00
237.00,89.00,325.00,89.00,325.00,183.00,237.00,183.00
240.00,86.00,333.00,86.00,333.00,180.00,240.00,180.00
256.00,75.00,350.00,75.00,350.00,177.00,256.00,177.00
275.00,67.00,368.00,67.00,368.00,179.00,275.00,179.00
283.00,86.00,386.00,86.00,386.00,196.00,283.00,196.00
297.00,102.00,391.00,102.00,391.00,206.00,297.00,206.00
302.00,98.00,391.00,98.00,391.00,212.00,302.00,212.00
299.00,85.00,392.00,85.00,392.00,208.00,299.00,208.00
296.00,97.00,390.00,97.00,390.00,220.00,296.00,220.00
295.00,108.00,383.00,108.00,383.00,221.00,295.00,221.00
292.00,126.00,380.00,126.00,380.00,236.00,292.00,236.00
289.00,133.00,382.00,133.00,382.00,243.00,289.00,243.00
288.00,140.00,384.00,140.00,384.00,251.00,288.00,251.00
291.00,137.00,384.00,137.00,384.00,253.00,291.00,253.00
292.00,141.00,390.00,141.00,390.00,258.00,292.00,258.00
296.00,137.00,390.00,137.00,390.00,254.00,296.00,254.00
297.00,138.00,396.00,138.00,396.00,255.00,297.00,255.00
