1
109.00,325.00,213.00,325.00,213.00,454.00,109.00,454.00
93.00,331.00,210.00,331.00,210.00,452.00,93.00,452.00
95.00,313.00,202.00,313.00,202.00,449.00,95.00,449.00
91.00,318.00,191.00,318.00,191.00,442.00,91.00,442.00
95.00,330.00,213.00,330.00,213.00,452.00,95.00,452.00
129.00,325.00,248.00,325.00,248.00,448.00,129.00,448.00
126.00,317.00,246.00,317.00,246.00,441.00,126.00,441.00
91.00,291.00,209.00,291.00,209.00,401.00,91.00,401.00
80.00,258.00,208.00,258.00,208.00,387.00,80.00,387.00
97.00,247.00,208.00,247.00,208.00,375.00,97.00,375.00
110.00,245.00,219.00,245.00,219.00,374.00,110.00,374.00
113.00,230.00,217.00,230.00,217.00,364.00,113.00,364.00
108.00,208.00,221.00,208.00,221.00,339.00,108.00,339.00
104.00,203.00,207.00,203.00,207.00,331.00,104.00,331.00
95.00,216.00,208.00,216.00,208.00,322.00,95.00,322.00
100.00,232.00,218.00,232.00,218.00,354.00,100.00,354.00
137.00,246.00,253.00,246.00,253.00,366.00,137.00,366.00
138.00,246.00,258.00,246.00,258.00,358.00,138.00,358.00
129.00,220.00,257.00,220.00,257.00,333.00,129.00,333.00
136.00,210.00,262.00,210.00,262.00,314.00,136.00,314.00
125.00,182.00,241.00,182.00,241.00,277.00,125.00,277.00
106.00,151.00,219.00,151.00,219.00,250.00,106.00,250.00
114.00,131.00,223.00,131.00,223.00,246.00,114.00,246.00
129.00,117.00,232.00,117.00,232.00,245.00,129.00,245.00
136.00,115.00,251.00,115.00,251.00,252.00,136.00,252.00
143.00,112.00,262.00,112.00,262.00,247.00,143.00,247.00
139.00,126.00,270.00,126.00,270.00,255.00,139.00,255.00
143.00,124.00,269.00,124.00,269.00,250.00,143.00,250.00
145.00,128.00,270.00,128.00,270.00,253.00,145.00,253.00
152.00,124.00,274.00,124.00,274.00,257.00,152.00,257.00
159.00,112.00,264.00,112.00,264.00,247.00,159.00,247.00
161.00,113.00,256.00,113.00,256.00,243.00,161.00,243.00
158.00,117.00,249.00,117.00,249.00,242.00,158.00,242.00
151.00,127.00,248.00,127.00,248.00,248.00,151.00,248.00
146.00,130.00,247.00,130.00,247.00,241.00,146.00,241.00
143.00,136.00,249.00,136.00,249.00,243.00,143.00,243.00
141.00,138.00,248.00,138.00,248.00,239.00,141.00,239.00
143.00,148.00,252.00,148.00,252.00,244.00,143.00,244.00
148.00,156.00,255.00,156.00,255.00,247.00,148.00,247.00
184.00,173.00,297.00,173.00,297.00,263.00,184.00,263.00
192.00,173.00,309.00,173.00,309.00,276.00,192.00,276.00
191.00,160.00,312.00,160.00,312.00,267.00,191.00,267.00
201.00,154.00,320.00,154.00,320.00,267.00,201.00,267.00
193.00,134.00,317.00,134.00,317.00,241.00,193.00,241.00
170.00,97.00,288.00,97.00,288.00,206.00,170.00,206.00
175.00,70.00,289.00,70.00,289.00,184.00,175.00,184.00
195.00,54.00,299.00,54.00,299.00,177.00,195.00,177.00
211.00,49.00,320.00,49.00,320.00,183.00,211.00,183.00
226.00,36.00,328.00,36.00,328.00,170.00,226.00,170.00
219.00,46.00,333.00,46.00,333.00,165.00,219.00,165.00
207.00,62.00,296.00,62.00,296.00,163.00,207.00,163.00
205.00,73.00,318.00,73.00,318.00,191.00,205.00,191.00
225.00,75.00,337.00,75.00,337.00,192.00,225.00,192.00
251.00,73.00,357.00,73.00,357.00,183.00,251.00,183.00
260.00,65.00,360.00,65.00,360.00,180.00,260.00,180.00
256.00,46.00,360.00,46.00,360.00,164.00,256.00,164.00
257.00,27.00,363.00,27.00,363.00,128.00,257.00,128.00
216.00,-11.00,322.00,-11.00,322.00,87.00,216.00,87.00
225.00,-28.00,324.00,-28.00,324.00,67.00,225.00,67.00
231.00,-34.00,339.00,-34.00,339.00,79.00,231.00,79.00
235.00,-30.00,342.00,-30.00,342.00,83.00,235.00,83.00
234.00,-31.00,341.00,-31.00,341.00,82.00,234.00,82.00
234.00,-32.00,341.00,-32.00,341.00,81.00,234.00,81.00
233.00,-29.00,339.00,-29.00,339.00,83.00,233.00,83.00
225.00,-18.00,331.00,-18.00,331.00,94.00,225.00,94.00
229.00,-19.00,334.00,-19.00,334.00,92.00,229.00,92.00
229.00,-16.00,336.00,-16.00,336.00,97.00,229.00,97.00
233.00,-11.00,328.00,-11.00,328.00,102.00,233.00,102.00
231.00,-23.00,326.00,-23.00,326.00,82.00,231.00,82.00
227.00,-21.00,323.00,-21.00,323.00,88.00,227.00,88.00
226.00,-14.00,326.00,-14.00,326.00,98.00,226.00,98.00
226.00,-14.00,325.00,-14.00,325.00,100.00,226.00,100.00
226.00,-18.00,325.00,-18.00,325.00,95.00,226.00,95.00
227.00,-18.00,328.00,-18.00,328.00,93.00,227.00,93.00
226.00,-19.00,324.00,-19.00,324.00,92.00,226.00,92.00
224.00,-20.00,324.00,-20.00,324.00,89.00,224.00,89.00
223.00,-16.00,320.00,-16.00,320.00,96.00,223.00,96.00
222.00,-14.00,320.00,-14.00,320.00,91.00,222.00,91.00
220.00,-11.00,313.00,-11.00,313.00,94.00,220.00,94.00
218.00,-7.00,314.00,-7.00,314.00,96.00,218.00,96.00
220.00,-1.00,313.00,-1.00,313.00,102.00,220.00,102.00
218.00,3.00,310.00,3.00,310.00,103.00,218.00,103.00
214.00,2.00,310.00,2.00,310.00,99.00,214.00,99.00
214.00,6.00,309.00,6.00,309.00,103.00,214.00,103.00
215.00,11.00,306.00,11.00,306.00,106.00,215.00,106.00
213.00,12.00,302.00,12.00,302.00,105.00,213.00,105.00
216.00,18.00,306.00,18.00,306.00,113.00,216.00,113.00
214.00,20.00,302.00,20.00,302.00,107.00,214.00,107.00
227.00,21.00,316.00,21.00,316.00,109.00,227.00,109.00
252.00,34.00,348.00,34.00,348.00,119.00,252.00,119.00
260.00,42.00,356.00,42.00,356.00,135.00,260.00,135.00
254.00,34.00,350.00,34.00,350.00,127.00,254.00,127.00
261.00,37.00,357.00,37.00,357.00,126.00,261.00,126.00
262.00,35.00,361.00,35.00,361.00,127.00,262.00,127.00
275.00,43.00,374.00,43.00,374.00,140.00,275.00,140.00
268.00,32.00,370.00,32.00,370.00,130.00,268.00,130.00
271.00,29.00,372.00,29.00,372.00,127.00,271.00,127.00
284.00,31.00,381.00,31.00,381.00,130.00,284.00,130.00
288.00,29.00,384.00,29.00,384.00,128.00,288.00,128.00
252.00,5.00,343.00,5.00,343.00,98.00,252.00,98.00
234.00,-6.00,324.00,-6.00,324.00,87.00,234.00,87.00
236.00,-14.00,323.00,-14.00,323.00,75.00,236.00,75.00
242.00,-16.00,326.00,-16.00,326.00,73.00,242.00,73.00
245.00,-19.00,329.00,-19.00,329.00,71.00,245.00,71.00
250.00,-24.00,333.00,-24.00,333.00,71.00,250.00,71.00
252.00,-28.00,334.00,-28.00,334.00,66.00,252.00,66.00
254.00,-27.00,335.00,-27.00,335.00,68.00,254.00,68.00
254.00,-29.00,335.00,-29.00,335.00,69.00,254.00,69.00
253.00,-25.00,340.00,-25.00,340.00,79.00,253.00,79.00
252.00,-20.00,345.00,-20.00,345.00,91.00,252.00,91.00
251.00,-16.00,346.00,-16.00,346.00,95.00,251.00,95.00
250.00,-11.00,346.00,-11.00,346.00,102.00,250.00,102.00
251.00,-8.00,350.00,-8.00,350.00,106.00,251.00,106.00
249.00,-8.00,349.00,-8.00,349.00,108.00,249.00,108.00
252.00,-9.00,351.00,-9.00,351.00,107.00,252.00,107.00
251.00,-5.00,353.00,-5.00,353.00,115.00,251.00,115.00
251.00,-6.00,353.00,-6.00,353.00,113.00,251.00,113.00
254.00,-9.00,356.00,-9.00,356.00,109.00,254.00,109.00
252.00,-8.00,354.00,-8.00,354.00,111.00,252.00,111.00
251.00,-2.00,346.00,-2.00,346.00,119.00,251.00,119.00
252.00,-2.00,340.00,-2.00,340.00,120.00,252.00,120.00
247.00,10.00,335.00,10.00,335.00,128.00,247.00,128.00
245.00,14.00,331.00,14.00,331.00,127.00,245.00,127.00
242.00,20.00,331.00,20.00,331.00,132.00,242.00,132.00
240.00,22.00,332.00,22.00,332.00,134.00,240.00,134.00
237.00,30.00,330.00,30.00,330.00,141.00,237.00,141.00
234.00,40.00,332.00,40.00,332.00,146.00,234.00,146.00
232.00,41.00,332.00,41.00,332.00,147.00,232.00,147.00
232.00,51.00,334.00,51.00,334.00,155.00,232.00,155.00
233.00,56.00,335.00,56.00,335.00,162.00,233.00,162.00
235.00,59.00,334.00,59.00,334.00,165.00,235.00,165.00
237.00,73.00,330.00,73.00,330.00,170.00,237.00,170.00
239.00,82.00,326.00,82.00,326.00,176.00,239.00,176.00
237.00,88.00,324.00,88.00,324.00,180.00,237.00,180.00
242.00,89.00,339.00,89.00,339.00,182.00,242.00,182.00
257.00,77.00,354.00,77.00,354.00,179.00,257.00,179.00
275.00,69.00,368.00,69.00,368.00,183.00,275.00,183.00
284.00,90.00,386.00,90.00,386.00,202.00,284.00,202.00
298.00,101.00,396.00,101.00,396.00,207.00,298.00,207.00
303.00,91.00,394.00,91.00,394.00,211.00,303.00,211.00
300.00,87.00,390.00,87.00,390.00,221.00,300.00,221.00
297.00,98.00,391.00,98.00,391.00,226.00,297.00,226.00
295.00,104.00,383.00,104.00,383.00,225.00,295.00,225.00
292.00,121.00,382.00,121.00,382.00,235.00,292.00,235.00
289.00,131.00,384.00,131.00,384.00,244.00,289.00,244.00
288.00,135.00,385.00,135.00,385.00,247.00,288.00,247.00
291.00,135.00,388.00,135.00,388.00,252.00,291.00,252.00
292.00,139.00,391.00,139.00,391.00,256.00,292.00,256.00
296.00,137.00,393.00,137.00,393.00,254.00,296.00,254.00
297.00,134.00,398.00,134.00,398.00,255.00,297.00,255.00
