1
509.00,197.00,565.00,197.00,565.00,229.00,509.00,229.00
504.00,197.00,558.00,197.00,558.00,230.00,504.00,230.00
493.00,198.00,550.00,198.00,550.00,230.00,493.00,230.00
482.00,198.00,536.00,198.00,536.00,231.00,482.00,231.00
472.00,197.00,529.00,197.00,529.00,229.00,472.00,229.00
457.00,196.00,514.00,196.00,514.00,228.00,457.00,228.00
437.00,191.00,495.00,191.00,495.00,223.00,437.00,223.00
433.00,187.00,492.00,187.00,492.00,219.00,433.00,219.00
420.00,187.00,480.00,187.00,480.00,220.00,420.00,220.00
398.00,187.00,457.00,187.00,457.00,220.00,398.00,220.00
377.00,186.00,437.00,186.00,437.00,220.00,377.00,220.00
375.00,179.00,436.00,179.00,436.00,214.00,375.00,214.00
357.00,168.00,418.00,168.00,418.00,203.00,357.00,203.00
332.00,184.00,393.00,184.00,393.00,219.00,332.00,219.00
346.00,186.00,406.00,186.00,406.00,220.00,346.00,220.00
329.00,183.00,390.00,183.00,390.00,217.00,329.00,217.00
325.00,176.00,386.00,176.00,386.00,210.00,325.00,210.00
318.00,172.00,379.00,172.00,379.00,206.00,318.00,206.00
320.00,171.00,381.00,171.00,381.00,205.00,320.00,205.00
288.00,165.00,349.00,165.00,349.00,199.00,288.00,199.00
290.00,167.00,351.00,167.00,351.00,201.00,290.00,201.00
247.00,165.00,308.00,165.00,308.00,199.00,247.00,199.00
261.00,164.00,322.00,164.00,322.00,198.00,261.00,198.00
252.00,167.00,312.00,167.00,312.00,200.00,252.00,200.00
272.00,155.00,332.00,155.00,332.00,188.00,272.00,188.00
260.00,155.00,321.00,155.00,321.00,189.00,260.00,189.00
256.00,155.00,316.00,155.00,316.00,188.00,256.00,188.00
256.00,141.00,315.00,141.00,315.00,174.00,256.00,174.00
241.00,160.00,301.00,160.00,301.00,194.00,241.00,194.00
231.00,157.00,290.00,157.00,290.00,190.00,231.00,190.00
232.00,166.00,292.00,166.00,292.00,200.00,232.00,200.00
231.00,145.00,290.00,145.00,290.00,179.00,231.00,179.00
2
0
0
0
0
1
156.00,155.00,207.00,155.00,207.00,208.00,156.00,208.00
160.00,155.00,211.00,155.00,211.00,208.00,160.00,208.00
160.00,160.00,211.00,160.00,211.00,213.00,160.00,213.00
160.00,168.00,211.00,168.00,211.00,221.00,160.00,221.00
146.00,161.00,199.00,161.00,199.00,216.00,146.00,216.00
137.00,179.00,190.00,179.00,190.00,234.00,137.00,234.00
107.00,157.00,161.00,157.00,161.00,213.00,107.00,213.00
98.00,141.00,151.00,141.00,151.00,196.00,98.00,196.00
94.00,159.00,147.00,159.00,147.00,214.00,94.00,214.00
101.00,167.00,155.00,167.00,155.00,223.00,101.00,223.00
2
0
0
0
0
1
158.00,171.00,204.00,171.00,204.00,220.00,158.00,220.00
160.00,173.00,206.00,173.00,206.00,219.00,160.00,219.00
162.00,164.00,210.00,164.00,210.00,212.00,162.00,212.00
163.00,165.00,211.00,165.00,211.00,213.00,163.00,213.00
162.00,179.00,209.00,179.00,209.00,226.00,162.00,226.00
169.00,169.00,217.00,169.00,217.00,217.00,169.00,217.00
176.00,168.00,224.00,168.00,224.00,216.00,176.00,216.00
175.00,178.00,223.00,178.00,223.00,226.00,175.00,226.00
175.00,191.00,223.00,191.00,223.00,239.00,175.00,239.00
177.00,192.00,225.00,192.00,225.00,240.00,177.00,240.00
182.00,188.00,230.00,188.00,230.00,236.00,182.00,236.00
189.00,178.00,237.00,178.00,237.00,226.00,189.00,226.00
194.00,177.00,242.00,177.00,242.00,225.00,194.00,225.00
194.00,181.00,243.00,181.00,243.00,230.00,194.00,230.00
199.00,184.00,248.00,184.00,248.00,233.00,199.00,233.00
196.00,185.00,245.00,185.00,245.00,234.00,196.00,234.00
156.00,155.00,205.00,155.00,205.00,204.00,156.00,204.00
2
0
0
0
0
1
210.00,196.00,259.00,196.00,259.00,250.00,210.00,250.00
213.00,199.00,261.00,199.00,261.00,251.00,213.00,251.00
215.00,202.00,262.00,202.00,262.00,254.00,215.00,254.00
219.00,204.00,267.00,204.00,267.00,257.00,219.00,257.00
223.00,207.00,271.00,207.00,271.00,259.00,223.00,259.00
227.00,213.00,275.00,213.00,275.00,265.00,227.00,265.00
233.00,216.00,282.00,216.00,282.00,270.00,233.00,270.00
242.00,228.00,290.00,228.00,290.00,281.00,242.00,281.00
243.00,225.00,291.00,225.00,291.00,278.00,243.00,278.00
231.00,222.00,278.00,222.00,278.00,274.00,231.00,274.00
224.00,209.00,272.00,209.00,272.00,262.00,224.00,262.00
224.00,218.00,272.00,218.00,272.00,271.00,224.00,271.00
246.00,190.00,294.00,190.00,294.00,242.00,246.00,242.00
248.00,192.00,295.00,192.00,295.00,243.00,248.00,243.00
2
0
0
0
0
1
253.00,231.00,311.00,231.00,311.00,280.00,253.00,280.00
252.00,235.00,309.00,235.00,309.00,280.00,252.00,280.00
252.00,240.00,307.00,240.00,307.00,288.00,252.00,288.00
246.00,244.00,302.00,244.00,302.00,293.00,246.00,293.00
250.00,245.00,310.00,245.00,310.00,293.00,250.00,293.00
242.00,238.00,299.00,238.00,299.00,289.00,242.00,289.00
244.00,240.00,301.00,240.00,301.00,291.00,244.00,291.00
249.00,249.00,305.00,249.00,305.00,299.00,249.00,299.00
253.00,253.00,310.00,253.00,310.00,304.00,253.00,304.00
258.00,244.00,315.00,244.00,315.00,295.00,258.00,295.00
254.00,256.00,311.00,256.00,311.00,307.00,254.00,307.00
259.00,259.00,316.00,259.00,316.00,310.00,259.00,310.00
261.00,263.00,318.00,263.00,318.00,314.00,261.00,314.00
258.00,257.00,315.00,257.00,315.00,308.00,258.00,308.00
234.00,237.00,290.00,237.00,290.00,287.00,234.00,287.00
235.00,234.00,290.00,234.00,290.00,283.00,235.00,283.00
231.00,238.00,286.00,238.00,286.00,287.00,231.00,287.00
235.00,242.00,290.00,242.00,290.00,291.00,235.00,291.00
244.00,254.00,300.00,254.00,300.00,304.00,244.00,304.00
249.00,249.00,304.00,249.00,304.00,298.00,249.00,298.00
260.00,266.00,315.00,266.00,315.00,315.00,260.00,315.00
254.00,279.00,309.00,279.00,309.00,328.00,254.00,328.00
251.00,278.00,306.00,278.00,306.00,327.00,251.00,327.00
252.00,279.00,306.00,279.00,306.00,327.00,252.00,327.00
253.00,281.00,304.00,281.00,304.00,330.00,253.00,330.00
250.00,279.00,305.00,279.00,305.00,330.00,250.00,330.00
246.00,283.00,301.00,283.00,301.00,332.00,246.00,332.00
247.00,277.00,302.00,277.00,302.00,326.00,247.00,326.00
245.00,271.00,300.00,271.00,300.00,320.00,245.00,320.00
244.00,263.00,298.00,263.00,298.00,312.00,244.00,312.00
241.00,254.00,295.00,254.00,295.00,303.00,241.00,303.00
2
0
0
0
0
1
243.00,322.00,304.00,322.00,304.00,355.00,243.00,355.00
243.00,325.00,308.00,325.00,308.00,359.00,243.00,359.00
244.00,330.00,309.00,330.00,309.00,365.00,244.00,365.00
243.00,333.00,309.00,333.00,309.00,370.00,243.00,370.00
239.00,342.00,301.00,342.00,301.00,377.00,239.00,377.00
255.00,360.00,318.00,360.00,318.00,395.00,255.00,395.00
264.00,345.00,326.00,345.00,326.00,380.00,264.00,380.00
265.00,350.00,327.00,350.00,327.00,385.00,265.00,385.00
273.00,350.00,334.00,350.00,334.00,385.00,273.00,385.00
276.00,348.00,337.00,348.00,337.00,383.00,276.00,383.00
277.00,350.00,338.00,350.00,338.00,385.00,277.00,385.00
281.00,348.00,343.00,348.00,343.00,383.00,281.00,383.00
289.00,347.00,350.00,347.00,350.00,381.00,289.00,381.00
285.00,352.00,346.00,352.00,346.00,386.00,285.00,386.00
2
0
0
0
0
1
222.00,338.00,281.00,338.00,281.00,382.00,222.00,382.00
223.00,337.00,282.00,337.00,282.00,381.00,223.00,381.00
228.00,337.00,282.00,337.00,282.00,379.00,228.00,379.00
