1
509.00,198.00,565.00,198.00,565.00,229.00,509.00,229.00
505.00,198.00,558.00,198.00,558.00,229.00,505.00,229.00
492.00,198.00,550.00,198.00,550.00,229.00,492.00,229.00
483.00,199.00,535.00,199.00,535.00,230.00,483.00,230.00
473.00,198.00,530.00,198.00,530.00,229.00,473.00,229.00
456.00,195.00,514.00,195.00,514.00,227.00,456.00,227.00
439.00,192.00,496.00,192.00,496.00,224.00,439.00,224.00
431.00,190.00,488.00,190.00,488.00,222.00,431.00,222.00
422.00,187.00,478.00,187.00,478.00,219.00,422.00,219.00
408.00,178.00,464.00,178.00,464.00,210.00,408.00,210.00
395.00,178.00,450.00,178.00,450.00,210.00,395.00,210.00
384.00,169.00,439.00,169.00,439.00,201.00,384.00,201.00
360.00,152.00,416.00,152.00,416.00,184.00,360.00,184.00
354.00,179.00,411.00,179.00,411.00,212.00,354.00,212.00
344.00,187.00,402.00,187.00,402.00,220.00,344.00,220.00
328.00,187.00,387.00,187.00,387.00,221.00,328.00,221.00
314.00,176.00,374.00,176.00,374.00,210.00,314.00,210.00
310.00,173.00,370.00,173.00,370.00,207.00,310.00,207.00
320.00,168.00,380.00,168.00,380.00,202.00,320.00,202.00
294.00,169.00,354.00,169.00,354.00,203.00,294.00,203.00
293.00,165.00,353.00,165.00,353.00,199.00,293.00,199.00
272.00,159.00,332.00,159.00,332.00,193.00,272.00,193.00
262.00,158.00,322.00,158.00,322.00,192.00,262.00,192.00
259.00,167.00,319.00,167.00,319.00,201.00,259.00,201.00
269.00,154.00,326.00,154.00,326.00,192.00,269.00,192.00
262.00,155.00,317.00,155.00,317.00,195.00,262.00,195.00
260.00,152.00,319.00,152.00,319.00,187.00,260.00,187.00
245.00,152.00,304.00,152.00,304.00,187.00,245.00,187.00
243.00,158.00,302.00,158.00,302.00,193.00,243.00,193.00
229.00,149.00,288.00,149.00,288.00,184.00,229.00,184.00
233.00,166.00,292.00,166.00,292.00,201.00,233.00,201.00
245.00,155.00,304.00,155.00,304.00,190.00,245.00,190.00
236.00,144.00,295.00,144.00,295.00,179.00,236.00,179.00
233.00,134.00,293.00,134.00,293.00,169.00,233.00,169.00
2
0
0
0
0
1
145.00,172.00,191.00,172.00,191.00,211.00,145.00,211.00
145.00,178.00,187.00,178.00,187.00,215.00,145.00,215.00
152.00,178.00,194.00,178.00,194.00,215.00,152.00,215.00
153.00,180.00,195.00,180.00,195.00,217.00,153.00,217.00
164.00,181.00,205.00,181.00,205.00,218.00,164.00,218.00
172.00,185.00,214.00,185.00,214.00,223.00,172.00,223.00
171.00,178.00,213.00,178.00,213.00,216.00,171.00,216.00
174.00,178.00,216.00,178.00,216.00,216.00,174.00,216.00
160.00,144.00,202.00,144.00,202.00,182.00,160.00,182.00
2
0
0
0
0
1
160.00,173.00,207.00,173.00,207.00,216.00,160.00,216.00
161.00,174.00,210.00,174.00,210.00,215.00,161.00,215.00
163.00,169.00,211.00,169.00,211.00,214.00,163.00,214.00
168.00,170.00,217.00,170.00,217.00,216.00,168.00,216.00
168.00,171.00,218.00,171.00,218.00,217.00,168.00,217.00
172.00,172.00,223.00,172.00,223.00,219.00,172.00,219.00
151.00,177.00,202.00,177.00,202.00,224.00,151.00,224.00
157.00,177.00,208.00,177.00,208.00,224.00,157.00,224.00
181.00,178.00,232.00,178.00,232.00,225.00,181.00,225.00
182.00,177.00,234.00,177.00,234.00,225.00,182.00,225.00
179.00,167.00,231.00,167.00,231.00,215.00,179.00,215.00
182.00,169.00,233.00,169.00,233.00,216.00,182.00,216.00
184.00,171.00,235.00,171.00,235.00,218.00,184.00,218.00
178.00,166.00,229.00,166.00,229.00,213.00,178.00,213.00
155.00,144.00,206.00,144.00,206.00,191.00,155.00,191.00
2
0
0
0
0
1
208.00,195.00,251.00,195.00,251.00,246.00,208.00,246.00
212.00,197.00,255.00,197.00,255.00,247.00,212.00,247.00
219.00,197.00,261.00,197.00,261.00,248.00,219.00,248.00
218.00,197.00,261.00,197.00,261.00,249.00,218.00,249.00
218.00,206.00,261.00,206.00,261.00,258.00,218.00,258.00
222.00,208.00,266.00,208.00,266.00,261.00,222.00,261.00
229.00,207.00,273.00,207.00,273.00,260.00,229.00,260.00
228.00,213.00,272.00,213.00,272.00,266.00,228.00,266.00
215.00,215.00,260.00,215.00,260.00,269.00,215.00,269.00
225.00,214.00,270.00,214.00,270.00,268.00,225.00,268.00
220.00,216.00,265.00,216.00,265.00,269.00,220.00,269.00
222.00,214.00,268.00,214.00,268.00,268.00,222.00,268.00
233.00,195.00,280.00,195.00,280.00,250.00,233.00,250.00
247.00,191.00,294.00,191.00,294.00,246.00,247.00,246.00
249.00,195.00,296.00,195.00,296.00,250.00,249.00,250.00
237.00,209.00,283.00,209.00,283.00,263.00,237.00,263.00
226.00,197.00,272.00,197.00,272.00,251.00,226.00,251.00
221.00,208.00,267.00,208.00,267.00,262.00,221.00,262.00
232.00,218.00,277.00,218.00,277.00,271.00,232.00,271.00
251.00,206.00,296.00,206.00,296.00,259.00,251.00,259.00
244.00,200.00,289.00,200.00,289.00,253.00,244.00,253.00
256.00,197.00,300.00,197.00,300.00,249.00,256.00,249.00
252.00,199.00,297.00,199.00,297.00,252.00,252.00,252.00
296.00,228.00,341.00,228.00,341.00,281.00,296.00,281.00
2
0
0
0
0
1
268.00,267.00,322.00,267.00,322.00,304.00,268.00,304.00
269.00,268.00,327.00,268.00,327.00,305.00,269.00,305.00
273.00,269.00,332.00,269.00,332.00,309.00,273.00,309.00
279.00,271.00,339.00,271.00,339.00,312.00,279.00,312.00
281.00,275.00,342.00,275.00,342.00,317.00,281.00,317.00
286.00,280.00,347.00,280.00,347.00,322.00,286.00,322.00
291.00,283.00,353.00,283.00,353.00,326.00,291.00,326.00
292.00,285.00,354.00,285.00,354.00,328.00,292.00,328.00
291.00,292.00,352.00,292.00,352.00,335.00,291.00,335.00
253.00,289.00,314.00,289.00,314.00,332.00,253.00,332.00
228.00,295.00,289.00,295.00,289.00,338.00,228.00,338.00
231.00,297.00,293.00,297.00,293.00,341.00,231.00,341.00
233.00,304.00,294.00,304.00,294.00,348.00,233.00,348.00
241.00,303.00,302.00,303.00,302.00,347.00,241.00,347.00
255.00,302.00,316.00,302.00,316.00,346.00,255.00,346.00
234.00,317.00,295.00,317.00,295.00,361.00,234.00,361.00
2
0
0
0
0
1
255.00,304.00,311.00,304.00,311.00,352.00,255.00,352.00
253.00,303.00,314.00,303.00,314.00,355.00,253.00,355.00
253.00,301.00,314.00,301.00,314.00,353.00,253.00,353.00
253.00,301.00,314.00,301.00,314.00,353.00,253.00,353.00
257.00,329.00,318.00,329.00,318.00,381.00,257.00,381.00
258.00,323.00,319.00,323.00,319.00,375.00,258.00,375.00
264.00,316.00,325.00,316.00,325.00,368.00,264.00,368.00
249.00,324.00,310.00,324.00,310.00,376.00,249.00,376.00
248.00,340.00,310.00,340.00,310.00,393.00,248.00,393.00
241.00,353.00,302.00,353.00,302.00,405.00,241.00,405.00
261.00,331.00,322.00,331.00,322.00,383.00,261.00,383.00
2
0
0
0
0
1
236.00,358.00,291.00,358.00,291.00,377.00,236.00,377.00
233.00,355.00,288.00,355.00,288.00,374.00,233.00,374.00
239.00,353.00,295.00,353.00,295.00,372.00,239.00,372.00
229.00,350.00,285.00,350.00,285.00,369.00,229.00,369.00
224.00,365.00,280.00,365.00,280.00,384.00,224.00,384.00
229.00,367.00,285.00,367.00,285.00,386.00,229.00,386.00
231.00,350.00,287.00,350.00,287.00,369.00,231.00,369.00
200.00,347.00,256.00,347.00,256.00,366.00,200.00,366.00
174.00,337.00,229.00,337.00,229.00,356.00,174.00,356.00
2
0
0
