1
335.00,37.00,375.00,37.00,375.00,77.00,335.00,77.00
335.00,28.00,371.00,28.00,371.00,65.00,335.00,65.00
335.00,20.00,375.00,20.00,375.00,60.00,335.00,60.00
338.00,17.00,377.00,17.00,377.00,56.00,338.00,56.00
342.00,16.00,381.00,16.00,381.00,53.00,342.00,53.00
346.00,27.00,381.00,27.00,381.00,61.00,346.00,61.00
354.00,30.00,394.00,30.00,394.00,67.00,354.00,67.00
358.00,34.00,399.00,34.00,399.00,76.00,358.00,76.00
364.00,47.00,404.00,47.00,404.00,87.00,364.00,87.00
367.00,62.00,405.00,62.00,405.00,96.00,367.00,96.00
365.00,63.00,403.00,63.00,403.00,99.00,365.00,99.00
368.00,61.00,412.00,61.00,412.00,101.00,368.00,101.00
363.00,65.00,403.00,65.00,403.00,98.00,363.00,98.00
356.00,55.00,392.00,55.00,392.00,91.00,356.00,91.00
347.00,47.00,380.00,47.00,380.00,85.00,347.00,85.00
337.00,39.00,378.00,39.00,378.00,75.00,337.00,75.00
328.00,31.00,370.00,31.00,370.00,70.00,328.00,70.00
326.00,27.00,369.00,27.00,369.00,63.00,326.00,63.00
319.00,22.00,365.00,22.00,365.00,61.00,319.00,61.00
321.00,22.00,363.00,22.00,363.00,57.00,321.00,57.00
322.00,25.00,355.00,25.00,355.00,57.00,322.00,57.00
322.00,30.00,358.00,30.00,358.00,65.00,322.00,65.00
325.00,32.00,363.00,32.00,363.00,70.00,325.00,70.00
328.00,33.00,369.00,33.00,369.00,72.00,328.00,72.00
330.00,34.00,372.00,34.00,372.00,74.00,330.00,74.00
335.00,38.00,378.00,38.00,378.00,77.00,335.00,77.00
339.00,35.00,381.00,35.00,381.00,71.00,339.00,71.00
338.00,30.00,380.00,30.00,380.00,67.00,338.00,67.00
338.00,26.00,381.00,26.00,381.00,64.00,338.00,64.00
346.00,24.00,392.00,24.00,392.00,62.00,346.00,62.00
355.00,29.00,399.00,29.00,399.00,66.00,355.00,66.00
366.00,35.00,409.00,35.00,409.00,74.00,366.00,74.00
378.00,45.00,420.00,45.00,420.00,86.00,378.00,86.00
388.00,67.00,429.00,67.00,429.00,107.00,388.00,107.00
394.00,80.00,434.00,80.00,434.00,118.00,394.00,118.00
397.00,93.00,438.00,93.00,438.00,134.00,397.00,134.00
408.00,105.00,448.00,105.00,448.00,145.00,408.00,145.00
402.00,108.00,443.00,108.00,443.00,149.00,402.00,149.00
396.00,115.00,437.00,115.00,437.00,156.00,396.00,156.00
398.00,119.00,441.00,119.00,441.00,158.00,398.00,158.00
392.00,121.00,434.00,121.00,434.00,162.00,392.00,162.00
396.00,114.00,431.00,114.00,431.00,148.00,396.00,148.00
386.00,100.00,424.00,100.00,424.00,136.00,386.00,136.00
378.00,78.00,419.00,78.00,419.00,118.00,378.00,118.00
363.00,56.00,407.00,56.00,407.00,94.00,363.00,94.00
353.00,37.00,389.00,37.00,389.00,76.00,353.00,76.00
332.00,23.00,372.00,23.00,372.00,61.00,332.00,61.00
315.00,23.00,358.00,23.00,358.00,59.00,315.00,59.00
301.00,25.00,341.00,25.00,341.00,60.00,301.00,60.00
298.00,26.00,342.00,26.00,342.00,60.00,298.00,60.00
297.00,28.00,341.00,28.00,341.00,62.00,297.00,62.00
300.00,36.00,344.00,36.00,344.00,66.00,300.00,66.00
309.00,37.00,349.00,37.00,349.00,68.00,309.00,68.00
309.00,40.00,352.00,40.00,352.00,69.00,309.00,69.00
308.00,31.00,351.00,31.00,351.00,62.00,308.00,62.00
302.00,27.00,346.00,27.00,346.00,59.00,302.00,59.00
296.00,22.00,343.00,22.00,343.00,56.00,296.00,56.00
297.00,18.00,341.00,18.00,341.00,53.00,297.00,53.00
296.00,17.00,338.00,17.00,338.00,54.00,296.00,54.00
290.00,22.00,334.00,22.00,334.00,60.00,290.00,60.00
297.00,20.00,341.00,20.00,341.00,59.00,297.00,59.00
307.00,19.00,352.00,19.00,352.00,54.00,307.00,54.00
318.00,11.00,364.00,11.00,364.00,52.00,318.00,52.00
326.00,11.00,367.00,11.00,367.00,49.00,326.00,49.00
323.00,13.00,366.00,13.00,366.00,55.00,323.00,55.00
319.00,19.00,360.00,19.00,360.00,57.00,319.00,57.00
325.00,23.00,363.00,23.00,363.00,56.00,325.00,56.00
328.00,23.00,370.00,23.00,370.00,55.00,328.00,55.00
323.00,18.00,368.00,18.00,368.00,50.00,323.00,50.00
316.00,11.00,357.00,11.00,357.00,48.00,316.00,48.00
329.00,9.00,366.00,9.00,366.00,46.00,329.00,46.00
312.00,6.00,349.00,6.00,349.00,45.00,312.00,45.00
309.00,4.00,351.00,4.00,351.00,47.00,309.00,47.00
288.00,12.00,333.00,12.00,333.00,56.00,288.00,56.00
290.00,32.00,330.00,32.00,330.00,74.00,290.00,74.00
306.00,28.00,351.00,28.00,351.00,73.00,306.00,73.00
2
0
0
0
0
1
298.00,147.00,389.00,147.00,389.00,254.00,298.00,254.00
270.00,130.00,364.00,130.00,364.00,238.00,270.00,238.00
248.00,108.00,346.00,108.00,346.00,216.00,248.00,216.00
232.00,88.00,331.00,88.00,331.00,197.00,232.00,197.00
217.00,73.00,316.00,73.00,316.00,182.00,217.00,182.00
195.00,41.00,308.00,41.00,308.00,162.00,195.00,162.00
189.00,12.00,297.00,12.00,297.00,146.00,189.00,146.00
175.00,-0.00,268.00,-0.00,268.00,118.00,175.00,118.00
153.00,2.00,251.00,2.00,251.00,108.00,153.00,108.00
147.00,15.00,246.00,15.00,246.00,123.00,147.00,123.00
124.00,-9.00,222.00,-9.00,222.00,104.00,124.00,104.00
110.00,1.00,210.00,1.00,210.00,110.00,110.00,110.00
112.00,8.00,206.00,8.00,206.00,138.00,112.00,138.00
116.00,14.00,213.00,14.00,213.00,127.00,116.00,127.00
118.00,17.00,218.00,17.00,218.00,132.00,118.00,132.00
135.00,16.00,227.00,16.00,227.00,131.00,135.00,131.00
152.00,17.00,241.00,17.00,241.00,124.00,152.00,124.00
