1
334.00,34.00,374.00,34.00,374.00,74.00,334.00,74.00
336.00,29.00,373.00,29.00,373.00,66.00,336.00,66.00
335.00,20.00,374.00,20.00,374.00,59.00,335.00,59.00
338.00,17.00,378.00,17.00,378.00,55.00,338.00,55.00
342.00,16.00,382.00,16.00,382.00,54.00,342.00,54.00
348.00,28.00,381.00,28.00,381.00,61.00,348.00,61.00
354.00,31.00,393.00,31.00,393.00,67.00,354.00,67.00
357.00,35.00,398.00,35.00,398.00,76.00,357.00,76.00
361.00,45.00,400.00,45.00,400.00,84.00,361.00,84.00
371.00,62.00,405.00,62.00,405.00,95.00,371.00,95.00
368.00,64.00,401.00,64.00,401.00,98.00,368.00,98.00
366.00,62.00,409.00,62.00,409.00,100.00,366.00,100.00
366.00,66.00,400.00,66.00,400.00,97.00,366.00,97.00
358.00,55.00,391.00,55.00,391.00,87.00,358.00,87.00
349.00,46.00,381.00,46.00,381.00,81.00,349.00,81.00
340.00,40.00,376.00,40.00,376.00,71.00,340.00,71.00
329.00,33.00,367.00,33.00,367.00,67.00,329.00,67.00
327.00,29.00,366.00,29.00,366.00,63.00,327.00,63.00
318.00,24.00,358.00,24.00,358.00,58.00,318.00,58.00
321.00,22.00,360.00,22.00,360.00,54.00,321.00,54.00
323.00,26.00,354.00,26.00,354.00,57.00,323.00,57.00
322.00,29.00,359.00,29.00,359.00,64.00,322.00,64.00
326.00,33.00,362.00,33.00,362.00,68.00,326.00,68.00
329.00,34.00,367.00,34.00,367.00,69.00,329.00,69.00
333.00,34.00,370.00,34.00,370.00,70.00,333.00,70.00
338.00,38.00,378.00,38.00,378.00,75.00,338.00,75.00
341.00,36.00,379.00,36.00,379.00,69.00,341.00,69.00
339.00,31.00,378.00,31.00,378.00,65.00,339.00,65.00
341.00,25.00,379.00,25.00,379.00,60.00,341.00,60.00
347.00,25.00,388.00,25.00,388.00,59.00,347.00,59.00
356.00,30.00,397.00,30.00,397.00,63.00,356.00,63.00
368.00,35.00,406.00,35.00,406.00,72.00,368.00,72.00
381.00,46.00,419.00,46.00,419.00,85.00,381.00,85.00
388.00,67.00,426.00,67.00,426.00,105.00,388.00,105.00
396.00,82.00,432.00,82.00,432.00,118.00,396.00,118.00
400.00,95.00,436.00,95.00,436.00,131.00,400.00,131.00
410.00,104.00,447.00,104.00,447.00,133.00,410.00,133.00
405.00,109.00,441.00,109.00,441.00,145.00,405.00,145.00
402.00,117.00,437.00,117.00,437.00,152.00,402.00,152.00
396.00,123.00,432.00,123.00,432.00,157.00,396.00,157.00
396.00,124.00,430.00,124.00,430.00,158.00,396.00,158.00
398.00,117.00,428.00,117.00,428.00,146.00,398.00,146.00
390.00,99.00,425.00,99.00,425.00,132.00,390.00,132.00
378.00,81.00,412.00,81.00,412.00,114.00,378.00,114.00
369.00,63.00,406.00,63.00,406.00,97.00,369.00,97.00
352.00,40.00,386.00,40.00,386.00,77.00,352.00,77.00
335.00,26.00,371.00,26.00,371.00,62.00,335.00,62.00
315.00,23.00,353.00,23.00,353.00,54.00,315.00,54.00
303.00,26.00,338.00,26.00,338.00,56.00,303.00,56.00
299.00,28.00,339.00,28.00,339.00,58.00,299.00,58.00
299.00,29.00,340.00,29.00,340.00,60.00,299.00,60.00
303.00,36.00,341.00,36.00,341.00,65.00,303.00,65.00
309.00,37.00,349.00,37.00,349.00,67.00,309.00,67.00
312.00,40.00,349.00,40.00,349.00,68.00,312.00,68.00
308.00,32.00,348.00,32.00,348.00,63.00,308.00,63.00
304.00,27.00,343.00,27.00,343.00,58.00,304.00,58.00
299.00,22.00,339.00,22.00,339.00,54.00,299.00,54.00
298.00,20.00,337.00,20.00,337.00,52.00,298.00,52.00
299.00,18.00,339.00,18.00,339.00,52.00,299.00,52.00
294.00,22.00,335.00,22.00,335.00,57.00,294.00,57.00
297.00,22.00,337.00,22.00,337.00,57.00,297.00,57.00
309.00,20.00,352.00,20.00,352.00,53.00,309.00,53.00
322.00,12.00,362.00,12.00,362.00,46.00,322.00,46.00
329.00,11.00,367.00,11.00,367.00,44.00,329.00,44.00
325.00,15.00,363.00,15.00,363.00,50.00,325.00,50.00
322.00,21.00,357.00,21.00,357.00,53.00,322.00,53.00
326.00,22.00,360.00,22.00,360.00,54.00,326.00,54.00
333.00,23.00,370.00,23.00,370.00,54.00,333.00,54.00
325.00,17.00,366.00,17.00,366.00,49.00,325.00,49.00
320.00,11.00,360.00,11.00,360.00,46.00,320.00,46.00
333.00,8.00,368.00,8.00,368.00,44.00,333.00,44.00
318.00,6.00,356.00,6.00,356.00,43.00,318.00,43.00
309.00,5.00,350.00,5.00,350.00,45.00,309.00,45.00
284.00,14.00,326.00,14.00,326.00,58.00,284.00,58.00
283.00,39.00,321.00,39.00,321.00,81.00,283.00,81.00
286.00,50.00,329.00,50.00,329.00,93.00,286.00,93.00
2
0
0
0
0
1
296.00,145.00,388.00,145.00,388.00,255.00,296.00,255.00
267.00,128.00,367.00,128.00,367.00,236.00,267.00,236.00
245.00,114.00,341.00,114.00,341.00,221.00,245.00,221.00
234.00,82.00,330.00,82.00,330.00,189.00,234.00,189.00
225.00,61.00,322.00,61.00,322.00,169.00,225.00,169.00
203.00,54.00,302.00,54.00,302.00,163.00,203.00,163.00
187.00,4.00,300.00,4.00,300.00,139.00,187.00,139.00
172.00,-3.00,273.00,-3.00,273.00,119.00,172.00,119.00
152.00,0.00,252.00,0.00,252.00,110.00,152.00,110.00
149.00,16.00,247.00,16.00,247.00,123.00,149.00,123.00
118.00,-6.00,218.00,-6.00,218.00,107.00,118.00,107.00
109.00,-0.00,214.00,-0.00,214.00,109.00,109.00,109.00
113.00,9.00,208.00,9.00,208.00,134.00,113.00,134.00
119.00,7.00,216.00,7.00,216.00,121.00,119.00,121.00
121.00,13.00,224.00,13.00,224.00,135.00,121.00,135.00
130.00,10.00,229.00,10.00,229.00,131.00,130.00,131.00
143.00,11.00,240.00,11.00,240.00,124.00,143.00,124.00
