1
76.00,140.00,114.00,140.00,114.00,177.00,76.00,177.00
76.00,138.00,115.00,138.00,115.00,175.00,76.00,175.00
76.00,136.00,114.00,136.00,114.00,175.00,76.00,175.00
76.00,135.00,115.00,135.00,115.00,173.00,76.00,173.00
76.00,133.00,115.00,133.00,115.00,171.00,76.00,171.00
75.00,133.00,114.00,133.00,114.00,171.00,75.00,171.00
75.00,131.00,115.00,131.00,115.00,170.00,75.00,170.00
74.00,129.00,115.00,129.00,115.00,168.00,74.00,168.00
74.00,128.00,115.00,128.00,115.00,167.00,74.00,167.00
73.00,126.00,115.00,126.00,115.00,165.00,73.00,165.00
73.00,125.00,115.00,125.00,115.00,164.00,73.00,164.00
72.00,124.00,114.00,124.00,114.00,163.00,72.00,163.00
71.00,122.00,114.00,122.00,114.00,161.00,71.00,161.00
73.00,119.00,114.00,119.00,114.00,157.00,73.00,157.00
70.00,119.00,111.00,119.00,111.00,157.00,70.00,157.00
70.00,116.00,110.00,116.00,110.00,155.00,70.00,155.00
70.00,112.00,109.00,112.00,109.00,153.00,70.00,153.00
70.00,108.00,109.00,108.00,109.00,147.00,70.00,147.00
70.00,104.00,109.00,104.00,109.00,143.00,70.00,143.00
70.00,101.00,110.00,101.00,110.00,140.00,70.00,140.00
70.00,98.00,110.00,98.00,110.00,137.00,70.00,137.00
71.00,96.00,110.00,96.00,110.00,135.00,71.00,135.00
70.00,93.00,110.00,93.00,110.00,134.00,70.00,134.00
72.00,91.00,110.00,91.00,110.00,129.00,72.00,129.00
73.00,88.00,113.00,88.00,113.00,128.00,73.00,128.00
74.00,85.00,114.00,85.00,114.00,126.00,74.00,126.00
76.00,82.00,117.00,82.00,117.00,123.00,76.00,123.00
76.00,80.00,119.00,80.00,119.00,121.00,76.00,121.00
76.00,79.00,122.00,79.00,122.00,121.00,76.00,121.00
77.00,76.00,124.00,76.00,124.00,119.00,77.00,119.00
77.00,74.00,124.00,74.00,124.00,117.00,77.00,117.00
77.00,72.00,124.00,72.00,124.00,115.00,77.00,115.00
77.00,68.00,124.00,68.00,124.00,113.00,77.00,113.00
78.00,65.00,123.00,65.00,123.00,109.00,78.00,109.00
78.00,61.00,125.00,61.00,125.00,106.00,78.00,106.00
75.00,59.00,124.00,59.00,124.00,103.00,75.00,103.00
77.00,57.00,123.00,57.00,123.00,100.00,77.00,100.00
76.00,56.00,122.00,56.00,122.00,96.00,76.00,96.00
75.00,55.00,122.00,55.00,122.00,94.00,75.00,94.00
75.00,52.00,119.00,52.00,119.00,93.00,75.00,93.00
75.00,51.00,120.00,51.00,120.00,91.00,75.00,91.00
75.00,49.00,119.00,49.00,119.00,89.00,75.00,89.00
75.00,49.00,119.00,49.00,119.00,88.00,75.00,88.00
76.00,48.00,120.00,48.00,120.00,86.00,76.00,86.00
74.00,49.00,117.00,49.00,117.00,86.00,74.00,86.00
74.00,50.00,117.00,50.00,117.00,87.00,74.00,87.00
75.00,50.00,115.00,50.00,115.00,87.00,75.00,87.00
74.00,52.00,114.00,52.00,114.00,89.00,74.00,89.00
76.00,51.00,114.00,51.00,114.00,89.00,76.00,89.00
76.00,51.00,114.00,51.00,114.00,90.00,76.00,90.00
76.00,52.00,115.00,52.00,115.00,91.00,76.00,91.00
76.00,52.00,115.00,52.00,115.00,93.00,76.00,93.00
76.00,55.00,115.00,55.00,115.00,94.00,76.00,94.00
75.00,58.00,115.00,58.00,115.00,96.00,75.00,96.00
76.00,61.00,116.00,61.00,116.00,101.00,76.00,101.00
78.00,64.00,118.00,64.00,118.00,103.00,78.00,103.00
80.00,65.00,120.00,65.00,120.00,106.00,80.00,106.00
81.00,66.00,121.00,66.00,121.00,108.00,81.00,108.00
83.00,68.00,122.00,68.00,122.00,110.00,83.00,110.00
85.00,69.00,124.00,69.00,124.00,112.00,85.00,112.00
88.00,69.00,129.00,69.00,129.00,112.00,88.00,112.00
88.00,71.00,129.00,71.00,129.00,112.00,88.00,112.00
90.00,70.00,132.00,70.00,132.00,112.00,90.00,112.00
92.00,71.00,133.00,71.00,133.00,111.00,92.00,111.00
94.00,71.00,135.00,71.00,135.00,111.00,94.00,111.00
95.00,72.00,136.00,72.00,136.00,112.00,95.00,112.00
94.00,74.00,132.00,74.00,132.00,115.00,94.00,115.00
95.00,74.00,135.00,74.00,135.00,114.00,95.00,114.00
95.00,75.00,133.00,75.00,133.00,116.00,95.00,116.00
96.00,74.00,134.00,74.00,134.00,115.00,96.00,115.00
95.00,74.00,133.00,74.00,133.00,114.00,95.00,114.00
96.00,74.00,132.00,74.00,132.00,114.00,96.00,114.00
94.00,75.00,131.00,75.00,131.00,115.00,94.00,115.00
94.00,75.00,131.00,75.00,131.00,115.00,94.00,115.00
94.00,74.00,132.00,74.00,132.00,116.00,94.00,116.00
94.00,74.00,132.00,74.00,132.00,116.00,94.00,116.00
95.00,73.00,133.00,73.00,133.00,114.00,95.00,114.00
95.00,73.00,133.00,73.00,133.00,114.00,95.00,114.00
96.00,72.00,133.00,72.00,133.00,112.00,96.00,112.00
96.00,72.00,134.00,72.00,134.00,112.00,96.00,112.00
95.00,72.00,133.00,72.00,133.00,112.00,95.00,112.00
97.00,71.00,136.00,71.00,136.00,110.00,97.00,110.00
95.00,71.00,135.00,71.00,135.00,112.00,95.00,112.00
96.00,70.00,134.00,70.00,134.00,110.00,96.00,110.00
96.00,70.00,134.00,70.00,134.00,111.00,96.00,111.00
96.00,69.00,134.00,69.00,134.00,110.00,96.00,110.00
97.00,68.00,135.00,68.00,135.00,107.00,97.00,107.00
97.00,68.00,135.00,68.00,135.00,107.00,97.00,107.00
97.00,68.00,136.00,68.00,136.00,108.00,97.00,108.00
97.00,68.00,136.00,68.00,136.00,108.00,97.00,108.00
97.00,68.00,136.00,68.00,136.00,108.00,97.00,108.00
98.00,69.00,136.00,69.00,136.00,107.00,98.00,107.00
98.00,68.00,137.00,68.00,137.00,105.00,98.00,105.00
98.00,68.00,137.00,68.00,137.00,108.00,98.00,108.00
98.00,67.00,139.00,67.00,139.00,106.00,98.00,106.00
98.00,68.00,138.00,68.00,138.00,106.00,98.00,106.00
98.00,68.00,137.00,68.00,137.00,105.00,98.00,105.00
99.00,68.00,138.00,68.00,138.00,106.00,99.00,106.00
100.00,68.00,140.00,68.00,140.00,105.00,100.00,105.00
100.00,68.00,139.00,68.00,139.00,106.00,100.00,106.00
100.00,66.00,140.00,66.00,140.00,105.00,100.00,105.00
100.00,67.00,139.00,67.00,139.00,107.00,100.00,107.00
100.00,67.00,139.00,67.00,139.00,110.00,100.00,110.00
102.00,66.00,141.00,66.00,141.00,105.00,102.00,105.00
101.00,66.00,141.00,66.00,141.00,107.00,101.00,107.00
103.00,65.00,143.00,65.00,143.00,105.00,103.00,105.00
103.00,65.00,145.00,65.00,145.00,105.00,103.00,105.00
103.00,65.00,145.00,65.00,145.00,105.00,103.00,105.00
102.00,66.00,144.00,66.00,144.00,107.00,102.00,107.00
100.00,67.00,141.00,67.00,141.00,108.00,100.00,108.00
100.00,64.00,140.00,64.00,140.00,106.00,100.00,106.00
102.00,63.00,142.00,63.00,142.00,103.00,102.00,103.00
101.00,65.00,140.00,65.00,140.00,105.00,101.00,105.00
101.00,66.00,140.00,66.00,140.00,105.00,101.00,105.00
99.00,67.00,139.00,67.00,139.00,107.00,99.00,107.00
98.00,67.00,138.00,67.00,138.00,107.00,98.00,107.00
98.00,67.00,139.00,67.00,139.00,108.00,98.00,108.00
97.00,67.00,139.00,67.00,139.00,110.00,97.00,110.00
98.00,68.00,139.00,68.00,139.00,110.00,98.00,110.00
99.00,69.00,141.00,69.00,141.00,109.00,99.00,109.00
99.00,71.00,141.00,71.00,141.00,111.00,99.00,111.00
98.00,71.00,142.00,71.00,142.00,110.00,98.00,110.00
97.00,72.00,142.00,72.00,142.00,110.00,97.00,110.00
95.00,73.00,139.00,73.00,139.00,111.00,95.00,111.00
95.00,73.00,141.00,73.00,141.00,111.00,95.00,111.00
94.00,74.00,140.00,74.00,140.00,114.00,94.00,114.00
95.00,75.00,140.00,75.00,140.00,114.00,95.00,114.00
95.00,76.00,139.00,76.00,139.00,114.00,95.00,114.00
94.00,76.00,139.00,76.00,139.00,116.00,94.00,116.00
95.00,74.00,137.00,74.00,137.00,117.00,95.00,117.00
95.00,74.00,137.00,74.00,137.00,118.00,95.00,118.00
94.00,74.00,136.00,74.00,136.00,118.00,94.00,118.00
94.00,77.00,137.00,77.00,137.00,122.00,94.00,122.00
94.00,80.00,138.00,80.00,138.00,124.00,94.00,124.00
94.00,82.00,137.00,82.00,137.00,125.00,94.00,125.00
96.00,79.00,136.00,79.00,136.00,122.00,96.00,122.00
95.00,82.00,137.00,82.00,137.00,126.00,95.00,126.00
98.00,82.00,140.00,82.00,140.00,125.00,98.00,125.00
100.00,81.00,141.00,81.00,141.00,124.00,100.00,124.00
100.00,82.00,140.00,82.00,140.00,125.00,100.00,125.00
101.00,82.00,142.00,82.00,142.00,124.00,101.00,124.00
106.00,80.00,144.00,80.00,144.00,120.00,106.00,120.00
105.00,80.00,144.00,80.00,144.00,121.00,105.00,121.00
108.00,79.00,147.00,79.00,147.00,118.00,108.00,118.00
110.00,79.00,149.00,79.00,149.00,116.00,110.00,116.00
114.00,78.00,151.00,78.00,151.00,114.00,114.00,114.00
114.00,77.00,152.00,77.00,152.00,114.00,114.00,114.00
116.00,77.00,155.00,77.00,155.00,112.00,116.00,112.00
115.00,76.00,156.00,76.00,156.00,113.00,115.00,113.00
115.00,75.00,156.00,75.00,156.00,113.00,115.00,113.00
114.00,75.00,157.00,75.00,157.00,113.00,114.00,113.00
113.00,75.00,156.00,75.00,156.00,113.00,113.00,113.00
113.00,76.00,157.00,76.00,157.00,114.00,113.00,114.00
114.00,77.00,155.00,77.00,155.00,113.00,114.00,113.00
113.00,78.00,155.00,78.00,155.00,113.00,113.00,113.00
114.00,76.00,156.00,76.00,156.00,111.00,114.00,111.00
115.00,76.00,156.00,76.00,156.00,111.00,115.00,111.00
115.00,75.00,155.00,75.00,155.00,109.00,115.00,109.00
116.00,74.00,155.00,74.00,155.00,108.00,116.00,108.00
117.00,72.00,157.00,72.00,157.00,107.00,117.00,107.00
115.00,71.00,156.00,71.00,156.00,106.00,115.00,106.00
116.00,71.00,156.00,71.00,156.00,106.00,116.00,106.00
116.00,71.00,154.00,71.00,154.00,104.00,116.00,104.00
118.00,71.00,157.00,71.00,157.00,105.00,118.00,105.00
117.00,72.00,155.00,72.00,155.00,105.00,117.00,105.00
119.00,71.00,158.00,71.00,158.00,104.00,119.00,104.00
120.00,70.00,160.00,70.00,160.00,103.00,120.00,103.00
121.00,69.00,160.00,69.00,160.00,102.00,121.00,102.00
120.00,70.00,163.00,70.00,163.00,103.00,120.00,103.00
122.00,68.00,163.00,68.00,163.00,103.00,122.00,103.00
124.00,68.00,164.00,68.00,164.00,103.00,124.00,103.00
124.00,67.00,165.00,67.00,165.00,103.00,124.00,103.00
124.00,65.00,165.00,65.00,165.00,102.00,124.00,102.00
126.00,64.00,166.00,64.00,166.00,100.00,126.00,100.00
126.00,63.00,166.00,63.00,166.00,100.00,126.00,100.00
127.00,63.00,167.00,63.00,167.00,99.00,127.00,99.00
127.00,64.00,166.00,64.00,166.00,101.00,127.00,101.00
128.00,64.00,168.00,64.00,168.00,100.00,128.00,100.00
129.00,65.00,169.00,65.00,169.00,99.00,129.00,99.00
129.00,65.00,168.00,65.00,168.00,98.00,129.00,98.00
131.00,65.00,169.00,65.00,169.00,99.00,131.00,99.00
131.00,67.00,170.00,67.00,170.00,99.00,131.00,99.00
133.00,68.00,170.00,68.00,170.00,99.00,133.00,99.00
134.00,69.00,173.00,69.00,173.00,99.00,134.00,99.00
136.00,69.00,174.00,69.00,174.00,100.00,136.00,100.00
137.00,71.00,174.00,71.00,174.00,101.00,137.00,101.00
136.00,72.00,176.00,72.00,176.00,102.00,136.00,102.00
139.00,74.00,176.00,74.00,176.00,103.00,139.00,103.00
139.00,76.00,177.00,76.00,177.00,106.00,139.00,106.00
142.00,75.00,179.00,75.00,179.00,103.00,142.00,103.00
139.00,79.00,175.00,79.00,175.00,107.00,139.00,107.00
146.00,74.00,180.00,74.00,180.00,101.00,146.00,101.00
144.00,76.00,180.00,76.00,180.00,103.00,144.00,103.00
148.00,73.00,179.00,73.00,179.00,101.00,148.00,101.00
145.00,75.00,176.00,75.00,176.00,103.00,145.00,103.00
148.00,71.00,178.00,71.00,178.00,98.00,148.00,98.00
146.00,66.00,176.00,66.00,176.00,93.00,146.00,93.00
146.00,68.00,176.00,68.00,176.00,95.00,146.00,95.00
144.00,67.00,174.00,67.00,174.00,94.00,144.00,94.00
2
0
0
0
0
1
130.00,90.00,172.00,90.00,172.00,115.00,130.00,115.00
129.00,91.00,171.00,91.00,171.00,116.00,129.00,116.00
130.00,93.00,170.00,93.00,170.00,119.00,130.00,119.00
128.00,95.00,172.00,95.00,172.00,120.00,128.00,120.00
129.00,99.00,169.00,99.00,169.00,127.00,129.00,127.00
124.00,106.00,168.00,106.00,168.00,131.00,124.00,131.00
123.00,114.00,167.00,114.00,167.00,139.00,123.00,139.00
2
0
0
0
0
1
129.38,77.92,145.77,88.85,123.15,122.77,106.77,111.85
129.37,77.91,145.57,89.18,121.91,123.20,105.70,111.92
126.74,77.44,144.53,88.12,123.26,123.56,105.47,112.88
130.88,78.16,146.56,89.92,121.36,123.52,105.68,111.76
129.46,78.31,145.38,88.92,122.15,123.77,106.23,113.15
131.24,78.68,146.44,90.08,121.36,123.52,106.16,112.12
130.47,79.48,146.18,89.73,123.48,124.53,107.77,114.29
130.63,79.47,146.52,89.14,125.72,123.31,109.83,113.64
132.22,79.56,147.50,89.21,127.61,120.70,112.33,111.05
134.12,79.55,149.34,89.48,128.61,121.27,113.39,111.34
135.42,79.10,150.64,89.02,129.61,121.27,114.39,111.34
136.38,79.03,152.26,88.56,131.35,123.41,115.47,113.88
138.21,78.32,154.53,88.12,134.68,121.21,118.35,111.41
139.91,77.50,156.47,87.20,135.49,122.98,118.94,113.28
142.08,76.98,158.06,86.90,135.77,122.82,119.79,112.90
143.38,76.03,160.00,86.00,138.21,122.32,121.59,112.35
144.98,75.92,161.06,85.90,138.77,121.82,122.69,111.84
146.37,74.92,162.49,85.23,139.66,120.90,123.54,110.59
149.55,73.81,165.00,85.00,140.09,119.41,124.63,108.22
151.65,72.72,167.10,84.87,140.70,118.48,125.24,106.33
153.95,72.56,169.09,84.89,142.61,117.39,127.47,105.05
157.32,71.51,171.50,84.45,143.05,115.61,128.87,102.66
160.50,70.50,174.50,84.50,144.50,114.50,130.50,100.50
164.04,69.00,178.00,84.08,146.15,113.56,132.19,98.49
167.03,68.41,180.55,83.62,148.46,112.14,134.94,96.94
172.52,68.33,184.82,84.37,150.26,110.86,137.97,94.83
191.12,75.49,193.49,103.88,147.72,107.69,145.36,79.30
186.99,68.83,195.28,91.15,153.25,106.76,144.96,84.44
194.62,73.23,197.39,98.85,154.03,103.54,151.26,77.92
191.40,67.73,198.63,87.01,159.07,101.85,151.84,82.56
193.60,66.80,200.40,87.20,160.20,100.60,153.40,80.20
194.35,64.82,201.62,85.43,161.66,99.53,154.38,78.92
194.66,63.71,202.05,84.63,161.82,98.83,154.44,77.90
193.41,62.35,201.34,82.47,161.94,97.99,154.01,77.87
191.59,61.10,200.53,80.76,162.18,98.19,153.24,78.53
189.93,59.32,199.79,79.62,161.90,98.02,152.04,77.72
187.30,57.89,198.41,77.19,161.34,98.53,150.23,79.23
184.01,55.93,196.69,73.80,162.18,98.29,149.49,80.42
182.98,54.14,196.27,72.06,161.71,97.70,148.42,79.78
182.59,52.73,196.34,69.93,162.56,96.95,148.80,79.76
181.52,51.08,195.49,66.66,163.11,95.70,149.14,80.12
181.92,50.07,196.34,66.70,163.41,95.24,148.99,78.61
182.96,49.04,196.96,64.11,164.66,94.10,150.67,79.02
184.52,47.08,198.94,63.16,166.00,92.69,151.58,76.61
185.97,45.58,199.94,61.16,166.56,91.09,152.59,75.50
187.50,43.54,201.50,58.61,167.09,90.56,153.09,75.48
189.00,42.00,203.00,57.07,166.52,90.95,152.52,75.87
191.94,40.64,205.78,57.36,165.52,90.67,151.68,73.95
192.93,38.99,206.42,54.64,164.20,91.03,150.71,75.39
193.00,37.00,208.50,52.50,166.00,95.00,150.50,79.50
193.27,35.94,209.55,51.36,166.88,96.41,150.59,80.98
194.50,34.50,210.50,50.50,165.00,96.00,149.00,80.00
196.97,34.35,209.98,50.19,176.29,77.87,163.27,62.03
197.69,34.34,210.98,50.17,177.59,78.23,164.29,62.39
197.61,34.33,210.89,50.26,178.03,77.64,164.75,61.70
205.69,28.73,218.37,44.08,177.49,77.86,164.81,62.51
200.09,33.05,213.53,47.77,179.27,79.06,165.83,64.33
198.50,35.45,211.44,49.69,179.19,79.01,166.25,64.77
198.46,35.45,211.90,50.18,180.27,79.06,166.83,64.33
198.95,35.95,211.90,50.19,180.19,79.01,167.25,64.77
198.95,35.95,212.39,50.73,180.69,79.56,167.25,64.77
198.95,36.00,212.34,50.79,180.60,79.50,167.21,64.71
200.40,36.59,213.16,52.04,179.88,79.54,167.11,64.08
200.01,36.91,212.78,52.36,179.88,79.54,167.11,64.08
200.45,36.94,213.20,53.05,179.01,80.12,166.26,64.01
201.32,37.76,213.44,53.92,178.72,79.96,166.60,63.80
200.45,37.94,213.20,54.05,179.14,81.02,166.38,64.91
201.41,39.07,213.40,55.72,178.70,80.70,166.71,64.05
201.27,38.69,213.60,55.56,178.48,81.23,166.14,64.36
201.05,37.65,213.95,55.30,178.65,81.10,165.75,63.45
201.16,36.89,214.08,55.56,177.73,80.72,164.81,62.06
200.85,36.77,214.38,57.08,178.15,81.23,164.62,60.92
202.55,40.29,213.66,57.58,176.91,81.20,165.80,63.91
201.85,39.77,213.38,57.08,177.15,81.23,165.62,63.92
202.51,40.29,213.37,57.12,176.67,80.79,165.81,63.96
203.63,40.83,213.93,59.49,175.73,80.57,165.43,61.90
201.21,39.83,212.37,57.12,175.88,80.66,164.72,63.37
201.21,39.22,212.78,57.21,175.78,81.00,164.22,63.00
202.50,39.78,213.61,59.66,175.12,81.17,164.01,61.29
208.05,37.69,218.39,57.14,174.13,80.65,163.80,61.20
202.46,39.43,213.34,59.27,175.07,80.25,164.19,60.41
202.84,40.12,213.34,59.27,174.30,80.67,163.80,61.53
203.66,39.85,214.04,59.95,174.76,80.22,164.39,60.12
203.19,39.37,213.65,59.12,175.75,79.19,165.29,59.44
204.12,39.68,214.24,59.36,175.72,79.17,165.60,59.49
204.49,39.53,214.55,60.25,175.09,79.41,165.03,58.70
205.15,37.82,215.27,59.96,174.86,78.44,164.73,56.29
204.20,38.40,214.40,58.80,175.60,78.20,165.40,57.80
206.61,39.24,215.58,61.36,174.63,77.96,165.66,55.84
205.72,39.21,214.67,60.29,174.76,77.22,165.82,56.14
204.10,37.73,213.96,58.05,174.48,77.22,164.61,56.90
204.88,38.30,213.99,60.17,173.73,76.95,164.62,55.08
203.95,38.13,213.39,59.38,173.96,76.91,164.52,55.66
203.60,37.85,213.21,59.46,173.12,77.28,163.52,55.66
203.06,37.64,212.67,59.26,172.96,76.91,163.35,55.29
201.90,37.33,211.96,58.05,172.92,77.01,162.86,56.30
201.89,37.45,211.82,59.17,172.68,77.06,162.76,55.34
201.19,37.46,211.50,59.29,172.66,77.63,162.35,55.81
198.80,36.75,210.03,56.26,172.41,77.92,161.18,58.41
198.87,36.45,209.98,56.33,172.08,77.51,160.97,57.63
198.30,37.22,208.98,56.33,171.08,77.51,160.40,58.40
197.72,36.98,208.64,56.52,170.90,77.61,159.98,58.07
197.02,38.13,208.04,58.44,170.23,78.96,159.21,58.66
196.44,38.91,207.46,59.21,169.23,79.96,158.21,59.66
192.49,34.48,206.46,60.21,168.52,80.80,154.55,55.07
193.89,40.06,205.40,60.20,168.14,81.49,156.63,61.35
194.92,42.36,205.36,63.85,166.73,82.62,156.29,61.12
193.33,43.03,203.88,63.55,165.67,83.20,155.12,62.68
193.20,43.40,203.60,64.20,164.80,83.60,154.40,62.80
191.13,43.31,201.85,63.49,163.98,83.61,153.26,63.43
189.83,43.18,200.87,63.43,163.25,83.96,152.20,63.71
188.74,44.69,198.94,63.39,161.25,83.96,151.04,65.25
189.33,45.17,199.17,65.47,160.91,84.01,151.08,63.72
189.73,46.95,198.63,68.32,159.15,84.77,150.25,63.40
187.60,46.33,197.11,66.47,158.66,84.63,149.15,64.49
193.26,38.83,207.39,61.15,161.55,90.18,147.42,67.87
189.00,43.00,199.54,65.33,157.93,84.98,147.39,62.65
186.00,44.00,197.33,70.43,158.22,87.19,146.90,60.76
182.80,42.60,197.00,71.00,159.00,90.00,144.80,61.60
188.64,39.69,193.86,77.97,153.03,83.54,147.81,45.25
189.07,46.57,190.73,81.35,152.29,83.18,150.64,48.40
152.00,63.00,183.00,63.00,183.00,83.00,152.00,83.00
184.50,54.36,193.08,77.97,156.79,91.17,148.20,67.56
152.73,63.30,181.06,65.07,179.83,84.68,151.51,82.91
151.00,64.00,179.00,64.00,179.00,84.00,151.00,84.00
150.00,45.00,188.00,45.00,188.00,85.00,150.00,85.00
150.00,54.00,188.00,54.00,188.00,84.00,150.00,84.00
168.92,47.88,196.33,70.45,172.35,99.58,144.94,77.01
153.07,59.01,186.53,66.19,181.73,88.59,148.27,81.41
149.00,53.00,187.00,53.00,187.00,84.00,149.00,84.00
166.20,48.40,194.68,69.76,172.72,99.04,144.24,77.68
166.86,48.95,194.30,71.24,171.42,99.40,143.98,77.11
163.09,50.15,192.72,69.01,174.52,97.61,144.89,78.75
166.25,49.55,192.68,72.45,169.71,98.95,143.29,76.05
166.05,49.58,192.77,72.19,170.16,98.90,143.44,76.30
167.32,49.51,193.70,74.01,169.52,100.05,143.13,75.55
150.86,50.25,188.62,57.11,183.32,86.24,145.57,79.38
147.20,53.06,186.15,55.01,184.74,83.24,145.79,81.29
146.00,55.00,185.00,55.00,185.00,83.00,146.00,83.00
147.16,54.86,185.16,56.76,183.74,85.14,145.74,83.24
146.74,63.51,183.89,65.28,182.90,86.09,145.75,84.32
146.65,66.98,183.81,68.84,182.85,88.09,145.69,86.23
146.74,68.93,182.96,70.84,181.94,90.10,145.73,88.20
156.46,68.90,176.78,86.68,162.72,102.75,142.40,84.97
147.12,71.39,173.43,73.42,171.93,92.92,145.62,90.89
147.26,73.11,186.21,76.66,184.44,96.13,145.49,92.59
146.05,74.31,187.19,77.48,185.69,96.98,144.55,93.81
