1
76.00,140.00,115.00,140.00,115.00,177.00,76.00,177.00
77.00,138.00,115.00,138.00,115.00,175.00,77.00,175.00
76.00,137.00,115.00,137.00,115.00,174.00,76.00,174.00
76.00,135.00,116.00,135.00,116.00,172.00,76.00,172.00
75.00,134.00,115.00,134.00,115.00,172.00,75.00,172.00
76.00,132.00,116.00,132.00,116.00,170.00,76.00,170.00
75.00,132.00,115.00,132.00,115.00,170.00,75.00,170.00
75.00,129.00,116.00,129.00,116.00,167.00,75.00,167.00
74.00,128.00,116.00,128.00,116.00,166.00,74.00,166.00
74.00,126.00,116.00,126.00,116.00,163.00,74.00,163.00
73.00,125.00,115.00,125.00,115.00,164.00,73.00,164.00
71.00,124.00,114.00,124.00,114.00,162.00,71.00,162.00
71.00,122.00,114.00,122.00,114.00,160.00,71.00,160.00
72.00,121.00,113.00,121.00,113.00,158.00,72.00,158.00
70.00,119.00,110.00,119.00,110.00,157.00,70.00,157.00
71.00,116.00,110.00,116.00,110.00,154.00,71.00,154.00
71.00,112.00,110.00,112.00,110.00,152.00,71.00,152.00
70.00,108.00,110.00,108.00,110.00,148.00,70.00,148.00
70.00,105.00,109.00,105.00,109.00,144.00,70.00,144.00
71.00,102.00,110.00,102.00,110.00,140.00,71.00,140.00
70.00,98.00,109.00,98.00,109.00,138.00,70.00,138.00
71.00,96.00,110.00,96.00,110.00,136.00,71.00,136.00
70.00,92.00,110.00,92.00,110.00,134.00,70.00,134.00
71.00,91.00,111.00,91.00,111.00,131.00,71.00,131.00
72.00,89.00,112.00,89.00,112.00,128.00,72.00,128.00
75.00,86.00,114.00,86.00,114.00,125.00,75.00,125.00
74.00,83.00,117.00,83.00,117.00,123.00,74.00,123.00
76.00,82.00,119.00,82.00,119.00,120.00,76.00,120.00
76.00,81.00,120.00,81.00,120.00,118.00,76.00,118.00
78.00,78.00,123.00,78.00,123.00,116.00,78.00,116.00
77.00,77.00,123.00,77.00,123.00,115.00,77.00,115.00
78.00,74.00,123.00,74.00,123.00,112.00,78.00,112.00
78.00,70.00,123.00,70.00,123.00,110.00,78.00,110.00
79.00,66.00,124.00,66.00,124.00,106.00,79.00,106.00
76.00,64.00,123.00,64.00,123.00,105.00,76.00,105.00
77.00,60.00,122.00,60.00,122.00,100.00,77.00,100.00
76.00,57.00,123.00,57.00,123.00,99.00,76.00,99.00
74.00,56.00,122.00,56.00,122.00,96.00,74.00,96.00
76.00,54.00,123.00,54.00,123.00,93.00,76.00,93.00
74.00,52.00,121.00,52.00,121.00,92.00,74.00,92.00
74.00,51.00,120.00,51.00,120.00,92.00,74.00,92.00
75.00,50.00,120.00,50.00,120.00,89.00,75.00,89.00
75.00,49.00,121.00,49.00,121.00,89.00,75.00,89.00
73.00,49.00,120.00,49.00,120.00,88.00,73.00,88.00
73.00,49.00,119.00,49.00,119.00,87.00,73.00,87.00
73.00,50.00,117.00,50.00,117.00,87.00,73.00,87.00
73.00,51.00,116.00,51.00,116.00,88.00,73.00,88.00
74.00,52.00,116.00,52.00,116.00,88.00,74.00,88.00
75.00,53.00,116.00,53.00,116.00,88.00,75.00,88.00
75.00,54.00,114.00,54.00,114.00,89.00,75.00,89.00
75.00,52.00,116.00,52.00,116.00,89.00,75.00,89.00
76.00,53.00,116.00,53.00,116.00,90.00,76.00,90.00
77.00,56.00,117.00,56.00,117.00,92.00,77.00,92.00
77.00,59.00,116.00,59.00,116.00,94.00,77.00,94.00
78.00,62.00,118.00,62.00,118.00,98.00,78.00,98.00
79.00,65.00,118.00,65.00,118.00,100.00,79.00,100.00
82.00,65.00,121.00,65.00,121.00,104.00,82.00,104.00
83.00,67.00,122.00,67.00,122.00,107.00,83.00,107.00
85.00,70.00,123.00,70.00,123.00,109.00,85.00,109.00
87.00,69.00,126.00,69.00,126.00,110.00,87.00,110.00
89.00,71.00,127.00,71.00,127.00,109.00,89.00,109.00
90.00,71.00,130.00,71.00,130.00,110.00,90.00,110.00
91.00,70.00,133.00,70.00,133.00,111.00,91.00,111.00
92.00,73.00,132.00,73.00,132.00,110.00,92.00,110.00
94.00,73.00,135.00,73.00,135.00,110.00,94.00,110.00
95.00,74.00,136.00,74.00,136.00,111.00,95.00,111.00
95.00,76.00,135.00,76.00,135.00,113.00,95.00,113.00
95.00,77.00,134.00,77.00,134.00,113.00,95.00,113.00
96.00,76.00,136.00,76.00,136.00,112.00,96.00,112.00
97.00,77.00,137.00,77.00,137.00,112.00,97.00,112.00
95.00,78.00,135.00,78.00,135.00,115.00,95.00,115.00
97.00,76.00,136.00,76.00,136.00,111.00,97.00,111.00
95.00,78.00,134.00,78.00,134.00,114.00,95.00,114.00
95.00,78.00,133.00,78.00,133.00,113.00,95.00,113.00
95.00,77.00,133.00,77.00,133.00,112.00,95.00,112.00
96.00,76.00,134.00,76.00,134.00,111.00,96.00,111.00
97.00,75.00,134.00,75.00,134.00,111.00,97.00,111.00
96.00,75.00,133.00,75.00,133.00,110.00,96.00,110.00
96.00,74.00,134.00,74.00,134.00,109.00,96.00,109.00
96.00,75.00,134.00,75.00,134.00,110.00,96.00,110.00
96.00,75.00,135.00,75.00,135.00,110.00,96.00,110.00
96.00,73.00,135.00,73.00,135.00,108.00,96.00,108.00
96.00,73.00,135.00,73.00,135.00,108.00,96.00,108.00
97.00,73.00,135.00,73.00,135.00,108.00,97.00,108.00
97.00,72.00,135.00,72.00,135.00,106.00,97.00,106.00
98.00,71.00,135.00,71.00,135.00,106.00,98.00,106.00
97.00,72.00,135.00,72.00,135.00,107.00,97.00,107.00
98.00,71.00,135.00,71.00,135.00,105.00,98.00,105.00
98.00,71.00,136.00,71.00,136.00,105.00,98.00,105.00
99.00,71.00,137.00,71.00,137.00,103.00,99.00,103.00
98.00,71.00,136.00,71.00,136.00,104.00,98.00,104.00
98.00,71.00,136.00,71.00,136.00,103.00,98.00,103.00
99.00,71.00,136.00,71.00,136.00,103.00,99.00,103.00
100.00,70.00,138.00,70.00,138.00,103.00,100.00,103.00
100.00,70.00,138.00,70.00,138.00,103.00,100.00,103.00
100.00,70.00,137.00,70.00,137.00,103.00,100.00,103.00
101.00,70.00,137.00,70.00,137.00,102.00,101.00,102.00
101.00,69.00,138.00,69.00,138.00,102.00,101.00,102.00
101.00,69.00,138.00,69.00,138.00,102.00,101.00,102.00
101.00,70.00,138.00,70.00,138.00,103.00,101.00,103.00
102.00,69.00,139.00,69.00,139.00,101.00,102.00,101.00
103.00,69.00,140.00,69.00,140.00,100.00,103.00,100.00
104.00,69.00,141.00,69.00,141.00,102.00,104.00,102.00
104.00,68.00,142.00,68.00,142.00,101.00,104.00,101.00
106.00,67.00,143.00,67.00,143.00,100.00,106.00,100.00
104.00,69.00,142.00,69.00,142.00,104.00,104.00,104.00
103.00,69.00,142.00,69.00,142.00,104.00,103.00,104.00
104.00,68.00,144.00,68.00,144.00,103.00,104.00,103.00
103.00,68.00,143.00,68.00,143.00,102.00,103.00,102.00
103.00,69.00,143.00,69.00,143.00,102.00,103.00,102.00
102.00,68.00,141.00,68.00,141.00,103.00,102.00,103.00
103.00,67.00,143.00,67.00,143.00,100.00,103.00,100.00
101.00,67.00,140.00,67.00,140.00,104.00,101.00,104.00
101.00,68.00,141.00,68.00,141.00,105.00,101.00,105.00
100.00,69.00,139.00,69.00,139.00,105.00,100.00,105.00
99.00,69.00,138.00,69.00,138.00,106.00,99.00,106.00
98.00,69.00,137.00,69.00,137.00,108.00,98.00,108.00
99.00,68.00,138.00,68.00,138.00,109.00,99.00,109.00
98.00,69.00,138.00,69.00,138.00,109.00,98.00,109.00
99.00,70.00,141.00,70.00,141.00,109.00,99.00,109.00
100.00,71.00,141.00,71.00,141.00,110.00,100.00,110.00
99.00,73.00,139.00,73.00,139.00,110.00,99.00,110.00
97.00,73.00,139.00,73.00,139.00,110.00,97.00,110.00
97.00,74.00,139.00,74.00,139.00,110.00,97.00,110.00
96.00,74.00,139.00,74.00,139.00,111.00,96.00,111.00
95.00,75.00,139.00,75.00,139.00,113.00,95.00,113.00
94.00,75.00,140.00,75.00,140.00,113.00,94.00,113.00
94.00,77.00,140.00,77.00,140.00,115.00,94.00,115.00
94.00,77.00,139.00,77.00,139.00,116.00,94.00,116.00
95.00,74.00,138.00,74.00,138.00,117.00,95.00,117.00
96.00,75.00,139.00,75.00,139.00,119.00,96.00,119.00
93.00,74.00,136.00,74.00,136.00,120.00,93.00,120.00
96.00,77.00,138.00,77.00,138.00,121.00,96.00,121.00
95.00,79.00,138.00,79.00,138.00,122.00,95.00,122.00
93.00,81.00,137.00,81.00,137.00,125.00,93.00,125.00
95.00,84.00,136.00,84.00,136.00,124.00,95.00,124.00
96.00,82.00,139.00,82.00,139.00,123.00,96.00,123.00
96.00,85.00,138.00,85.00,138.00,124.00,96.00,124.00
97.00,84.00,141.00,84.00,141.00,124.00,97.00,124.00
100.00,83.00,143.00,83.00,143.00,122.00,100.00,122.00
100.00,83.00,142.00,83.00,142.00,123.00,100.00,123.00
102.00,82.00,143.00,82.00,143.00,122.00,102.00,122.00
103.00,80.00,145.00,80.00,145.00,122.00,103.00,122.00
105.00,81.00,147.00,81.00,147.00,118.00,105.00,118.00
108.00,80.00,150.00,80.00,150.00,118.00,108.00,118.00
109.00,79.00,152.00,79.00,152.00,116.00,109.00,116.00
111.00,79.00,153.00,79.00,153.00,115.00,111.00,115.00
113.00,77.00,158.00,77.00,158.00,112.00,113.00,112.00
114.00,77.00,158.00,77.00,158.00,112.00,114.00,112.00
112.00,77.00,157.00,77.00,157.00,111.00,112.00,111.00
112.00,77.00,157.00,77.00,157.00,112.00,112.00,112.00
111.00,77.00,157.00,77.00,157.00,113.00,111.00,113.00
111.00,77.00,158.00,77.00,158.00,114.00,111.00,114.00
112.00,77.00,157.00,77.00,157.00,112.00,112.00,112.00
111.00,78.00,156.00,78.00,156.00,114.00,111.00,114.00
110.00,78.00,156.00,78.00,156.00,113.00,110.00,113.00
112.00,77.00,156.00,77.00,156.00,112.00,112.00,112.00
112.00,76.00,156.00,76.00,156.00,111.00,112.00,111.00
114.00,74.00,157.00,74.00,157.00,109.00,114.00,109.00
115.00,72.00,158.00,72.00,158.00,107.00,115.00,107.00
113.00,72.00,158.00,72.00,158.00,107.00,113.00,107.00
115.00,71.00,156.00,71.00,156.00,105.00,115.00,105.00
114.00,72.00,157.00,72.00,157.00,106.00,114.00,106.00
115.00,71.00,160.00,71.00,160.00,106.00,115.00,106.00
113.00,71.00,157.00,71.00,157.00,107.00,113.00,107.00
115.00,71.00,158.00,71.00,158.00,106.00,115.00,106.00
116.00,70.00,159.00,70.00,159.00,106.00,116.00,106.00
118.00,69.00,160.00,69.00,160.00,104.00,118.00,104.00
118.00,68.00,164.00,68.00,164.00,104.00,118.00,104.00
121.00,68.00,165.00,68.00,165.00,103.00,121.00,103.00
122.00,68.00,165.00,68.00,165.00,102.00,122.00,102.00
123.00,67.00,165.00,67.00,165.00,102.00,123.00,102.00
124.00,66.00,166.00,66.00,166.00,100.00,124.00,100.00
125.00,65.00,166.00,65.00,166.00,100.00,125.00,100.00
125.00,65.00,165.00,65.00,165.00,100.00,125.00,100.00
126.00,64.00,166.00,64.00,166.00,99.00,126.00,99.00
127.00,65.00,167.00,65.00,167.00,99.00,127.00,99.00
128.00,65.00,167.00,65.00,167.00,99.00,128.00,99.00
129.00,65.00,168.00,65.00,168.00,98.00,129.00,98.00
129.00,65.00,168.00,65.00,168.00,99.00,129.00,99.00
130.00,65.00,170.00,65.00,170.00,99.00,130.00,99.00
131.00,66.00,170.00,66.00,170.00,100.00,131.00,100.00
132.00,68.00,172.00,68.00,172.00,101.00,132.00,101.00
133.00,68.00,172.00,68.00,172.00,101.00,133.00,101.00
135.00,69.00,174.00,69.00,174.00,102.00,135.00,102.00
137.00,71.00,176.00,71.00,176.00,100.00,137.00,100.00
137.00,72.00,178.00,72.00,178.00,103.00,137.00,103.00
138.00,74.00,178.00,74.00,178.00,104.00,138.00,104.00
139.00,75.00,179.00,75.00,179.00,105.00,139.00,105.00
137.00,77.00,179.00,77.00,179.00,108.00,137.00,108.00
136.00,78.00,178.00,78.00,178.00,109.00,136.00,109.00
142.00,76.00,180.00,76.00,180.00,104.00,142.00,104.00
144.00,76.00,181.00,76.00,181.00,101.00,144.00,101.00
147.00,67.00,182.00,67.00,182.00,98.00,147.00,98.00
144.00,70.00,179.00,70.00,179.00,101.00,144.00,101.00
147.00,71.00,182.00,71.00,182.00,102.00,147.00,102.00
143.00,65.00,178.00,65.00,178.00,96.00,143.00,96.00
143.00,65.00,178.00,65.00,178.00,96.00,143.00,96.00
2
0
0
0
0
1
129.00,90.00,173.00,90.00,173.00,113.00,129.00,113.00
128.00,91.00,172.00,91.00,172.00,113.00,128.00,113.00
128.00,92.00,172.00,92.00,172.00,115.00,128.00,115.00
129.00,95.00,173.00,95.00,173.00,119.00,129.00,119.00
128.00,98.00,172.00,98.00,172.00,122.00,128.00,122.00
128.00,102.00,173.00,102.00,173.00,126.00,128.00,126.00
128.00,110.00,173.00,110.00,173.00,134.00,128.00,134.00
126.00,117.00,171.00,117.00,171.00,141.00,126.00,141.00
2
0
0
0
0
1
129.54,77.69,145.92,88.62,123.15,122.77,106.77,111.85
129.37,77.91,145.57,89.18,121.91,123.20,105.70,111.92
131.42,78.32,146.23,89.85,120.44,123.01,105.62,111.48
128.68,77.96,145.18,88.73,122.48,123.53,105.98,112.77
129.31,78.54,145.23,89.15,122.15,123.77,106.23,113.15
131.24,78.68,146.76,90.32,121.68,123.76,106.16,112.12
130.71,78.64,146.64,89.02,123.48,124.53,107.56,114.15
131.23,79.84,146.52,89.14,125.72,123.31,110.43,114.00
132.41,79.68,147.50,89.21,127.61,120.70,112.52,111.17
133.42,79.10,149.34,89.48,128.61,121.27,112.69,110.88
135.42,79.10,150.64,89.02,129.91,120.81,114.69,110.88
135.94,78.76,152.26,88.56,131.35,123.41,115.03,113.62
138.21,78.32,154.53,88.12,134.68,121.21,118.35,111.41
139.88,77.55,156.44,87.26,135.49,122.98,118.94,113.28
142.08,76.98,158.06,86.90,135.77,122.82,119.79,112.90
143.38,76.03,160.00,86.00,138.21,122.32,121.59,112.35
145.08,75.98,161.06,85.90,138.77,121.82,122.79,111.90
146.34,74.98,162.45,85.29,139.79,120.70,123.67,110.39
149.37,73.68,165.00,85.00,140.09,119.41,124.45,108.09
152.00,73.00,167.10,84.87,140.70,118.48,125.59,106.61
153.46,72.16,169.09,84.89,142.61,117.39,126.99,104.65
157.27,71.46,171.50,84.45,142.60,116.11,128.37,103.12
160.50,70.50,174.50,84.50,144.00,115.00,130.00,101.00
164.50,69.50,178.00,84.08,146.15,113.56,132.65,98.99
167.09,68.48,180.55,83.62,148.46,112.14,135.00,97.00
172.71,68.11,184.79,84.42,149.73,110.39,137.65,94.08
191.04,75.50,193.41,103.88,147.72,107.69,145.36,79.30
187.60,69.25,195.45,92.16,152.99,106.72,145.14,83.81
195.96,73.87,198.02,99.92,153.74,103.42,151.69,77.37
192.51,68.90,198.64,89.51,158.14,101.55,152.01,80.94
193.83,66.97,200.49,87.52,160.43,100.51,153.77,79.97
194.90,65.24,201.76,86.43,161.69,99.40,154.83,78.20
194.75,63.97,202.05,84.63,162.29,98.66,155.00,78.00
193.49,61.93,201.55,82.39,162.30,97.85,154.24,77.39
191.59,61.10,200.53,80.76,162.18,98.19,153.24,78.53
189.93,59.32,199.79,79.62,161.90,98.02,152.04,77.72
187.55,58.32,198.41,77.19,162.09,98.10,151.23,79.23
184.01,55.93,196.69,73.80,162.18,98.29,149.49,80.42
183.46,54.24,196.23,72.12,161.32,97.05,148.55,79.18
181.98,52.22,196.22,70.02,162.56,96.95,148.32,79.15
181.47,51.03,195.49,66.66,163.11,95.70,149.09,80.06
181.99,50.14,196.34,66.70,163.41,95.24,149.06,78.68
182.50,48.54,196.96,64.11,164.66,94.10,150.20,78.53
184.00,47.00,198.50,62.61,166.16,92.64,151.67,77.02
185.46,45.50,199.96,61.11,167.16,91.56,152.67,75.95
187.01,43.51,201.50,58.56,167.77,91.03,153.28,75.99
189.00,42.00,203.00,57.07,166.52,90.95,152.52,75.87
191.94,40.64,205.78,57.36,165.52,90.67,151.68,73.95
192.93,38.99,206.42,54.64,164.20,91.03,150.71,75.39
193.00,38.00,208.00,53.00,166.00,95.00,151.00,80.00
193.62,35.96,209.53,51.43,165.23,97.00,149.32,81.53
194.13,34.55,210.00,49.97,166.68,94.53,150.82,79.10
196.79,34.34,209.98,50.18,176.54,78.05,163.34,62.21
197.59,34.42,210.89,50.25,177.59,78.23,164.29,62.39
198.20,34.84,210.98,50.18,177.64,77.97,164.85,62.62
204.56,28.99,217.30,43.65,177.89,77.92,165.14,63.27
200.09,33.05,213.53,47.77,179.27,79.06,165.83,64.33
198.00,34.90,211.44,49.69,179.19,79.01,165.75,64.23
197.99,35.46,211.47,49.59,180.58,79.08,167.09,64.96
198.95,35.95,211.90,50.19,179.64,79.51,166.70,65.27
198.51,35.94,212.00,50.10,181.08,79.54,167.60,65.38
198.61,36.31,212.00,51.10,180.65,79.46,167.27,64.66
200.50,36.50,213.27,51.95,179.77,79.62,167.01,64.17
200.01,36.91,212.78,52.36,179.39,79.94,166.62,64.49
200.58,36.83,213.33,52.95,179.14,80.02,166.38,63.91
201.00,38.00,213.12,54.16,178.40,80.20,166.28,64.04
200.45,37.94,213.20,54.05,179.62,80.63,166.87,64.52
201.78,38.80,213.42,54.98,178.07,80.43,166.42,64.26
201.57,38.35,213.95,55.30,178.48,81.23,166.09,64.28
200.53,38.04,213.43,55.69,178.65,81.10,165.75,63.45
200.61,37.05,213.60,54.83,178.30,80.62,165.31,62.85
200.85,36.77,214.38,57.08,178.15,81.23,164.62,60.92
202.29,39.45,213.86,57.45,177.12,81.07,165.55,63.08
201.69,39.54,213.38,57.08,177.15,81.23,165.46,63.69
202.21,39.83,213.37,57.12,176.67,80.79,165.52,63.50
203.63,39.83,214.35,59.26,175.04,80.94,164.32,61.51
201.46,39.67,212.62,56.96,175.67,80.79,164.52,63.50
200.98,39.18,212.62,56.94,175.90,81.00,164.26,63.24
202.50,39.78,213.61,59.66,175.12,81.17,164.01,61.29
209.23,36.13,219.95,56.31,174.13,80.65,163.41,60.47
203.21,40.33,213.51,59.73,174.49,80.46,164.19,61.06
202.65,39.77,213.34,59.27,175.07,80.25,164.38,60.76
203.86,40.23,214.04,59.95,174.76,80.22,164.58,60.51
203.80,39.60,214.00,60.00,175.20,79.40,165.00,59.00
203.93,40.26,213.86,59.56,175.72,79.17,165.79,59.88
204.49,39.53,214.55,60.25,174.67,79.62,164.61,58.90
203.60,38.20,214.00,59.00,175.20,78.40,164.80,57.60
203.36,37.99,213.94,57.39,175.97,78.11,165.38,58.70
205.78,38.76,215.23,60.01,174.96,77.91,165.52,56.66
204.00,38.00,214.00,58.00,175.20,77.40,165.20,57.40
204.56,38.24,214.11,58.47,174.37,77.24,164.81,57.01
205.02,38.24,214.13,60.11,173.73,76.95,164.62,55.08
203.95,38.13,213.39,59.38,173.96,76.91,164.52,55.66
203.14,37.80,212.89,59.14,173.23,77.26,163.48,55.92
202.89,37.45,212.82,59.17,173.23,77.26,163.31,55.55
202.69,37.80,212.30,59.42,172.68,77.03,163.07,55.41
202.06,37.83,211.82,59.17,172.38,77.20,162.62,55.86
201.19,37.46,211.50,59.29,172.23,77.84,161.92,56.01
199.11,36.88,210.22,56.76,172.32,77.94,161.21,58.06
200.20,37.40,210.60,58.20,171.80,77.60,161.40,56.80
198.11,36.88,208.98,56.33,171.33,77.38,160.46,57.92
198.54,37.44,209.08,57.93,170.83,77.60,160.29,57.11
196.54,37.08,208.13,57.81,170.32,78.94,158.73,58.21
196.34,39.05,206.88,59.55,168.67,79.20,158.13,58.70
192.49,34.48,206.46,60.21,168.52,80.80,154.55,55.07
193.78,40.12,205.29,60.26,168.14,81.49,156.63,61.35
196.06,42.02,206.39,63.82,166.67,82.63,156.34,60.84
193.74,42.82,204.29,63.34,165.67,83.20,155.12,62.68
194.27,43.46,204.38,64.94,164.65,83.63,154.54,62.16
191.33,43.67,201.85,63.49,163.98,83.61,153.45,63.79
190.37,43.34,201.22,63.24,163.11,84.03,152.25,64.13
188.64,43.83,199.22,63.24,161.88,83.61,151.29,64.20
188.89,45.39,198.72,65.68,160.91,84.01,151.08,63.72
189.43,46.24,198.63,68.32,159.37,84.68,150.17,62.60
187.84,46.42,197.25,66.89,158.59,84.65,149.19,64.18
193.26,38.83,207.39,61.15,161.55,90.18,147.42,67.87
189.00,43.00,199.58,64.81,157.96,84.99,147.39,63.18
185.73,43.55,200.21,67.10,161.21,91.10,146.73,67.55
189.55,40.76,196.14,75.60,154.42,83.49,147.83,48.65
188.64,39.69,193.86,77.97,153.03,83.54,147.81,45.25
189.12,47.57,190.73,81.35,152.29,83.18,150.69,49.40
152.00,62.00,187.00,62.00,187.00,83.00,152.00,83.00
183.54,51.84,194.96,75.83,158.79,93.05,147.36,69.06
152.73,63.30,181.06,65.07,179.83,84.68,151.51,82.91
152.00,64.00,178.00,64.00,178.00,84.00,152.00,84.00
150.00,48.00,187.00,48.00,187.00,85.00,150.00,85.00
182.80,53.40,191.10,78.30,153.90,90.70,145.60,65.80
168.92,47.88,196.33,70.45,172.75,99.09,145.34,76.52
180.34,60.79,182.34,82.79,150.70,85.66,148.70,63.66
149.00,52.00,186.00,52.00,186.00,84.00,149.00,84.00
149.00,50.00,185.00,50.00,185.00,84.00,149.00,84.00
148.00,50.00,185.00,50.00,185.00,84.00,148.00,84.00
164.34,49.79,192.52,70.29,172.24,98.17,144.05,77.68
162.80,49.60,192.31,68.38,174.11,96.98,144.60,78.20
160.66,49.63,191.41,66.41,175.55,95.48,144.80,78.71
148.18,51.20,188.23,53.11,186.80,83.28,146.74,81.37
147.14,52.15,187.19,54.06,185.80,83.23,145.75,81.32
147.20,53.06,184.30,54.92,182.89,83.14,145.79,81.29
146.00,55.00,183.00,55.00,183.00,83.00,146.00,83.00
146.10,54.86,183.30,56.63,181.95,85.05,144.75,83.27
146.00,60.00,180.00,60.00,180.00,85.00,146.00,85.00
146.00,68.00,180.00,68.00,180.00,87.00,146.00,87.00
146.78,68.88,181.07,70.78,180.00,90.00,145.72,88.10
147.90,70.70,181.78,75.54,179.20,93.60,145.32,88.76
145.00,74.00,172.00,74.00,172.00,92.00,145.00,92.00
146.13,73.32,181.38,76.03,179.89,95.45,144.64,92.74
146.41,73.94,182.84,77.58,180.89,97.09,144.46,93.45
