1
275.00,66.00,296.00,66.00,296.00,137.00,275.00,137.00
276.00,68.00,298.00,68.00,298.00,136.00,276.00,136.00
276.00,68.00,298.00,68.00,298.00,135.00,276.00,135.00
276.00,70.00,298.00,70.00,298.00,134.00,276.00,134.00
276.00,71.00,298.00,71.00,298.00,136.00,276.00,136.00
275.00,70.00,296.00,70.00,296.00,135.00,275.00,135.00
275.00,67.00,296.00,67.00,296.00,134.00,275.00,134.00
274.00,66.00,297.00,66.00,297.00,135.00,274.00,135.00
274.00,66.00,296.00,66.00,296.00,136.00,274.00,136.00
275.00,67.00,296.00,67.00,296.00,135.00,275.00,135.00
276.00,68.00,297.00,68.00,297.00,135.00,276.00,135.00
276.00,67.00,297.00,67.00,297.00,136.00,276.00,136.00
276.00,66.00,297.00,66.00,297.00,134.00,276.00,134.00
276.00,67.00,299.00,67.00,299.00,135.00,276.00,135.00
276.00,66.00,298.00,66.00,298.00,136.00,276.00,136.00
276.00,69.00,298.00,69.00,298.00,134.00,276.00,134.00
276.00,68.00,298.00,68.00,298.00,135.00,276.00,135.00
275.00,67.00,297.00,67.00,297.00,136.00,275.00,136.00
275.00,68.00,296.00,68.00,296.00,134.00,275.00,134.00
274.00,67.00,296.00,67.00,296.00,134.00,274.00,134.00
275.00,67.00,297.00,67.00,297.00,135.00,275.00,135.00
276.00,67.00,297.00,67.00,297.00,136.00,276.00,136.00
276.00,67.00,297.00,67.00,297.00,135.00,276.00,135.00
276.00,65.00,297.00,65.00,297.00,134.00,276.00,134.00
276.00,65.00,298.00,65.00,298.00,133.00,276.00,133.00
277.00,66.00,298.00,66.00,298.00,134.00,277.00,134.00
277.00,66.00,299.00,66.00,299.00,134.00,277.00,134.00
277.00,67.00,299.00,67.00,299.00,132.00,277.00,132.00
275.00,66.00,298.00,66.00,298.00,134.00,275.00,134.00
275.00,65.00,298.00,65.00,298.00,132.00,275.00,132.00
274.00,64.00,297.00,64.00,297.00,131.00,274.00,131.00
273.00,63.00,297.00,63.00,297.00,133.00,273.00,133.00
274.00,62.00,297.00,62.00,297.00,132.00,274.00,132.00
274.00,63.00,298.00,63.00,298.00,134.00,274.00,134.00
276.00,64.00,298.00,64.00,298.00,134.00,276.00,134.00
275.00,64.00,297.00,64.00,297.00,134.00,275.00,134.00
276.00,63.00,299.00,63.00,299.00,133.00,276.00,133.00
276.00,63.00,299.00,63.00,299.00,133.00,276.00,133.00
277.00,64.00,299.00,64.00,299.00,134.00,277.00,134.00
276.00,66.00,299.00,66.00,299.00,132.00,276.00,132.00
275.00,65.00,298.00,65.00,298.00,132.00,275.00,132.00
274.00,64.00,297.00,64.00,297.00,133.00,274.00,133.00
274.00,65.00,296.00,65.00,296.00,132.00,274.00,132.00
274.00,65.00,297.00,65.00,297.00,132.00,274.00,132.00
274.00,64.00,297.00,64.00,297.00,133.00,274.00,133.00
274.00,64.00,297.00,64.00,297.00,134.00,274.00,134.00
275.00,66.00,297.00,66.00,297.00,134.00,275.00,134.00
274.00,65.00,296.00,65.00,296.00,134.00,274.00,134.00
275.00,64.00,297.00,64.00,297.00,134.00,275.00,134.00
275.00,64.00,298.00,64.00,298.00,134.00,275.00,134.00
274.00,64.00,298.00,64.00,298.00,134.00,274.00,134.00
275.00,66.00,298.00,66.00,298.00,132.00,275.00,132.00
274.00,65.00,297.00,65.00,297.00,133.00,274.00,133.00
273.00,64.00,296.00,64.00,296.00,132.00,273.00,132.00
273.00,65.00,296.00,65.00,296.00,132.00,273.00,132.00
272.00,63.00,295.00,63.00,295.00,133.00,272.00,133.00
272.00,62.00,296.00,62.00,296.00,134.00,272.00,134.00
273.00,63.00,296.00,63.00,296.00,134.00,273.00,134.00
273.00,63.00,295.00,63.00,295.00,133.00,273.00,133.00
274.00,64.00,296.00,64.00,296.00,134.00,274.00,134.00
274.00,65.00,296.00,65.00,296.00,134.00,274.00,134.00
274.00,64.00,297.00,64.00,297.00,135.00,274.00,135.00
274.00,64.00,297.00,64.00,297.00,135.00,274.00,135.00
274.00,66.00,298.00,66.00,298.00,132.00,274.00,132.00
273.00,66.00,296.00,66.00,296.00,133.00,273.00,133.00
272.00,66.00,295.00,66.00,295.00,132.00,272.00,132.00
271.00,65.00,295.00,65.00,295.00,133.00,271.00,133.00
271.00,64.00,294.00,64.00,294.00,132.00,271.00,132.00
272.00,64.00,293.00,64.00,293.00,133.00,272.00,133.00
272.00,64.00,294.00,64.00,294.00,135.00,272.00,135.00
273.00,64.00,294.00,64.00,294.00,134.00,273.00,134.00
272.00,64.00,293.00,64.00,293.00,134.00,272.00,134.00
272.00,64.00,293.00,64.00,293.00,135.00,272.00,135.00
272.00,63.00,295.00,63.00,295.00,135.00,272.00,135.00
271.00,65.00,294.00,65.00,294.00,137.00,271.00,137.00
270.00,65.00,293.00,65.00,293.00,132.00,270.00,132.00
271.00,65.00,294.00,65.00,294.00,134.00,271.00,134.00
270.00,65.00,292.00,65.00,292.00,135.00,270.00,135.00
270.00,65.00,292.00,65.00,292.00,135.00,270.00,135.00
269.00,64.00,291.00,64.00,291.00,133.00,269.00,133.00
268.00,64.00,290.00,64.00,290.00,134.00,268.00,134.00
268.00,63.00,290.00,63.00,290.00,134.00,268.00,134.00
268.00,63.00,290.00,63.00,290.00,132.00,268.00,132.00
268.00,61.00,290.00,61.00,290.00,131.00,268.00,131.00
268.00,61.00,290.00,61.00,290.00,131.00,268.00,131.00
268.00,62.00,290.00,62.00,290.00,133.00,268.00,133.00
267.00,63.00,290.00,63.00,290.00,133.00,267.00,133.00
266.00,63.00,289.00,63.00,289.00,132.00,266.00,132.00
267.00,64.00,289.00,64.00,289.00,133.00,267.00,133.00
267.00,64.00,289.00,64.00,289.00,133.00,267.00,133.00
266.00,63.00,289.00,63.00,289.00,134.00,266.00,134.00
266.00,63.00,289.00,63.00,289.00,135.00,266.00,135.00
267.00,65.00,291.00,65.00,291.00,137.00,267.00,137.00
269.00,68.00,293.00,68.00,293.00,141.00,269.00,141.00
269.00,70.00,294.00,70.00,294.00,143.00,269.00,143.00
270.00,71.00,294.00,71.00,294.00,142.00,270.00,142.00
270.00,72.00,293.00,72.00,293.00,143.00,270.00,143.00
270.00,73.00,294.00,73.00,294.00,145.00,270.00,145.00
270.00,76.00,294.00,76.00,294.00,148.00,270.00,148.00
271.00,77.00,294.00,77.00,294.00,146.00,271.00,146.00
268.00,76.00,294.00,76.00,294.00,145.00,268.00,145.00
268.00,78.00,293.00,78.00,293.00,148.00,268.00,148.00
266.00,75.00,291.00,75.00,291.00,143.00,266.00,143.00
265.00,75.00,291.00,75.00,291.00,145.00,265.00,145.00
265.00,75.00,289.00,75.00,289.00,146.00,265.00,146.00
264.00,72.00,287.00,72.00,287.00,146.00,264.00,146.00
265.00,69.00,288.00,69.00,288.00,140.00,265.00,140.00
265.00,69.00,289.00,69.00,289.00,139.00,265.00,139.00
265.00,67.00,287.00,67.00,287.00,138.00,265.00,138.00
265.00,70.00,287.00,70.00,287.00,140.00,265.00,140.00
264.00,71.00,288.00,71.00,288.00,140.00,264.00,140.00
264.00,71.00,288.00,71.00,288.00,140.00,264.00,140.00
262.00,70.00,285.00,70.00,285.00,142.00,262.00,142.00
265.00,70.00,288.00,70.00,288.00,138.00,265.00,138.00
264.00,69.00,288.00,69.00,288.00,139.00,264.00,139.00
264.00,70.00,288.00,70.00,288.00,142.00,264.00,142.00
265.00,69.00,290.00,69.00,290.00,145.00,265.00,145.00
266.00,67.00,291.00,67.00,291.00,144.00,266.00,144.00
267.00,65.00,292.00,65.00,292.00,142.00,267.00,142.00
269.00,66.00,294.00,66.00,294.00,140.00,269.00,140.00
271.00,65.00,297.00,65.00,297.00,140.00,271.00,140.00
273.00,68.00,298.00,68.00,298.00,139.00,273.00,139.00
274.00,71.00,299.00,71.00,299.00,139.00,274.00,139.00
275.00,70.00,299.00,70.00,299.00,142.00,275.00,142.00
276.00,68.00,301.00,68.00,301.00,139.00,276.00,139.00
277.00,69.00,301.00,69.00,301.00,139.00,277.00,139.00
276.00,69.00,302.00,69.00,302.00,140.00,276.00,140.00
277.00,67.00,302.00,67.00,302.00,141.00,277.00,141.00
279.00,69.00,303.00,69.00,303.00,142.00,279.00,142.00
278.00,66.00,302.00,66.00,302.00,142.00,278.00,142.00
279.00,65.00,304.00,65.00,304.00,140.00,279.00,140.00
280.00,67.00,303.00,67.00,303.00,139.00,280.00,139.00
281.00,67.00,306.00,67.00,306.00,140.00,281.00,140.00
282.00,70.00,307.00,70.00,307.00,141.00,282.00,141.00
282.00,71.00,307.00,71.00,307.00,144.00,282.00,144.00
282.00,70.00,307.00,70.00,307.00,140.00,282.00,140.00
281.00,68.00,305.00,68.00,305.00,139.00,281.00,139.00
280.00,67.00,306.00,67.00,306.00,138.00,280.00,138.00
280.00,66.00,306.00,66.00,306.00,141.00,280.00,141.00
282.00,68.00,306.00,68.00,306.00,143.00,282.00,143.00
282.00,66.00,307.00,66.00,307.00,143.00,282.00,143.00
283.00,64.00,308.00,64.00,308.00,144.00,283.00,144.00
283.00,64.00,309.00,64.00,309.00,142.00,283.00,142.00
285.00,65.00,310.00,65.00,310.00,141.00,285.00,141.00
284.00,66.00,310.00,66.00,310.00,143.00,284.00,143.00
284.00,70.00,310.00,70.00,310.00,143.00,284.00,143.00
285.00,70.00,311.00,70.00,311.00,144.00,285.00,144.00
285.00,69.00,310.00,69.00,310.00,145.00,285.00,145.00
284.00,69.00,310.00,69.00,310.00,144.00,284.00,144.00
284.00,70.00,310.00,70.00,310.00,145.00,284.00,145.00
286.00,71.00,311.00,71.00,311.00,147.00,286.00,147.00
286.00,70.00,311.00,70.00,311.00,147.00,286.00,147.00
286.00,65.00,312.00,65.00,312.00,143.00,286.00,143.00
286.00,66.00,313.00,66.00,313.00,143.00,286.00,143.00
287.00,64.00,314.00,64.00,314.00,142.00,287.00,142.00
288.00,66.00,316.00,66.00,316.00,143.00,288.00,143.00
290.00,69.00,317.00,69.00,317.00,143.00,290.00,143.00
290.00,66.00,317.00,66.00,317.00,143.00,290.00,143.00
289.00,64.00,314.00,64.00,314.00,139.00,289.00,139.00
290.00,61.00,316.00,61.00,316.00,137.00,290.00,137.00
289.00,62.00,314.00,62.00,314.00,138.00,289.00,138.00
288.00,61.00,314.00,61.00,314.00,138.00,288.00,138.00
289.00,60.00,314.00,60.00,314.00,137.00,289.00,137.00
290.00,58.00,315.00,58.00,315.00,140.00,290.00,140.00
290.00,56.00,315.00,56.00,315.00,137.00,290.00,137.00
290.00,56.00,316.00,56.00,316.00,136.00,290.00,136.00
291.00,56.00,317.00,56.00,317.00,137.00,291.00,137.00
292.00,57.00,317.00,57.00,317.00,133.00,292.00,133.00
292.00,58.00,317.00,58.00,317.00,137.00,292.00,137.00
290.00,58.00,315.00,58.00,315.00,138.00,290.00,138.00
290.00,57.00,315.00,57.00,315.00,139.00,290.00,139.00
290.00,57.00,316.00,57.00,316.00,137.00,290.00,137.00
290.00,56.00,316.00,56.00,316.00,136.00,290.00,136.00
289.00,56.00,316.00,56.00,316.00,138.00,289.00,138.00
290.00,58.00,316.00,58.00,316.00,140.00,290.00,140.00
291.00,56.00,317.00,56.00,317.00,142.00,291.00,142.00
291.00,55.00,318.00,55.00,318.00,142.00,291.00,142.00
292.00,55.00,318.00,55.00,318.00,140.00,292.00,140.00
293.00,55.00,320.00,55.00,320.00,138.00,293.00,138.00
294.00,54.00,320.00,54.00,320.00,141.00,294.00,141.00
295.00,58.00,321.00,58.00,321.00,141.00,295.00,141.00
295.00,59.00,321.00,59.00,321.00,146.00,295.00,146.00
295.00,57.00,321.00,57.00,321.00,142.00,295.00,142.00
294.00,58.00,319.00,58.00,319.00,139.00,294.00,139.00
292.00,56.00,319.00,56.00,319.00,139.00,292.00,139.00
293.00,57.00,319.00,57.00,319.00,139.00,293.00,139.00
293.00,57.00,319.00,57.00,319.00,141.00,293.00,141.00
295.00,57.00,321.00,57.00,321.00,145.00,295.00,145.00
294.00,55.00,321.00,55.00,321.00,144.00,294.00,144.00
295.00,52.00,322.00,52.00,322.00,139.00,295.00,139.00
296.00,54.00,323.00,54.00,323.00,138.00,296.00,138.00
298.00,60.00,324.00,60.00,324.00,148.00,298.00,148.00
298.00,59.00,324.00,59.00,324.00,148.00,298.00,148.00
298.00,57.00,323.00,57.00,323.00,147.00,298.00,147.00
297.00,56.00,323.00,56.00,323.00,145.00,297.00,145.00
295.00,56.00,322.00,56.00,322.00,144.00,295.00,144.00
294.00,55.00,321.00,55.00,321.00,141.00,294.00,141.00
293.00,55.00,321.00,55.00,321.00,142.00,293.00,142.00
294.00,58.00,321.00,58.00,321.00,146.00,294.00,146.00
296.00,58.00,322.00,58.00,322.00,146.00,296.00,146.00
295.00,55.00,322.00,55.00,322.00,148.00,295.00,148.00
296.00,53.00,324.00,53.00,324.00,149.00,296.00,149.00
297.00,54.00,324.00,54.00,324.00,141.00,297.00,141.00
299.00,56.00,325.00,56.00,325.00,147.00,299.00,147.00
299.00,60.00,324.00,60.00,324.00,147.00,299.00,147.00
297.00,58.00,323.00,58.00,323.00,147.00,297.00,147.00
297.00,55.00,323.00,55.00,323.00,145.00,297.00,145.00
297.00,55.00,323.00,55.00,323.00,142.00,297.00,142.00
294.00,54.00,323.00,54.00,323.00,144.00,294.00,144.00
296.00,55.00,323.00,55.00,323.00,144.00,296.00,144.00
295.00,57.00,323.00,57.00,323.00,147.00,295.00,147.00
297.00,58.00,324.00,58.00,324.00,148.00,297.00,148.00
297.00,55.00,326.00,55.00,326.00,153.00,297.00,153.00
298.00,58.00,325.00,58.00,325.00,154.00,298.00,154.00
299.00,56.00,327.00,56.00,327.00,150.00,299.00,150.00
301.00,56.00,328.00,56.00,328.00,152.00,301.00,152.00
301.00,60.00,328.00,60.00,328.00,155.00,301.00,155.00
300.00,58.00,326.00,58.00,326.00,150.00,300.00,150.00
300.00,56.00,326.00,56.00,326.00,150.00,300.00,150.00
300.00,57.00,325.00,57.00,325.00,149.00,300.00,149.00
299.00,56.00,326.00,56.00,326.00,146.00,299.00,146.00
298.00,54.00,324.00,54.00,324.00,145.00,298.00,145.00
298.00,55.00,326.00,55.00,326.00,148.00,298.00,148.00
301.00,57.00,327.00,57.00,327.00,148.00,301.00,148.00
300.00,53.00,328.00,53.00,328.00,149.00,300.00,149.00
301.00,52.00,328.00,52.00,328.00,145.00,301.00,145.00
302.00,53.00,329.00,53.00,329.00,147.00,302.00,147.00
302.00,55.00,329.00,55.00,329.00,147.00,302.00,147.00
305.00,59.00,330.00,59.00,330.00,151.00,305.00,151.00
303.00,56.00,330.00,56.00,330.00,152.00,303.00,152.00
303.00,55.00,330.00,55.00,330.00,150.00,303.00,150.00
303.00,52.00,330.00,52.00,330.00,143.00,303.00,143.00
302.00,53.00,330.00,53.00,330.00,145.00,302.00,145.00
302.00,54.00,330.00,54.00,330.00,149.00,302.00,149.00
303.00,58.00,329.00,58.00,329.00,149.00,303.00,149.00
303.00,59.00,330.00,59.00,330.00,154.00,303.00,154.00
304.00,57.00,330.00,57.00,330.00,151.00,304.00,151.00
304.00,56.00,331.00,56.00,331.00,147.00,304.00,147.00
307.00,57.00,333.00,57.00,333.00,149.00,307.00,149.00
306.00,58.00,332.00,58.00,332.00,151.00,306.00,151.00
307.00,58.00,332.00,58.00,332.00,151.00,307.00,151.00
306.00,58.00,333.00,58.00,333.00,153.00,306.00,153.00
306.00,56.00,332.00,56.00,332.00,152.00,306.00,152.00
306.00,54.00,333.00,54.00,333.00,150.00,306.00,150.00
305.00,56.00,332.00,56.00,332.00,149.00,305.00,149.00
303.00,57.00,331.00,57.00,331.00,148.00,303.00,148.00
306.00,58.00,331.00,58.00,331.00,150.00,306.00,150.00
307.00,57.00,332.00,57.00,332.00,146.00,307.00,146.00
307.00,56.00,332.00,56.00,332.00,149.00,307.00,149.00
307.00,59.00,332.00,59.00,332.00,150.00,307.00,150.00
307.00,57.00,333.00,57.00,333.00,148.00,307.00,148.00
307.00,57.00,333.00,57.00,333.00,153.00,307.00,153.00
307.00,57.00,331.00,57.00,331.00,150.00,307.00,150.00
305.00,60.00,330.00,60.00,330.00,151.00,305.00,151.00
305.00,61.00,330.00,61.00,330.00,153.00,305.00,153.00
304.00,58.00,330.00,58.00,330.00,148.00,304.00,148.00
304.00,55.00,331.00,55.00,331.00,148.00,304.00,148.00
304.00,58.00,330.00,58.00,330.00,151.00,304.00,151.00
305.00,59.00,331.00,59.00,331.00,151.00,305.00,151.00
306.00,64.00,330.00,64.00,330.00,155.00,306.00,155.00
306.00,63.00,330.00,63.00,330.00,156.00,306.00,156.00
306.00,61.00,330.00,61.00,330.00,154.00,306.00,154.00
307.00,59.00,332.00,59.00,332.00,153.00,307.00,153.00
307.00,58.00,332.00,58.00,332.00,154.00,307.00,154.00
306.00,64.00,331.00,64.00,331.00,156.00,306.00,156.00
304.00,67.00,330.00,67.00,330.00,159.00,304.00,159.00
306.00,66.00,331.00,66.00,331.00,160.00,306.00,160.00
306.00,62.00,331.00,62.00,331.00,156.00,306.00,156.00
306.00,62.00,332.00,62.00,332.00,156.00,306.00,156.00
304.00,62.00,330.00,62.00,330.00,155.00,304.00,155.00
308.00,59.00,332.00,59.00,332.00,151.00,308.00,151.00
309.00,58.00,333.00,58.00,333.00,154.00,309.00,154.00
308.00,56.00,332.00,56.00,332.00,145.00,308.00,145.00
309.00,59.00,334.00,59.00,334.00,150.00,309.00,150.00
309.00,57.00,333.00,57.00,333.00,153.00,309.00,153.00
307.00,61.00,332.00,61.00,332.00,160.00,307.00,160.00
305.00,61.00,330.00,61.00,330.00,158.00,305.00,158.00
306.00,65.00,331.00,65.00,331.00,157.00,306.00,157.00
306.00,64.00,331.00,64.00,331.00,150.00,306.00,150.00
305.00,63.00,331.00,63.00,331.00,152.00,305.00,152.00
303.00,61.00,330.00,61.00,330.00,150.00,303.00,150.00
305.00,62.00,330.00,62.00,330.00,151.00,305.00,151.00
305.00,65.00,329.00,65.00,329.00,149.00,305.00,149.00
307.00,66.00,332.00,66.00,332.00,159.00,307.00,159.00
307.00,67.00,332.00,67.00,332.00,159.00,307.00,159.00
307.00,66.00,332.00,66.00,332.00,158.00,307.00,158.00
307.00,61.00,334.00,61.00,334.00,160.00,307.00,160.00
305.00,65.00,332.00,65.00,332.00,161.00,305.00,161.00
307.00,64.00,332.00,64.00,332.00,154.00,307.00,154.00
303.00,68.00,329.00,68.00,329.00,155.00,303.00,155.00
303.00,63.00,330.00,63.00,330.00,153.00,303.00,153.00
302.00,62.00,330.00,62.00,330.00,152.00,302.00,152.00
301.00,65.00,330.00,65.00,330.00,159.00,301.00,159.00
302.00,69.00,329.00,69.00,329.00,161.00,302.00,161.00
304.00,68.00,331.00,68.00,331.00,165.00,304.00,165.00
303.00,64.00,330.00,64.00,330.00,161.00,303.00,161.00
302.00,64.00,330.00,64.00,330.00,159.00,302.00,159.00
302.00,68.00,330.00,68.00,330.00,167.00,302.00,167.00
301.00,66.00,330.00,66.00,330.00,165.00,301.00,165.00
301.00,65.00,330.00,65.00,330.00,165.00,301.00,165.00
302.00,69.00,331.00,69.00,331.00,166.00,302.00,166.00
299.00,67.00,328.00,67.00,328.00,161.00,299.00,161.00
298.00,64.00,327.00,64.00,327.00,160.00,298.00,160.00
294.00,63.00,324.00,63.00,324.00,158.00,294.00,158.00
292.00,66.00,322.00,66.00,322.00,164.00,292.00,164.00
291.00,66.00,320.00,66.00,320.00,164.00,291.00,164.00
290.00,65.00,319.00,65.00,319.00,169.00,290.00,169.00
290.00,63.00,320.00,63.00,320.00,168.00,290.00,168.00
288.00,61.00,319.00,61.00,319.00,167.00,288.00,167.00
288.00,61.00,319.00,61.00,319.00,159.00,288.00,159.00
288.00,63.00,320.00,63.00,320.00,168.00,288.00,168.00
288.00,63.00,320.00,63.00,320.00,172.00,288.00,172.00
287.00,66.00,319.00,66.00,319.00,170.00,287.00,170.00
285.00,70.00,318.00,70.00,318.00,172.00,285.00,172.00
283.00,66.00,317.00,66.00,317.00,169.00,283.00,169.00
280.00,65.00,313.00,65.00,313.00,170.00,280.00,170.00
275.00,63.00,310.00,63.00,310.00,172.00,275.00,172.00
275.00,66.00,308.00,66.00,308.00,177.00,275.00,177.00
277.00,67.00,308.00,67.00,308.00,181.00,277.00,181.00
277.00,67.00,308.00,67.00,308.00,186.00,277.00,186.00
275.00,64.00,309.00,64.00,309.00,183.00,275.00,183.00
276.00,63.00,309.00,63.00,309.00,180.00,276.00,180.00
279.00,63.00,312.00,63.00,312.00,184.00,279.00,184.00
279.00,63.00,313.00,63.00,313.00,183.00,279.00,183.00
279.00,67.00,314.00,67.00,314.00,174.00,279.00,174.00
279.00,66.00,311.00,66.00,311.00,168.00,279.00,168.00
276.00,65.00,309.00,65.00,309.00,171.00,276.00,171.00
273.00,66.00,305.00,66.00,305.00,173.00,273.00,173.00
274.00,64.00,307.00,64.00,307.00,164.00,274.00,164.00
271.00,64.00,301.00,64.00,301.00,170.00,271.00,170.00
272.00,66.00,303.00,66.00,303.00,176.00,272.00,176.00
272.00,69.00,303.00,69.00,303.00,177.00,272.00,177.00
273.00,69.00,305.00,69.00,305.00,183.00,273.00,183.00
270.00,65.00,303.00,65.00,303.00,183.00,270.00,183.00
271.00,67.00,304.00,67.00,304.00,184.00,271.00,184.00
268.00,66.00,303.00,66.00,303.00,189.00,268.00,189.00
268.00,73.00,303.00,73.00,303.00,184.00,268.00,184.00
270.00,75.00,302.00,75.00,302.00,179.00,270.00,179.00
267.00,74.00,300.00,74.00,300.00,178.00,267.00,178.00
267.00,69.00,300.00,69.00,300.00,175.00,267.00,175.00
264.00,63.00,295.00,63.00,295.00,178.00,264.00,178.00
266.00,60.00,297.00,60.00,297.00,180.00,266.00,180.00
264.00,58.00,296.00,58.00,296.00,182.00,264.00,182.00
265.00,62.00,297.00,62.00,297.00,191.00,265.00,191.00
265.00,63.00,298.00,63.00,298.00,192.00,265.00,192.00
266.00,59.00,299.00,59.00,299.00,193.00,266.00,193.00
264.00,58.00,299.00,58.00,299.00,204.00,264.00,204.00
266.00,59.00,302.00,59.00,302.00,202.00,266.00,202.00
264.00,61.00,301.00,61.00,301.00,200.00,264.00,200.00
266.00,69.00,301.00,69.00,301.00,195.00,266.00,195.00
266.00,70.00,303.00,70.00,303.00,197.00,266.00,197.00
266.00,67.00,301.00,67.00,301.00,199.00,266.00,199.00
262.00,63.00,298.00,63.00,298.00,197.00,262.00,197.00
261.00,63.00,296.00,63.00,296.00,204.00,261.00,204.00
261.00,57.00,297.00,57.00,297.00,200.00,261.00,200.00
263.00,60.00,299.00,60.00,299.00,205.00,263.00,205.00
263.00,59.00,301.00,59.00,301.00,205.00,263.00,205.00
265.00,55.00,305.00,55.00,305.00,205.00,265.00,205.00
266.00,56.00,305.00,56.00,305.00,205.00,266.00,205.00
268.00,56.00,307.00,56.00,307.00,207.00,268.00,207.00
268.00,57.00,307.00,57.00,307.00,216.00,268.00,216.00
269.00,62.00,307.00,62.00,307.00,205.00,269.00,205.00
269.00,64.00,309.00,64.00,309.00,200.00,269.00,200.00
268.00,66.00,308.00,66.00,308.00,210.00,268.00,210.00
269.00,62.00,309.00,62.00,309.00,206.00,269.00,206.00
267.00,63.00,307.00,63.00,307.00,205.00,267.00,205.00
269.00,60.00,307.00,60.00,307.00,205.00,269.00,205.00
270.00,63.00,306.00,63.00,306.00,202.00,270.00,202.00
269.00,61.00,306.00,61.00,306.00,212.00,269.00,212.00
271.00,61.00,312.00,61.00,312.00,215.00,271.00,215.00
272.00,57.00,315.00,57.00,315.00,219.00,272.00,219.00
274.00,59.00,316.00,59.00,316.00,218.00,274.00,218.00
276.00,59.00,319.00,59.00,319.00,220.00,276.00,220.00
277.00,63.00,320.00,63.00,320.00,221.00,277.00,221.00
276.00,67.00,319.00,67.00,319.00,219.00,276.00,219.00
278.00,66.00,321.00,66.00,321.00,216.00,278.00,216.00
276.00,65.00,318.00,65.00,318.00,221.00,276.00,221.00
275.00,64.00,318.00,64.00,318.00,214.00,275.00,214.00
275.00,61.00,317.00,61.00,317.00,210.00,275.00,210.00
278.00,64.00,316.00,64.00,316.00,209.00,278.00,209.00
279.00,65.00,317.00,65.00,317.00,211.00,279.00,211.00
280.00,63.00,320.00,63.00,320.00,211.00,280.00,211.00
280.00,62.00,323.00,62.00,323.00,220.00,280.00,220.00
282.00,60.00,326.00,60.00,326.00,222.00,282.00,222.00
285.00,58.00,331.00,58.00,331.00,217.00,285.00,217.00
288.00,59.00,332.00,59.00,332.00,221.00,288.00,221.00
288.00,64.00,336.00,64.00,336.00,227.00,288.00,227.00
288.00,67.00,334.00,67.00,334.00,220.00,288.00,220.00
287.00,64.00,332.00,64.00,332.00,215.00,287.00,215.00
287.00,61.00,333.00,61.00,333.00,215.00,287.00,215.00
287.00,65.00,332.00,65.00,332.00,214.00,287.00,214.00
288.00,59.00,331.00,59.00,331.00,212.00,288.00,212.00
288.00,61.00,329.00,61.00,329.00,209.00,288.00,209.00
291.00,61.00,331.00,61.00,331.00,212.00,291.00,212.00
290.00,62.00,333.00,62.00,333.00,215.00,290.00,215.00
292.00,54.00,339.00,54.00,339.00,224.00,292.00,224.00
294.00,50.00,340.00,50.00,340.00,218.00,294.00,218.00
299.00,52.00,344.00,52.00,344.00,224.00,299.00,224.00
301.00,50.00,345.00,50.00,345.00,221.00,301.00,221.00
303.00,60.00,347.00,60.00,347.00,222.00,303.00,222.00
307.00,64.00,351.00,64.00,351.00,227.00,307.00,227.00
303.00,61.00,346.00,61.00,346.00,222.00,303.00,222.00
301.00,59.00,344.00,59.00,344.00,217.00,301.00,217.00
298.00,61.00,343.00,61.00,343.00,215.00,298.00,215.00
297.00,55.00,340.00,55.00,340.00,211.00,297.00,211.00
298.00,62.00,338.00,62.00,338.00,216.00,298.00,216.00
298.00,54.00,338.00,54.00,338.00,219.00,298.00,219.00
295.00,58.00,342.00,58.00,342.00,228.00,295.00,228.00
295.00,52.00,343.00,52.00,343.00,234.00,295.00,234.00
297.00,51.00,344.00,51.00,344.00,226.00,297.00,226.00
299.00,47.00,347.00,47.00,347.00,227.00,299.00,227.00
300.00,46.00,346.00,46.00,346.00,231.00,300.00,231.00
298.00,53.00,347.00,53.00,347.00,227.00,298.00,227.00
298.00,53.00,344.00,53.00,344.00,220.00,298.00,220.00
292.00,48.00,341.00,48.00,341.00,222.00,292.00,222.00
291.00,51.00,338.00,51.00,338.00,230.00,291.00,230.00
290.00,44.00,337.00,44.00,337.00,218.00,290.00,218.00
289.00,49.00,333.00,49.00,333.00,218.00,289.00,218.00
287.00,50.00,332.00,50.00,332.00,222.00,287.00,222.00
293.00,49.00,337.00,49.00,337.00,229.00,293.00,229.00
291.00,51.00,340.00,51.00,340.00,237.00,291.00,237.00
292.00,44.00,343.00,44.00,343.00,238.00,292.00,238.00
294.00,46.00,346.00,46.00,346.00,236.00,294.00,236.00
297.00,43.00,346.00,43.00,346.00,233.00,297.00,233.00
296.00,48.00,347.00,48.00,347.00,239.00,296.00,239.00
300.00,55.00,348.00,55.00,348.00,230.00,300.00,230.00
295.00,53.00,346.00,53.00,346.00,230.00,295.00,230.00
294.00,50.00,345.00,50.00,345.00,230.00,294.00,230.00
293.00,48.00,343.00,48.00,343.00,226.00,293.00,226.00
294.00,46.00,344.00,46.00,344.00,222.00,294.00,222.00
291.00,42.00,341.00,42.00,341.00,218.00,291.00,218.00
291.00,40.00,339.00,40.00,339.00,224.00,291.00,224.00
293.00,43.00,343.00,43.00,343.00,235.00,293.00,235.00
292.00,42.00,348.00,42.00,348.00,236.00,292.00,236.00
294.00,40.00,349.00,40.00,349.00,242.00,294.00,242.00
295.00,40.00,353.00,40.00,353.00,250.00,295.00,250.00
298.00,38.00,353.00,38.00,353.00,246.00,298.00,246.00
300.00,46.00,354.00,46.00,354.00,246.00,300.00,246.00
300.00,50.00,356.00,50.00,356.00,244.00,300.00,244.00
302.00,53.00,356.00,53.00,356.00,243.00,302.00,243.00
296.00,48.00,352.00,48.00,352.00,242.00,296.00,242.00
300.00,45.00,353.00,45.00,353.00,234.00,300.00,234.00
298.00,40.00,352.00,40.00,352.00,230.00,298.00,230.00
299.00,47.00,351.00,47.00,351.00,236.00,299.00,236.00
300.00,46.00,353.00,46.00,353.00,240.00,300.00,240.00
298.00,50.00,354.00,50.00,354.00,251.00,298.00,251.00
299.00,45.00,359.00,45.00,359.00,250.00,299.00,250.00
301.00,37.00,361.00,37.00,361.00,251.00,301.00,251.00
303.00,36.00,363.00,36.00,363.00,251.00,303.00,251.00
309.00,37.00,366.00,37.00,366.00,252.00,309.00,252.00
310.00,40.00,371.00,40.00,371.00,250.00,310.00,250.00
312.00,53.00,371.00,53.00,371.00,246.00,312.00,246.00
315.00,54.00,371.00,54.00,371.00,243.00,315.00,243.00
313.00,46.00,369.00,46.00,369.00,241.00,313.00,241.00
310.00,43.00,368.00,43.00,368.00,237.00,310.00,237.00
309.00,46.00,370.00,46.00,370.00,238.00,309.00,238.00
309.00,47.00,368.00,47.00,368.00,246.00,309.00,246.00
310.00,47.00,367.00,47.00,367.00,244.00,310.00,244.00
313.00,55.00,371.00,55.00,371.00,257.00,313.00,257.00
311.00,45.00,378.00,45.00,378.00,258.00,311.00,258.00
313.00,38.00,380.00,38.00,380.00,263.00,313.00,263.00
316.00,39.00,384.00,39.00,384.00,267.00,316.00,267.00
314.00,39.00,384.00,39.00,384.00,266.00,314.00,266.00
314.00,45.00,382.00,45.00,382.00,270.00,314.00,270.00
317.00,51.00,384.00,51.00,384.00,259.00,317.00,259.00
314.00,54.00,379.00,54.00,379.00,258.00,314.00,258.00
315.00,50.00,379.00,50.00,379.00,258.00,315.00,258.00
311.00,47.00,379.00,47.00,379.00,252.00,311.00,252.00
310.00,45.00,375.00,45.00,375.00,252.00,310.00,252.00
306.00,43.00,370.00,43.00,370.00,258.00,306.00,258.00
300.00,50.00,366.00,50.00,366.00,258.00,300.00,258.00
303.00,54.00,368.00,54.00,368.00,266.00,303.00,266.00
302.00,50.00,372.00,50.00,372.00,275.00,302.00,275.00
296.00,45.00,368.00,45.00,368.00,271.00,296.00,271.00
296.00,44.00,370.00,44.00,370.00,274.00,296.00,274.00
295.00,42.00,370.00,42.00,370.00,278.00,295.00,278.00
299.00,52.00,369.00,52.00,369.00,274.00,299.00,274.00
293.00,54.00,363.00,54.00,363.00,270.00,293.00,270.00
294.00,56.00,362.00,56.00,362.00,262.00,294.00,262.00
289.00,52.00,360.00,52.00,360.00,257.00,289.00,257.00
289.00,53.00,360.00,53.00,360.00,263.00,289.00,263.00
287.00,56.00,358.00,56.00,358.00,262.00,287.00,262.00
283.00,56.00,353.00,56.00,353.00,263.00,283.00,263.00
279.00,63.00,350.00,63.00,350.00,269.00,279.00,269.00
281.00,60.00,350.00,60.00,350.00,266.00,281.00,266.00
287.00,57.00,361.00,57.00,361.00,266.00,287.00,266.00
285.00,47.00,361.00,47.00,361.00,260.00,285.00,260.00
280.00,50.00,358.00,50.00,358.00,267.00,280.00,267.00
285.00,47.00,360.00,47.00,360.00,262.00,285.00,262.00
289.00,51.00,366.00,51.00,366.00,275.00,289.00,275.00
289.00,49.00,363.00,49.00,363.00,269.00,289.00,269.00
295.00,57.00,366.00,57.00,366.00,264.00,295.00,264.00
297.00,59.00,368.00,59.00,368.00,262.00,297.00,262.00
297.00,61.00,369.00,61.00,369.00,262.00,297.00,262.00
297.00,56.00,368.00,56.00,368.00,258.00,297.00,258.00
293.00,53.00,361.00,53.00,361.00,264.00,293.00,264.00
281.00,45.00,353.00,45.00,353.00,262.00,281.00,262.00
277.00,52.00,357.00,52.00,357.00,269.00,277.00,269.00
278.00,52.00,355.00,52.00,355.00,274.00,278.00,274.00
279.00,45.00,349.00,45.00,349.00,249.00,279.00,249.00
277.00,46.00,350.00,46.00,350.00,254.00,277.00,254.00
277.00,50.00,350.00,50.00,350.00,258.00,277.00,258.00
279.00,51.00,352.00,51.00,352.00,269.00,279.00,269.00
273.00,52.00,350.00,52.00,350.00,273.00,273.00,273.00
272.00,45.00,347.00,45.00,347.00,264.00,272.00,264.00
265.00,51.00,341.00,51.00,341.00,266.00,265.00,266.00
264.00,49.00,338.00,49.00,338.00,258.00,264.00,258.00
262.00,48.00,337.00,48.00,337.00,258.00,262.00,258.00
261.00,46.00,333.00,46.00,333.00,255.00,261.00,255.00
268.00,48.00,341.00,48.00,341.00,250.00,268.00,250.00
268.00,53.00,341.00,53.00,341.00,249.00,268.00,249.00
265.00,59.00,342.00,59.00,342.00,256.00,265.00,256.00
261.00,52.00,342.00,52.00,342.00,259.00,261.00,259.00
261.00,43.00,341.00,43.00,341.00,250.00,261.00,250.00
261.00,45.00,342.00,45.00,342.00,253.00,261.00,253.00
260.00,48.00,338.00,48.00,338.00,259.00,260.00,259.00
254.00,54.00,333.00,54.00,333.00,264.00,254.00,264.00
250.00,65.00,332.00,65.00,332.00,264.00,250.00,264.00
237.00,72.00,323.00,72.00,323.00,263.00,237.00,263.00
219.00,69.00,303.00,69.00,303.00,257.00,219.00,257.00
207.00,67.00,283.00,67.00,283.00,246.00,207.00,246.00
202.00,63.00,276.00,63.00,276.00,240.00,202.00,240.00
196.00,70.00,264.00,70.00,264.00,253.00,196.00,253.00
195.00,93.00,263.00,93.00,263.00,274.00,195.00,274.00
200.00,86.00,262.00,86.00,262.00,263.00,200.00,263.00
206.00,85.00,270.00,85.00,270.00,260.00,206.00,260.00
213.00,85.00,281.00,85.00,281.00,250.00,213.00,250.00
227.00,82.00,302.00,82.00,302.00,255.00,227.00,255.00
236.00,87.00,316.00,87.00,316.00,266.00,236.00,266.00
251.00,88.00,324.00,88.00,324.00,267.00,251.00,267.00
265.00,92.00,332.00,92.00,332.00,267.00,265.00,267.00
284.00,105.00,354.00,105.00,354.00,282.00,284.00,282.00
283.00,99.00,349.00,99.00,349.00,284.00,283.00,284.00
274.00,94.00,339.00,94.00,339.00,270.00,274.00,270.00
277.00,93.00,340.00,93.00,340.00,278.00,277.00,278.00
277.00,93.00,336.00,93.00,336.00,282.00,277.00,282.00
277.00,92.00,335.00,92.00,335.00,284.00,277.00,284.00
271.00,106.00,337.00,106.00,337.00,300.00,271.00,300.00
263.00,97.00,330.00,97.00,330.00,270.00,263.00,270.00
270.00,95.00,335.00,95.00,335.00,288.00,270.00,288.00
263.00,87.00,326.00,87.00,326.00,281.00,263.00,281.00
259.00,95.00,320.00,95.00,320.00,274.00,259.00,274.00
265.00,98.00,328.00,98.00,328.00,268.00,265.00,268.00
284.00,112.00,340.00,112.00,340.00,287.00,284.00,287.00
284.00,109.00,344.00,109.00,344.00,277.00,284.00,277.00
279.00,112.00,338.00,112.00,338.00,263.00,279.00,263.00
297.00,114.00,359.00,114.00,359.00,278.00,297.00,278.00
312.00,110.00,372.00,110.00,372.00,294.00,312.00,294.00
302.00,102.00,368.00,102.00,368.00,278.00,302.00,278.00
307.00,109.00,360.00,109.00,360.00,291.00,307.00,291.00
313.00,111.00,361.00,111.00,361.00,288.00,313.00,288.00
309.00,116.00,366.00,116.00,366.00,283.00,309.00,283.00
314.00,114.00,374.00,114.00,374.00,282.00,314.00,282.00
315.00,110.00,370.00,110.00,370.00,277.00,315.00,277.00
315.00,96.00,370.00,96.00,370.00,262.00,315.00,262.00
311.00,104.00,366.00,104.00,366.00,270.00,311.00,270.00
309.00,110.00,363.00,110.00,363.00,279.00,309.00,279.00
313.00,113.00,368.00,113.00,368.00,281.00,313.00,281.00
315.00,117.00,370.00,117.00,370.00,275.00,315.00,275.00
314.00,118.00,368.00,118.00,368.00,276.00,314.00,276.00
308.00,118.00,361.00,118.00,361.00,271.00,308.00,271.00
304.00,116.00,356.00,116.00,356.00,271.00,304.00,271.00
297.00,116.00,347.00,116.00,347.00,272.00,297.00,272.00
296.00,123.00,347.00,123.00,347.00,280.00,296.00,280.00
294.00,132.00,346.00,132.00,346.00,280.00,294.00,280.00
290.00,129.00,339.00,129.00,339.00,271.00,290.00,271.00
283.00,119.00,334.00,119.00,334.00,261.00,283.00,261.00
277.00,116.00,326.00,116.00,326.00,258.00,277.00,258.00
274.00,120.00,323.00,120.00,323.00,259.00,274.00,259.00
275.00,122.00,321.00,122.00,321.00,260.00,275.00,260.00
274.00,125.00,323.00,125.00,323.00,262.00,274.00,262.00
278.00,127.00,327.00,127.00,327.00,264.00,278.00,264.00
276.00,137.00,322.00,137.00,322.00,271.00,276.00,271.00
272.00,131.00,316.00,131.00,316.00,257.00,272.00,257.00
271.00,130.00,314.00,130.00,314.00,262.00,271.00,262.00
270.00,138.00,312.00,138.00,312.00,265.00,270.00,265.00
274.00,133.00,316.00,133.00,316.00,266.00,274.00,266.00
280.00,145.00,319.00,145.00,319.00,272.00,280.00,272.00
284.00,140.00,323.00,140.00,323.00,268.00,284.00,268.00
281.00,129.00,319.00,129.00,319.00,257.00,281.00,257.00
280.00,135.00,318.00,135.00,318.00,264.00,280.00,264.00
278.00,132.00,315.00,132.00,315.00,263.00,278.00,263.00
281.00,135.00,318.00,135.00,318.00,263.00,281.00,263.00
284.00,148.00,322.00,148.00,322.00,267.00,284.00,267.00
289.00,151.00,325.00,151.00,325.00,270.00,289.00,270.00
294.00,144.00,331.00,144.00,331.00,268.00,294.00,268.00
288.00,137.00,335.00,137.00,335.00,272.00,288.00,272.00
296.00,147.00,328.00,147.00,328.00,264.00,296.00,264.00
298.00,144.00,331.00,144.00,331.00,264.00,298.00,264.00
297.00,149.00,330.00,149.00,330.00,264.00,297.00,264.00
296.00,153.00,330.00,153.00,330.00,266.00,296.00,266.00
299.00,155.00,333.00,155.00,333.00,268.00,299.00,268.00
303.00,160.00,335.00,160.00,335.00,269.00,303.00,269.00
302.00,151.00,334.00,151.00,334.00,262.00,302.00,262.00
301.00,153.00,333.00,153.00,333.00,266.00,301.00,266.00
297.00,148.00,329.00,148.00,329.00,261.00,297.00,261.00
298.00,155.00,329.00,155.00,329.00,261.00,298.00,261.00
295.00,158.00,327.00,158.00,327.00,265.00,295.00,265.00
296.00,160.00,327.00,160.00,327.00,270.00,296.00,270.00
295.00,165.00,327.00,165.00,327.00,271.00,295.00,271.00
293.00,159.00,325.00,159.00,325.00,267.00,293.00,267.00
287.00,162.00,318.00,162.00,318.00,261.00,287.00,261.00
285.00,152.00,325.00,152.00,325.00,270.00,285.00,270.00
285.00,157.00,318.00,157.00,318.00,256.00,285.00,256.00
283.00,152.00,318.00,152.00,318.00,254.00,283.00,254.00
286.00,158.00,320.00,158.00,320.00,259.00,286.00,259.00
285.00,155.00,322.00,155.00,322.00,256.00,285.00,256.00
284.00,154.00,324.00,154.00,324.00,269.00,284.00,269.00
288.00,157.00,324.00,157.00,324.00,255.00,288.00,255.00
287.00,148.00,325.00,148.00,325.00,258.00,287.00,258.00
292.00,156.00,327.00,156.00,327.00,248.00,292.00,248.00
290.00,160.00,324.00,160.00,324.00,251.00,290.00,251.00
287.00,155.00,325.00,155.00,325.00,263.00,287.00,263.00
289.00,162.00,324.00,162.00,324.00,249.00,289.00,249.00
289.00,160.00,322.00,160.00,322.00,249.00,289.00,249.00
286.00,162.00,320.00,162.00,320.00,256.00,286.00,256.00
289.00,163.00,322.00,163.00,322.00,256.00,289.00,256.00
288.00,162.00,323.00,162.00,323.00,254.00,288.00,254.00
286.00,162.00,321.00,162.00,321.00,252.00,286.00,252.00
286.00,159.00,323.00,159.00,323.00,251.00,286.00,251.00
290.00,161.00,326.00,161.00,326.00,252.00,290.00,252.00
286.00,157.00,323.00,157.00,323.00,250.00,286.00,250.00
286.00,155.00,324.00,155.00,324.00,252.00,286.00,252.00
284.00,154.00,322.00,154.00,322.00,251.00,284.00,251.00
285.00,156.00,323.00,156.00,323.00,254.00,285.00,254.00
285.00,156.00,322.00,156.00,322.00,253.00,285.00,253.00
286.00,154.00,323.00,154.00,323.00,252.00,286.00,252.00
285.00,154.00,323.00,154.00,323.00,252.00,285.00,252.00
283.00,152.00,322.00,152.00,322.00,251.00,283.00,251.00
284.00,155.00,323.00,155.00,323.00,255.00,284.00,255.00
282.00,153.00,320.00,153.00,320.00,254.00,282.00,254.00
281.00,150.00,320.00,150.00,320.00,255.00,281.00,255.00
278.00,147.00,314.00,147.00,314.00,252.00,278.00,252.00
277.00,145.00,319.00,145.00,319.00,262.00,277.00,262.00
280.00,150.00,322.00,150.00,322.00,255.00,280.00,255.00
277.00,149.00,314.00,149.00,314.00,256.00,277.00,256.00
274.00,148.00,309.00,148.00,309.00,256.00,274.00,256.00
273.00,150.00,308.00,150.00,308.00,258.00,273.00,258.00
271.00,149.00,305.00,149.00,305.00,259.00,271.00,259.00
269.00,146.00,304.00,146.00,304.00,259.00,269.00,259.00
267.00,148.00,303.00,148.00,303.00,260.00,267.00,260.00
268.00,144.00,308.00,144.00,308.00,261.00,268.00,261.00
260.00,146.00,299.00,146.00,299.00,261.00,260.00,261.00
263.00,147.00,303.00,147.00,303.00,262.00,263.00,262.00
265.00,147.00,304.00,147.00,304.00,259.00,265.00,259.00
254.00,145.00,290.00,145.00,290.00,256.00,254.00,256.00
253.00,149.00,288.00,149.00,288.00,257.00,253.00,257.00
252.00,153.00,287.00,153.00,287.00,260.00,252.00,260.00
249.00,153.00,284.00,153.00,284.00,257.00,249.00,257.00
249.00,155.00,284.00,155.00,284.00,257.00,249.00,257.00
248.00,155.00,283.00,155.00,283.00,256.00,248.00,256.00
245.00,154.00,281.00,154.00,281.00,255.00,245.00,255.00
244.00,153.00,278.00,153.00,278.00,254.00,244.00,254.00
241.00,155.00,276.00,155.00,276.00,256.00,241.00,256.00
233.00,150.00,273.00,150.00,273.00,266.00,233.00,266.00
235.00,153.00,272.00,153.00,272.00,253.00,235.00,253.00
235.00,155.00,271.00,155.00,271.00,253.00,235.00,253.00
234.00,157.00,270.00,157.00,270.00,255.00,234.00,255.00
230.00,154.00,264.00,154.00,264.00,251.00,230.00,251.00
226.00,151.00,264.00,151.00,264.00,264.00,226.00,264.00
228.00,158.00,261.00,158.00,261.00,253.00,228.00,253.00
225.00,159.00,258.00,159.00,258.00,254.00,225.00,254.00
224.00,156.00,257.00,156.00,257.00,250.00,224.00,250.00
221.00,157.00,254.00,157.00,254.00,251.00,221.00,251.00
215.00,156.00,250.00,156.00,250.00,249.00,215.00,249.00
213.00,160.00,250.00,160.00,250.00,251.00,213.00,251.00
212.00,161.00,248.00,161.00,248.00,254.00,212.00,254.00
210.00,149.00,247.00,149.00,247.00,258.00,210.00,258.00
210.00,155.00,247.00,155.00,247.00,263.00,210.00,263.00
204.00,148.00,242.00,148.00,242.00,258.00,204.00,258.00
202.00,156.00,235.00,156.00,235.00,248.00,202.00,248.00
199.00,158.00,231.00,158.00,231.00,250.00,199.00,250.00
197.00,152.00,235.00,152.00,235.00,261.00,197.00,261.00
192.00,156.00,228.00,156.00,228.00,254.00,192.00,254.00
193.00,160.00,227.00,160.00,227.00,255.00,193.00,255.00
193.00,163.00,227.00,163.00,227.00,258.00,193.00,258.00
191.00,166.00,226.00,166.00,226.00,261.00,191.00,261.00
192.00,162.00,226.00,162.00,226.00,260.00,192.00,260.00
188.00,163.00,222.00,163.00,222.00,257.00,188.00,257.00
187.00,160.00,219.00,160.00,219.00,252.00,187.00,252.00
184.00,161.00,216.00,161.00,216.00,252.00,184.00,252.00
181.00,164.00,212.00,164.00,212.00,253.00,181.00,253.00
180.00,162.00,211.00,162.00,211.00,251.00,180.00,251.00
178.00,166.00,209.00,166.00,209.00,253.00,178.00,253.00
176.00,163.00,206.00,163.00,206.00,250.00,176.00,250.00
175.00,165.00,205.00,165.00,205.00,252.00,175.00,252.00
173.00,167.00,205.00,167.00,205.00,254.00,173.00,254.00
173.00,164.00,205.00,164.00,205.00,253.00,173.00,253.00
171.00,162.00,201.00,162.00,201.00,251.00,171.00,251.00
170.00,159.00,199.00,159.00,199.00,248.00,170.00,248.00
169.00,161.00,198.00,161.00,198.00,250.00,169.00,250.00
168.00,162.00,198.00,162.00,198.00,251.00,168.00,251.00
166.00,160.00,197.00,160.00,197.00,252.00,166.00,252.00
163.00,162.00,196.00,162.00,196.00,253.00,163.00,253.00
162.00,162.00,196.00,162.00,196.00,254.00,162.00,254.00
158.00,162.00,194.00,162.00,194.00,254.00,158.00,254.00
160.00,161.00,196.00,161.00,196.00,264.00,160.00,264.00
158.00,166.00,193.00,166.00,193.00,256.00,158.00,256.00
151.00,163.00,186.00,163.00,186.00,257.00,151.00,257.00
156.00,161.00,191.00,161.00,191.00,255.00,156.00,255.00
154.00,160.00,188.00,160.00,188.00,253.00,154.00,253.00
152.00,160.00,186.00,160.00,186.00,254.00,152.00,254.00
151.00,156.00,185.00,156.00,185.00,253.00,151.00,253.00
153.00,163.00,187.00,163.00,187.00,256.00,153.00,256.00
151.00,164.00,185.00,164.00,185.00,258.00,151.00,258.00
152.00,163.00,184.00,163.00,184.00,257.00,152.00,257.00
153.00,162.00,185.00,162.00,185.00,257.00,153.00,257.00
152.00,163.00,185.00,163.00,185.00,258.00,152.00,258.00
154.00,160.00,187.00,160.00,187.00,255.00,154.00,255.00
151.00,164.00,184.00,164.00,184.00,258.00,151.00,258.00
151.00,161.00,183.00,161.00,183.00,257.00,151.00,257.00
151.00,160.00,182.00,160.00,182.00,253.00,151.00,253.00
152.00,163.00,183.00,163.00,183.00,256.00,152.00,256.00
152.00,162.00,183.00,162.00,183.00,255.00,152.00,255.00
153.00,162.00,184.00,162.00,184.00,255.00,153.00,255.00
153.00,161.00,183.00,161.00,183.00,254.00,153.00,254.00
154.00,161.00,187.00,161.00,187.00,256.00,154.00,256.00
152.00,160.00,184.00,160.00,184.00,256.00,152.00,256.00
153.00,161.00,187.00,161.00,187.00,256.00,153.00,256.00
153.00,164.00,188.00,164.00,188.00,259.00,153.00,259.00
154.00,159.00,187.00,159.00,187.00,256.00,154.00,256.00
154.00,162.00,187.00,162.00,187.00,257.00,154.00,257.00
155.00,162.00,187.00,162.00,187.00,257.00,155.00,257.00
153.00,164.00,185.00,164.00,185.00,258.00,153.00,258.00
155.00,162.00,187.00,162.00,187.00,256.00,155.00,256.00
155.00,159.00,187.00,159.00,187.00,255.00,155.00,255.00
155.00,160.00,188.00,160.00,188.00,256.00,155.00,256.00
155.00,158.00,187.00,158.00,187.00,255.00,155.00,255.00
153.00,161.00,185.00,161.00,185.00,258.00,153.00,258.00
154.00,159.00,187.00,159.00,187.00,256.00,154.00,256.00
153.00,159.00,185.00,159.00,185.00,256.00,153.00,256.00
155.00,161.00,188.00,161.00,188.00,255.00,155.00,255.00
155.00,160.00,187.00,160.00,187.00,254.00,155.00,254.00
154.00,165.00,188.00,165.00,188.00,257.00,154.00,257.00
154.00,162.00,186.00,162.00,186.00,256.00,154.00,256.00
155.00,163.00,186.00,163.00,186.00,255.00,155.00,255.00
156.00,162.00,186.00,162.00,186.00,254.00,156.00,254.00
154.00,157.00,184.00,157.00,184.00,250.00,154.00,250.00
154.00,162.00,185.00,162.00,185.00,256.00,154.00,256.00
153.00,159.00,184.00,159.00,184.00,254.00,153.00,254.00
154.00,160.00,185.00,160.00,185.00,255.00,154.00,255.00
154.00,159.00,184.00,159.00,184.00,254.00,154.00,254.00
154.00,161.00,185.00,161.00,185.00,255.00,154.00,255.00
155.00,160.00,185.00,160.00,185.00,254.00,155.00,254.00
154.00,161.00,185.00,161.00,185.00,255.00,154.00,255.00
155.00,164.00,187.00,164.00,187.00,257.00,155.00,257.00
154.00,160.00,186.00,160.00,186.00,256.00,154.00,256.00
154.00,160.00,187.00,160.00,187.00,255.00,154.00,255.00
156.00,165.00,191.00,165.00,191.00,258.00,156.00,258.00
156.00,161.00,190.00,161.00,190.00,255.00,156.00,255.00
158.00,156.00,191.00,156.00,191.00,253.00,158.00,253.00
157.00,158.00,191.00,158.00,191.00,255.00,157.00,255.00
155.00,157.00,191.00,157.00,191.00,257.00,155.00,257.00
161.00,157.00,196.00,157.00,196.00,255.00,161.00,255.00
161.00,157.00,195.00,157.00,195.00,254.00,161.00,254.00
164.00,160.00,200.00,160.00,200.00,256.00,164.00,256.00
168.00,162.00,204.00,162.00,204.00,258.00,168.00,258.00
171.00,163.00,207.00,163.00,207.00,258.00,171.00,258.00
171.00,166.00,206.00,166.00,206.00,259.00,171.00,259.00
171.00,164.00,206.00,164.00,206.00,258.00,171.00,258.00
171.00,157.00,204.00,157.00,204.00,254.00,171.00,254.00
172.00,159.00,206.00,159.00,206.00,255.00,172.00,255.00
174.00,155.00,209.00,155.00,209.00,254.00,174.00,254.00
173.00,158.00,210.00,158.00,210.00,256.00,173.00,256.00
177.00,160.00,215.00,160.00,215.00,258.00,177.00,258.00
183.00,163.00,221.00,163.00,221.00,259.00,183.00,259.00
181.00,163.00,218.00,163.00,218.00,260.00,181.00,260.00
188.00,164.00,223.00,164.00,223.00,259.00,188.00,259.00
188.00,164.00,223.00,164.00,223.00,257.00,188.00,257.00
191.00,161.00,227.00,161.00,227.00,256.00,191.00,256.00
194.00,163.00,229.00,163.00,229.00,257.00,194.00,257.00
193.00,165.00,228.00,165.00,228.00,257.00,193.00,257.00
195.00,165.00,230.00,165.00,230.00,257.00,195.00,257.00
198.00,163.00,231.00,163.00,231.00,254.00,198.00,254.00
198.00,165.00,233.00,165.00,233.00,256.00,198.00,256.00
200.00,160.00,233.00,160.00,233.00,251.00,200.00,251.00
203.00,162.00,237.00,162.00,237.00,253.00,203.00,253.00
206.00,158.00,241.00,158.00,241.00,252.00,206.00,252.00
209.00,151.00,248.00,151.00,248.00,263.00,209.00,263.00
214.00,158.00,250.00,158.00,250.00,252.00,214.00,252.00
215.00,153.00,254.00,153.00,254.00,265.00,215.00,265.00
216.00,151.00,255.00,151.00,255.00,264.00,216.00,264.00
218.00,150.00,258.00,150.00,258.00,266.00,218.00,266.00
209.00,155.00,249.00,155.00,249.00,271.00,209.00,271.00
225.00,149.00,265.00,149.00,265.00,264.00,225.00,264.00
217.00,151.00,257.00,151.00,257.00,266.00,217.00,266.00
229.00,151.00,269.00,151.00,269.00,267.00,229.00,267.00
2
0
0
0
0
1
261.00,165.00,275.00,165.00,275.00,196.00,261.00,196.00
263.00,165.00,277.00,165.00,277.00,196.00,263.00,196.00
268.00,165.00,281.00,165.00,281.00,196.00,268.00,196.00
270.00,162.00,284.00,162.00,284.00,199.00,270.00,199.00
272.00,163.00,288.00,163.00,288.00,198.00,272.00,198.00
275.00,164.00,290.00,164.00,290.00,199.00,275.00,199.00
278.00,164.00,293.00,164.00,293.00,198.00,278.00,198.00
282.00,164.00,296.00,164.00,296.00,198.00,282.00,198.00
286.00,162.00,300.00,162.00,300.00,197.00,286.00,197.00
288.00,162.00,304.00,162.00,304.00,194.00,288.00,194.00
293.00,163.00,305.00,163.00,305.00,199.00,293.00,199.00
296.00,163.00,309.00,163.00,309.00,201.00,296.00,201.00
298.00,159.00,312.00,159.00,312.00,199.00,298.00,199.00
303.00,161.00,316.00,161.00,316.00,197.00,303.00,197.00
306.00,160.00,321.00,160.00,321.00,195.00,306.00,195.00
309.00,162.00,323.00,162.00,323.00,197.00,309.00,197.00
311.00,161.00,327.00,161.00,327.00,199.00,311.00,199.00
314.00,161.00,331.00,161.00,331.00,200.00,314.00,200.00
318.00,163.00,334.00,163.00,334.00,201.00,318.00,201.00
320.00,163.00,336.00,163.00,336.00,200.00,320.00,200.00
324.00,165.00,339.00,165.00,339.00,198.00,324.00,198.00
328.00,162.00,344.00,162.00,344.00,195.00,328.00,195.00
329.00,162.00,344.00,162.00,344.00,196.00,329.00,196.00
332.00,161.00,347.00,161.00,347.00,198.00,332.00,198.00
334.00,161.00,351.00,161.00,351.00,198.00,334.00,198.00
336.00,161.00,353.00,161.00,353.00,199.00,336.00,199.00
337.00,161.00,355.00,161.00,355.00,198.00,337.00,198.00
339.00,161.00,355.00,161.00,355.00,195.00,339.00,195.00
338.00,161.00,355.00,161.00,355.00,191.00,338.00,191.00
339.00,160.00,356.00,160.00,356.00,193.00,339.00,193.00
337.00,158.00,352.00,158.00,352.00,191.00,337.00,191.00
2
0
0
0
0
1
367.00,170.00,384.00,170.00,384.00,199.00,367.00,199.00
368.00,170.00,384.00,170.00,384.00,199.00,368.00,199.00
369.00,169.00,384.00,169.00,384.00,200.00,369.00,200.00
369.00,169.00,384.00,169.00,384.00,198.00,369.00,198.00
370.00,168.00,383.00,168.00,383.00,197.00,370.00,197.00
369.00,169.00,384.00,169.00,384.00,197.00,369.00,197.00
370.00,170.00,385.00,170.00,385.00,198.00,370.00,198.00
370.00,169.00,385.00,169.00,385.00,198.00,370.00,198.00
371.00,170.00,386.00,170.00,386.00,199.00,371.00,199.00
371.00,168.00,387.00,168.00,387.00,199.00,371.00,199.00
370.00,168.00,386.00,168.00,386.00,199.00,370.00,199.00
369.00,166.00,385.00,166.00,385.00,196.00,369.00,196.00
369.00,169.00,384.00,169.00,384.00,197.00,369.00,197.00
