1
275.00,66.00,297.00,66.00,297.00,137.00,275.00,137.00
276.00,66.00,299.00,66.00,299.00,137.00,276.00,137.00
275.00,65.00,299.00,65.00,299.00,136.00,275.00,136.00
275.00,66.00,299.00,66.00,299.00,134.00,275.00,134.00
275.00,67.00,297.00,67.00,297.00,136.00,275.00,136.00
275.00,68.00,297.00,68.00,297.00,136.00,275.00,136.00
274.00,65.00,296.00,65.00,296.00,134.00,274.00,134.00
273.00,65.00,297.00,65.00,297.00,133.00,273.00,133.00
273.00,65.00,297.00,65.00,297.00,135.00,273.00,135.00
274.00,67.00,297.00,67.00,297.00,136.00,274.00,136.00
275.00,68.00,297.00,68.00,297.00,135.00,275.00,135.00
276.00,66.00,298.00,66.00,298.00,136.00,276.00,136.00
276.00,65.00,298.00,65.00,298.00,135.00,276.00,135.00
276.00,65.00,299.00,65.00,299.00,136.00,276.00,136.00
275.00,64.00,299.00,64.00,299.00,136.00,275.00,136.00
275.00,66.00,299.00,66.00,299.00,135.00,275.00,135.00
274.00,66.00,297.00,66.00,297.00,136.00,274.00,136.00
274.00,65.00,297.00,65.00,297.00,136.00,274.00,136.00
274.00,67.00,296.00,67.00,296.00,134.00,274.00,134.00
273.00,66.00,297.00,66.00,297.00,134.00,273.00,134.00
273.00,66.00,298.00,66.00,298.00,134.00,273.00,134.00
274.00,67.00,297.00,67.00,297.00,136.00,274.00,136.00
276.00,67.00,298.00,67.00,298.00,135.00,276.00,135.00
275.00,65.00,297.00,65.00,297.00,134.00,275.00,134.00
275.00,64.00,298.00,64.00,298.00,134.00,275.00,134.00
276.00,64.00,299.00,64.00,299.00,134.00,276.00,134.00
275.00,62.00,299.00,62.00,299.00,135.00,275.00,135.00
276.00,64.00,300.00,64.00,300.00,133.00,276.00,133.00
275.00,63.00,298.00,63.00,298.00,135.00,275.00,135.00
274.00,62.00,297.00,62.00,297.00,134.00,274.00,134.00
274.00,64.00,297.00,64.00,297.00,132.00,274.00,132.00
273.00,62.00,297.00,62.00,297.00,132.00,273.00,132.00
273.00,62.00,298.00,62.00,298.00,132.00,273.00,132.00
274.00,64.00,299.00,64.00,299.00,134.00,274.00,134.00
275.00,64.00,298.00,64.00,298.00,134.00,275.00,134.00
275.00,63.00,298.00,63.00,298.00,132.00,275.00,132.00
275.00,62.00,299.00,62.00,299.00,133.00,275.00,133.00
276.00,62.00,300.00,62.00,300.00,133.00,276.00,133.00
276.00,62.00,300.00,62.00,300.00,135.00,276.00,135.00
275.00,64.00,299.00,64.00,299.00,133.00,275.00,133.00
275.00,63.00,299.00,63.00,299.00,132.00,275.00,132.00
274.00,64.00,297.00,64.00,297.00,133.00,274.00,133.00
274.00,64.00,297.00,64.00,297.00,130.00,274.00,130.00
273.00,63.00,298.00,63.00,298.00,131.00,273.00,131.00
272.00,64.00,297.00,64.00,297.00,131.00,272.00,131.00
274.00,64.00,298.00,64.00,298.00,134.00,274.00,134.00
274.00,66.00,297.00,66.00,297.00,134.00,274.00,134.00
274.00,65.00,298.00,65.00,298.00,133.00,274.00,133.00
274.00,64.00,297.00,64.00,297.00,134.00,274.00,134.00
274.00,64.00,299.00,64.00,299.00,134.00,274.00,134.00
274.00,63.00,299.00,63.00,299.00,133.00,274.00,133.00
274.00,63.00,299.00,63.00,299.00,133.00,274.00,133.00
273.00,63.00,296.00,63.00,296.00,133.00,273.00,133.00
273.00,63.00,296.00,63.00,296.00,133.00,273.00,133.00
272.00,64.00,296.00,64.00,296.00,132.00,272.00,132.00
272.00,64.00,297.00,64.00,297.00,131.00,272.00,131.00
271.00,61.00,297.00,61.00,297.00,133.00,271.00,133.00
272.00,63.00,296.00,63.00,296.00,134.00,272.00,134.00
272.00,64.00,296.00,64.00,296.00,133.00,272.00,133.00
273.00,65.00,296.00,65.00,296.00,134.00,273.00,134.00
273.00,64.00,296.00,64.00,296.00,134.00,273.00,134.00
274.00,64.00,298.00,64.00,298.00,135.00,274.00,135.00
273.00,63.00,298.00,63.00,298.00,134.00,273.00,134.00
273.00,64.00,299.00,64.00,299.00,133.00,273.00,133.00
272.00,64.00,296.00,64.00,296.00,133.00,272.00,133.00
272.00,65.00,295.00,65.00,295.00,134.00,272.00,134.00
270.00,66.00,294.00,66.00,294.00,132.00,270.00,132.00
270.00,64.00,296.00,64.00,296.00,133.00,270.00,133.00
270.00,63.00,295.00,63.00,295.00,133.00,270.00,133.00
271.00,65.00,296.00,65.00,296.00,135.00,271.00,135.00
271.00,65.00,295.00,65.00,295.00,134.00,271.00,134.00
271.00,64.00,294.00,64.00,294.00,134.00,271.00,134.00
270.00,64.00,295.00,64.00,295.00,134.00,270.00,134.00
270.00,63.00,297.00,63.00,297.00,135.00,270.00,135.00
270.00,63.00,296.00,63.00,296.00,135.00,270.00,135.00
269.00,65.00,296.00,65.00,296.00,133.00,269.00,133.00
269.00,64.00,295.00,64.00,295.00,133.00,269.00,133.00
269.00,64.00,294.00,64.00,294.00,134.00,269.00,134.00
268.00,64.00,292.00,64.00,292.00,133.00,268.00,133.00
267.00,63.00,292.00,63.00,292.00,133.00,267.00,133.00
267.00,63.00,292.00,63.00,292.00,133.00,267.00,133.00
267.00,64.00,292.00,64.00,292.00,134.00,267.00,134.00
266.00,61.00,291.00,61.00,291.00,132.00,266.00,132.00
266.00,61.00,291.00,61.00,291.00,132.00,266.00,132.00
266.00,61.00,291.00,61.00,291.00,133.00,266.00,133.00
266.00,62.00,292.00,62.00,292.00,133.00,266.00,133.00
265.00,62.00,293.00,62.00,293.00,132.00,265.00,132.00
265.00,62.00,292.00,62.00,292.00,132.00,265.00,132.00
264.00,62.00,290.00,62.00,290.00,134.00,264.00,134.00
265.00,63.00,291.00,63.00,291.00,133.00,265.00,133.00
265.00,64.00,292.00,64.00,292.00,134.00,265.00,134.00
265.00,64.00,292.00,64.00,292.00,136.00,265.00,136.00
265.00,64.00,293.00,64.00,293.00,136.00,265.00,136.00
266.00,67.00,293.00,67.00,293.00,141.00,266.00,141.00
267.00,70.00,295.00,70.00,295.00,141.00,267.00,141.00
269.00,72.00,294.00,72.00,294.00,141.00,269.00,141.00
269.00,70.00,294.00,70.00,294.00,142.00,269.00,142.00
269.00,73.00,296.00,73.00,296.00,145.00,269.00,145.00
269.00,73.00,296.00,73.00,296.00,144.00,269.00,144.00
269.00,73.00,295.00,73.00,295.00,145.00,269.00,145.00
266.00,74.00,295.00,74.00,295.00,146.00,266.00,146.00
266.00,77.00,294.00,77.00,294.00,146.00,266.00,146.00
265.00,74.00,291.00,74.00,291.00,143.00,265.00,143.00
264.00,76.00,292.00,76.00,292.00,145.00,264.00,145.00
264.00,75.00,290.00,75.00,290.00,144.00,264.00,144.00
264.00,73.00,289.00,73.00,289.00,142.00,264.00,142.00
263.00,71.00,290.00,71.00,290.00,143.00,263.00,143.00
263.00,68.00,289.00,68.00,289.00,140.00,263.00,140.00
263.00,67.00,290.00,67.00,290.00,139.00,263.00,139.00
263.00,68.00,289.00,68.00,289.00,141.00,263.00,141.00
261.00,69.00,289.00,69.00,289.00,141.00,261.00,141.00
261.00,69.00,287.00,69.00,287.00,142.00,261.00,142.00
262.00,69.00,288.00,69.00,288.00,139.00,262.00,139.00
263.00,69.00,289.00,69.00,289.00,138.00,263.00,138.00
263.00,70.00,289.00,70.00,289.00,140.00,263.00,140.00
264.00,69.00,290.00,69.00,290.00,140.00,264.00,140.00
265.00,70.00,291.00,70.00,291.00,143.00,265.00,143.00
265.00,67.00,293.00,67.00,293.00,141.00,265.00,141.00
267.00,67.00,294.00,67.00,294.00,141.00,267.00,141.00
268.00,67.00,295.00,67.00,295.00,139.00,268.00,139.00
269.00,65.00,299.00,65.00,299.00,140.00,269.00,140.00
271.00,68.00,300.00,68.00,300.00,138.00,271.00,138.00
272.00,69.00,302.00,69.00,302.00,136.00,272.00,136.00
273.00,69.00,300.00,69.00,300.00,140.00,273.00,140.00
275.00,68.00,301.00,68.00,301.00,139.00,275.00,139.00
275.00,69.00,301.00,69.00,301.00,140.00,275.00,140.00
275.00,69.00,304.00,69.00,304.00,139.00,275.00,139.00
276.00,67.00,303.00,67.00,303.00,141.00,276.00,141.00
277.00,69.00,303.00,69.00,303.00,141.00,277.00,141.00
277.00,65.00,304.00,65.00,304.00,140.00,277.00,140.00
277.00,67.00,304.00,67.00,304.00,139.00,277.00,139.00
279.00,68.00,306.00,68.00,306.00,137.00,279.00,137.00
280.00,68.00,307.00,68.00,307.00,138.00,280.00,138.00
280.00,70.00,309.00,70.00,309.00,138.00,280.00,138.00
280.00,70.00,308.00,70.00,308.00,140.00,280.00,140.00
281.00,69.00,308.00,69.00,308.00,139.00,281.00,139.00
281.00,68.00,307.00,68.00,307.00,137.00,281.00,137.00
279.00,67.00,307.00,67.00,307.00,137.00,279.00,137.00
280.00,68.00,308.00,68.00,308.00,139.00,280.00,139.00
281.00,69.00,307.00,69.00,307.00,140.00,281.00,140.00
280.00,65.00,308.00,65.00,308.00,140.00,280.00,140.00
282.00,64.00,310.00,64.00,310.00,142.00,282.00,142.00
282.00,65.00,310.00,65.00,310.00,140.00,282.00,140.00
283.00,65.00,311.00,65.00,311.00,140.00,283.00,140.00
282.00,64.00,311.00,64.00,311.00,142.00,282.00,142.00
282.00,70.00,313.00,70.00,313.00,146.00,282.00,146.00
283.00,67.00,312.00,67.00,312.00,144.00,283.00,144.00
283.00,69.00,310.00,69.00,310.00,147.00,283.00,147.00
284.00,68.00,312.00,68.00,312.00,144.00,284.00,144.00
283.00,68.00,311.00,68.00,311.00,147.00,283.00,147.00
284.00,70.00,311.00,70.00,311.00,148.00,284.00,148.00
285.00,69.00,313.00,69.00,313.00,148.00,285.00,148.00
285.00,64.00,313.00,64.00,313.00,144.00,285.00,144.00
285.00,63.00,314.00,63.00,314.00,141.00,285.00,141.00
287.00,62.00,315.00,62.00,315.00,140.00,287.00,140.00
288.00,62.00,317.00,62.00,317.00,141.00,288.00,141.00
288.00,66.00,318.00,66.00,318.00,142.00,288.00,142.00
289.00,63.00,317.00,63.00,317.00,142.00,289.00,142.00
288.00,62.00,316.00,62.00,316.00,138.00,288.00,138.00
288.00,60.00,316.00,60.00,316.00,137.00,288.00,137.00
288.00,61.00,315.00,61.00,315.00,137.00,288.00,137.00
288.00,58.00,315.00,58.00,315.00,135.00,288.00,135.00
288.00,60.00,316.00,60.00,316.00,135.00,288.00,135.00
289.00,59.00,317.00,59.00,317.00,137.00,289.00,137.00
289.00,57.00,316.00,57.00,316.00,134.00,289.00,134.00
290.00,58.00,317.00,58.00,317.00,134.00,290.00,134.00
290.00,57.00,318.00,57.00,318.00,134.00,290.00,134.00
291.00,56.00,319.00,56.00,319.00,131.00,291.00,131.00
290.00,57.00,318.00,57.00,318.00,132.00,290.00,132.00
289.00,56.00,318.00,56.00,318.00,135.00,289.00,135.00
289.00,57.00,316.00,57.00,316.00,137.00,289.00,137.00
289.00,58.00,317.00,58.00,317.00,133.00,289.00,133.00
290.00,58.00,318.00,58.00,318.00,133.00,290.00,133.00
289.00,58.00,318.00,58.00,318.00,133.00,289.00,133.00
290.00,59.00,318.00,59.00,318.00,135.00,290.00,135.00
290.00,58.00,319.00,58.00,319.00,137.00,290.00,137.00
291.00,57.00,319.00,57.00,319.00,134.00,291.00,134.00
292.00,57.00,320.00,57.00,320.00,135.00,292.00,135.00
292.00,57.00,321.00,57.00,321.00,135.00,292.00,135.00
292.00,53.00,321.00,53.00,321.00,137.00,292.00,137.00
292.00,58.00,322.00,58.00,322.00,137.00,292.00,137.00
293.00,58.00,322.00,58.00,322.00,138.00,293.00,138.00
293.00,57.00,321.00,57.00,321.00,135.00,293.00,135.00
293.00,59.00,321.00,59.00,321.00,134.00,293.00,134.00
292.00,57.00,321.00,57.00,321.00,134.00,292.00,134.00
292.00,59.00,321.00,59.00,321.00,135.00,292.00,135.00
292.00,59.00,321.00,59.00,321.00,137.00,292.00,137.00
294.00,59.00,323.00,59.00,323.00,138.00,294.00,138.00
294.00,55.00,322.00,55.00,322.00,135.00,294.00,135.00
294.00,56.00,323.00,56.00,323.00,135.00,294.00,135.00
295.00,56.00,324.00,56.00,324.00,136.00,295.00,136.00
296.00,57.00,325.00,57.00,325.00,138.00,296.00,138.00
295.00,59.00,326.00,59.00,326.00,139.00,295.00,139.00
296.00,59.00,325.00,59.00,325.00,142.00,296.00,142.00
296.00,58.00,324.00,58.00,324.00,140.00,296.00,140.00
295.00,55.00,323.00,55.00,323.00,134.00,295.00,134.00
295.00,57.00,323.00,57.00,323.00,135.00,295.00,135.00
295.00,59.00,322.00,59.00,322.00,138.00,295.00,138.00
295.00,59.00,323.00,59.00,323.00,140.00,295.00,140.00
296.00,60.00,323.00,60.00,323.00,142.00,296.00,142.00
296.00,56.00,323.00,56.00,323.00,139.00,296.00,139.00
296.00,56.00,324.00,56.00,324.00,139.00,296.00,139.00
296.00,55.00,324.00,55.00,324.00,137.00,296.00,137.00
296.00,56.00,324.00,56.00,324.00,141.00,296.00,141.00
296.00,59.00,325.00,59.00,325.00,139.00,296.00,139.00
296.00,59.00,325.00,59.00,325.00,142.00,296.00,142.00
296.00,56.00,324.00,56.00,324.00,139.00,296.00,139.00
296.00,56.00,324.00,56.00,324.00,137.00,296.00,137.00
295.00,57.00,326.00,57.00,326.00,139.00,295.00,139.00
295.00,57.00,326.00,57.00,326.00,140.00,295.00,140.00
295.00,58.00,324.00,58.00,324.00,141.00,295.00,141.00
296.00,60.00,325.00,60.00,325.00,144.00,296.00,144.00
295.00,57.00,326.00,57.00,326.00,146.00,295.00,146.00
297.00,59.00,327.00,59.00,327.00,145.00,297.00,145.00
297.00,56.00,327.00,56.00,327.00,145.00,297.00,145.00
298.00,54.00,328.00,54.00,328.00,144.00,298.00,144.00
298.00,56.00,328.00,56.00,328.00,146.00,298.00,146.00
298.00,59.00,328.00,59.00,328.00,146.00,298.00,146.00
298.00,55.00,327.00,55.00,327.00,144.00,298.00,144.00
298.00,56.00,326.00,56.00,326.00,142.00,298.00,142.00
298.00,57.00,327.00,57.00,327.00,140.00,298.00,140.00
297.00,57.00,326.00,57.00,326.00,141.00,297.00,141.00
298.00,56.00,327.00,56.00,327.00,143.00,298.00,143.00
299.00,58.00,328.00,58.00,328.00,144.00,299.00,144.00
300.00,54.00,329.00,54.00,329.00,142.00,300.00,142.00
300.00,56.00,329.00,56.00,329.00,141.00,300.00,141.00
301.00,54.00,329.00,54.00,329.00,141.00,301.00,141.00
302.00,57.00,330.00,57.00,330.00,145.00,302.00,145.00
303.00,58.00,332.00,58.00,332.00,145.00,303.00,145.00
303.00,58.00,332.00,58.00,332.00,147.00,303.00,147.00
302.00,54.00,331.00,54.00,331.00,143.00,302.00,143.00
301.00,54.00,331.00,54.00,331.00,140.00,301.00,140.00
302.00,56.00,332.00,56.00,332.00,139.00,302.00,139.00
301.00,55.00,330.00,55.00,330.00,142.00,301.00,142.00
301.00,57.00,330.00,57.00,330.00,145.00,301.00,145.00
302.00,59.00,331.00,59.00,331.00,144.00,302.00,144.00
303.00,56.00,332.00,56.00,332.00,143.00,303.00,143.00
305.00,57.00,333.00,57.00,333.00,141.00,305.00,141.00
304.00,56.00,334.00,56.00,334.00,143.00,304.00,143.00
305.00,57.00,335.00,57.00,335.00,144.00,305.00,144.00
305.00,59.00,336.00,59.00,336.00,146.00,305.00,146.00
304.00,60.00,335.00,60.00,335.00,145.00,304.00,145.00
304.00,58.00,333.00,58.00,333.00,142.00,304.00,142.00
305.00,55.00,333.00,55.00,333.00,139.00,305.00,139.00
304.00,55.00,333.00,55.00,333.00,140.00,304.00,140.00
303.00,55.00,333.00,55.00,333.00,142.00,303.00,142.00
304.00,56.00,334.00,56.00,334.00,147.00,304.00,147.00
304.00,58.00,333.00,58.00,333.00,144.00,304.00,144.00
305.00,57.00,333.00,57.00,333.00,144.00,305.00,144.00
306.00,57.00,335.00,57.00,335.00,143.00,306.00,143.00
306.00,55.00,335.00,55.00,335.00,144.00,306.00,144.00
305.00,56.00,335.00,56.00,335.00,148.00,305.00,148.00
305.00,57.00,335.00,57.00,335.00,147.00,305.00,147.00
304.00,60.00,334.00,60.00,334.00,147.00,304.00,147.00
303.00,60.00,333.00,60.00,333.00,148.00,303.00,148.00
304.00,56.00,333.00,56.00,333.00,145.00,304.00,145.00
302.00,57.00,334.00,57.00,334.00,147.00,302.00,147.00
301.00,58.00,333.00,58.00,333.00,148.00,301.00,148.00
304.00,58.00,335.00,58.00,335.00,149.00,304.00,149.00
305.00,61.00,334.00,61.00,334.00,151.00,305.00,151.00
305.00,60.00,334.00,60.00,334.00,148.00,305.00,148.00
306.00,59.00,336.00,59.00,336.00,149.00,306.00,149.00
305.00,57.00,336.00,57.00,336.00,149.00,305.00,149.00
306.00,56.00,337.00,56.00,337.00,154.00,306.00,154.00
304.00,59.00,334.00,59.00,334.00,149.00,304.00,149.00
303.00,64.00,332.00,64.00,332.00,153.00,303.00,153.00
304.00,61.00,332.00,61.00,332.00,143.00,304.00,143.00
305.00,58.00,334.00,58.00,334.00,142.00,305.00,142.00
304.00,61.00,334.00,61.00,334.00,146.00,304.00,146.00
305.00,58.00,334.00,58.00,334.00,145.00,305.00,145.00
306.00,62.00,334.00,62.00,334.00,147.00,306.00,147.00
308.00,60.00,335.00,60.00,335.00,148.00,308.00,148.00
307.00,59.00,335.00,59.00,335.00,143.00,307.00,143.00
307.00,60.00,338.00,60.00,338.00,146.00,307.00,146.00
306.00,59.00,336.00,59.00,336.00,147.00,306.00,147.00
305.00,59.00,335.00,59.00,335.00,152.00,305.00,152.00
303.00,63.00,332.00,63.00,332.00,148.00,303.00,148.00
303.00,65.00,332.00,65.00,332.00,151.00,303.00,151.00
306.00,61.00,335.00,61.00,335.00,148.00,306.00,148.00
303.00,63.00,333.00,63.00,333.00,148.00,303.00,148.00
302.00,61.00,332.00,61.00,332.00,145.00,302.00,145.00
302.00,62.00,331.00,62.00,331.00,145.00,302.00,145.00
304.00,66.00,333.00,66.00,333.00,150.00,304.00,150.00
306.00,65.00,334.00,65.00,334.00,151.00,306.00,151.00
304.00,66.00,333.00,66.00,333.00,148.00,304.00,148.00
306.00,63.00,337.00,63.00,337.00,150.00,306.00,150.00
304.00,63.00,335.00,63.00,335.00,152.00,304.00,152.00
302.00,63.00,334.00,63.00,334.00,156.00,302.00,156.00
304.00,64.00,335.00,64.00,335.00,152.00,304.00,152.00
301.00,71.00,332.00,71.00,332.00,156.00,301.00,156.00
301.00,63.00,334.00,63.00,334.00,148.00,301.00,148.00
302.00,63.00,333.00,63.00,333.00,148.00,302.00,148.00
300.00,62.00,331.00,62.00,331.00,152.00,300.00,152.00
301.00,68.00,332.00,68.00,332.00,156.00,301.00,156.00
301.00,67.00,332.00,67.00,332.00,160.00,301.00,160.00
301.00,63.00,330.00,63.00,330.00,155.00,301.00,155.00
301.00,63.00,331.00,63.00,331.00,152.00,301.00,152.00
301.00,63.00,331.00,63.00,331.00,156.00,301.00,156.00
300.00,65.00,331.00,65.00,331.00,162.00,300.00,162.00
300.00,66.00,333.00,66.00,333.00,166.00,300.00,166.00
300.00,67.00,333.00,67.00,333.00,165.00,300.00,165.00
296.00,65.00,329.00,65.00,329.00,158.00,296.00,158.00
295.00,63.00,328.00,63.00,328.00,155.00,295.00,155.00
293.00,63.00,326.00,63.00,326.00,157.00,293.00,157.00
291.00,64.00,324.00,64.00,324.00,158.00,291.00,158.00
290.00,66.00,323.00,66.00,323.00,160.00,290.00,160.00
289.00,65.00,321.00,65.00,321.00,162.00,289.00,162.00
289.00,64.00,320.00,64.00,320.00,160.00,289.00,160.00
288.00,62.00,321.00,62.00,321.00,156.00,288.00,156.00
287.00,63.00,321.00,63.00,321.00,159.00,287.00,159.00
287.00,64.00,321.00,64.00,321.00,162.00,287.00,162.00
286.00,64.00,322.00,64.00,322.00,168.00,286.00,168.00
284.00,67.00,320.00,67.00,320.00,171.00,284.00,171.00
282.00,70.00,321.00,70.00,321.00,171.00,282.00,171.00
281.00,67.00,320.00,67.00,320.00,164.00,281.00,164.00
278.00,65.00,316.00,65.00,316.00,169.00,278.00,169.00
275.00,67.00,312.00,67.00,312.00,170.00,275.00,170.00
275.00,73.00,311.00,73.00,311.00,176.00,275.00,176.00
275.00,72.00,311.00,72.00,311.00,178.00,275.00,178.00
275.00,72.00,312.00,72.00,312.00,180.00,275.00,180.00
275.00,67.00,311.00,67.00,311.00,176.00,275.00,176.00
276.00,66.00,313.00,66.00,313.00,176.00,276.00,176.00
277.00,64.00,314.00,64.00,314.00,178.00,277.00,178.00
277.00,66.00,315.00,66.00,315.00,180.00,277.00,180.00
277.00,68.00,314.00,68.00,314.00,176.00,277.00,176.00
276.00,67.00,313.00,67.00,313.00,171.00,276.00,171.00
274.00,66.00,310.00,66.00,310.00,175.00,274.00,175.00
273.00,64.00,310.00,64.00,310.00,171.00,273.00,171.00
269.00,62.00,305.00,62.00,305.00,173.00,269.00,173.00
270.00,64.00,307.00,64.00,307.00,170.00,270.00,170.00
270.00,68.00,311.00,68.00,311.00,178.00,270.00,178.00
270.00,70.00,307.00,70.00,307.00,178.00,270.00,178.00
268.00,68.00,308.00,68.00,308.00,180.00,268.00,180.00
268.00,66.00,307.00,66.00,307.00,182.00,268.00,182.00
268.00,67.00,306.00,67.00,306.00,182.00,268.00,182.00
267.00,67.00,306.00,67.00,306.00,186.00,267.00,186.00
265.00,71.00,306.00,71.00,306.00,189.00,265.00,189.00
266.00,72.00,304.00,72.00,304.00,184.00,266.00,184.00
263.00,71.00,303.00,71.00,303.00,182.00,263.00,182.00
263.00,68.00,302.00,68.00,302.00,180.00,263.00,180.00
263.00,65.00,302.00,65.00,302.00,175.00,263.00,175.00
262.00,62.00,300.00,62.00,300.00,178.00,262.00,178.00
262.00,62.00,300.00,62.00,300.00,181.00,262.00,181.00
263.00,65.00,301.00,65.00,301.00,187.00,263.00,187.00
262.00,63.00,302.00,63.00,302.00,188.00,262.00,188.00
262.00,61.00,302.00,61.00,302.00,187.00,262.00,187.00
262.00,62.00,305.00,62.00,305.00,185.00,262.00,185.00
262.00,62.00,304.00,62.00,304.00,195.00,262.00,195.00
262.00,64.00,304.00,64.00,304.00,191.00,262.00,191.00
264.00,65.00,302.00,65.00,302.00,184.00,264.00,184.00
263.00,66.00,307.00,66.00,307.00,195.00,263.00,195.00
262.00,62.00,304.00,62.00,304.00,190.00,262.00,190.00
260.00,59.00,303.00,59.00,303.00,189.00,260.00,189.00
260.00,58.00,301.00,58.00,301.00,188.00,260.00,188.00
260.00,59.00,302.00,59.00,302.00,193.00,260.00,193.00
261.00,64.00,303.00,64.00,303.00,193.00,261.00,193.00
262.00,64.00,304.00,64.00,304.00,195.00,262.00,195.00
262.00,60.00,308.00,60.00,308.00,197.00,262.00,197.00
263.00,58.00,309.00,58.00,309.00,193.00,263.00,193.00
263.00,59.00,310.00,59.00,310.00,200.00,263.00,200.00
265.00,57.00,312.00,57.00,312.00,206.00,265.00,206.00
264.00,57.00,310.00,57.00,310.00,204.00,264.00,204.00
264.00,61.00,311.00,61.00,311.00,200.00,264.00,200.00
264.00,58.00,312.00,58.00,312.00,204.00,264.00,204.00
262.00,61.00,312.00,61.00,312.00,209.00,262.00,209.00
261.00,61.00,311.00,61.00,311.00,204.00,261.00,204.00
264.00,55.00,313.00,55.00,313.00,202.00,264.00,202.00
265.00,60.00,313.00,60.00,313.00,204.00,265.00,204.00
266.00,63.00,315.00,63.00,315.00,212.00,266.00,212.00
266.00,59.00,316.00,59.00,316.00,212.00,266.00,212.00
267.00,56.00,319.00,56.00,319.00,212.00,267.00,212.00
270.00,61.00,320.00,61.00,320.00,211.00,270.00,211.00
270.00,56.00,323.00,56.00,323.00,213.00,270.00,213.00
271.00,58.00,324.00,58.00,324.00,216.00,271.00,216.00
271.00,63.00,323.00,63.00,323.00,213.00,271.00,213.00
271.00,62.00,323.00,62.00,323.00,213.00,271.00,213.00
272.00,62.00,322.00,62.00,322.00,214.00,272.00,214.00
274.00,64.00,322.00,64.00,322.00,205.00,274.00,205.00
271.00,62.00,322.00,62.00,322.00,208.00,271.00,208.00
273.00,65.00,325.00,65.00,325.00,206.00,273.00,206.00
275.00,67.00,326.00,67.00,326.00,211.00,275.00,211.00
276.00,64.00,325.00,64.00,325.00,210.00,276.00,210.00
278.00,61.00,327.00,61.00,327.00,210.00,278.00,210.00
279.00,59.00,331.00,59.00,331.00,209.00,279.00,209.00
282.00,57.00,333.00,57.00,333.00,207.00,282.00,207.00
283.00,57.00,335.00,57.00,335.00,210.00,283.00,210.00
284.00,58.00,338.00,58.00,338.00,214.00,284.00,214.00
284.00,63.00,338.00,63.00,338.00,215.00,284.00,215.00
284.00,60.00,336.00,60.00,336.00,208.00,284.00,208.00
287.00,61.00,337.00,61.00,337.00,211.00,287.00,211.00
289.00,60.00,338.00,60.00,338.00,206.00,289.00,206.00
287.00,56.00,336.00,56.00,336.00,204.00,287.00,204.00
285.00,61.00,336.00,61.00,336.00,206.00,285.00,206.00
286.00,64.00,337.00,64.00,337.00,212.00,286.00,212.00
287.00,61.00,338.00,61.00,338.00,213.00,287.00,213.00
288.00,54.00,342.00,54.00,342.00,215.00,288.00,215.00
289.00,53.00,346.00,53.00,346.00,217.00,289.00,217.00
291.00,51.00,348.00,51.00,348.00,216.00,291.00,216.00
294.00,47.00,349.00,47.00,349.00,218.00,294.00,218.00
295.00,55.00,351.00,55.00,351.00,220.00,295.00,220.00
295.00,58.00,352.00,58.00,352.00,215.00,295.00,215.00
294.00,56.00,351.00,56.00,351.00,219.00,294.00,219.00
296.00,56.00,349.00,56.00,349.00,218.00,296.00,218.00
296.00,59.00,351.00,59.00,351.00,217.00,296.00,217.00
291.00,53.00,345.00,53.00,345.00,208.00,291.00,208.00
292.00,54.00,346.00,54.00,346.00,211.00,292.00,211.00
292.00,55.00,347.00,55.00,347.00,222.00,292.00,222.00
292.00,54.00,345.00,54.00,345.00,211.00,292.00,211.00
291.00,51.00,345.00,51.00,345.00,212.00,291.00,212.00
291.00,53.00,347.00,53.00,347.00,215.00,291.00,215.00
292.00,47.00,349.00,47.00,349.00,212.00,292.00,212.00
291.00,47.00,350.00,47.00,350.00,222.00,291.00,222.00
290.00,53.00,348.00,53.00,348.00,219.00,290.00,219.00
290.00,55.00,346.00,55.00,346.00,211.00,290.00,211.00
286.00,52.00,344.00,52.00,344.00,215.00,286.00,215.00
288.00,51.00,344.00,51.00,344.00,212.00,288.00,212.00
287.00,48.00,342.00,48.00,342.00,209.00,287.00,209.00
286.00,47.00,341.00,47.00,341.00,210.00,286.00,210.00
283.00,51.00,338.00,51.00,338.00,221.00,283.00,221.00
287.00,49.00,340.00,49.00,340.00,223.00,287.00,223.00
287.00,48.00,343.00,48.00,343.00,227.00,287.00,227.00
289.00,41.00,349.00,41.00,349.00,230.00,289.00,230.00
289.00,42.00,347.00,42.00,347.00,225.00,289.00,225.00
291.00,42.00,350.00,42.00,350.00,229.00,291.00,229.00
290.00,45.00,350.00,45.00,350.00,230.00,290.00,230.00
291.00,53.00,353.00,53.00,353.00,225.00,291.00,225.00
287.00,55.00,352.00,55.00,352.00,229.00,287.00,229.00
290.00,52.00,349.00,52.00,349.00,227.00,290.00,227.00
292.00,50.00,350.00,50.00,350.00,218.00,292.00,218.00
292.00,45.00,348.00,45.00,348.00,209.00,292.00,209.00
288.00,45.00,349.00,45.00,349.00,215.00,288.00,215.00
289.00,46.00,350.00,46.00,350.00,229.00,289.00,229.00
288.00,46.00,353.00,46.00,353.00,236.00,288.00,236.00
288.00,44.00,352.00,44.00,352.00,234.00,288.00,234.00
288.00,39.00,354.00,39.00,354.00,236.00,288.00,236.00
288.00,45.00,361.00,45.00,361.00,245.00,288.00,245.00
290.00,41.00,363.00,41.00,363.00,244.00,290.00,244.00
293.00,52.00,360.00,52.00,360.00,241.00,293.00,241.00
291.00,52.00,362.00,52.00,362.00,242.00,291.00,242.00
292.00,53.00,359.00,53.00,359.00,238.00,292.00,238.00
291.00,48.00,357.00,48.00,357.00,233.00,291.00,233.00
292.00,44.00,358.00,44.00,358.00,229.00,292.00,229.00
293.00,41.00,359.00,41.00,359.00,224.00,293.00,224.00
293.00,48.00,359.00,48.00,359.00,227.00,293.00,227.00
295.00,49.00,359.00,49.00,359.00,236.00,295.00,236.00
292.00,48.00,363.00,48.00,363.00,244.00,292.00,244.00
293.00,47.00,366.00,47.00,366.00,241.00,293.00,241.00
295.00,42.00,367.00,42.00,367.00,237.00,295.00,237.00
297.00,44.00,370.00,44.00,370.00,240.00,297.00,240.00
300.00,42.00,372.00,42.00,372.00,239.00,300.00,239.00
303.00,42.00,374.00,42.00,374.00,241.00,303.00,241.00
304.00,47.00,377.00,47.00,377.00,236.00,304.00,236.00
307.00,49.00,378.00,49.00,378.00,234.00,307.00,234.00
310.00,45.00,379.00,45.00,379.00,227.00,310.00,227.00
308.00,47.00,376.00,47.00,376.00,234.00,308.00,234.00
305.00,39.00,374.00,39.00,374.00,219.00,305.00,219.00
304.00,42.00,371.00,42.00,371.00,227.00,304.00,227.00
307.00,53.00,371.00,53.00,371.00,235.00,307.00,235.00
305.00,60.00,374.00,60.00,374.00,254.00,305.00,254.00
310.00,51.00,383.00,51.00,383.00,245.00,310.00,245.00
313.00,42.00,384.00,42.00,384.00,245.00,313.00,245.00
312.00,46.00,385.00,46.00,385.00,249.00,312.00,249.00
312.00,45.00,389.00,45.00,389.00,252.00,312.00,252.00
313.00,52.00,389.00,52.00,389.00,259.00,313.00,259.00
309.00,52.00,389.00,52.00,389.00,257.00,309.00,257.00
308.00,54.00,389.00,54.00,389.00,247.00,308.00,247.00
305.00,52.00,383.00,52.00,383.00,255.00,305.00,255.00
306.00,48.00,383.00,48.00,383.00,251.00,306.00,251.00
301.00,45.00,380.00,45.00,380.00,255.00,301.00,255.00
301.00,42.00,375.00,42.00,375.00,246.00,301.00,246.00
300.00,50.00,375.00,50.00,375.00,255.00,300.00,255.00
298.00,55.00,377.00,55.00,377.00,269.00,298.00,269.00
297.00,44.00,372.00,44.00,372.00,260.00,297.00,260.00
295.00,44.00,372.00,44.00,372.00,266.00,295.00,266.00
294.00,45.00,375.00,45.00,375.00,270.00,294.00,270.00
291.00,42.00,376.00,42.00,376.00,278.00,291.00,278.00
289.00,48.00,373.00,48.00,373.00,281.00,289.00,281.00
286.00,55.00,370.00,55.00,370.00,277.00,286.00,277.00
282.00,57.00,369.00,57.00,369.00,276.00,282.00,276.00
284.00,51.00,369.00,51.00,369.00,269.00,284.00,269.00
285.00,48.00,366.00,48.00,366.00,265.00,285.00,265.00
282.00,45.00,363.00,45.00,363.00,257.00,282.00,257.00
279.00,49.00,361.00,49.00,361.00,267.00,279.00,267.00
279.00,57.00,357.00,57.00,357.00,272.00,279.00,272.00
285.00,57.00,357.00,57.00,357.00,273.00,285.00,273.00
282.00,55.00,359.00,55.00,359.00,269.00,282.00,269.00
284.00,44.00,365.00,44.00,365.00,269.00,284.00,269.00
287.00,44.00,370.00,44.00,370.00,271.00,287.00,271.00
287.00,40.00,372.00,40.00,372.00,274.00,287.00,274.00
285.00,46.00,373.00,46.00,373.00,281.00,285.00,281.00
286.00,55.00,370.00,55.00,370.00,280.00,286.00,280.00
285.00,50.00,372.00,50.00,372.00,278.00,285.00,278.00
285.00,52.00,376.00,52.00,376.00,272.00,285.00,272.00
287.00,47.00,373.00,47.00,373.00,264.00,287.00,264.00
288.00,44.00,372.00,44.00,372.00,262.00,288.00,262.00
284.00,37.00,364.00,37.00,364.00,261.00,284.00,261.00
278.00,38.00,360.00,38.00,360.00,270.00,278.00,270.00
276.00,48.00,359.00,48.00,359.00,281.00,276.00,281.00
281.00,51.00,359.00,51.00,359.00,278.00,281.00,278.00
282.00,41.00,359.00,41.00,359.00,271.00,282.00,271.00
278.00,36.00,356.00,36.00,356.00,268.00,278.00,268.00
282.00,36.00,361.00,36.00,361.00,268.00,282.00,268.00
275.00,36.00,359.00,36.00,359.00,281.00,275.00,281.00
269.00,46.00,352.00,46.00,352.00,288.00,269.00,288.00
270.00,53.00,352.00,53.00,352.00,287.00,270.00,287.00
266.00,54.00,349.00,54.00,349.00,281.00,266.00,281.00
261.00,47.00,344.00,47.00,344.00,270.00,261.00,270.00
263.00,37.00,341.00,37.00,341.00,261.00,263.00,261.00
263.00,46.00,342.00,46.00,342.00,263.00,263.00,263.00
268.00,47.00,343.00,47.00,343.00,262.00,268.00,262.00
263.00,50.00,343.00,50.00,343.00,265.00,263.00,265.00
262.00,50.00,344.00,50.00,344.00,264.00,262.00,264.00
263.00,42.00,345.00,42.00,345.00,259.00,263.00,259.00
256.00,43.00,346.00,43.00,346.00,257.00,256.00,257.00
260.00,38.00,347.00,38.00,347.00,261.00,260.00,261.00
257.00,44.00,346.00,44.00,346.00,270.00,257.00,270.00
253.00,59.00,350.00,59.00,350.00,286.00,253.00,286.00
248.00,65.00,341.00,65.00,341.00,281.00,248.00,281.00
233.00,64.00,324.00,64.00,324.00,273.00,233.00,273.00
214.00,72.00,311.00,72.00,311.00,267.00,214.00,267.00
206.00,68.00,292.00,68.00,292.00,255.00,206.00,255.00
198.00,57.00,276.00,57.00,276.00,253.00,198.00,253.00
189.00,54.00,268.00,54.00,268.00,261.00,189.00,261.00
188.00,74.00,269.00,74.00,269.00,271.00,188.00,271.00
198.00,90.00,272.00,90.00,272.00,273.00,198.00,273.00
207.00,87.00,280.00,87.00,280.00,271.00,207.00,271.00
215.00,88.00,291.00,88.00,291.00,271.00,215.00,271.00
232.00,88.00,315.00,88.00,315.00,275.00,232.00,275.00
240.00,92.00,323.00,92.00,323.00,281.00,240.00,281.00
252.00,99.00,333.00,99.00,333.00,282.00,252.00,282.00
268.00,106.00,346.00,106.00,346.00,278.00,268.00,278.00
277.00,108.00,357.00,108.00,357.00,281.00,277.00,281.00
272.00,107.00,352.00,107.00,352.00,282.00,272.00,282.00
269.00,85.00,344.00,85.00,344.00,269.00,269.00,269.00
272.00,94.00,347.00,94.00,347.00,273.00,272.00,273.00
268.00,98.00,339.00,98.00,339.00,272.00,268.00,272.00
261.00,88.00,334.00,88.00,334.00,272.00,261.00,272.00
267.00,110.00,334.00,110.00,334.00,280.00,267.00,280.00
250.00,99.00,331.00,99.00,331.00,290.00,250.00,290.00
259.00,106.00,324.00,106.00,324.00,279.00,259.00,279.00
260.00,97.00,327.00,97.00,327.00,277.00,260.00,277.00
258.00,96.00,329.00,96.00,329.00,278.00,258.00,278.00
266.00,109.00,336.00,109.00,336.00,271.00,266.00,271.00
277.00,120.00,343.00,120.00,343.00,272.00,277.00,272.00
279.00,109.00,349.00,109.00,349.00,274.00,279.00,274.00
278.00,107.00,349.00,107.00,349.00,260.00,278.00,260.00
278.00,116.00,348.00,116.00,348.00,264.00,278.00,264.00
295.00,109.00,369.00,109.00,369.00,273.00,295.00,273.00
297.00,105.00,368.00,105.00,368.00,267.00,297.00,267.00
302.00,114.00,365.00,114.00,365.00,274.00,302.00,274.00
305.00,119.00,367.00,119.00,367.00,278.00,305.00,278.00
303.00,123.00,365.00,123.00,365.00,270.00,303.00,270.00
306.00,108.00,371.00,108.00,371.00,264.00,306.00,264.00
308.00,105.00,371.00,105.00,371.00,258.00,308.00,258.00
309.00,106.00,373.00,106.00,373.00,260.00,309.00,260.00
312.00,107.00,366.00,107.00,366.00,265.00,312.00,265.00
308.00,113.00,366.00,113.00,366.00,268.00,308.00,268.00
309.00,115.00,371.00,115.00,371.00,270.00,309.00,270.00
311.00,120.00,375.00,120.00,375.00,267.00,311.00,267.00
306.00,116.00,374.00,116.00,374.00,265.00,306.00,265.00
299.00,121.00,365.00,121.00,365.00,266.00,299.00,266.00
294.00,123.00,358.00,123.00,358.00,265.00,294.00,265.00
289.00,118.00,349.00,118.00,349.00,264.00,289.00,264.00
288.00,122.00,350.00,122.00,350.00,265.00,288.00,265.00
281.00,129.00,346.00,129.00,346.00,264.00,281.00,264.00
278.00,134.00,343.00,134.00,343.00,267.00,278.00,267.00
274.00,121.00,336.00,121.00,336.00,251.00,274.00,251.00
271.00,115.00,328.00,115.00,328.00,253.00,271.00,253.00
268.00,123.00,324.00,123.00,324.00,255.00,268.00,255.00
266.00,126.00,323.00,126.00,323.00,258.00,266.00,258.00
267.00,127.00,328.00,127.00,328.00,257.00,267.00,257.00
273.00,131.00,330.00,131.00,330.00,261.00,273.00,261.00
272.00,135.00,330.00,135.00,330.00,262.00,272.00,262.00
265.00,133.00,322.00,133.00,322.00,254.00,265.00,254.00
264.00,132.00,323.00,132.00,323.00,256.00,264.00,256.00
262.00,137.00,320.00,137.00,320.00,261.00,262.00,261.00
264.00,141.00,323.00,141.00,323.00,263.00,264.00,263.00
271.00,147.00,325.00,147.00,325.00,268.00,271.00,268.00
274.00,131.00,333.00,131.00,333.00,271.00,274.00,271.00
275.00,135.00,325.00,135.00,325.00,258.00,275.00,258.00
274.00,143.00,324.00,143.00,324.00,259.00,274.00,259.00
273.00,138.00,321.00,138.00,321.00,258.00,273.00,258.00
274.00,139.00,322.00,139.00,322.00,256.00,274.00,256.00
279.00,144.00,326.00,144.00,326.00,256.00,279.00,256.00
283.00,148.00,330.00,148.00,330.00,257.00,283.00,257.00
288.00,149.00,335.00,149.00,335.00,260.00,288.00,260.00
293.00,156.00,338.00,156.00,338.00,262.00,293.00,262.00
291.00,149.00,338.00,149.00,338.00,254.00,291.00,254.00
288.00,149.00,334.00,149.00,334.00,255.00,288.00,255.00
290.00,153.00,337.00,153.00,337.00,259.00,290.00,259.00
289.00,153.00,338.00,153.00,338.00,260.00,289.00,260.00
291.00,157.00,339.00,157.00,339.00,263.00,291.00,263.00
296.00,156.00,340.00,156.00,340.00,263.00,296.00,263.00
298.00,155.00,342.00,155.00,342.00,261.00,298.00,261.00
293.00,153.00,338.00,153.00,338.00,259.00,293.00,259.00
287.00,148.00,338.00,148.00,338.00,266.00,287.00,266.00
290.00,157.00,336.00,157.00,336.00,258.00,290.00,258.00
289.00,159.00,334.00,159.00,334.00,258.00,289.00,258.00
291.00,160.00,330.00,160.00,330.00,257.00,291.00,257.00
290.00,168.00,329.00,168.00,329.00,260.00,290.00,260.00
285.00,164.00,327.00,164.00,327.00,257.00,285.00,257.00
282.00,163.00,323.00,163.00,323.00,255.00,282.00,255.00
280.00,160.00,327.00,160.00,327.00,269.00,280.00,269.00
279.00,160.00,320.00,160.00,320.00,252.00,279.00,252.00
277.00,152.00,320.00,152.00,320.00,249.00,277.00,249.00
280.00,159.00,323.00,159.00,323.00,254.00,280.00,254.00
281.00,154.00,323.00,154.00,323.00,247.00,281.00,247.00
282.00,159.00,324.00,159.00,324.00,248.00,282.00,248.00
283.00,153.00,323.00,153.00,323.00,244.00,283.00,244.00
286.00,153.00,327.00,153.00,327.00,244.00,286.00,244.00
288.00,156.00,329.00,156.00,329.00,244.00,288.00,244.00
288.00,154.00,330.00,154.00,330.00,254.00,288.00,254.00
287.00,163.00,328.00,163.00,328.00,248.00,287.00,248.00
282.00,162.00,325.00,162.00,325.00,245.00,282.00,245.00
284.00,156.00,324.00,156.00,324.00,240.00,284.00,240.00
285.00,157.00,326.00,157.00,326.00,241.00,285.00,241.00
282.00,163.00,324.00,163.00,324.00,248.00,282.00,248.00
283.00,162.00,326.00,162.00,326.00,245.00,283.00,245.00
283.00,164.00,327.00,164.00,327.00,246.00,283.00,246.00
286.00,156.00,328.00,156.00,328.00,256.00,286.00,256.00
286.00,166.00,329.00,166.00,329.00,245.00,286.00,245.00
284.00,163.00,327.00,163.00,327.00,243.00,284.00,243.00
285.00,163.00,328.00,163.00,328.00,245.00,285.00,245.00
283.00,160.00,325.00,160.00,325.00,244.00,283.00,244.00
282.00,159.00,324.00,159.00,324.00,244.00,282.00,244.00
282.00,161.00,326.00,161.00,326.00,247.00,282.00,247.00
283.00,159.00,328.00,159.00,328.00,246.00,283.00,246.00
282.00,158.00,328.00,158.00,328.00,247.00,282.00,247.00
279.00,159.00,323.00,159.00,323.00,247.00,279.00,247.00
280.00,157.00,324.00,157.00,324.00,247.00,280.00,247.00
278.00,156.00,319.00,156.00,319.00,246.00,278.00,246.00
278.00,154.00,319.00,154.00,319.00,248.00,278.00,248.00
277.00,152.00,319.00,152.00,319.00,246.00,277.00,246.00
275.00,155.00,318.00,155.00,318.00,248.00,275.00,248.00
274.00,151.00,318.00,151.00,318.00,248.00,274.00,248.00
271.00,151.00,314.00,151.00,314.00,251.00,271.00,251.00
270.00,151.00,313.00,151.00,313.00,252.00,270.00,252.00
269.00,153.00,311.00,153.00,311.00,252.00,269.00,252.00
268.00,152.00,309.00,152.00,309.00,251.00,268.00,251.00
270.00,151.00,313.00,151.00,313.00,254.00,270.00,254.00
266.00,152.00,310.00,152.00,310.00,254.00,266.00,254.00
260.00,151.00,305.00,151.00,305.00,254.00,260.00,254.00
255.00,148.00,301.00,148.00,301.00,251.00,255.00,251.00
266.00,147.00,313.00,147.00,313.00,261.00,266.00,261.00
253.00,151.00,298.00,151.00,298.00,253.00,253.00,253.00
251.00,151.00,295.00,151.00,295.00,252.00,251.00,252.00
249.00,154.00,291.00,154.00,291.00,253.00,249.00,253.00
248.00,153.00,290.00,153.00,290.00,249.00,248.00,249.00
248.00,156.00,289.00,156.00,289.00,249.00,248.00,249.00
244.00,156.00,283.00,156.00,283.00,247.00,244.00,247.00
244.00,159.00,284.00,159.00,284.00,248.00,244.00,248.00
241.00,158.00,281.00,158.00,281.00,246.00,241.00,246.00
242.00,160.00,281.00,160.00,281.00,246.00,242.00,246.00
241.00,161.00,280.00,161.00,280.00,245.00,241.00,245.00
237.00,150.00,279.00,150.00,279.00,254.00,237.00,254.00
234.00,159.00,273.00,159.00,273.00,242.00,234.00,242.00
233.00,161.00,271.00,161.00,271.00,242.00,233.00,242.00
232.00,162.00,271.00,162.00,271.00,244.00,232.00,244.00
229.00,161.00,269.00,161.00,269.00,244.00,229.00,244.00
226.00,162.00,264.00,162.00,264.00,244.00,226.00,244.00
223.00,161.00,261.00,161.00,261.00,245.00,223.00,245.00
222.00,162.00,260.00,162.00,260.00,246.00,222.00,246.00
217.00,154.00,258.00,154.00,258.00,255.00,217.00,255.00
217.00,163.00,255.00,163.00,255.00,245.00,217.00,245.00
214.00,160.00,252.00,160.00,252.00,242.00,214.00,242.00
210.00,161.00,251.00,161.00,251.00,244.00,210.00,244.00
210.00,159.00,249.00,159.00,249.00,244.00,210.00,244.00
206.00,155.00,247.00,155.00,247.00,256.00,206.00,256.00
207.00,151.00,248.00,151.00,248.00,253.00,207.00,253.00
202.00,152.00,243.00,152.00,243.00,254.00,202.00,254.00
200.00,161.00,238.00,161.00,238.00,245.00,200.00,245.00
198.00,161.00,235.00,161.00,235.00,245.00,198.00,245.00
195.00,156.00,235.00,156.00,235.00,255.00,195.00,255.00
195.00,160.00,230.00,160.00,230.00,246.00,195.00,246.00
193.00,164.00,228.00,164.00,228.00,249.00,193.00,249.00
193.00,167.00,229.00,167.00,229.00,250.00,193.00,250.00
191.00,169.00,229.00,169.00,229.00,254.00,191.00,254.00
187.00,162.00,225.00,162.00,225.00,251.00,187.00,251.00
183.00,164.00,223.00,164.00,223.00,251.00,183.00,251.00
179.00,159.00,219.00,159.00,219.00,248.00,179.00,248.00
179.00,161.00,218.00,161.00,218.00,248.00,179.00,248.00
175.00,161.00,214.00,161.00,214.00,250.00,175.00,250.00
174.00,160.00,212.00,160.00,212.00,248.00,174.00,248.00
173.00,161.00,211.00,161.00,211.00,247.00,173.00,247.00
171.00,164.00,210.00,164.00,210.00,250.00,171.00,250.00
170.00,166.00,209.00,166.00,209.00,252.00,170.00,252.00
170.00,162.00,209.00,162.00,209.00,250.00,170.00,250.00
167.00,160.00,205.00,160.00,205.00,248.00,167.00,248.00
167.00,162.00,204.00,162.00,204.00,248.00,167.00,248.00
164.00,163.00,202.00,163.00,202.00,249.00,164.00,249.00
165.00,158.00,201.00,158.00,201.00,247.00,165.00,247.00
162.00,160.00,198.00,160.00,198.00,248.00,162.00,248.00
162.00,160.00,199.00,160.00,199.00,248.00,162.00,248.00
160.00,162.00,197.00,162.00,197.00,249.00,160.00,249.00
159.00,160.00,197.00,160.00,197.00,248.00,159.00,248.00
157.00,161.00,197.00,161.00,197.00,249.00,157.00,249.00
153.00,159.00,191.00,159.00,191.00,247.00,153.00,247.00
154.00,156.00,190.00,156.00,190.00,246.00,154.00,246.00
152.00,162.00,189.00,162.00,189.00,250.00,152.00,250.00
152.00,158.00,188.00,158.00,188.00,247.00,152.00,247.00
153.00,161.00,190.00,161.00,190.00,249.00,153.00,249.00
153.00,161.00,189.00,161.00,189.00,248.00,153.00,248.00
151.00,162.00,188.00,162.00,188.00,250.00,151.00,250.00
150.00,158.00,187.00,158.00,187.00,248.00,150.00,248.00
150.00,162.00,187.00,162.00,187.00,251.00,150.00,251.00
150.00,162.00,186.00,162.00,186.00,250.00,150.00,250.00
149.00,166.00,187.00,166.00,187.00,253.00,149.00,253.00
151.00,165.00,187.00,165.00,187.00,253.00,151.00,253.00
150.00,165.00,187.00,165.00,187.00,253.00,150.00,253.00
149.00,165.00,186.00,165.00,186.00,253.00,149.00,253.00
148.00,164.00,185.00,164.00,185.00,252.00,148.00,252.00
149.00,163.00,186.00,163.00,186.00,251.00,149.00,251.00
148.00,162.00,185.00,162.00,185.00,251.00,148.00,251.00
148.00,164.00,184.00,164.00,184.00,250.00,148.00,250.00
149.00,162.00,185.00,162.00,185.00,249.00,149.00,249.00
149.00,168.00,186.00,168.00,186.00,252.00,149.00,252.00
148.00,166.00,187.00,166.00,187.00,252.00,148.00,252.00
148.00,164.00,188.00,164.00,188.00,252.00,148.00,252.00
149.00,163.00,188.00,163.00,188.00,251.00,149.00,251.00
150.00,161.00,189.00,161.00,189.00,250.00,150.00,250.00
149.00,163.00,189.00,163.00,189.00,251.00,149.00,251.00
150.00,163.00,190.00,163.00,190.00,253.00,150.00,253.00
150.00,160.00,190.00,160.00,190.00,253.00,150.00,253.00
150.00,165.00,191.00,165.00,191.00,254.00,150.00,254.00
151.00,160.00,191.00,160.00,191.00,251.00,151.00,251.00
149.00,158.00,189.00,158.00,189.00,251.00,149.00,251.00
150.00,160.00,189.00,160.00,189.00,251.00,150.00,251.00
151.00,158.00,189.00,158.00,189.00,252.00,151.00,252.00
151.00,160.00,189.00,160.00,189.00,252.00,151.00,252.00
150.00,156.00,188.00,156.00,188.00,249.00,150.00,249.00
150.00,159.00,188.00,159.00,188.00,252.00,150.00,252.00
149.00,159.00,188.00,159.00,188.00,253.00,149.00,253.00
150.00,164.00,190.00,164.00,190.00,256.00,150.00,256.00
150.00,160.00,189.00,160.00,189.00,252.00,150.00,252.00
152.00,162.00,189.00,162.00,189.00,251.00,152.00,251.00
151.00,166.00,189.00,166.00,189.00,253.00,151.00,253.00
151.00,164.00,188.00,164.00,188.00,252.00,151.00,252.00
149.00,164.00,187.00,164.00,187.00,253.00,149.00,253.00
150.00,161.00,187.00,161.00,187.00,252.00,150.00,252.00
150.00,161.00,187.00,161.00,187.00,252.00,150.00,252.00
150.00,163.00,188.00,163.00,188.00,253.00,150.00,253.00
151.00,161.00,188.00,161.00,188.00,252.00,151.00,252.00
151.00,162.00,188.00,162.00,188.00,251.00,151.00,251.00
151.00,163.00,188.00,163.00,188.00,253.00,151.00,253.00
153.00,165.00,190.00,165.00,190.00,253.00,153.00,253.00
154.00,163.00,191.00,163.00,191.00,252.00,154.00,252.00
153.00,161.00,189.00,161.00,189.00,251.00,153.00,251.00
152.00,167.00,189.00,167.00,189.00,254.00,152.00,254.00
153.00,163.00,190.00,163.00,190.00,251.00,153.00,251.00
155.00,158.00,190.00,158.00,190.00,247.00,155.00,247.00
154.00,162.00,191.00,162.00,191.00,251.00,154.00,251.00
156.00,160.00,194.00,160.00,194.00,251.00,156.00,251.00
157.00,160.00,193.00,160.00,193.00,250.00,157.00,250.00
160.00,161.00,196.00,161.00,196.00,251.00,160.00,251.00
160.00,164.00,197.00,164.00,197.00,252.00,160.00,252.00
162.00,158.00,198.00,158.00,198.00,249.00,162.00,249.00
166.00,158.00,202.00,158.00,202.00,248.00,166.00,248.00
170.00,164.00,205.00,164.00,205.00,248.00,170.00,248.00
170.00,166.00,206.00,166.00,206.00,249.00,170.00,249.00
170.00,167.00,205.00,167.00,205.00,248.00,170.00,248.00
171.00,165.00,205.00,165.00,205.00,247.00,171.00,247.00
172.00,163.00,205.00,163.00,205.00,244.00,172.00,244.00
173.00,163.00,207.00,163.00,207.00,243.00,173.00,243.00
176.00,162.00,211.00,162.00,211.00,243.00,176.00,243.00
177.00,160.00,211.00,160.00,211.00,241.00,177.00,241.00
180.00,165.00,216.00,165.00,216.00,246.00,180.00,246.00
184.00,165.00,219.00,165.00,219.00,246.00,184.00,246.00
185.00,168.00,219.00,168.00,219.00,247.00,185.00,247.00
186.00,164.00,221.00,164.00,221.00,245.00,186.00,245.00
190.00,164.00,226.00,164.00,226.00,246.00,190.00,246.00
194.00,167.00,231.00,167.00,231.00,248.00,194.00,248.00
195.00,168.00,231.00,168.00,231.00,250.00,195.00,250.00
196.00,166.00,231.00,166.00,231.00,247.00,196.00,247.00
197.00,167.00,232.00,167.00,232.00,248.00,197.00,248.00
197.00,164.00,233.00,164.00,233.00,246.00,197.00,246.00
200.00,163.00,235.00,163.00,235.00,245.00,200.00,245.00
203.00,161.00,237.00,161.00,237.00,241.00,203.00,241.00
208.00,160.00,241.00,160.00,241.00,240.00,208.00,240.00
211.00,162.00,244.00,162.00,244.00,240.00,211.00,240.00
216.00,160.00,249.00,160.00,249.00,238.00,216.00,238.00
217.00,158.00,252.00,158.00,252.00,236.00,217.00,236.00
219.00,160.00,253.00,160.00,253.00,237.00,219.00,237.00
220.00,161.00,256.00,161.00,256.00,238.00,220.00,238.00
223.00,161.00,258.00,161.00,258.00,239.00,223.00,239.00
228.00,163.00,264.00,163.00,264.00,240.00,228.00,240.00
230.00,161.00,263.00,161.00,263.00,238.00,230.00,238.00
233.00,164.00,268.00,164.00,268.00,240.00,233.00,240.00
236.00,163.00,270.00,163.00,270.00,239.00,236.00,239.00
238.00,163.00,273.00,163.00,273.00,239.00,238.00,239.00
242.00,157.00,280.00,157.00,280.00,246.00,242.00,246.00
244.00,161.00,279.00,161.00,279.00,236.00,244.00,236.00
249.00,160.00,283.00,160.00,283.00,235.00,249.00,235.00
250.00,161.00,285.00,161.00,285.00,237.00,250.00,237.00
254.00,162.00,291.00,162.00,291.00,240.00,254.00,240.00
254.00,160.00,290.00,160.00,290.00,238.00,254.00,238.00
258.00,159.00,296.00,159.00,296.00,240.00,258.00,240.00
261.00,158.00,299.00,158.00,299.00,242.00,261.00,242.00
263.00,157.00,303.00,157.00,303.00,244.00,263.00,244.00
265.00,158.00,307.00,158.00,307.00,244.00,265.00,244.00
268.00,155.00,309.00,155.00,309.00,243.00,268.00,243.00
271.00,156.00,311.00,156.00,311.00,243.00,271.00,243.00
273.00,158.00,313.00,158.00,313.00,244.00,273.00,244.00
286.00,157.00,327.00,157.00,327.00,251.00,286.00,251.00
285.00,157.00,323.00,157.00,323.00,247.00,285.00,247.00
286.00,155.00,324.00,155.00,324.00,242.00,286.00,242.00
287.00,157.00,326.00,157.00,326.00,242.00,287.00,242.00
287.00,159.00,326.00,159.00,326.00,244.00,287.00,244.00
291.00,159.00,332.00,159.00,332.00,245.00,291.00,245.00
293.00,157.00,334.00,157.00,334.00,242.00,293.00,242.00
297.00,161.00,342.00,161.00,342.00,244.00,297.00,244.00
300.00,161.00,345.00,161.00,345.00,244.00,300.00,244.00
308.00,164.00,354.00,164.00,354.00,245.00,308.00,245.00
310.00,161.00,354.00,161.00,354.00,241.00,310.00,241.00
315.00,163.00,356.00,163.00,356.00,240.00,315.00,240.00
317.00,164.00,358.00,164.00,358.00,240.00,317.00,240.00
319.00,164.00,359.00,164.00,359.00,241.00,319.00,241.00
323.00,165.00,364.00,165.00,364.00,243.00,323.00,243.00
322.00,162.00,365.00,162.00,365.00,242.00,322.00,242.00
325.00,160.00,368.00,160.00,368.00,243.00,325.00,243.00
326.00,159.00,370.00,159.00,370.00,242.00,326.00,242.00
330.00,159.00,373.00,159.00,373.00,244.00,330.00,244.00
341.00,160.00,381.00,160.00,381.00,245.00,341.00,245.00
344.00,162.00,385.00,162.00,385.00,246.00,344.00,246.00
344.00,161.00,383.00,161.00,383.00,245.00,344.00,245.00
342.00,157.00,382.00,157.00,382.00,243.00,342.00,243.00
342.00,158.00,385.00,158.00,385.00,245.00,342.00,245.00
347.00,159.00,391.00,159.00,391.00,246.00,347.00,246.00
346.00,158.00,388.00,158.00,388.00,244.00,346.00,244.00
348.00,158.00,390.00,158.00,390.00,244.00,348.00,244.00
348.00,157.00,393.00,157.00,393.00,245.00,348.00,245.00
350.00,159.00,396.00,159.00,396.00,245.00,350.00,245.00
350.00,158.00,395.00,158.00,395.00,244.00,350.00,244.00
351.00,159.00,396.00,159.00,396.00,243.00,351.00,243.00
350.00,164.00,398.00,164.00,398.00,247.00,350.00,247.00
350.00,162.00,397.00,162.00,397.00,245.00,350.00,245.00
350.00,161.00,396.00,161.00,396.00,246.00,350.00,246.00
351.00,161.00,398.00,161.00,398.00,246.00,351.00,246.00
354.00,161.00,399.00,161.00,399.00,245.00,354.00,245.00
353.00,158.00,397.00,158.00,397.00,242.00,353.00,242.00
353.00,160.00,399.00,160.00,399.00,244.00,353.00,244.00
352.00,157.00,397.00,157.00,397.00,240.00,352.00,240.00
351.00,159.00,396.00,159.00,396.00,243.00,351.00,243.00
351.00,162.00,395.00,162.00,395.00,244.00,351.00,244.00
