1
275.00,66.00,296.00,66.00,296.00,136.00,275.00,136.00
276.00,67.00,298.00,67.00,298.00,136.00,276.00,136.00
275.00,67.00,298.00,67.00,298.00,136.00,275.00,136.00
275.00,69.00,298.00,69.00,298.00,135.00,275.00,135.00
275.00,69.00,298.00,69.00,298.00,136.00,275.00,136.00
275.00,68.00,296.00,68.00,296.00,136.00,275.00,136.00
275.00,66.00,296.00,66.00,296.00,135.00,275.00,135.00
274.00,66.00,297.00,66.00,297.00,135.00,274.00,135.00
274.00,66.00,297.00,66.00,297.00,135.00,274.00,135.00
275.00,68.00,297.00,68.00,297.00,135.00,275.00,135.00
275.00,68.00,297.00,68.00,297.00,136.00,275.00,136.00
276.00,66.00,298.00,66.00,298.00,137.00,276.00,137.00
276.00,66.00,297.00,66.00,297.00,136.00,276.00,136.00
277.00,67.00,299.00,67.00,299.00,136.00,277.00,136.00
276.00,66.00,299.00,66.00,299.00,136.00,276.00,136.00
276.00,68.00,298.00,68.00,298.00,135.00,276.00,135.00
275.00,68.00,297.00,68.00,297.00,137.00,275.00,137.00
275.00,66.00,296.00,66.00,296.00,137.00,275.00,137.00
275.00,67.00,295.00,67.00,295.00,135.00,275.00,135.00
275.00,67.00,297.00,67.00,297.00,134.00,275.00,134.00
274.00,66.00,296.00,66.00,296.00,135.00,274.00,135.00
276.00,69.00,298.00,69.00,298.00,135.00,276.00,135.00
276.00,67.00,298.00,67.00,298.00,136.00,276.00,136.00
276.00,66.00,298.00,66.00,298.00,135.00,276.00,135.00
276.00,65.00,299.00,65.00,299.00,134.00,276.00,134.00
277.00,65.00,299.00,65.00,299.00,135.00,277.00,135.00
276.00,65.00,299.00,65.00,299.00,135.00,276.00,135.00
277.00,66.00,300.00,66.00,300.00,133.00,277.00,133.00
275.00,64.00,298.00,64.00,298.00,134.00,275.00,134.00
275.00,63.00,297.00,63.00,297.00,134.00,275.00,134.00
274.00,64.00,296.00,64.00,296.00,133.00,274.00,133.00
274.00,63.00,297.00,63.00,297.00,133.00,274.00,133.00
273.00,62.00,297.00,62.00,297.00,132.00,273.00,132.00
274.00,64.00,298.00,64.00,298.00,132.00,274.00,132.00
275.00,64.00,298.00,64.00,298.00,135.00,275.00,135.00
275.00,63.00,298.00,63.00,298.00,133.00,275.00,133.00
275.00,63.00,299.00,63.00,299.00,134.00,275.00,134.00
277.00,63.00,300.00,63.00,300.00,133.00,277.00,133.00
276.00,63.00,300.00,63.00,300.00,135.00,276.00,135.00
276.00,65.00,299.00,65.00,299.00,133.00,276.00,133.00
275.00,64.00,298.00,64.00,298.00,133.00,275.00,133.00
275.00,64.00,297.00,64.00,297.00,134.00,275.00,134.00
274.00,65.00,295.00,65.00,295.00,133.00,274.00,133.00
274.00,64.00,297.00,64.00,297.00,132.00,274.00,132.00
273.00,64.00,296.00,64.00,296.00,132.00,273.00,132.00
274.00,65.00,297.00,65.00,297.00,134.00,274.00,134.00
274.00,65.00,297.00,65.00,297.00,134.00,274.00,134.00
274.00,65.00,296.00,65.00,296.00,134.00,274.00,134.00
275.00,64.00,299.00,64.00,299.00,134.00,275.00,134.00
275.00,64.00,298.00,64.00,298.00,135.00,275.00,135.00
275.00,65.00,298.00,65.00,298.00,134.00,275.00,134.00
274.00,64.00,298.00,64.00,298.00,134.00,274.00,134.00
274.00,64.00,297.00,64.00,297.00,135.00,274.00,135.00
273.00,63.00,295.00,63.00,295.00,135.00,273.00,135.00
273.00,63.00,295.00,63.00,295.00,134.00,273.00,134.00
272.00,63.00,295.00,63.00,295.00,134.00,272.00,134.00
272.00,62.00,296.00,62.00,296.00,133.00,272.00,133.00
272.00,64.00,296.00,64.00,296.00,134.00,272.00,134.00
272.00,64.00,296.00,64.00,296.00,135.00,272.00,135.00
273.00,64.00,296.00,64.00,296.00,134.00,273.00,134.00
274.00,65.00,297.00,65.00,297.00,135.00,274.00,135.00
274.00,64.00,297.00,64.00,297.00,136.00,274.00,136.00
274.00,63.00,297.00,63.00,297.00,135.00,274.00,135.00
274.00,66.00,298.00,66.00,298.00,133.00,274.00,133.00
272.00,67.00,296.00,67.00,296.00,135.00,272.00,135.00
272.00,66.00,295.00,66.00,295.00,134.00,272.00,134.00
271.00,65.00,295.00,65.00,295.00,134.00,271.00,134.00
270.00,65.00,295.00,65.00,295.00,132.00,270.00,132.00
271.00,65.00,295.00,65.00,295.00,133.00,271.00,133.00
271.00,65.00,296.00,65.00,296.00,135.00,271.00,135.00
272.00,65.00,295.00,65.00,295.00,136.00,272.00,136.00
270.00,63.00,295.00,63.00,295.00,134.00,270.00,134.00
270.00,62.00,295.00,62.00,295.00,135.00,270.00,135.00
271.00,63.00,297.00,63.00,297.00,137.00,271.00,137.00
270.00,64.00,295.00,64.00,295.00,136.00,270.00,136.00
270.00,64.00,296.00,64.00,296.00,134.00,270.00,134.00
269.00,65.00,294.00,65.00,294.00,135.00,269.00,135.00
269.00,64.00,292.00,64.00,292.00,136.00,269.00,136.00
269.00,65.00,292.00,65.00,292.00,134.00,269.00,134.00
267.00,63.00,291.00,63.00,291.00,134.00,267.00,134.00
267.00,64.00,292.00,64.00,292.00,134.00,267.00,134.00
267.00,63.00,292.00,63.00,292.00,134.00,267.00,134.00
267.00,62.00,292.00,62.00,292.00,133.00,267.00,133.00
267.00,61.00,291.00,61.00,291.00,133.00,267.00,133.00
267.00,62.00,291.00,62.00,291.00,133.00,267.00,133.00
267.00,61.00,291.00,61.00,291.00,134.00,267.00,134.00
266.00,61.00,291.00,61.00,291.00,135.00,266.00,135.00
265.00,61.00,290.00,61.00,290.00,134.00,265.00,134.00
265.00,64.00,290.00,64.00,290.00,136.00,265.00,136.00
266.00,63.00,290.00,63.00,290.00,136.00,266.00,136.00
265.00,62.00,290.00,62.00,290.00,136.00,265.00,136.00
265.00,65.00,291.00,65.00,291.00,137.00,265.00,137.00
266.00,64.00,292.00,64.00,292.00,137.00,266.00,137.00
267.00,68.00,294.00,68.00,294.00,140.00,267.00,140.00
266.00,68.00,294.00,68.00,294.00,143.00,266.00,143.00
267.00,70.00,294.00,70.00,294.00,144.00,267.00,144.00
269.00,70.00,295.00,70.00,295.00,144.00,269.00,144.00
270.00,73.00,295.00,73.00,295.00,146.00,270.00,146.00
269.00,73.00,296.00,73.00,296.00,148.00,269.00,148.00
269.00,74.00,295.00,74.00,295.00,148.00,269.00,148.00
267.00,75.00,296.00,75.00,296.00,146.00,267.00,146.00
267.00,76.00,294.00,76.00,294.00,148.00,267.00,148.00
265.00,74.00,290.00,74.00,290.00,147.00,265.00,147.00
264.00,73.00,291.00,73.00,291.00,147.00,264.00,147.00
263.00,74.00,289.00,74.00,289.00,148.00,263.00,148.00
263.00,70.00,290.00,70.00,290.00,144.00,263.00,144.00
263.00,69.00,289.00,69.00,289.00,141.00,263.00,141.00
263.00,68.00,290.00,68.00,290.00,141.00,263.00,141.00
264.00,67.00,290.00,67.00,290.00,140.00,264.00,140.00
264.00,70.00,289.00,70.00,289.00,145.00,264.00,145.00
263.00,70.00,289.00,70.00,289.00,147.00,263.00,147.00
262.00,69.00,287.00,69.00,287.00,147.00,262.00,147.00
262.00,69.00,286.00,69.00,286.00,146.00,262.00,146.00
264.00,70.00,289.00,70.00,289.00,141.00,264.00,141.00
263.00,70.00,289.00,70.00,289.00,142.00,263.00,142.00
264.00,70.00,289.00,70.00,289.00,144.00,264.00,144.00
264.00,70.00,291.00,70.00,291.00,145.00,264.00,145.00
265.00,67.00,293.00,67.00,293.00,145.00,265.00,145.00
266.00,66.00,293.00,66.00,293.00,145.00,266.00,145.00
268.00,66.00,295.00,66.00,295.00,141.00,268.00,141.00
271.00,68.00,297.00,68.00,297.00,141.00,271.00,141.00
273.00,68.00,298.00,68.00,298.00,142.00,273.00,142.00
274.00,69.00,300.00,69.00,300.00,141.00,274.00,141.00
274.00,68.00,300.00,68.00,300.00,144.00,274.00,144.00
275.00,67.00,301.00,67.00,301.00,142.00,275.00,142.00
275.00,68.00,301.00,68.00,301.00,143.00,275.00,143.00
275.00,69.00,302.00,69.00,302.00,145.00,275.00,145.00
276.00,67.00,303.00,67.00,303.00,144.00,276.00,144.00
276.00,69.00,304.00,69.00,304.00,146.00,276.00,146.00
276.00,65.00,305.00,65.00,305.00,146.00,276.00,146.00
277.00,64.00,304.00,64.00,304.00,143.00,277.00,143.00
279.00,67.00,305.00,67.00,305.00,140.00,279.00,140.00
281.00,67.00,307.00,67.00,307.00,142.00,281.00,142.00
281.00,70.00,307.00,70.00,307.00,146.00,281.00,146.00
281.00,71.00,308.00,71.00,308.00,146.00,281.00,146.00
281.00,69.00,308.00,69.00,308.00,144.00,281.00,144.00
280.00,67.00,306.00,67.00,306.00,142.00,280.00,142.00
280.00,66.00,308.00,66.00,308.00,139.00,280.00,139.00
279.00,66.00,308.00,66.00,308.00,142.00,279.00,142.00
279.00,67.00,307.00,67.00,307.00,144.00,279.00,144.00
280.00,64.00,310.00,64.00,310.00,143.00,280.00,143.00
282.00,64.00,310.00,64.00,310.00,144.00,282.00,144.00
282.00,64.00,310.00,64.00,310.00,143.00,282.00,143.00
284.00,64.00,311.00,64.00,311.00,142.00,284.00,142.00
283.00,66.00,311.00,66.00,311.00,145.00,283.00,145.00
283.00,68.00,310.00,68.00,310.00,145.00,283.00,145.00
284.00,70.00,311.00,70.00,311.00,147.00,284.00,147.00
284.00,68.00,309.00,68.00,309.00,148.00,284.00,148.00
284.00,70.00,310.00,70.00,310.00,147.00,284.00,147.00
284.00,69.00,312.00,69.00,312.00,147.00,284.00,147.00
284.00,70.00,312.00,70.00,312.00,149.00,284.00,149.00
284.00,71.00,313.00,71.00,313.00,152.00,284.00,152.00
285.00,67.00,313.00,67.00,313.00,146.00,285.00,146.00
286.00,65.00,315.00,65.00,315.00,141.00,286.00,141.00
287.00,65.00,315.00,65.00,315.00,141.00,287.00,141.00
288.00,64.00,317.00,64.00,317.00,142.00,288.00,142.00
288.00,68.00,316.00,68.00,316.00,143.00,288.00,143.00
289.00,65.00,317.00,65.00,317.00,144.00,289.00,144.00
289.00,64.00,316.00,64.00,316.00,140.00,289.00,140.00
288.00,61.00,315.00,61.00,315.00,138.00,288.00,138.00
288.00,60.00,315.00,60.00,315.00,137.00,288.00,137.00
287.00,59.00,315.00,59.00,315.00,138.00,287.00,138.00
287.00,58.00,316.00,58.00,316.00,136.00,287.00,136.00
288.00,57.00,317.00,57.00,317.00,140.00,288.00,140.00
288.00,55.00,316.00,55.00,316.00,137.00,288.00,137.00
289.00,55.00,317.00,55.00,317.00,137.00,289.00,137.00
290.00,56.00,319.00,56.00,319.00,137.00,290.00,137.00
290.00,56.00,318.00,56.00,318.00,134.00,290.00,134.00
290.00,57.00,318.00,57.00,318.00,137.00,290.00,137.00
289.00,56.00,318.00,56.00,318.00,138.00,289.00,138.00
289.00,55.00,315.00,55.00,315.00,139.00,289.00,139.00
289.00,58.00,316.00,58.00,316.00,137.00,289.00,137.00
289.00,56.00,316.00,56.00,316.00,135.00,289.00,135.00
288.00,56.00,316.00,56.00,316.00,137.00,288.00,137.00
289.00,58.00,319.00,58.00,319.00,137.00,289.00,137.00
289.00,56.00,320.00,56.00,320.00,140.00,289.00,140.00
290.00,55.00,320.00,55.00,320.00,140.00,290.00,140.00
290.00,55.00,320.00,55.00,320.00,137.00,290.00,137.00
291.00,56.00,320.00,56.00,320.00,138.00,291.00,138.00
293.00,55.00,322.00,55.00,322.00,140.00,293.00,140.00
294.00,58.00,322.00,58.00,322.00,140.00,294.00,140.00
293.00,58.00,323.00,58.00,323.00,143.00,293.00,143.00
293.00,56.00,322.00,56.00,322.00,140.00,293.00,140.00
293.00,58.00,321.00,58.00,321.00,138.00,293.00,138.00
291.00,55.00,320.00,55.00,320.00,137.00,291.00,137.00
292.00,56.00,321.00,56.00,321.00,136.00,292.00,136.00
291.00,56.00,322.00,56.00,322.00,139.00,291.00,139.00
292.00,57.00,324.00,57.00,324.00,143.00,292.00,143.00
293.00,54.00,324.00,54.00,324.00,142.00,293.00,142.00
293.00,54.00,324.00,54.00,324.00,139.00,293.00,139.00
295.00,53.00,325.00,53.00,325.00,137.00,295.00,137.00
295.00,56.00,325.00,56.00,325.00,143.00,295.00,143.00
296.00,59.00,325.00,59.00,325.00,144.00,296.00,144.00
295.00,57.00,324.00,57.00,324.00,144.00,295.00,144.00
295.00,56.00,323.00,56.00,323.00,142.00,295.00,142.00
294.00,57.00,324.00,57.00,324.00,140.00,294.00,140.00
294.00,57.00,324.00,57.00,324.00,139.00,294.00,139.00
293.00,56.00,323.00,56.00,323.00,138.00,293.00,138.00
294.00,58.00,324.00,58.00,324.00,141.00,294.00,141.00
294.00,59.00,325.00,59.00,325.00,144.00,294.00,144.00
294.00,55.00,325.00,55.00,325.00,144.00,294.00,144.00
294.00,55.00,325.00,55.00,325.00,141.00,294.00,141.00
295.00,56.00,326.00,56.00,326.00,140.00,295.00,140.00
295.00,56.00,326.00,56.00,326.00,145.00,295.00,145.00
296.00,61.00,325.00,61.00,325.00,146.00,296.00,146.00
295.00,59.00,325.00,59.00,325.00,147.00,295.00,147.00
295.00,56.00,324.00,56.00,324.00,146.00,295.00,146.00
296.00,58.00,324.00,58.00,324.00,144.00,296.00,144.00
294.00,56.00,323.00,56.00,323.00,142.00,294.00,142.00
294.00,59.00,324.00,59.00,324.00,144.00,294.00,144.00
292.00,55.00,324.00,55.00,324.00,139.00,292.00,139.00
294.00,59.00,325.00,59.00,325.00,146.00,294.00,146.00
294.00,55.00,328.00,55.00,328.00,147.00,294.00,147.00
295.00,58.00,328.00,58.00,328.00,149.00,295.00,149.00
297.00,57.00,329.00,57.00,329.00,147.00,297.00,147.00
299.00,58.00,328.00,58.00,328.00,149.00,299.00,149.00
298.00,59.00,329.00,59.00,329.00,151.00,298.00,151.00
298.00,60.00,328.00,60.00,328.00,148.00,298.00,148.00
298.00,57.00,328.00,57.00,328.00,146.00,298.00,146.00
298.00,58.00,327.00,58.00,327.00,145.00,298.00,145.00
298.00,59.00,327.00,59.00,327.00,142.00,298.00,142.00
297.00,58.00,326.00,58.00,326.00,141.00,297.00,141.00
296.00,55.00,327.00,55.00,327.00,140.00,296.00,140.00
299.00,57.00,329.00,57.00,329.00,144.00,299.00,144.00
298.00,53.00,329.00,53.00,329.00,141.00,298.00,141.00
300.00,53.00,329.00,53.00,329.00,142.00,300.00,142.00
300.00,54.00,331.00,54.00,331.00,144.00,300.00,144.00
301.00,56.00,332.00,56.00,332.00,148.00,301.00,148.00
303.00,59.00,332.00,59.00,332.00,148.00,303.00,148.00
302.00,57.00,332.00,57.00,332.00,147.00,302.00,147.00
301.00,56.00,331.00,56.00,331.00,149.00,301.00,149.00
301.00,54.00,331.00,54.00,331.00,140.00,301.00,140.00
302.00,55.00,331.00,55.00,331.00,138.00,302.00,138.00
302.00,56.00,330.00,56.00,330.00,141.00,302.00,141.00
301.00,59.00,329.00,59.00,329.00,142.00,301.00,142.00
301.00,58.00,330.00,58.00,330.00,146.00,301.00,146.00
302.00,58.00,331.00,58.00,331.00,142.00,302.00,142.00
303.00,60.00,332.00,60.00,332.00,141.00,303.00,141.00
304.00,57.00,332.00,57.00,332.00,141.00,304.00,141.00
305.00,59.00,334.00,59.00,334.00,145.00,305.00,145.00
305.00,61.00,335.00,61.00,335.00,145.00,305.00,145.00
304.00,61.00,334.00,61.00,334.00,146.00,304.00,146.00
305.00,59.00,332.00,59.00,332.00,144.00,305.00,144.00
306.00,57.00,333.00,57.00,333.00,140.00,306.00,140.00
306.00,60.00,332.00,60.00,332.00,142.00,306.00,142.00
304.00,58.00,332.00,58.00,332.00,140.00,304.00,140.00
304.00,57.00,332.00,57.00,332.00,139.00,304.00,139.00
306.00,61.00,333.00,61.00,333.00,144.00,306.00,144.00
305.00,59.00,335.00,59.00,335.00,142.00,305.00,142.00
306.00,59.00,335.00,59.00,335.00,141.00,306.00,141.00
305.00,60.00,335.00,60.00,335.00,145.00,305.00,145.00
306.00,59.00,335.00,59.00,335.00,148.00,306.00,148.00
305.00,60.00,333.00,60.00,333.00,144.00,305.00,144.00
302.00,63.00,330.00,63.00,330.00,147.00,302.00,147.00
304.00,60.00,332.00,60.00,332.00,144.00,304.00,144.00
304.00,60.00,332.00,60.00,332.00,145.00,304.00,145.00
303.00,59.00,332.00,59.00,332.00,143.00,303.00,143.00
303.00,60.00,333.00,60.00,333.00,145.00,303.00,145.00
304.00,59.00,333.00,59.00,333.00,145.00,304.00,145.00
304.00,63.00,334.00,63.00,334.00,150.00,304.00,150.00
304.00,61.00,335.00,61.00,335.00,146.00,304.00,146.00
305.00,61.00,335.00,61.00,335.00,146.00,305.00,146.00
304.00,61.00,337.00,61.00,337.00,150.00,304.00,150.00
304.00,60.00,335.00,60.00,335.00,151.00,304.00,151.00
304.00,62.00,335.00,62.00,335.00,150.00,304.00,150.00
302.00,68.00,331.00,68.00,331.00,154.00,302.00,154.00
304.00,64.00,331.00,64.00,331.00,146.00,304.00,146.00
304.00,61.00,332.00,61.00,332.00,142.00,304.00,142.00
305.00,62.00,334.00,62.00,334.00,148.00,305.00,148.00
304.00,62.00,333.00,62.00,333.00,148.00,304.00,148.00
306.00,64.00,336.00,64.00,336.00,148.00,306.00,148.00
306.00,60.00,336.00,60.00,336.00,146.00,306.00,146.00
305.00,60.00,335.00,60.00,335.00,142.00,305.00,142.00
306.00,62.00,337.00,62.00,337.00,146.00,306.00,146.00
307.00,59.00,338.00,59.00,338.00,147.00,307.00,147.00
304.00,62.00,335.00,62.00,335.00,154.00,304.00,154.00
305.00,64.00,335.00,64.00,335.00,149.00,305.00,149.00
302.00,68.00,331.00,68.00,331.00,154.00,302.00,154.00
305.00,63.00,334.00,63.00,334.00,146.00,305.00,146.00
305.00,62.00,334.00,62.00,334.00,146.00,305.00,146.00
304.00,62.00,333.00,62.00,333.00,145.00,304.00,145.00
303.00,61.00,333.00,61.00,333.00,142.00,303.00,142.00
304.00,68.00,336.00,68.00,336.00,153.00,304.00,153.00
304.00,66.00,336.00,66.00,336.00,152.00,304.00,152.00
303.00,68.00,336.00,68.00,336.00,151.00,303.00,151.00
305.00,66.00,337.00,66.00,337.00,150.00,305.00,150.00
303.00,63.00,337.00,63.00,337.00,153.00,303.00,153.00
302.00,66.00,337.00,66.00,337.00,157.00,302.00,157.00
304.00,66.00,335.00,66.00,335.00,150.00,304.00,150.00
302.00,67.00,332.00,67.00,332.00,151.00,302.00,151.00
303.00,64.00,334.00,64.00,334.00,148.00,303.00,148.00
302.00,67.00,332.00,67.00,332.00,153.00,302.00,153.00
301.00,64.00,331.00,64.00,331.00,153.00,301.00,153.00
301.00,66.00,333.00,66.00,333.00,154.00,301.00,154.00
300.00,65.00,332.00,65.00,332.00,155.00,300.00,155.00
300.00,63.00,332.00,63.00,332.00,154.00,300.00,154.00
299.00,64.00,332.00,64.00,332.00,148.00,299.00,148.00
301.00,64.00,332.00,64.00,332.00,152.00,301.00,152.00
300.00,66.00,334.00,66.00,334.00,161.00,300.00,161.00
299.00,68.00,334.00,68.00,334.00,164.00,299.00,164.00
298.00,69.00,332.00,69.00,332.00,161.00,298.00,161.00
297.00,68.00,329.00,68.00,329.00,156.00,297.00,156.00
296.00,65.00,329.00,65.00,329.00,150.00,296.00,150.00
293.00,65.00,327.00,65.00,327.00,148.00,293.00,148.00
290.00,66.00,325.00,66.00,325.00,153.00,290.00,153.00
289.00,65.00,324.00,65.00,324.00,151.00,289.00,151.00
288.00,66.00,324.00,66.00,324.00,155.00,288.00,155.00
286.00,64.00,323.00,64.00,323.00,155.00,286.00,155.00
285.00,64.00,323.00,64.00,323.00,151.00,285.00,151.00
285.00,65.00,323.00,65.00,323.00,155.00,285.00,155.00
283.00,65.00,323.00,65.00,323.00,162.00,283.00,162.00
284.00,66.00,323.00,66.00,323.00,168.00,284.00,168.00
284.00,68.00,320.00,68.00,320.00,167.00,284.00,167.00
283.00,70.00,320.00,70.00,320.00,167.00,283.00,167.00
281.00,70.00,318.00,70.00,318.00,163.00,281.00,163.00
279.00,67.00,315.00,67.00,315.00,163.00,279.00,163.00
277.00,70.00,312.00,70.00,312.00,169.00,277.00,169.00
276.00,71.00,311.00,71.00,311.00,171.00,276.00,171.00
276.00,71.00,312.00,71.00,312.00,174.00,276.00,174.00
275.00,72.00,315.00,72.00,315.00,177.00,275.00,177.00
273.00,69.00,311.00,69.00,311.00,176.00,273.00,176.00
275.00,66.00,312.00,66.00,312.00,168.00,275.00,168.00
278.00,64.00,313.00,64.00,313.00,176.00,278.00,176.00
280.00,65.00,313.00,65.00,313.00,177.00,280.00,177.00
279.00,69.00,314.00,69.00,314.00,175.00,279.00,175.00
277.00,70.00,315.00,70.00,315.00,168.00,277.00,168.00
276.00,66.00,311.00,66.00,311.00,167.00,276.00,167.00
274.00,66.00,307.00,66.00,307.00,171.00,274.00,171.00
272.00,63.00,305.00,63.00,305.00,166.00,272.00,166.00
271.00,64.00,307.00,64.00,307.00,166.00,271.00,166.00
273.00,69.00,311.00,69.00,311.00,172.00,273.00,172.00
269.00,70.00,305.00,70.00,305.00,177.00,269.00,177.00
268.00,68.00,305.00,68.00,305.00,181.00,268.00,181.00
269.00,68.00,306.00,68.00,306.00,179.00,269.00,179.00
268.00,69.00,306.00,69.00,306.00,178.00,268.00,178.00
266.00,70.00,305.00,70.00,305.00,187.00,266.00,187.00
264.00,72.00,305.00,72.00,305.00,188.00,264.00,188.00
266.00,75.00,306.00,75.00,306.00,184.00,266.00,184.00
263.00,72.00,306.00,72.00,306.00,187.00,263.00,187.00
264.00,69.00,302.00,69.00,302.00,179.00,264.00,179.00
264.00,66.00,301.00,66.00,301.00,174.00,264.00,174.00
263.00,63.00,299.00,63.00,299.00,177.00,263.00,177.00
263.00,62.00,299.00,62.00,299.00,180.00,263.00,180.00
262.00,65.00,299.00,65.00,299.00,186.00,262.00,186.00
262.00,65.00,303.00,65.00,303.00,184.00,262.00,184.00
262.00,62.00,302.00,62.00,302.00,184.00,262.00,184.00
262.00,61.00,302.00,61.00,302.00,186.00,262.00,186.00
262.00,61.00,303.00,61.00,303.00,194.00,262.00,194.00
262.00,66.00,303.00,66.00,303.00,192.00,262.00,192.00
263.00,70.00,303.00,70.00,303.00,188.00,263.00,188.00
263.00,69.00,307.00,69.00,307.00,190.00,263.00,190.00
264.00,64.00,304.00,64.00,304.00,186.00,264.00,186.00
263.00,64.00,303.00,64.00,303.00,188.00,263.00,188.00
260.00,63.00,298.00,63.00,298.00,192.00,260.00,192.00
262.00,62.00,301.00,62.00,301.00,188.00,262.00,188.00
263.00,65.00,303.00,65.00,303.00,188.00,263.00,188.00
262.00,63.00,303.00,63.00,303.00,191.00,262.00,191.00
262.00,59.00,308.00,59.00,308.00,196.00,262.00,196.00
264.00,59.00,308.00,59.00,308.00,191.00,264.00,191.00
264.00,59.00,309.00,59.00,309.00,196.00,264.00,196.00
265.00,59.00,309.00,59.00,309.00,200.00,265.00,200.00
265.00,62.00,309.00,62.00,309.00,194.00,265.00,194.00
265.00,65.00,309.00,65.00,309.00,199.00,265.00,199.00
265.00,64.00,310.00,64.00,310.00,201.00,265.00,201.00
267.00,63.00,312.00,63.00,312.00,200.00,267.00,200.00
265.00,62.00,309.00,62.00,309.00,198.00,265.00,198.00
266.00,61.00,310.00,61.00,310.00,199.00,266.00,199.00
267.00,63.00,309.00,63.00,309.00,195.00,267.00,195.00
267.00,65.00,312.00,65.00,312.00,205.00,267.00,205.00
268.00,63.00,316.00,63.00,316.00,204.00,268.00,204.00
268.00,59.00,318.00,59.00,318.00,205.00,268.00,205.00
270.00,63.00,320.00,63.00,320.00,203.00,270.00,203.00
272.00,59.00,320.00,59.00,320.00,205.00,272.00,205.00
273.00,64.00,322.00,64.00,322.00,207.00,273.00,207.00
273.00,67.00,322.00,67.00,322.00,203.00,273.00,203.00
273.00,65.00,323.00,65.00,323.00,206.00,273.00,206.00
274.00,65.00,322.00,65.00,322.00,209.00,274.00,209.00
274.00,64.00,321.00,64.00,321.00,202.00,274.00,202.00
273.00,61.00,321.00,61.00,321.00,198.00,273.00,198.00
274.00,67.00,322.00,67.00,322.00,203.00,274.00,203.00
277.00,68.00,326.00,68.00,326.00,202.00,277.00,202.00
276.00,67.00,325.00,67.00,325.00,208.00,276.00,208.00
277.00,66.00,328.00,66.00,328.00,203.00,277.00,203.00
279.00,64.00,332.00,64.00,332.00,203.00,279.00,203.00
280.00,63.00,335.00,63.00,335.00,201.00,280.00,201.00
281.00,63.00,335.00,63.00,335.00,211.00,281.00,211.00
283.00,67.00,338.00,67.00,338.00,211.00,283.00,211.00
285.00,68.00,338.00,68.00,338.00,212.00,285.00,212.00
283.00,68.00,336.00,68.00,336.00,212.00,283.00,212.00
287.00,64.00,335.00,64.00,335.00,206.00,287.00,206.00
288.00,64.00,337.00,64.00,337.00,202.00,288.00,202.00
286.00,64.00,336.00,64.00,336.00,201.00,286.00,201.00
284.00,64.00,334.00,64.00,334.00,197.00,284.00,197.00
287.00,66.00,337.00,66.00,337.00,202.00,287.00,202.00
287.00,64.00,341.00,64.00,341.00,204.00,287.00,204.00
287.00,60.00,343.00,60.00,343.00,203.00,287.00,203.00
289.00,57.00,345.00,57.00,345.00,204.00,289.00,204.00
292.00,56.00,350.00,56.00,350.00,204.00,292.00,204.00
294.00,56.00,347.00,56.00,347.00,206.00,294.00,206.00
296.00,64.00,352.00,64.00,352.00,212.00,296.00,212.00
295.00,66.00,352.00,66.00,352.00,209.00,295.00,209.00
295.00,65.00,350.00,65.00,350.00,213.00,295.00,213.00
297.00,62.00,353.00,62.00,353.00,211.00,297.00,211.00
294.00,66.00,351.00,66.00,351.00,210.00,294.00,210.00
291.00,64.00,346.00,64.00,346.00,202.00,291.00,202.00
291.00,62.00,346.00,62.00,346.00,204.00,291.00,204.00
291.00,59.00,349.00,59.00,349.00,212.00,291.00,212.00
288.00,60.00,347.00,60.00,347.00,209.00,288.00,209.00
287.00,57.00,348.00,57.00,348.00,214.00,287.00,214.00
287.00,58.00,351.00,58.00,351.00,214.00,287.00,214.00
290.00,53.00,351.00,53.00,351.00,208.00,290.00,208.00
289.00,55.00,352.00,55.00,352.00,217.00,289.00,217.00
287.00,60.00,350.00,60.00,350.00,216.00,287.00,216.00
286.00,63.00,348.00,63.00,348.00,215.00,286.00,215.00
286.00,57.00,348.00,57.00,348.00,214.00,286.00,214.00
288.00,59.00,347.00,59.00,347.00,213.00,288.00,213.00
286.00,50.00,343.00,50.00,343.00,203.00,286.00,203.00
282.00,52.00,339.00,52.00,339.00,204.00,282.00,204.00
283.00,55.00,342.00,55.00,342.00,212.00,283.00,212.00
284.00,59.00,345.00,59.00,345.00,217.00,284.00,217.00
283.00,54.00,348.00,54.00,348.00,217.00,283.00,217.00
286.00,51.00,351.00,51.00,351.00,220.00,286.00,220.00
283.00,51.00,352.00,51.00,352.00,222.00,283.00,222.00
289.00,51.00,351.00,51.00,351.00,221.00,289.00,221.00
290.00,57.00,353.00,57.00,353.00,226.00,290.00,226.00
288.00,60.00,354.00,60.00,354.00,223.00,288.00,223.00
285.00,59.00,353.00,59.00,353.00,228.00,285.00,228.00
289.00,57.00,352.00,57.00,352.00,227.00,289.00,227.00
289.00,54.00,351.00,54.00,351.00,218.00,289.00,218.00
286.00,54.00,352.00,54.00,352.00,217.00,286.00,217.00
283.00,48.00,348.00,48.00,348.00,212.00,283.00,212.00
284.00,55.00,354.00,55.00,354.00,220.00,284.00,220.00
283.00,54.00,352.00,54.00,352.00,225.00,283.00,225.00
284.00,53.00,357.00,53.00,357.00,230.00,284.00,230.00
285.00,50.00,359.00,50.00,359.00,234.00,285.00,234.00
288.00,52.00,358.00,52.00,358.00,230.00,288.00,230.00
291.00,50.00,361.00,50.00,361.00,233.00,291.00,233.00
292.00,54.00,360.00,54.00,360.00,237.00,292.00,237.00
293.00,58.00,359.00,58.00,359.00,235.00,293.00,235.00
290.00,62.00,362.00,62.00,362.00,241.00,290.00,241.00
294.00,57.00,360.00,57.00,360.00,227.00,294.00,227.00
290.00,56.00,359.00,56.00,359.00,233.00,290.00,233.00
293.00,45.00,356.00,45.00,356.00,222.00,293.00,222.00
289.00,53.00,358.00,53.00,358.00,221.00,289.00,221.00
291.00,54.00,362.00,54.00,362.00,222.00,291.00,222.00
290.00,57.00,367.00,57.00,367.00,234.00,290.00,234.00
290.00,52.00,366.00,52.00,366.00,231.00,290.00,231.00
292.00,48.00,366.00,48.00,366.00,233.00,292.00,233.00
294.00,50.00,370.00,50.00,370.00,238.00,294.00,238.00
299.00,49.00,371.00,49.00,371.00,234.00,299.00,234.00
301.00,51.00,373.00,51.00,373.00,241.00,301.00,241.00
305.00,57.00,376.00,57.00,376.00,230.00,305.00,230.00
305.00,57.00,375.00,57.00,375.00,232.00,305.00,232.00
310.00,51.00,379.00,51.00,379.00,225.00,310.00,225.00
306.00,53.00,375.00,53.00,375.00,223.00,306.00,223.00
303.00,47.00,374.00,47.00,374.00,220.00,303.00,220.00
302.00,49.00,373.00,49.00,373.00,225.00,302.00,225.00
303.00,57.00,374.00,57.00,374.00,228.00,303.00,228.00
303.00,65.00,376.00,65.00,376.00,244.00,303.00,244.00
306.00,57.00,386.00,57.00,386.00,239.00,306.00,239.00
308.00,47.00,384.00,47.00,384.00,232.00,308.00,232.00
307.00,52.00,387.00,52.00,387.00,241.00,307.00,241.00
309.00,50.00,389.00,50.00,389.00,244.00,309.00,244.00
312.00,59.00,392.00,59.00,392.00,250.00,312.00,250.00
309.00,60.00,389.00,60.00,389.00,252.00,309.00,252.00
308.00,64.00,387.00,64.00,387.00,248.00,308.00,248.00
307.00,61.00,385.00,61.00,385.00,250.00,307.00,250.00
306.00,56.00,383.00,56.00,383.00,245.00,306.00,245.00
301.00,54.00,379.00,54.00,379.00,249.00,301.00,249.00
300.00,52.00,377.00,52.00,377.00,237.00,300.00,237.00
297.00,58.00,377.00,58.00,377.00,247.00,297.00,247.00
295.00,61.00,374.00,61.00,374.00,255.00,295.00,255.00
292.00,55.00,376.00,55.00,376.00,259.00,292.00,259.00
289.00,52.00,378.00,52.00,378.00,261.00,289.00,261.00
289.00,51.00,375.00,51.00,375.00,259.00,289.00,259.00
288.00,51.00,376.00,51.00,376.00,261.00,288.00,261.00
288.00,57.00,374.00,57.00,374.00,269.00,288.00,269.00
287.00,66.00,370.00,66.00,370.00,265.00,287.00,265.00
286.00,64.00,368.00,64.00,368.00,261.00,286.00,261.00
287.00,60.00,365.00,60.00,365.00,250.00,287.00,250.00
284.00,59.00,363.00,59.00,363.00,253.00,284.00,253.00
281.00,59.00,363.00,59.00,363.00,252.00,281.00,252.00
276.00,58.00,357.00,58.00,357.00,258.00,276.00,258.00
282.00,68.00,360.00,68.00,360.00,257.00,282.00,257.00
282.00,65.00,359.00,65.00,359.00,260.00,282.00,260.00
280.00,58.00,368.00,58.00,368.00,257.00,280.00,257.00
280.00,57.00,367.00,57.00,367.00,261.00,280.00,261.00
279.00,55.00,368.00,55.00,368.00,258.00,279.00,258.00
280.00,56.00,370.00,56.00,370.00,262.00,280.00,262.00
285.00,57.00,372.00,57.00,372.00,270.00,285.00,270.00
288.00,59.00,369.00,59.00,369.00,272.00,288.00,272.00
288.00,55.00,372.00,55.00,372.00,266.00,288.00,266.00
291.00,58.00,374.00,58.00,374.00,258.00,291.00,258.00
292.00,62.00,374.00,62.00,374.00,259.00,292.00,259.00
291.00,63.00,376.00,63.00,376.00,258.00,291.00,258.00
282.00,47.00,362.00,47.00,362.00,255.00,282.00,255.00
274.00,45.00,357.00,45.00,357.00,267.00,274.00,267.00
275.00,54.00,359.00,54.00,359.00,273.00,275.00,273.00
271.00,52.00,360.00,52.00,360.00,269.00,271.00,269.00
274.00,48.00,367.00,48.00,367.00,267.00,274.00,267.00
275.00,42.00,370.00,42.00,370.00,262.00,275.00,262.00
275.00,42.00,367.00,42.00,367.00,259.00,275.00,259.00
272.00,45.00,368.00,45.00,368.00,271.00,272.00,271.00
270.00,51.00,356.00,51.00,356.00,281.00,270.00,281.00
266.00,59.00,352.00,59.00,352.00,278.00,266.00,278.00
261.00,68.00,348.00,68.00,348.00,278.00,261.00,278.00
258.00,60.00,347.00,60.00,347.00,267.00,258.00,267.00
258.00,54.00,346.00,54.00,346.00,263.00,258.00,263.00
259.00,53.00,343.00,53.00,343.00,258.00,259.00,258.00
261.00,57.00,346.00,57.00,346.00,257.00,261.00,257.00
258.00,57.00,344.00,57.00,344.00,256.00,258.00,256.00
262.00,59.00,342.00,59.00,342.00,255.00,262.00,255.00
263.00,54.00,347.00,54.00,347.00,256.00,263.00,256.00
257.00,44.00,346.00,44.00,346.00,247.00,257.00,247.00
257.00,50.00,351.00,50.00,351.00,261.00,257.00,261.00
255.00,53.00,352.00,53.00,352.00,268.00,255.00,268.00
251.00,59.00,350.00,59.00,350.00,276.00,251.00,276.00
243.00,71.00,343.00,71.00,343.00,282.00,243.00,282.00
232.00,69.00,328.00,69.00,328.00,275.00,232.00,275.00
216.00,74.00,311.00,74.00,311.00,274.00,216.00,274.00
204.00,74.00,298.00,74.00,298.00,263.00,204.00,263.00
196.00,57.00,279.00,57.00,279.00,250.00,196.00,250.00
195.00,69.00,269.00,69.00,269.00,262.00,195.00,262.00
191.00,80.00,267.00,80.00,267.00,269.00,191.00,269.00
199.00,94.00,273.00,94.00,273.00,270.00,199.00,270.00
204.00,89.00,280.00,89.00,280.00,264.00,204.00,264.00
212.00,91.00,297.00,91.00,297.00,271.00,212.00,271.00
229.00,90.00,320.00,90.00,320.00,280.00,229.00,280.00
238.00,97.00,328.00,97.00,328.00,280.00,238.00,280.00
248.00,100.00,332.00,100.00,332.00,279.00,248.00,279.00
265.00,106.00,341.00,106.00,341.00,274.00,265.00,274.00
274.00,109.00,353.00,109.00,353.00,282.00,274.00,282.00
273.00,106.00,353.00,106.00,353.00,287.00,273.00,287.00
263.00,98.00,343.00,98.00,343.00,272.00,263.00,272.00
274.00,99.00,345.00,99.00,345.00,282.00,274.00,282.00
267.00,98.00,335.00,98.00,335.00,276.00,267.00,276.00
260.00,95.00,332.00,95.00,332.00,273.00,260.00,273.00
266.00,104.00,333.00,104.00,333.00,281.00,266.00,281.00
251.00,99.00,337.00,99.00,337.00,294.00,251.00,294.00
250.00,102.00,327.00,102.00,327.00,277.00,250.00,277.00
250.00,96.00,327.00,96.00,327.00,275.00,250.00,275.00
254.00,96.00,328.00,96.00,328.00,274.00,254.00,274.00
268.00,107.00,336.00,107.00,336.00,274.00,268.00,274.00
276.00,117.00,340.00,117.00,340.00,276.00,276.00,276.00
274.00,116.00,344.00,116.00,344.00,274.00,274.00,274.00
272.00,114.00,344.00,114.00,344.00,261.00,272.00,261.00
277.00,115.00,349.00,115.00,349.00,263.00,277.00,263.00
289.00,107.00,361.00,107.00,361.00,268.00,289.00,268.00
299.00,113.00,363.00,113.00,363.00,270.00,299.00,270.00
303.00,123.00,361.00,123.00,361.00,278.00,303.00,278.00
305.00,118.00,362.00,118.00,362.00,276.00,305.00,276.00
302.00,118.00,361.00,118.00,361.00,264.00,302.00,264.00
304.00,116.00,368.00,116.00,368.00,268.00,304.00,268.00
307.00,111.00,371.00,111.00,371.00,259.00,307.00,259.00
305.00,113.00,372.00,113.00,372.00,260.00,305.00,260.00
309.00,116.00,365.00,116.00,365.00,268.00,309.00,268.00
309.00,115.00,366.00,115.00,366.00,268.00,309.00,268.00
312.00,124.00,365.00,124.00,365.00,270.00,312.00,270.00
316.00,125.00,372.00,125.00,372.00,269.00,316.00,269.00
315.00,124.00,375.00,124.00,375.00,272.00,315.00,272.00
301.00,122.00,360.00,122.00,360.00,265.00,301.00,265.00
296.00,123.00,354.00,123.00,354.00,264.00,296.00,264.00
294.00,122.00,346.00,122.00,346.00,263.00,294.00,263.00
292.00,125.00,346.00,125.00,346.00,265.00,292.00,265.00
286.00,139.00,343.00,139.00,343.00,274.00,286.00,274.00
281.00,136.00,336.00,136.00,336.00,263.00,281.00,263.00
274.00,126.00,331.00,126.00,331.00,250.00,274.00,250.00
275.00,122.00,327.00,122.00,327.00,248.00,275.00,248.00
269.00,128.00,322.00,128.00,322.00,258.00,269.00,258.00
269.00,126.00,321.00,126.00,321.00,260.00,269.00,260.00
269.00,132.00,321.00,132.00,321.00,260.00,269.00,260.00
275.00,132.00,327.00,132.00,327.00,262.00,275.00,262.00
275.00,141.00,328.00,141.00,328.00,268.00,275.00,268.00
268.00,137.00,321.00,137.00,321.00,258.00,268.00,258.00
265.00,136.00,318.00,136.00,318.00,258.00,265.00,258.00
266.00,141.00,315.00,141.00,315.00,261.00,266.00,261.00
265.00,133.00,328.00,133.00,328.00,274.00,265.00,274.00
277.00,143.00,321.00,143.00,321.00,264.00,277.00,264.00
279.00,140.00,324.00,140.00,324.00,260.00,279.00,260.00
280.00,136.00,330.00,136.00,330.00,257.00,280.00,257.00
276.00,137.00,320.00,137.00,320.00,257.00,276.00,257.00
277.00,139.00,321.00,139.00,321.00,258.00,277.00,258.00
271.00,138.00,331.00,138.00,331.00,272.00,271.00,272.00
282.00,144.00,324.00,144.00,324.00,258.00,282.00,258.00
288.00,155.00,329.00,155.00,329.00,267.00,288.00,267.00
291.00,147.00,333.00,147.00,333.00,262.00,291.00,262.00
296.00,156.00,335.00,156.00,335.00,268.00,296.00,268.00
296.00,153.00,336.00,153.00,336.00,265.00,296.00,265.00
294.00,151.00,330.00,151.00,330.00,258.00,294.00,258.00
293.00,157.00,332.00,157.00,332.00,264.00,293.00,264.00
293.00,159.00,336.00,159.00,336.00,263.00,293.00,263.00
294.00,158.00,336.00,158.00,336.00,263.00,294.00,263.00
299.00,165.00,337.00,165.00,337.00,268.00,299.00,268.00
301.00,159.00,341.00,159.00,341.00,259.00,301.00,259.00
299.00,160.00,337.00,160.00,337.00,261.00,299.00,261.00
294.00,147.00,333.00,147.00,333.00,255.00,294.00,255.00
292.00,155.00,333.00,155.00,333.00,260.00,292.00,260.00
284.00,152.00,337.00,152.00,337.00,268.00,284.00,268.00
293.00,158.00,331.00,158.00,331.00,259.00,293.00,259.00
292.00,164.00,327.00,164.00,327.00,263.00,292.00,263.00
287.00,162.00,325.00,162.00,325.00,260.00,287.00,260.00
284.00,161.00,323.00,161.00,323.00,257.00,284.00,257.00
282.00,163.00,322.00,163.00,322.00,256.00,282.00,256.00
280.00,158.00,319.00,158.00,319.00,252.00,280.00,252.00
278.00,153.00,321.00,153.00,321.00,248.00,278.00,248.00
281.00,161.00,321.00,161.00,321.00,251.00,281.00,251.00
278.00,157.00,320.00,157.00,320.00,248.00,278.00,248.00
282.00,154.00,322.00,154.00,322.00,245.00,282.00,245.00
285.00,146.00,329.00,146.00,329.00,245.00,285.00,245.00
287.00,158.00,325.00,158.00,325.00,246.00,287.00,246.00
287.00,161.00,325.00,161.00,325.00,244.00,287.00,244.00
288.00,164.00,328.00,164.00,328.00,247.00,288.00,247.00
288.00,161.00,327.00,161.00,327.00,245.00,288.00,245.00
283.00,143.00,326.00,143.00,326.00,238.00,283.00,238.00
287.00,162.00,325.00,162.00,325.00,243.00,287.00,243.00
288.00,163.00,325.00,163.00,325.00,244.00,288.00,244.00
288.00,162.00,325.00,162.00,325.00,244.00,288.00,244.00
288.00,167.00,326.00,167.00,326.00,247.00,288.00,247.00
285.00,163.00,324.00,163.00,324.00,243.00,285.00,243.00
284.00,158.00,325.00,158.00,325.00,252.00,284.00,252.00
287.00,163.00,325.00,163.00,325.00,243.00,287.00,243.00
284.00,163.00,323.00,163.00,323.00,246.00,284.00,246.00
286.00,161.00,326.00,161.00,326.00,245.00,286.00,245.00
284.00,156.00,322.00,156.00,322.00,238.00,284.00,238.00
283.00,162.00,322.00,162.00,322.00,244.00,283.00,244.00
284.00,162.00,323.00,162.00,323.00,244.00,284.00,244.00
283.00,161.00,323.00,161.00,323.00,243.00,283.00,243.00
281.00,160.00,320.00,160.00,320.00,244.00,281.00,244.00
281.00,162.00,322.00,162.00,322.00,244.00,281.00,244.00
279.00,163.00,319.00,163.00,319.00,244.00,279.00,244.00
279.00,159.00,318.00,159.00,318.00,240.00,279.00,240.00
278.00,163.00,319.00,163.00,319.00,247.00,278.00,247.00
276.00,157.00,317.00,157.00,317.00,243.00,276.00,243.00
277.00,151.00,321.00,151.00,321.00,250.00,277.00,250.00
275.00,160.00,318.00,160.00,318.00,247.00,275.00,247.00
274.00,160.00,316.00,160.00,316.00,248.00,274.00,248.00
271.00,160.00,311.00,160.00,311.00,247.00,271.00,247.00
271.00,160.00,311.00,160.00,311.00,247.00,271.00,247.00
268.00,160.00,305.00,160.00,305.00,247.00,268.00,247.00
268.00,158.00,308.00,158.00,308.00,249.00,268.00,249.00
264.00,157.00,300.00,157.00,300.00,247.00,264.00,247.00
261.00,155.00,299.00,155.00,299.00,247.00,261.00,247.00
257.00,156.00,296.00,156.00,296.00,246.00,257.00,246.00
257.00,156.00,297.00,156.00,297.00,247.00,257.00,247.00
255.00,158.00,293.00,158.00,293.00,246.00,255.00,246.00
253.00,157.00,290.00,157.00,290.00,244.00,253.00,244.00
251.00,161.00,287.00,161.00,287.00,246.00,251.00,246.00
250.00,161.00,288.00,161.00,288.00,246.00,250.00,246.00
248.00,162.00,285.00,162.00,285.00,246.00,248.00,246.00
247.00,161.00,282.00,161.00,282.00,243.00,247.00,243.00
247.00,164.00,280.00,164.00,280.00,245.00,247.00,245.00
244.00,161.00,279.00,161.00,279.00,242.00,244.00,242.00
244.00,160.00,278.00,160.00,278.00,240.00,244.00,240.00
242.00,163.00,278.00,163.00,278.00,244.00,242.00,244.00
239.00,159.00,277.00,159.00,277.00,243.00,239.00,243.00
237.00,157.00,275.00,157.00,275.00,241.00,237.00,241.00
234.00,161.00,272.00,161.00,272.00,244.00,234.00,244.00
232.00,160.00,270.00,160.00,270.00,241.00,232.00,241.00
227.00,150.00,270.00,150.00,270.00,250.00,227.00,250.00
227.00,162.00,264.00,162.00,264.00,242.00,227.00,242.00
225.00,160.00,261.00,160.00,261.00,240.00,225.00,240.00
225.00,163.00,262.00,163.00,262.00,243.00,225.00,243.00
222.00,164.00,260.00,164.00,260.00,244.00,222.00,244.00
218.00,164.00,255.00,164.00,255.00,243.00,218.00,243.00
213.00,160.00,252.00,160.00,252.00,238.00,213.00,238.00
211.00,166.00,251.00,166.00,251.00,244.00,211.00,244.00
209.00,164.00,248.00,164.00,248.00,243.00,209.00,243.00
209.00,158.00,251.00,158.00,251.00,255.00,209.00,255.00
205.00,154.00,247.00,154.00,247.00,251.00,205.00,251.00
201.00,162.00,238.00,162.00,238.00,243.00,201.00,243.00
200.00,162.00,235.00,162.00,235.00,243.00,200.00,243.00
199.00,164.00,235.00,164.00,235.00,244.00,199.00,244.00
196.00,157.00,238.00,157.00,238.00,252.00,196.00,252.00
195.00,163.00,230.00,163.00,230.00,244.00,195.00,244.00
194.00,164.00,228.00,164.00,228.00,246.00,194.00,246.00
192.00,166.00,227.00,166.00,227.00,249.00,192.00,249.00
191.00,167.00,226.00,167.00,226.00,252.00,191.00,252.00
189.00,169.00,226.00,169.00,226.00,254.00,189.00,254.00
184.00,162.00,221.00,162.00,221.00,248.00,184.00,248.00
181.00,164.00,219.00,164.00,219.00,248.00,181.00,248.00
181.00,164.00,217.00,164.00,217.00,246.00,181.00,246.00
178.00,165.00,215.00,165.00,215.00,248.00,178.00,248.00
176.00,163.00,214.00,163.00,214.00,246.00,176.00,246.00
175.00,164.00,212.00,164.00,212.00,247.00,175.00,247.00
172.00,166.00,210.00,166.00,210.00,250.00,172.00,250.00
171.00,169.00,210.00,169.00,210.00,252.00,171.00,252.00
170.00,167.00,208.00,167.00,208.00,249.00,170.00,249.00
169.00,166.00,208.00,166.00,208.00,249.00,169.00,249.00
167.00,165.00,207.00,165.00,207.00,250.00,167.00,250.00
166.00,167.00,205.00,167.00,205.00,251.00,166.00,251.00
165.00,164.00,203.00,164.00,203.00,250.00,165.00,250.00
163.00,162.00,202.00,162.00,202.00,250.00,163.00,250.00
162.00,160.00,200.00,160.00,200.00,248.00,162.00,248.00
159.00,161.00,197.00,161.00,197.00,248.00,159.00,248.00
161.00,163.00,200.00,163.00,200.00,251.00,161.00,251.00
155.00,164.00,197.00,164.00,197.00,252.00,155.00,252.00
154.00,164.00,195.00,164.00,195.00,251.00,154.00,251.00
153.00,166.00,193.00,166.00,193.00,253.00,153.00,253.00
151.00,159.00,190.00,159.00,190.00,251.00,151.00,251.00
153.00,159.00,192.00,159.00,192.00,251.00,153.00,251.00
152.00,161.00,191.00,161.00,191.00,251.00,152.00,251.00
151.00,164.00,190.00,164.00,190.00,254.00,151.00,254.00
151.00,160.00,191.00,160.00,191.00,250.00,151.00,250.00
149.00,163.00,188.00,163.00,188.00,253.00,149.00,253.00
147.00,165.00,186.00,165.00,186.00,256.00,147.00,256.00
150.00,167.00,188.00,167.00,188.00,256.00,150.00,256.00
150.00,166.00,187.00,166.00,187.00,255.00,150.00,255.00
149.00,165.00,185.00,165.00,185.00,253.00,149.00,253.00
149.00,168.00,185.00,168.00,185.00,255.00,149.00,255.00
150.00,167.00,186.00,167.00,186.00,256.00,150.00,256.00
149.00,165.00,185.00,165.00,185.00,254.00,149.00,254.00
149.00,167.00,185.00,167.00,185.00,256.00,149.00,256.00
150.00,166.00,187.00,166.00,187.00,257.00,150.00,257.00
148.00,167.00,184.00,167.00,184.00,256.00,148.00,256.00
150.00,166.00,187.00,166.00,187.00,256.00,150.00,256.00
149.00,164.00,187.00,164.00,187.00,255.00,149.00,255.00
147.00,167.00,186.00,167.00,186.00,257.00,147.00,257.00
149.00,164.00,188.00,164.00,188.00,254.00,149.00,254.00
149.00,165.00,187.00,165.00,187.00,254.00,149.00,254.00
150.00,166.00,189.00,166.00,189.00,255.00,150.00,255.00
151.00,165.00,189.00,165.00,189.00,254.00,151.00,254.00
149.00,170.00,188.00,170.00,188.00,258.00,149.00,258.00
151.00,165.00,188.00,165.00,188.00,255.00,151.00,255.00
151.00,166.00,189.00,166.00,189.00,255.00,151.00,255.00
152.00,165.00,191.00,165.00,191.00,254.00,152.00,254.00
152.00,161.00,190.00,161.00,190.00,252.00,152.00,252.00
152.00,163.00,190.00,163.00,190.00,254.00,152.00,254.00
151.00,164.00,189.00,164.00,189.00,254.00,151.00,254.00
151.00,163.00,189.00,163.00,189.00,254.00,151.00,254.00
151.00,164.00,190.00,164.00,190.00,255.00,151.00,255.00
150.00,162.00,189.00,162.00,189.00,253.00,150.00,253.00
150.00,167.00,190.00,167.00,190.00,257.00,150.00,257.00
150.00,161.00,191.00,161.00,191.00,254.00,150.00,254.00
150.00,164.00,190.00,164.00,190.00,255.00,150.00,255.00
151.00,165.00,190.00,165.00,190.00,254.00,151.00,254.00
151.00,169.00,191.00,169.00,191.00,256.00,151.00,256.00
151.00,168.00,190.00,168.00,190.00,256.00,151.00,256.00
150.00,164.00,189.00,164.00,189.00,254.00,150.00,254.00
150.00,163.00,189.00,163.00,189.00,255.00,150.00,255.00
150.00,164.00,188.00,164.00,188.00,254.00,150.00,254.00
149.00,165.00,188.00,165.00,188.00,255.00,149.00,255.00
151.00,164.00,188.00,164.00,188.00,254.00,151.00,254.00
151.00,167.00,188.00,167.00,188.00,255.00,151.00,255.00
151.00,169.00,187.00,169.00,187.00,255.00,151.00,255.00
151.00,167.00,187.00,167.00,187.00,254.00,151.00,254.00
153.00,168.00,190.00,168.00,190.00,256.00,153.00,256.00
152.00,165.00,189.00,165.00,189.00,253.00,152.00,253.00
153.00,165.00,190.00,165.00,190.00,254.00,153.00,254.00
152.00,166.00,190.00,166.00,190.00,256.00,152.00,256.00
153.00,171.00,192.00,171.00,192.00,257.00,153.00,257.00
154.00,166.00,192.00,166.00,192.00,255.00,154.00,255.00
153.00,163.00,193.00,163.00,193.00,256.00,153.00,256.00
156.00,162.00,196.00,162.00,196.00,254.00,156.00,254.00
160.00,163.00,199.00,163.00,199.00,254.00,160.00,254.00
160.00,165.00,199.00,165.00,199.00,255.00,160.00,255.00
161.00,164.00,201.00,164.00,201.00,255.00,161.00,255.00
165.00,168.00,204.00,168.00,204.00,255.00,165.00,255.00
169.00,169.00,207.00,169.00,207.00,255.00,169.00,255.00
169.00,167.00,206.00,167.00,206.00,253.00,169.00,253.00
168.00,168.00,205.00,168.00,205.00,253.00,168.00,253.00
170.00,165.00,206.00,165.00,206.00,250.00,170.00,250.00
171.00,166.00,208.00,166.00,208.00,252.00,171.00,252.00
170.00,162.00,209.00,162.00,209.00,251.00,170.00,251.00
171.00,160.00,212.00,160.00,212.00,251.00,171.00,251.00
173.00,162.00,215.00,162.00,215.00,254.00,173.00,254.00
174.00,162.00,216.00,162.00,216.00,255.00,174.00,255.00
180.00,168.00,222.00,168.00,222.00,258.00,180.00,258.00
185.00,167.00,222.00,167.00,222.00,254.00,185.00,254.00
186.00,164.00,223.00,164.00,223.00,253.00,186.00,253.00
189.00,165.00,227.00,165.00,227.00,253.00,189.00,253.00
192.00,166.00,231.00,166.00,231.00,254.00,192.00,254.00
195.00,167.00,231.00,167.00,231.00,252.00,195.00,252.00
196.00,167.00,232.00,167.00,232.00,252.00,196.00,252.00
196.00,167.00,232.00,167.00,232.00,251.00,196.00,251.00
198.00,164.00,232.00,164.00,232.00,248.00,198.00,248.00
200.00,163.00,235.00,163.00,235.00,247.00,200.00,247.00
203.00,161.00,238.00,161.00,238.00,243.00,203.00,243.00
205.00,162.00,243.00,162.00,243.00,245.00,205.00,245.00
207.00,162.00,246.00,162.00,246.00,245.00,207.00,245.00
210.00,158.00,248.00,158.00,248.00,240.00,210.00,240.00
216.00,165.00,256.00,165.00,256.00,243.00,216.00,243.00
216.00,163.00,256.00,163.00,256.00,242.00,216.00,242.00
219.00,164.00,260.00,164.00,260.00,244.00,219.00,244.00
224.00,166.00,261.00,166.00,261.00,243.00,224.00,243.00
227.00,166.00,263.00,166.00,263.00,242.00,227.00,242.00
230.00,164.00,265.00,164.00,265.00,242.00,230.00,242.00
232.00,164.00,266.00,164.00,266.00,241.00,232.00,241.00
237.00,165.00,271.00,165.00,271.00,244.00,237.00,244.00
237.00,157.00,279.00,157.00,279.00,254.00,237.00,254.00
241.00,159.00,279.00,159.00,279.00,239.00,241.00,239.00
247.00,163.00,285.00,163.00,285.00,242.00,247.00,242.00
249.00,162.00,285.00,162.00,285.00,241.00,249.00,241.00
250.00,163.00,285.00,163.00,285.00,242.00,250.00,242.00
253.00,161.00,287.00,161.00,287.00,240.00,253.00,240.00
257.00,162.00,292.00,162.00,292.00,238.00,257.00,238.00
259.00,161.00,294.00,161.00,294.00,240.00,259.00,240.00
262.00,162.00,298.00,162.00,298.00,242.00,262.00,242.00
266.00,160.00,302.00,160.00,302.00,242.00,266.00,242.00
268.00,157.00,304.00,157.00,304.00,239.00,268.00,239.00
270.00,160.00,306.00,160.00,306.00,244.00,270.00,244.00
271.00,160.00,306.00,160.00,306.00,243.00,271.00,243.00
278.00,161.00,313.00,161.00,313.00,245.00,278.00,245.00
285.00,159.00,324.00,159.00,324.00,250.00,285.00,250.00
283.00,160.00,319.00,160.00,319.00,245.00,283.00,245.00
286.00,161.00,325.00,161.00,325.00,246.00,286.00,246.00
287.00,161.00,328.00,161.00,328.00,244.00,287.00,244.00
289.00,163.00,330.00,163.00,330.00,247.00,289.00,247.00
289.00,160.00,331.00,160.00,331.00,246.00,289.00,246.00
293.00,160.00,334.00,160.00,334.00,244.00,293.00,244.00
298.00,165.00,342.00,165.00,342.00,247.00,298.00,247.00
303.00,165.00,348.00,165.00,348.00,248.00,303.00,248.00
310.00,157.00,350.00,157.00,350.00,250.00,310.00,250.00
311.00,163.00,353.00,163.00,353.00,244.00,311.00,244.00
315.00,164.00,354.00,164.00,354.00,244.00,315.00,244.00
320.00,167.00,357.00,167.00,357.00,244.00,320.00,244.00
323.00,167.00,360.00,167.00,360.00,244.00,323.00,244.00
325.00,168.00,363.00,168.00,363.00,247.00,325.00,247.00
323.00,165.00,363.00,165.00,363.00,246.00,323.00,246.00
325.00,164.00,367.00,164.00,367.00,246.00,325.00,246.00
327.00,162.00,369.00,162.00,369.00,245.00,327.00,245.00
328.00,163.00,371.00,163.00,371.00,245.00,328.00,245.00
340.00,162.00,382.00,162.00,382.00,248.00,340.00,248.00
343.00,161.00,383.00,161.00,383.00,249.00,343.00,249.00
345.00,161.00,385.00,161.00,385.00,249.00,345.00,249.00
343.00,158.00,381.00,158.00,381.00,247.00,343.00,247.00
343.00,158.00,382.00,158.00,382.00,245.00,343.00,245.00
348.00,161.00,388.00,161.00,388.00,246.00,348.00,246.00
346.00,160.00,385.00,160.00,385.00,245.00,346.00,245.00
352.00,164.00,390.00,164.00,390.00,248.00,352.00,248.00
349.00,161.00,389.00,161.00,389.00,244.00,349.00,244.00
351.00,159.00,392.00,159.00,392.00,241.00,351.00,241.00
352.00,162.00,393.00,162.00,393.00,243.00,352.00,243.00
352.00,164.00,393.00,164.00,393.00,246.00,352.00,246.00
353.00,163.00,394.00,163.00,394.00,248.00,353.00,248.00
353.00,163.00,393.00,163.00,393.00,248.00,353.00,248.00
354.00,163.00,394.00,163.00,394.00,248.00,354.00,248.00
355.00,162.00,394.00,162.00,394.00,246.00,355.00,246.00
354.00,164.00,392.00,164.00,392.00,249.00,354.00,249.00
356.00,161.00,394.00,161.00,394.00,245.00,356.00,245.00
357.00,160.00,394.00,160.00,394.00,242.00,357.00,242.00
355.00,161.00,393.00,161.00,393.00,243.00,355.00,243.00
354.00,160.00,394.00,160.00,394.00,244.00,354.00,244.00
354.00,161.00,393.00,161.00,393.00,245.00,354.00,245.00
