1
276.00,66.00,297.00,66.00,297.00,137.00,276.00,137.00
276.00,67.00,298.00,67.00,298.00,137.00,276.00,137.00
276.00,67.00,298.00,67.00,298.00,135.00,276.00,135.00
276.00,69.00,298.00,69.00,298.00,133.00,276.00,133.00
276.00,69.00,297.00,69.00,297.00,136.00,276.00,136.00
276.00,68.00,296.00,68.00,296.00,135.00,276.00,135.00
275.00,66.00,295.00,66.00,295.00,134.00,275.00,134.00
274.00,67.00,296.00,67.00,296.00,133.00,274.00,133.00
275.00,67.00,297.00,67.00,297.00,134.00,275.00,134.00
275.00,69.00,296.00,69.00,296.00,134.00,275.00,134.00
276.00,69.00,297.00,69.00,297.00,136.00,276.00,136.00
277.00,66.00,297.00,66.00,297.00,135.00,277.00,135.00
277.00,66.00,298.00,66.00,298.00,135.00,277.00,135.00
277.00,66.00,298.00,66.00,298.00,135.00,277.00,135.00
277.00,65.00,298.00,65.00,298.00,135.00,277.00,135.00
277.00,69.00,298.00,69.00,298.00,133.00,277.00,133.00
276.00,67.00,295.00,67.00,295.00,135.00,276.00,135.00
276.00,66.00,296.00,66.00,296.00,136.00,276.00,136.00
275.00,67.00,295.00,67.00,295.00,134.00,275.00,134.00
274.00,67.00,296.00,67.00,296.00,133.00,274.00,133.00
275.00,68.00,296.00,68.00,296.00,133.00,275.00,133.00
276.00,68.00,297.00,68.00,297.00,134.00,276.00,134.00
277.00,67.00,297.00,67.00,297.00,135.00,277.00,135.00
276.00,65.00,296.00,65.00,296.00,134.00,276.00,134.00
277.00,64.00,298.00,64.00,298.00,134.00,277.00,134.00
278.00,64.00,298.00,64.00,298.00,134.00,278.00,134.00
277.00,65.00,298.00,65.00,298.00,134.00,277.00,134.00
277.00,67.00,299.00,67.00,299.00,132.00,277.00,132.00
276.00,65.00,297.00,65.00,297.00,133.00,276.00,133.00
275.00,63.00,297.00,63.00,297.00,132.00,275.00,132.00
275.00,64.00,297.00,64.00,297.00,131.00,275.00,131.00
274.00,62.00,297.00,62.00,297.00,131.00,274.00,131.00
274.00,62.00,296.00,62.00,296.00,131.00,274.00,131.00
275.00,65.00,298.00,65.00,298.00,132.00,275.00,132.00
276.00,64.00,298.00,64.00,298.00,134.00,276.00,134.00
276.00,63.00,298.00,63.00,298.00,134.00,276.00,134.00
276.00,62.00,299.00,62.00,299.00,134.00,276.00,134.00
277.00,63.00,299.00,63.00,299.00,134.00,277.00,134.00
276.00,63.00,298.00,63.00,298.00,134.00,276.00,134.00
276.00,65.00,298.00,65.00,298.00,131.00,276.00,131.00
276.00,65.00,297.00,65.00,297.00,132.00,276.00,132.00
275.00,64.00,296.00,64.00,296.00,132.00,275.00,132.00
274.00,65.00,295.00,65.00,295.00,132.00,274.00,132.00
274.00,63.00,296.00,63.00,296.00,132.00,274.00,132.00
274.00,64.00,296.00,64.00,296.00,131.00,274.00,131.00
275.00,66.00,297.00,66.00,297.00,132.00,275.00,132.00
275.00,66.00,296.00,66.00,296.00,135.00,275.00,135.00
276.00,65.00,296.00,65.00,296.00,134.00,276.00,134.00
276.00,64.00,296.00,64.00,296.00,134.00,276.00,134.00
276.00,64.00,297.00,64.00,297.00,134.00,276.00,134.00
276.00,64.00,296.00,64.00,296.00,133.00,276.00,133.00
276.00,66.00,298.00,66.00,298.00,131.00,276.00,131.00
276.00,64.00,297.00,64.00,297.00,132.00,276.00,132.00
274.00,63.00,295.00,63.00,295.00,133.00,274.00,133.00
273.00,65.00,294.00,65.00,294.00,132.00,273.00,132.00
273.00,63.00,296.00,63.00,296.00,132.00,273.00,132.00
272.00,62.00,294.00,62.00,294.00,132.00,272.00,132.00
273.00,64.00,295.00,64.00,295.00,133.00,273.00,133.00
274.00,64.00,295.00,64.00,295.00,135.00,274.00,135.00
275.00,64.00,296.00,64.00,296.00,135.00,275.00,135.00
275.00,65.00,295.00,65.00,295.00,134.00,275.00,134.00
276.00,65.00,297.00,65.00,297.00,135.00,276.00,135.00
275.00,64.00,296.00,64.00,296.00,133.00,275.00,133.00
275.00,66.00,297.00,66.00,297.00,132.00,275.00,132.00
273.00,66.00,294.00,66.00,294.00,134.00,273.00,134.00
273.00,66.00,294.00,66.00,294.00,133.00,273.00,133.00
271.00,64.00,293.00,64.00,293.00,133.00,271.00,133.00
271.00,64.00,293.00,64.00,293.00,132.00,271.00,132.00
271.00,65.00,293.00,65.00,293.00,133.00,271.00,133.00
272.00,65.00,295.00,65.00,295.00,134.00,272.00,134.00
273.00,65.00,294.00,65.00,294.00,135.00,273.00,135.00
273.00,64.00,293.00,64.00,293.00,135.00,273.00,135.00
273.00,64.00,293.00,64.00,293.00,134.00,273.00,134.00
273.00,63.00,295.00,63.00,295.00,136.00,273.00,136.00
272.00,64.00,294.00,64.00,294.00,135.00,272.00,135.00
271.00,65.00,293.00,65.00,293.00,134.00,271.00,134.00
271.00,64.00,292.00,64.00,292.00,134.00,271.00,134.00
271.00,63.00,292.00,63.00,292.00,135.00,271.00,135.00
269.00,64.00,290.00,64.00,290.00,135.00,269.00,135.00
269.00,64.00,291.00,64.00,291.00,134.00,269.00,134.00
268.00,64.00,290.00,64.00,290.00,133.00,268.00,133.00
268.00,65.00,291.00,65.00,291.00,135.00,268.00,135.00
268.00,63.00,289.00,63.00,289.00,133.00,268.00,133.00
269.00,62.00,290.00,62.00,290.00,132.00,269.00,132.00
269.00,61.00,290.00,61.00,290.00,132.00,269.00,132.00
269.00,62.00,290.00,62.00,290.00,134.00,269.00,134.00
268.00,63.00,290.00,63.00,290.00,134.00,268.00,134.00
267.00,62.00,289.00,62.00,289.00,134.00,267.00,134.00
267.00,63.00,288.00,63.00,288.00,137.00,267.00,137.00
267.00,64.00,288.00,64.00,288.00,135.00,267.00,135.00
267.00,63.00,289.00,63.00,289.00,135.00,267.00,135.00
266.00,64.00,289.00,64.00,289.00,136.00,266.00,136.00
267.00,67.00,292.00,67.00,292.00,138.00,267.00,138.00
268.00,68.00,292.00,68.00,292.00,141.00,268.00,141.00
268.00,71.00,293.00,71.00,293.00,146.00,268.00,146.00
269.00,71.00,294.00,71.00,294.00,146.00,269.00,146.00
270.00,71.00,294.00,71.00,294.00,147.00,270.00,147.00
271.00,73.00,295.00,73.00,295.00,149.00,271.00,149.00
271.00,74.00,294.00,74.00,294.00,150.00,271.00,150.00
271.00,75.00,295.00,75.00,295.00,147.00,271.00,147.00
268.00,76.00,293.00,76.00,293.00,150.00,268.00,150.00
268.00,77.00,291.00,77.00,291.00,147.00,268.00,147.00
266.00,74.00,290.00,74.00,290.00,147.00,266.00,147.00
265.00,74.00,289.00,74.00,289.00,147.00,265.00,147.00
265.00,73.00,288.00,73.00,288.00,147.00,265.00,147.00
265.00,71.00,289.00,71.00,289.00,146.00,265.00,146.00
265.00,69.00,288.00,69.00,288.00,143.00,265.00,143.00
265.00,68.00,288.00,68.00,288.00,143.00,265.00,143.00
266.00,67.00,288.00,67.00,288.00,140.00,266.00,140.00
266.00,70.00,287.00,70.00,287.00,141.00,266.00,141.00
265.00,70.00,288.00,70.00,288.00,141.00,265.00,141.00
264.00,70.00,287.00,70.00,287.00,144.00,264.00,144.00
263.00,70.00,285.00,70.00,285.00,147.00,263.00,147.00
264.00,70.00,286.00,70.00,286.00,143.00,264.00,143.00
264.00,69.00,288.00,69.00,288.00,142.00,264.00,142.00
265.00,68.00,288.00,68.00,288.00,143.00,265.00,143.00
265.00,69.00,289.00,69.00,289.00,147.00,265.00,147.00
266.00,67.00,290.00,67.00,290.00,149.00,266.00,149.00
268.00,65.00,291.00,65.00,291.00,144.00,268.00,144.00
271.00,64.00,294.00,64.00,294.00,141.00,271.00,141.00
272.00,65.00,296.00,65.00,296.00,143.00,272.00,143.00
275.00,69.00,298.00,69.00,298.00,141.00,275.00,141.00
275.00,68.00,299.00,68.00,299.00,140.00,275.00,140.00
275.00,68.00,297.00,68.00,297.00,146.00,275.00,146.00
276.00,68.00,298.00,68.00,298.00,145.00,276.00,145.00
277.00,69.00,300.00,69.00,300.00,144.00,277.00,144.00
276.00,69.00,300.00,69.00,300.00,144.00,276.00,144.00
277.00,68.00,301.00,68.00,301.00,145.00,277.00,145.00
278.00,69.00,302.00,69.00,302.00,147.00,278.00,147.00
279.00,66.00,303.00,66.00,303.00,145.00,279.00,145.00
279.00,65.00,304.00,65.00,304.00,142.00,279.00,142.00
281.00,67.00,304.00,67.00,304.00,142.00,281.00,142.00
281.00,67.00,306.00,67.00,306.00,143.00,281.00,143.00
282.00,70.00,306.00,70.00,306.00,143.00,282.00,143.00
282.00,70.00,306.00,70.00,306.00,149.00,282.00,149.00
282.00,68.00,306.00,68.00,306.00,143.00,282.00,143.00
282.00,68.00,305.00,68.00,305.00,143.00,282.00,143.00
281.00,65.00,305.00,65.00,305.00,140.00,281.00,140.00
280.00,66.00,305.00,66.00,305.00,144.00,280.00,144.00
282.00,67.00,306.00,67.00,306.00,145.00,282.00,145.00
281.00,63.00,307.00,63.00,307.00,145.00,281.00,145.00
284.00,63.00,309.00,63.00,309.00,147.00,284.00,147.00
283.00,62.00,308.00,62.00,308.00,144.00,283.00,144.00
285.00,64.00,309.00,64.00,309.00,143.00,285.00,143.00
285.00,66.00,310.00,66.00,310.00,145.00,285.00,145.00
285.00,69.00,309.00,69.00,309.00,147.00,285.00,147.00
285.00,69.00,308.00,69.00,308.00,146.00,285.00,146.00
285.00,69.00,308.00,69.00,308.00,147.00,285.00,147.00
285.00,68.00,308.00,68.00,308.00,149.00,285.00,149.00
285.00,69.00,309.00,69.00,309.00,148.00,285.00,148.00
286.00,69.00,311.00,69.00,311.00,150.00,286.00,150.00
286.00,69.00,311.00,69.00,311.00,151.00,286.00,151.00
287.00,65.00,312.00,65.00,312.00,147.00,287.00,147.00
287.00,64.00,313.00,64.00,313.00,145.00,287.00,145.00
288.00,63.00,313.00,63.00,313.00,144.00,288.00,144.00
289.00,65.00,314.00,65.00,314.00,143.00,289.00,143.00
291.00,68.00,315.00,68.00,315.00,143.00,291.00,143.00
291.00,65.00,316.00,65.00,316.00,143.00,291.00,143.00
290.00,64.00,314.00,64.00,314.00,140.00,290.00,140.00
290.00,63.00,314.00,63.00,314.00,140.00,290.00,140.00
289.00,62.00,312.00,62.00,312.00,138.00,289.00,138.00
289.00,59.00,313.00,59.00,313.00,134.00,289.00,134.00
289.00,61.00,314.00,61.00,314.00,136.00,289.00,136.00
290.00,58.00,315.00,58.00,315.00,137.00,290.00,137.00
290.00,57.00,315.00,57.00,315.00,136.00,290.00,136.00
291.00,55.00,316.00,55.00,316.00,136.00,291.00,136.00
292.00,56.00,316.00,56.00,316.00,136.00,292.00,136.00
292.00,57.00,316.00,57.00,316.00,134.00,292.00,134.00
292.00,58.00,316.00,58.00,316.00,134.00,292.00,134.00
290.00,57.00,315.00,57.00,315.00,138.00,290.00,138.00
291.00,56.00,314.00,56.00,314.00,136.00,291.00,136.00
290.00,58.00,314.00,58.00,314.00,135.00,290.00,135.00
290.00,57.00,314.00,57.00,314.00,135.00,290.00,135.00
290.00,58.00,314.00,58.00,314.00,136.00,290.00,136.00
291.00,60.00,316.00,60.00,316.00,137.00,291.00,137.00
291.00,56.00,317.00,56.00,317.00,137.00,291.00,137.00
292.00,56.00,318.00,56.00,318.00,137.00,292.00,137.00
293.00,56.00,319.00,56.00,319.00,138.00,293.00,138.00
294.00,56.00,320.00,56.00,320.00,136.00,294.00,136.00
295.00,58.00,321.00,58.00,321.00,138.00,295.00,138.00
295.00,59.00,319.00,59.00,319.00,135.00,295.00,135.00
294.00,58.00,319.00,58.00,319.00,137.00,294.00,137.00
294.00,58.00,318.00,58.00,318.00,138.00,294.00,138.00
294.00,59.00,319.00,59.00,319.00,135.00,294.00,135.00
293.00,58.00,319.00,58.00,319.00,134.00,293.00,134.00
293.00,59.00,318.00,59.00,318.00,136.00,293.00,136.00
293.00,59.00,319.00,59.00,319.00,137.00,293.00,137.00
294.00,58.00,321.00,58.00,321.00,142.00,294.00,142.00
295.00,56.00,322.00,56.00,322.00,142.00,295.00,142.00
296.00,56.00,323.00,56.00,323.00,139.00,296.00,139.00
297.00,56.00,323.00,56.00,323.00,137.00,297.00,137.00
298.00,59.00,324.00,59.00,324.00,143.00,298.00,143.00
298.00,61.00,323.00,61.00,323.00,143.00,298.00,143.00
298.00,59.00,324.00,59.00,324.00,145.00,298.00,145.00
296.00,58.00,322.00,58.00,322.00,140.00,296.00,140.00
296.00,58.00,322.00,58.00,322.00,140.00,296.00,140.00
295.00,58.00,322.00,58.00,322.00,140.00,295.00,140.00
294.00,58.00,320.00,58.00,320.00,141.00,294.00,141.00
296.00,60.00,323.00,60.00,323.00,143.00,296.00,143.00
296.00,60.00,323.00,60.00,323.00,147.00,296.00,147.00
297.00,56.00,324.00,56.00,324.00,148.00,297.00,148.00
297.00,56.00,324.00,56.00,324.00,144.00,297.00,144.00
297.00,56.00,324.00,56.00,324.00,140.00,297.00,140.00
298.00,57.00,325.00,57.00,325.00,145.00,298.00,145.00
299.00,60.00,325.00,60.00,325.00,143.00,299.00,143.00
298.00,60.00,324.00,60.00,324.00,147.00,298.00,147.00
298.00,57.00,323.00,57.00,323.00,144.00,298.00,144.00
297.00,59.00,322.00,59.00,322.00,143.00,297.00,143.00
296.00,57.00,323.00,57.00,323.00,140.00,296.00,140.00
296.00,58.00,322.00,58.00,322.00,142.00,296.00,142.00
295.00,59.00,323.00,59.00,323.00,146.00,295.00,146.00
297.00,59.00,324.00,59.00,324.00,148.00,297.00,148.00
297.00,55.00,326.00,55.00,326.00,154.00,297.00,154.00
298.00,57.00,326.00,57.00,326.00,153.00,298.00,153.00
299.00,56.00,327.00,56.00,327.00,151.00,299.00,151.00
300.00,57.00,328.00,57.00,328.00,152.00,300.00,152.00
301.00,58.00,328.00,58.00,328.00,151.00,301.00,151.00
300.00,60.00,327.00,60.00,327.00,152.00,300.00,152.00
299.00,58.00,325.00,58.00,325.00,152.00,299.00,152.00
299.00,59.00,326.00,59.00,326.00,149.00,299.00,149.00
299.00,58.00,326.00,58.00,326.00,145.00,299.00,145.00
299.00,59.00,325.00,59.00,325.00,145.00,299.00,145.00
299.00,58.00,327.00,58.00,327.00,146.00,299.00,146.00
300.00,57.00,328.00,57.00,328.00,146.00,300.00,146.00
299.00,54.00,328.00,54.00,328.00,148.00,299.00,148.00
301.00,54.00,328.00,54.00,328.00,144.00,301.00,144.00
302.00,55.00,330.00,55.00,330.00,147.00,302.00,147.00
302.00,56.00,330.00,56.00,330.00,146.00,302.00,146.00
303.00,61.00,329.00,61.00,329.00,147.00,303.00,147.00
303.00,59.00,330.00,59.00,330.00,152.00,303.00,152.00
303.00,56.00,330.00,56.00,330.00,147.00,303.00,147.00
302.00,56.00,329.00,56.00,329.00,142.00,302.00,142.00
302.00,57.00,329.00,57.00,329.00,143.00,302.00,143.00
302.00,57.00,328.00,57.00,328.00,144.00,302.00,144.00
302.00,59.00,328.00,59.00,328.00,144.00,302.00,144.00
302.00,60.00,330.00,60.00,330.00,149.00,302.00,149.00
304.00,58.00,331.00,58.00,331.00,144.00,304.00,144.00
305.00,58.00,331.00,58.00,331.00,143.00,305.00,143.00
306.00,57.00,333.00,57.00,333.00,145.00,306.00,145.00
306.00,58.00,332.00,58.00,332.00,147.00,306.00,147.00
307.00,60.00,333.00,60.00,333.00,148.00,307.00,148.00
305.00,61.00,333.00,61.00,333.00,150.00,305.00,150.00
305.00,59.00,332.00,59.00,332.00,149.00,305.00,149.00
306.00,57.00,333.00,57.00,333.00,145.00,306.00,145.00
306.00,57.00,332.00,57.00,332.00,147.00,306.00,147.00
305.00,58.00,331.00,58.00,331.00,148.00,305.00,148.00
305.00,58.00,331.00,58.00,331.00,144.00,305.00,144.00
307.00,60.00,332.00,60.00,332.00,147.00,307.00,147.00
306.00,58.00,333.00,58.00,333.00,145.00,306.00,145.00
305.00,61.00,332.00,61.00,332.00,146.00,305.00,146.00
306.00,58.00,335.00,58.00,335.00,147.00,306.00,147.00
306.00,58.00,333.00,58.00,333.00,150.00,306.00,150.00
306.00,59.00,333.00,59.00,333.00,150.00,306.00,150.00
305.00,61.00,330.00,61.00,330.00,150.00,305.00,150.00
306.00,60.00,333.00,60.00,333.00,151.00,306.00,151.00
304.00,62.00,330.00,62.00,330.00,149.00,304.00,149.00
303.00,59.00,329.00,59.00,329.00,147.00,303.00,147.00
303.00,61.00,329.00,61.00,329.00,149.00,303.00,149.00
303.00,61.00,331.00,61.00,331.00,153.00,303.00,153.00
304.00,63.00,332.00,63.00,332.00,152.00,304.00,152.00
305.00,61.00,332.00,61.00,332.00,148.00,305.00,148.00
306.00,63.00,333.00,63.00,333.00,153.00,306.00,153.00
306.00,61.00,335.00,61.00,335.00,151.00,306.00,151.00
305.00,63.00,332.00,63.00,332.00,152.00,305.00,152.00
304.00,63.00,330.00,63.00,330.00,150.00,304.00,150.00
304.00,66.00,331.00,66.00,331.00,155.00,304.00,155.00
305.00,64.00,331.00,64.00,331.00,149.00,305.00,149.00
305.00,62.00,331.00,62.00,331.00,145.00,305.00,145.00
304.00,63.00,331.00,63.00,331.00,149.00,304.00,149.00
304.00,65.00,330.00,65.00,330.00,152.00,304.00,152.00
306.00,65.00,333.00,65.00,333.00,149.00,306.00,149.00
307.00,61.00,333.00,61.00,333.00,146.00,307.00,146.00
306.00,62.00,332.00,62.00,332.00,143.00,306.00,143.00
307.00,64.00,333.00,64.00,333.00,147.00,307.00,147.00
308.00,62.00,335.00,62.00,335.00,150.00,308.00,150.00
306.00,62.00,332.00,62.00,332.00,152.00,306.00,152.00
305.00,63.00,331.00,63.00,331.00,148.00,305.00,148.00
305.00,67.00,331.00,67.00,331.00,154.00,305.00,154.00
305.00,66.00,331.00,66.00,331.00,153.00,305.00,153.00
305.00,66.00,330.00,66.00,330.00,153.00,305.00,153.00
304.00,63.00,329.00,63.00,329.00,148.00,304.00,148.00
304.00,62.00,327.00,62.00,327.00,142.00,304.00,142.00
305.00,68.00,328.00,68.00,328.00,148.00,305.00,148.00
306.00,66.00,331.00,66.00,331.00,153.00,306.00,153.00
306.00,67.00,331.00,67.00,331.00,150.00,306.00,150.00
305.00,67.00,331.00,67.00,331.00,153.00,305.00,153.00
306.00,63.00,333.00,63.00,333.00,155.00,306.00,155.00
305.00,65.00,332.00,65.00,332.00,159.00,305.00,159.00
306.00,67.00,332.00,67.00,332.00,151.00,306.00,151.00
302.00,72.00,328.00,72.00,328.00,157.00,302.00,157.00
303.00,64.00,330.00,64.00,330.00,149.00,303.00,149.00
303.00,66.00,329.00,66.00,329.00,150.00,303.00,150.00
303.00,65.00,329.00,65.00,329.00,155.00,303.00,155.00
302.00,68.00,329.00,68.00,329.00,154.00,302.00,154.00
303.00,71.00,330.00,71.00,330.00,162.00,303.00,162.00
302.00,66.00,329.00,66.00,329.00,157.00,302.00,157.00
302.00,66.00,330.00,66.00,330.00,152.00,302.00,152.00
302.00,67.00,329.00,67.00,329.00,161.00,302.00,161.00
301.00,66.00,328.00,66.00,328.00,164.00,301.00,164.00
301.00,66.00,329.00,66.00,329.00,164.00,301.00,164.00
301.00,68.00,329.00,68.00,329.00,162.00,301.00,162.00
301.00,69.00,327.00,69.00,327.00,157.00,301.00,157.00
299.00,65.00,326.00,65.00,326.00,152.00,299.00,152.00
296.00,67.00,324.00,67.00,324.00,154.00,296.00,154.00
292.00,66.00,322.00,66.00,322.00,158.00,292.00,158.00
291.00,66.00,320.00,66.00,320.00,158.00,291.00,158.00
289.00,66.00,318.00,66.00,318.00,159.00,289.00,159.00
288.00,64.00,318.00,64.00,318.00,156.00,288.00,156.00
288.00,62.00,318.00,62.00,318.00,150.00,288.00,150.00
288.00,64.00,319.00,64.00,319.00,156.00,288.00,156.00
288.00,63.00,319.00,63.00,319.00,163.00,288.00,163.00
289.00,63.00,318.00,63.00,318.00,171.00,289.00,171.00
287.00,67.00,317.00,67.00,317.00,164.00,287.00,164.00
287.00,70.00,316.00,70.00,316.00,163.00,287.00,163.00
284.00,66.00,314.00,66.00,314.00,155.00,284.00,155.00
281.00,68.00,310.00,68.00,310.00,164.00,281.00,164.00
279.00,67.00,309.00,67.00,309.00,166.00,279.00,166.00
278.00,72.00,307.00,72.00,307.00,175.00,278.00,175.00
277.00,70.00,306.00,70.00,306.00,172.00,277.00,172.00
277.00,68.00,307.00,68.00,307.00,173.00,277.00,173.00
276.00,65.00,306.00,65.00,306.00,173.00,276.00,173.00
276.00,63.00,307.00,63.00,307.00,168.00,276.00,168.00
278.00,62.00,307.00,62.00,307.00,176.00,278.00,176.00
281.00,65.00,310.00,65.00,310.00,174.00,281.00,174.00
281.00,69.00,310.00,69.00,310.00,171.00,281.00,171.00
279.00,68.00,310.00,68.00,310.00,166.00,279.00,166.00
276.00,66.00,307.00,66.00,307.00,172.00,276.00,172.00
275.00,64.00,306.00,64.00,306.00,168.00,275.00,168.00
273.00,63.00,303.00,63.00,303.00,166.00,273.00,166.00
275.00,63.00,305.00,63.00,305.00,165.00,275.00,165.00
274.00,66.00,308.00,66.00,308.00,176.00,274.00,176.00
272.00,68.00,306.00,68.00,306.00,177.00,272.00,177.00
271.00,68.00,304.00,68.00,304.00,184.00,271.00,184.00
271.00,66.00,305.00,66.00,305.00,182.00,271.00,182.00
269.00,67.00,300.00,67.00,300.00,189.00,269.00,189.00
269.00,66.00,302.00,66.00,302.00,190.00,269.00,190.00
267.00,69.00,300.00,69.00,300.00,188.00,267.00,188.00
269.00,73.00,301.00,73.00,301.00,180.00,269.00,180.00
267.00,72.00,301.00,72.00,301.00,181.00,267.00,181.00
269.00,68.00,301.00,68.00,301.00,178.00,269.00,178.00
266.00,64.00,296.00,64.00,296.00,180.00,266.00,180.00
264.00,61.00,294.00,61.00,294.00,181.00,264.00,181.00
264.00,58.00,294.00,58.00,294.00,181.00,264.00,181.00
264.00,62.00,296.00,62.00,296.00,183.00,264.00,183.00
265.00,62.00,297.00,62.00,297.00,185.00,265.00,185.00
262.00,59.00,294.00,59.00,294.00,192.00,262.00,192.00
261.00,60.00,294.00,60.00,294.00,192.00,261.00,192.00
267.00,62.00,298.00,62.00,298.00,196.00,267.00,196.00
265.00,63.00,298.00,63.00,298.00,187.00,265.00,187.00
267.00,68.00,299.00,68.00,299.00,183.00,267.00,183.00
266.00,67.00,301.00,67.00,301.00,181.00,266.00,181.00
267.00,64.00,302.00,64.00,302.00,180.00,267.00,180.00
265.00,61.00,298.00,61.00,298.00,184.00,265.00,184.00
263.00,61.00,295.00,61.00,295.00,186.00,263.00,186.00
265.00,61.00,297.00,61.00,297.00,189.00,265.00,189.00
264.00,63.00,298.00,63.00,298.00,190.00,264.00,190.00
264.00,61.00,299.00,61.00,299.00,190.00,264.00,190.00
265.00,57.00,302.00,57.00,302.00,196.00,265.00,196.00
264.00,57.00,302.00,57.00,302.00,200.00,264.00,200.00
269.00,58.00,306.00,58.00,306.00,192.00,269.00,192.00
268.00,57.00,305.00,57.00,305.00,198.00,268.00,198.00
269.00,62.00,306.00,62.00,306.00,192.00,269.00,192.00
269.00,63.00,305.00,63.00,305.00,194.00,269.00,194.00
268.00,63.00,304.00,63.00,304.00,201.00,268.00,201.00
270.00,64.00,306.00,64.00,306.00,196.00,270.00,196.00
264.00,73.00,301.00,73.00,301.00,209.00,264.00,209.00
269.00,60.00,306.00,60.00,306.00,195.00,269.00,195.00
271.00,63.00,306.00,63.00,306.00,198.00,271.00,198.00
271.00,65.00,307.00,65.00,307.00,209.00,271.00,209.00
272.00,60.00,312.00,60.00,312.00,209.00,272.00,209.00
270.00,56.00,312.00,56.00,312.00,217.00,270.00,217.00
273.00,60.00,313.00,60.00,313.00,214.00,273.00,214.00
276.00,57.00,318.00,57.00,318.00,206.00,276.00,206.00
278.00,63.00,321.00,63.00,321.00,209.00,278.00,209.00
278.00,68.00,320.00,68.00,320.00,207.00,278.00,207.00
276.00,65.00,318.00,65.00,318.00,214.00,276.00,214.00
276.00,64.00,314.00,64.00,314.00,218.00,276.00,218.00
277.00,66.00,317.00,66.00,317.00,207.00,277.00,207.00
274.00,64.00,317.00,64.00,317.00,204.00,274.00,204.00
278.00,67.00,319.00,67.00,319.00,203.00,278.00,203.00
278.00,66.00,319.00,66.00,319.00,203.00,278.00,203.00
278.00,65.00,320.00,65.00,320.00,211.00,278.00,211.00
279.00,63.00,324.00,63.00,324.00,217.00,279.00,217.00
281.00,60.00,327.00,60.00,327.00,213.00,281.00,213.00
283.00,61.00,330.00,61.00,330.00,208.00,283.00,208.00
288.00,62.00,334.00,62.00,334.00,209.00,288.00,209.00
289.00,65.00,336.00,65.00,336.00,212.00,289.00,212.00
286.00,66.00,334.00,66.00,334.00,210.00,286.00,210.00
285.00,63.00,332.00,63.00,332.00,210.00,285.00,210.00
287.00,61.00,333.00,61.00,333.00,211.00,287.00,211.00
288.00,62.00,332.00,62.00,332.00,202.00,288.00,202.00
287.00,58.00,332.00,58.00,332.00,201.00,287.00,201.00
287.00,60.00,331.00,60.00,331.00,202.00,287.00,202.00
288.00,64.00,332.00,64.00,332.00,204.00,288.00,204.00
289.00,64.00,335.00,64.00,335.00,215.00,289.00,215.00
292.00,54.00,341.00,54.00,341.00,218.00,292.00,218.00
292.00,53.00,341.00,53.00,341.00,217.00,292.00,217.00
296.00,54.00,343.00,54.00,343.00,214.00,296.00,214.00
300.00,52.00,345.00,52.00,345.00,212.00,300.00,212.00
303.00,61.00,349.00,61.00,349.00,219.00,303.00,219.00
300.00,64.00,348.00,64.00,348.00,218.00,300.00,218.00
300.00,61.00,347.00,61.00,347.00,216.00,300.00,216.00
300.00,62.00,347.00,62.00,347.00,222.00,300.00,222.00
297.00,62.00,343.00,62.00,343.00,207.00,297.00,207.00
296.00,60.00,341.00,60.00,341.00,204.00,296.00,204.00
295.00,63.00,340.00,63.00,340.00,208.00,295.00,208.00
296.00,62.00,341.00,62.00,341.00,215.00,296.00,215.00
295.00,58.00,341.00,58.00,341.00,217.00,295.00,217.00
295.00,54.00,342.00,54.00,342.00,222.00,295.00,222.00
295.00,54.00,342.00,54.00,342.00,217.00,295.00,217.00
301.00,52.00,347.00,52.00,347.00,217.00,301.00,217.00
298.00,52.00,344.00,52.00,344.00,219.00,298.00,219.00
300.00,63.00,346.00,63.00,346.00,218.00,300.00,218.00
296.00,61.00,343.00,61.00,343.00,211.00,296.00,211.00
294.00,58.00,342.00,58.00,342.00,213.00,294.00,213.00
291.00,58.00,338.00,58.00,338.00,218.00,291.00,218.00
291.00,56.00,335.00,56.00,335.00,210.00,291.00,210.00
290.00,56.00,334.00,56.00,334.00,213.00,290.00,213.00
288.00,57.00,333.00,57.00,333.00,211.00,288.00,211.00
289.00,59.00,335.00,59.00,335.00,224.00,289.00,224.00
291.00,57.00,342.00,57.00,342.00,231.00,291.00,231.00
291.00,49.00,343.00,49.00,343.00,230.00,291.00,230.00
293.00,48.00,345.00,48.00,345.00,227.00,293.00,227.00
296.00,47.00,346.00,47.00,346.00,227.00,296.00,227.00
299.00,53.00,348.00,53.00,348.00,231.00,299.00,231.00
298.00,61.00,349.00,61.00,349.00,227.00,298.00,227.00
293.00,54.00,346.00,54.00,346.00,229.00,293.00,229.00
293.00,51.00,344.00,51.00,344.00,228.00,293.00,228.00
294.00,50.00,345.00,50.00,345.00,221.00,294.00,221.00
295.00,47.00,344.00,47.00,344.00,210.00,295.00,210.00
293.00,50.00,343.00,50.00,343.00,214.00,293.00,214.00
291.00,51.00,342.00,51.00,342.00,219.00,291.00,219.00
291.00,51.00,342.00,51.00,342.00,226.00,291.00,226.00
294.00,51.00,349.00,51.00,349.00,233.00,294.00,233.00
292.00,45.00,351.00,45.00,351.00,237.00,292.00,237.00
295.00,45.00,352.00,45.00,352.00,242.00,295.00,242.00
299.00,46.00,353.00,46.00,353.00,244.00,299.00,244.00
298.00,49.00,353.00,49.00,353.00,241.00,298.00,241.00
301.00,59.00,358.00,59.00,358.00,247.00,301.00,247.00
299.00,52.00,354.00,52.00,354.00,239.00,299.00,239.00
299.00,49.00,353.00,49.00,353.00,240.00,299.00,240.00
298.00,51.00,354.00,51.00,354.00,240.00,298.00,240.00
299.00,46.00,355.00,46.00,355.00,228.00,299.00,228.00
300.00,48.00,353.00,48.00,353.00,224.00,300.00,224.00
298.00,55.00,354.00,55.00,354.00,230.00,298.00,230.00
298.00,53.00,355.00,53.00,355.00,242.00,298.00,242.00
298.00,49.00,360.00,49.00,360.00,245.00,298.00,245.00
299.00,41.00,362.00,41.00,362.00,247.00,299.00,247.00
304.00,44.00,362.00,44.00,362.00,247.00,304.00,247.00
310.00,40.00,367.00,40.00,367.00,238.00,310.00,238.00
311.00,41.00,367.00,41.00,367.00,240.00,311.00,240.00
315.00,53.00,370.00,53.00,370.00,235.00,315.00,235.00
313.00,55.00,371.00,55.00,371.00,237.00,313.00,237.00
317.00,47.00,375.00,47.00,375.00,234.00,317.00,234.00
313.00,47.00,370.00,47.00,370.00,234.00,313.00,234.00
310.00,43.00,367.00,43.00,367.00,227.00,310.00,227.00
309.00,43.00,363.00,43.00,363.00,230.00,309.00,230.00
309.00,55.00,365.00,55.00,365.00,239.00,309.00,239.00
312.00,60.00,369.00,60.00,369.00,250.00,312.00,250.00
312.00,52.00,378.00,52.00,378.00,256.00,312.00,256.00
315.00,43.00,380.00,43.00,380.00,250.00,315.00,250.00
316.00,46.00,381.00,46.00,381.00,253.00,316.00,253.00
315.00,43.00,377.00,43.00,377.00,260.00,315.00,260.00
317.00,44.00,378.00,44.00,378.00,261.00,317.00,261.00
312.00,52.00,379.00,52.00,379.00,264.00,312.00,264.00
316.00,55.00,383.00,55.00,383.00,260.00,316.00,260.00
315.00,55.00,376.00,55.00,376.00,262.00,315.00,262.00
312.00,46.00,378.00,46.00,378.00,255.00,312.00,255.00
310.00,47.00,372.00,47.00,372.00,259.00,310.00,259.00
306.00,44.00,370.00,44.00,370.00,257.00,306.00,257.00
302.00,51.00,366.00,51.00,366.00,257.00,302.00,257.00
303.00,58.00,368.00,58.00,368.00,266.00,303.00,266.00
300.00,51.00,369.00,51.00,369.00,271.00,300.00,271.00
298.00,47.00,369.00,47.00,369.00,263.00,298.00,263.00
296.00,46.00,368.00,46.00,368.00,267.00,296.00,267.00
297.00,43.00,366.00,43.00,366.00,274.00,297.00,274.00
294.00,50.00,363.00,50.00,363.00,271.00,294.00,271.00
290.00,59.00,361.00,59.00,361.00,269.00,290.00,269.00
293.00,57.00,362.00,57.00,362.00,268.00,293.00,268.00
289.00,53.00,356.00,53.00,356.00,261.00,289.00,261.00
288.00,56.00,357.00,56.00,357.00,263.00,288.00,263.00
285.00,56.00,356.00,56.00,356.00,258.00,285.00,258.00
282.00,55.00,350.00,55.00,350.00,267.00,282.00,267.00
283.00,64.00,350.00,64.00,350.00,268.00,283.00,268.00
290.00,61.00,354.00,61.00,354.00,270.00,290.00,270.00
289.00,55.00,355.00,55.00,355.00,270.00,289.00,270.00
289.00,46.00,359.00,46.00,359.00,267.00,289.00,267.00
289.00,51.00,358.00,51.00,358.00,265.00,289.00,265.00
290.00,47.00,359.00,47.00,359.00,268.00,290.00,268.00
291.00,49.00,361.00,49.00,361.00,275.00,291.00,275.00
291.00,55.00,361.00,55.00,361.00,273.00,291.00,273.00
296.00,59.00,363.00,59.00,363.00,265.00,296.00,265.00
296.00,56.00,366.00,56.00,366.00,254.00,296.00,254.00
297.00,60.00,366.00,60.00,366.00,256.00,297.00,256.00
301.00,66.00,366.00,66.00,366.00,262.00,301.00,262.00
295.00,56.00,363.00,56.00,363.00,263.00,295.00,263.00
284.00,47.00,353.00,47.00,353.00,264.00,284.00,264.00
278.00,56.00,349.00,56.00,349.00,276.00,278.00,276.00
281.00,52.00,346.00,52.00,346.00,272.00,281.00,272.00
286.00,51.00,353.00,51.00,353.00,268.00,286.00,268.00
280.00,50.00,347.00,50.00,347.00,268.00,280.00,268.00
282.00,45.00,347.00,45.00,347.00,261.00,282.00,261.00
281.00,42.00,352.00,42.00,352.00,267.00,281.00,267.00
273.00,45.00,346.00,45.00,346.00,286.00,273.00,286.00
271.00,45.00,341.00,45.00,341.00,267.00,271.00,267.00
265.00,50.00,341.00,50.00,341.00,274.00,265.00,274.00
256.00,49.00,329.00,49.00,329.00,257.00,256.00,257.00
260.00,48.00,338.00,48.00,338.00,256.00,260.00,256.00
258.00,50.00,331.00,50.00,331.00,253.00,258.00,253.00
265.00,48.00,334.00,48.00,334.00,241.00,265.00,241.00
266.00,47.00,336.00,47.00,336.00,234.00,266.00,234.00
267.00,52.00,335.00,52.00,335.00,242.00,267.00,242.00
262.00,47.00,333.00,47.00,333.00,251.00,262.00,251.00
262.00,44.00,336.00,44.00,336.00,255.00,262.00,255.00
260.00,41.00,338.00,41.00,338.00,263.00,260.00,263.00
259.00,49.00,336.00,49.00,336.00,270.00,259.00,270.00
256.00,54.00,334.00,54.00,334.00,273.00,256.00,273.00
252.00,60.00,329.00,60.00,329.00,265.00,252.00,265.00
237.00,68.00,319.00,68.00,319.00,266.00,237.00,266.00
222.00,73.00,304.00,73.00,304.00,270.00,222.00,270.00
209.00,70.00,282.00,70.00,282.00,256.00,209.00,256.00
201.00,58.00,264.00,58.00,264.00,242.00,201.00,242.00
196.00,78.00,259.00,78.00,259.00,258.00,196.00,258.00
197.00,90.00,260.00,90.00,260.00,269.00,197.00,269.00
203.00,87.00,260.00,87.00,260.00,260.00,203.00,260.00
208.00,87.00,267.00,87.00,267.00,262.00,208.00,262.00
215.00,84.00,281.00,84.00,281.00,261.00,215.00,261.00
232.00,85.00,305.00,85.00,305.00,282.00,232.00,282.00
239.00,87.00,311.00,87.00,311.00,281.00,239.00,281.00
249.00,86.00,320.00,86.00,320.00,272.00,249.00,272.00
267.00,97.00,329.00,97.00,329.00,273.00,267.00,273.00
280.00,109.00,347.00,109.00,347.00,289.00,280.00,289.00
284.00,99.00,349.00,99.00,349.00,290.00,284.00,290.00
283.00,92.00,346.00,92.00,346.00,278.00,283.00,278.00
281.00,98.00,343.00,98.00,343.00,281.00,281.00,281.00
275.00,89.00,336.00,89.00,336.00,287.00,275.00,287.00
281.00,90.00,339.00,90.00,339.00,286.00,281.00,286.00
274.00,100.00,338.00,100.00,338.00,306.00,274.00,306.00
277.00,102.00,338.00,102.00,338.00,301.00,277.00,301.00
271.00,101.00,330.00,101.00,330.00,302.00,271.00,302.00
270.00,95.00,330.00,95.00,330.00,303.00,270.00,303.00
277.00,106.00,335.00,106.00,335.00,299.00,277.00,299.00
288.00,112.00,341.00,112.00,341.00,290.00,288.00,290.00
292.00,112.00,346.00,112.00,346.00,292.00,292.00,292.00
294.00,118.00,354.00,118.00,354.00,294.00,294.00,294.00
298.00,108.00,356.00,108.00,356.00,282.00,298.00,282.00
311.00,114.00,367.00,114.00,367.00,285.00,311.00,285.00
319.00,120.00,371.00,120.00,371.00,295.00,319.00,295.00
312.00,111.00,369.00,111.00,369.00,283.00,312.00,283.00
312.00,110.00,364.00,110.00,364.00,290.00,312.00,290.00
318.00,124.00,365.00,124.00,365.00,293.00,318.00,293.00
313.00,117.00,369.00,117.00,369.00,280.00,313.00,280.00
318.00,113.00,374.00,113.00,374.00,285.00,318.00,285.00
329.00,122.00,383.00,122.00,383.00,293.00,329.00,293.00
322.00,102.00,375.00,102.00,375.00,277.00,322.00,277.00
317.00,106.00,366.00,106.00,366.00,279.00,317.00,279.00
318.00,113.00,369.00,113.00,369.00,287.00,318.00,287.00
320.00,118.00,370.00,118.00,370.00,292.00,320.00,292.00
322.00,122.00,375.00,122.00,375.00,291.00,322.00,291.00
319.00,122.00,370.00,122.00,370.00,284.00,319.00,284.00
309.00,117.00,363.00,117.00,363.00,277.00,309.00,277.00
301.00,120.00,358.00,120.00,358.00,277.00,301.00,277.00
300.00,117.00,349.00,117.00,349.00,277.00,300.00,277.00
297.00,123.00,347.00,123.00,347.00,278.00,297.00,278.00
293.00,128.00,345.00,128.00,345.00,275.00,293.00,275.00
291.00,133.00,339.00,133.00,339.00,279.00,291.00,279.00
290.00,128.00,339.00,128.00,339.00,274.00,290.00,274.00
285.00,117.00,335.00,117.00,335.00,270.00,285.00,270.00
279.00,116.00,325.00,116.00,325.00,269.00,279.00,269.00
277.00,123.00,320.00,123.00,320.00,269.00,277.00,269.00
278.00,129.00,323.00,129.00,323.00,272.00,278.00,272.00
283.00,131.00,330.00,131.00,330.00,278.00,283.00,278.00
279.00,134.00,327.00,134.00,327.00,271.00,279.00,271.00
275.00,135.00,319.00,135.00,319.00,268.00,275.00,268.00
275.00,133.00,319.00,133.00,319.00,266.00,275.00,266.00
277.00,139.00,318.00,139.00,318.00,272.00,277.00,272.00
276.00,136.00,315.00,136.00,315.00,270.00,276.00,270.00
281.00,143.00,320.00,143.00,320.00,270.00,281.00,270.00
284.00,141.00,322.00,141.00,322.00,271.00,284.00,271.00
280.00,133.00,315.00,133.00,315.00,259.00,280.00,259.00
279.00,136.00,316.00,136.00,316.00,260.00,279.00,260.00
282.00,139.00,320.00,139.00,320.00,264.00,282.00,264.00
281.00,140.00,318.00,140.00,318.00,263.00,281.00,263.00
285.00,149.00,322.00,149.00,322.00,271.00,285.00,271.00
290.00,150.00,327.00,150.00,327.00,269.00,290.00,269.00
294.00,145.00,332.00,145.00,332.00,268.00,294.00,268.00
297.00,154.00,331.00,154.00,331.00,276.00,297.00,276.00
297.00,153.00,331.00,153.00,331.00,273.00,297.00,273.00
297.00,150.00,332.00,150.00,332.00,269.00,297.00,269.00
297.00,149.00,330.00,149.00,330.00,267.00,297.00,267.00
297.00,157.00,331.00,157.00,331.00,275.00,297.00,275.00
299.00,159.00,335.00,159.00,335.00,278.00,299.00,278.00
301.00,164.00,336.00,164.00,336.00,278.00,301.00,278.00
302.00,158.00,336.00,158.00,336.00,271.00,302.00,271.00
302.00,151.00,335.00,151.00,335.00,269.00,302.00,269.00
298.00,149.00,337.00,149.00,337.00,283.00,298.00,283.00
296.00,158.00,329.00,158.00,329.00,273.00,296.00,273.00
294.00,164.00,330.00,164.00,330.00,277.00,294.00,277.00
294.00,165.00,328.00,165.00,328.00,277.00,294.00,277.00
293.00,159.00,327.00,159.00,327.00,269.00,293.00,269.00
292.00,162.00,328.00,162.00,328.00,273.00,292.00,273.00
288.00,153.00,328.00,153.00,328.00,287.00,288.00,287.00
285.00,157.00,319.00,157.00,319.00,267.00,285.00,267.00
283.00,156.00,317.00,156.00,317.00,266.00,283.00,266.00
283.00,150.00,319.00,150.00,319.00,263.00,283.00,263.00
286.00,160.00,322.00,160.00,322.00,270.00,286.00,270.00
287.00,158.00,324.00,158.00,324.00,269.00,287.00,269.00
286.00,150.00,326.00,150.00,326.00,280.00,286.00,280.00
286.00,152.00,326.00,152.00,326.00,282.00,286.00,282.00
284.00,153.00,323.00,153.00,323.00,280.00,284.00,280.00
288.00,146.00,327.00,146.00,327.00,272.00,288.00,272.00
293.00,154.00,331.00,154.00,331.00,278.00,293.00,278.00
290.00,155.00,328.00,155.00,328.00,280.00,290.00,280.00
272.00,121.00,310.00,121.00,310.00,247.00,272.00,247.00
283.00,136.00,321.00,136.00,321.00,264.00,283.00,264.00
281.00,141.00,318.00,141.00,318.00,267.00,281.00,267.00
282.00,140.00,319.00,140.00,319.00,267.00,282.00,267.00
286.00,145.00,323.00,145.00,323.00,271.00,286.00,271.00
286.00,147.00,323.00,147.00,323.00,272.00,286.00,272.00
284.00,143.00,321.00,143.00,321.00,268.00,284.00,268.00
281.00,128.00,318.00,128.00,318.00,255.00,281.00,255.00
288.00,142.00,325.00,142.00,325.00,268.00,288.00,268.00
290.00,146.00,327.00,146.00,327.00,273.00,290.00,273.00
286.00,138.00,324.00,138.00,324.00,267.00,286.00,267.00
286.00,144.00,324.00,144.00,324.00,273.00,286.00,273.00
286.00,148.00,324.00,148.00,324.00,277.00,286.00,277.00
289.00,147.00,327.00,147.00,327.00,278.00,289.00,278.00
283.00,127.00,321.00,127.00,321.00,259.00,283.00,259.00
285.00,141.00,323.00,141.00,323.00,273.00,285.00,273.00
282.00,117.00,320.00,117.00,320.00,250.00,282.00,250.00
287.00,129.00,325.00,129.00,325.00,263.00,287.00,263.00
286.00,125.00,324.00,125.00,324.00,260.00,286.00,260.00
283.00,147.00,321.00,147.00,321.00,281.00,283.00,281.00
274.00,120.00,312.00,120.00,312.00,253.00,274.00,253.00
281.00,107.00,319.00,107.00,319.00,241.00,281.00,241.00
280.00,124.00,318.00,124.00,318.00,257.00,280.00,257.00
273.00,90.00,310.00,90.00,310.00,221.00,273.00,221.00
276.00,110.00,313.00,110.00,313.00,241.00,276.00,241.00
268.00,138.00,305.00,138.00,305.00,270.00,268.00,270.00
244.00,131.00,281.00,131.00,281.00,263.00,244.00,263.00
269.00,107.00,306.00,107.00,306.00,239.00,269.00,239.00
266.00,105.00,303.00,105.00,303.00,238.00,266.00,238.00
262.00,119.00,299.00,119.00,299.00,251.00,262.00,251.00
264.00,147.00,302.00,147.00,302.00,281.00,264.00,281.00
269.00,143.00,307.00,143.00,307.00,279.00,269.00,279.00
242.00,81.00,280.00,81.00,280.00,217.00,242.00,217.00
2
0
0
0
0
1
245.00,163.00,279.00,163.00,279.00,205.00,245.00,205.00
245.00,163.00,277.00,163.00,277.00,205.00,245.00,205.00
242.00,162.00,275.00,162.00,275.00,205.00,242.00,205.00
240.00,164.00,275.00,164.00,275.00,204.00,240.00,204.00
238.00,163.00,272.00,163.00,272.00,204.00,238.00,204.00
236.00,165.00,269.00,165.00,269.00,205.00,236.00,205.00
234.00,165.00,266.00,165.00,266.00,204.00,234.00,204.00
231.00,164.00,263.00,164.00,263.00,203.00,231.00,203.00
230.00,163.00,261.00,163.00,261.00,205.00,230.00,205.00
226.00,164.00,260.00,164.00,260.00,205.00,226.00,205.00
224.00,162.00,258.00,162.00,258.00,204.00,224.00,204.00
221.00,165.00,256.00,165.00,256.00,204.00,221.00,204.00
218.00,165.00,254.00,165.00,254.00,205.00,218.00,205.00
215.00,165.00,252.00,165.00,252.00,205.00,215.00,205.00
213.00,163.00,250.00,163.00,250.00,205.00,213.00,205.00
211.00,163.00,247.00,163.00,247.00,204.00,211.00,204.00
211.00,162.00,245.00,162.00,245.00,203.00,211.00,203.00
208.00,163.00,244.00,163.00,244.00,203.00,208.00,203.00
207.00,164.00,238.00,164.00,238.00,202.00,207.00,202.00
205.00,164.00,236.00,164.00,236.00,203.00,205.00,203.00
204.00,165.00,233.00,165.00,233.00,204.00,204.00,204.00
203.00,167.00,231.00,167.00,231.00,203.00,203.00,203.00
200.00,169.00,228.00,169.00,228.00,203.00,200.00,203.00
199.00,169.00,229.00,169.00,229.00,205.00,199.00,205.00
197.00,170.00,228.00,170.00,228.00,205.00,197.00,205.00
196.00,168.00,228.00,168.00,228.00,204.00,196.00,204.00
193.00,168.00,222.00,168.00,222.00,203.00,193.00,203.00
190.00,168.00,216.00,168.00,216.00,205.00,190.00,205.00
188.00,165.00,214.00,165.00,214.00,201.00,188.00,201.00
186.00,163.00,214.00,163.00,214.00,201.00,186.00,201.00
185.00,164.00,213.00,164.00,213.00,201.00,185.00,201.00
181.00,165.00,210.00,165.00,210.00,203.00,181.00,203.00
181.00,164.00,209.00,164.00,209.00,201.00,181.00,201.00
179.00,164.00,208.00,164.00,208.00,200.00,179.00,200.00
177.00,165.00,207.00,165.00,207.00,201.00,177.00,201.00
174.00,167.00,203.00,167.00,203.00,202.00,174.00,202.00
172.00,168.00,200.00,168.00,200.00,203.00,172.00,203.00
172.00,167.00,199.00,167.00,199.00,203.00,172.00,203.00
171.00,167.00,198.00,167.00,198.00,204.00,171.00,204.00
171.00,165.00,197.00,165.00,197.00,203.00,171.00,203.00
171.00,166.00,197.00,166.00,197.00,205.00,171.00,205.00
169.00,165.00,194.00,165.00,194.00,205.00,169.00,205.00
168.00,166.00,194.00,166.00,194.00,205.00,168.00,205.00
166.00,167.00,193.00,167.00,193.00,204.00,166.00,204.00
163.00,167.00,190.00,167.00,190.00,204.00,163.00,204.00
164.00,167.00,190.00,167.00,190.00,203.00,164.00,203.00
163.00,165.00,188.00,165.00,188.00,203.00,163.00,203.00
163.00,164.00,188.00,164.00,188.00,203.00,163.00,203.00
163.00,165.00,188.00,165.00,188.00,202.00,163.00,202.00
162.00,165.00,187.00,165.00,187.00,202.00,162.00,202.00
161.00,166.00,187.00,166.00,187.00,203.00,161.00,203.00
160.00,168.00,186.00,168.00,186.00,203.00,160.00,203.00
160.00,168.00,187.00,168.00,187.00,203.00,160.00,203.00
160.00,168.00,187.00,168.00,187.00,202.00,160.00,202.00
159.00,168.00,185.00,168.00,185.00,202.00,159.00,202.00
158.00,169.00,185.00,169.00,185.00,205.00,158.00,205.00
159.00,167.00,185.00,167.00,185.00,203.00,159.00,203.00
159.00,166.00,185.00,166.00,185.00,202.00,159.00,202.00
157.00,167.00,184.00,167.00,184.00,204.00,157.00,204.00
158.00,167.00,185.00,167.00,185.00,203.00,158.00,203.00
159.00,166.00,185.00,166.00,185.00,202.00,159.00,202.00
160.00,166.00,186.00,166.00,186.00,201.00,160.00,201.00
158.00,167.00,184.00,167.00,184.00,202.00,158.00,202.00
159.00,167.00,186.00,167.00,186.00,203.00,159.00,203.00
158.00,167.00,186.00,167.00,186.00,203.00,158.00,203.00
159.00,168.00,186.00,168.00,186.00,204.00,159.00,204.00
158.00,168.00,186.00,168.00,186.00,205.00,158.00,205.00
159.00,168.00,187.00,168.00,187.00,206.00,159.00,206.00
160.00,167.00,188.00,167.00,188.00,205.00,160.00,205.00
160.00,168.00,188.00,168.00,188.00,205.00,160.00,205.00
161.00,166.00,188.00,166.00,188.00,204.00,161.00,204.00
161.00,167.00,187.00,167.00,187.00,204.00,161.00,204.00
162.00,168.00,188.00,168.00,188.00,204.00,162.00,204.00
162.00,166.00,188.00,166.00,188.00,202.00,162.00,202.00
162.00,166.00,189.00,166.00,189.00,202.00,162.00,202.00
161.00,166.00,188.00,166.00,188.00,203.00,161.00,203.00
161.00,167.00,188.00,167.00,188.00,204.00,161.00,204.00
161.00,167.00,189.00,167.00,189.00,204.00,161.00,204.00
161.00,167.00,188.00,167.00,188.00,203.00,161.00,203.00
162.00,167.00,188.00,167.00,188.00,203.00,162.00,203.00
162.00,167.00,188.00,167.00,188.00,203.00,162.00,203.00
162.00,167.00,188.00,167.00,188.00,203.00,162.00,203.00
161.00,167.00,187.00,167.00,187.00,204.00,161.00,204.00
161.00,167.00,187.00,167.00,187.00,204.00,161.00,204.00
160.00,167.00,187.00,167.00,187.00,204.00,160.00,204.00
160.00,166.00,187.00,166.00,187.00,204.00,160.00,204.00
161.00,166.00,188.00,166.00,188.00,203.00,161.00,203.00
161.00,166.00,187.00,166.00,187.00,203.00,161.00,203.00
161.00,167.00,187.00,167.00,187.00,204.00,161.00,204.00
162.00,166.00,187.00,166.00,187.00,203.00,162.00,203.00
162.00,167.00,187.00,167.00,187.00,204.00,162.00,204.00
162.00,168.00,187.00,168.00,187.00,205.00,162.00,205.00
164.00,169.00,189.00,169.00,189.00,205.00,164.00,205.00
164.00,168.00,188.00,168.00,188.00,204.00,164.00,204.00
163.00,168.00,188.00,168.00,188.00,204.00,163.00,204.00
164.00,168.00,188.00,168.00,188.00,203.00,164.00,203.00
164.00,170.00,188.00,170.00,188.00,204.00,164.00,204.00
165.00,169.00,189.00,169.00,189.00,203.00,165.00,203.00
166.00,171.00,189.00,171.00,189.00,204.00,166.00,204.00
168.00,169.00,191.00,169.00,191.00,202.00,168.00,202.00
169.00,168.00,192.00,168.00,192.00,202.00,169.00,202.00
174.00,168.00,197.00,168.00,197.00,202.00,174.00,202.00
173.00,168.00,196.00,168.00,196.00,202.00,173.00,202.00
174.00,167.00,197.00,167.00,197.00,203.00,174.00,203.00
176.00,168.00,199.00,168.00,199.00,202.00,176.00,202.00
175.00,169.00,200.00,169.00,200.00,203.00,175.00,203.00
176.00,168.00,203.00,168.00,203.00,202.00,176.00,202.00
177.00,167.00,205.00,167.00,205.00,202.00,177.00,202.00
179.00,167.00,205.00,167.00,205.00,202.00,179.00,202.00
179.00,167.00,205.00,167.00,205.00,202.00,179.00,202.00
182.00,167.00,206.00,167.00,206.00,201.00,182.00,201.00
186.00,166.00,209.00,166.00,209.00,201.00,186.00,201.00
190.00,167.00,212.00,167.00,212.00,200.00,190.00,200.00
192.00,168.00,213.00,168.00,213.00,201.00,192.00,201.00
194.00,167.00,215.00,167.00,215.00,201.00,194.00,201.00
195.00,168.00,217.00,168.00,217.00,201.00,195.00,201.00
197.00,168.00,220.00,168.00,220.00,202.00,197.00,202.00
199.00,168.00,221.00,168.00,221.00,202.00,199.00,202.00
202.00,167.00,226.00,167.00,226.00,200.00,202.00,200.00
203.00,167.00,226.00,167.00,226.00,200.00,203.00,200.00
206.00,167.00,230.00,167.00,230.00,201.00,206.00,201.00
207.00,166.00,231.00,166.00,231.00,201.00,207.00,201.00
209.00,168.00,233.00,168.00,233.00,203.00,209.00,203.00
210.00,167.00,234.00,167.00,234.00,202.00,210.00,202.00
213.00,166.00,236.00,166.00,236.00,203.00,213.00,203.00
216.00,163.00,239.00,163.00,239.00,202.00,216.00,202.00
219.00,162.00,243.00,162.00,243.00,201.00,219.00,201.00
222.00,161.00,246.00,161.00,246.00,199.00,222.00,199.00
224.00,162.00,249.00,162.00,249.00,200.00,224.00,200.00
227.00,163.00,254.00,163.00,254.00,200.00,227.00,200.00
229.00,163.00,255.00,163.00,255.00,198.00,229.00,198.00
231.00,165.00,259.00,165.00,259.00,202.00,231.00,202.00
234.00,164.00,261.00,164.00,261.00,202.00,234.00,202.00
236.00,164.00,262.00,164.00,262.00,200.00,236.00,200.00
238.00,165.00,265.00,165.00,265.00,202.00,238.00,202.00
241.00,165.00,268.00,165.00,268.00,203.00,241.00,203.00
245.00,164.00,270.00,164.00,270.00,203.00,245.00,203.00
249.00,165.00,273.00,165.00,273.00,203.00,249.00,203.00
251.00,165.00,278.00,165.00,278.00,203.00,251.00,203.00
254.00,164.00,280.00,164.00,280.00,201.00,254.00,201.00
258.00,163.00,282.00,163.00,282.00,202.00,258.00,202.00
260.00,163.00,285.00,163.00,285.00,200.00,260.00,200.00
263.00,161.00,286.00,161.00,286.00,199.00,263.00,199.00
267.00,162.00,289.00,162.00,289.00,199.00,267.00,199.00
269.00,161.00,292.00,161.00,292.00,201.00,269.00,201.00
270.00,161.00,294.00,161.00,294.00,201.00,270.00,201.00
275.00,162.00,299.00,162.00,299.00,199.00,275.00,199.00
280.00,163.00,302.00,163.00,302.00,199.00,280.00,199.00
283.00,162.00,304.00,162.00,304.00,199.00,283.00,199.00
286.00,163.00,308.00,163.00,308.00,199.00,286.00,199.00
288.00,163.00,313.00,163.00,313.00,197.00,288.00,197.00
292.00,167.00,313.00,167.00,313.00,205.00,292.00,205.00
294.00,166.00,316.00,166.00,316.00,205.00,294.00,205.00
295.00,164.00,320.00,164.00,320.00,204.00,295.00,204.00
301.00,164.00,326.00,164.00,326.00,202.00,301.00,202.00
304.00,160.00,331.00,160.00,331.00,199.00,304.00,199.00
305.00,160.00,332.00,160.00,332.00,201.00,305.00,201.00
307.00,163.00,335.00,163.00,335.00,206.00,307.00,206.00
311.00,163.00,340.00,163.00,340.00,206.00,311.00,206.00
315.00,164.00,343.00,164.00,343.00,205.00,315.00,205.00
319.00,161.00,346.00,161.00,346.00,204.00,319.00,204.00
322.00,164.00,349.00,164.00,349.00,204.00,322.00,204.00
325.00,161.00,353.00,161.00,353.00,200.00,325.00,200.00
328.00,166.00,358.00,166.00,358.00,204.00,328.00,204.00
332.00,159.00,359.00,159.00,359.00,199.00,332.00,199.00
334.00,165.00,362.00,165.00,362.00,203.00,334.00,203.00
335.00,162.00,363.00,162.00,363.00,201.00,335.00,201.00
335.00,156.00,360.00,156.00,360.00,191.00,335.00,191.00
337.00,156.00,362.00,156.00,362.00,192.00,337.00,192.00
342.00,166.00,371.00,166.00,371.00,201.00,342.00,201.00
345.00,167.00,374.00,167.00,374.00,203.00,345.00,203.00
347.00,165.00,377.00,165.00,377.00,201.00,347.00,201.00
349.00,165.00,380.00,165.00,380.00,200.00,349.00,200.00
353.00,167.00,378.00,167.00,378.00,202.00,353.00,202.00
357.00,165.00,385.00,165.00,385.00,201.00,357.00,201.00
357.00,164.00,385.00,164.00,385.00,201.00,357.00,201.00
357.00,164.00,385.00,164.00,385.00,202.00,357.00,202.00
358.00,164.00,387.00,164.00,387.00,200.00,358.00,200.00
361.00,165.00,390.00,165.00,390.00,202.00,361.00,202.00
362.00,166.00,391.00,166.00,391.00,203.00,362.00,203.00
364.00,166.00,391.00,166.00,391.00,204.00,364.00,204.00
365.00,165.00,390.00,165.00,390.00,202.00,365.00,202.00
365.00,164.00,390.00,164.00,390.00,201.00,365.00,201.00
365.00,164.00,391.00,164.00,391.00,203.00,365.00,203.00
366.00,164.00,391.00,164.00,391.00,202.00,366.00,202.00
366.00,165.00,392.00,165.00,392.00,205.00,366.00,205.00
366.00,165.00,392.00,165.00,392.00,203.00,366.00,203.00
366.00,163.00,393.00,163.00,393.00,202.00,366.00,202.00
365.00,163.00,391.00,163.00,391.00,202.00,365.00,202.00
365.00,162.00,391.00,162.00,391.00,200.00,365.00,200.00
364.00,161.00,389.00,161.00,389.00,199.00,364.00,199.00
