1
36.00,60.00,102.00,60.00,102.00,145.00,36.00,145.00
41.00,65.00,104.00,65.00,104.00,149.00,41.00,149.00
46.00,73.00,111.00,73.00,111.00,154.00,46.00,154.00
54.00,77.00,119.00,77.00,119.00,161.00,54.00,161.00
64.00,77.00,130.00,77.00,130.00,163.00,64.00,163.00
73.00,81.00,139.00,81.00,139.00,162.00,73.00,162.00
80.00,83.00,147.00,83.00,147.00,164.00,80.00,164.00
89.00,84.00,156.00,84.00,156.00,168.00,89.00,168.00
99.00,87.00,168.00,87.00,168.00,174.00,99.00,174.00
107.00,87.00,176.00,87.00,176.00,171.00,107.00,171.00
117.00,87.00,187.00,87.00,187.00,176.00,117.00,176.00
125.00,87.00,192.00,87.00,192.00,174.00,125.00,174.00
131.00,83.00,197.00,83.00,197.00,172.00,131.00,172.00
136.00,80.00,201.00,80.00,201.00,167.00,136.00,167.00
141.00,79.00,204.00,79.00,204.00,163.00,141.00,163.00
148.00,78.00,212.00,78.00,212.00,160.00,148.00,160.00
154.00,75.00,218.00,75.00,218.00,155.00,154.00,155.00
160.00,72.00,229.00,72.00,229.00,150.00,160.00,150.00
173.00,71.00,242.00,71.00,242.00,149.00,173.00,149.00
189.00,71.00,260.00,71.00,260.00,149.00,189.00,149.00
206.00,73.00,277.00,73.00,277.00,146.00,206.00,146.00
223.00,72.00,293.00,72.00,293.00,147.00,223.00,147.00
240.00,71.00,308.00,71.00,308.00,146.00,240.00,146.00
255.00,72.00,322.00,72.00,322.00,147.00,255.00,147.00
271.00,71.00,336.00,71.00,336.00,149.00,271.00,149.00
284.00,70.00,344.00,70.00,344.00,146.00,284.00,146.00
294.00,69.00,352.00,69.00,352.00,147.00,294.00,147.00
297.00,67.00,353.00,67.00,353.00,143.00,297.00,143.00
296.00,67.00,354.00,67.00,354.00,143.00,296.00,143.00
289.00,66.00,349.00,66.00,349.00,144.00,289.00,144.00
274.00,67.00,338.00,67.00,338.00,145.00,274.00,145.00
256.00,66.00,323.00,66.00,323.00,143.00,256.00,143.00
242.00,64.00,313.00,64.00,313.00,141.00,242.00,141.00
226.00,62.00,297.00,62.00,297.00,138.00,226.00,138.00
211.00,63.00,287.00,63.00,287.00,138.00,211.00,138.00
203.00,69.00,276.00,69.00,276.00,142.00,203.00,142.00
181.00,67.00,256.00,67.00,256.00,148.00,181.00,148.00
173.00,71.00,244.00,71.00,244.00,152.00,173.00,152.00
164.00,76.00,237.00,76.00,237.00,155.00,164.00,155.00
152.00,84.00,225.00,84.00,225.00,162.00,152.00,162.00
142.00,91.00,217.00,91.00,217.00,171.00,142.00,171.00
135.00,93.00,209.00,93.00,209.00,172.00,135.00,172.00
126.00,94.00,203.00,94.00,203.00,176.00,126.00,176.00
123.00,87.00,196.00,87.00,196.00,169.00,123.00,169.00
117.00,84.00,187.00,84.00,187.00,167.00,117.00,167.00
115.00,86.00,184.00,86.00,184.00,169.00,115.00,169.00
109.00,87.00,179.00,87.00,179.00,167.00,109.00,167.00
109.00,85.00,181.00,85.00,181.00,167.00,109.00,167.00
107.00,83.00,177.00,83.00,177.00,165.00,107.00,165.00
108.00,85.00,180.00,85.00,180.00,167.00,108.00,167.00
111.00,85.00,186.00,85.00,186.00,169.00,111.00,169.00
116.00,87.00,193.00,87.00,193.00,170.00,116.00,170.00
124.00,86.00,206.00,86.00,206.00,170.00,124.00,170.00
141.00,84.00,222.00,84.00,222.00,166.00,141.00,166.00
168.00,83.00,241.00,83.00,241.00,165.00,168.00,165.00
185.00,80.00,256.00,80.00,256.00,159.00,185.00,159.00
201.00,82.00,273.00,82.00,273.00,157.00,201.00,157.00
222.00,80.00,291.00,80.00,291.00,156.00,222.00,156.00
239.00,80.00,307.00,80.00,307.00,156.00,239.00,156.00
256.00,79.00,322.00,79.00,322.00,158.00,256.00,158.00
273.00,76.00,338.00,76.00,338.00,159.00,273.00,159.00
289.00,70.00,351.00,70.00,351.00,154.00,289.00,154.00
299.00,67.00,359.00,67.00,359.00,149.00,299.00,149.00
306.00,63.00,366.00,63.00,366.00,145.00,306.00,145.00
311.00,60.00,371.00,60.00,371.00,143.00,311.00,143.00
311.00,59.00,371.00,59.00,371.00,142.00,311.00,142.00
307.00,59.00,372.00,59.00,372.00,144.00,307.00,144.00
295.00,61.00,364.00,61.00,364.00,146.00,295.00,146.00
278.00,65.00,353.00,65.00,353.00,152.00,278.00,152.00
257.00,71.00,338.00,71.00,338.00,159.00,257.00,159.00
238.00,76.00,320.00,76.00,320.00,161.00,238.00,161.00
213.00,80.00,298.00,80.00,298.00,163.00,213.00,163.00
191.00,81.00,275.00,81.00,275.00,163.00,191.00,163.00
174.00,83.00,260.00,83.00,260.00,169.00,174.00,169.00
137.00,83.00,232.00,83.00,232.00,177.00,137.00,177.00
125.00,77.00,220.00,77.00,220.00,174.00,125.00,174.00
98.00,73.00,201.00,73.00,201.00,171.00,98.00,171.00
88.00,68.00,185.00,68.00,185.00,168.00,88.00,168.00
72.00,66.00,167.00,66.00,167.00,167.00,72.00,167.00
53.00,63.00,144.00,63.00,144.00,160.00,53.00,160.00
33.00,61.00,121.00,61.00,121.00,158.00,33.00,158.00
14.00,60.00,103.00,60.00,103.00,156.00,14.00,156.00
-1.00,67.00,84.00,67.00,84.00,158.00,-1.00,158.00
-1.00,66.00,75.00,66.00,75.00,161.00,-1.00,161.00
-10.00,67.00,66.00,67.00,66.00,164.00,-10.00,164.00
-10.00,68.00,67.00,68.00,67.00,164.00,-10.00,164.00
-4.00,67.00,71.00,67.00,71.00,161.00,-4.00,161.00
-8.00,64.00,75.00,64.00,75.00,160.00,-8.00,160.00
0.00,59.00,81.00,59.00,81.00,148.00,0.00,148.00
4.00,63.00,84.00,63.00,84.00,149.00,4.00,149.00
9.00,64.00,87.00,64.00,87.00,148.00,9.00,148.00
9.00,66.00,90.00,66.00,90.00,149.00,9.00,149.00
13.00,72.00,91.00,72.00,91.00,159.00,13.00,159.00
30.00,79.00,105.00,79.00,105.00,166.00,30.00,166.00
36.00,81.00,112.00,81.00,112.00,170.00,36.00,170.00
44.00,83.00,119.00,83.00,119.00,174.00,44.00,174.00
47.00,83.00,121.00,83.00,121.00,173.00,47.00,173.00
53.00,84.00,128.00,84.00,128.00,174.00,53.00,174.00
63.00,86.00,142.00,86.00,142.00,178.00,63.00,178.00
70.00,83.00,156.00,83.00,156.00,182.00,70.00,182.00
85.00,83.00,178.00,83.00,178.00,186.00,85.00,186.00
105.00,88.00,197.00,88.00,197.00,193.00,105.00,193.00
121.00,88.00,216.00,88.00,216.00,194.00,121.00,194.00
136.00,92.00,229.00,92.00,229.00,193.00,136.00,193.00
163.00,93.00,253.00,93.00,253.00,188.00,163.00,188.00
183.00,99.00,275.00,99.00,275.00,193.00,183.00,193.00
210.00,107.00,306.00,107.00,306.00,201.00,210.00,201.00
241.00,112.00,332.00,112.00,332.00,202.00,241.00,202.00
265.00,109.00,353.00,109.00,353.00,202.00,265.00,202.00
289.00,108.00,375.00,108.00,375.00,202.00,289.00,202.00
310.00,106.00,391.00,106.00,391.00,198.00,310.00,198.00
326.00,104.00,406.00,104.00,406.00,195.00,326.00,195.00
338.00,100.00,419.00,100.00,419.00,192.00,338.00,192.00
347.00,94.00,424.00,94.00,424.00,187.00,347.00,187.00
351.00,86.00,425.00,86.00,425.00,180.00,351.00,180.00
349.00,81.00,426.00,81.00,426.00,179.00,349.00,179.00
340.00,75.00,423.00,75.00,423.00,176.00,340.00,176.00
323.00,70.00,414.00,70.00,414.00,171.00,323.00,171.00
312.00,66.00,409.00,66.00,409.00,167.00,312.00,167.00
302.00,64.00,400.00,64.00,400.00,169.00,302.00,169.00
286.00,62.00,384.00,62.00,384.00,166.00,286.00,166.00
276.00,63.00,372.00,63.00,372.00,166.00,276.00,166.00
264.00,63.00,364.00,63.00,364.00,173.00,264.00,173.00
251.00,76.00,355.00,76.00,355.00,185.00,251.00,185.00
245.00,82.00,349.00,82.00,349.00,187.00,245.00,187.00
255.00,67.00,352.00,67.00,352.00,175.00,255.00,175.00
260.00,71.00,347.00,71.00,347.00,184.00,260.00,184.00
252.00,71.00,342.00,71.00,342.00,186.00,252.00,186.00
237.00,73.00,337.00,73.00,337.00,186.00,237.00,186.00
215.00,70.00,323.00,70.00,323.00,181.00,215.00,181.00
192.00,69.00,297.00,69.00,297.00,172.00,192.00,172.00
180.00,67.00,285.00,67.00,285.00,167.00,180.00,167.00
164.00,64.00,266.00,64.00,266.00,168.00,164.00,168.00
156.00,65.00,255.00,65.00,255.00,168.00,156.00,168.00
160.00,71.00,263.00,71.00,263.00,175.00,160.00,175.00
179.00,65.00,285.00,65.00,285.00,171.00,179.00,171.00
194.00,72.00,293.00,72.00,293.00,175.00,194.00,175.00
200.00,79.00,298.00,79.00,298.00,178.00,200.00,178.00
219.00,89.00,314.00,89.00,314.00,189.00,219.00,189.00
232.00,94.00,326.00,94.00,326.00,191.00,232.00,191.00
239.00,95.00,330.00,95.00,330.00,187.00,239.00,187.00
240.00,97.00,332.00,97.00,332.00,189.00,240.00,189.00
235.00,97.00,328.00,97.00,328.00,185.00,235.00,185.00
236.00,99.00,324.00,99.00,324.00,186.00,236.00,186.00
232.00,103.00,318.00,103.00,318.00,190.00,232.00,190.00
224.00,104.00,310.00,104.00,310.00,194.00,224.00,194.00
224.00,104.00,305.00,104.00,305.00,191.00,224.00,191.00
217.00,102.00,301.00,102.00,301.00,188.00,217.00,188.00
208.00,92.00,294.00,92.00,294.00,178.00,208.00,178.00
207.00,82.00,287.00,82.00,287.00,169.00,207.00,169.00
218.00,80.00,300.00,80.00,300.00,167.00,218.00,167.00
224.00,78.00,310.00,78.00,310.00,163.00,224.00,163.00
250.00,81.00,332.00,81.00,332.00,168.00,250.00,168.00
272.00,80.00,348.00,80.00,348.00,171.00,272.00,171.00
289.00,78.00,359.00,78.00,359.00,169.00,289.00,169.00
297.00,73.00,365.00,73.00,365.00,164.00,297.00,164.00
303.00,67.00,372.00,67.00,372.00,156.00,303.00,156.00
306.00,61.00,376.00,61.00,376.00,143.00,306.00,143.00
307.00,59.00,376.00,59.00,376.00,138.00,307.00,138.00
303.00,59.00,373.00,59.00,373.00,138.00,303.00,138.00
298.00,62.00,370.00,62.00,370.00,145.00,298.00,145.00
287.00,68.00,362.00,68.00,362.00,152.00,287.00,152.00
284.00,78.00,363.00,78.00,363.00,172.00,284.00,172.00
276.00,92.00,352.00,92.00,352.00,187.00,276.00,187.00
265.00,101.00,346.00,101.00,346.00,194.00,265.00,194.00
262.00,100.00,343.00,100.00,343.00,195.00,262.00,195.00
259.00,96.00,347.00,96.00,347.00,192.00,259.00,192.00
252.00,86.00,339.00,86.00,339.00,182.00,252.00,182.00
240.00,80.00,331.00,80.00,331.00,171.00,240.00,171.00
231.00,71.00,324.00,71.00,324.00,163.00,231.00,163.00
216.00,67.00,312.00,67.00,312.00,156.00,216.00,156.00
205.00,65.00,301.00,65.00,301.00,155.00,205.00,155.00
214.00,59.00,309.00,59.00,309.00,155.00,214.00,155.00
222.00,59.00,312.00,59.00,312.00,152.00,222.00,152.00
217.00,59.00,310.00,59.00,310.00,154.00,217.00,154.00
198.00,61.00,296.00,61.00,296.00,157.00,198.00,157.00
201.00,62.00,289.00,62.00,289.00,161.00,201.00,161.00
203.00,61.00,288.00,61.00,288.00,158.00,203.00,158.00
155.00,84.00,250.00,84.00,250.00,180.00,155.00,180.00
167.00,86.00,261.00,86.00,261.00,179.00,167.00,179.00
172.00,86.00,261.00,86.00,261.00,179.00,172.00,179.00
174.00,85.00,260.00,85.00,260.00,175.00,174.00,175.00
177.00,84.00,263.00,84.00,263.00,173.00,177.00,173.00
175.00,92.00,258.00,92.00,258.00,180.00,175.00,180.00
191.00,90.00,269.00,90.00,269.00,176.00,191.00,176.00
199.00,89.00,273.00,89.00,273.00,169.00,199.00,169.00
202.00,85.00,274.00,85.00,274.00,163.00,202.00,163.00
203.00,81.00,276.00,81.00,276.00,157.00,203.00,157.00
210.00,76.00,290.00,76.00,290.00,151.00,210.00,151.00
218.00,68.00,293.00,68.00,293.00,146.00,218.00,146.00
210.00,65.00,289.00,65.00,289.00,144.00,210.00,144.00
210.00,64.00,287.00,64.00,287.00,143.00,210.00,143.00
209.00,65.00,288.00,65.00,288.00,145.00,209.00,145.00
219.00,67.00,295.00,67.00,295.00,149.00,219.00,149.00
227.00,66.00,303.00,66.00,303.00,151.00,227.00,151.00
227.00,70.00,306.00,70.00,306.00,154.00,227.00,154.00
223.00,75.00,304.00,75.00,304.00,156.00,223.00,156.00
222.00,75.00,304.00,75.00,304.00,157.00,222.00,157.00
224.00,74.00,309.00,74.00,309.00,158.00,224.00,158.00
228.00,71.00,318.00,71.00,318.00,160.00,228.00,160.00
233.00,68.00,327.00,68.00,327.00,157.00,233.00,157.00
247.00,68.00,342.00,68.00,342.00,163.00,247.00,163.00
261.00,68.00,351.00,68.00,351.00,164.00,261.00,164.00
268.00,65.00,357.00,65.00,357.00,167.00,268.00,167.00
264.00,60.00,362.00,60.00,362.00,159.00,264.00,159.00
250.00,60.00,352.00,60.00,352.00,160.00,250.00,160.00
235.00,63.00,338.00,63.00,338.00,163.00,235.00,163.00
233.00,67.00,329.00,67.00,329.00,165.00,233.00,165.00
240.00,72.00,332.00,72.00,332.00,171.00,240.00,171.00
243.00,71.00,328.00,71.00,328.00,172.00,243.00,172.00
230.00,78.00,317.00,78.00,317.00,175.00,230.00,175.00
218.00,76.00,310.00,76.00,310.00,170.00,218.00,170.00
198.00,78.00,290.00,78.00,290.00,170.00,198.00,170.00
180.00,82.00,271.00,82.00,271.00,172.00,180.00,172.00
168.00,86.00,256.00,86.00,256.00,179.00,168.00,179.00
146.00,94.00,238.00,94.00,238.00,190.00,146.00,190.00
133.00,96.00,221.00,96.00,221.00,198.00,133.00,198.00
131.00,101.00,218.00,101.00,218.00,203.00,131.00,203.00
146.00,103.00,231.00,103.00,231.00,204.00,146.00,204.00
157.00,100.00,240.00,100.00,240.00,198.00,157.00,198.00
166.00,93.00,248.00,93.00,248.00,191.00,166.00,191.00
176.00,85.00,255.00,85.00,255.00,179.00,176.00,179.00
185.00,75.00,262.00,75.00,262.00,168.00,185.00,168.00
192.00,66.00,272.00,66.00,272.00,159.00,192.00,159.00
206.00,58.00,289.00,58.00,289.00,150.00,206.00,150.00
221.00,51.00,300.00,51.00,300.00,144.00,221.00,144.00
229.00,53.00,304.00,53.00,304.00,140.00,229.00,140.00
236.00,57.00,310.00,57.00,310.00,142.00,236.00,142.00
234.00,63.00,311.00,63.00,311.00,145.00,234.00,145.00
226.00,66.00,310.00,66.00,310.00,150.00,226.00,150.00
213.00,70.00,307.00,70.00,307.00,153.00,213.00,153.00
208.00,73.00,299.00,73.00,299.00,160.00,208.00,160.00
200.00,76.00,286.00,76.00,286.00,167.00,200.00,167.00
187.00,84.00,278.00,84.00,278.00,174.00,187.00,174.00
181.00,91.00,271.00,91.00,271.00,182.00,181.00,182.00
183.00,89.00,272.00,89.00,272.00,181.00,183.00,181.00
185.00,87.00,275.00,87.00,275.00,180.00,185.00,180.00
184.00,85.00,277.00,85.00,277.00,180.00,184.00,180.00
191.00,77.00,288.00,77.00,288.00,175.00,191.00,175.00
200.00,73.00,295.00,73.00,295.00,174.00,200.00,174.00
209.00,70.00,302.00,70.00,302.00,170.00,209.00,170.00
211.00,64.00,307.00,64.00,307.00,158.00,211.00,158.00
218.00,64.00,310.00,64.00,310.00,157.00,218.00,157.00
219.00,75.00,315.00,75.00,315.00,175.00,219.00,175.00
227.00,81.00,316.00,81.00,316.00,181.00,227.00,181.00
231.00,88.00,319.00,88.00,319.00,184.00,231.00,184.00
229.00,90.00,317.00,90.00,317.00,185.00,229.00,185.00
226.00,89.00,312.00,89.00,312.00,183.00,226.00,183.00
220.00,90.00,312.00,90.00,312.00,183.00,220.00,183.00
210.00,88.00,294.00,88.00,294.00,177.00,210.00,177.00
202.00,92.00,288.00,92.00,288.00,182.00,202.00,182.00
196.00,94.00,281.00,94.00,281.00,184.00,196.00,184.00
194.00,88.00,281.00,88.00,281.00,178.00,194.00,178.00
190.00,90.00,276.00,90.00,276.00,178.00,190.00,178.00
191.00,101.00,275.00,101.00,275.00,188.00,191.00,188.00
195.00,99.00,281.00,99.00,281.00,184.00,195.00,184.00
200.00,100.00,289.00,100.00,289.00,188.00,200.00,188.00
208.00,97.00,296.00,97.00,296.00,186.00,208.00,186.00
214.00,93.00,304.00,93.00,304.00,186.00,214.00,186.00
214.00,85.00,303.00,85.00,303.00,179.00,214.00,179.00
216.00,79.00,304.00,79.00,304.00,176.00,216.00,176.00
209.00,74.00,301.00,74.00,301.00,173.00,209.00,173.00
207.00,68.00,299.00,68.00,299.00,171.00,207.00,171.00
198.00,65.00,292.00,65.00,292.00,174.00,198.00,174.00
189.00,64.00,284.00,64.00,284.00,178.00,189.00,178.00
187.00,56.00,284.00,56.00,284.00,174.00,187.00,174.00
193.00,53.00,294.00,53.00,294.00,171.00,193.00,171.00
195.00,61.00,301.00,61.00,301.00,176.00,195.00,176.00
196.00,54.00,302.00,54.00,302.00,166.00,196.00,166.00
196.00,51.00,304.00,51.00,304.00,160.00,196.00,160.00
191.00,48.00,302.00,48.00,302.00,159.00,191.00,159.00
191.00,48.00,302.00,48.00,302.00,157.00,191.00,157.00
185.00,48.00,295.00,48.00,295.00,155.00,185.00,155.00
176.00,50.00,290.00,50.00,290.00,156.00,176.00,156.00
168.00,47.00,280.00,47.00,280.00,147.00,168.00,147.00
154.00,50.00,271.00,50.00,271.00,152.00,154.00,152.00
136.00,50.00,257.00,50.00,257.00,157.00,136.00,157.00
128.00,54.00,247.00,54.00,247.00,162.00,128.00,162.00
122.00,58.00,234.00,58.00,234.00,168.00,122.00,168.00
118.00,56.00,226.00,56.00,226.00,167.00,118.00,167.00
123.00,48.00,242.00,48.00,242.00,157.00,123.00,157.00
134.00,46.00,252.00,46.00,252.00,153.00,134.00,153.00
151.00,37.00,271.00,37.00,271.00,142.00,151.00,142.00
179.00,40.00,291.00,40.00,291.00,146.00,179.00,146.00
202.00,46.00,313.00,46.00,313.00,155.00,202.00,155.00
224.00,52.00,328.00,52.00,328.00,161.00,224.00,161.00
239.00,60.00,348.00,60.00,348.00,176.00,239.00,176.00
258.00,62.00,354.00,62.00,354.00,179.00,258.00,179.00
263.00,65.00,357.00,65.00,357.00,182.00,263.00,182.00
259.00,63.00,355.00,63.00,355.00,178.00,259.00,178.00
245.00,60.00,354.00,60.00,354.00,172.00,245.00,172.00
239.00,61.00,349.00,61.00,349.00,171.00,239.00,171.00
236.00,68.00,346.00,68.00,346.00,180.00,236.00,180.00
237.00,57.00,338.00,57.00,338.00,172.00,237.00,172.00
238.00,63.00,337.00,63.00,337.00,173.00,238.00,173.00
234.00,65.00,336.00,65.00,336.00,175.00,234.00,175.00
234.00,66.00,334.00,66.00,334.00,176.00,234.00,176.00
219.00,66.00,325.00,66.00,325.00,172.00,219.00,172.00
211.00,70.00,314.00,70.00,314.00,171.00,211.00,171.00
199.00,74.00,300.00,74.00,300.00,170.00,199.00,170.00
199.00,79.00,295.00,79.00,295.00,176.00,199.00,176.00
204.00,80.00,300.00,80.00,300.00,178.00,204.00,178.00
205.00,81.00,312.00,81.00,312.00,184.00,205.00,184.00
222.00,88.00,320.00,88.00,320.00,195.00,222.00,195.00
235.00,92.00,328.00,92.00,328.00,197.00,235.00,197.00
243.00,90.00,336.00,90.00,336.00,196.00,243.00,196.00
240.00,86.00,333.00,86.00,333.00,191.00,240.00,191.00
233.00,80.00,327.00,80.00,327.00,184.00,233.00,184.00
228.00,75.00,322.00,75.00,322.00,180.00,228.00,180.00
230.00,74.00,323.00,74.00,323.00,181.00,230.00,181.00
225.00,69.00,321.00,69.00,321.00,178.00,225.00,178.00
219.00,64.00,320.00,64.00,320.00,174.00,219.00,174.00
189.00,54.00,303.00,54.00,303.00,161.00,189.00,161.00
167.00,61.00,278.00,61.00,278.00,165.00,167.00,165.00
149.00,63.00,258.00,63.00,258.00,171.00,149.00,171.00
150.00,64.00,259.00,64.00,259.00,170.00,150.00,170.00
172.00,59.00,280.00,59.00,280.00,162.00,172.00,162.00
198.00,54.00,306.00,54.00,306.00,158.00,198.00,158.00
224.00,59.00,331.00,59.00,331.00,165.00,224.00,165.00
265.00,59.00,378.00,59.00,378.00,165.00,265.00,165.00
288.00,57.00,389.00,57.00,389.00,162.00,288.00,162.00
286.00,53.00,385.00,53.00,385.00,153.00,286.00,153.00
254.00,49.00,360.00,49.00,360.00,151.00,254.00,151.00
217.00,50.00,334.00,50.00,334.00,154.00,217.00,154.00
183.00,66.00,293.00,66.00,293.00,168.00,183.00,168.00
172.00,80.00,274.00,80.00,274.00,183.00,172.00,183.00
160.00,89.00,261.00,89.00,261.00,193.00,160.00,193.00
178.00,75.00,282.00,75.00,282.00,191.00,178.00,191.00
187.00,94.00,284.00,94.00,284.00,199.00,187.00,199.00
194.00,84.00,295.00,84.00,295.00,187.00,194.00,187.00
209.00,76.00,306.00,76.00,306.00,175.00,209.00,175.00
225.00,69.00,318.00,69.00,318.00,161.00,225.00,161.00
227.00,68.00,319.00,68.00,319.00,162.00,227.00,162.00
211.00,69.00,310.00,69.00,310.00,164.00,211.00,164.00
201.00,74.00,292.00,74.00,292.00,171.00,201.00,171.00
191.00,83.00,281.00,83.00,281.00,178.00,191.00,178.00
189.00,92.00,285.00,92.00,285.00,190.00,189.00,190.00
199.00,105.00,300.00,105.00,300.00,204.00,199.00,204.00
226.00,113.00,319.00,113.00,319.00,210.00,226.00,210.00
258.00,114.00,352.00,114.00,352.00,208.00,258.00,208.00
291.00,98.00,389.00,98.00,389.00,198.00,291.00,198.00
323.00,81.00,418.00,81.00,418.00,182.00,323.00,182.00
330.00,64.00,418.00,64.00,418.00,165.00,330.00,165.00
299.00,61.00,394.00,61.00,394.00,159.00,299.00,159.00
268.00,63.00,368.00,63.00,368.00,167.00,268.00,167.00
235.00,69.00,342.00,69.00,342.00,167.00,235.00,167.00
207.00,68.00,315.00,68.00,315.00,169.00,207.00,169.00
174.00,73.00,275.00,73.00,275.00,165.00,174.00,165.00
139.00,75.00,245.00,75.00,245.00,176.00,139.00,176.00
127.00,82.00,227.00,82.00,227.00,185.00,127.00,185.00
125.00,90.00,220.00,90.00,220.00,192.00,125.00,192.00
129.00,96.00,227.00,96.00,227.00,196.00,129.00,196.00
166.00,88.00,264.00,88.00,264.00,194.00,166.00,194.00
181.00,118.00,279.00,118.00,279.00,224.00,181.00,224.00
196.00,119.00,282.00,119.00,282.00,214.00,196.00,214.00
190.00,98.00,281.00,98.00,281.00,191.00,190.00,191.00
176.00,90.00,267.00,90.00,267.00,183.00,176.00,183.00
160.00,85.00,258.00,85.00,258.00,176.00,160.00,176.00
133.00,80.00,235.00,80.00,235.00,177.00,133.00,177.00
126.00,81.00,229.00,81.00,229.00,181.00,126.00,181.00
121.00,86.00,216.00,86.00,216.00,188.00,121.00,188.00
125.00,87.00,221.00,87.00,221.00,187.00,125.00,187.00
136.00,85.00,231.00,85.00,231.00,181.00,136.00,181.00
149.00,78.00,238.00,78.00,238.00,174.00,149.00,174.00
