1
36.00,59.00,103.00,59.00,103.00,144.00,36.00,144.00
39.00,65.00,106.00,65.00,106.00,149.00,39.00,149.00
45.00,73.00,114.00,73.00,114.00,154.00,45.00,154.00
52.00,77.00,121.00,77.00,121.00,158.00,52.00,158.00
63.00,77.00,130.00,77.00,130.00,161.00,63.00,161.00
73.00,80.00,142.00,80.00,142.00,161.00,73.00,161.00
80.00,82.00,149.00,82.00,149.00,163.00,80.00,163.00
90.00,84.00,158.00,84.00,158.00,168.00,90.00,168.00
100.00,88.00,170.00,88.00,170.00,170.00,100.00,170.00
108.00,88.00,179.00,88.00,179.00,173.00,108.00,173.00
117.00,87.00,188.00,87.00,188.00,175.00,117.00,175.00
126.00,86.00,194.00,86.00,194.00,174.00,126.00,174.00
132.00,83.00,198.00,83.00,198.00,172.00,132.00,172.00
135.00,79.00,201.00,79.00,201.00,168.00,135.00,168.00
141.00,76.00,205.00,76.00,205.00,164.00,141.00,164.00
148.00,75.00,212.00,75.00,212.00,160.00,148.00,160.00
154.00,73.00,219.00,73.00,219.00,156.00,154.00,156.00
160.00,71.00,230.00,71.00,230.00,152.00,160.00,152.00
173.00,69.00,242.00,69.00,242.00,151.00,173.00,151.00
189.00,70.00,259.00,70.00,259.00,148.00,189.00,148.00
205.00,71.00,277.00,71.00,277.00,146.00,205.00,146.00
222.00,71.00,294.00,71.00,294.00,147.00,222.00,147.00
238.00,69.00,308.00,69.00,308.00,147.00,238.00,147.00
254.00,70.00,323.00,70.00,323.00,146.00,254.00,146.00
269.00,70.00,337.00,70.00,337.00,148.00,269.00,148.00
283.00,68.00,348.00,68.00,348.00,146.00,283.00,146.00
291.00,67.00,353.00,67.00,353.00,146.00,291.00,146.00
295.00,64.00,355.00,64.00,355.00,142.00,295.00,142.00
294.00,64.00,355.00,64.00,355.00,142.00,294.00,142.00
286.00,64.00,350.00,64.00,350.00,142.00,286.00,142.00
273.00,65.00,338.00,65.00,338.00,143.00,273.00,143.00
258.00,64.00,326.00,64.00,326.00,142.00,258.00,142.00
244.00,61.00,315.00,61.00,315.00,140.00,244.00,140.00
226.00,60.00,298.00,60.00,298.00,138.00,226.00,138.00
213.00,62.00,286.00,62.00,286.00,139.00,213.00,139.00
198.00,65.00,273.00,65.00,273.00,142.00,198.00,142.00
182.00,67.00,257.00,67.00,257.00,147.00,182.00,147.00
175.00,72.00,244.00,72.00,244.00,152.00,175.00,152.00
161.00,72.00,234.00,72.00,234.00,153.00,161.00,153.00
157.00,84.00,223.00,84.00,223.00,161.00,157.00,161.00
146.00,97.00,218.00,97.00,218.00,178.00,146.00,178.00
138.00,94.00,208.00,94.00,208.00,173.00,138.00,173.00
129.00,96.00,202.00,96.00,202.00,178.00,129.00,178.00
124.00,85.00,196.00,85.00,196.00,170.00,124.00,170.00
118.00,86.00,189.00,86.00,189.00,169.00,118.00,169.00
114.00,87.00,184.00,87.00,184.00,167.00,114.00,167.00
108.00,86.00,179.00,86.00,179.00,167.00,108.00,167.00
108.00,84.00,181.00,84.00,181.00,166.00,108.00,166.00
107.00,84.00,178.00,84.00,178.00,167.00,107.00,167.00
104.00,83.00,176.00,83.00,176.00,166.00,104.00,166.00
106.00,84.00,182.00,84.00,182.00,166.00,106.00,166.00
115.00,86.00,191.00,86.00,191.00,168.00,115.00,168.00
126.00,86.00,205.00,86.00,205.00,170.00,126.00,170.00
144.00,84.00,223.00,84.00,223.00,168.00,144.00,168.00
167.00,79.00,240.00,79.00,240.00,165.00,167.00,165.00
185.00,79.00,257.00,79.00,257.00,160.00,185.00,160.00
200.00,79.00,274.00,79.00,274.00,157.00,200.00,157.00
221.00,80.00,292.00,80.00,292.00,157.00,221.00,157.00
237.00,78.00,309.00,78.00,309.00,158.00,237.00,158.00
255.00,77.00,323.00,77.00,323.00,158.00,255.00,158.00
272.00,73.00,339.00,73.00,339.00,157.00,272.00,157.00
285.00,69.00,353.00,69.00,353.00,156.00,285.00,156.00
296.00,65.00,360.00,65.00,360.00,149.00,296.00,149.00
303.00,61.00,367.00,61.00,367.00,146.00,303.00,146.00
308.00,58.00,372.00,58.00,372.00,145.00,308.00,145.00
309.00,57.00,372.00,57.00,372.00,143.00,309.00,143.00
304.00,56.00,371.00,56.00,371.00,143.00,304.00,143.00
292.00,59.00,363.00,59.00,363.00,145.00,292.00,145.00
276.00,64.00,350.00,64.00,350.00,152.00,276.00,152.00
258.00,70.00,338.00,70.00,338.00,161.00,258.00,161.00
236.00,74.00,318.00,74.00,318.00,161.00,236.00,161.00
211.00,80.00,298.00,80.00,298.00,163.00,211.00,163.00
190.00,81.00,277.00,81.00,277.00,165.00,190.00,165.00
174.00,78.00,259.00,78.00,259.00,168.00,174.00,168.00
141.00,81.00,233.00,81.00,233.00,173.00,141.00,173.00
127.00,75.00,220.00,75.00,220.00,174.00,127.00,174.00
98.00,74.00,192.00,74.00,192.00,169.00,98.00,169.00
85.00,68.00,181.00,68.00,181.00,167.00,85.00,167.00
70.00,64.00,166.00,64.00,166.00,166.00,70.00,166.00
54.00,61.00,143.00,61.00,143.00,161.00,54.00,161.00
36.00,61.00,124.00,61.00,124.00,162.00,36.00,162.00
13.00,62.00,102.00,62.00,102.00,158.00,13.00,158.00
1.00,66.00,84.00,66.00,84.00,162.00,1.00,162.00
-8.00,68.00,71.00,68.00,71.00,168.00,-8.00,168.00
-14.00,69.00,68.00,69.00,68.00,172.00,-14.00,172.00
-11.00,71.00,69.00,71.00,69.00,172.00,-11.00,172.00
-9.00,71.00,71.00,71.00,71.00,169.00,-9.00,169.00
-8.00,63.00,74.00,63.00,74.00,160.00,-8.00,160.00
1.00,60.00,77.00,60.00,77.00,151.00,1.00,151.00
5.00,64.00,81.00,64.00,81.00,154.00,5.00,154.00
8.00,68.00,85.00,68.00,85.00,157.00,8.00,157.00
6.00,68.00,85.00,68.00,85.00,157.00,6.00,157.00
14.00,72.00,92.00,72.00,92.00,161.00,14.00,161.00
29.00,78.00,107.00,78.00,107.00,172.00,29.00,172.00
35.00,82.00,114.00,82.00,114.00,177.00,35.00,177.00
46.00,81.00,119.00,81.00,119.00,175.00,46.00,175.00
46.00,83.00,122.00,83.00,122.00,176.00,46.00,176.00
49.00,83.00,128.00,83.00,128.00,175.00,49.00,175.00
61.00,81.00,144.00,81.00,144.00,180.00,61.00,180.00
68.00,80.00,158.00,80.00,158.00,184.00,68.00,184.00
83.00,82.00,180.00,82.00,180.00,187.00,83.00,187.00
101.00,85.00,198.00,85.00,198.00,191.00,101.00,191.00
119.00,86.00,216.00,86.00,216.00,192.00,119.00,192.00
140.00,92.00,233.00,92.00,233.00,189.00,140.00,189.00
165.00,95.00,259.00,95.00,259.00,190.00,165.00,190.00
184.00,100.00,280.00,100.00,280.00,194.00,184.00,194.00
216.00,109.00,311.00,109.00,311.00,208.00,216.00,208.00
237.00,106.00,331.00,106.00,331.00,204.00,237.00,204.00
263.00,106.00,354.00,106.00,354.00,206.00,263.00,206.00
286.00,103.00,375.00,103.00,375.00,206.00,286.00,206.00
308.00,103.00,391.00,103.00,391.00,202.00,308.00,202.00
326.00,102.00,409.00,102.00,409.00,196.00,326.00,196.00
339.00,99.00,423.00,99.00,423.00,193.00,339.00,193.00
347.00,90.00,426.00,90.00,426.00,187.00,347.00,187.00
345.00,80.00,426.00,80.00,426.00,182.00,345.00,182.00
344.00,74.00,428.00,74.00,428.00,180.00,344.00,180.00
337.00,71.00,425.00,71.00,425.00,179.00,337.00,179.00
324.00,67.00,418.00,67.00,418.00,175.00,324.00,175.00
311.00,63.00,409.00,63.00,409.00,171.00,311.00,171.00
301.00,61.00,398.00,61.00,398.00,168.00,301.00,168.00
288.00,60.00,383.00,60.00,383.00,166.00,288.00,166.00
277.00,60.00,373.00,60.00,373.00,168.00,277.00,168.00
268.00,64.00,363.00,64.00,363.00,180.00,268.00,180.00
253.00,80.00,351.00,80.00,351.00,193.00,253.00,193.00
251.00,73.00,350.00,73.00,350.00,186.00,251.00,186.00
255.00,62.00,350.00,62.00,350.00,178.00,255.00,178.00
255.00,68.00,347.00,68.00,347.00,188.00,255.00,188.00
251.00,67.00,343.00,67.00,343.00,188.00,251.00,188.00
235.00,69.00,337.00,69.00,337.00,186.00,235.00,186.00
203.00,74.00,317.00,74.00,317.00,178.00,203.00,178.00
188.00,69.00,290.00,69.00,290.00,171.00,188.00,171.00
176.00,64.00,283.00,64.00,283.00,167.00,176.00,167.00
161.00,64.00,267.00,64.00,267.00,172.00,161.00,172.00
153.00,64.00,255.00,64.00,255.00,171.00,153.00,171.00
160.00,69.00,267.00,69.00,267.00,178.00,160.00,178.00
174.00,67.00,288.00,67.00,288.00,177.00,174.00,177.00
195.00,69.00,296.00,69.00,296.00,174.00,195.00,174.00
195.00,78.00,304.00,78.00,304.00,182.00,195.00,182.00
221.00,85.00,318.00,85.00,318.00,190.00,221.00,190.00
233.00,92.00,327.00,92.00,327.00,190.00,233.00,190.00
237.00,93.00,330.00,93.00,330.00,189.00,237.00,189.00
240.00,94.00,331.00,94.00,331.00,190.00,240.00,190.00
236.00,98.00,328.00,98.00,328.00,193.00,236.00,193.00
237.00,99.00,325.00,99.00,325.00,194.00,237.00,194.00
235.00,103.00,321.00,103.00,321.00,196.00,235.00,196.00
226.00,105.00,313.00,105.00,313.00,197.00,226.00,197.00
220.00,104.00,306.00,104.00,306.00,194.00,220.00,194.00
212.00,102.00,302.00,102.00,302.00,190.00,212.00,190.00
206.00,89.00,296.00,89.00,296.00,178.00,206.00,178.00
205.00,81.00,290.00,81.00,290.00,175.00,205.00,175.00
212.00,77.00,301.00,77.00,301.00,169.00,212.00,169.00
225.00,77.00,316.00,77.00,316.00,170.00,225.00,170.00
248.00,79.00,336.00,79.00,336.00,174.00,248.00,174.00
271.00,76.00,349.00,76.00,349.00,172.00,271.00,172.00
285.00,74.00,360.00,74.00,360.00,171.00,285.00,171.00
295.00,70.00,368.00,70.00,368.00,167.00,295.00,167.00
305.00,64.00,377.00,64.00,377.00,162.00,305.00,162.00
305.00,58.00,377.00,58.00,377.00,150.00,305.00,150.00
307.00,56.00,378.00,56.00,378.00,145.00,307.00,145.00
304.00,58.00,376.00,58.00,376.00,148.00,304.00,148.00
298.00,59.00,371.00,59.00,371.00,151.00,298.00,151.00
289.00,64.00,367.00,64.00,367.00,163.00,289.00,163.00
279.00,72.00,362.00,72.00,362.00,177.00,279.00,177.00
274.00,86.00,356.00,86.00,356.00,193.00,274.00,193.00
266.00,97.00,350.00,97.00,350.00,202.00,266.00,202.00
259.00,97.00,344.00,97.00,344.00,200.00,259.00,200.00
257.00,92.00,349.00,92.00,349.00,197.00,257.00,197.00
252.00,82.00,344.00,82.00,344.00,189.00,252.00,189.00
234.00,75.00,332.00,75.00,332.00,175.00,234.00,175.00
226.00,67.00,328.00,67.00,328.00,169.00,226.00,169.00
207.00,64.00,314.00,64.00,314.00,162.00,207.00,162.00
199.00,60.00,306.00,60.00,306.00,159.00,199.00,159.00
206.00,55.00,312.00,55.00,312.00,161.00,206.00,161.00
216.00,55.00,313.00,55.00,313.00,163.00,216.00,163.00
212.00,56.00,310.00,56.00,310.00,161.00,212.00,161.00
189.00,56.00,298.00,56.00,298.00,161.00,189.00,161.00
169.00,64.00,279.00,64.00,279.00,170.00,169.00,170.00
154.00,76.00,265.00,76.00,265.00,186.00,154.00,186.00
150.00,81.00,260.00,81.00,260.00,190.00,150.00,190.00
164.00,83.00,269.00,83.00,269.00,190.00,164.00,190.00
171.00,84.00,272.00,84.00,272.00,188.00,171.00,188.00
172.00,83.00,269.00,83.00,269.00,185.00,172.00,185.00
168.00,82.00,264.00,82.00,264.00,183.00,168.00,183.00
173.00,88.00,270.00,88.00,270.00,188.00,173.00,188.00
186.00,86.00,275.00,86.00,275.00,182.00,186.00,182.00
192.00,85.00,277.00,85.00,277.00,177.00,192.00,177.00
193.00,82.00,278.00,82.00,278.00,171.00,193.00,171.00
194.00,77.00,279.00,77.00,279.00,165.00,194.00,165.00
202.00,75.00,293.00,75.00,293.00,165.00,202.00,165.00
213.00,66.00,299.00,66.00,299.00,160.00,213.00,160.00
205.00,61.00,288.00,61.00,288.00,148.00,205.00,148.00
203.00,61.00,283.00,61.00,283.00,148.00,203.00,148.00
203.00,64.00,290.00,64.00,290.00,156.00,203.00,156.00
212.00,66.00,300.00,66.00,300.00,158.00,212.00,158.00
220.00,65.00,308.00,65.00,308.00,160.00,220.00,160.00
222.00,66.00,312.00,66.00,312.00,163.00,222.00,163.00
216.00,67.00,309.00,67.00,309.00,163.00,216.00,163.00
214.00,70.00,308.00,70.00,308.00,165.00,214.00,165.00
217.00,67.00,315.00,67.00,315.00,167.00,217.00,167.00
222.00,66.00,321.00,66.00,321.00,166.00,222.00,166.00
234.00,63.00,333.00,63.00,333.00,167.00,234.00,167.00
233.00,65.00,340.00,65.00,340.00,167.00,233.00,167.00
259.00,63.00,355.00,63.00,355.00,171.00,259.00,171.00
266.00,59.00,358.00,59.00,358.00,173.00,266.00,173.00
255.00,57.00,362.00,57.00,362.00,166.00,255.00,166.00
245.00,56.00,353.00,56.00,353.00,165.00,245.00,165.00
233.00,57.00,340.00,57.00,340.00,168.00,233.00,168.00
229.00,62.00,332.00,62.00,332.00,174.00,229.00,174.00
236.00,67.00,336.00,67.00,336.00,183.00,236.00,183.00
236.00,65.00,330.00,65.00,330.00,182.00,236.00,182.00
221.00,75.00,319.00,75.00,319.00,183.00,221.00,183.00
206.00,77.00,313.00,77.00,313.00,183.00,206.00,183.00
190.00,74.00,296.00,74.00,296.00,175.00,190.00,175.00
175.00,75.00,278.00,75.00,278.00,177.00,175.00,177.00
159.00,79.00,261.00,79.00,261.00,187.00,159.00,187.00
142.00,86.00,248.00,86.00,248.00,195.00,142.00,195.00
130.00,93.00,231.00,93.00,231.00,202.00,130.00,202.00
129.00,101.00,229.00,101.00,229.00,206.00,129.00,206.00
140.00,99.00,236.00,99.00,236.00,205.00,140.00,205.00
152.00,95.00,247.00,95.00,247.00,200.00,152.00,200.00
164.00,91.00,255.00,91.00,255.00,195.00,164.00,195.00
175.00,83.00,260.00,83.00,260.00,185.00,175.00,185.00
184.00,73.00,265.00,73.00,265.00,171.00,184.00,171.00
189.00,63.00,274.00,63.00,274.00,161.00,189.00,161.00
201.00,56.00,290.00,56.00,290.00,155.00,201.00,155.00
217.00,50.00,301.00,50.00,301.00,150.00,217.00,150.00
224.00,48.00,305.00,48.00,305.00,143.00,224.00,143.00
227.00,52.00,309.00,52.00,309.00,146.00,227.00,146.00
229.00,58.00,313.00,58.00,313.00,151.00,229.00,151.00
222.00,63.00,308.00,63.00,308.00,152.00,222.00,152.00
211.00,67.00,307.00,67.00,307.00,158.00,211.00,158.00
202.00,71.00,301.00,71.00,301.00,169.00,202.00,169.00
191.00,77.00,292.00,77.00,292.00,178.00,191.00,178.00
180.00,85.00,282.00,85.00,282.00,185.00,180.00,185.00
176.00,91.00,272.00,91.00,272.00,190.00,176.00,190.00
179.00,89.00,271.00,89.00,271.00,189.00,179.00,189.00
181.00,89.00,274.00,89.00,274.00,190.00,181.00,190.00
182.00,83.00,279.00,83.00,279.00,184.00,182.00,184.00
189.00,75.00,287.00,75.00,287.00,178.00,189.00,178.00
198.00,71.00,296.00,71.00,296.00,177.00,198.00,177.00
209.00,67.00,306.00,67.00,306.00,175.00,209.00,175.00
212.00,58.00,307.00,58.00,307.00,160.00,212.00,160.00
213.00,61.00,311.00,61.00,311.00,162.00,213.00,162.00
221.00,70.00,316.00,70.00,316.00,180.00,221.00,180.00
223.00,80.00,315.00,80.00,315.00,186.00,223.00,186.00
226.00,84.00,316.00,84.00,316.00,190.00,226.00,190.00
225.00,86.00,316.00,86.00,316.00,190.00,225.00,190.00
221.00,85.00,315.00,85.00,315.00,187.00,221.00,187.00
215.00,86.00,314.00,86.00,314.00,183.00,215.00,183.00
207.00,85.00,297.00,85.00,297.00,182.00,207.00,182.00
199.00,90.00,290.00,90.00,290.00,191.00,199.00,191.00
194.00,89.00,284.00,89.00,284.00,190.00,194.00,190.00
190.00,89.00,280.00,89.00,280.00,188.00,190.00,188.00
185.00,98.00,276.00,98.00,276.00,198.00,185.00,198.00
186.00,105.00,281.00,105.00,281.00,209.00,186.00,209.00
190.00,104.00,286.00,104.00,286.00,204.00,190.00,204.00
198.00,100.00,295.00,100.00,295.00,201.00,198.00,201.00
204.00,96.00,301.00,96.00,301.00,197.00,204.00,197.00
210.00,91.00,305.00,91.00,305.00,190.00,210.00,190.00
215.00,84.00,307.00,84.00,307.00,184.00,215.00,184.00
215.00,79.00,305.00,79.00,305.00,180.00,215.00,180.00
208.00,72.00,303.00,72.00,303.00,179.00,208.00,179.00
202.00,67.00,298.00,67.00,298.00,180.00,202.00,180.00
193.00,67.00,288.00,67.00,288.00,188.00,193.00,188.00
189.00,61.00,283.00,61.00,283.00,186.00,189.00,186.00
191.00,53.00,283.00,53.00,283.00,184.00,191.00,184.00
194.00,52.00,291.00,52.00,291.00,178.00,194.00,178.00
199.00,52.00,295.00,52.00,295.00,175.00,199.00,175.00
198.00,50.00,295.00,50.00,295.00,169.00,198.00,169.00
201.00,46.00,300.00,46.00,300.00,163.00,201.00,163.00
196.00,43.00,297.00,43.00,297.00,161.00,196.00,161.00
192.00,43.00,294.00,43.00,294.00,157.00,192.00,157.00
188.00,45.00,292.00,45.00,292.00,159.00,188.00,159.00
174.00,45.00,280.00,45.00,280.00,156.00,174.00,156.00
166.00,43.00,277.00,43.00,277.00,148.00,166.00,148.00
155.00,41.00,268.00,41.00,268.00,151.00,155.00,151.00
140.00,44.00,256.00,44.00,256.00,158.00,140.00,158.00
129.00,52.00,245.00,52.00,245.00,167.00,129.00,167.00
122.00,54.00,234.00,54.00,234.00,170.00,122.00,170.00
119.00,51.00,231.00,51.00,231.00,169.00,119.00,169.00
124.00,45.00,238.00,45.00,238.00,162.00,124.00,162.00
138.00,39.00,253.00,39.00,253.00,154.00,138.00,154.00
153.00,35.00,269.00,35.00,269.00,150.00,153.00,150.00
179.00,34.00,289.00,34.00,289.00,149.00,179.00,149.00
208.00,41.00,310.00,41.00,310.00,159.00,208.00,159.00
226.00,49.00,325.00,49.00,325.00,167.00,226.00,167.00
241.00,56.00,343.00,56.00,343.00,177.00,241.00,177.00
254.00,57.00,350.00,57.00,350.00,179.00,254.00,179.00
256.00,61.00,352.00,61.00,352.00,185.00,256.00,185.00
252.00,61.00,351.00,61.00,351.00,183.00,252.00,183.00
247.00,55.00,354.00,55.00,354.00,177.00,247.00,177.00
243.00,57.00,348.00,57.00,348.00,172.00,243.00,172.00
236.00,58.00,341.00,58.00,341.00,174.00,236.00,174.00
237.00,55.00,339.00,55.00,339.00,176.00,237.00,176.00
238.00,59.00,337.00,59.00,337.00,177.00,238.00,177.00
235.00,59.00,335.00,59.00,335.00,177.00,235.00,177.00
233.00,62.00,336.00,62.00,336.00,178.00,233.00,178.00
219.00,65.00,326.00,65.00,326.00,173.00,219.00,173.00
207.00,68.00,313.00,68.00,313.00,170.00,207.00,170.00
199.00,73.00,303.00,73.00,303.00,174.00,199.00,174.00
197.00,77.00,299.00,77.00,299.00,179.00,197.00,179.00
194.00,84.00,300.00,84.00,300.00,182.00,194.00,182.00
207.00,82.00,313.00,82.00,313.00,190.00,207.00,190.00
223.00,86.00,321.00,86.00,321.00,196.00,223.00,196.00
233.00,88.00,329.00,88.00,329.00,196.00,233.00,196.00
242.00,88.00,336.00,88.00,336.00,198.00,242.00,198.00
240.00,82.00,332.00,82.00,332.00,189.00,240.00,189.00
232.00,77.00,327.00,77.00,327.00,182.00,232.00,182.00
230.00,73.00,324.00,73.00,324.00,179.00,230.00,179.00
231.00,73.00,324.00,73.00,324.00,179.00,231.00,179.00
227.00,69.00,319.00,69.00,319.00,178.00,227.00,178.00
219.00,63.00,320.00,63.00,320.00,176.00,219.00,176.00
196.00,51.00,304.00,51.00,304.00,164.00,196.00,164.00
169.00,57.00,276.00,57.00,276.00,168.00,169.00,168.00
154.00,58.00,260.00,58.00,260.00,169.00,154.00,169.00
152.00,60.00,261.00,60.00,261.00,174.00,152.00,174.00
171.00,57.00,279.00,57.00,279.00,169.00,171.00,169.00
197.00,53.00,307.00,53.00,307.00,169.00,197.00,169.00
226.00,56.00,332.00,56.00,332.00,168.00,226.00,168.00
263.00,55.00,378.00,55.00,378.00,173.00,263.00,173.00
285.00,52.00,388.00,52.00,388.00,165.00,285.00,165.00
283.00,50.00,386.00,50.00,386.00,159.00,283.00,159.00
254.00,44.00,359.00,44.00,359.00,158.00,254.00,158.00
219.00,46.00,331.00,46.00,331.00,160.00,219.00,160.00
184.00,65.00,294.00,65.00,294.00,173.00,184.00,173.00
169.00,78.00,268.00,78.00,268.00,181.00,169.00,181.00
157.00,91.00,258.00,91.00,258.00,197.00,157.00,197.00
176.00,91.00,281.00,91.00,281.00,199.00,176.00,199.00
185.00,91.00,287.00,91.00,287.00,202.00,185.00,202.00
196.00,84.00,302.00,84.00,302.00,196.00,196.00,196.00
207.00,76.00,310.00,76.00,310.00,180.00,207.00,180.00
223.00,66.00,319.00,66.00,319.00,166.00,223.00,166.00
229.00,65.00,320.00,65.00,320.00,165.00,229.00,165.00
216.00,67.00,311.00,67.00,311.00,170.00,216.00,170.00
197.00,79.00,294.00,79.00,294.00,182.00,197.00,182.00
187.00,83.00,284.00,83.00,284.00,183.00,187.00,183.00
185.00,93.00,292.00,93.00,292.00,197.00,185.00,197.00
197.00,101.00,303.00,101.00,303.00,208.00,197.00,208.00
219.00,109.00,322.00,109.00,322.00,214.00,219.00,214.00
257.00,109.00,356.00,109.00,356.00,214.00,257.00,214.00
289.00,94.00,390.00,94.00,390.00,203.00,289.00,203.00
323.00,74.00,418.00,74.00,418.00,183.00,323.00,183.00
328.00,61.00,418.00,61.00,418.00,170.00,328.00,170.00
299.00,57.00,396.00,57.00,396.00,164.00,299.00,164.00
270.00,61.00,368.00,61.00,368.00,172.00,270.00,172.00
233.00,62.00,342.00,62.00,342.00,172.00,233.00,172.00
205.00,68.00,315.00,68.00,315.00,176.00,205.00,176.00
172.00,69.00,280.00,69.00,280.00,172.00,172.00,172.00
143.00,73.00,249.00,73.00,249.00,177.00,143.00,177.00
126.00,82.00,228.00,82.00,228.00,186.00,126.00,186.00
124.00,88.00,224.00,88.00,224.00,191.00,124.00,191.00
132.00,98.00,232.00,98.00,232.00,200.00,132.00,200.00
164.00,84.00,258.00,84.00,258.00,204.00,164.00,204.00
184.00,116.00,275.00,116.00,275.00,230.00,184.00,230.00
194.00,112.00,286.00,112.00,286.00,215.00,194.00,215.00
191.00,100.00,288.00,100.00,288.00,206.00,191.00,206.00
172.00,91.00,272.00,91.00,272.00,190.00,172.00,190.00
152.00,84.00,258.00,84.00,258.00,183.00,152.00,183.00
137.00,80.00,242.00,80.00,242.00,179.00,137.00,179.00
127.00,82.00,228.00,82.00,228.00,183.00,127.00,183.00
121.00,83.00,216.00,83.00,216.00,189.00,121.00,189.00
124.00,86.00,221.00,86.00,221.00,189.00,124.00,189.00
138.00,83.00,237.00,83.00,237.00,184.00,138.00,184.00
147.00,76.00,242.00,76.00,242.00,179.00,147.00,179.00
