1
37.00,59.00,102.00,59.00,102.00,144.00,37.00,144.00
41.00,66.00,104.00,66.00,104.00,148.00,41.00,148.00
46.00,75.00,111.00,75.00,111.00,152.00,46.00,152.00
55.00,79.00,122.00,79.00,122.00,159.00,55.00,159.00
64.00,79.00,129.00,79.00,129.00,159.00,64.00,159.00
73.00,82.00,140.00,82.00,140.00,161.00,73.00,161.00
80.00,84.00,149.00,84.00,149.00,162.00,80.00,162.00
91.00,86.00,158.00,86.00,158.00,169.00,91.00,169.00
101.00,90.00,170.00,90.00,170.00,174.00,101.00,174.00
109.00,89.00,178.00,89.00,178.00,173.00,109.00,173.00
118.00,88.00,188.00,88.00,188.00,175.00,118.00,175.00
125.00,86.00,193.00,86.00,193.00,175.00,125.00,175.00
131.00,84.00,199.00,84.00,199.00,174.00,131.00,174.00
136.00,82.00,203.00,82.00,203.00,167.00,136.00,167.00
141.00,79.00,206.00,79.00,206.00,162.00,141.00,162.00
147.00,78.00,213.00,78.00,213.00,158.00,147.00,158.00
154.00,75.00,219.00,75.00,219.00,154.00,154.00,154.00
161.00,73.00,229.00,73.00,229.00,149.00,161.00,149.00
174.00,71.00,245.00,71.00,245.00,148.00,174.00,148.00
191.00,72.00,260.00,72.00,260.00,147.00,191.00,147.00
207.00,74.00,277.00,74.00,277.00,146.00,207.00,146.00
224.00,73.00,293.00,73.00,293.00,147.00,224.00,147.00
239.00,71.00,308.00,71.00,308.00,147.00,239.00,147.00
255.00,72.00,323.00,72.00,323.00,146.00,255.00,146.00
270.00,72.00,337.00,72.00,337.00,147.00,270.00,147.00
284.00,70.00,347.00,70.00,347.00,147.00,284.00,147.00
293.00,67.00,355.00,67.00,355.00,147.00,293.00,147.00
296.00,66.00,357.00,66.00,357.00,146.00,296.00,146.00
295.00,64.00,357.00,64.00,357.00,142.00,295.00,142.00
287.00,65.00,352.00,65.00,352.00,143.00,287.00,143.00
275.00,67.00,342.00,67.00,342.00,146.00,275.00,146.00
258.00,65.00,328.00,65.00,328.00,143.00,258.00,143.00
242.00,63.00,313.00,63.00,313.00,140.00,242.00,140.00
225.00,61.00,299.00,61.00,299.00,139.00,225.00,139.00
212.00,63.00,288.00,63.00,288.00,138.00,212.00,138.00
199.00,69.00,277.00,69.00,277.00,144.00,199.00,144.00
183.00,69.00,259.00,69.00,259.00,149.00,183.00,149.00
173.00,73.00,244.00,73.00,244.00,152.00,173.00,152.00
162.00,75.00,234.00,75.00,234.00,154.00,162.00,154.00
152.00,88.00,223.00,88.00,223.00,166.00,152.00,166.00
146.00,98.00,219.00,98.00,219.00,177.00,146.00,177.00
138.00,98.00,209.00,98.00,209.00,177.00,138.00,177.00
130.00,97.00,204.00,97.00,204.00,178.00,130.00,178.00
125.00,84.00,195.00,84.00,195.00,167.00,125.00,167.00
118.00,88.00,188.00,88.00,188.00,171.00,118.00,171.00
114.00,86.00,181.00,86.00,181.00,168.00,114.00,168.00
111.00,86.00,179.00,86.00,179.00,168.00,111.00,168.00
109.00,85.00,178.00,85.00,178.00,168.00,109.00,168.00
106.00,84.00,174.00,84.00,174.00,165.00,106.00,165.00
109.00,84.00,179.00,84.00,179.00,166.00,109.00,166.00
108.00,87.00,183.00,87.00,183.00,168.00,108.00,168.00
118.00,87.00,192.00,87.00,192.00,168.00,118.00,168.00
126.00,87.00,203.00,87.00,203.00,167.00,126.00,167.00
143.00,87.00,222.00,87.00,222.00,166.00,143.00,166.00
167.00,82.00,236.00,82.00,236.00,161.00,167.00,161.00
185.00,82.00,256.00,82.00,256.00,159.00,185.00,159.00
204.00,82.00,274.00,82.00,274.00,154.00,204.00,154.00
222.00,81.00,290.00,81.00,290.00,153.00,222.00,153.00
238.00,81.00,308.00,81.00,308.00,156.00,238.00,156.00
256.00,81.00,322.00,81.00,322.00,157.00,256.00,157.00
273.00,77.00,339.00,77.00,339.00,156.00,273.00,156.00
287.00,70.00,352.00,70.00,352.00,152.00,287.00,152.00
297.00,67.00,360.00,67.00,360.00,149.00,297.00,149.00
304.00,63.00,367.00,63.00,367.00,145.00,304.00,145.00
309.00,59.00,372.00,59.00,372.00,145.00,309.00,145.00
310.00,58.00,374.00,58.00,374.00,143.00,310.00,143.00
305.00,58.00,371.00,58.00,371.00,142.00,305.00,142.00
294.00,61.00,365.00,61.00,365.00,146.00,294.00,146.00
279.00,66.00,354.00,66.00,354.00,151.00,279.00,151.00
257.00,73.00,335.00,73.00,335.00,158.00,257.00,158.00
241.00,80.00,319.00,80.00,319.00,161.00,241.00,161.00
216.00,85.00,300.00,85.00,300.00,163.00,216.00,163.00
193.00,87.00,278.00,87.00,278.00,165.00,193.00,165.00
177.00,84.00,259.00,84.00,259.00,163.00,177.00,163.00
151.00,85.00,236.00,85.00,236.00,169.00,151.00,169.00
127.00,81.00,217.00,81.00,217.00,171.00,127.00,171.00
99.00,79.00,194.00,79.00,194.00,171.00,99.00,171.00
87.00,70.00,182.00,70.00,182.00,166.00,87.00,166.00
73.00,67.00,165.00,67.00,165.00,161.00,73.00,161.00
52.00,65.00,142.00,65.00,142.00,157.00,52.00,157.00
32.00,66.00,123.00,66.00,123.00,157.00,32.00,157.00
16.00,66.00,104.00,66.00,104.00,154.00,16.00,154.00
-1.00,69.00,84.00,69.00,84.00,157.00,-1.00,157.00
-7.00,71.00,74.00,71.00,74.00,163.00,-7.00,163.00
-11.00,72.00,70.00,72.00,70.00,164.00,-11.00,164.00
-8.00,71.00,72.00,71.00,72.00,163.00,-8.00,163.00
-9.00,73.00,72.00,73.00,72.00,163.00,-9.00,163.00
-9.00,70.00,77.00,70.00,77.00,159.00,-9.00,159.00
-1.00,63.00,77.00,63.00,77.00,152.00,-1.00,152.00
1.00,64.00,79.00,64.00,79.00,152.00,1.00,152.00
6.00,64.00,82.00,64.00,82.00,152.00,6.00,152.00
8.00,68.00,86.00,68.00,86.00,155.00,8.00,155.00
13.00,75.00,93.00,75.00,93.00,160.00,13.00,160.00
27.00,83.00,106.00,83.00,106.00,164.00,27.00,164.00
35.00,87.00,115.00,87.00,115.00,170.00,35.00,170.00
44.00,87.00,120.00,87.00,120.00,170.00,44.00,170.00
45.00,85.00,120.00,85.00,120.00,171.00,45.00,171.00
50.00,86.00,127.00,86.00,127.00,171.00,50.00,171.00
62.00,87.00,141.00,87.00,141.00,174.00,62.00,174.00
73.00,87.00,157.00,87.00,157.00,180.00,73.00,180.00
86.00,89.00,177.00,89.00,177.00,185.00,86.00,185.00
104.00,91.00,198.00,91.00,198.00,190.00,104.00,190.00
121.00,92.00,212.00,92.00,212.00,191.00,121.00,191.00
141.00,96.00,230.00,96.00,230.00,188.00,141.00,188.00
166.00,98.00,252.00,98.00,252.00,183.00,166.00,183.00
186.00,100.00,276.00,100.00,276.00,188.00,186.00,188.00
210.00,105.00,304.00,105.00,304.00,195.00,210.00,195.00
242.00,112.00,335.00,112.00,335.00,202.00,242.00,202.00
266.00,109.00,357.00,109.00,357.00,203.00,266.00,203.00
289.00,108.00,377.00,108.00,377.00,201.00,289.00,201.00
310.00,107.00,396.00,107.00,396.00,198.00,310.00,198.00
327.00,105.00,408.00,105.00,408.00,194.00,327.00,194.00
341.00,102.00,422.00,102.00,422.00,192.00,341.00,192.00
348.00,94.00,426.00,94.00,426.00,185.00,348.00,185.00
347.00,86.00,426.00,86.00,426.00,180.00,347.00,180.00
348.00,81.00,427.00,81.00,427.00,178.00,348.00,178.00
337.00,76.00,423.00,76.00,423.00,175.00,337.00,175.00
323.00,72.00,417.00,72.00,417.00,171.00,323.00,171.00
312.00,68.00,410.00,68.00,410.00,167.00,312.00,167.00
300.00,66.00,397.00,66.00,397.00,166.00,300.00,166.00
288.00,64.00,383.00,64.00,383.00,161.00,288.00,161.00
276.00,65.00,372.00,65.00,372.00,164.00,276.00,164.00
263.00,67.00,361.00,67.00,361.00,177.00,263.00,177.00
253.00,79.00,352.00,79.00,352.00,188.00,253.00,188.00
246.00,92.00,345.00,92.00,345.00,195.00,246.00,195.00
254.00,67.00,350.00,67.00,350.00,173.00,254.00,173.00
254.00,76.00,347.00,76.00,347.00,183.00,254.00,183.00
246.00,78.00,342.00,78.00,342.00,184.00,246.00,184.00
233.00,79.00,337.00,79.00,337.00,186.00,233.00,186.00
207.00,76.00,318.00,76.00,318.00,178.00,207.00,178.00
193.00,70.00,302.00,70.00,302.00,169.00,193.00,169.00
178.00,70.00,280.00,70.00,280.00,168.00,178.00,168.00
163.00,67.00,264.00,67.00,264.00,170.00,163.00,170.00
154.00,68.00,254.00,68.00,254.00,173.00,154.00,173.00
160.00,72.00,262.00,72.00,262.00,176.00,160.00,176.00
175.00,71.00,285.00,71.00,285.00,172.00,175.00,172.00
192.00,76.00,293.00,76.00,293.00,178.00,192.00,178.00
201.00,84.00,301.00,84.00,301.00,183.00,201.00,183.00
220.00,92.00,316.00,92.00,316.00,191.00,220.00,191.00
232.00,95.00,326.00,95.00,326.00,187.00,232.00,187.00
237.00,96.00,333.00,96.00,333.00,191.00,237.00,191.00
240.00,97.00,335.00,97.00,335.00,192.00,240.00,192.00
235.00,98.00,331.00,98.00,331.00,190.00,235.00,190.00
232.00,99.00,325.00,99.00,325.00,189.00,232.00,189.00
231.00,102.00,320.00,102.00,320.00,193.00,231.00,193.00
225.00,106.00,312.00,106.00,312.00,196.00,225.00,196.00
217.00,106.00,304.00,106.00,304.00,196.00,217.00,196.00
212.00,104.00,301.00,104.00,301.00,195.00,212.00,195.00
206.00,93.00,292.00,93.00,292.00,179.00,206.00,179.00
201.00,85.00,286.00,85.00,286.00,173.00,201.00,173.00
216.00,81.00,302.00,81.00,302.00,167.00,216.00,167.00
227.00,82.00,314.00,82.00,314.00,170.00,227.00,170.00
247.00,82.00,333.00,82.00,333.00,169.00,247.00,169.00
268.00,78.00,348.00,78.00,348.00,166.00,268.00,166.00
286.00,77.00,361.00,77.00,361.00,169.00,286.00,169.00
298.00,71.00,369.00,71.00,369.00,165.00,298.00,165.00
300.00,65.00,373.00,65.00,373.00,156.00,300.00,156.00
305.00,58.00,378.00,58.00,378.00,148.00,305.00,148.00
302.00,57.00,376.00,57.00,376.00,144.00,302.00,144.00
303.00,58.00,379.00,58.00,379.00,148.00,303.00,148.00
297.00,60.00,372.00,60.00,372.00,151.00,297.00,151.00
288.00,65.00,364.00,65.00,364.00,153.00,288.00,153.00
282.00,74.00,363.00,74.00,363.00,174.00,282.00,174.00
270.00,91.00,354.00,91.00,354.00,194.00,270.00,194.00
261.00,97.00,348.00,97.00,348.00,194.00,261.00,194.00
257.00,102.00,347.00,102.00,347.00,201.00,257.00,201.00
253.00,95.00,345.00,95.00,345.00,195.00,253.00,195.00
243.00,90.00,338.00,90.00,338.00,188.00,243.00,188.00
234.00,80.00,329.00,80.00,329.00,174.00,234.00,174.00
227.00,71.00,322.00,71.00,322.00,163.00,227.00,163.00
210.00,67.00,312.00,67.00,312.00,157.00,210.00,157.00
201.00,64.00,302.00,64.00,302.00,156.00,201.00,156.00
217.00,59.00,310.00,59.00,310.00,153.00,217.00,153.00
220.00,60.00,311.00,60.00,311.00,157.00,220.00,157.00
219.00,61.00,310.00,61.00,310.00,156.00,219.00,156.00
195.00,62.00,294.00,62.00,294.00,156.00,195.00,156.00
192.00,70.00,284.00,70.00,284.00,166.00,192.00,166.00
170.00,77.00,264.00,77.00,264.00,177.00,170.00,177.00
158.00,86.00,256.00,86.00,256.00,185.00,158.00,185.00
169.00,87.00,265.00,87.00,265.00,181.00,169.00,181.00
175.00,89.00,269.00,89.00,269.00,182.00,175.00,182.00
177.00,87.00,268.00,87.00,268.00,175.00,177.00,175.00
170.00,85.00,260.00,85.00,260.00,178.00,170.00,178.00
174.00,92.00,266.00,92.00,266.00,182.00,174.00,182.00
189.00,91.00,273.00,91.00,273.00,178.00,189.00,178.00
196.00,90.00,276.00,90.00,276.00,173.00,196.00,173.00
198.00,84.00,277.00,84.00,277.00,166.00,198.00,166.00
199.00,79.00,280.00,79.00,280.00,160.00,199.00,160.00
209.00,75.00,291.00,75.00,291.00,158.00,209.00,158.00
216.00,65.00,295.00,65.00,295.00,150.00,216.00,150.00
210.00,64.00,289.00,64.00,289.00,148.00,210.00,148.00
209.00,65.00,287.00,65.00,287.00,150.00,209.00,150.00
208.00,66.00,289.00,66.00,289.00,151.00,208.00,151.00
216.00,67.00,297.00,67.00,297.00,153.00,216.00,153.00
220.00,67.00,302.00,67.00,302.00,154.00,220.00,154.00
224.00,70.00,307.00,70.00,307.00,155.00,224.00,155.00
221.00,73.00,307.00,73.00,307.00,158.00,221.00,158.00
221.00,74.00,306.00,74.00,306.00,158.00,221.00,158.00
223.00,73.00,310.00,73.00,310.00,158.00,223.00,158.00
227.00,70.00,316.00,70.00,316.00,157.00,227.00,157.00
236.00,69.00,328.00,69.00,328.00,160.00,236.00,160.00
247.00,69.00,339.00,69.00,339.00,163.00,247.00,163.00
260.00,70.00,349.00,70.00,349.00,165.00,260.00,165.00
268.00,65.00,354.00,65.00,354.00,167.00,268.00,167.00
262.00,62.00,360.00,62.00,360.00,158.00,262.00,158.00
251.00,63.00,350.00,63.00,350.00,159.00,251.00,159.00
239.00,64.00,335.00,64.00,335.00,160.00,239.00,160.00
235.00,68.00,327.00,68.00,327.00,166.00,235.00,166.00
239.00,72.00,331.00,72.00,331.00,171.00,239.00,171.00
239.00,71.00,327.00,71.00,327.00,172.00,239.00,172.00
232.00,79.00,320.00,79.00,320.00,177.00,232.00,177.00
218.00,79.00,308.00,79.00,308.00,173.00,218.00,173.00
203.00,79.00,292.00,79.00,292.00,169.00,203.00,169.00
179.00,86.00,270.00,86.00,270.00,175.00,179.00,175.00
169.00,88.00,261.00,88.00,261.00,178.00,169.00,178.00
147.00,96.00,241.00,96.00,241.00,187.00,147.00,187.00
130.00,100.00,223.00,100.00,223.00,195.00,130.00,195.00
130.00,106.00,220.00,106.00,220.00,198.00,130.00,198.00
144.00,107.00,231.00,107.00,231.00,199.00,144.00,199.00
158.00,102.00,242.00,102.00,242.00,195.00,158.00,195.00
169.00,97.00,250.00,97.00,250.00,189.00,169.00,189.00
176.00,87.00,251.00,87.00,251.00,179.00,176.00,179.00
186.00,77.00,261.00,77.00,261.00,167.00,186.00,167.00
192.00,69.00,274.00,69.00,274.00,158.00,192.00,158.00
207.00,61.00,291.00,61.00,291.00,150.00,207.00,150.00
222.00,52.00,300.00,52.00,300.00,146.00,222.00,146.00
232.00,52.00,305.00,52.00,305.00,141.00,232.00,141.00
235.00,54.00,311.00,54.00,311.00,145.00,235.00,145.00
233.00,61.00,311.00,61.00,311.00,149.00,233.00,149.00
228.00,65.00,309.00,65.00,309.00,152.00,228.00,152.00
214.00,68.00,304.00,68.00,304.00,153.00,214.00,153.00
212.00,74.00,298.00,74.00,298.00,161.00,212.00,161.00
193.00,82.00,283.00,82.00,283.00,167.00,193.00,167.00
184.00,91.00,275.00,91.00,275.00,177.00,184.00,177.00
182.00,96.00,270.00,96.00,270.00,183.00,182.00,183.00
184.00,96.00,266.00,96.00,266.00,185.00,184.00,185.00
186.00,96.00,268.00,96.00,268.00,185.00,186.00,185.00
188.00,92.00,274.00,92.00,274.00,181.00,188.00,181.00
196.00,82.00,284.00,82.00,284.00,172.00,196.00,172.00
206.00,76.00,293.00,76.00,293.00,169.00,206.00,169.00
214.00,71.00,300.00,71.00,300.00,167.00,214.00,167.00
216.00,67.00,307.00,67.00,307.00,158.00,216.00,158.00
219.00,67.00,309.00,67.00,309.00,158.00,219.00,158.00
227.00,74.00,314.00,74.00,314.00,172.00,227.00,172.00
229.00,82.00,313.00,82.00,313.00,178.00,229.00,178.00
232.00,88.00,316.00,88.00,316.00,184.00,232.00,184.00
228.00,91.00,315.00,91.00,315.00,185.00,228.00,185.00
230.00,90.00,313.00,90.00,313.00,179.00,230.00,179.00
220.00,92.00,307.00,92.00,307.00,178.00,220.00,178.00
211.00,95.00,294.00,95.00,294.00,180.00,211.00,180.00
211.00,98.00,289.00,98.00,289.00,183.00,211.00,183.00
204.00,100.00,282.00,100.00,282.00,185.00,204.00,185.00
194.00,99.00,278.00,99.00,278.00,184.00,194.00,184.00
195.00,98.00,273.00,98.00,273.00,182.00,195.00,182.00
194.00,110.00,277.00,110.00,277.00,197.00,194.00,197.00
197.00,104.00,280.00,104.00,280.00,187.00,197.00,187.00
204.00,104.00,287.00,104.00,287.00,190.00,204.00,190.00
211.00,100.00,293.00,100.00,293.00,189.00,211.00,189.00
217.00,95.00,301.00,95.00,301.00,188.00,217.00,188.00
218.00,85.00,302.00,85.00,302.00,178.00,218.00,178.00
217.00,79.00,300.00,79.00,300.00,174.00,217.00,174.00
212.00,73.00,297.00,73.00,297.00,169.00,212.00,169.00
212.00,67.00,296.00,67.00,296.00,168.00,212.00,168.00
202.00,65.00,287.00,65.00,287.00,169.00,202.00,169.00
196.00,60.00,281.00,60.00,281.00,167.00,196.00,167.00
196.00,56.00,283.00,56.00,283.00,166.00,196.00,166.00
196.00,55.00,289.00,55.00,289.00,168.00,196.00,168.00
202.00,57.00,295.00,57.00,295.00,175.00,202.00,175.00
199.00,56.00,296.00,56.00,296.00,171.00,199.00,171.00
198.00,50.00,296.00,50.00,296.00,160.00,198.00,160.00
195.00,49.00,294.00,49.00,294.00,157.00,195.00,157.00
194.00,48.00,293.00,48.00,293.00,152.00,194.00,152.00
188.00,51.00,290.00,51.00,290.00,156.00,188.00,156.00
179.00,52.00,283.00,52.00,283.00,156.00,179.00,156.00
167.00,47.00,270.00,47.00,270.00,146.00,167.00,146.00
162.00,49.00,264.00,49.00,264.00,151.00,162.00,151.00
146.00,52.00,252.00,52.00,252.00,158.00,146.00,158.00
134.00,55.00,241.00,55.00,241.00,161.00,134.00,161.00
125.00,59.00,231.00,59.00,231.00,169.00,125.00,169.00
122.00,52.00,228.00,52.00,228.00,166.00,122.00,166.00
128.00,46.00,238.00,46.00,238.00,157.00,128.00,157.00
142.00,41.00,248.00,41.00,248.00,150.00,142.00,150.00
158.00,40.00,265.00,40.00,265.00,147.00,158.00,147.00
182.00,38.00,287.00,38.00,287.00,145.00,182.00,145.00
205.00,44.00,307.00,44.00,307.00,153.00,205.00,153.00
224.00,55.00,327.00,55.00,327.00,167.00,224.00,167.00
240.00,59.00,345.00,59.00,345.00,175.00,240.00,175.00
252.00,63.00,353.00,63.00,353.00,177.00,252.00,177.00
258.00,66.00,358.00,66.00,358.00,183.00,258.00,183.00
257.00,66.00,360.00,66.00,360.00,183.00,257.00,183.00
253.00,59.00,353.00,59.00,353.00,171.00,253.00,171.00
243.00,61.00,348.00,61.00,348.00,175.00,243.00,175.00
235.00,66.00,341.00,66.00,341.00,180.00,235.00,180.00
236.00,57.00,336.00,57.00,336.00,171.00,236.00,171.00
236.00,64.00,337.00,64.00,337.00,173.00,236.00,173.00
233.00,67.00,338.00,67.00,338.00,179.00,233.00,179.00
228.00,68.00,334.00,68.00,334.00,177.00,228.00,177.00
215.00,71.00,326.00,71.00,326.00,175.00,215.00,175.00
203.00,72.00,311.00,72.00,311.00,170.00,203.00,170.00
196.00,77.00,301.00,77.00,301.00,178.00,196.00,178.00
193.00,81.00,295.00,81.00,295.00,181.00,193.00,181.00
196.00,85.00,298.00,85.00,298.00,182.00,196.00,182.00
206.00,83.00,311.00,83.00,311.00,187.00,206.00,187.00
224.00,91.00,320.00,91.00,320.00,196.00,224.00,196.00
235.00,91.00,328.00,91.00,328.00,193.00,235.00,193.00
243.00,90.00,334.00,90.00,334.00,192.00,243.00,192.00
241.00,86.00,332.00,86.00,332.00,184.00,241.00,184.00
237.00,82.00,327.00,82.00,327.00,182.00,237.00,182.00
235.00,77.00,322.00,77.00,322.00,173.00,235.00,173.00
231.00,77.00,322.00,77.00,322.00,174.00,231.00,174.00
227.00,69.00,317.00,69.00,317.00,167.00,227.00,167.00
222.00,65.00,315.00,65.00,315.00,165.00,222.00,165.00
198.00,57.00,299.00,57.00,299.00,157.00,198.00,157.00
170.00,59.00,269.00,59.00,269.00,159.00,170.00,159.00
158.00,65.00,258.00,65.00,258.00,169.00,158.00,169.00
155.00,64.00,253.00,64.00,253.00,168.00,155.00,168.00
175.00,61.00,278.00,61.00,278.00,163.00,175.00,163.00
199.00,57.00,302.00,57.00,302.00,160.00,199.00,160.00
228.00,62.00,330.00,62.00,330.00,167.00,228.00,167.00
265.00,59.00,374.00,59.00,374.00,166.00,265.00,166.00
288.00,55.00,387.00,55.00,387.00,161.00,288.00,161.00
286.00,53.00,385.00,53.00,385.00,155.00,286.00,155.00
256.00,50.00,360.00,50.00,360.00,150.00,256.00,150.00
223.00,51.00,330.00,51.00,330.00,152.00,223.00,152.00
186.00,67.00,290.00,67.00,290.00,165.00,186.00,165.00
171.00,83.00,269.00,83.00,269.00,184.00,171.00,184.00
167.00,93.00,263.00,93.00,263.00,192.00,167.00,192.00
176.00,95.00,273.00,95.00,273.00,193.00,176.00,193.00
190.00,93.00,284.00,93.00,284.00,192.00,190.00,192.00
200.00,85.00,295.00,85.00,295.00,186.00,200.00,186.00
215.00,80.00,306.00,80.00,306.00,177.00,215.00,177.00
230.00,71.00,318.00,71.00,318.00,165.00,230.00,165.00
233.00,69.00,317.00,69.00,317.00,159.00,233.00,159.00
214.00,73.00,309.00,73.00,309.00,164.00,214.00,164.00
199.00,85.00,291.00,85.00,291.00,176.00,199.00,176.00
191.00,89.00,280.00,89.00,280.00,178.00,191.00,178.00
192.00,98.00,283.00,98.00,283.00,189.00,192.00,189.00
206.00,110.00,301.00,110.00,301.00,205.00,206.00,205.00
231.00,119.00,320.00,119.00,320.00,208.00,231.00,208.00
260.00,115.00,351.00,115.00,351.00,208.00,260.00,208.00
295.00,98.00,388.00,98.00,388.00,197.00,295.00,197.00
329.00,80.00,413.00,80.00,413.00,182.00,329.00,182.00
334.00,61.00,415.00,61.00,415.00,166.00,334.00,166.00
302.00,60.00,393.00,60.00,393.00,155.00,302.00,155.00
273.00,64.00,366.00,64.00,366.00,163.00,273.00,163.00
237.00,68.00,340.00,68.00,340.00,168.00,237.00,168.00
204.00,74.00,310.00,74.00,310.00,173.00,204.00,173.00
175.00,75.00,277.00,75.00,277.00,172.00,175.00,172.00
145.00,79.00,246.00,79.00,246.00,176.00,145.00,176.00
126.00,87.00,224.00,87.00,224.00,184.00,126.00,184.00
125.00,91.00,220.00,91.00,220.00,191.00,125.00,191.00
131.00,97.00,227.00,97.00,227.00,199.00,131.00,199.00
164.00,93.00,262.00,93.00,262.00,209.00,164.00,209.00
180.00,115.00,273.00,115.00,273.00,217.00,180.00,217.00
192.00,113.00,285.00,113.00,285.00,209.00,192.00,209.00
187.00,96.00,281.00,96.00,281.00,197.00,187.00,197.00
176.00,92.00,271.00,92.00,271.00,188.00,176.00,188.00
154.00,85.00,261.00,85.00,261.00,182.00,154.00,182.00
133.00,81.00,242.00,81.00,242.00,180.00,133.00,180.00
122.00,82.00,228.00,82.00,228.00,184.00,122.00,184.00
116.00,84.00,217.00,84.00,217.00,188.00,116.00,188.00
123.00,86.00,222.00,86.00,222.00,187.00,123.00,187.00
132.00,85.00,234.00,85.00,234.00,183.00,132.00,183.00
145.00,80.00,242.00,80.00,242.00,176.00,145.00,176.00
