1
36.00,60.00,104.00,60.00,104.00,143.00,36.00,143.00
40.00,65.00,105.00,65.00,105.00,148.00,40.00,148.00
44.00,74.00,112.00,74.00,112.00,154.00,44.00,154.00
53.00,79.00,121.00,79.00,121.00,159.00,53.00,159.00
63.00,78.00,131.00,78.00,131.00,160.00,63.00,160.00
72.00,81.00,142.00,81.00,142.00,161.00,72.00,161.00
79.00,83.00,152.00,83.00,152.00,165.00,79.00,165.00
89.00,84.00,159.00,84.00,159.00,168.00,89.00,168.00
100.00,87.00,171.00,87.00,171.00,173.00,100.00,173.00
108.00,88.00,180.00,88.00,180.00,176.00,108.00,176.00
116.00,88.00,189.00,88.00,189.00,175.00,116.00,175.00
124.00,87.00,195.00,87.00,195.00,174.00,124.00,174.00
131.00,85.00,200.00,85.00,200.00,172.00,131.00,172.00
135.00,81.00,205.00,81.00,205.00,167.00,135.00,167.00
140.00,78.00,209.00,78.00,209.00,162.00,140.00,162.00
147.00,78.00,214.00,78.00,214.00,159.00,147.00,159.00
154.00,75.00,221.00,75.00,221.00,153.00,154.00,153.00
160.00,73.00,231.00,73.00,231.00,151.00,160.00,151.00
171.00,70.00,245.00,70.00,245.00,149.00,171.00,149.00
190.00,71.00,261.00,71.00,261.00,148.00,190.00,148.00
205.00,73.00,277.00,73.00,277.00,147.00,205.00,147.00
222.00,71.00,295.00,71.00,295.00,145.00,222.00,145.00
238.00,71.00,309.00,71.00,309.00,145.00,238.00,145.00
255.00,71.00,324.00,71.00,324.00,145.00,255.00,145.00
270.00,71.00,337.00,71.00,337.00,145.00,270.00,145.00
283.00,70.00,346.00,70.00,346.00,145.00,283.00,145.00
293.00,68.00,353.00,68.00,353.00,144.00,293.00,144.00
296.00,67.00,356.00,67.00,356.00,143.00,296.00,143.00
296.00,65.00,356.00,65.00,356.00,141.00,296.00,141.00
288.00,65.00,351.00,65.00,351.00,140.00,288.00,140.00
275.00,66.00,340.00,66.00,340.00,142.00,275.00,142.00
258.00,64.00,326.00,64.00,326.00,141.00,258.00,141.00
242.00,61.00,315.00,61.00,315.00,139.00,242.00,139.00
227.00,60.00,300.00,60.00,300.00,137.00,227.00,137.00
215.00,62.00,289.00,62.00,289.00,138.00,215.00,138.00
198.00,65.00,275.00,65.00,275.00,142.00,198.00,142.00
183.00,66.00,259.00,66.00,259.00,148.00,183.00,148.00
174.00,72.00,247.00,72.00,247.00,153.00,174.00,153.00
163.00,74.00,237.00,74.00,237.00,154.00,163.00,154.00
154.00,88.00,224.00,88.00,224.00,162.00,154.00,162.00
145.00,95.00,216.00,95.00,216.00,170.00,145.00,170.00
138.00,96.00,211.00,96.00,211.00,175.00,138.00,175.00
129.00,98.00,204.00,98.00,204.00,180.00,129.00,180.00
125.00,85.00,199.00,85.00,199.00,169.00,125.00,169.00
113.00,84.00,186.00,84.00,186.00,167.00,113.00,167.00
113.00,84.00,186.00,84.00,186.00,167.00,113.00,167.00
108.00,84.00,180.00,84.00,180.00,167.00,108.00,167.00
108.00,84.00,181.00,84.00,181.00,166.00,108.00,166.00
108.00,82.00,182.00,82.00,182.00,166.00,108.00,166.00
105.00,83.00,180.00,83.00,180.00,166.00,105.00,166.00
107.00,84.00,186.00,84.00,186.00,166.00,107.00,166.00
116.00,86.00,195.00,86.00,195.00,168.00,116.00,168.00
125.00,86.00,204.00,86.00,204.00,167.00,125.00,167.00
140.00,83.00,220.00,83.00,220.00,163.00,140.00,163.00
167.00,82.00,240.00,82.00,240.00,162.00,167.00,162.00
185.00,81.00,256.00,81.00,256.00,159.00,185.00,159.00
200.00,82.00,273.00,82.00,273.00,157.00,200.00,157.00
221.00,79.00,294.00,79.00,294.00,154.00,221.00,154.00
233.00,77.00,307.00,77.00,307.00,154.00,233.00,154.00
252.00,77.00,324.00,77.00,324.00,155.00,252.00,155.00
272.00,75.00,340.00,75.00,340.00,156.00,272.00,156.00
286.00,69.00,354.00,69.00,354.00,153.00,286.00,153.00
296.00,66.00,363.00,66.00,363.00,147.00,296.00,147.00
304.00,62.00,370.00,62.00,370.00,143.00,304.00,143.00
308.00,59.00,374.00,59.00,374.00,142.00,308.00,142.00
309.00,57.00,374.00,57.00,374.00,141.00,309.00,141.00
304.00,57.00,373.00,57.00,373.00,142.00,304.00,142.00
293.00,59.00,366.00,59.00,366.00,143.00,293.00,143.00
277.00,63.00,353.00,63.00,353.00,151.00,277.00,151.00
261.00,72.00,341.00,72.00,341.00,161.00,261.00,161.00
242.00,75.00,323.00,75.00,323.00,159.00,242.00,159.00
213.00,80.00,299.00,80.00,299.00,159.00,213.00,159.00
191.00,83.00,276.00,83.00,276.00,163.00,191.00,163.00
176.00,81.00,263.00,81.00,263.00,163.00,176.00,163.00
146.00,84.00,240.00,84.00,240.00,170.00,146.00,170.00
124.00,79.00,222.00,79.00,222.00,171.00,124.00,171.00
97.00,79.00,191.00,79.00,191.00,170.00,97.00,170.00
85.00,69.00,184.00,69.00,184.00,165.00,85.00,165.00
70.00,63.00,165.00,63.00,165.00,159.00,70.00,159.00
52.00,63.00,147.00,63.00,147.00,160.00,52.00,160.00
32.00,61.00,123.00,61.00,123.00,155.00,32.00,155.00
12.00,62.00,101.00,62.00,101.00,153.00,12.00,153.00
-1.00,66.00,83.00,66.00,83.00,157.00,-1.00,157.00
-3.00,69.00,75.00,69.00,75.00,161.00,-3.00,161.00
-11.00,73.00,69.00,73.00,69.00,165.00,-11.00,165.00
-11.00,73.00,69.00,73.00,69.00,165.00,-11.00,165.00
-11.00,75.00,70.00,75.00,70.00,164.00,-11.00,164.00
-8.00,68.00,76.00,68.00,76.00,157.00,-8.00,157.00
4.00,62.00,82.00,62.00,82.00,146.00,4.00,146.00
9.00,62.00,84.00,62.00,84.00,144.00,9.00,144.00
13.00,65.00,87.00,65.00,87.00,146.00,13.00,146.00
15.00,67.00,90.00,67.00,90.00,147.00,15.00,147.00
12.00,73.00,91.00,73.00,91.00,155.00,12.00,155.00
23.00,80.00,101.00,80.00,101.00,160.00,23.00,160.00
34.00,83.00,114.00,83.00,114.00,166.00,34.00,166.00
44.00,86.00,123.00,86.00,123.00,170.00,44.00,170.00
44.00,84.00,123.00,84.00,123.00,167.00,44.00,167.00
52.00,84.00,130.00,84.00,130.00,167.00,52.00,167.00
64.00,85.00,144.00,85.00,144.00,171.00,64.00,171.00
72.00,85.00,160.00,85.00,160.00,178.00,72.00,178.00
87.00,86.00,178.00,86.00,178.00,180.00,87.00,180.00
104.00,88.00,199.00,88.00,199.00,189.00,104.00,189.00
120.00,91.00,216.00,91.00,216.00,191.00,120.00,191.00
139.00,94.00,235.00,94.00,235.00,187.00,139.00,187.00
167.00,98.00,260.00,98.00,260.00,186.00,167.00,186.00
184.00,98.00,277.00,98.00,277.00,185.00,184.00,185.00
211.00,108.00,308.00,108.00,308.00,199.00,211.00,199.00
235.00,109.00,331.00,109.00,331.00,201.00,235.00,201.00
265.00,106.00,357.00,106.00,357.00,201.00,265.00,201.00
288.00,107.00,378.00,107.00,378.00,199.00,288.00,199.00
309.00,106.00,395.00,106.00,395.00,195.00,309.00,195.00
325.00,105.00,406.00,105.00,406.00,192.00,325.00,192.00
338.00,100.00,423.00,100.00,423.00,189.00,338.00,189.00
348.00,93.00,429.00,93.00,429.00,183.00,348.00,183.00
348.00,85.00,430.00,85.00,430.00,176.00,348.00,176.00
348.00,82.00,431.00,82.00,431.00,178.00,348.00,178.00
337.00,76.00,426.00,76.00,426.00,176.00,337.00,176.00
323.00,69.00,419.00,69.00,419.00,171.00,323.00,171.00
312.00,65.00,414.00,65.00,414.00,169.00,312.00,169.00
300.00,62.00,400.00,62.00,400.00,167.00,300.00,167.00
286.00,60.00,385.00,60.00,385.00,164.00,286.00,164.00
274.00,60.00,375.00,60.00,375.00,167.00,274.00,167.00
259.00,65.00,364.00,65.00,364.00,177.00,259.00,177.00
253.00,79.00,354.00,79.00,354.00,189.00,253.00,189.00
247.00,83.00,349.00,83.00,349.00,188.00,247.00,188.00
249.00,68.00,352.00,68.00,352.00,175.00,249.00,175.00
251.00,71.00,347.00,71.00,347.00,181.00,251.00,181.00
243.00,70.00,344.00,70.00,344.00,185.00,243.00,185.00
232.00,68.00,341.00,68.00,341.00,183.00,232.00,183.00
205.00,73.00,323.00,73.00,323.00,180.00,205.00,180.00
190.00,71.00,301.00,71.00,301.00,170.00,190.00,170.00
177.00,68.00,282.00,68.00,282.00,165.00,177.00,165.00
162.00,66.00,267.00,66.00,267.00,166.00,162.00,166.00
155.00,66.00,257.00,66.00,257.00,168.00,155.00,168.00
160.00,70.00,266.00,70.00,266.00,173.00,160.00,173.00
170.00,73.00,285.00,73.00,285.00,175.00,170.00,175.00
188.00,72.00,297.00,72.00,297.00,172.00,188.00,172.00
195.00,78.00,305.00,78.00,305.00,177.00,195.00,177.00
215.00,86.00,317.00,86.00,317.00,185.00,215.00,185.00
231.00,94.00,331.00,94.00,331.00,187.00,231.00,187.00
235.00,94.00,334.00,94.00,334.00,188.00,235.00,188.00
239.00,95.00,335.00,95.00,335.00,190.00,239.00,190.00
239.00,98.00,333.00,98.00,333.00,188.00,239.00,188.00
237.00,100.00,329.00,100.00,329.00,191.00,237.00,191.00
228.00,103.00,320.00,103.00,320.00,193.00,228.00,193.00
222.00,104.00,311.00,104.00,311.00,191.00,222.00,191.00
213.00,105.00,306.00,105.00,306.00,195.00,213.00,195.00
209.00,100.00,305.00,100.00,305.00,188.00,209.00,188.00
205.00,90.00,298.00,90.00,298.00,175.00,205.00,175.00
205.00,83.00,291.00,83.00,291.00,167.00,205.00,167.00
212.00,78.00,301.00,78.00,301.00,165.00,212.00,165.00
226.00,76.00,315.00,76.00,315.00,163.00,226.00,163.00
250.00,79.00,336.00,79.00,336.00,167.00,250.00,167.00
267.00,76.00,350.00,76.00,350.00,168.00,267.00,168.00
281.00,75.00,363.00,75.00,363.00,166.00,281.00,166.00
294.00,71.00,371.00,71.00,371.00,162.00,294.00,162.00
302.00,66.00,377.00,66.00,377.00,153.00,302.00,153.00
302.00,58.00,380.00,58.00,380.00,140.00,302.00,140.00
302.00,60.00,378.00,60.00,378.00,140.00,302.00,140.00
301.00,59.00,379.00,59.00,379.00,142.00,301.00,142.00
297.00,60.00,374.00,60.00,374.00,146.00,297.00,146.00
291.00,67.00,369.00,67.00,369.00,155.00,291.00,155.00
283.00,76.00,365.00,76.00,365.00,172.00,283.00,172.00
273.00,90.00,358.00,90.00,358.00,188.00,273.00,188.00
258.00,99.00,349.00,99.00,349.00,195.00,258.00,195.00
258.00,100.00,350.00,100.00,350.00,198.00,258.00,198.00
256.00,94.00,351.00,94.00,351.00,194.00,256.00,194.00
244.00,88.00,341.00,88.00,341.00,184.00,244.00,184.00
235.00,77.00,331.00,77.00,331.00,172.00,235.00,172.00
229.00,69.00,326.00,69.00,326.00,165.00,229.00,165.00
206.00,67.00,308.00,67.00,308.00,156.00,206.00,156.00
201.00,63.00,303.00,63.00,303.00,155.00,201.00,155.00
211.00,57.00,311.00,57.00,311.00,155.00,211.00,155.00
218.00,58.00,313.00,58.00,313.00,157.00,218.00,157.00
216.00,57.00,311.00,57.00,311.00,156.00,216.00,156.00
196.00,58.00,299.00,58.00,299.00,155.00,196.00,155.00
171.00,67.00,270.00,67.00,270.00,163.00,171.00,163.00
158.00,76.00,262.00,76.00,262.00,176.00,158.00,176.00
152.00,84.00,256.00,84.00,256.00,182.00,152.00,182.00
164.00,85.00,264.00,85.00,264.00,181.00,164.00,181.00
172.00,84.00,270.00,84.00,270.00,180.00,172.00,180.00
174.00,86.00,268.00,86.00,268.00,179.00,174.00,179.00
169.00,85.00,266.00,85.00,266.00,178.00,169.00,178.00
175.00,90.00,269.00,90.00,269.00,182.00,175.00,182.00
188.00,89.00,273.00,89.00,273.00,178.00,188.00,178.00
195.00,88.00,278.00,88.00,278.00,171.00,195.00,171.00
198.00,85.00,280.00,85.00,280.00,164.00,198.00,164.00
199.00,80.00,281.00,80.00,281.00,159.00,199.00,159.00
209.00,75.00,294.00,75.00,294.00,156.00,209.00,156.00
217.00,66.00,296.00,66.00,296.00,147.00,217.00,147.00
211.00,64.00,289.00,64.00,289.00,142.00,211.00,142.00
211.00,63.00,289.00,63.00,289.00,144.00,211.00,144.00
209.00,65.00,292.00,65.00,292.00,147.00,209.00,147.00
214.00,66.00,298.00,66.00,298.00,149.00,214.00,149.00
221.00,67.00,306.00,67.00,306.00,153.00,221.00,153.00
224.00,69.00,307.00,69.00,307.00,154.00,224.00,154.00
220.00,72.00,306.00,72.00,306.00,157.00,220.00,157.00
221.00,74.00,307.00,74.00,307.00,159.00,221.00,159.00
224.00,71.00,311.00,71.00,311.00,159.00,224.00,159.00
225.00,70.00,316.00,70.00,316.00,157.00,225.00,157.00
236.00,67.00,329.00,67.00,329.00,158.00,236.00,158.00
243.00,67.00,342.00,67.00,342.00,161.00,243.00,161.00
255.00,69.00,352.00,69.00,352.00,166.00,255.00,166.00
267.00,65.00,360.00,65.00,360.00,167.00,267.00,167.00
257.00,61.00,365.00,61.00,365.00,159.00,257.00,159.00
242.00,62.00,350.00,62.00,350.00,158.00,242.00,158.00
234.00,61.00,337.00,61.00,337.00,161.00,234.00,161.00
229.00,66.00,328.00,66.00,328.00,165.00,229.00,165.00
232.00,70.00,332.00,70.00,332.00,172.00,232.00,172.00
233.00,68.00,330.00,68.00,330.00,171.00,233.00,171.00
225.00,76.00,321.00,76.00,321.00,176.00,225.00,176.00
214.00,78.00,313.00,78.00,313.00,178.00,214.00,178.00
194.00,75.00,295.00,75.00,295.00,171.00,194.00,171.00
175.00,80.00,275.00,80.00,275.00,175.00,175.00,175.00
162.00,85.00,262.00,85.00,262.00,182.00,162.00,182.00
142.00,93.00,247.00,93.00,247.00,190.00,142.00,190.00
127.00,99.00,230.00,99.00,230.00,196.00,127.00,196.00
130.00,105.00,230.00,105.00,230.00,201.00,130.00,201.00
143.00,105.00,238.00,105.00,238.00,200.00,143.00,200.00
155.00,102.00,245.00,102.00,245.00,196.00,155.00,196.00
167.00,95.00,252.00,95.00,252.00,188.00,167.00,188.00
176.00,86.00,258.00,86.00,258.00,178.00,176.00,178.00
184.00,76.00,266.00,76.00,266.00,167.00,184.00,167.00
191.00,66.00,275.00,66.00,275.00,157.00,191.00,157.00
206.00,59.00,292.00,59.00,292.00,148.00,206.00,148.00
220.00,52.00,302.00,52.00,302.00,144.00,220.00,144.00
226.00,52.00,308.00,52.00,308.00,140.00,226.00,140.00
230.00,55.00,312.00,55.00,312.00,140.00,230.00,140.00
234.00,62.00,314.00,62.00,314.00,146.00,234.00,146.00
226.00,64.00,310.00,64.00,310.00,148.00,226.00,148.00
212.00,68.00,306.00,68.00,306.00,151.00,212.00,151.00
207.00,72.00,299.00,72.00,299.00,159.00,207.00,159.00
197.00,78.00,288.00,78.00,288.00,166.00,197.00,166.00
184.00,86.00,279.00,86.00,279.00,177.00,184.00,177.00
179.00,93.00,274.00,93.00,274.00,187.00,179.00,187.00
181.00,92.00,271.00,92.00,271.00,185.00,181.00,185.00
182.00,92.00,273.00,92.00,273.00,188.00,182.00,188.00
183.00,88.00,279.00,88.00,279.00,184.00,183.00,184.00
188.00,81.00,287.00,81.00,287.00,178.00,188.00,178.00
200.00,71.00,297.00,71.00,297.00,170.00,200.00,170.00
212.00,67.00,308.00,67.00,308.00,167.00,212.00,167.00
213.00,61.00,309.00,61.00,309.00,154.00,213.00,154.00
217.00,65.00,313.00,65.00,313.00,157.00,217.00,157.00
221.00,71.00,318.00,71.00,318.00,171.00,221.00,171.00
223.00,79.00,319.00,79.00,319.00,177.00,223.00,177.00
225.00,88.00,320.00,88.00,320.00,186.00,225.00,186.00
224.00,88.00,318.00,88.00,318.00,182.00,224.00,182.00
222.00,89.00,317.00,89.00,317.00,182.00,222.00,182.00
217.00,87.00,315.00,87.00,315.00,179.00,217.00,179.00
209.00,91.00,297.00,91.00,297.00,177.00,209.00,177.00
205.00,92.00,290.00,92.00,290.00,178.00,205.00,178.00
199.00,93.00,283.00,93.00,283.00,180.00,199.00,180.00
193.00,97.00,281.00,97.00,281.00,187.00,193.00,187.00
188.00,100.00,276.00,100.00,276.00,189.00,188.00,189.00
190.00,111.00,279.00,111.00,279.00,203.00,190.00,203.00
195.00,108.00,286.00,108.00,286.00,203.00,195.00,203.00
199.00,102.00,291.00,102.00,291.00,195.00,199.00,195.00
209.00,98.00,298.00,98.00,298.00,191.00,209.00,191.00
213.00,93.00,304.00,93.00,304.00,187.00,213.00,187.00
214.00,81.00,303.00,81.00,303.00,170.00,214.00,170.00
216.00,77.00,305.00,77.00,305.00,169.00,216.00,169.00
209.00,72.00,299.00,72.00,299.00,167.00,209.00,167.00
206.00,66.00,296.00,66.00,296.00,165.00,206.00,165.00
201.00,61.00,291.00,61.00,291.00,173.00,201.00,173.00
190.00,67.00,281.00,67.00,281.00,179.00,190.00,179.00
190.00,53.00,281.00,53.00,281.00,169.00,190.00,169.00
194.00,55.00,290.00,55.00,290.00,171.00,194.00,171.00
196.00,56.00,296.00,56.00,296.00,175.00,196.00,175.00
199.00,52.00,302.00,52.00,302.00,168.00,199.00,168.00
194.00,49.00,302.00,49.00,302.00,163.00,194.00,163.00
194.00,45.00,302.00,45.00,302.00,159.00,194.00,159.00
193.00,44.00,297.00,44.00,297.00,152.00,193.00,152.00
185.00,45.00,293.00,45.00,293.00,157.00,185.00,157.00
175.00,48.00,285.00,48.00,285.00,161.00,175.00,161.00
165.00,43.00,277.00,43.00,277.00,146.00,165.00,146.00
153.00,41.00,268.00,41.00,268.00,153.00,153.00,153.00
139.00,46.00,254.00,46.00,254.00,159.00,139.00,159.00
128.00,54.00,246.00,54.00,246.00,167.00,128.00,167.00
123.00,55.00,236.00,55.00,236.00,167.00,123.00,167.00
118.00,53.00,230.00,53.00,230.00,166.00,118.00,166.00
123.00,46.00,239.00,46.00,239.00,160.00,123.00,160.00
136.00,40.00,252.00,40.00,252.00,154.00,136.00,154.00
152.00,35.00,271.00,35.00,271.00,151.00,152.00,151.00
177.00,37.00,291.00,37.00,291.00,151.00,177.00,151.00
205.00,39.00,313.00,39.00,313.00,161.00,205.00,161.00
222.00,48.00,329.00,48.00,329.00,169.00,222.00,169.00
233.00,54.00,349.00,54.00,349.00,179.00,233.00,179.00
252.00,60.00,361.00,60.00,361.00,184.00,252.00,184.00
255.00,62.00,361.00,62.00,361.00,185.00,255.00,185.00
255.00,60.00,361.00,60.00,361.00,181.00,255.00,181.00
248.00,54.00,357.00,54.00,357.00,173.00,248.00,173.00
240.00,59.00,352.00,59.00,352.00,171.00,240.00,171.00
236.00,65.00,343.00,65.00,343.00,177.00,236.00,177.00
236.00,57.00,340.00,57.00,340.00,175.00,236.00,175.00
239.00,59.00,342.00,59.00,342.00,175.00,239.00,175.00
235.00,61.00,341.00,61.00,341.00,179.00,235.00,179.00
228.00,62.00,337.00,62.00,337.00,176.00,228.00,176.00
215.00,65.00,327.00,65.00,327.00,174.00,215.00,174.00
203.00,69.00,312.00,69.00,312.00,173.00,203.00,173.00
199.00,71.00,304.00,71.00,304.00,172.00,199.00,172.00
191.00,79.00,295.00,79.00,295.00,180.00,191.00,180.00
196.00,79.00,304.00,79.00,304.00,184.00,196.00,184.00
199.00,77.00,317.00,77.00,317.00,191.00,199.00,191.00
215.00,84.00,324.00,84.00,324.00,198.00,215.00,198.00
228.00,89.00,332.00,89.00,332.00,197.00,228.00,197.00
239.00,89.00,339.00,89.00,339.00,198.00,239.00,198.00
239.00,84.00,337.00,84.00,337.00,193.00,239.00,193.00
229.00,79.00,329.00,79.00,329.00,185.00,229.00,185.00
231.00,74.00,326.00,74.00,326.00,180.00,231.00,180.00
229.00,71.00,327.00,71.00,327.00,178.00,229.00,178.00
220.00,68.00,323.00,68.00,323.00,178.00,220.00,178.00
213.00,61.00,323.00,61.00,323.00,175.00,213.00,175.00
187.00,52.00,307.00,52.00,307.00,171.00,187.00,171.00
164.00,59.00,274.00,59.00,274.00,166.00,164.00,166.00
149.00,60.00,260.00,60.00,260.00,168.00,149.00,168.00
146.00,63.00,259.00,63.00,259.00,172.00,146.00,172.00
165.00,56.00,281.00,56.00,281.00,168.00,165.00,168.00
190.00,51.00,309.00,51.00,309.00,169.00,190.00,169.00
219.00,55.00,331.00,55.00,331.00,169.00,219.00,169.00
261.00,56.00,379.00,56.00,379.00,169.00,261.00,169.00
284.00,53.00,391.00,53.00,391.00,162.00,284.00,162.00
283.00,53.00,387.00,53.00,387.00,155.00,283.00,155.00
253.00,47.00,363.00,47.00,363.00,153.00,253.00,153.00
213.00,45.00,332.00,45.00,332.00,159.00,213.00,159.00
184.00,62.00,293.00,62.00,293.00,169.00,184.00,169.00
169.00,78.00,278.00,78.00,278.00,187.00,169.00,187.00
164.00,84.00,272.00,84.00,272.00,194.00,164.00,194.00
171.00,97.00,281.00,97.00,281.00,210.00,171.00,210.00
185.00,91.00,288.00,91.00,288.00,203.00,185.00,203.00
191.00,80.00,300.00,80.00,300.00,192.00,191.00,192.00
205.00,74.00,311.00,74.00,311.00,180.00,205.00,180.00
215.00,65.00,321.00,65.00,321.00,169.00,215.00,169.00
226.00,64.00,321.00,64.00,321.00,163.00,226.00,163.00
211.00,67.00,315.00,67.00,315.00,169.00,211.00,169.00
197.00,77.00,294.00,77.00,294.00,179.00,197.00,179.00
192.00,81.00,286.00,81.00,286.00,183.00,192.00,183.00
187.00,90.00,289.00,90.00,289.00,194.00,187.00,194.00
196.00,106.00,304.00,106.00,304.00,210.00,196.00,210.00
218.00,113.00,323.00,113.00,323.00,213.00,218.00,213.00
252.00,112.00,358.00,112.00,358.00,209.00,252.00,209.00
292.00,94.00,390.00,94.00,390.00,196.00,292.00,196.00
324.00,76.00,416.00,76.00,416.00,182.00,324.00,182.00
331.00,60.00,420.00,60.00,420.00,168.00,331.00,168.00
300.00,60.00,397.00,60.00,397.00,159.00,300.00,159.00
268.00,61.00,369.00,61.00,369.00,168.00,268.00,168.00
234.00,64.00,345.00,64.00,345.00,170.00,234.00,170.00
204.00,67.00,317.00,67.00,317.00,170.00,204.00,170.00
173.00,70.00,282.00,70.00,282.00,172.00,173.00,172.00
142.00,75.00,254.00,75.00,254.00,178.00,142.00,178.00
126.00,80.00,233.00,80.00,233.00,189.00,126.00,189.00
123.00,88.00,227.00,88.00,227.00,193.00,123.00,193.00
131.00,96.00,236.00,96.00,236.00,201.00,131.00,201.00
158.00,93.00,260.00,93.00,260.00,210.00,158.00,210.00
181.00,113.00,280.00,113.00,280.00,219.00,181.00,219.00
186.00,108.00,285.00,108.00,285.00,212.00,186.00,212.00
190.00,98.00,289.00,98.00,289.00,202.00,190.00,202.00
175.00,88.00,273.00,88.00,273.00,188.00,175.00,188.00
149.00,82.00,263.00,82.00,263.00,183.00,149.00,183.00
133.00,78.00,247.00,78.00,247.00,181.00,133.00,181.00
124.00,79.00,232.00,79.00,232.00,186.00,124.00,186.00
119.00,83.00,217.00,83.00,217.00,188.00,119.00,188.00
121.00,83.00,224.00,83.00,224.00,190.00,121.00,190.00
131.00,82.00,238.00,82.00,238.00,186.00,131.00,186.00
142.00,76.00,245.00,76.00,245.00,177.00,142.00,177.00
