1
101.00,60.00,235.00,60.00,235.00,192.00,101.00,192.00
98.00,51.00,233.00,51.00,233.00,189.00,98.00,189.00
97.00,43.00,235.00,43.00,235.00,186.00,97.00,186.00
99.00,35.00,232.00,35.00,232.00,171.00,99.00,171.00
100.00,26.00,227.00,26.00,227.00,147.00,100.00,147.00
109.00,16.00,228.00,16.00,228.00,132.00,109.00,132.00
108.00,9.00,233.00,9.00,233.00,128.00,108.00,128.00
124.00,5.00,234.00,5.00,234.00,121.00,124.00,121.00
125.00,8.00,238.00,8.00,238.00,126.00,125.00,126.00
137.00,5.00,248.00,5.00,248.00,125.00,137.00,125.00
146.00,5.00,254.00,5.00,254.00,125.00,146.00,125.00
155.00,7.00,258.00,7.00,258.00,127.00,155.00,127.00
162.00,14.00,267.00,14.00,267.00,134.00,162.00,134.00
167.00,18.00,269.00,18.00,269.00,137.00,167.00,137.00
171.00,25.00,271.00,25.00,271.00,142.00,171.00,142.00
173.00,36.00,272.00,36.00,272.00,152.00,173.00,152.00
176.00,43.00,278.00,43.00,278.00,163.00,176.00,163.00
182.00,52.00,283.00,52.00,283.00,164.00,182.00,164.00
187.00,59.00,283.00,59.00,283.00,169.00,187.00,169.00
190.00,65.00,286.00,65.00,286.00,176.00,190.00,176.00
190.00,70.00,285.00,70.00,285.00,186.00,190.00,186.00
192.00,77.00,285.00,77.00,285.00,186.00,192.00,186.00
193.00,82.00,287.00,82.00,287.00,186.00,193.00,186.00
190.00,85.00,284.00,85.00,284.00,186.00,190.00,186.00
191.00,91.00,284.00,91.00,284.00,184.00,191.00,184.00
193.00,94.00,286.00,94.00,286.00,185.00,193.00,185.00
191.00,96.00,293.00,96.00,293.00,189.00,191.00,189.00
188.00,92.00,289.00,92.00,289.00,185.00,188.00,185.00
178.00,112.00,284.00,112.00,284.00,216.00,178.00,216.00
178.00,121.00,280.00,121.00,280.00,223.00,178.00,223.00
175.00,121.00,276.00,121.00,276.00,224.00,175.00,224.00
173.00,118.00,275.00,118.00,275.00,222.00,173.00,222.00
176.00,114.00,278.00,114.00,278.00,221.00,176.00,221.00
177.00,106.00,274.00,106.00,274.00,217.00,177.00,217.00
174.00,114.00,274.00,114.00,274.00,223.00,174.00,223.00
174.00,124.00,275.00,124.00,275.00,227.00,174.00,227.00
172.00,124.00,270.00,124.00,270.00,224.00,172.00,224.00
178.00,136.00,270.00,136.00,270.00,226.00,178.00,226.00
178.00,129.00,268.00,129.00,268.00,217.00,178.00,217.00
174.00,133.00,269.00,133.00,269.00,224.00,174.00,224.00
178.00,137.00,268.00,137.00,268.00,223.00,178.00,223.00
178.00,133.00,268.00,133.00,268.00,218.00,178.00,218.00
176.00,131.00,272.00,131.00,272.00,217.00,176.00,217.00
177.00,134.00,272.00,134.00,272.00,220.00,177.00,220.00
182.00,138.00,273.00,138.00,273.00,223.00,182.00,223.00
186.00,144.00,274.00,144.00,274.00,231.00,186.00,231.00
185.00,150.00,270.00,150.00,270.00,237.00,185.00,237.00
187.00,158.00,271.00,158.00,271.00,244.00,187.00,244.00
192.00,169.00,277.00,169.00,277.00,253.00,192.00,253.00
194.00,176.00,279.00,176.00,279.00,261.00,194.00,261.00
196.00,182.00,282.00,182.00,282.00,269.00,196.00,269.00
199.00,189.00,283.00,189.00,283.00,276.00,199.00,276.00
204.00,202.00,285.00,202.00,285.00,285.00,204.00,285.00
208.00,208.00,292.00,208.00,292.00,291.00,208.00,291.00
215.00,218.00,299.00,218.00,299.00,298.00,215.00,298.00
220.00,223.00,304.00,223.00,304.00,303.00,220.00,303.00
226.00,229.00,310.00,229.00,310.00,308.00,226.00,308.00
231.00,235.00,318.00,235.00,318.00,313.00,231.00,313.00
238.00,236.00,325.00,236.00,325.00,314.00,238.00,314.00
246.00,236.00,336.00,236.00,336.00,317.00,246.00,317.00
254.00,238.00,343.00,238.00,343.00,319.00,254.00,319.00
266.00,242.00,351.00,242.00,351.00,318.00,266.00,318.00
277.00,239.00,361.00,239.00,361.00,316.00,277.00,316.00
286.00,236.00,368.00,236.00,368.00,314.00,286.00,314.00
299.00,224.00,378.00,224.00,378.00,304.00,299.00,304.00
307.00,210.00,385.00,210.00,385.00,290.00,307.00,290.00
319.00,192.00,392.00,192.00,392.00,272.00,319.00,272.00
346.00,172.00,420.00,172.00,420.00,252.00,346.00,252.00
321.00,160.00,395.00,160.00,395.00,245.00,321.00,245.00
324.00,147.00,397.00,147.00,397.00,232.00,324.00,232.00
334.00,126.00,410.00,126.00,410.00,206.00,334.00,206.00
350.00,109.00,429.00,109.00,429.00,190.00,350.00,190.00
366.00,75.00,445.00,75.00,445.00,156.00,366.00,156.00
361.00,63.00,445.00,63.00,445.00,146.00,361.00,146.00
376.00,60.00,465.00,60.00,465.00,144.00,376.00,144.00
391.00,53.00,480.00,53.00,480.00,138.00,391.00,138.00
387.00,43.00,467.00,43.00,467.00,121.00,387.00,121.00
378.00,4.00,455.00,4.00,455.00,84.00,378.00,84.00
380.00,6.00,461.00,6.00,461.00,91.00,380.00,91.00
396.00,3.00,470.00,3.00,470.00,86.00,396.00,86.00
396.00,12.00,480.00,12.00,480.00,102.00,396.00,102.00
397.00,9.00,490.00,9.00,490.00,97.00,397.00,97.00
387.00,7.00,480.00,7.00,480.00,91.00,387.00,91.00
377.00,8.00,471.00,8.00,471.00,90.00,377.00,90.00
370.00,11.00,462.00,11.00,462.00,92.00,370.00,92.00
366.00,14.00,460.00,14.00,460.00,95.00,366.00,95.00
360.00,12.00,453.00,12.00,453.00,90.00,360.00,90.00
357.00,9.00,449.00,9.00,449.00,90.00,357.00,90.00
342.00,19.00,436.00,19.00,436.00,99.00,342.00,99.00
342.00,13.00,431.00,13.00,431.00,97.00,342.00,97.00
330.00,18.00,413.00,18.00,413.00,100.00,330.00,100.00
318.00,23.00,400.00,23.00,400.00,106.00,318.00,106.00
298.00,31.00,381.00,31.00,381.00,114.00,298.00,114.00
285.00,37.00,367.00,37.00,367.00,120.00,285.00,120.00
277.00,39.00,356.00,39.00,356.00,123.00,277.00,123.00
266.00,46.00,349.00,46.00,349.00,131.00,266.00,131.00
258.00,44.00,340.00,44.00,340.00,129.00,258.00,129.00
247.00,46.00,331.00,46.00,331.00,133.00,247.00,133.00
242.00,45.00,322.00,45.00,322.00,131.00,242.00,131.00
235.00,47.00,318.00,47.00,318.00,132.00,235.00,132.00
221.00,58.00,315.00,58.00,315.00,143.00,221.00,143.00
215.00,57.00,306.00,57.00,306.00,143.00,215.00,143.00
212.00,52.00,303.00,52.00,303.00,140.00,212.00,140.00
203.00,57.00,296.00,57.00,296.00,141.00,203.00,141.00
196.00,58.00,292.00,58.00,292.00,143.00,196.00,143.00
190.00,57.00,288.00,57.00,288.00,143.00,190.00,143.00
182.00,58.00,278.00,58.00,278.00,142.00,182.00,142.00
175.00,62.00,269.00,62.00,269.00,143.00,175.00,143.00
169.00,66.00,262.00,66.00,262.00,148.00,169.00,148.00
162.00,66.00,254.00,66.00,254.00,148.00,162.00,148.00
154.00,71.00,247.00,71.00,247.00,151.00,154.00,151.00
139.00,72.00,231.00,72.00,231.00,151.00,139.00,151.00
144.00,76.00,233.00,76.00,233.00,148.00,144.00,148.00
134.00,102.00,223.00,102.00,223.00,187.00,134.00,187.00
126.00,115.00,216.00,115.00,216.00,201.00,126.00,201.00
113.00,126.00,205.00,126.00,205.00,209.00,113.00,209.00
109.00,125.00,203.00,125.00,203.00,211.00,109.00,211.00
106.00,133.00,197.00,133.00,197.00,219.00,106.00,219.00
89.00,125.00,179.00,125.00,179.00,210.00,89.00,210.00
84.00,147.00,177.00,147.00,177.00,238.00,84.00,238.00
75.00,146.00,165.00,146.00,165.00,235.00,75.00,235.00
75.00,152.00,167.00,152.00,167.00,242.00,75.00,242.00
75.00,156.00,165.00,156.00,165.00,248.00,75.00,248.00
69.00,158.00,166.00,158.00,166.00,249.00,69.00,249.00
72.00,151.00,163.00,151.00,163.00,239.00,72.00,239.00
74.00,134.00,162.00,134.00,162.00,225.00,74.00,225.00
77.00,127.00,166.00,127.00,166.00,217.00,77.00,217.00
85.00,117.00,175.00,117.00,175.00,206.00,85.00,206.00
95.00,111.00,187.00,111.00,187.00,198.00,95.00,198.00
109.00,110.00,201.00,110.00,201.00,194.00,109.00,194.00
118.00,106.00,207.00,106.00,207.00,186.00,118.00,186.00
135.00,101.00,223.00,101.00,223.00,180.00,135.00,180.00
151.00,92.00,236.00,92.00,236.00,171.00,151.00,171.00
158.00,87.00,244.00,87.00,244.00,165.00,158.00,165.00
169.00,88.00,256.00,88.00,256.00,167.00,169.00,167.00
183.00,91.00,265.00,91.00,265.00,168.00,183.00,168.00
188.00,94.00,270.00,94.00,270.00,172.00,188.00,172.00
191.00,92.00,274.00,92.00,274.00,173.00,191.00,173.00
190.00,96.00,271.00,96.00,271.00,178.00,190.00,178.00
193.00,106.00,274.00,106.00,274.00,189.00,193.00,189.00
196.00,112.00,276.00,112.00,276.00,194.00,196.00,194.00
201.00,123.00,279.00,123.00,279.00,203.00,201.00,203.00
203.00,128.00,280.00,128.00,280.00,208.00,203.00,208.00
203.00,130.00,280.00,130.00,280.00,207.00,203.00,207.00
200.00,132.00,277.00,132.00,277.00,208.00,200.00,208.00
198.00,137.00,274.00,137.00,274.00,213.00,198.00,213.00
199.00,141.00,270.00,141.00,270.00,218.00,199.00,218.00
200.00,147.00,270.00,147.00,270.00,225.00,200.00,225.00
201.00,155.00,271.00,155.00,271.00,230.00,201.00,230.00
204.00,161.00,273.00,161.00,273.00,236.00,204.00,236.00
206.00,164.00,276.00,164.00,276.00,241.00,206.00,241.00
205.00,168.00,275.00,168.00,275.00,242.00,205.00,242.00
205.00,172.00,276.00,172.00,276.00,246.00,205.00,246.00
205.00,174.00,278.00,174.00,278.00,247.00,205.00,247.00
206.00,177.00,278.00,177.00,278.00,250.00,206.00,250.00
208.00,179.00,280.00,179.00,280.00,251.00,208.00,251.00
212.00,181.00,285.00,181.00,285.00,253.00,212.00,253.00
214.00,185.00,287.00,185.00,287.00,255.00,214.00,255.00
219.00,187.00,291.00,187.00,291.00,255.00,219.00,255.00
219.00,186.00,289.00,186.00,289.00,253.00,219.00,253.00
215.00,183.00,286.00,183.00,286.00,250.00,215.00,250.00
217.00,180.00,287.00,180.00,287.00,248.00,217.00,248.00
222.00,179.00,293.00,179.00,293.00,248.00,222.00,248.00
