1
101.00,59.00,236.00,59.00,236.00,193.00,101.00,193.00
99.00,50.00,235.00,50.00,235.00,194.00,99.00,194.00
98.00,41.00,235.00,41.00,235.00,186.00,98.00,186.00
97.00,34.00,232.00,34.00,232.00,167.00,97.00,167.00
97.00,25.00,229.00,25.00,229.00,149.00,97.00,149.00
99.00,22.00,227.00,22.00,227.00,138.00,99.00,138.00
116.00,9.00,237.00,9.00,237.00,125.00,116.00,125.00
118.00,11.00,235.00,11.00,235.00,126.00,118.00,126.00
126.00,9.00,239.00,9.00,239.00,124.00,126.00,124.00
133.00,7.00,245.00,7.00,245.00,124.00,133.00,124.00
143.00,11.00,253.00,11.00,253.00,126.00,143.00,126.00
152.00,9.00,256.00,9.00,256.00,125.00,152.00,125.00
159.00,9.00,262.00,9.00,262.00,127.00,159.00,127.00
164.00,19.00,271.00,19.00,271.00,135.00,164.00,135.00
166.00,25.00,270.00,25.00,270.00,143.00,166.00,143.00
170.00,33.00,276.00,33.00,276.00,151.00,170.00,151.00
174.00,41.00,279.00,41.00,279.00,160.00,174.00,160.00
179.00,51.00,286.00,51.00,286.00,166.00,179.00,166.00
184.00,58.00,289.00,58.00,289.00,173.00,184.00,173.00
186.00,65.00,289.00,65.00,289.00,185.00,186.00,185.00
187.00,70.00,288.00,70.00,288.00,187.00,187.00,187.00
189.00,77.00,289.00,77.00,289.00,189.00,189.00,189.00
192.00,82.00,292.00,82.00,292.00,187.00,192.00,187.00
191.00,85.00,287.00,85.00,287.00,187.00,191.00,187.00
190.00,91.00,286.00,91.00,286.00,186.00,190.00,186.00
193.00,97.00,288.00,97.00,288.00,190.00,193.00,190.00
193.00,93.00,290.00,93.00,290.00,186.00,193.00,186.00
184.00,91.00,290.00,91.00,290.00,187.00,184.00,187.00
178.00,111.00,286.00,111.00,286.00,218.00,178.00,218.00
174.00,121.00,279.00,121.00,279.00,230.00,174.00,230.00
173.00,120.00,277.00,120.00,277.00,229.00,173.00,229.00
170.00,120.00,274.00,120.00,274.00,224.00,170.00,224.00
176.00,113.00,281.00,113.00,281.00,218.00,176.00,218.00
178.00,104.00,277.00,104.00,277.00,213.00,178.00,213.00
172.00,116.00,275.00,116.00,275.00,224.00,172.00,224.00
171.00,122.00,275.00,122.00,275.00,225.00,171.00,225.00
173.00,115.00,272.00,115.00,272.00,222.00,173.00,222.00
174.00,129.00,271.00,129.00,271.00,222.00,174.00,222.00
173.00,128.00,267.00,128.00,267.00,218.00,173.00,218.00
174.00,136.00,277.00,136.00,277.00,232.00,174.00,232.00
175.00,138.00,274.00,138.00,274.00,230.00,175.00,230.00
176.00,129.00,273.00,129.00,273.00,217.00,176.00,217.00
174.00,133.00,276.00,133.00,276.00,221.00,174.00,221.00
175.00,133.00,277.00,133.00,277.00,222.00,175.00,222.00
177.00,135.00,278.00,135.00,278.00,226.00,177.00,226.00
179.00,139.00,278.00,139.00,278.00,235.00,179.00,235.00
182.00,147.00,279.00,147.00,279.00,244.00,182.00,244.00
183.00,155.00,281.00,155.00,281.00,252.00,183.00,252.00
185.00,164.00,282.00,164.00,282.00,258.00,185.00,258.00
187.00,170.00,284.00,170.00,284.00,263.00,187.00,263.00
191.00,178.00,286.00,178.00,286.00,271.00,191.00,271.00
194.00,186.00,288.00,186.00,288.00,281.00,194.00,281.00
201.00,197.00,293.00,197.00,293.00,288.00,201.00,288.00
202.00,205.00,296.00,205.00,296.00,294.00,202.00,294.00
208.00,212.00,303.00,212.00,303.00,300.00,208.00,300.00
214.00,220.00,310.00,220.00,310.00,306.00,214.00,306.00
222.00,224.00,315.00,224.00,315.00,308.00,222.00,308.00
230.00,231.00,324.00,231.00,324.00,312.00,230.00,312.00
237.00,236.00,333.00,236.00,333.00,317.00,237.00,317.00
245.00,241.00,345.00,241.00,345.00,322.00,245.00,322.00
250.00,236.00,348.00,236.00,348.00,321.00,250.00,321.00
261.00,238.00,356.00,238.00,356.00,320.00,261.00,320.00
274.00,238.00,370.00,238.00,370.00,317.00,274.00,317.00
284.00,234.00,375.00,234.00,375.00,315.00,284.00,315.00
296.00,223.00,383.00,223.00,383.00,303.00,296.00,303.00
305.00,210.00,390.00,210.00,390.00,293.00,305.00,293.00
316.00,192.00,396.00,192.00,396.00,276.00,316.00,276.00
327.00,173.00,409.00,173.00,409.00,258.00,327.00,258.00
319.00,159.00,400.00,159.00,400.00,247.00,319.00,247.00
329.00,144.00,408.00,144.00,408.00,230.00,329.00,230.00
330.00,128.00,412.00,128.00,412.00,213.00,330.00,213.00
342.00,113.00,427.00,113.00,427.00,197.00,342.00,197.00
356.00,78.00,438.00,78.00,438.00,167.00,356.00,167.00
357.00,58.00,445.00,58.00,445.00,146.00,357.00,146.00
364.00,56.00,455.00,56.00,455.00,143.00,364.00,143.00
387.00,53.00,476.00,53.00,476.00,141.00,387.00,141.00
388.00,41.00,470.00,41.00,470.00,121.00,388.00,121.00
373.00,1.00,453.00,1.00,453.00,85.00,373.00,85.00
379.00,5.00,462.00,5.00,462.00,93.00,379.00,93.00
391.00,2.00,470.00,2.00,470.00,88.00,391.00,88.00
395.00,10.00,484.00,10.00,484.00,105.00,395.00,105.00
392.00,8.00,488.00,8.00,488.00,100.00,392.00,100.00
386.00,7.00,486.00,7.00,486.00,95.00,386.00,95.00
377.00,7.00,479.00,7.00,479.00,93.00,377.00,93.00
370.00,9.00,468.00,9.00,468.00,95.00,370.00,95.00
360.00,10.00,463.00,10.00,463.00,96.00,360.00,96.00
348.00,14.00,453.00,14.00,453.00,103.00,348.00,103.00
340.00,17.00,446.00,17.00,446.00,106.00,340.00,106.00
327.00,21.00,431.00,21.00,431.00,106.00,327.00,106.00
319.00,21.00,424.00,21.00,424.00,108.00,319.00,108.00
311.00,21.00,413.00,21.00,413.00,110.00,311.00,110.00
297.00,25.00,398.00,25.00,398.00,115.00,297.00,115.00
284.00,32.00,385.00,32.00,385.00,124.00,284.00,124.00
270.00,37.00,370.00,37.00,370.00,129.00,270.00,129.00
263.00,38.00,363.00,38.00,363.00,135.00,263.00,135.00
253.00,44.00,356.00,44.00,356.00,140.00,253.00,140.00
245.00,39.00,346.00,39.00,346.00,138.00,245.00,138.00
239.00,38.00,339.00,38.00,339.00,139.00,239.00,139.00
233.00,43.00,332.00,43.00,332.00,141.00,233.00,141.00
229.00,43.00,328.00,43.00,328.00,141.00,229.00,141.00
217.00,48.00,317.00,48.00,317.00,145.00,217.00,145.00
211.00,47.00,314.00,47.00,314.00,145.00,211.00,145.00
206.00,50.00,312.00,50.00,312.00,146.00,206.00,146.00
199.00,52.00,302.00,52.00,302.00,148.00,199.00,148.00
192.00,52.00,297.00,52.00,297.00,149.00,192.00,149.00
184.00,50.00,290.00,50.00,290.00,148.00,184.00,148.00
176.00,54.00,287.00,54.00,287.00,147.00,176.00,147.00
167.00,57.00,281.00,57.00,281.00,149.00,167.00,149.00
159.00,60.00,273.00,60.00,273.00,151.00,159.00,151.00
151.00,62.00,263.00,62.00,263.00,155.00,151.00,155.00
146.00,67.00,257.00,67.00,257.00,155.00,146.00,155.00
130.00,69.00,237.00,69.00,237.00,155.00,130.00,155.00
122.00,80.00,223.00,80.00,223.00,167.00,122.00,167.00
127.00,94.00,220.00,94.00,220.00,182.00,127.00,182.00
121.00,106.00,216.00,106.00,216.00,199.00,121.00,199.00
109.00,116.00,209.00,116.00,209.00,211.00,109.00,211.00
104.00,122.00,204.00,122.00,204.00,218.00,104.00,218.00
93.00,124.00,191.00,124.00,191.00,219.00,93.00,219.00
70.00,125.00,170.00,125.00,170.00,220.00,70.00,220.00
73.00,131.00,176.00,131.00,176.00,238.00,73.00,238.00
71.00,135.00,168.00,135.00,168.00,239.00,71.00,239.00
73.00,137.00,169.00,137.00,169.00,242.00,73.00,242.00
66.00,151.00,165.00,151.00,165.00,256.00,66.00,256.00
61.00,151.00,168.00,151.00,168.00,256.00,61.00,256.00
60.00,142.00,169.00,142.00,169.00,246.00,60.00,246.00
62.00,127.00,168.00,127.00,168.00,232.00,62.00,232.00
68.00,118.00,169.00,118.00,169.00,217.00,68.00,217.00
77.00,113.00,179.00,113.00,179.00,209.00,77.00,209.00
86.00,108.00,193.00,108.00,193.00,200.00,86.00,200.00
102.00,108.00,210.00,108.00,210.00,196.00,102.00,196.00
118.00,106.00,219.00,106.00,219.00,189.00,118.00,189.00
130.00,98.00,229.00,98.00,229.00,181.00,130.00,181.00
143.00,95.00,240.00,95.00,240.00,174.00,143.00,174.00
151.00,88.00,246.00,88.00,246.00,168.00,151.00,168.00
164.00,86.00,257.00,86.00,257.00,166.00,164.00,166.00
177.00,89.00,270.00,89.00,270.00,170.00,177.00,170.00
183.00,89.00,275.00,89.00,275.00,172.00,183.00,172.00
186.00,94.00,279.00,94.00,279.00,180.00,186.00,180.00
188.00,99.00,279.00,99.00,279.00,186.00,188.00,186.00
186.00,101.00,276.00,101.00,276.00,187.00,186.00,187.00
192.00,111.00,280.00,111.00,280.00,197.00,192.00,197.00
195.00,120.00,282.00,120.00,282.00,204.00,195.00,204.00
197.00,124.00,283.00,124.00,283.00,208.00,197.00,208.00
198.00,129.00,283.00,129.00,283.00,212.00,198.00,212.00
194.00,133.00,279.00,133.00,279.00,213.00,194.00,213.00
194.00,135.00,278.00,135.00,278.00,215.00,194.00,215.00
195.00,140.00,275.00,140.00,275.00,221.00,195.00,221.00
196.00,145.00,275.00,145.00,275.00,225.00,196.00,225.00
198.00,153.00,278.00,153.00,278.00,234.00,198.00,234.00
200.00,158.00,280.00,158.00,280.00,238.00,200.00,238.00
201.00,164.00,280.00,164.00,280.00,242.00,201.00,242.00
200.00,167.00,281.00,167.00,281.00,245.00,200.00,245.00
200.00,168.00,282.00,168.00,282.00,246.00,200.00,246.00
199.00,172.00,282.00,172.00,282.00,250.00,199.00,250.00
200.00,178.00,283.00,178.00,283.00,253.00,200.00,253.00
201.00,178.00,285.00,178.00,285.00,253.00,201.00,253.00
206.00,182.00,290.00,182.00,290.00,256.00,206.00,256.00
209.00,184.00,292.00,184.00,292.00,257.00,209.00,257.00
210.00,184.00,292.00,184.00,292.00,256.00,210.00,256.00
210.00,182.00,292.00,182.00,292.00,253.00,210.00,253.00
210.00,182.00,293.00,182.00,293.00,252.00,210.00,252.00
213.00,182.00,295.00,182.00,295.00,251.00,213.00,251.00
214.00,179.00,297.00,179.00,297.00,249.00,214.00,249.00
