1
101.00,59.00,236.00,59.00,236.00,194.00,101.00,194.00
99.00,50.00,233.00,50.00,233.00,194.00,99.00,194.00
99.00,39.00,234.00,39.00,234.00,188.00,99.00,188.00
99.00,34.00,229.00,34.00,229.00,173.00,99.00,173.00
99.00,27.00,228.00,27.00,228.00,152.00,99.00,152.00
105.00,18.00,230.00,18.00,230.00,142.00,105.00,142.00
108.00,6.00,236.00,6.00,236.00,129.00,108.00,129.00
120.00,5.00,236.00,5.00,236.00,125.00,120.00,125.00
128.00,5.00,247.00,5.00,247.00,126.00,128.00,126.00
135.00,6.00,253.00,6.00,253.00,128.00,135.00,128.00
142.00,1.00,257.00,1.00,257.00,122.00,142.00,122.00
149.00,6.00,265.00,6.00,265.00,128.00,149.00,128.00
158.00,10.00,275.00,10.00,275.00,130.00,158.00,130.00
162.00,15.00,277.00,15.00,277.00,137.00,162.00,137.00
166.00,23.00,279.00,23.00,279.00,148.00,166.00,148.00
170.00,33.00,284.00,33.00,284.00,160.00,170.00,160.00
174.00,41.00,284.00,41.00,284.00,168.00,174.00,168.00
177.00,49.00,285.00,49.00,285.00,175.00,177.00,175.00
182.00,56.00,291.00,56.00,291.00,180.00,182.00,180.00
186.00,63.00,290.00,63.00,290.00,180.00,186.00,180.00
185.00,69.00,287.00,69.00,287.00,189.00,185.00,189.00
187.00,76.00,291.00,76.00,291.00,190.00,187.00,190.00
189.00,81.00,293.00,81.00,293.00,189.00,189.00,189.00
189.00,83.00,292.00,83.00,292.00,188.00,189.00,188.00
187.00,87.00,292.00,87.00,292.00,187.00,187.00,187.00
192.00,91.00,292.00,91.00,292.00,187.00,192.00,187.00
189.00,94.00,295.00,94.00,295.00,191.00,189.00,191.00
181.00,96.00,291.00,96.00,291.00,195.00,181.00,195.00
176.00,114.00,290.00,114.00,290.00,221.00,176.00,221.00
170.00,115.00,283.00,115.00,283.00,222.00,170.00,222.00
171.00,117.00,283.00,117.00,283.00,224.00,171.00,224.00
169.00,117.00,278.00,117.00,278.00,222.00,169.00,222.00
172.00,111.00,279.00,111.00,279.00,221.00,172.00,221.00
173.00,107.00,278.00,107.00,278.00,217.00,173.00,217.00
171.00,117.00,278.00,117.00,278.00,226.00,171.00,226.00
166.00,118.00,275.00,118.00,275.00,226.00,166.00,226.00
171.00,118.00,275.00,118.00,275.00,224.00,171.00,224.00
175.00,118.00,278.00,118.00,278.00,224.00,175.00,224.00
173.00,126.00,272.00,126.00,272.00,221.00,173.00,221.00
170.00,131.00,279.00,131.00,279.00,231.00,170.00,231.00
169.00,130.00,279.00,130.00,279.00,225.00,169.00,225.00
171.00,130.00,283.00,130.00,283.00,223.00,171.00,223.00
169.00,129.00,281.00,129.00,281.00,221.00,169.00,221.00
170.00,129.00,284.00,129.00,284.00,222.00,170.00,222.00
172.00,132.00,283.00,132.00,283.00,226.00,172.00,226.00
178.00,138.00,281.00,138.00,281.00,237.00,178.00,237.00
177.00,144.00,280.00,144.00,280.00,243.00,177.00,243.00
178.00,152.00,281.00,152.00,281.00,251.00,178.00,251.00
179.00,160.00,282.00,160.00,282.00,257.00,179.00,257.00
182.00,170.00,284.00,170.00,284.00,265.00,182.00,265.00
185.00,178.00,288.00,178.00,288.00,274.00,185.00,274.00
193.00,181.00,297.00,181.00,297.00,281.00,193.00,281.00
190.00,192.00,297.00,192.00,297.00,290.00,190.00,290.00
195.00,200.00,301.00,200.00,301.00,296.00,195.00,296.00
201.00,207.00,308.00,207.00,308.00,301.00,201.00,301.00
209.00,216.00,316.00,216.00,316.00,308.00,209.00,308.00
215.00,225.00,320.00,225.00,320.00,314.00,215.00,314.00
219.00,230.00,329.00,230.00,329.00,317.00,219.00,317.00
231.00,234.00,337.00,234.00,337.00,319.00,231.00,319.00
238.00,234.00,347.00,234.00,347.00,320.00,238.00,320.00
247.00,230.00,354.00,230.00,354.00,320.00,247.00,320.00
256.00,234.00,359.00,234.00,359.00,320.00,256.00,320.00
270.00,231.00,375.00,231.00,375.00,317.00,270.00,317.00
282.00,229.00,379.00,229.00,379.00,316.00,282.00,316.00
289.00,218.00,382.00,218.00,382.00,307.00,289.00,307.00
297.00,205.00,392.00,205.00,392.00,296.00,297.00,296.00
305.00,186.00,397.00,186.00,397.00,278.00,305.00,278.00
312.00,169.00,403.00,169.00,403.00,263.00,312.00,263.00
312.00,153.00,400.00,153.00,400.00,250.00,312.00,250.00
316.00,140.00,407.00,140.00,407.00,235.00,316.00,235.00
325.00,107.00,420.00,107.00,420.00,198.00,325.00,198.00
337.00,100.00,435.00,100.00,435.00,199.00,337.00,199.00
357.00,61.00,449.00,61.00,449.00,162.00,357.00,162.00
349.00,48.00,449.00,48.00,449.00,144.00,349.00,144.00
342.00,44.00,450.00,44.00,450.00,143.00,342.00,143.00
352.00,48.00,460.00,48.00,460.00,145.00,352.00,145.00
362.00,5.00,447.00,5.00,447.00,104.00,362.00,104.00
362.00,-3.00,454.00,-3.00,454.00,97.00,362.00,97.00
370.00,-6.00,466.00,-6.00,466.00,94.00,370.00,94.00
367.00,-7.00,464.00,-7.00,464.00,97.00,367.00,97.00
394.00,7.00,490.00,7.00,490.00,105.00,394.00,105.00
389.00,6.00,489.00,6.00,489.00,103.00,389.00,103.00
381.00,6.00,484.00,6.00,484.00,99.00,381.00,99.00
374.00,4.00,484.00,4.00,484.00,97.00,374.00,97.00
369.00,6.00,477.00,6.00,477.00,102.00,369.00,102.00
360.00,7.00,470.00,7.00,470.00,94.00,360.00,94.00
349.00,10.00,460.00,10.00,460.00,102.00,349.00,102.00
338.00,15.00,447.00,15.00,447.00,101.00,338.00,101.00
327.00,18.00,437.00,18.00,437.00,106.00,327.00,106.00
319.00,14.00,426.00,14.00,426.00,104.00,319.00,104.00
309.00,15.00,414.00,15.00,414.00,107.00,309.00,107.00
294.00,24.00,398.00,24.00,398.00,117.00,294.00,117.00
281.00,29.00,387.00,29.00,387.00,126.00,281.00,126.00
266.00,34.00,370.00,34.00,370.00,130.00,266.00,130.00
258.00,37.00,360.00,37.00,360.00,134.00,258.00,134.00
255.00,40.00,358.00,40.00,358.00,140.00,255.00,140.00
241.00,42.00,348.00,42.00,348.00,143.00,241.00,143.00
235.00,41.00,342.00,41.00,342.00,142.00,235.00,142.00
229.00,39.00,333.00,39.00,333.00,142.00,229.00,142.00
225.00,41.00,331.00,41.00,331.00,145.00,225.00,145.00
217.00,41.00,324.00,41.00,324.00,144.00,217.00,144.00
208.00,44.00,319.00,44.00,319.00,149.00,208.00,149.00
201.00,43.00,311.00,43.00,311.00,149.00,201.00,149.00
197.00,43.00,308.00,43.00,308.00,142.00,197.00,142.00
189.00,46.00,300.00,46.00,300.00,148.00,189.00,148.00
181.00,47.00,292.00,47.00,292.00,150.00,181.00,150.00
171.00,50.00,289.00,50.00,289.00,152.00,171.00,152.00
163.00,54.00,281.00,54.00,281.00,154.00,163.00,154.00
156.00,58.00,271.00,58.00,271.00,159.00,156.00,159.00
149.00,60.00,263.00,60.00,263.00,160.00,149.00,160.00
142.00,64.00,253.00,64.00,253.00,158.00,142.00,158.00
127.00,70.00,237.00,70.00,237.00,164.00,127.00,164.00
117.00,77.00,229.00,77.00,229.00,171.00,117.00,171.00
113.00,83.00,225.00,83.00,225.00,183.00,113.00,183.00
109.00,89.00,226.00,89.00,226.00,190.00,109.00,190.00
91.00,102.00,222.00,102.00,222.00,211.00,91.00,211.00
83.00,103.00,217.00,103.00,217.00,211.00,83.00,211.00
76.00,108.00,204.00,108.00,204.00,221.00,76.00,221.00
61.00,115.00,191.00,115.00,191.00,230.00,61.00,230.00
51.00,118.00,191.00,118.00,191.00,243.00,51.00,243.00
56.00,122.00,179.00,122.00,179.00,242.00,56.00,242.00
55.00,129.00,172.00,129.00,172.00,247.00,55.00,247.00
49.00,143.00,174.00,143.00,174.00,260.00,49.00,260.00
49.00,148.00,174.00,148.00,174.00,259.00,49.00,259.00
50.00,134.00,177.00,134.00,177.00,248.00,50.00,248.00
55.00,125.00,179.00,125.00,179.00,237.00,55.00,237.00
61.00,114.00,183.00,114.00,183.00,222.00,61.00,222.00
69.00,102.00,191.00,102.00,191.00,211.00,69.00,211.00
78.00,97.00,205.00,97.00,205.00,204.00,78.00,204.00
90.00,96.00,217.00,96.00,217.00,199.00,90.00,199.00
107.00,90.00,232.00,90.00,232.00,195.00,107.00,195.00
113.00,85.00,237.00,85.00,237.00,186.00,113.00,186.00
135.00,85.00,252.00,85.00,252.00,182.00,135.00,182.00
142.00,80.00,258.00,80.00,258.00,174.00,142.00,174.00
153.00,81.00,263.00,81.00,263.00,176.00,153.00,176.00
168.00,81.00,278.00,81.00,278.00,176.00,168.00,176.00
174.00,81.00,282.00,81.00,282.00,178.00,174.00,178.00
181.00,86.00,286.00,86.00,286.00,183.00,181.00,183.00
182.00,90.00,284.00,90.00,284.00,185.00,182.00,185.00
185.00,99.00,285.00,99.00,285.00,192.00,185.00,192.00
188.00,108.00,285.00,108.00,285.00,202.00,188.00,202.00
190.00,117.00,283.00,117.00,283.00,208.00,190.00,208.00
194.00,121.00,286.00,121.00,286.00,209.00,194.00,209.00
190.00,123.00,283.00,123.00,283.00,209.00,190.00,209.00
194.00,130.00,285.00,130.00,285.00,214.00,194.00,214.00
192.00,133.00,282.00,133.00,282.00,216.00,192.00,216.00
193.00,138.00,277.00,138.00,277.00,223.00,193.00,223.00
193.00,138.00,278.00,138.00,278.00,225.00,193.00,225.00
198.00,151.00,279.00,151.00,279.00,238.00,198.00,238.00
197.00,155.00,280.00,155.00,280.00,241.00,197.00,241.00
199.00,157.00,284.00,157.00,284.00,244.00,199.00,244.00
201.00,162.00,285.00,162.00,285.00,247.00,201.00,247.00
198.00,166.00,283.00,166.00,283.00,250.00,198.00,250.00
194.00,167.00,283.00,167.00,283.00,251.00,194.00,251.00
198.00,171.00,286.00,171.00,286.00,255.00,198.00,255.00
203.00,174.00,289.00,174.00,289.00,256.00,203.00,256.00
205.00,179.00,291.00,179.00,291.00,259.00,205.00,259.00
210.00,183.00,296.00,183.00,296.00,261.00,210.00,261.00
207.00,180.00,295.00,180.00,295.00,258.00,207.00,258.00
208.00,179.00,294.00,179.00,294.00,256.00,208.00,256.00
207.00,177.00,293.00,177.00,293.00,254.00,207.00,254.00
209.00,175.00,298.00,175.00,298.00,252.00,209.00,252.00
212.00,175.00,301.00,175.00,301.00,251.00,212.00,251.00
