1
101.00,59.00,237.00,59.00,237.00,193.00,101.00,193.00
97.00,49.00,236.00,49.00,236.00,193.00,97.00,193.00
96.00,41.00,236.00,41.00,236.00,191.00,96.00,191.00
95.00,33.00,237.00,33.00,237.00,177.00,95.00,177.00
97.00,28.00,235.00,28.00,235.00,157.00,97.00,157.00
104.00,17.00,232.00,17.00,232.00,135.00,104.00,135.00
107.00,7.00,238.00,7.00,238.00,132.00,107.00,132.00
119.00,9.00,242.00,9.00,242.00,132.00,119.00,132.00
127.00,9.00,245.00,9.00,245.00,130.00,127.00,130.00
131.00,2.00,248.00,2.00,248.00,125.00,131.00,125.00
142.00,5.00,258.00,5.00,258.00,130.00,142.00,130.00
148.00,5.00,259.00,5.00,259.00,129.00,148.00,129.00
159.00,11.00,267.00,11.00,267.00,133.00,159.00,133.00
165.00,18.00,274.00,18.00,274.00,137.00,165.00,137.00
167.00,29.00,277.00,29.00,277.00,153.00,167.00,153.00
170.00,33.00,277.00,33.00,277.00,156.00,170.00,156.00
176.00,43.00,283.00,43.00,283.00,166.00,176.00,166.00
178.00,50.00,287.00,50.00,287.00,175.00,178.00,175.00
183.00,57.00,290.00,57.00,290.00,181.00,183.00,181.00
185.00,64.00,291.00,64.00,291.00,188.00,185.00,188.00
187.00,71.00,288.00,71.00,288.00,190.00,187.00,190.00
189.00,78.00,287.00,78.00,287.00,191.00,189.00,191.00
191.00,81.00,293.00,81.00,293.00,190.00,191.00,190.00
190.00,84.00,289.00,84.00,289.00,188.00,190.00,188.00
189.00,87.00,290.00,87.00,290.00,191.00,189.00,191.00
188.00,92.00,289.00,92.00,289.00,189.00,188.00,189.00
186.00,96.00,292.00,96.00,292.00,200.00,186.00,200.00
180.00,96.00,292.00,96.00,292.00,199.00,180.00,199.00
168.00,106.00,286.00,106.00,286.00,217.00,168.00,217.00
169.00,119.00,281.00,119.00,281.00,236.00,169.00,236.00
169.00,115.00,280.00,115.00,280.00,223.00,169.00,223.00
167.00,115.00,280.00,115.00,280.00,222.00,167.00,222.00
172.00,108.00,284.00,108.00,284.00,219.00,172.00,219.00
174.00,102.00,283.00,102.00,283.00,214.00,174.00,214.00
172.00,119.00,280.00,119.00,280.00,222.00,172.00,222.00
165.00,118.00,274.00,118.00,274.00,226.00,165.00,226.00
170.00,117.00,276.00,117.00,276.00,223.00,170.00,223.00
173.00,125.00,279.00,125.00,279.00,226.00,173.00,226.00
169.00,123.00,275.00,123.00,275.00,226.00,169.00,226.00
170.00,125.00,281.00,125.00,281.00,227.00,170.00,227.00
169.00,132.00,277.00,132.00,277.00,226.00,169.00,226.00
173.00,133.00,280.00,133.00,280.00,224.00,173.00,224.00
172.00,128.00,280.00,128.00,280.00,219.00,172.00,219.00
170.00,128.00,280.00,128.00,280.00,220.00,170.00,220.00
176.00,134.00,280.00,134.00,280.00,226.00,176.00,226.00
179.00,140.00,278.00,140.00,278.00,234.00,179.00,234.00
181.00,147.00,278.00,147.00,278.00,240.00,181.00,240.00
182.00,156.00,279.00,156.00,279.00,250.00,182.00,250.00
188.00,168.00,282.00,168.00,282.00,260.00,188.00,260.00
187.00,174.00,285.00,174.00,285.00,265.00,187.00,265.00
187.00,180.00,286.00,180.00,286.00,271.00,187.00,271.00
192.00,187.00,291.00,187.00,291.00,279.00,192.00,279.00
200.00,198.00,296.00,198.00,296.00,288.00,200.00,288.00
198.00,203.00,298.00,203.00,298.00,294.00,198.00,294.00
207.00,213.00,306.00,213.00,306.00,301.00,207.00,301.00
214.00,217.00,313.00,217.00,313.00,306.00,214.00,306.00
221.00,225.00,317.00,225.00,317.00,309.00,221.00,309.00
229.00,230.00,327.00,230.00,327.00,314.00,229.00,314.00
237.00,237.00,336.00,237.00,336.00,319.00,237.00,319.00
244.00,236.00,343.00,236.00,343.00,319.00,244.00,319.00
248.00,235.00,348.00,235.00,348.00,322.00,248.00,322.00
263.00,234.00,359.00,234.00,359.00,319.00,263.00,319.00
274.00,235.00,372.00,235.00,372.00,318.00,274.00,318.00
282.00,230.00,375.00,230.00,375.00,316.00,282.00,316.00
293.00,224.00,382.00,224.00,382.00,311.00,293.00,311.00
302.00,207.00,391.00,207.00,391.00,297.00,302.00,297.00
313.00,189.00,394.00,189.00,394.00,279.00,313.00,279.00
317.00,172.00,399.00,172.00,399.00,262.00,317.00,262.00
316.00,155.00,393.00,155.00,393.00,248.00,316.00,248.00
322.00,144.00,400.00,144.00,400.00,234.00,322.00,234.00
331.00,122.00,411.00,122.00,411.00,210.00,331.00,210.00
345.00,102.00,431.00,102.00,431.00,193.00,345.00,193.00
355.00,67.00,440.00,67.00,440.00,162.00,355.00,162.00
355.00,56.00,445.00,56.00,445.00,149.00,355.00,149.00
346.00,53.00,442.00,53.00,442.00,144.00,346.00,144.00
377.00,50.00,473.00,50.00,473.00,144.00,377.00,144.00
376.00,26.00,462.00,26.00,462.00,115.00,376.00,115.00
373.00,-0.00,456.00,-0.00,456.00,93.00,373.00,93.00
373.00,-3.00,458.00,-3.00,458.00,94.00,373.00,94.00
384.00,-0.00,464.00,-0.00,464.00,95.00,384.00,95.00
394.00,9.00,484.00,9.00,484.00,111.00,394.00,111.00
390.00,7.00,486.00,7.00,486.00,105.00,390.00,105.00
381.00,7.00,480.00,7.00,480.00,105.00,381.00,105.00
374.00,6.00,482.00,6.00,482.00,102.00,374.00,102.00
367.00,5.00,477.00,5.00,477.00,102.00,367.00,102.00
359.00,7.00,470.00,7.00,470.00,102.00,359.00,102.00
346.00,12.00,458.00,12.00,458.00,106.00,346.00,106.00
335.00,17.00,446.00,17.00,446.00,110.00,335.00,110.00
326.00,21.00,436.00,21.00,436.00,112.00,326.00,112.00
320.00,15.00,429.00,15.00,429.00,111.00,320.00,111.00
307.00,18.00,414.00,18.00,414.00,114.00,307.00,114.00
299.00,21.00,403.00,21.00,403.00,120.00,299.00,120.00
282.00,28.00,384.00,28.00,384.00,126.00,282.00,126.00
270.00,36.00,374.00,36.00,374.00,136.00,270.00,136.00
261.00,44.00,367.00,44.00,367.00,146.00,261.00,146.00
253.00,44.00,357.00,44.00,357.00,146.00,253.00,146.00
241.00,43.00,347.00,43.00,347.00,146.00,241.00,146.00
239.00,41.00,342.00,41.00,342.00,147.00,239.00,147.00
229.00,45.00,335.00,45.00,335.00,150.00,229.00,150.00
229.00,41.00,331.00,41.00,331.00,146.00,229.00,146.00
217.00,39.00,319.00,39.00,319.00,147.00,217.00,147.00
213.00,43.00,319.00,43.00,319.00,147.00,213.00,147.00
206.00,44.00,311.00,44.00,311.00,147.00,206.00,147.00
198.00,46.00,302.00,46.00,302.00,150.00,198.00,150.00
192.00,49.00,298.00,49.00,298.00,151.00,192.00,151.00
184.00,49.00,293.00,49.00,293.00,152.00,184.00,152.00
175.00,50.00,288.00,50.00,288.00,151.00,175.00,151.00
166.00,56.00,280.00,56.00,280.00,157.00,166.00,157.00
161.00,58.00,275.00,58.00,275.00,156.00,161.00,156.00
151.00,60.00,265.00,60.00,265.00,160.00,151.00,160.00
141.00,64.00,253.00,64.00,253.00,160.00,141.00,160.00
129.00,69.00,238.00,69.00,238.00,163.00,129.00,163.00
117.00,79.00,224.00,79.00,224.00,174.00,117.00,174.00
114.00,86.00,225.00,86.00,225.00,186.00,114.00,186.00
107.00,94.00,224.00,94.00,224.00,199.00,107.00,199.00
102.00,96.00,225.00,96.00,225.00,202.00,102.00,202.00
92.00,108.00,214.00,108.00,214.00,216.00,92.00,216.00
88.00,107.00,202.00,107.00,202.00,216.00,88.00,216.00
72.00,114.00,188.00,114.00,188.00,223.00,72.00,223.00
59.00,125.00,184.00,125.00,184.00,245.00,59.00,245.00
60.00,128.00,176.00,128.00,176.00,243.00,60.00,243.00
64.00,131.00,175.00,131.00,175.00,246.00,64.00,246.00
61.00,152.00,175.00,152.00,175.00,262.00,61.00,262.00
62.00,154.00,179.00,154.00,179.00,258.00,62.00,258.00
53.00,138.00,168.00,138.00,168.00,247.00,53.00,247.00
59.00,126.00,168.00,126.00,168.00,232.00,59.00,232.00
68.00,117.00,176.00,117.00,176.00,220.00,68.00,220.00
74.00,105.00,180.00,105.00,180.00,207.00,74.00,207.00
83.00,106.00,194.00,106.00,194.00,203.00,83.00,203.00
95.00,104.00,207.00,104.00,207.00,198.00,95.00,198.00
106.00,97.00,218.00,97.00,218.00,191.00,106.00,191.00
122.00,95.00,230.00,95.00,230.00,184.00,122.00,184.00
139.00,89.00,244.00,89.00,244.00,176.00,139.00,176.00
149.00,87.00,252.00,87.00,252.00,173.00,149.00,173.00
162.00,83.00,262.00,83.00,262.00,168.00,162.00,168.00
176.00,89.00,273.00,89.00,273.00,172.00,176.00,172.00
181.00,88.00,276.00,88.00,276.00,173.00,181.00,173.00
184.00,91.00,278.00,91.00,278.00,178.00,184.00,178.00
186.00,97.00,277.00,97.00,277.00,184.00,186.00,184.00
186.00,103.00,278.00,103.00,278.00,190.00,186.00,190.00
190.00,111.00,280.00,111.00,280.00,198.00,190.00,198.00
193.00,118.00,282.00,118.00,282.00,204.00,193.00,204.00
197.00,125.00,283.00,125.00,283.00,210.00,197.00,210.00
193.00,123.00,283.00,123.00,283.00,208.00,193.00,208.00
193.00,132.00,281.00,132.00,281.00,213.00,193.00,213.00
192.00,132.00,279.00,132.00,279.00,213.00,192.00,213.00
190.00,136.00,275.00,136.00,275.00,219.00,190.00,219.00
192.00,142.00,277.00,142.00,277.00,226.00,192.00,226.00
194.00,149.00,278.00,149.00,278.00,232.00,194.00,232.00
198.00,156.00,280.00,156.00,280.00,238.00,198.00,238.00
199.00,161.00,282.00,161.00,282.00,243.00,199.00,243.00
201.00,168.00,283.00,168.00,283.00,247.00,201.00,247.00
200.00,168.00,283.00,168.00,283.00,246.00,200.00,246.00
196.00,170.00,280.00,170.00,280.00,248.00,196.00,248.00
198.00,174.00,284.00,174.00,284.00,252.00,198.00,252.00
200.00,178.00,285.00,178.00,285.00,254.00,200.00,254.00
203.00,181.00,291.00,181.00,291.00,258.00,203.00,258.00
209.00,185.00,295.00,185.00,295.00,260.00,209.00,260.00
211.00,181.00,297.00,181.00,297.00,257.00,211.00,257.00
208.00,180.00,295.00,180.00,295.00,255.00,208.00,255.00
209.00,179.00,295.00,179.00,295.00,254.00,209.00,254.00
210.00,177.00,297.00,177.00,297.00,251.00,210.00,251.00
216.00,178.00,302.00,178.00,302.00,251.00,216.00,251.00
