1
103.00,60.00,234.00,60.00,234.00,194.00,103.00,194.00
99.00,52.00,230.00,52.00,230.00,191.00,99.00,191.00
99.00,45.00,228.00,45.00,228.00,189.00,99.00,189.00
99.00,36.00,225.00,36.00,225.00,166.00,99.00,166.00
100.00,30.00,227.00,30.00,227.00,156.00,100.00,156.00
105.00,23.00,228.00,23.00,228.00,144.00,105.00,144.00
113.00,14.00,230.00,14.00,230.00,134.00,113.00,134.00
116.00,1.00,236.00,1.00,236.00,116.00,116.00,116.00
125.00,10.00,235.00,10.00,235.00,127.00,125.00,127.00
136.00,5.00,242.00,5.00,242.00,123.00,136.00,123.00
145.00,10.00,253.00,10.00,253.00,127.00,145.00,127.00
153.00,9.00,259.00,9.00,259.00,126.00,153.00,126.00
161.00,15.00,265.00,15.00,265.00,129.00,161.00,129.00
167.00,19.00,269.00,19.00,269.00,136.00,167.00,136.00
171.00,25.00,269.00,25.00,269.00,142.00,171.00,142.00
174.00,35.00,274.00,35.00,274.00,149.00,174.00,149.00
178.00,45.00,280.00,45.00,280.00,160.00,178.00,160.00
183.00,51.00,282.00,51.00,282.00,165.00,183.00,165.00
188.00,59.00,286.00,59.00,286.00,171.00,188.00,171.00
189.00,65.00,287.00,65.00,287.00,181.00,189.00,181.00
190.00,70.00,283.00,70.00,283.00,188.00,190.00,188.00
192.00,76.00,285.00,76.00,285.00,187.00,192.00,187.00
194.00,80.00,287.00,80.00,287.00,187.00,194.00,187.00
192.00,85.00,287.00,85.00,287.00,190.00,192.00,190.00
193.00,89.00,285.00,89.00,285.00,187.00,193.00,187.00
194.00,95.00,284.00,95.00,284.00,184.00,194.00,184.00
193.00,95.00,292.00,95.00,292.00,189.00,193.00,189.00
187.00,91.00,289.00,91.00,289.00,186.00,187.00,186.00
178.00,114.00,285.00,114.00,285.00,219.00,178.00,219.00
177.00,121.00,282.00,121.00,282.00,226.00,177.00,226.00
177.00,120.00,281.00,120.00,281.00,226.00,177.00,226.00
170.00,119.00,273.00,119.00,273.00,225.00,170.00,225.00
171.00,118.00,274.00,118.00,274.00,225.00,171.00,225.00
180.00,110.00,277.00,110.00,277.00,218.00,180.00,218.00
172.00,123.00,274.00,123.00,274.00,220.00,172.00,220.00
171.00,125.00,274.00,125.00,274.00,226.00,171.00,226.00
176.00,126.00,274.00,126.00,274.00,223.00,176.00,223.00
175.00,128.00,273.00,128.00,273.00,224.00,175.00,224.00
179.00,128.00,273.00,128.00,273.00,217.00,179.00,217.00
171.00,132.00,272.00,132.00,272.00,225.00,171.00,225.00
175.00,139.00,272.00,139.00,272.00,227.00,175.00,227.00
177.00,135.00,276.00,135.00,276.00,222.00,177.00,222.00
173.00,132.00,276.00,132.00,276.00,220.00,173.00,220.00
172.00,134.00,274.00,134.00,274.00,222.00,172.00,222.00
174.00,135.00,275.00,135.00,275.00,225.00,174.00,225.00
180.00,142.00,276.00,142.00,276.00,234.00,180.00,234.00
182.00,149.00,276.00,149.00,276.00,243.00,182.00,243.00
184.00,157.00,278.00,157.00,278.00,250.00,184.00,250.00
186.00,169.00,277.00,169.00,277.00,259.00,186.00,259.00
187.00,174.00,281.00,174.00,281.00,264.00,187.00,264.00
190.00,183.00,283.00,183.00,283.00,273.00,190.00,273.00
197.00,190.00,289.00,190.00,289.00,280.00,197.00,280.00
200.00,197.00,293.00,197.00,293.00,287.00,200.00,287.00
204.00,201.00,299.00,201.00,299.00,292.00,204.00,292.00
206.00,213.00,304.00,213.00,304.00,303.00,206.00,303.00
217.00,219.00,315.00,219.00,315.00,308.00,217.00,308.00
225.00,227.00,320.00,227.00,320.00,312.00,225.00,312.00
227.00,234.00,325.00,234.00,325.00,317.00,227.00,317.00
237.00,239.00,337.00,239.00,337.00,319.00,237.00,319.00
242.00,238.00,343.00,238.00,343.00,321.00,242.00,321.00
249.00,238.00,349.00,238.00,349.00,322.00,249.00,322.00
262.00,238.00,357.00,238.00,357.00,321.00,262.00,321.00
273.00,237.00,368.00,237.00,368.00,319.00,273.00,319.00
285.00,234.00,375.00,234.00,375.00,316.00,285.00,316.00
293.00,223.00,381.00,223.00,381.00,308.00,293.00,308.00
302.00,209.00,388.00,209.00,388.00,296.00,302.00,296.00
314.00,189.00,397.00,189.00,397.00,279.00,314.00,279.00
328.00,174.00,409.00,174.00,409.00,261.00,328.00,261.00
316.00,159.00,396.00,159.00,396.00,249.00,316.00,249.00
322.00,147.00,403.00,147.00,403.00,234.00,322.00,234.00
332.00,125.00,414.00,125.00,414.00,209.00,332.00,209.00
341.00,106.00,428.00,106.00,428.00,192.00,341.00,192.00
355.00,69.00,441.00,69.00,441.00,163.00,355.00,163.00
351.00,52.00,446.00,52.00,446.00,145.00,351.00,145.00
352.00,53.00,450.00,53.00,450.00,144.00,352.00,144.00
361.00,51.00,458.00,51.00,458.00,141.00,361.00,141.00
366.00,20.00,449.00,20.00,449.00,110.00,366.00,110.00
383.00,7.00,462.00,7.00,462.00,95.00,383.00,95.00
378.00,3.00,463.00,3.00,463.00,94.00,378.00,94.00
389.00,-0.00,469.00,-0.00,469.00,93.00,389.00,93.00
394.00,8.00,483.00,8.00,483.00,107.00,394.00,107.00
392.00,8.00,484.00,8.00,484.00,99.00,392.00,99.00
385.00,9.00,479.00,9.00,479.00,97.00,385.00,97.00
377.00,9.00,474.00,9.00,474.00,95.00,377.00,95.00
370.00,11.00,466.00,11.00,466.00,96.00,370.00,96.00
361.00,13.00,456.00,13.00,456.00,94.00,361.00,94.00
350.00,18.00,448.00,18.00,448.00,102.00,350.00,102.00
340.00,23.00,437.00,23.00,437.00,109.00,340.00,109.00
340.00,12.00,437.00,12.00,437.00,98.00,340.00,98.00
333.00,14.00,428.00,14.00,428.00,100.00,333.00,100.00
320.00,16.00,412.00,16.00,412.00,101.00,320.00,101.00
310.00,23.00,401.00,23.00,401.00,111.00,310.00,111.00
290.00,29.00,381.00,29.00,381.00,116.00,290.00,116.00
272.00,41.00,365.00,41.00,365.00,129.00,272.00,129.00
266.00,43.00,357.00,43.00,357.00,134.00,266.00,134.00
256.00,51.00,350.00,51.00,350.00,140.00,256.00,140.00
247.00,50.00,344.00,50.00,344.00,139.00,247.00,139.00
242.00,46.00,338.00,46.00,338.00,138.00,242.00,138.00
231.00,50.00,324.00,50.00,324.00,140.00,231.00,140.00
229.00,51.00,325.00,51.00,325.00,142.00,229.00,142.00
221.00,50.00,315.00,50.00,315.00,142.00,221.00,142.00
213.00,55.00,312.00,55.00,312.00,146.00,213.00,146.00
207.00,52.00,306.00,52.00,306.00,143.00,207.00,143.00
200.00,56.00,303.00,56.00,303.00,146.00,200.00,146.00
193.00,56.00,297.00,56.00,297.00,146.00,193.00,146.00
185.00,54.00,292.00,54.00,292.00,146.00,185.00,146.00
178.00,56.00,287.00,56.00,287.00,145.00,178.00,145.00
170.00,61.00,276.00,61.00,276.00,149.00,170.00,149.00
162.00,63.00,266.00,63.00,266.00,152.00,162.00,152.00
156.00,64.00,259.00,64.00,259.00,152.00,156.00,152.00
147.00,68.00,251.00,68.00,251.00,153.00,147.00,153.00
135.00,71.00,238.00,71.00,238.00,155.00,135.00,155.00
123.00,78.00,223.00,78.00,223.00,161.00,123.00,161.00
120.00,89.00,222.00,89.00,222.00,179.00,120.00,179.00
115.00,103.00,222.00,103.00,222.00,198.00,115.00,198.00
111.00,109.00,218.00,109.00,218.00,202.00,111.00,202.00
98.00,121.00,208.00,121.00,208.00,216.00,98.00,216.00
92.00,117.00,199.00,117.00,199.00,214.00,92.00,214.00
67.00,120.00,176.00,120.00,176.00,217.00,67.00,217.00
65.00,133.00,175.00,133.00,175.00,238.00,65.00,238.00
61.00,134.00,165.00,134.00,165.00,239.00,61.00,239.00
72.00,138.00,170.00,138.00,170.00,244.00,72.00,244.00
64.00,152.00,169.00,152.00,169.00,257.00,64.00,257.00
54.00,154.00,169.00,154.00,169.00,256.00,54.00,256.00
57.00,144.00,173.00,144.00,173.00,252.00,57.00,252.00
58.00,128.00,168.00,128.00,168.00,232.00,58.00,232.00
69.00,124.00,178.00,124.00,178.00,226.00,69.00,226.00
73.00,112.00,181.00,112.00,181.00,210.00,73.00,210.00
83.00,96.00,192.00,96.00,192.00,194.00,83.00,194.00
93.00,104.00,207.00,104.00,207.00,200.00,93.00,200.00
109.00,97.00,218.00,97.00,218.00,189.00,109.00,189.00
124.00,92.00,230.00,92.00,230.00,182.00,124.00,182.00
133.00,82.00,239.00,82.00,239.00,171.00,133.00,171.00
151.00,89.00,252.00,89.00,252.00,173.00,151.00,173.00
157.00,85.00,261.00,85.00,261.00,171.00,157.00,171.00
174.00,89.00,275.00,89.00,275.00,173.00,174.00,173.00
179.00,88.00,280.00,88.00,280.00,176.00,179.00,176.00
181.00,90.00,281.00,90.00,281.00,180.00,181.00,180.00
181.00,95.00,280.00,95.00,280.00,186.00,181.00,186.00
186.00,105.00,280.00,105.00,280.00,193.00,186.00,193.00
189.00,111.00,283.00,111.00,283.00,200.00,189.00,200.00
193.00,119.00,286.00,119.00,286.00,206.00,193.00,206.00
193.00,123.00,284.00,123.00,284.00,208.00,193.00,208.00
194.00,128.00,284.00,128.00,284.00,212.00,194.00,212.00
195.00,130.00,283.00,130.00,283.00,212.00,195.00,212.00
191.00,134.00,277.00,134.00,277.00,215.00,191.00,215.00
194.00,141.00,275.00,141.00,275.00,222.00,194.00,222.00
195.00,143.00,277.00,143.00,277.00,225.00,195.00,225.00
197.00,152.00,278.00,152.00,278.00,233.00,197.00,233.00
200.00,160.00,281.00,160.00,281.00,240.00,200.00,240.00
202.00,164.00,282.00,164.00,282.00,243.00,202.00,243.00
202.00,168.00,282.00,168.00,282.00,247.00,202.00,247.00
200.00,170.00,281.00,170.00,281.00,249.00,200.00,249.00
200.00,172.00,282.00,172.00,282.00,249.00,200.00,249.00
198.00,175.00,282.00,175.00,282.00,252.00,198.00,252.00
203.00,179.00,287.00,179.00,287.00,255.00,203.00,255.00
203.00,181.00,289.00,181.00,289.00,256.00,203.00,256.00
209.00,186.00,293.00,186.00,293.00,259.00,209.00,259.00
213.00,186.00,296.00,186.00,296.00,259.00,213.00,259.00
209.00,183.00,292.00,183.00,292.00,256.00,209.00,256.00
211.00,183.00,294.00,183.00,294.00,255.00,211.00,255.00
210.00,176.00,295.00,176.00,295.00,250.00,210.00,250.00
212.00,179.00,299.00,179.00,299.00,251.00,212.00,251.00
