1.2357
1.2357
1.2357
1.2357
1.2357
1.2357
1.2357
1.2357
1.2357
1.2357
1.2357
1.2357
1.2357
1.2357
1.2357
1.2357
1.2357
1.2357
1.2357
1.2357
1.2357
1.2357
1.2357
1.2357
1.2357
1.2357
1.2357
1.2357
1.2357
1.2357
1.2357
1.2357
1.2357
1.2357
1.2357
1.2357
1.2357
1.2357
1.2357
1.2357
1.2357
1.2357
1.2357
1.2357
1.2357
1.2357
1.2357
1.2357
1.2357
1.2357
1.2357
1.2357
1.2357
1.2357
1.2357
1.2357
1.2357
1.2357
1.2357
1.2357
1.2357
1.2357
1.2357
1.2357
1.2357
1.2357
1.2357
1.2357
1.2357
1.2357
1.2357
1.2357
1.2357
1.2357
1.2357
1.2357
